0,1,2,3,4,5
1740039180.0,8.31008197009093e-05,0.0001208460142495,7.35026117418585e-05,0.0001003039025495,11624.57404234825
1740039240.0,0.0001003039025495,0.0001082985972914,8.75484291969005e-05,9.22198942462046e-05,6792.0162803478
1740039300.0,9.22198942462046e-05,0.0001010666168713,8.34987142990461e-05,8.34987142990461e-05,4727.14568356752
1740039360.0,8.34987142990461e-05,9.24431701944274e-05,8.19992139425676e-05,8.96467218521971e-05,2289.94908332777
1740039420.0,8.96467218521971e-05,9.53513472253796e-05,8.40548805772716e-05,8.44819463461964e-05,2842.72563289531
1740039480.0,8.44819463461964e-05,8.70508808013656e-05,7.64184744612915e-05,7.8921596989332e-05,2108.05558750689
1740039540.0,7.8921596989332e-05,8.02343775098427e-05,7.16558157902079e-05,7.31686534078268e-05,3221.47947652709
1740039600.0,7.31686534078268e-05,7.31686534078268e-05,6.56210725126031e-05,7.05535575577747e-05,2541.91668037255
1740039660.0,7.05535575577747e-05,7.48412699415038e-05,6.547565049264e-05,7.39353708359752e-05,2552.63736065346
1740039720.0,7.39353708359752e-05,7.415521822148e-05,6.61091929694858e-05,6.66846921542874e-05,949.92663917168
1740039780.0,6.66846921542874e-05,7.09850523670659e-05,6.43528340301232e-05,6.59688199110841e-05,2389.63005695547
1740039840.0,6.59688199110841e-05,6.59688199110841e-05,5.75126329210086e-05,5.9850515809947e-05,1498.79299223677
1740039900.0,5.9850515809947e-05,5.9850515809947e-05,5.27442116733277e-05,5.27442116733277e-05,1251.33280334735
1740039960.0,5.27442116733277e-05,5.31138171487505e-05,5.10677788052487e-05,5.31138171487505e-05,642.43551268416
1740040020.0,5.31138171487505e-05,5.42554139152462e-05,5.31138171487505e-05,5.39299024014349e-05,236.34468578855
1740040080.0,5.39299024014349e-05,8.75868405935178e-05,3.96236368473576e-05,8.05147712320757e-05,9453.61039447992
1740040140.0,8.05147712320757e-05,8.57731474260026e-05,6.93797534476069e-05,7.11786603203701e-05,4298.6448700732
1740040200.0,7.11786603203701e-05,8.67122421787999e-05,6.93552602280636e-05,7.19483732084378e-05,3557.46504569512
1740040260.0,7.19483732084378e-05,7.77526986445033e-05,7.05299558428874e-05,7.3276248267816e-05,1753.77649986727
1740040320.0,7.3276248267816e-05,8.54599716910397e-05,6.9090715725386e-05,7.69729213103633e-05,3818.16584503829
1740040380.0,7.69729213103633e-05,9.56101751155582e-05,7.44104662294749e-05,9.02736738415402e-05,3467.96795279566
1740040440.0,9.02736738415402e-05,9.02736738415402e-05,7.97785340648666e-05,8.4592996494179e-05,2956.39971907837
1740040500.0,8.4592996494179e-05,9.21472778759296e-05,7.56105275954243e-05,7.63658075318573e-05,3224.87257255795
1740040560.0,7.63658075318573e-05,8.7935419041576e-05,7.61932988050979e-05,7.74015100286509e-05,2561.07148352972
1740040620.0,7.74015100286509e-05,8.39150163231089e-05,7.45729124308187e-05,7.52809019598626e-05,1616.57550563376
1740040680.0,7.52809019598626e-05,7.53120524982213e-05,4.29965611264054e-06,4.43315817944339e-06,11329.05686900515
1740040740.0,4.43315817944339e-06,4.6341124961769e-06,4.37676686832242e-06,4.59499644349339e-06,225.01803692775
1740040800.0,4.59499644349339e-06,4.59499644349339e-06,3.91862222306983e-06,3.91862222306983e-06,304.50171674431
1740040860.0,3.91862222306983e-06,3.91862222306983e-06,3.3701033984894e-06,3.66604188547636e-06,373.67201862228
1740040920.0,3.66604188547636e-06,3.752539006168e-06,3.43707401312477e-06,3.43707401312477e-06,305.2542490084
1740040980.0,3.43707401312477e-06,3.43707401312477e-06,3.40582777660099e-06,3.40582777660099e-06,34.358
1740041040.0,3.40582777660099e-06,3.42849554346679e-06,3.40582777660099e-06,3.42849554346679e-06,0.63652133266
1740041100.0,3.42849554346679e-06,3.42849554346679e-06,3.42601893071623e-06,3.42601893071623e-06,1.90470211596
1740041160.0,3.42601893071623e-06,3.42601893071623e-06,3.42601893071623e-06,3.42601893071623e-06,0.0
1740041220.0,3.42601893071623e-06,3.42601893071623e-06,3.20386441163922e-06,3.20386441163922e-06,104.44542018
1740041280.0,3.20386441163922e-06,3.26864054573951e-06,3.20386441163922e-06,3.26864054573951e-06,37.81062996553
1740041340.0,3.26864054573951e-06,3.26864054573951e-06,3.26864054573951e-06,3.26864054573951e-06,0.0
1740041400.0,3.26864054573951e-06,3.26864054573951e-06,3.23199459276689e-06,3.23199459276689e-06,30.21446811474
1740041460.0,3.23199459276689e-06,3.24113837948473e-06,3.19599532322116e-06,3.22498404536105e-06,63.52523093968
1740041520.0,3.22498404536105e-06,3.22498404536105e-06,3.18880960481907e-06,3.18880960481907e-06,3.523292548
1740041580.0,3.18880960481907e-06,3.18880960481907e-06,3.18880960481907e-06,3.18880960481907e-06,0.0
1740041640.0,3.18880960481907e-06,3.18880960481907e-06,3.18641676517337e-06,3.18641676517337e-06,0.14042777688
1740041700.0,3.18641676517337e-06,3.19181824687273e-06,3.18641676517337e-06,3.19181824687273e-06,0.17967813203
1740041760.0,3.19181824687273e-06,3.30105660622049e-06,3.19181824687273e-06,3.2846561538445e-06,176.3192733244
1740041820.0,3.2846561538445e-06,4.62902817887759e-06,3.19060884529397e-06,3.27442388465426e-06,1253.04551067137
1740041880.0,3.27442388465426e-06,3.29108510283556e-06,3.27442388465426e-06,3.29108510283556e-06,3.4472
1740041940.0,3.29108510283556e-06,3.29108510283556e-06,3.29108510283556e-06,3.29108510283556e-06,0.0
1740042000.0,3.29108510283556e-06,3.30267076298418e-06,3.29108510283556e-06,3.29196978552164e-06,10.74987966129
1740042060.0,3.29196978552164e-06,3.29196978552164e-06,3.29196978552164e-06,3.29196978552164e-06,0.0
1740042120.0,3.29196978552164e-06,3.29196978552164e-06,3.29121659313105e-06,3.29121659313105e-06,0.52721063654
1740042180.0,3.29121659313105e-06,3.29121659313105e-06,3.29121659313105e-06,3.29121659313105e-06,0.0
1740042240.0,3.29121659313105e-06,3.29121659313105e-06,3.29121659313105e-06,3.29121659313105e-06,0.0
1740042300.0,3.29121659313105e-06,3.29121659313105e-06,3.29121659313105e-06,3.29121659313105e-06,0.0
1740042360.0,3.29121659313105e-06,3.29121659313105e-06,3.29121659313105e-06,3.29121659313105e-06,0.0
1740042420.0,3.29121659313105e-06,3.29121659313105e-06,3.29121659313105e-06,3.29121659313105e-06,0.0
1740042480.0,3.29121659313105e-06,3.29121659313105e-06,3.29121659313105e-06,3.29121659313105e-06,0.0
1740042540.0,3.29121659313105e-06,3.29121659313105e-06,3.29121659313105e-06,3.29121659313105e-06,0.0
1740042600.0,3.29121659313105e-06,3.47097975167523e-06,3.29121659313105e-06,3.47057770819293e-06,139.64206310481
1740042660.0,3.47057770819293e-06,3.47057770819293e-06,3.47057770819293e-06,3.47057770819293e-06,0.0
1740042720.0,3.47057770819293e-06,3.47057770819293e-06,3.47057770819293e-06,3.47057770819293e-06,0.0
1740042780.0,3.47057770819293e-06,3.47057770819293e-06,3.47057770819293e-06,3.47057770819293e-06,0.0
1740042840.0,3.47057770819293e-06,3.47057770819293e-06,3.42646193899998e-06,3.42646193899998e-06,7.01781356812
1740042900.0,3.42646193899998e-06,3.42646193899998e-06,3.42646193899998e-06,3.42646193899998e-06,0.0
1740042960.0,3.42646193899998e-06,3.42646193899998e-06,3.42646193899998e-06,3.42646193899998e-06,0.0
1740043020.0,3.42646193899998e-06,3.42646193899998e-06,3.42646193899998e-06,3.42646193899998e-06,0.0
1740043080.0,3.42646193899998e-06,3.42646193899998e-06,3.42646193899998e-06,3.42646193899998e-06,0.0
1740043140.0,3.42646193899998e-06,3.42646193899998e-06,3.42646193899998e-06,3.42646193899998e-06,0.0
1740043200.0,3.42646193899998e-06,3.42646193899998e-06,3.42646193899998e-06,3.42646193899998e-06,0.0
1740043260.0,3.42646193899998e-06,3.42646193899998e-06,3.40321500145857e-06,3.40321500145857e-06,4.73797458482
1740043320.0,3.40321500145857e-06,3.40321500145857e-06,3.40321500145857e-06,3.40321500145857e-06,0.0
1740043380.0,3.40321500145857e-06,3.40321500145857e-06,3.40321500145857e-06,3.40321500145857e-06,0.0
1740043440.0,3.40321500145857e-06,3.40321500145857e-06,3.40321500145857e-06,3.40321500145857e-06,0.0
1740043500.0,3.40321500145857e-06,3.40321500145857e-06,3.40321500145857e-06,3.40321500145857e-06,0.0
1740043560.0,3.40321500145857e-06,3.40321500145857e-06,3.40321500145857e-06,3.40321500145857e-06,0.0
1740043620.0,3.40321500145857e-06,3.40321500145857e-06,3.40321500145857e-06,3.40321500145857e-06,0.0
1740043680.0,3.40321500145857e-06,3.40321500145857e-06,3.40321500145857e-06,3.40321500145857e-06,0.0
1740043740.0,3.40321500145857e-06,3.40321500145857e-06,3.40321500145857e-06,3.40321500145857e-06,0.0
1740043800.0,3.40321500145857e-06,3.40321500145857e-06,3.40321500145857e-06,3.40321500145857e-06,0.0
1740043860.0,3.40321500145857e-06,3.40321500145857e-06,3.40321500145857e-06,3.40321500145857e-06,0.0
1740043920.0,3.40321500145857e-06,3.40321500145857e-06,3.40065538082086e-06,3.40065538082086e-06,0.05368966961
1740043980.0,3.40065538082086e-06,3.40065538082086e-06,3.40065538082086e-06,3.40065538082086e-06,0.0
1740044040.0,3.40065538082086e-06,3.40065538082086e-06,3.40065538082086e-06,3.40065538082086e-06,0.0
1740044100.0,3.40065538082086e-06,3.40065538082086e-06,3.24016690882455e-06,3.24016690882455e-06,99.69562289448
1740044160.0,3.24016690882455e-06,3.24016690882455e-06,3.18261152061495e-06,3.18261152061495e-06,7.1318782078
1740044220.0,3.18261152061495e-06,3.23638751049985e-06,3.18261152061495e-06,3.23638751049985e-06,43.0175
1740044280.0,3.23638751049985e-06,3.23638751049985e-06,3.23638751049985e-06,3.23638751049985e-06,0.0
1740044340.0,3.23638751049985e-06,3.23638751049985e-06,3.23638751049985e-06,3.23638751049985e-06,0.0
1740044400.0,3.23638751049985e-06,3.28615432484953e-06,3.23638751049985e-06,3.28615432484953e-06,4.3005
1740044460.0,3.28615432484953e-06,3.28615432484953e-06,3.28615432484953e-06,3.28615432484953e-06,0.0
1740044520.0,3.28615432484953e-06,3.28615432484953e-06,3.28615432484953e-06,3.28615432484953e-06,0.0
1740044580.0,3.28615432484953e-06,3.28615432484953e-06,3.28615432484953e-06,3.28615432484953e-06,0.0
1740044640.0,3.28615432484953e-06,3.28615432484953e-06,3.28615432484953e-06,3.28615432484953e-06,0.0
1740044700.0,3.28615432484953e-06,3.28615432484953e-06,3.28615432484953e-06,3.28615432484953e-06,0.0
1740044760.0,3.28615432484953e-06,3.28615432484953e-06,3.28615432484953e-06,3.28615432484953e-06,0.0
1740044820.0,3.28615432484953e-06,3.28615432484953e-06,3.28615432484953e-06,3.28615432484953e-06,0.0
1740044880.0,3.28615432484953e-06,3.31452552533835e-06,3.28615432484953e-06,3.31452552533835e-06,17.17831
1740044940.0,3.31452552533835e-06,3.31452552533835e-06,3.31452552533835e-06,3.31452552533835e-06,0.0
1740045000.0,3.31452552533835e-06,3.31452552533835e-06,3.31452552533835e-06,3.31452552533835e-06,0.0
1740045060.0,3.31452552533835e-06,3.31452552533835e-06,3.31452552533835e-06,3.31452552533835e-06,0.0
1740045120.0,3.31452552533835e-06,3.31452552533835e-06,3.31452552533835e-06,3.31452552533835e-06,0.0
1740045180.0,3.31452552533835e-06,3.31452552533835e-06,3.31452552533835e-06,3.31452552533835e-06,0.0
1740045240.0,3.31452552533835e-06,3.31452552533835e-06,3.31452552533835e-06,3.31452552533835e-06,0.0
1740045300.0,3.31452552533835e-06,3.31452552533835e-06,3.31452552533835e-06,3.31452552533835e-06,0.0
1740045360.0,3.31452552533835e-06,3.31452552533835e-06,3.31452552533835e-06,3.31452552533835e-06,0.0
1740045420.0,3.31452552533835e-06,3.31452552533835e-06,3.31452552533835e-06,3.31452552533835e-06,0.0
1740045480.0,3.31452552533835e-06,3.44713250602923e-06,3.31452552533835e-06,3.44713250602923e-06,56.793
1740045540.0,3.44713250602923e-06,3.44713250602923e-06,3.44713250602923e-06,3.44713250602923e-06,0.0
1740045600.0,3.44713250602923e-06,3.44713250602923e-06,3.44713250602923e-06,3.44713250602923e-06,0.0
1740045660.0,3.44713250602923e-06,3.44713250602923e-06,3.44713250602923e-06,3.44713250602923e-06,0.0
1740045720.0,3.44713250602923e-06,3.44713250602923e-06,3.44713250602923e-06,3.44713250602923e-06,0.0
1740045780.0,3.44713250602923e-06,3.44713250602923e-06,3.44713250602923e-06,3.44713250602923e-06,0.0
1740045840.0,3.44713250602923e-06,3.44713250602923e-06,3.44713250602923e-06,3.44713250602923e-06,0.0
1740045900.0,3.44713250602923e-06,3.44713250602923e-06,3.44713250602923e-06,3.44713250602923e-06,0.0
1740045960.0,3.44713250602923e-06,3.44713250602923e-06,3.44713250602923e-06,3.44713250602923e-06,0.0
1740046020.0,3.44713250602923e-06,3.44713250602923e-06,3.44713250602923e-06,3.44713250602923e-06,0.0
1740046080.0,3.44713250602923e-06,3.44713250602923e-06,3.44713250602923e-06,3.44713250602923e-06,0.0
1740046140.0,3.44713250602923e-06,3.44713250602923e-06,3.44713250602923e-06,3.44713250602923e-06,0.0
1740046200.0,3.44713250602923e-06,3.44713250602923e-06,3.44713250602923e-06,3.44713250602923e-06,0.0
1740046260.0,3.44713250602923e-06,3.44713250602923e-06,3.44713250602923e-06,3.44713250602923e-06,0.0
1740046320.0,3.44713250602923e-06,3.44713250602923e-06,3.44713250602923e-06,3.44713250602923e-06,0.0
1740046380.0,3.44713250602923e-06,3.44713250602923e-06,3.44713250602923e-06,3.44713250602923e-06,0.0
1740046440.0,3.44713250602923e-06,3.44713250602923e-06,3.44713250602923e-06,3.44713250602923e-06,0.0
1740046500.0,3.44713250602923e-06,3.44713250602923e-06,3.44101481984157e-06,3.44101481984157e-06,1.0411237185
1740046560.0,3.44101481984157e-06,3.44101481984157e-06,3.44101481984157e-06,3.44101481984157e-06,0.0
1740046620.0,3.44101481984157e-06,3.44101481984157e-06,3.44101481984157e-06,3.44101481984157e-06,0.0
1740046680.0,3.44101481984157e-06,3.44101481984157e-06,3.44101481984157e-06,3.44101481984157e-06,0.0
1740046740.0,3.44101481984157e-06,3.44101481984157e-06,3.44101481984157e-06,3.44101481984157e-06,0.0
1740046800.0,3.44101481984157e-06,3.44101481984157e-06,3.44101481984157e-06,3.44101481984157e-06,0.0
1740046860.0,3.44101481984157e-06,3.44371416124727e-06,3.44101481984157e-06,3.44371416124727e-06,1.4134204931
1740046920.0,3.44371416124727e-06,3.44371416124727e-06,3.44371416124727e-06,3.44371416124727e-06,0.0
1740046980.0,3.44371416124727e-06,3.44371416124727e-06,3.44371416124727e-06,3.44371416124727e-06,0.0
1740047040.0,3.44371416124727e-06,3.44371416124727e-06,3.44371416124727e-06,3.44371416124727e-06,0.0
1740047100.0,3.44371416124727e-06,3.44371416124727e-06,3.44371416124727e-06,3.44371416124727e-06,0.0
1740047160.0,3.44371416124727e-06,3.44371416124727e-06,3.44371416124727e-06,3.44371416124727e-06,0.0
1740047220.0,3.44371416124727e-06,3.46518095448708e-06,3.44371416124727e-06,3.46518095448708e-06,0.8504964378
1740047280.0,3.46518095448708e-06,3.46518095448708e-06,3.46518095448708e-06,3.46518095448708e-06,0.0
1740047340.0,3.46518095448708e-06,3.46518095448708e-06,3.46518095448708e-06,3.46518095448708e-06,0.0
1740047400.0,3.46518095448708e-06,3.47479007838783e-06,3.46518095448708e-06,3.47479007838783e-06,8.645
1740047460.0,3.47479007838783e-06,3.47479007838783e-06,3.47479007838783e-06,3.47479007838783e-06,0.0
1740047520.0,3.47479007838783e-06,3.47479007838783e-06,3.47479007838783e-06,3.47479007838783e-06,0.0
1740047580.0,3.47479007838783e-06,3.47479007838783e-06,3.47479007838783e-06,3.47479007838783e-06,0.0
1740047640.0,3.47479007838783e-06,3.47479007838783e-06,3.47479007838783e-06,3.47479007838783e-06,0.0
1740047700.0,3.47479007838783e-06,3.47479007838783e-06,3.47479007838783e-06,3.47479007838783e-06,0.0
1740047760.0,3.47479007838783e-06,3.47479007838783e-06,3.47479007838783e-06,3.47479007838783e-06,0.0
1740047820.0,3.47479007838783e-06,3.47479007838783e-06,3.45377739625072e-06,3.46307110541929e-06,8.47717934224
1740047880.0,3.46307110541929e-06,3.46307110541929e-06,3.46307110541929e-06,3.46307110541929e-06,0.0
1740047940.0,3.46307110541929e-06,3.46307110541929e-06,3.46307110541929e-06,3.46307110541929e-06,0.0
1740048000.0,3.46307110541929e-06,3.46307110541929e-06,3.46307110541929e-06,3.46307110541929e-06,0.0
1740048060.0,3.46307110541929e-06,3.46307110541929e-06,3.46307110541929e-06,3.46307110541929e-06,0.0
1740048120.0,3.46307110541929e-06,3.46307110541929e-06,3.46307110541929e-06,3.46307110541929e-06,0.0
1740048180.0,3.46307110541929e-06,3.46307110541929e-06,3.45179657657011e-06,3.45179657657011e-06,0.84721136672
1740048240.0,3.45179657657011e-06,3.45179657657011e-06,3.45179657657011e-06,3.45179657657011e-06,0.0
1740048300.0,3.45179657657011e-06,3.45179657657011e-06,3.45179657657011e-06,3.45179657657011e-06,0.0
1740048360.0,3.45179657657011e-06,3.45179657657011e-06,3.45179657657011e-06,3.45179657657011e-06,0.0
1740048420.0,3.45179657657011e-06,3.45179657657011e-06,3.45179657657011e-06,3.45179657657011e-06,0.0
1740048480.0,3.45179657657011e-06,3.45179657657011e-06,3.45179657657011e-06,3.45179657657011e-06,0.0
1740048540.0,3.45179657657011e-06,3.45179657657011e-06,3.45179657657011e-06,3.45179657657011e-06,0.0
1740048600.0,3.45179657657011e-06,3.45179657657011e-06,3.45179657657011e-06,3.45179657657011e-06,0.0
1740048660.0,3.45179657657011e-06,3.45179657657011e-06,3.45179657657011e-06,3.45179657657011e-06,0.0
1740048720.0,3.45179657657011e-06,3.45179657657011e-06,3.45179657657011e-06,3.45179657657011e-06,0.0
1740048780.0,3.45179657657011e-06,3.45179657657011e-06,3.45179657657011e-06,3.45179657657011e-06,0.0
1740048840.0,3.45179657657011e-06,3.45179657657011e-06,3.45179657657011e-06,3.45179657657011e-06,0.0
1740048900.0,3.45179657657011e-06,3.45179657657011e-06,3.45179657657011e-06,3.45179657657011e-06,0.0
1740048960.0,3.45179657657011e-06,3.45179657657011e-06,3.45179657657011e-06,3.45179657657011e-06,0.0
1740049020.0,3.45179657657011e-06,3.45179657657011e-06,3.45179657657011e-06,3.45179657657011e-06,0.0
1740049080.0,3.45179657657011e-06,3.45179657657011e-06,3.45179657657011e-06,3.45179657657011e-06,0.0
1740049140.0,3.45179657657011e-06,3.45179657657011e-06,3.45179657657011e-06,3.45179657657011e-06,0.0
1740049200.0,3.45179657657011e-06,3.45179657657011e-06,3.45179657657011e-06,3.45179657657011e-06,0.0
1740049260.0,3.45179657657011e-06,3.45179657657011e-06,3.45179657657011e-06,3.45179657657011e-06,0.0
1740049320.0,3.45179657657011e-06,3.45179657657011e-06,3.45179657657011e-06,3.45179657657011e-06,0.0
1740049380.0,3.45179657657011e-06,3.45179657657011e-06,3.45179657657011e-06,3.45179657657011e-06,0.0
1740049440.0,3.45179657657011e-06,3.45179657657011e-06,3.45179657657011e-06,3.45179657657011e-06,0.0
1740049500.0,3.45179657657011e-06,3.45179657657011e-06,3.45179657657011e-06,3.45179657657011e-06,0.0
1740049560.0,3.45179657657011e-06,3.45179657657011e-06,3.45179657657011e-06,3.45179657657011e-06,0.0
1740049620.0,3.45179657657011e-06,3.45179657657011e-06,3.45179657657011e-06,3.45179657657011e-06,0.0
1740049680.0,3.45179657657011e-06,3.45179657657011e-06,3.45179657657011e-06,3.45179657657011e-06,0.0
1740049740.0,3.45179657657011e-06,3.45179657657011e-06,3.45179657657011e-06,3.45179657657011e-06,0.0
1740049800.0,3.45179657657011e-06,3.45179657657011e-06,3.45179657657011e-06,3.45179657657011e-06,0.0
1740049860.0,3.45179657657011e-06,3.45179657657011e-06,3.45179657657011e-06,3.45179657657011e-06,0.0
1740049920.0,3.45179657657011e-06,3.45179657657011e-06,3.45179657657011e-06,3.45179657657011e-06,0.0
1740049980.0,3.45179657657011e-06,3.45179657657011e-06,3.45179657657011e-06,3.45179657657011e-06,0.0
1740050040.0,3.45179657657011e-06,3.45179657657011e-06,3.45179657657011e-06,3.45179657657011e-06,0.0
1740050100.0,3.45179657657011e-06,3.45179657657011e-06,3.45179657657011e-06,3.45179657657011e-06,0.0
1740050160.0,3.45179657657011e-06,3.45179657657011e-06,3.45179657657011e-06,3.45179657657011e-06,0.0
1740050220.0,3.45179657657011e-06,3.45179657657011e-06,3.45179657657011e-06,3.45179657657011e-06,0.0
1740050280.0,3.45179657657011e-06,3.45179657657011e-06,3.45179657657011e-06,3.45179657657011e-06,0.0
1740050340.0,3.45179657657011e-06,3.45179657657011e-06,3.45179657657011e-06,3.45179657657011e-06,0.0
1740050400.0,3.45179657657011e-06,3.45179657657011e-06,3.45179657657011e-06,3.45179657657011e-06,0.0
1740050460.0,3.45179657657011e-06,3.45179657657011e-06,3.45179657657011e-06,3.45179657657011e-06,0.0
1740050520.0,3.45179657657011e-06,3.45179657657011e-06,3.45179657657011e-06,3.45179657657011e-06,0.0
1740050580.0,3.45179657657011e-06,3.45179657657011e-06,3.45179657657011e-06,3.45179657657011e-06,0.0
1740050640.0,3.45179657657011e-06,3.45179657657011e-06,3.45179657657011e-06,3.45179657657011e-06,0.0
1740050700.0,3.45179657657011e-06,3.45179657657011e-06,3.45179657657011e-06,3.45179657657011e-06,0.0
1740050760.0,3.45179657657011e-06,3.45179657657011e-06,3.45179657657011e-06,3.45179657657011e-06,0.0
1740050820.0,3.45179657657011e-06,3.45179657657011e-06,3.45179657657011e-06,3.45179657657011e-06,0.0
1740050880.0,3.45179657657011e-06,3.45179657657011e-06,3.45179657657011e-06,3.45179657657011e-06,0.0
1740050940.0,3.45179657657011e-06,3.45179657657011e-06,3.45179657657011e-06,3.45179657657011e-06,0.0
1740051000.0,3.45179657657011e-06,3.45179657657011e-06,3.45179657657011e-06,3.45179657657011e-06,0.0
1740051060.0,3.45179657657011e-06,3.45179657657011e-06,3.45179657657011e-06,3.45179657657011e-06,0.0
1740051120.0,3.45179657657011e-06,3.45179657657011e-06,3.45179657657011e-06,3.45179657657011e-06,0.0
1740051180.0,3.45179657657011e-06,3.45179657657011e-06,3.45179657657011e-06,3.45179657657011e-06,0.0
1740051240.0,3.45179657657011e-06,3.45179657657011e-06,3.45179657657011e-06,3.45179657657011e-06,0.0
1740051300.0,3.45179657657011e-06,3.45179657657011e-06,3.45179657657011e-06,3.45179657657011e-06,0.0
1740051360.0,3.45179657657011e-06,3.45179657657011e-06,3.45179657657011e-06,3.45179657657011e-06,0.0
1740051420.0,3.45179657657011e-06,3.45179657657011e-06,3.45179657657011e-06,3.45179657657011e-06,0.0
1740051480.0,3.45179657657011e-06,3.48596884100996e-06,3.45179657657011e-06,3.48596884100996e-06,0.8698
1740051540.0,3.48596884100996e-06,3.48596884100996e-06,3.48596884100996e-06,3.48596884100996e-06,0.0
1740051600.0,3.48596884100996e-06,3.48596884100996e-06,3.48596884100996e-06,3.48596884100996e-06,0.0
1740051660.0,3.48596884100996e-06,3.48596884100996e-06,3.48596884100996e-06,3.48596884100996e-06,0.0
1740051720.0,3.48596884100996e-06,3.48596884100996e-06,3.48596884100996e-06,3.48596884100996e-06,0.0
1740051780.0,3.48596884100996e-06,3.48596884100996e-06,3.48596884100996e-06,3.48596884100996e-06,0.0
1740051840.0,3.48596884100996e-06,3.48596884100996e-06,3.48596884100996e-06,3.48596884100996e-06,0.0
1740051900.0,3.48596884100996e-06,3.48596884100996e-06,3.48596884100996e-06,3.48596884100996e-06,0.0
1740051960.0,3.48596884100996e-06,3.48596884100996e-06,3.48596884100996e-06,3.48596884100996e-06,0.0
1740052020.0,3.48596884100996e-06,3.48596884100996e-06,3.48596884100996e-06,3.48596884100996e-06,0.0
1740052080.0,3.48596884100996e-06,3.48596884100996e-06,3.48596884100996e-06,3.48596884100996e-06,0.0
1740052140.0,3.48596884100996e-06,3.48596884100996e-06,3.48596884100996e-06,3.48596884100996e-06,0.0
1740052200.0,3.48596884100996e-06,3.48596884100996e-06,3.48596884100996e-06,3.48596884100996e-06,0.0
1740052260.0,3.48596884100996e-06,3.48596884100996e-06,3.48596884100996e-06,3.48596884100996e-06,0.0
1740052320.0,3.48596884100996e-06,3.48596884100996e-06,3.48596884100996e-06,3.48596884100996e-06,0.0
1740052380.0,3.48596884100996e-06,3.48596884100996e-06,3.48596884100996e-06,3.48596884100996e-06,0.0
1740052440.0,3.48596884100996e-06,3.48596884100996e-06,3.441178368299e-06,3.441178368299e-06,31.74784115876
1740052500.0,3.441178368299e-06,3.441178368299e-06,3.441178368299e-06,3.441178368299e-06,0.0
1740052560.0,3.441178368299e-06,3.441178368299e-06,3.441178368299e-06,3.441178368299e-06,0.0
1740052620.0,3.441178368299e-06,3.441178368299e-06,3.441178368299e-06,3.441178368299e-06,0.0
1740052680.0,3.441178368299e-06,3.441178368299e-06,3.3983164721911e-06,3.3983164721911e-06,3.43292820952
1740052740.0,3.3983164721911e-06,3.3983164721911e-06,3.3983164721911e-06,3.3983164721911e-06,0.0
1740052800.0,3.3983164721911e-06,3.3983164721911e-06,3.3983164721911e-06,3.3983164721911e-06,0.0
1740052860.0,3.3983164721911e-06,3.3983164721911e-06,3.3983164721911e-06,3.3983164721911e-06,0.0
1740052920.0,3.3983164721911e-06,3.3983164721911e-06,3.3983164721911e-06,3.3983164721911e-06,0.0
1740052980.0,3.3983164721911e-06,3.3983164721911e-06,3.3983164721911e-06,3.3983164721911e-06,0.0
1740053040.0,3.3983164721911e-06,3.3983164721911e-06,3.3983164721911e-06,3.3983164721911e-06,0.0
1740053100.0,3.3983164721911e-06,3.3983164721911e-06,3.3983164721911e-06,3.3983164721911e-06,0.0
1740053160.0,3.3983164721911e-06,3.3983164721911e-06,3.3983164721911e-06,3.3983164721911e-06,0.0
1740053220.0,3.3983164721911e-06,3.3983164721911e-06,3.3983164721911e-06,3.3983164721911e-06,0.0
1740053280.0,3.3983164721911e-06,3.3983164721911e-06,3.3983164721911e-06,3.3983164721911e-06,0.0
1740053340.0,3.3983164721911e-06,3.3983164721911e-06,3.3983164721911e-06,3.3983164721911e-06,0.0
1740053400.0,3.3983164721911e-06,3.3983164721911e-06,3.3983164721911e-06,3.3983164721911e-06,0.0
1740053460.0,3.3983164721911e-06,3.3983164721911e-06,3.3983164721911e-06,3.3983164721911e-06,0.0
1740053520.0,3.3983164721911e-06,3.3983164721911e-06,3.3983164721911e-06,3.3983164721911e-06,0.0
1740053580.0,3.3983164721911e-06,3.3983164721911e-06,3.3983164721911e-06,3.3983164721911e-06,0.0
1740053640.0,3.3983164721911e-06,3.3983164721911e-06,3.3983164721911e-06,3.3983164721911e-06,0.0
1740053700.0,3.3983164721911e-06,3.3983164721911e-06,3.3983164721911e-06,3.3983164721911e-06,0.0
1740053760.0,3.3983164721911e-06,3.3983164721911e-06,3.3983164721911e-06,3.3983164721911e-06,0.0
1740053820.0,3.3983164721911e-06,3.3983164721911e-06,3.3983164721911e-06,3.3983164721911e-06,0.0
1740053880.0,3.3983164721911e-06,3.3983164721911e-06,3.3983164721911e-06,3.3983164721911e-06,0.0
1740053940.0,3.3983164721911e-06,3.3983164721911e-06,3.3983164721911e-06,3.3983164721911e-06,0.0
1740054000.0,3.3983164721911e-06,3.3983164721911e-06,3.3983164721911e-06,3.3983164721911e-06,0.0
1740054060.0,3.3983164721911e-06,3.3983164721911e-06,3.3983164721911e-06,3.3983164721911e-06,0.0
1740054120.0,3.3983164721911e-06,3.3983164721911e-06,3.3983164721911e-06,3.3983164721911e-06,0.0
1740054180.0,3.3983164721911e-06,3.3983164721911e-06,3.3983164721911e-06,3.3983164721911e-06,0.0
1740054240.0,3.3983164721911e-06,3.3983164721911e-06,3.3983164721911e-06,3.3983164721911e-06,0.0
1740054300.0,3.3983164721911e-06,3.3983164721911e-06,3.3983164721911e-06,3.3983164721911e-06,0.0
1740054360.0,3.3983164721911e-06,3.3983164721911e-06,3.3983164721911e-06,3.3983164721911e-06,0.0
1740054420.0,3.3983164721911e-06,3.3983164721911e-06,3.3983164721911e-06,3.3983164721911e-06,0.0
1740054480.0,3.3983164721911e-06,3.3983164721911e-06,3.3983164721911e-06,3.3983164721911e-06,0.0
1740054540.0,3.3983164721911e-06,3.3983164721911e-06,3.3983164721911e-06,3.3983164721911e-06,0.0
1740054600.0,3.3983164721911e-06,3.3983164721911e-06,3.3983164721911e-06,3.3983164721911e-06,0.0
1740054660.0,3.3983164721911e-06,3.3983164721911e-06,3.3983164721911e-06,3.3983164721911e-06,0.0
1740054720.0,3.3983164721911e-06,3.3983164721911e-06,3.3983164721911e-06,3.3983164721911e-06,0.0
1740054780.0,3.3983164721911e-06,3.3983164721911e-06,3.3977141010878e-06,3.3977141010878e-06,0.54251981322
1740054840.0,3.3977141010878e-06,3.3977141010878e-06,3.3977141010878e-06,3.3977141010878e-06,0.0
1740054900.0,3.3977141010878e-06,3.3977141010878e-06,3.3977141010878e-06,3.3977141010878e-06,0.0
1740054960.0,3.3977141010878e-06,3.3977141010878e-06,3.3977141010878e-06,3.3977141010878e-06,0.0
1740055020.0,3.3977141010878e-06,3.3977141010878e-06,3.3977141010878e-06,3.3977141010878e-06,0.0
1740055080.0,3.3977141010878e-06,3.3977141010878e-06,3.3977141010878e-06,3.3977141010878e-06,0.0
1740055140.0,3.3977141010878e-06,3.3977141010878e-06,3.3977141010878e-06,3.3977141010878e-06,0.0
1740055200.0,3.3977141010878e-06,3.3977141010878e-06,3.3977141010878e-06,3.3977141010878e-06,0.0
1740055260.0,3.3977141010878e-06,3.3977141010878e-06,3.3977141010878e-06,3.3977141010878e-06,0.0
1740055320.0,3.3977141010878e-06,3.3977141010878e-06,3.3977141010878e-06,3.3977141010878e-06,0.0
1740055380.0,3.3977141010878e-06,3.3977141010878e-06,3.3977141010878e-06,3.3977141010878e-06,0.0
1740055440.0,3.3977141010878e-06,3.3977141010878e-06,3.3977141010878e-06,3.3977141010878e-06,0.0
1740055500.0,3.3977141010878e-06,3.3977141010878e-06,3.3977141010878e-06,3.3977141010878e-06,0.0
1740055560.0,3.3977141010878e-06,3.3977141010878e-06,3.3977141010878e-06,3.3977141010878e-06,0.0
1740055620.0,3.3977141010878e-06,3.3977141010878e-06,3.3977141010878e-06,3.3977141010878e-06,0.0
1740055680.0,3.3977141010878e-06,3.3977141010878e-06,3.3977141010878e-06,3.3977141010878e-06,0.0
1740055740.0,3.3977141010878e-06,3.3977141010878e-06,3.3977141010878e-06,3.3977141010878e-06,0.0
1740055800.0,3.3977141010878e-06,3.3977141010878e-06,3.3977141010878e-06,3.3977141010878e-06,0.0
1740055860.0,3.3977141010878e-06,3.3977141010878e-06,3.3977141010878e-06,3.3977141010878e-06,0.0
1740055920.0,3.3977141010878e-06,3.3977141010878e-06,3.3977141010878e-06,3.3977141010878e-06,0.0
1740055980.0,3.3977141010878e-06,3.3977141010878e-06,3.3977141010878e-06,3.3977141010878e-06,0.0
1740056040.0,3.3977141010878e-06,3.3977141010878e-06,3.3977141010878e-06,3.3977141010878e-06,0.0
1740056100.0,3.3977141010878e-06,3.3977141010878e-06,3.3977141010878e-06,3.3977141010878e-06,0.0
1740056160.0,3.3977141010878e-06,3.3977141010878e-06,3.3977141010878e-06,3.3977141010878e-06,0.0
1740056220.0,3.3977141010878e-06,3.3977141010878e-06,3.3977141010878e-06,3.3977141010878e-06,0.0
1740056280.0,3.3977141010878e-06,3.3977141010878e-06,3.3977141010878e-06,3.3977141010878e-06,0.0
1740056340.0,3.3977141010878e-06,3.3977141010878e-06,3.3977141010878e-06,3.3977141010878e-06,0.0
1740056400.0,3.3977141010878e-06,3.3977141010878e-06,3.3977141010878e-06,3.3977141010878e-06,0.0
1740056460.0,3.3977141010878e-06,3.3977141010878e-06,3.3977141010878e-06,3.3977141010878e-06,0.0
1740056520.0,3.3977141010878e-06,3.3977141010878e-06,3.3977141010878e-06,3.3977141010878e-06,0.0
1740056580.0,3.3977141010878e-06,3.3977141010878e-06,3.3977141010878e-06,3.3977141010878e-06,0.0
1740056640.0,3.3977141010878e-06,3.3977141010878e-06,3.3977141010878e-06,3.3977141010878e-06,0.0
1740056700.0,3.3977141010878e-06,3.3977141010878e-06,3.3977141010878e-06,3.3977141010878e-06,0.0
1740056760.0,3.3977141010878e-06,3.3977141010878e-06,3.3977141010878e-06,3.3977141010878e-06,0.0
1740056820.0,3.3977141010878e-06,3.3977141010878e-06,3.3977141010878e-06,3.3977141010878e-06,0.0
1740056880.0,3.3977141010878e-06,3.3977141010878e-06,3.3977141010878e-06,3.3977141010878e-06,0.0
1740056940.0,3.3977141010878e-06,3.3977141010878e-06,3.3977141010878e-06,3.3977141010878e-06,0.0
1740057000.0,3.3977141010878e-06,3.3977141010878e-06,3.3977141010878e-06,3.3977141010878e-06,0.0
1740057060.0,3.3977141010878e-06,3.3977141010878e-06,3.3977141010878e-06,3.3977141010878e-06,0.0
1740057120.0,3.3977141010878e-06,3.3977141010878e-06,3.3977141010878e-06,3.3977141010878e-06,0.0
1740057180.0,3.3977141010878e-06,3.3977141010878e-06,3.3977141010878e-06,3.3977141010878e-06,0.0
1740057240.0,3.3977141010878e-06,3.3977141010878e-06,3.3977141010878e-06,3.3977141010878e-06,0.0
1740057300.0,3.3977141010878e-06,3.3977141010878e-06,3.3977141010878e-06,3.3977141010878e-06,0.0
1740057360.0,3.3977141010878e-06,3.3977141010878e-06,3.3977141010878e-06,3.3977141010878e-06,0.0
1740057420.0,3.3977141010878e-06,3.3977141010878e-06,3.3977141010878e-06,3.3977141010878e-06,0.0
1740057480.0,3.3977141010878e-06,3.3977141010878e-06,3.3977141010878e-06,3.3977141010878e-06,0.0
1740057540.0,3.3977141010878e-06,3.3977141010878e-06,3.3977141010878e-06,3.3977141010878e-06,0.0
1740057600.0,3.3977141010878e-06,3.3977141010878e-06,3.3977141010878e-06,3.3977141010878e-06,0.0
1740057660.0,3.3977141010878e-06,3.3977141010878e-06,3.3977141010878e-06,3.3977141010878e-06,0.0
1740057720.0,3.3977141010878e-06,3.3977141010878e-06,3.3977141010878e-06,3.3977141010878e-06,0.0
1740057780.0,3.3977141010878e-06,3.3977141010878e-06,3.3977141010878e-06,3.3977141010878e-06,0.0
1740057840.0,3.3977141010878e-06,3.3977141010878e-06,3.3977141010878e-06,3.3977141010878e-06,0.0
1740057900.0,3.3977141010878e-06,3.3977141010878e-06,3.3977141010878e-06,3.3977141010878e-06,0.0
1740057960.0,3.3977141010878e-06,3.3977141010878e-06,3.3977141010878e-06,3.3977141010878e-06,0.0
1740058020.0,3.3977141010878e-06,3.3977141010878e-06,3.3977141010878e-06,3.3977141010878e-06,0.0
1740058080.0,3.3977141010878e-06,3.3977141010878e-06,3.3977141010878e-06,3.3977141010878e-06,0.0
1740058140.0,3.3977141010878e-06,3.3977141010878e-06,3.3977141010878e-06,3.3977141010878e-06,0.0
1740058200.0,3.3977141010878e-06,3.3977141010878e-06,3.3977141010878e-06,3.3977141010878e-06,0.0
1740058260.0,3.3977141010878e-06,3.3977141010878e-06,3.3977141010878e-06,3.3977141010878e-06,0.0
1740058320.0,3.3977141010878e-06,3.3977141010878e-06,3.3977141010878e-06,3.3977141010878e-06,0.0
1740058380.0,3.3977141010878e-06,3.3977141010878e-06,3.3977141010878e-06,3.3977141010878e-06,0.0
1740058440.0,3.3977141010878e-06,3.3977141010878e-06,3.3977141010878e-06,3.3977141010878e-06,0.0
1740058500.0,3.3977141010878e-06,3.3977141010878e-06,3.3977141010878e-06,3.3977141010878e-06,0.0
1740058560.0,3.3977141010878e-06,3.3977141010878e-06,3.3977141010878e-06,3.3977141010878e-06,0.0
1740058620.0,3.3977141010878e-06,3.3977141010878e-06,3.3977141010878e-06,3.3977141010878e-06,0.0
1740058680.0,3.3977141010878e-06,3.3977141010878e-06,3.3977141010878e-06,3.3977141010878e-06,0.0
1740058740.0,3.3977141010878e-06,3.3977141010878e-06,3.3977141010878e-06,3.3977141010878e-06,0.0
1740058800.0,3.3977141010878e-06,3.3977141010878e-06,3.3977141010878e-06,3.3977141010878e-06,0.0
1740058860.0,3.3977141010878e-06,3.3977141010878e-06,3.3977141010878e-06,3.3977141010878e-06,0.0
1740058920.0,3.3977141010878e-06,3.3977141010878e-06,3.3977141010878e-06,3.3977141010878e-06,0.0
1740058980.0,3.3977141010878e-06,3.3977141010878e-06,3.3977141010878e-06,3.3977141010878e-06,0.0
1740059040.0,3.3977141010878e-06,3.3977141010878e-06,3.3977141010878e-06,3.3977141010878e-06,0.0
1740059100.0,3.3977141010878e-06,3.3977141010878e-06,3.3977141010878e-06,3.3977141010878e-06,0.0
1740059160.0,3.3977141010878e-06,3.3977141010878e-06,3.3977141010878e-06,3.3977141010878e-06,0.0
1740059220.0,3.3977141010878e-06,3.3977141010878e-06,3.3977141010878e-06,3.3977141010878e-06,0.0
1740059280.0,3.3977141010878e-06,3.3977141010878e-06,3.3977141010878e-06,3.3977141010878e-06,0.0
1740059340.0,3.3977141010878e-06,3.3977141010878e-06,3.3977141010878e-06,3.3977141010878e-06,0.0
1740059400.0,3.3977141010878e-06,3.3977141010878e-06,3.3977141010878e-06,3.3977141010878e-06,0.0
1740059460.0,3.3977141010878e-06,3.3977141010878e-06,3.3977141010878e-06,3.3977141010878e-06,0.0
1740059520.0,3.3977141010878e-06,3.3977141010878e-06,3.3977141010878e-06,3.3977141010878e-06,0.0
1740059580.0,3.3977141010878e-06,3.3977141010878e-06,3.3977141010878e-06,3.3977141010878e-06,0.0
1740059640.0,3.3977141010878e-06,3.3977141010878e-06,3.3977141010878e-06,3.3977141010878e-06,0.0
1740059700.0,3.3977141010878e-06,3.3977141010878e-06,3.3977141010878e-06,3.3977141010878e-06,0.0
1740059760.0,3.3977141010878e-06,3.3977141010878e-06,3.3977141010878e-06,3.3977141010878e-06,0.0
1740059820.0,3.3977141010878e-06,3.3977141010878e-06,3.3977141010878e-06,3.3977141010878e-06,0.0
1740059880.0,3.3977141010878e-06,3.3977141010878e-06,3.3977141010878e-06,3.3977141010878e-06,0.0
1740059940.0,3.3977141010878e-06,3.3977141010878e-06,3.3977141010878e-06,3.3977141010878e-06,0.0
1740060000.0,3.3977141010878e-06,3.3977141010878e-06,3.3977141010878e-06,3.3977141010878e-06,0.0
1740060060.0,3.3977141010878e-06,3.3977141010878e-06,3.3977141010878e-06,3.3977141010878e-06,0.0
1740060120.0,3.3977141010878e-06,3.3977141010878e-06,3.3977141010878e-06,3.3977141010878e-06,0.0
1740060180.0,3.3977141010878e-06,3.3977141010878e-06,3.3977141010878e-06,3.3977141010878e-06,0.0
1740060240.0,3.3977141010878e-06,3.3977141010878e-06,3.3977141010878e-06,3.3977141010878e-06,0.0
1740060300.0,3.3977141010878e-06,3.3977141010878e-06,3.3977141010878e-06,3.3977141010878e-06,0.0
1740060360.0,3.3977141010878e-06,3.3977141010878e-06,3.3977141010878e-06,3.3977141010878e-06,0.0
1740060420.0,3.3977141010878e-06,3.3977141010878e-06,3.3977141010878e-06,3.3977141010878e-06,0.0
1740060480.0,3.3977141010878e-06,3.3977141010878e-06,3.3977141010878e-06,3.3977141010878e-06,0.0
1740060540.0,3.3977141010878e-06,3.3977141010878e-06,3.3977141010878e-06,3.3977141010878e-06,0.0
1740060600.0,3.3977141010878e-06,3.3977141010878e-06,3.3977141010878e-06,3.3977141010878e-06,0.0
1740060660.0,3.3977141010878e-06,3.3977141010878e-06,3.3977141010878e-06,3.3977141010878e-06,0.0
1740060720.0,3.3977141010878e-06,3.3977141010878e-06,3.3977141010878e-06,3.3977141010878e-06,0.0
1740060780.0,3.3977141010878e-06,3.3977141010878e-06,3.3977141010878e-06,3.3977141010878e-06,0.0
1740060840.0,3.3977141010878e-06,3.3977141010878e-06,3.3977141010878e-06,3.3977141010878e-06,0.0
1740060900.0,3.3977141010878e-06,3.41870457476466e-06,3.3977141010878e-06,3.41870457476466e-06,0.0070626952
1740060960.0,3.41870457476466e-06,3.41870457476466e-06,3.41870457476466e-06,3.41870457476466e-06,0.0
1740061020.0,3.41870457476466e-06,3.41870457476466e-06,3.41505552502417e-06,3.41505552502417e-06,0.17344921228
1740061080.0,3.41505552502417e-06,3.41505552502417e-06,3.41505552502417e-06,3.41505552502417e-06,0.0
1740061140.0,3.41505552502417e-06,3.41505552502417e-06,3.41505552502417e-06,3.41505552502417e-06,0.0
1740061200.0,3.41505552502417e-06,3.41505552502417e-06,3.41505552502417e-06,3.41505552502417e-06,0.0
1740061260.0,3.41505552502417e-06,3.41505552502417e-06,3.41505552502417e-06,3.41505552502417e-06,0.0
1740061320.0,3.41505552502417e-06,3.41505552502417e-06,3.41505552502417e-06,3.41505552502417e-06,0.0
1740061380.0,3.41505552502417e-06,3.41505552502417e-06,3.41505552502417e-06,3.41505552502417e-06,0.0
1740061440.0,3.41505552502417e-06,3.41505552502417e-06,3.41505552502417e-06,3.41505552502417e-06,0.0
1740061500.0,3.41505552502417e-06,3.41623906376877e-06,3.41505552502417e-06,3.41623906376877e-06,0.17343695564
1740061560.0,3.41623906376877e-06,3.41623906376877e-06,3.41623906376877e-06,3.41623906376877e-06,0.0
1740061620.0,3.41623906376877e-06,3.41623906376877e-06,3.41623906376877e-06,3.41623906376877e-06,0.0
1740061680.0,3.41623906376877e-06,3.41623906376877e-06,3.41623906376877e-06,3.41623906376877e-06,0.0
1740061740.0,3.41623906376877e-06,3.41623906376877e-06,3.41623906376877e-06,3.41623906376877e-06,0.0
1740061800.0,3.41623906376877e-06,3.41623906376877e-06,3.41623906376877e-06,3.41623906376877e-06,0.0
1740061860.0,3.41623906376877e-06,3.41623906376877e-06,3.41623906376877e-06,3.41623906376877e-06,0.0
1740061920.0,3.41623906376877e-06,3.41623906376877e-06,3.41623906376877e-06,3.41623906376877e-06,0.0
1740061980.0,3.41623906376877e-06,3.41623906376877e-06,3.41623906376877e-06,3.41623906376877e-06,0.0
1740062040.0,3.41623906376877e-06,3.41623906376877e-06,3.41623906376877e-06,3.41623906376877e-06,0.0
1740062100.0,3.41623906376877e-06,3.41623906376877e-06,3.41623906376877e-06,3.41623906376877e-06,0.0
1740062160.0,3.41623906376877e-06,3.41623906376877e-06,3.41623906376877e-06,3.41623906376877e-06,0.0
1740062220.0,3.41623906376877e-06,3.41623906376877e-06,3.41623906376877e-06,3.41623906376877e-06,0.0
1740062280.0,3.41623906376877e-06,3.41623906376877e-06,3.41623906376877e-06,3.41623906376877e-06,0.0
1740062340.0,3.41623906376877e-06,3.41623906376877e-06,3.41623906376877e-06,3.41623906376877e-06,0.0
1740062400.0,3.41623906376877e-06,3.44359972396612e-06,3.41623906376877e-06,3.44359972396612e-06,0.017577
1740062460.0,3.44359972396612e-06,3.44359972396612e-06,3.44359972396612e-06,3.44359972396612e-06,0.0
1740062520.0,3.44359972396612e-06,3.44359972396612e-06,3.44359972396612e-06,3.44359972396612e-06,0.0
1740062580.0,3.44359972396612e-06,3.44359972396612e-06,3.44359972396612e-06,3.44359972396612e-06,0.0
1740062640.0,3.44359972396612e-06,3.44359972396612e-06,3.44359972396612e-06,3.44359972396612e-06,0.0
1740062700.0,3.44359972396612e-06,3.44359972396612e-06,3.44359972396612e-06,3.44359972396612e-06,0.0
1740062760.0,3.44359972396612e-06,3.44359972396612e-06,3.44359972396612e-06,3.44359972396612e-06,0.0
1740062820.0,3.44359972396612e-06,3.44359972396612e-06,3.44359972396612e-06,3.44359972396612e-06,0.0
1740062880.0,3.44359972396612e-06,3.44359972396612e-06,3.44359972396612e-06,3.44359972396612e-06,0.0
1740062940.0,3.44359972396612e-06,3.44359972396612e-06,3.44359972396612e-06,3.44359972396612e-06,0.0
1740063000.0,3.44359972396612e-06,3.44359972396612e-06,3.44359972396612e-06,3.44359972396612e-06,0.0
1740063060.0,3.44359972396612e-06,3.44359972396612e-06,3.44359972396612e-06,3.44359972396612e-06,0.0
1740063120.0,3.44359972396612e-06,3.44359972396612e-06,3.44359972396612e-06,3.44359972396612e-06,0.0
1740063180.0,3.44359972396612e-06,3.44359972396612e-06,3.44359972396612e-06,3.44359972396612e-06,0.0
1740063240.0,3.44359972396612e-06,3.44359972396612e-06,3.44359972396612e-06,3.44359972396612e-06,0.0
1740063300.0,3.44359972396612e-06,3.44359972396612e-06,3.44359972396612e-06,3.44359972396612e-06,0.0
1740063360.0,3.44359972396612e-06,3.44359972396612e-06,3.44359972396612e-06,3.44359972396612e-06,0.0
1740063420.0,3.44359972396612e-06,3.44359972396612e-06,3.44359972396612e-06,3.44359972396612e-06,0.0
1740063480.0,3.44359972396612e-06,3.44359972396612e-06,3.44359972396612e-06,3.44359972396612e-06,0.0
1740063540.0,3.44359972396612e-06,3.44359972396612e-06,3.44359972396612e-06,3.44359972396612e-06,0.0
1740063600.0,3.44359972396612e-06,3.44359972396612e-06,3.38505860596653e-06,3.38505860596653e-06,0.017278
1740063660.0,3.38505860596653e-06,3.38505860596653e-06,3.38505860596653e-06,3.38505860596653e-06,0.0
1740063720.0,3.38505860596653e-06,3.38505860596653e-06,3.38505860596653e-06,3.38505860596653e-06,0.0
1740063780.0,3.38505860596653e-06,3.38505860596653e-06,3.38505860596653e-06,3.38505860596653e-06,0.0
1740063840.0,3.38505860596653e-06,3.38505860596653e-06,3.38505860596653e-06,3.38505860596653e-06,0.0
1740063900.0,3.38505860596653e-06,3.38505860596653e-06,3.38505860596653e-06,3.38505860596653e-06,0.0
1740063960.0,3.38505860596653e-06,3.38505860596653e-06,3.38505860596653e-06,3.38505860596653e-06,0.0
1740064020.0,3.38505860596653e-06,3.38505860596653e-06,3.38505860596653e-06,3.38505860596653e-06,0.0
1740064080.0,3.38505860596653e-06,3.38505860596653e-06,3.38505860596653e-06,3.38505860596653e-06,0.0
1740064140.0,3.38505860596653e-06,3.38505860596653e-06,3.38505860596653e-06,3.38505860596653e-06,0.0
1740064200.0,3.38505860596653e-06,3.38505860596653e-06,3.38505860596653e-06,3.38505860596653e-06,0.0
1740064260.0,3.38505860596653e-06,3.38505860596653e-06,3.38505860596653e-06,3.38505860596653e-06,0.0
1740064320.0,3.38505860596653e-06,3.38505860596653e-06,3.38505860596653e-06,3.38505860596653e-06,0.0
1740064380.0,3.38505860596653e-06,3.38505860596653e-06,3.38505860596653e-06,3.38505860596653e-06,0.0
1740064440.0,3.38505860596653e-06,3.38505860596653e-06,3.38505860596653e-06,3.38505860596653e-06,0.0
1740064500.0,3.38505860596653e-06,3.38505860596653e-06,3.38505860596653e-06,3.38505860596653e-06,0.0
1740064560.0,3.38505860596653e-06,3.38505860596653e-06,3.38505860596653e-06,3.38505860596653e-06,0.0
1740064620.0,3.38505860596653e-06,3.38505860596653e-06,3.38505860596653e-06,3.38505860596653e-06,0.0
1740064680.0,3.38505860596653e-06,3.38505860596653e-06,3.38505860596653e-06,3.38505860596653e-06,0.0
1740064740.0,3.38505860596653e-06,3.38505860596653e-06,3.38505860596653e-06,3.38505860596653e-06,0.0
1740064800.0,3.38505860596653e-06,3.38505860596653e-06,3.38505860596653e-06,3.38505860596653e-06,0.0
1740064860.0,3.38505860596653e-06,3.38505860596653e-06,3.38505860596653e-06,3.38505860596653e-06,0.0
1740064920.0,3.38505860596653e-06,3.38505860596653e-06,3.38505860596653e-06,3.38505860596653e-06,0.0
1740064980.0,3.38505860596653e-06,3.39058184757677e-06,3.38505860596653e-06,3.39058184757677e-06,0.017306
1740065040.0,3.39058184757677e-06,3.39058184757677e-06,3.39058184757677e-06,3.39058184757677e-06,0.0
1740065100.0,3.39058184757677e-06,3.39058184757677e-06,3.39058184757677e-06,3.39058184757677e-06,0.0
1740065160.0,3.39058184757677e-06,3.39058184757677e-06,3.39058184757677e-06,3.39058184757677e-06,0.0
1740065220.0,3.39058184757677e-06,3.39058184757677e-06,3.38356622776256e-06,3.38356622776256e-06,0.01727
1740065280.0,3.38356622776256e-06,3.38356622776256e-06,3.38356622776256e-06,3.38356622776256e-06,0.0
1740065340.0,3.38356622776256e-06,3.38356622776256e-06,3.38356622776256e-06,3.38356622776256e-06,0.0
1740065400.0,3.38356622776256e-06,3.38356622776256e-06,3.38356622776256e-06,3.38356622776256e-06,0.0
1740065460.0,3.38356622776256e-06,3.38356622776256e-06,3.38356622776256e-06,3.38356622776256e-06,0.0
1740065520.0,3.38356622776256e-06,3.38356622776256e-06,3.38356622776256e-06,3.38356622776256e-06,0.0
1740065580.0,3.38356622776256e-06,3.38356622776256e-06,3.38356622776256e-06,3.38356622776256e-06,0.0
1740065640.0,3.38356622776256e-06,3.38356622776256e-06,3.38356622776256e-06,3.38356622776256e-06,0.0
1740065700.0,3.38356622776256e-06,3.38356622776256e-06,3.38356622776256e-06,3.38356622776256e-06,0.0
1740065760.0,3.38356622776256e-06,3.38356622776256e-06,3.38356622776256e-06,3.38356622776256e-06,0.0
1740065820.0,3.38356622776256e-06,3.38356622776256e-06,3.38356622776256e-06,3.38356622776256e-06,0.0
1740065880.0,3.38356622776256e-06,3.38356622776256e-06,3.38356622776256e-06,3.38356622776256e-06,0.0
1740065940.0,3.38356622776256e-06,3.38356622776256e-06,3.38356622776256e-06,3.38356622776256e-06,0.0
1740066000.0,3.38356622776256e-06,3.38356622776256e-06,3.38356622776256e-06,3.38356622776256e-06,0.0
1740066060.0,3.38356622776256e-06,3.38356622776256e-06,3.38356622776256e-06,3.38356622776256e-06,0.0
1740066120.0,3.38356622776256e-06,3.38356622776256e-06,3.38356622776256e-06,3.38356622776256e-06,0.0
1740066180.0,3.38356622776256e-06,3.38356622776256e-06,3.38356622776256e-06,3.38356622776256e-06,0.0
1740066240.0,3.38356622776256e-06,3.38356622776256e-06,3.38356622776256e-06,3.38356622776256e-06,0.0
1740066300.0,3.38356622776256e-06,3.38356622776256e-06,3.38356622776256e-06,3.38356622776256e-06,0.0
1740066360.0,3.38356622776256e-06,3.38356622776256e-06,3.38356622776256e-06,3.38356622776256e-06,0.0
1740066420.0,3.38356622776256e-06,3.38356622776256e-06,3.38356622776256e-06,3.38356622776256e-06,0.0
1740066480.0,3.38356622776256e-06,3.38356622776256e-06,3.38356622776256e-06,3.38356622776256e-06,0.0
1740066540.0,3.38356622776256e-06,3.38356622776256e-06,3.38356622776256e-06,3.38356622776256e-06,0.0
1740066600.0,3.38356622776256e-06,3.38356622776256e-06,3.38356622776256e-06,3.38356622776256e-06,0.0
1740066660.0,3.38356622776256e-06,3.38356622776256e-06,3.38356622776256e-06,3.38356622776256e-06,0.0
1740066720.0,3.38356622776256e-06,3.38356622776256e-06,3.38356622776256e-06,3.38356622776256e-06,0.0
1740066780.0,3.38356622776256e-06,3.38356622776256e-06,3.38356622776256e-06,3.38356622776256e-06,0.0
1740066840.0,3.38356622776256e-06,3.38356622776256e-06,3.38356622776256e-06,3.38356622776256e-06,0.0
1740066900.0,3.38356622776256e-06,3.38356622776256e-06,3.38356622776256e-06,3.38356622776256e-06,0.0
1740066960.0,3.38356622776256e-06,3.38356622776256e-06,3.38356622776256e-06,3.38356622776256e-06,0.0
1740067020.0,3.38356622776256e-06,3.38356622776256e-06,3.38356622776256e-06,3.38356622776256e-06,0.0
1740067080.0,3.38356622776256e-06,3.38356622776256e-06,3.38356622776256e-06,3.38356622776256e-06,0.0
1740067140.0,3.38356622776256e-06,3.38356622776256e-06,3.38356622776256e-06,3.38356622776256e-06,0.0
1740067200.0,3.38356622776256e-06,3.38356622776256e-06,3.38356622776256e-06,3.38356622776256e-06,0.0
1740067260.0,3.38356622776256e-06,3.38356622776256e-06,3.38356622776256e-06,3.38356622776256e-06,0.0
1740067320.0,3.38356622776256e-06,3.38356622776256e-06,3.38356622776256e-06,3.38356622776256e-06,0.0
1740067380.0,3.38356622776256e-06,3.38356622776256e-06,3.38356622776256e-06,3.38356622776256e-06,0.0
1740067440.0,3.38356622776256e-06,3.38356622776256e-06,3.38356622776256e-06,3.38356622776256e-06,0.0
1740067500.0,3.38356622776256e-06,3.38356622776256e-06,3.38356622776256e-06,3.38356622776256e-06,0.0
1740067560.0,3.38356622776256e-06,3.38356622776256e-06,3.38356622776256e-06,3.38356622776256e-06,0.0
1740067620.0,3.38356622776256e-06,3.38356622776256e-06,3.38356622776256e-06,3.38356622776256e-06,0.0
1740067680.0,3.38356622776256e-06,3.38356622776256e-06,3.38356622776256e-06,3.38356622776256e-06,0.0
1740067740.0,3.38356622776256e-06,3.38356622776256e-06,3.38356622776256e-06,3.38356622776256e-06,0.0
1740067800.0,3.38356622776256e-06,3.38356622776256e-06,3.38356622776256e-06,3.38356622776256e-06,0.0
1740067860.0,3.38356622776256e-06,3.38356622776256e-06,3.38356622776256e-06,3.38356622776256e-06,0.0
1740067920.0,3.38356622776256e-06,3.38356622776256e-06,3.38356622776256e-06,3.38356622776256e-06,0.0
1740067980.0,3.38356622776256e-06,3.38356622776256e-06,3.38356622776256e-06,3.38356622776256e-06,0.0
1740068040.0,3.38356622776256e-06,3.38356622776256e-06,3.38356622776256e-06,3.38356622776256e-06,0.0
1740068100.0,3.38356622776256e-06,3.38356622776256e-06,3.38356622776256e-06,3.38356622776256e-06,0.0
1740068160.0,3.38356622776256e-06,3.38356622776256e-06,3.38356622776256e-06,3.38356622776256e-06,0.0
1740068220.0,3.38356622776256e-06,3.38356622776256e-06,3.38356622776256e-06,3.38356622776256e-06,0.0
1740068280.0,3.38356622776256e-06,3.38356622776256e-06,3.38356622776256e-06,3.38356622776256e-06,0.0
1740068340.0,3.38356622776256e-06,3.38356622776256e-06,3.38356622776256e-06,3.38356622776256e-06,0.0
1740068400.0,3.38356622776256e-06,3.38356622776256e-06,3.38356622776256e-06,3.38356622776256e-06,0.0
1740068460.0,3.38356622776256e-06,3.38356622776256e-06,3.38356622776256e-06,3.38356622776256e-06,0.0
1740068520.0,3.38356622776256e-06,3.38356622776256e-06,3.38356622776256e-06,3.38356622776256e-06,0.0
1740068580.0,3.38356622776256e-06,3.38356622776256e-06,3.38356622776256e-06,3.38356622776256e-06,0.0
1740068640.0,3.38356622776256e-06,3.38356622776256e-06,3.38356622776256e-06,3.38356622776256e-06,0.0
1740068700.0,3.38356622776256e-06,3.38356622776256e-06,3.38356622776256e-06,3.38356622776256e-06,0.0
1740068760.0,3.38356622776256e-06,3.38356622776256e-06,3.38356622776256e-06,3.38356622776256e-06,0.0
1740068820.0,3.38356622776256e-06,3.38356622776256e-06,3.38356622776256e-06,3.38356622776256e-06,0.0
1740068880.0,3.38356622776256e-06,3.38356622776256e-06,3.38356622776256e-06,3.38356622776256e-06,0.0
1740068940.0,3.38356622776256e-06,3.38356622776256e-06,3.38356622776256e-06,3.38356622776256e-06,0.0
1740069000.0,3.38356622776256e-06,3.38356622776256e-06,3.38356622776256e-06,3.38356622776256e-06,0.0
1740069060.0,3.38356622776256e-06,3.38356622776256e-06,3.38356622776256e-06,3.38356622776256e-06,0.0
1740069120.0,3.38356622776256e-06,3.38356622776256e-06,3.38356622776256e-06,3.38356622776256e-06,0.0
1740069180.0,3.38356622776256e-06,3.38356622776256e-06,3.38356622776256e-06,3.38356622776256e-06,0.0
1740069240.0,3.38356622776256e-06,3.38356622776256e-06,3.38356622776256e-06,3.38356622776256e-06,0.0
1740069300.0,3.38356622776256e-06,3.38356622776256e-06,3.38356622776256e-06,3.38356622776256e-06,0.0
1740069360.0,3.38356622776256e-06,3.38356622776256e-06,3.38356622776256e-06,3.38356622776256e-06,0.0
1740069420.0,3.38356622776256e-06,3.38356622776256e-06,3.38356622776256e-06,3.38356622776256e-06,0.0
1740069480.0,3.38356622776256e-06,3.38356622776256e-06,3.38356622776256e-06,3.38356622776256e-06,0.0
1740069540.0,3.38356622776256e-06,3.38356622776256e-06,3.38356622776256e-06,3.38356622776256e-06,0.0
1740069600.0,3.38356622776256e-06,3.38356622776256e-06,3.38356622776256e-06,3.38356622776256e-06,0.0
1740069660.0,3.38356622776256e-06,3.38356622776256e-06,3.38356622776256e-06,3.38356622776256e-06,0.0
1740069720.0,3.38356622776256e-06,3.38356622776256e-06,3.38356622776256e-06,3.38356622776256e-06,0.0
1740069780.0,3.38356622776256e-06,3.38356622776256e-06,3.38356622776256e-06,3.38356622776256e-06,0.0
1740069840.0,3.38356622776256e-06,3.38356622776256e-06,3.38356622776256e-06,3.38356622776256e-06,0.0
1740069900.0,3.38356622776256e-06,3.38356622776256e-06,3.38356622776256e-06,3.38356622776256e-06,0.0
1740069960.0,3.38356622776256e-06,3.38356622776256e-06,3.38356622776256e-06,3.38356622776256e-06,0.0
1740070020.0,3.38356622776256e-06,3.38356622776256e-06,3.38356622776256e-06,3.38356622776256e-06,0.0
1740070080.0,3.38356622776256e-06,3.38356622776256e-06,3.38356622776256e-06,3.38356622776256e-06,0.0
1740070140.0,3.38356622776256e-06,3.38356622776256e-06,3.38356622776256e-06,3.38356622776256e-06,0.0
1740070200.0,3.38356622776256e-06,3.38356622776256e-06,3.38356622776256e-06,3.38356622776256e-06,0.0
1740070260.0,3.38356622776256e-06,3.38356622776256e-06,3.38356622776256e-06,3.38356622776256e-06,0.0
1740070320.0,3.38356622776256e-06,3.38356622776256e-06,3.38356622776256e-06,3.38356622776256e-06,0.0
1740070380.0,3.38356622776256e-06,3.38356622776256e-06,3.38356622776256e-06,3.38356622776256e-06,0.0
1740070440.0,3.38356622776256e-06,3.38356622776256e-06,3.35294481451251e-06,3.35294481451251e-06,8.74563013632
1740070500.0,3.35294481451251e-06,3.35294481451251e-06,3.35294481451251e-06,3.35294481451251e-06,0.0
1740070560.0,3.35294481451251e-06,3.35294481451251e-06,3.35294481451251e-06,3.35294481451251e-06,0.0
1740070620.0,3.35294481451251e-06,3.3552269274106e-06,3.35294481451251e-06,3.3552269274106e-06,0.017222
1740070680.0,3.3552269274106e-06,3.3552269274106e-06,3.3552269274106e-06,3.3552269274106e-06,0.0
1740070740.0,3.3552269274106e-06,3.3552269274106e-06,3.3552269274106e-06,3.3552269274106e-06,0.0
1740070800.0,3.3552269274106e-06,3.3552269274106e-06,3.3552269274106e-06,3.3552269274106e-06,0.0
1740070860.0,3.3552269274106e-06,3.3552269274106e-06,3.3552269274106e-06,3.3552269274106e-06,0.0
1740070920.0,3.3552269274106e-06,3.3552269274106e-06,3.3552269274106e-06,3.3552269274106e-06,0.0
1740070980.0,3.3552269274106e-06,3.3552269274106e-06,3.3552269274106e-06,3.3552269274106e-06,0.0
1740071040.0,3.3552269274106e-06,3.3552269274106e-06,3.35097806418977e-06,3.35097806418977e-06,0.0172
1740071100.0,3.35097806418977e-06,3.35097806418977e-06,3.35097806418977e-06,3.35097806418977e-06,0.0
1740071160.0,3.35097806418977e-06,3.35097806418977e-06,3.35097806418977e-06,3.35097806418977e-06,0.0
1740071220.0,3.35097806418977e-06,3.35097806418977e-06,3.35097806418977e-06,3.35097806418977e-06,0.0
1740071280.0,3.35097806418977e-06,3.35097806418977e-06,3.35097806418977e-06,3.35097806418977e-06,0.0
1740071340.0,3.35097806418977e-06,3.35097806418977e-06,3.35097806418977e-06,3.35097806418977e-06,0.0
1740071400.0,3.35097806418977e-06,3.35097806418977e-06,3.35097806418977e-06,3.35097806418977e-06,0.0
1740071460.0,3.35097806418977e-06,3.35097806418977e-06,3.35097806418977e-06,3.35097806418977e-06,0.0
1740071520.0,3.35097806418977e-06,3.35097806418977e-06,3.35097806418977e-06,3.35097806418977e-06,0.0
1740071580.0,3.35097806418977e-06,3.35097806418977e-06,3.35097806418977e-06,3.35097806418977e-06,0.0
1740071640.0,3.35097806418977e-06,3.35097806418977e-06,3.35097806418977e-06,3.35097806418977e-06,0.0
1740071700.0,3.35097806418977e-06,3.35097806418977e-06,3.35097806418977e-06,3.35097806418977e-06,0.0
1740071760.0,3.35097806418977e-06,3.35097806418977e-06,3.35097806418977e-06,3.35097806418977e-06,0.0
1740071820.0,3.35097806418977e-06,3.35097806418977e-06,3.35097806418977e-06,3.35097806418977e-06,0.0
1740071880.0,3.35097806418977e-06,3.35097806418977e-06,3.35097806418977e-06,3.35097806418977e-06,0.0
1740071940.0,3.35097806418977e-06,3.35097806418977e-06,3.35097806418977e-06,3.35097806418977e-06,0.0
1740072000.0,3.35097806418977e-06,3.35097806418977e-06,3.35097806418977e-06,3.35097806418977e-06,0.0
1740072060.0,3.35097806418977e-06,3.35097806418977e-06,3.35097806418977e-06,3.35097806418977e-06,0.0
1740072120.0,3.35097806418977e-06,3.35097806418977e-06,3.35097806418977e-06,3.35097806418977e-06,0.0
1740072180.0,3.35097806418977e-06,3.35097806418977e-06,3.35097806418977e-06,3.35097806418977e-06,0.0
1740072240.0,3.35097806418977e-06,3.35097806418977e-06,3.35097806418977e-06,3.35097806418977e-06,0.0
1740072300.0,3.35097806418977e-06,3.35097806418977e-06,3.35097806418977e-06,3.35097806418977e-06,0.0
1740072360.0,3.35097806418977e-06,3.35097806418977e-06,3.35097806418977e-06,3.35097806418977e-06,0.0
1740072420.0,3.35097806418977e-06,3.35097806418977e-06,3.35097806418977e-06,3.35097806418977e-06,0.0
1740072480.0,3.35097806418977e-06,3.35097806418977e-06,3.35097806418977e-06,3.35097806418977e-06,0.0
1740072540.0,3.35097806418977e-06,3.35097806418977e-06,3.35097806418977e-06,3.35097806418977e-06,0.0
1740072600.0,3.35097806418977e-06,3.35097806418977e-06,3.35097806418977e-06,3.35097806418977e-06,0.0
1740072660.0,3.35097806418977e-06,3.35097806418977e-06,3.35097806418977e-06,3.35097806418977e-06,0.0
1740072720.0,3.35097806418977e-06,3.35097806418977e-06,3.35097806418977e-06,3.35097806418977e-06,0.0
1740072780.0,3.35097806418977e-06,3.35097806418977e-06,3.35097806418977e-06,3.35097806418977e-06,0.0
1740072840.0,3.35097806418977e-06,3.35097806418977e-06,3.35097806418977e-06,3.35097806418977e-06,0.0
1740072900.0,3.35097806418977e-06,3.35097806418977e-06,3.35097806418977e-06,3.35097806418977e-06,0.0
1740072960.0,3.35097806418977e-06,3.35097806418977e-06,3.35097806418977e-06,3.35097806418977e-06,0.0
1740073020.0,3.35097806418977e-06,3.35097806418977e-06,3.35097806418977e-06,3.35097806418977e-06,0.0
1740073080.0,3.35097806418977e-06,3.35097806418977e-06,3.35097806418977e-06,3.35097806418977e-06,0.0
1740073140.0,3.35097806418977e-06,3.35097806418977e-06,3.35097806418977e-06,3.35097806418977e-06,0.0
1740073200.0,3.35097806418977e-06,3.35097806418977e-06,3.35097806418977e-06,3.35097806418977e-06,0.0
1740073260.0,3.35097806418977e-06,3.35097806418977e-06,3.35097806418977e-06,3.35097806418977e-06,0.0
1740073320.0,3.35097806418977e-06,3.35097806418977e-06,3.35097806418977e-06,3.35097806418977e-06,0.0
1740073380.0,3.35097806418977e-06,3.35097806418977e-06,3.35097806418977e-06,3.35097806418977e-06,0.0
1740073440.0,3.35097806418977e-06,3.35097806418977e-06,3.35097806418977e-06,3.35097806418977e-06,0.0
1740073500.0,3.35097806418977e-06,3.35097806418977e-06,3.35097806418977e-06,3.35097806418977e-06,0.0
1740073560.0,3.35097806418977e-06,3.35097806418977e-06,3.35097806418977e-06,3.35097806418977e-06,0.0
1740073620.0,3.35097806418977e-06,3.35097806418977e-06,3.35097806418977e-06,3.35097806418977e-06,0.0
1740073680.0,3.35097806418977e-06,3.35097806418977e-06,3.35097806418977e-06,3.35097806418977e-06,0.0
1740073740.0,3.35097806418977e-06,3.35097806418977e-06,3.35097806418977e-06,3.35097806418977e-06,0.0
1740073800.0,3.35097806418977e-06,3.35097806418977e-06,3.35097806418977e-06,3.35097806418977e-06,0.0
1740073860.0,3.35097806418977e-06,3.35097806418977e-06,3.35097806418977e-06,3.35097806418977e-06,0.0
1740073920.0,3.35097806418977e-06,3.35097806418977e-06,3.35097806418977e-06,3.35097806418977e-06,0.0
1740073980.0,3.35097806418977e-06,3.35097806418977e-06,3.35097806418977e-06,3.35097806418977e-06,0.0
1740074040.0,3.35097806418977e-06,3.35097806418977e-06,3.35097806418977e-06,3.35097806418977e-06,0.0
1740074100.0,3.35097806418977e-06,3.35097806418977e-06,3.35097806418977e-06,3.35097806418977e-06,0.0
1740074160.0,3.35097806418977e-06,3.35097806418977e-06,3.35097806418977e-06,3.35097806418977e-06,0.0
1740074220.0,3.35097806418977e-06,3.35097806418977e-06,3.35097806418977e-06,3.35097806418977e-06,0.0
1740074280.0,3.35097806418977e-06,3.35097806418977e-06,3.35097806418977e-06,3.35097806418977e-06,0.0
1740074340.0,3.35097806418977e-06,3.35097806418977e-06,3.35097806418977e-06,3.35097806418977e-06,0.0
1740074400.0,3.35097806418977e-06,3.35097806418977e-06,3.35097806418977e-06,3.35097806418977e-06,0.0
1740074460.0,3.35097806418977e-06,3.35097806418977e-06,3.35097806418977e-06,3.35097806418977e-06,0.0
1740074520.0,3.35097806418977e-06,3.35097806418977e-06,3.35097806418977e-06,3.35097806418977e-06,0.0
1740074580.0,3.35097806418977e-06,3.35097806418977e-06,3.35097806418977e-06,3.35097806418977e-06,0.0
1740074640.0,3.35097806418977e-06,3.35097806418977e-06,3.35097806418977e-06,3.35097806418977e-06,0.0
1740074700.0,3.35097806418977e-06,3.35097806418977e-06,3.35097806418977e-06,3.35097806418977e-06,0.0
1740074760.0,3.35097806418977e-06,3.35097806418977e-06,3.35097806418977e-06,3.35097806418977e-06,0.0
1740074820.0,3.35097806418977e-06,3.35097806418977e-06,3.35097806418977e-06,3.35097806418977e-06,0.0
1740074880.0,3.35097806418977e-06,3.35097806418977e-06,3.35097806418977e-06,3.35097806418977e-06,0.0
1740074940.0,3.35097806418977e-06,3.35097806418977e-06,3.35097806418977e-06,3.35097806418977e-06,0.0
1740075000.0,3.35097806418977e-06,3.35097806418977e-06,3.35097806418977e-06,3.35097806418977e-06,0.0
1740075060.0,3.35097806418977e-06,3.35097806418977e-06,3.35097806418977e-06,3.35097806418977e-06,0.0
1740075120.0,3.35097806418977e-06,3.35097806418977e-06,3.35097806418977e-06,3.35097806418977e-06,0.0
