0,1,2,3,4,5
1727884080.0,5.6411559298777145e-05,7.429680850141397e-05,3.996817390509453e-05,5.159633591567588e-05,43434.16221224306
1727884140.0,5.159633591567588e-05,7.290089403552657e-05,4.572756558192563e-05,4.5777927119289915e-05,20215.548846111837
1727884200.0,4.5777927119289915e-05,4.698222208080591e-05,2.2223834477856976e-05,3.2236320899525195e-05,23661.328418637066
1727884260.0,3.2236320899525195e-05,3.2236320899525195e-05,1.6848263447710474e-05,2.2603754675173164e-05,13206.556151019557
1727884320.0,2.2603754675173164e-05,2.5087969277585775e-05,1.7368907356370842e-05,2.175687057593439e-05,7197.455962144796
1727884380.0,2.175687057593439e-05,2.216117705846988e-05,1.7312872562319026e-05,1.9526367333909525e-05,2270.688327069897
1727884440.0,1.9526367333909525e-05,2.023537864795408e-05,8.726705117935287e-06,1.0296820676329444e-05,3952.626980095389
1727884500.0,1.0296820676329444e-05,1.4827231049122704e-05,1.0296820676329444e-05,1.0610030868053942e-05,3625.548417924536
1727884560.0,1.0610030868053942e-05,1.5470197893298793e-05,1.053129582840015e-05,1.3019714610920582e-05,2658.0419926586464
1727884620.0,1.3019714610920582e-05,1.3878033114256366e-05,1.1545912907601358e-05,1.1545912907601358e-05,1134.0605707504176
1727884680.0,1.1545912907601358e-05,1.1545912907601358e-05,9.97074136144654e-06,9.97074136144654e-06,522.4820067307353
1727884740.0,9.97074136144654e-06,9.97074136144654e-06,7.610353869367675e-06,7.610353869367675e-06,633.4383186837707
1727884800.0,7.610353869367675e-06,7.610353869367675e-06,6.1128002778629675e-06,6.64431147439304e-06,870.28363397761
1727884860.0,6.64431147439304e-06,6.709721062107053e-06,5.096318614001337e-06,5.096318614001337e-06,1355.1641824372805
1727884920.0,5.096318614001337e-06,5.285179517842191e-06,4.687831340801911e-06,5.24748961514552e-06,372.3656651901063
1727884980.0,5.24748961514552e-06,5.24748961514552e-06,5.179407837907616e-06,5.179407837907616e-06,25.517932644534135
1727885040.0,5.179407837907616e-06,5.179407837907616e-06,4.744442022887723e-06,4.744442022887723e-06,152.2701534556679
1727885100.0,4.744442022887723e-06,4.993162378084394e-06,4.744442022887723e-06,4.91030252812402e-06,168.1655619491454
1727885160.0,4.91030252812402e-06,4.91030252812402e-06,4.360329492934079e-06,4.360329492934079e-06,169.97610502421202
1727885220.0,4.360329492934079e-06,4.360329492934079e-06,4.233290846739819e-06,4.233290846739819e-06,49.78988364289768
1727885280.0,4.233290846739819e-06,4.377994262494762e-06,4.233290846739819e-06,4.377994262494762e-06,119.44037886631703
1727885340.0,4.377994262494762e-06,4.5759469568691254e-06,4.377994262494762e-06,4.5759469568691254e-06,74.07153599174404
1727885400.0,4.5759469568691254e-06,4.648774814125947e-06,4.5759469568691254e-06,4.648774814125947e-06,3.5077133637504594
1727885460.0,4.648774814125947e-06,4.648774814125947e-06,4.648774814125947e-06,4.648774814125947e-06,0.0
1727885520.0,4.648774814125947e-06,4.648774814125947e-06,4.648774814125947e-06,4.648774814125947e-06,0.0
1727885580.0,4.648774814125947e-06,4.648774814125947e-06,4.648774814125947e-06,4.648774814125947e-06,0.0
1727885640.0,4.648774814125947e-06,4.648774814125947e-06,4.198113746303814e-06,4.198113746303814e-06,192.8595599233936
1727885700.0,4.198113746303814e-06,4.198113746303814e-06,4.198113746303814e-06,4.198113746303814e-06,0.0
1727885760.0,4.198113746303814e-06,4.198113746303814e-06,4.198113746303814e-06,4.198113746303814e-06,0.0
1727885820.0,4.198113746303814e-06,4.198113746303814e-06,4.013501531348217e-06,4.013501531348217e-06,40.562151716634204
1727885880.0,4.013501531348217e-06,4.013501531348217e-06,3.975239317846865e-06,3.975239317846865e-06,16.677370032013844
1727885940.0,3.975239317846865e-06,3.975239317846865e-06,3.717991269075772e-06,3.717991269075772e-06,106.63950815893044
1727886000.0,3.717991269075772e-06,3.717991269075772e-06,3.673485241341078e-06,3.673485241341078e-06,21.323001733416397
1727886060.0,3.673485241341078e-06,3.673485241341078e-06,3.565057674723274e-06,3.565057674723274e-06,69.12092471266703
1727886120.0,3.565057674723274e-06,3.565057674723274e-06,3.382934339811747e-06,3.382934339811747e-06,43.91650661687404
1727886180.0,3.382934339811747e-06,3.382934339811747e-06,3.3736297918368503e-06,3.3736297918368503e-06,2.855845551889571
1727886240.0,3.3736297918368503e-06,3.3736297918368503e-06,3.3699000523841276e-06,3.3699000523841276e-06,1.1039650413353963
1727886300.0,3.3699000523841276e-06,3.3699000523841276e-06,3.3699000523841276e-06,3.3699000523841276e-06,0.0
1727886360.0,3.3699000523841276e-06,3.3699000523841276e-06,3.3699000523841276e-06,3.3699000523841276e-06,0.0
1727886420.0,3.3699000523841276e-06,3.3699000523841276e-06,3.3473833208396536e-06,3.3473833208396536e-06,10.140495463631607
1727886480.0,3.3473833208396536e-06,3.3473833208396536e-06,3.3473833208396536e-06,3.3473833208396536e-06,0.0
1727886540.0,3.3473833208396536e-06,3.3473833208396536e-06,3.3400114774717667e-06,3.3400114774717667e-06,0.0164178255161609
1727886600.0,3.3400114774717667e-06,3.3400114774717667e-06,3.3400114774717667e-06,3.3400114774717667e-06,0.0
1727886660.0,3.3400114774717667e-06,3.3400114774717667e-06,3.3400114774717667e-06,3.3400114774717667e-06,0.0
1727886720.0,3.3400114774717667e-06,3.3400114774717667e-06,3.334584991946831e-06,3.334584991946831e-06,5.363903219401879
1727886780.0,3.334584991946831e-06,3.334584991946831e-06,3.334584991946831e-06,3.334584991946831e-06,0.0
1727886840.0,3.334584991946831e-06,3.334584991946831e-06,3.334584991946831e-06,3.334584991946831e-06,0.0
1727886900.0,3.334584991946831e-06,3.334584991946831e-06,3.327021647819532e-06,3.327021647819532e-06,1.0318714768977486
1727886960.0,3.327021647819532e-06,3.327021647819532e-06,3.327021647819532e-06,3.327021647819532e-06,0.0
1727887020.0,3.327021647819532e-06,3.327021647819532e-06,3.318901115171087e-06,3.318901115171087e-06,5.740772303289105
1727887080.0,3.318901115171087e-06,3.318901115171087e-06,3.318901115171087e-06,3.318901115171087e-06,0.0
1727887140.0,3.318901115171087e-06,3.318901115171087e-06,3.318901115171087e-06,3.318901115171087e-06,0.0
1727887200.0,3.318901115171087e-06,3.318901115171087e-06,3.318901115171087e-06,3.318901115171087e-06,0.0
1727887260.0,3.318901115171087e-06,3.318901115171087e-06,3.318901115171087e-06,3.318901115171087e-06,0.0
1727887320.0,3.318901115171087e-06,3.318901115171087e-06,3.318901115171087e-06,3.318901115171087e-06,0.0
1727887380.0,3.318901115171087e-06,3.318901115171087e-06,3.318901115171087e-06,3.318901115171087e-06,0.0
1727887440.0,3.318901115171087e-06,3.318901115171087e-06,3.318901115171087e-06,3.318901115171087e-06,0.0
1727887500.0,3.318901115171087e-06,3.318901115171087e-06,3.318901115171087e-06,3.318901115171087e-06,0.0
1727887560.0,3.318901115171087e-06,3.318901115171087e-06,3.318901115171087e-06,3.318901115171087e-06,0.0
1727887620.0,3.318901115171087e-06,3.318901115171087e-06,3.318901115171087e-06,3.318901115171087e-06,0.0
1727887680.0,3.318901115171087e-06,3.318901115171087e-06,3.318901115171087e-06,3.318901115171087e-06,0.0
1727887740.0,3.318901115171087e-06,3.318901115171087e-06,3.318901115171087e-06,3.318901115171087e-06,0.0
1727887800.0,3.318901115171087e-06,3.318901115171087e-06,3.301147746237889e-06,3.301147746237889e-06,1.2772560852635737
1727887860.0,3.301147746237889e-06,3.301147746237889e-06,3.296930729487232e-06,3.296930729487232e-06,1.0794676261967664
1727887920.0,3.296930729487232e-06,3.296930729487232e-06,3.296930729487232e-06,3.296930729487232e-06,0.0
1727887980.0,3.296930729487232e-06,3.296930729487232e-06,3.296930729487232e-06,3.296930729487232e-06,0.0
1727888040.0,3.296930729487232e-06,3.296930729487232e-06,3.296930729487232e-06,3.296930729487232e-06,0.0
1727888100.0,3.296930729487232e-06,3.296930729487232e-06,3.282120380227375e-06,3.282120380227375e-06,7.861351543131911
1727888160.0,3.282120380227375e-06,3.282120380227375e-06,3.282120380227375e-06,3.282120380227375e-06,0.0
1727888220.0,3.282120380227375e-06,3.282120380227375e-06,3.271957322239572e-06,3.271957322239572e-06,0.8306256781240872
1727888280.0,3.271957322239572e-06,3.271957322239572e-06,3.271957322239572e-06,3.271957322239572e-06,0.0
1727888340.0,3.271957322239572e-06,3.271957322239572e-06,3.271957322239572e-06,3.271957322239572e-06,0.0
1727888400.0,3.271957322239572e-06,3.271957322239572e-06,3.271957322239572e-06,3.271957322239572e-06,0.0
1727888460.0,3.271957322239572e-06,3.271957322239572e-06,3.271957322239572e-06,3.271957322239572e-06,0.0
1727888520.0,3.271957322239572e-06,3.271957322239572e-06,3.271957322239572e-06,3.271957322239572e-06,0.0
1727888580.0,3.271957322239572e-06,3.271957322239572e-06,3.271957322239572e-06,3.271957322239572e-06,0.0
1727888640.0,3.271957322239572e-06,3.271957322239572e-06,3.271957322239572e-06,3.271957322239572e-06,0.0
1727888700.0,3.271957322239572e-06,3.271957322239572e-06,3.271957322239572e-06,3.271957322239572e-06,0.0
1727888760.0,3.271957322239572e-06,3.271957322239572e-06,3.271957322239572e-06,3.271957322239572e-06,0.0
1727888820.0,3.271957322239572e-06,3.271957322239572e-06,3.271957322239572e-06,3.271957322239572e-06,0.0
1727888880.0,3.271957322239572e-06,3.271957322239572e-06,3.271957322239572e-06,3.271957322239572e-06,0.0
1727888940.0,3.271957322239572e-06,3.271957322239572e-06,3.271957322239572e-06,3.271957322239572e-06,0.0
1727889000.0,3.271957322239572e-06,3.271957322239572e-06,3.271957322239572e-06,3.271957322239572e-06,0.0
1727889060.0,3.271957322239572e-06,3.271957322239572e-06,3.271957322239572e-06,3.271957322239572e-06,0.0
1727889120.0,3.271957322239572e-06,3.271957322239572e-06,3.271957322239572e-06,3.271957322239572e-06,0.0
1727889180.0,3.271957322239572e-06,3.271957322239572e-06,3.271957322239572e-06,3.271957322239572e-06,0.0
1727889240.0,3.271957322239572e-06,3.271957322239572e-06,3.271957322239572e-06,3.271957322239572e-06,0.0
1727889300.0,3.271957322239572e-06,3.271957322239572e-06,3.271957322239572e-06,3.271957322239572e-06,0.0
1727889360.0,3.271957322239572e-06,3.271957322239572e-06,3.2053223504263363e-06,3.2053223504263363e-06,52.13411771879059
1727889420.0,3.2053223504263363e-06,3.2053223504263363e-06,3.2053223504263363e-06,3.2053223504263363e-06,0.0
1727889480.0,3.2053223504263363e-06,3.2053223504263363e-06,3.2053223504263363e-06,3.2053223504263363e-06,0.0
1727889540.0,3.2053223504263363e-06,3.2053223504263363e-06,3.2053223504263363e-06,3.2053223504263363e-06,0.0
1727889600.0,3.2053223504263363e-06,3.2053223504263363e-06,3.2053223504263363e-06,3.2053223504263363e-06,0.0
1727889660.0,3.2053223504263363e-06,3.2053223504263363e-06,3.2053223504263363e-06,3.2053223504263363e-06,0.0
1727889720.0,3.2053223504263363e-06,3.2053223504263363e-06,3.2053223504263363e-06,3.2053223504263363e-06,0.0
1727889780.0,3.2053223504263363e-06,3.2053223504263363e-06,3.2053223504263363e-06,3.2053223504263363e-06,0.0
1727889840.0,3.2053223504263363e-06,3.2053223504263363e-06,3.2053223504263363e-06,3.2053223504263363e-06,0.0
1727889900.0,3.2053223504263363e-06,3.2053223504263363e-06,3.143268776410887e-06,3.143268776410887e-06,0.2116954195004637
1727889960.0,3.143268776410887e-06,3.143268776410887e-06,3.143268776410887e-06,3.143268776410887e-06,0.0
1727890020.0,3.143268776410887e-06,3.143268776410887e-06,3.143268776410887e-06,3.143268776410887e-06,0.0
1727890080.0,3.143268776410887e-06,3.143268776410887e-06,3.143268776410887e-06,3.143268776410887e-06,0.0
1727890140.0,3.143268776410887e-06,3.143268776410887e-06,3.143268776410887e-06,3.143268776410887e-06,0.0
1727890200.0,3.143268776410887e-06,3.143268776410887e-06,3.143268776410887e-06,3.143268776410887e-06,0.0
1727890260.0,3.143268776410887e-06,3.143268776410887e-06,3.143268776410887e-06,3.143268776410887e-06,0.0
1727890320.0,3.143268776410887e-06,3.143268776410887e-06,3.143268776410887e-06,3.143268776410887e-06,0.0
1727890380.0,3.143268776410887e-06,3.143268776410887e-06,3.128319828216692e-06,3.128319828216692e-06,5.90739953775221
1727890440.0,3.128319828216692e-06,3.128319828216692e-06,3.128319828216692e-06,3.128319828216692e-06,0.0
1727890500.0,3.128319828216692e-06,3.128319828216692e-06,3.128319828216692e-06,3.128319828216692e-06,0.0
1727890560.0,3.128319828216692e-06,3.128319828216692e-06,3.128319828216692e-06,3.128319828216692e-06,0.0
1727890620.0,3.128319828216692e-06,3.128319828216692e-06,3.128319828216692e-06,3.128319828216692e-06,0.0
1727890680.0,3.128319828216692e-06,3.128319828216692e-06,3.128319828216692e-06,3.128319828216692e-06,0.0
1727890740.0,3.128319828216692e-06,3.128319828216692e-06,3.128319828216692e-06,3.128319828216692e-06,0.0
1727890800.0,3.128319828216692e-06,3.128319828216692e-06,3.128319828216692e-06,3.128319828216692e-06,0.0
1727890860.0,3.128319828216692e-06,3.128319828216692e-06,3.128319828216692e-06,3.128319828216692e-06,0.0
1727890920.0,3.128319828216692e-06,3.128319828216692e-06,3.128319828216692e-06,3.128319828216692e-06,0.0
1727890980.0,3.128319828216692e-06,3.128319828216692e-06,3.128319828216692e-06,3.128319828216692e-06,0.0
1727891040.0,3.128319828216692e-06,3.128319828216692e-06,3.128319828216692e-06,3.128319828216692e-06,0.0
1727891100.0,3.128319828216692e-06,3.128319828216692e-06,3.128319828216692e-06,3.128319828216692e-06,0.0
1727891160.0,3.128319828216692e-06,3.128319828216692e-06,3.1252135569401225e-06,3.1252135569401225e-06,0.3967200218659901
1727891220.0,3.1252135569401225e-06,3.1252135569401225e-06,3.1252135569401225e-06,3.1252135569401225e-06,0.0
1727891280.0,3.1252135569401225e-06,3.1252135569401225e-06,3.1252135569401225e-06,3.1252135569401225e-06,0.0
1727891340.0,3.1252135569401225e-06,3.1252135569401225e-06,3.1202483095668256e-06,3.1202483095668256e-06,4.908283392311198
1727891400.0,3.1202483095668256e-06,3.1202483095668256e-06,3.1202483095668256e-06,3.1202483095668256e-06,0.0
1727891460.0,3.1202483095668256e-06,3.1202483095668256e-06,3.1202483095668256e-06,3.1202483095668256e-06,0.0
1727891520.0,3.1202483095668256e-06,3.1202483095668256e-06,3.1202483095668256e-06,3.1202483095668256e-06,0.0
1727891580.0,3.1202483095668256e-06,3.1202483095668256e-06,3.1202483095668256e-06,3.1202483095668256e-06,0.0
1727891640.0,3.1202483095668256e-06,3.1202483095668256e-06,3.086075022815934e-06,3.086075022815934e-06,26.84436194883573
1727891700.0,3.086075022815934e-06,3.086075022815934e-06,3.086075022815934e-06,3.086075022815934e-06,0.0
1727891760.0,3.086075022815934e-06,3.086075022815934e-06,3.086075022815934e-06,3.086075022815934e-06,0.0
1727891820.0,3.086075022815934e-06,3.086075022815934e-06,3.086075022815934e-06,3.086075022815934e-06,0.0
1727891880.0,3.086075022815934e-06,3.086075022815934e-06,3.086075022815934e-06,3.086075022815934e-06,0.0
1727891940.0,3.086075022815934e-06,3.086075022815934e-06,3.086075022815934e-06,3.086075022815934e-06,0.0
1727892000.0,3.086075022815934e-06,3.086075022815934e-06,3.086075022815934e-06,3.086075022815934e-06,0.0
1727892060.0,3.086075022815934e-06,3.086075022815934e-06,3.086075022815934e-06,3.086075022815934e-06,0.0
1727892120.0,3.086075022815934e-06,3.086075022815934e-06,3.086075022815934e-06,3.086075022815934e-06,0.0
1727892180.0,3.086075022815934e-06,3.086075022815934e-06,3.086075022815934e-06,3.086075022815934e-06,0.0
1727892240.0,3.086075022815934e-06,3.086075022815934e-06,3.086075022815934e-06,3.086075022815934e-06,0.0
1727892300.0,3.086075022815934e-06,3.086075022815934e-06,3.086075022815934e-06,3.086075022815934e-06,0.0
1727892360.0,3.086075022815934e-06,3.086075022815934e-06,3.086075022815934e-06,3.086075022815934e-06,0.0
1727892420.0,3.086075022815934e-06,3.086075022815934e-06,3.086075022815934e-06,3.086075022815934e-06,0.0
1727892480.0,3.086075022815934e-06,3.086075022815934e-06,3.086075022815934e-06,3.086075022815934e-06,0.0
1727892540.0,3.086075022815934e-06,3.086075022815934e-06,3.086075022815934e-06,3.086075022815934e-06,0.0
1727892600.0,3.086075022815934e-06,3.086075022815934e-06,3.086075022815934e-06,3.086075022815934e-06,0.0
1727892660.0,3.086075022815934e-06,3.086075022815934e-06,3.086075022815934e-06,3.086075022815934e-06,0.0
1727892720.0,3.086075022815934e-06,3.086075022815934e-06,3.086075022815934e-06,3.086075022815934e-06,0.0
1727892780.0,3.086075022815934e-06,3.086075022815934e-06,3.086075022815934e-06,3.086075022815934e-06,0.0
1727892840.0,3.086075022815934e-06,3.086075022815934e-06,3.086075022815934e-06,3.086075022815934e-06,0.0
1727892900.0,3.086075022815934e-06,3.086075022815934e-06,3.086075022815934e-06,3.086075022815934e-06,0.0
1727892960.0,3.086075022815934e-06,3.086075022815934e-06,3.086075022815934e-06,3.086075022815934e-06,0.0
1727893020.0,3.086075022815934e-06,3.086075022815934e-06,3.086075022815934e-06,3.086075022815934e-06,0.0
1727893080.0,3.086075022815934e-06,3.086075022815934e-06,3.086075022815934e-06,3.086075022815934e-06,0.0
1727893140.0,3.086075022815934e-06,3.086075022815934e-06,3.086075022815934e-06,3.086075022815934e-06,0.0
1727893200.0,3.086075022815934e-06,3.086075022815934e-06,3.086075022815934e-06,3.086075022815934e-06,0.0
1727893260.0,3.086075022815934e-06,3.086075022815934e-06,3.086075022815934e-06,3.086075022815934e-06,0.0
1727893320.0,3.086075022815934e-06,3.086075022815934e-06,3.086075022815934e-06,3.086075022815934e-06,0.0
1727893380.0,3.086075022815934e-06,3.086075022815934e-06,3.086075022815934e-06,3.086075022815934e-06,0.0
1727893440.0,3.086075022815934e-06,3.086075022815934e-06,3.086075022815934e-06,3.086075022815934e-06,0.0
1727893500.0,3.086075022815934e-06,3.086075022815934e-06,3.086075022815934e-06,3.086075022815934e-06,0.0
1727893560.0,3.086075022815934e-06,3.086075022815934e-06,3.086075022815934e-06,3.086075022815934e-06,0.0
1727893620.0,3.086075022815934e-06,3.086075022815934e-06,3.086075022815934e-06,3.086075022815934e-06,0.0
1727893680.0,3.086075022815934e-06,3.086075022815934e-06,3.086075022815934e-06,3.086075022815934e-06,0.0
1727893740.0,3.086075022815934e-06,3.086075022815934e-06,3.086075022815934e-06,3.086075022815934e-06,0.0
1727893800.0,3.086075022815934e-06,3.086075022815934e-06,3.086075022815934e-06,3.086075022815934e-06,0.0
1727893860.0,3.086075022815934e-06,3.086075022815934e-06,3.086075022815934e-06,3.086075022815934e-06,0.0
1727893920.0,3.086075022815934e-06,3.086075022815934e-06,3.086075022815934e-06,3.086075022815934e-06,0.0
1727893980.0,3.086075022815934e-06,3.086075022815934e-06,3.0092629534520487e-06,3.0092629534520487e-06,6.426193353054486
1727894040.0,3.0092629534520487e-06,3.0092629534520487e-06,3.0092629534520487e-06,3.0092629534520487e-06,0.0
1727894100.0,3.0092629534520487e-06,3.0092629534520487e-06,3.0092629534520487e-06,3.0092629534520487e-06,0.0
1727894160.0,3.0092629534520487e-06,3.0092629534520487e-06,3.0092629534520487e-06,3.0092629534520487e-06,0.0
1727894220.0,3.0092629534520487e-06,3.0092629534520487e-06,3.0092629534520487e-06,3.0092629534520487e-06,0.0
1727894280.0,3.0092629534520487e-06,3.0092629534520487e-06,3.0092629534520487e-06,3.0092629534520487e-06,0.0
1727894340.0,3.0092629534520487e-06,3.0092629534520487e-06,3.0092629534520487e-06,3.0092629534520487e-06,0.0
1727894400.0,3.0092629534520487e-06,3.0092629534520487e-06,3.0092629534520487e-06,3.0092629534520487e-06,0.0
1727894460.0,3.0092629534520487e-06,3.0092629534520487e-06,3.0092629534520487e-06,3.0092629534520487e-06,0.0
1727894520.0,3.0092629534520487e-06,3.0092629534520487e-06,3.0092629534520487e-06,3.0092629534520487e-06,0.0
1727894580.0,3.0092629534520487e-06,3.0092629534520487e-06,3.0092629534520487e-06,3.0092629534520487e-06,0.0
1727894640.0,3.0092629534520487e-06,3.0092629534520487e-06,3.0092629534520487e-06,3.0092629534520487e-06,0.0
1727894700.0,3.0092629534520487e-06,3.0092629534520487e-06,3.0092629534520487e-06,3.0092629534520487e-06,0.0
1727894760.0,3.0092629534520487e-06,3.0092629534520487e-06,3.0092629534520487e-06,3.0092629534520487e-06,0.0
1727894820.0,3.0092629534520487e-06,3.0092629534520487e-06,3.0092629534520487e-06,3.0092629534520487e-06,0.0
1727894880.0,3.0092629534520487e-06,3.0092629534520487e-06,3.0092629534520487e-06,3.0092629534520487e-06,0.0
1727894940.0,3.0092629534520487e-06,3.0092629534520487e-06,3.0092629534520487e-06,3.0092629534520487e-06,0.0
1727895000.0,3.0092629534520487e-06,3.0092629534520487e-06,3.0092629534520487e-06,3.0092629534520487e-06,0.0
1727895060.0,3.0092629534520487e-06,3.0092629534520487e-06,3.0092629534520487e-06,3.0092629534520487e-06,0.0
1727895120.0,3.0092629534520487e-06,3.0092629534520487e-06,3.0092629534520487e-06,3.0092629534520487e-06,0.0
1727895180.0,3.0092629534520487e-06,3.0092629534520487e-06,3.0092629534520487e-06,3.0092629534520487e-06,0.0
1727895240.0,3.0092629534520487e-06,3.0092629534520487e-06,3.0092629534520487e-06,3.0092629534520487e-06,0.0
1727895300.0,3.0092629534520487e-06,3.0092629534520487e-06,3.0092629534520487e-06,3.0092629534520487e-06,0.0
1727895360.0,3.0092629534520487e-06,3.0092629534520487e-06,3.0092629534520487e-06,3.0092629534520487e-06,0.0
1727895420.0,3.0092629534520487e-06,3.0092629534520487e-06,3.0092629534520487e-06,3.0092629534520487e-06,0.0
1727895480.0,3.0092629534520487e-06,3.0092629534520487e-06,3.0092629534520487e-06,3.0092629534520487e-06,0.0
1727895540.0,3.0092629534520487e-06,3.0092629534520487e-06,3.0092629534520487e-06,3.0092629534520487e-06,0.0
1727895600.0,3.0092629534520487e-06,3.0092629534520487e-06,3.0092629534520487e-06,3.0092629534520487e-06,0.0
1727895660.0,3.0092629534520487e-06,3.0092629534520487e-06,3.0092629534520487e-06,3.0092629534520487e-06,0.0
1727895720.0,3.0092629534520487e-06,3.0092629534520487e-06,3.0092629534520487e-06,3.0092629534520487e-06,0.0
1727895780.0,3.0092629534520487e-06,3.0092629534520487e-06,3.0092629534520487e-06,3.0092629534520487e-06,0.0
1727895840.0,3.0092629534520487e-06,3.0092629534520487e-06,3.0092629534520487e-06,3.0092629534520487e-06,0.0
1727895900.0,3.0092629534520487e-06,3.0092629534520487e-06,3.0092629534520487e-06,3.0092629534520487e-06,0.0
1727895960.0,3.0092629534520487e-06,3.0092629534520487e-06,3.0092629534520487e-06,3.0092629534520487e-06,0.0
1727896020.0,3.0092629534520487e-06,3.0092629534520487e-06,3.0092629534520487e-06,3.0092629534520487e-06,0.0
1727896080.0,3.0092629534520487e-06,3.0092629534520487e-06,3.0092629534520487e-06,3.0092629534520487e-06,0.0
1727896140.0,3.0092629534520487e-06,3.0092629534520487e-06,3.0092629534520487e-06,3.0092629534520487e-06,0.0
1727896200.0,3.0092629534520487e-06,3.0092629534520487e-06,3.0092629534520487e-06,3.0092629534520487e-06,0.0
1727896260.0,3.0092629534520487e-06,3.0092629534520487e-06,3.0092629534520487e-06,3.0092629534520487e-06,0.0
1727896320.0,3.0092629534520487e-06,3.0092629534520487e-06,3.0092629534520487e-06,3.0092629534520487e-06,0.0
1727896380.0,3.0092629534520487e-06,3.0092629534520487e-06,3.0092629534520487e-06,3.0092629534520487e-06,0.0
1727896440.0,3.0092629534520487e-06,3.0092629534520487e-06,3.0092629534520487e-06,3.0092629534520487e-06,0.0
1727896500.0,3.0092629534520487e-06,3.0092629534520487e-06,3.0092629534520487e-06,3.0092629534520487e-06,0.0
1727896560.0,3.0092629534520487e-06,3.0092629534520487e-06,3.0092629534520487e-06,3.0092629534520487e-06,0.0
1727896620.0,3.0092629534520487e-06,3.0092629534520487e-06,3.0092629534520487e-06,3.0092629534520487e-06,0.0
1727896680.0,3.0092629534520487e-06,3.0092629534520487e-06,3.0092629534520487e-06,3.0092629534520487e-06,0.0
1727896740.0,3.0092629534520487e-06,3.0092629534520487e-06,3.0092629534520487e-06,3.0092629534520487e-06,0.0
1727896800.0,3.0092629534520487e-06,3.0092629534520487e-06,3.0092629534520487e-06,3.0092629534520487e-06,0.0
1727896860.0,3.0092629534520487e-06,3.0092629534520487e-06,3.0092629534520487e-06,3.0092629534520487e-06,0.0
1727896920.0,3.0092629534520487e-06,3.0092629534520487e-06,3.0092629534520487e-06,3.0092629534520487e-06,0.0
1727896980.0,3.0092629534520487e-06,3.0092629534520487e-06,3.0092629534520487e-06,3.0092629534520487e-06,0.0
1727897040.0,3.0092629534520487e-06,3.0092629534520487e-06,3.0092629534520487e-06,3.0092629534520487e-06,0.0
1727897100.0,3.0092629534520487e-06,3.0092629534520487e-06,3.0092629534520487e-06,3.0092629534520487e-06,0.0
1727897160.0,3.0092629534520487e-06,3.0092629534520487e-06,3.0092629534520487e-06,3.0092629534520487e-06,0.0
1727897220.0,3.0092629534520487e-06,3.0092629534520487e-06,3.0092629534520487e-06,3.0092629534520487e-06,0.0
1727897280.0,3.0092629534520487e-06,3.0092629534520487e-06,3.0092629534520487e-06,3.0092629534520487e-06,0.0
1727897340.0,3.0092629534520487e-06,3.0092629534520487e-06,3.0092629534520487e-06,3.0092629534520487e-06,0.0
1727897400.0,3.0092629534520487e-06,3.0092629534520487e-06,3.0092629534520487e-06,3.0092629534520487e-06,0.0
1727897460.0,3.0092629534520487e-06,3.0092629534520487e-06,3.0092629534520487e-06,3.0092629534520487e-06,0.0
1727897520.0,3.0092629534520487e-06,3.0092629534520487e-06,3.0092629534520487e-06,3.0092629534520487e-06,0.0
1727897580.0,3.0092629534520487e-06,3.0092629534520487e-06,3.0092629534520487e-06,3.0092629534520487e-06,0.0
1727897640.0,3.0092629534520487e-06,3.0092629534520487e-06,3.0092629534520487e-06,3.0092629534520487e-06,0.0
1727897700.0,3.0092629534520487e-06,3.0092629534520487e-06,3.0092629534520487e-06,3.0092629534520487e-06,0.0
1727897760.0,3.0092629534520487e-06,3.0092629534520487e-06,3.0092629534520487e-06,3.0092629534520487e-06,0.0
1727897820.0,3.0092629534520487e-06,3.0092629534520487e-06,3.0092629534520487e-06,3.0092629534520487e-06,0.0
1727897880.0,3.0092629534520487e-06,3.0092629534520487e-06,3.0092629534520487e-06,3.0092629534520487e-06,0.0
1727897940.0,3.0092629534520487e-06,3.0092629534520487e-06,3.0092629534520487e-06,3.0092629534520487e-06,0.0
1727898000.0,3.0092629534520487e-06,3.0092629534520487e-06,3.0092629534520487e-06,3.0092629534520487e-06,0.0
1727898060.0,3.0092629534520487e-06,3.0092629534520487e-06,3.0092629534520487e-06,3.0092629534520487e-06,0.0
1727898120.0,3.0092629534520487e-06,3.0092629534520487e-06,3.0092629534520487e-06,3.0092629534520487e-06,0.0
1727898180.0,3.0092629534520487e-06,3.0092629534520487e-06,3.0092629534520487e-06,3.0092629534520487e-06,0.0
1727898240.0,3.0092629534520487e-06,3.0092629534520487e-06,3.0092629534520487e-06,3.0092629534520487e-06,0.0
1727898300.0,3.0092629534520487e-06,3.0092629534520487e-06,3.0092629534520487e-06,3.0092629534520487e-06,0.0
1727898360.0,3.0092629534520487e-06,3.0092629534520487e-06,3.0092629534520487e-06,3.0092629534520487e-06,0.0
1727898420.0,3.0092629534520487e-06,3.0092629534520487e-06,3.0092629534520487e-06,3.0092629534520487e-06,0.0
1727898480.0,3.0092629534520487e-06,3.0092629534520487e-06,3.0092629534520487e-06,3.0092629534520487e-06,0.0
1727898540.0,3.0092629534520487e-06,3.0092629534520487e-06,3.0092629534520487e-06,3.0092629534520487e-06,0.0
1727898600.0,3.0092629534520487e-06,3.0092629534520487e-06,3.0092629534520487e-06,3.0092629534520487e-06,0.0
1727898660.0,3.0092629534520487e-06,3.0092629534520487e-06,3.0092629534520487e-06,3.0092629534520487e-06,0.0
1727898720.0,3.0092629534520487e-06,3.0092629534520487e-06,3.0092629534520487e-06,3.0092629534520487e-06,0.0
1727898780.0,3.0092629534520487e-06,3.0092629534520487e-06,3.0092629534520487e-06,3.0092629534520487e-06,0.0
1727898840.0,3.0092629534520487e-06,3.0092629534520487e-06,3.0092629534520487e-06,3.0092629534520487e-06,0.0
1727898900.0,3.0092629534520487e-06,3.0092629534520487e-06,3.0092629534520487e-06,3.0092629534520487e-06,0.0
1727898960.0,3.0092629534520487e-06,3.0092629534520487e-06,3.0092629534520487e-06,3.0092629534520487e-06,0.0
1727899020.0,3.0092629534520487e-06,3.0092629534520487e-06,3.0092629534520487e-06,3.0092629534520487e-06,0.0
1727899080.0,3.0092629534520487e-06,3.0092629534520487e-06,3.0092629534520487e-06,3.0092629534520487e-06,0.0
1727899140.0,3.0092629534520487e-06,3.0092629534520487e-06,3.0092629534520487e-06,3.0092629534520487e-06,0.0
1727899200.0,3.0092629534520487e-06,3.0092629534520487e-06,3.0092629534520487e-06,3.0092629534520487e-06,0.0
1727899260.0,3.0092629534520487e-06,3.0092629534520487e-06,3.0092629534520487e-06,3.0092629534520487e-06,0.0
1727899320.0,3.0092629534520487e-06,3.0092629534520487e-06,3.0092629534520487e-06,3.0092629534520487e-06,0.0
1727899380.0,3.0092629534520487e-06,3.0092629534520487e-06,3.0092629534520487e-06,3.0092629534520487e-06,0.0
1727899440.0,3.0092629534520487e-06,3.0092629534520487e-06,3.0092629534520487e-06,3.0092629534520487e-06,0.0
1727899500.0,3.0092629534520487e-06,3.0092629534520487e-06,3.0092629534520487e-06,3.0092629534520487e-06,0.0
1727899560.0,3.0092629534520487e-06,3.0092629534520487e-06,3.0092629534520487e-06,3.0092629534520487e-06,0.0
1727899620.0,3.0092629534520487e-06,3.0092629534520487e-06,3.0092629534520487e-06,3.0092629534520487e-06,0.0
1727899680.0,3.0092629534520487e-06,3.0092629534520487e-06,3.0092629534520487e-06,3.0092629534520487e-06,0.0
1727899740.0,3.0092629534520487e-06,3.0092629534520487e-06,3.0092629534520487e-06,3.0092629534520487e-06,0.0
1727899800.0,3.0092629534520487e-06,3.0092629534520487e-06,3.0092629534520487e-06,3.0092629534520487e-06,0.0
1727899860.0,3.0092629534520487e-06,3.0092629534520487e-06,3.0092629534520487e-06,3.0092629534520487e-06,0.0
1727899920.0,3.0092629534520487e-06,3.0092629534520487e-06,3.0092629534520487e-06,3.0092629534520487e-06,0.0
1727899980.0,3.0092629534520487e-06,3.0092629534520487e-06,3.0092629534520487e-06,3.0092629534520487e-06,0.0
1727900040.0,3.0092629534520487e-06,3.0092629534520487e-06,3.0092629534520487e-06,3.0092629534520487e-06,0.0
1727900100.0,3.0092629534520487e-06,3.0092629534520487e-06,3.0092629534520487e-06,3.0092629534520487e-06,0.0
1727900160.0,3.0092629534520487e-06,3.0092629534520487e-06,3.0092629534520487e-06,3.0092629534520487e-06,0.0
1727900220.0,3.0092629534520487e-06,3.0092629534520487e-06,3.0092629534520487e-06,3.0092629534520487e-06,0.0
1727900280.0,3.0092629534520487e-06,3.0092629534520487e-06,3.0092629534520487e-06,3.0092629534520487e-06,0.0
1727900340.0,3.0092629534520487e-06,3.0092629534520487e-06,3.0092629534520487e-06,3.0092629534520487e-06,0.0
1727900400.0,3.0092629534520487e-06,3.0092629534520487e-06,3.0092629534520487e-06,3.0092629534520487e-06,0.0
1727900460.0,3.0092629534520487e-06,3.0092629534520487e-06,3.0092629534520487e-06,3.0092629534520487e-06,0.0
1727900520.0,3.0092629534520487e-06,3.0092629534520487e-06,3.0092629534520487e-06,3.0092629534520487e-06,0.0
1727900580.0,3.0092629534520487e-06,3.0092629534520487e-06,3.0092629534520487e-06,3.0092629534520487e-06,0.0
1727900640.0,3.0092629534520487e-06,3.0092629534520487e-06,3.0092629534520487e-06,3.0092629534520487e-06,0.0
1727900700.0,3.0092629534520487e-06,3.0092629534520487e-06,3.0092629534520487e-06,3.0092629534520487e-06,0.0
1727900760.0,3.0092629534520487e-06,3.0092629534520487e-06,3.0092629534520487e-06,3.0092629534520487e-06,0.0
1727900820.0,3.0092629534520487e-06,3.0092629534520487e-06,3.0092629534520487e-06,3.0092629534520487e-06,0.0
1727900880.0,3.0092629534520487e-06,3.0092629534520487e-06,3.0092629534520487e-06,3.0092629534520487e-06,0.0
1727900940.0,3.0092629534520487e-06,3.0092629534520487e-06,3.0092629534520487e-06,3.0092629534520487e-06,0.0
1727901000.0,3.0092629534520487e-06,3.0092629534520487e-06,3.0092629534520487e-06,3.0092629534520487e-06,0.0
1727901060.0,3.0092629534520487e-06,3.0092629534520487e-06,3.0092629534520487e-06,3.0092629534520487e-06,0.0
1727901120.0,3.0092629534520487e-06,3.0092629534520487e-06,3.0092629534520487e-06,3.0092629534520487e-06,0.0
1727901180.0,3.0092629534520487e-06,3.0092629534520487e-06,3.0092629534520487e-06,3.0092629534520487e-06,0.0
1727901240.0,3.0092629534520487e-06,3.0092629534520487e-06,3.0092629534520487e-06,3.0092629534520487e-06,0.0
1727901300.0,3.0092629534520487e-06,3.0092629534520487e-06,3.0092629534520487e-06,3.0092629534520487e-06,0.0
1727901360.0,3.0092629534520487e-06,3.0092629534520487e-06,3.0092629534520487e-06,3.0092629534520487e-06,0.0
1727901420.0,3.0092629534520487e-06,3.0092629534520487e-06,3.0092629534520487e-06,3.0092629534520487e-06,0.0
1727901480.0,3.0092629534520487e-06,3.0092629534520487e-06,3.0092629534520487e-06,3.0092629534520487e-06,0.0
1727901540.0,3.0092629534520487e-06,3.0092629534520487e-06,3.0092629534520487e-06,3.0092629534520487e-06,0.0
1727901600.0,3.0092629534520487e-06,3.0092629534520487e-06,3.0092629534520487e-06,3.0092629534520487e-06,0.0
1727901660.0,3.0092629534520487e-06,3.0092629534520487e-06,3.0092629534520487e-06,3.0092629534520487e-06,0.0
1727901720.0,3.0092629534520487e-06,3.0092629534520487e-06,3.0092629534520487e-06,3.0092629534520487e-06,0.0
1727901780.0,3.0092629534520487e-06,3.0092629534520487e-06,3.0092629534520487e-06,3.0092629534520487e-06,0.0
1727901840.0,3.0092629534520487e-06,3.0092629534520487e-06,3.0092629534520487e-06,3.0092629534520487e-06,0.0
1727901900.0,3.0092629534520487e-06,3.0092629534520487e-06,2.835507026294578e-06,2.835507026294578e-06,82.53527204922241
1727901960.0,2.835507026294578e-06,2.835507026294578e-06,2.835507026294578e-06,2.835507026294578e-06,0.0
1727902020.0,2.835507026294578e-06,2.835507026294578e-06,2.835507026294578e-06,2.835507026294578e-06,0.0
1727902080.0,2.835507026294578e-06,2.835507026294578e-06,2.835507026294578e-06,2.835507026294578e-06,0.0
1727902140.0,2.835507026294578e-06,2.835507026294578e-06,2.835507026294578e-06,2.835507026294578e-06,0.0
1727902200.0,2.835507026294578e-06,2.835507026294578e-06,2.835507026294578e-06,2.835507026294578e-06,0.0
1727902260.0,2.835507026294578e-06,2.835507026294578e-06,2.7521982421081143e-06,2.7521982421081143e-06,0.1606617386795805
1727902320.0,2.7521982421081143e-06,2.7521982421081143e-06,2.7521982421081143e-06,2.7521982421081143e-06,0.0
1727902380.0,2.7521982421081143e-06,2.7521982421081143e-06,2.7521982421081143e-06,2.7521982421081143e-06,0.0
1727902440.0,2.7521982421081143e-06,2.7521982421081143e-06,2.7521982421081143e-06,2.7521982421081143e-06,0.0
1727902500.0,2.7521982421081143e-06,2.7521982421081143e-06,2.7521982421081143e-06,2.7521982421081143e-06,0.0
1727902560.0,2.7521982421081143e-06,2.7521982421081143e-06,2.7521982421081143e-06,2.7521982421081143e-06,0.0
1727902620.0,2.7521982421081143e-06,2.7521982421081143e-06,2.7521982421081143e-06,2.7521982421081143e-06,0.0
1727902680.0,2.7521982421081143e-06,2.7521982421081143e-06,2.7521982421081143e-06,2.7521982421081143e-06,0.0
1727902740.0,2.7521982421081143e-06,2.7521982421081143e-06,2.7521982421081143e-06,2.7521982421081143e-06,0.0
1727902800.0,2.7521982421081143e-06,2.7521982421081143e-06,2.7521982421081143e-06,2.7521982421081143e-06,0.0
1727902860.0,2.7521982421081143e-06,2.7521982421081143e-06,2.7521982421081143e-06,2.7521982421081143e-06,0.0
1727902920.0,2.7521982421081143e-06,2.7521982421081143e-06,2.7521982421081143e-06,2.7521982421081143e-06,0.0
1727902980.0,2.7521982421081143e-06,2.7521982421081143e-06,2.7521982421081143e-06,2.7521982421081143e-06,0.0
1727903040.0,2.7521982421081143e-06,2.7521982421081143e-06,2.7521982421081143e-06,2.7521982421081143e-06,0.0
1727903100.0,2.7521982421081143e-06,2.7521982421081143e-06,2.7521982421081143e-06,2.7521982421081143e-06,0.0
1727903160.0,2.7521982421081143e-06,2.7521982421081143e-06,2.7521982421081143e-06,2.7521982421081143e-06,0.0
1727903220.0,2.7521982421081143e-06,2.7521982421081143e-06,2.7521982421081143e-06,2.7521982421081143e-06,0.0
1727903280.0,2.7521982421081143e-06,2.7521982421081143e-06,2.7521982421081143e-06,2.7521982421081143e-06,0.0
1727903340.0,2.7521982421081143e-06,2.7521982421081143e-06,2.7521982421081143e-06,2.7521982421081143e-06,0.0
1727903400.0,2.7521982421081143e-06,2.7521982421081143e-06,2.7521982421081143e-06,2.7521982421081143e-06,0.0
1727903460.0,2.7521982421081143e-06,2.7521982421081143e-06,2.7521982421081143e-06,2.7521982421081143e-06,0.0
1727903520.0,2.7521982421081143e-06,2.7521982421081143e-06,2.7521982421081143e-06,2.7521982421081143e-06,0.0
1727903580.0,2.7521982421081143e-06,2.7521982421081143e-06,2.7521982421081143e-06,2.7521982421081143e-06,0.0
1727903640.0,2.7521982421081143e-06,2.7521982421081143e-06,2.7521982421081143e-06,2.7521982421081143e-06,0.0
1727903700.0,2.7521982421081143e-06,2.7521982421081143e-06,2.7521982421081143e-06,2.7521982421081143e-06,0.0
1727903760.0,2.7521982421081143e-06,2.7521982421081143e-06,2.7521982421081143e-06,2.7521982421081143e-06,0.0
1727903820.0,2.7521982421081143e-06,2.7521982421081143e-06,2.7521982421081143e-06,2.7521982421081143e-06,0.0
1727903880.0,2.7521982421081143e-06,2.7521982421081143e-06,2.7521982421081143e-06,2.7521982421081143e-06,0.0
1727903940.0,2.7521982421081143e-06,2.7521982421081143e-06,2.7521982421081143e-06,2.7521982421081143e-06,0.0
1727904000.0,2.7521982421081143e-06,2.7521982421081143e-06,2.7521982421081143e-06,2.7521982421081143e-06,0.0
1727904060.0,2.7521982421081143e-06,2.7521982421081143e-06,2.7521982421081143e-06,2.7521982421081143e-06,0.0
1727904120.0,2.7521982421081143e-06,2.7521982421081143e-06,2.7521982421081143e-06,2.7521982421081143e-06,0.0
1727904180.0,2.7521982421081143e-06,2.7521982421081143e-06,2.7521982421081143e-06,2.7521982421081143e-06,0.0
1727904240.0,2.7521982421081143e-06,2.7521982421081143e-06,2.7521982421081143e-06,2.7521982421081143e-06,0.0
1727904300.0,2.7521982421081143e-06,2.7521982421081143e-06,2.7521982421081143e-06,2.7521982421081143e-06,0.0
1727904360.0,2.7521982421081143e-06,2.7521982421081143e-06,2.7521982421081143e-06,2.7521982421081143e-06,0.0
1727904420.0,2.7521982421081143e-06,2.7521982421081143e-06,2.7521982421081143e-06,2.7521982421081143e-06,0.0
1727904480.0,2.7521982421081143e-06,2.7521982421081143e-06,2.7521982421081143e-06,2.7521982421081143e-06,0.0
1727904540.0,2.7521982421081143e-06,2.7521982421081143e-06,2.7521982421081143e-06,2.7521982421081143e-06,0.0
1727904600.0,2.7521982421081143e-06,2.7521982421081143e-06,2.7521982421081143e-06,2.7521982421081143e-06,0.0
1727904660.0,2.7521982421081143e-06,2.7521982421081143e-06,2.7521982421081143e-06,2.7521982421081143e-06,0.0
1727904720.0,2.7521982421081143e-06,2.7521982421081143e-06,2.7521982421081143e-06,2.7521982421081143e-06,0.0
1727904780.0,2.7521982421081143e-06,2.7521982421081143e-06,2.7521982421081143e-06,2.7521982421081143e-06,0.0
1727904840.0,2.7521982421081143e-06,2.7521982421081143e-06,2.7521982421081143e-06,2.7521982421081143e-06,0.0
1727904900.0,2.7521982421081143e-06,2.7521982421081143e-06,2.7521982421081143e-06,2.7521982421081143e-06,0.0
1727904960.0,2.7521982421081143e-06,2.7521982421081143e-06,2.7521982421081143e-06,2.7521982421081143e-06,0.0
1727905020.0,2.7521982421081143e-06,2.7521982421081143e-06,2.7521982421081143e-06,2.7521982421081143e-06,0.0
1727905080.0,2.7521982421081143e-06,2.7521982421081143e-06,2.7521982421081143e-06,2.7521982421081143e-06,0.0
1727905140.0,2.7521982421081143e-06,2.7521982421081143e-06,2.7521982421081143e-06,2.7521982421081143e-06,0.0
1727905200.0,2.7521982421081143e-06,2.7521982421081143e-06,2.7521982421081143e-06,2.7521982421081143e-06,0.0
1727905260.0,2.7521982421081143e-06,2.7521982421081143e-06,2.7521982421081143e-06,2.7521982421081143e-06,0.0
1727905320.0,2.7521982421081143e-06,2.7521982421081143e-06,2.7521982421081143e-06,2.7521982421081143e-06,0.0
1727905380.0,2.7521982421081143e-06,2.7521982421081143e-06,2.7521982421081143e-06,2.7521982421081143e-06,0.0
1727905440.0,2.7521982421081143e-06,2.7521982421081143e-06,2.7521982421081143e-06,2.7521982421081143e-06,0.0
1727905500.0,2.7521982421081143e-06,2.7521982421081143e-06,2.7521982421081143e-06,2.7521982421081143e-06,0.0
1727905560.0,2.7521982421081143e-06,2.7521982421081143e-06,2.7521982421081143e-06,2.7521982421081143e-06,0.0
1727905620.0,2.7521982421081143e-06,2.7521982421081143e-06,2.7521982421081143e-06,2.7521982421081143e-06,0.0
1727905680.0,2.7521982421081143e-06,2.7521982421081143e-06,2.7521982421081143e-06,2.7521982421081143e-06,0.0
1727905740.0,2.7521982421081143e-06,2.7521982421081143e-06,2.7521982421081143e-06,2.7521982421081143e-06,0.0
1727905800.0,2.7521982421081143e-06,2.7521982421081143e-06,2.7521982421081143e-06,2.7521982421081143e-06,0.0
1727905860.0,2.7521982421081143e-06,2.7521982421081143e-06,2.7521982421081143e-06,2.7521982421081143e-06,0.0
1727905920.0,2.7521982421081143e-06,2.7521982421081143e-06,2.7521982421081143e-06,2.7521982421081143e-06,0.0
1727905980.0,2.7521982421081143e-06,2.7521982421081143e-06,2.7521982421081143e-06,2.7521982421081143e-06,0.0
1727906040.0,2.7521982421081143e-06,2.7521982421081143e-06,2.7521982421081143e-06,2.7521982421081143e-06,0.0
1727906100.0,2.7521982421081143e-06,2.7521982421081143e-06,2.7521982421081143e-06,2.7521982421081143e-06,0.0
1727906160.0,2.7521982421081143e-06,2.7521982421081143e-06,2.7521982421081143e-06,2.7521982421081143e-06,0.0
1727906220.0,2.7521982421081143e-06,2.7521982421081143e-06,2.7521982421081143e-06,2.7521982421081143e-06,0.0
1727906280.0,2.7521982421081143e-06,2.7521982421081143e-06,2.7521982421081143e-06,2.7521982421081143e-06,0.0
1727906340.0,2.7521982421081143e-06,2.7521982421081143e-06,2.7521982421081143e-06,2.7521982421081143e-06,0.0
1727906400.0,2.7521982421081143e-06,2.7521982421081143e-06,2.7521982421081143e-06,2.7521982421081143e-06,0.0
1727906460.0,2.7521982421081143e-06,2.7521982421081143e-06,2.7521982421081143e-06,2.7521982421081143e-06,0.0
1727906520.0,2.7521982421081143e-06,2.7521982421081143e-06,2.7521982421081143e-06,2.7521982421081143e-06,0.0
1727906580.0,2.7521982421081143e-06,2.7521982421081143e-06,2.7521982421081143e-06,2.7521982421081143e-06,0.0
1727906640.0,2.7521982421081143e-06,2.7521982421081143e-06,2.7521982421081143e-06,2.7521982421081143e-06,0.0
1727906700.0,2.7521982421081143e-06,2.7521982421081143e-06,2.7521982421081143e-06,2.7521982421081143e-06,0.0
1727906760.0,2.7521982421081143e-06,2.7521982421081143e-06,2.7521982421081143e-06,2.7521982421081143e-06,0.0
1727906820.0,2.7521982421081143e-06,2.7521982421081143e-06,2.7521982421081143e-06,2.7521982421081143e-06,0.0
1727906880.0,2.7521982421081143e-06,2.7521982421081143e-06,2.7521982421081143e-06,2.7521982421081143e-06,0.0
1727906940.0,2.7521982421081143e-06,2.7521982421081143e-06,2.7521982421081143e-06,2.7521982421081143e-06,0.0
1727907000.0,2.7521982421081143e-06,2.7521982421081143e-06,2.7521982421081143e-06,2.7521982421081143e-06,0.0
1727907060.0,2.7521982421081143e-06,2.7521982421081143e-06,2.7521982421081143e-06,2.7521982421081143e-06,0.0
1727907120.0,2.7521982421081143e-06,2.7521982421081143e-06,2.7521982421081143e-06,2.7521982421081143e-06,0.0
1727907180.0,2.7521982421081143e-06,2.7521982421081143e-06,2.732224245064779e-06,2.732224245064779e-06,1.6381345345030107
1727907240.0,2.732224245064779e-06,2.732224245064779e-06,2.732224245064779e-06,2.732224245064779e-06,0.0
1727907300.0,2.732224245064779e-06,2.732224245064779e-06,2.732224245064779e-06,2.732224245064779e-06,0.0
1727907360.0,2.732224245064779e-06,2.732224245064779e-06,2.732224245064779e-06,2.732224245064779e-06,0.0
1727907420.0,2.732224245064779e-06,2.732224245064779e-06,2.732224245064779e-06,2.732224245064779e-06,0.0
1727907480.0,2.732224245064779e-06,2.732224245064779e-06,2.732224245064779e-06,2.732224245064779e-06,0.0
1727907540.0,2.732224245064779e-06,2.732224245064779e-06,2.732224245064779e-06,2.732224245064779e-06,0.0
1727907600.0,2.732224245064779e-06,2.732224245064779e-06,2.732224245064779e-06,2.732224245064779e-06,0.0
1727907660.0,2.732224245064779e-06,2.732224245064779e-06,2.732224245064779e-06,2.732224245064779e-06,0.0
1727907720.0,2.732224245064779e-06,2.732224245064779e-06,2.732224245064779e-06,2.732224245064779e-06,0.0
1727907780.0,2.732224245064779e-06,2.732224245064779e-06,2.732224245064779e-06,2.732224245064779e-06,0.0
1727907840.0,2.732224245064779e-06,2.732224245064779e-06,2.732224245064779e-06,2.732224245064779e-06,0.0
1727907900.0,2.732224245064779e-06,2.732224245064779e-06,2.732224245064779e-06,2.732224245064779e-06,0.0
1727907960.0,2.732224245064779e-06,2.732224245064779e-06,2.732224245064779e-06,2.732224245064779e-06,0.0
1727908020.0,2.732224245064779e-06,2.732224245064779e-06,2.732224245064779e-06,2.732224245064779e-06,0.0
1727908080.0,2.732224245064779e-06,2.732224245064779e-06,2.732224245064779e-06,2.732224245064779e-06,0.0
1727908140.0,2.732224245064779e-06,2.732224245064779e-06,2.732224245064779e-06,2.732224245064779e-06,0.0
1727908200.0,2.732224245064779e-06,2.732224245064779e-06,2.732224245064779e-06,2.732224245064779e-06,0.0
1727908260.0,2.732224245064779e-06,2.732224245064779e-06,2.732224245064779e-06,2.732224245064779e-06,0.0
1727908320.0,2.732224245064779e-06,2.732224245064779e-06,2.732224245064779e-06,2.732224245064779e-06,0.0
1727908380.0,2.732224245064779e-06,2.732224245064779e-06,2.7295948801866028e-06,2.7295948801866028e-06,16.14501094924006
1727908440.0,2.7295948801866028e-06,2.7295948801866028e-06,2.7295948801866028e-06,2.7295948801866028e-06,0.0
1727908500.0,2.7295948801866028e-06,2.7295948801866028e-06,2.7295948801866028e-06,2.7295948801866028e-06,0.0
1727908560.0,2.7295948801866028e-06,2.7295948801866028e-06,2.7295948801866028e-06,2.7295948801866028e-06,0.0
1727908620.0,2.7295948801866028e-06,2.7295948801866028e-06,2.7295948801866028e-06,2.7295948801866028e-06,0.0
1727908680.0,2.7295948801866028e-06,2.7295948801866028e-06,2.7295948801866028e-06,2.7295948801866028e-06,0.0
1727908740.0,2.7295948801866028e-06,2.7295948801866028e-06,2.7295948801866028e-06,2.7295948801866028e-06,0.0
1727908800.0,2.7295948801866028e-06,2.7295948801866028e-06,2.7295948801866028e-06,2.7295948801866028e-06,0.0
1727908860.0,2.7295948801866028e-06,2.7295948801866028e-06,2.7295948801866028e-06,2.7295948801866028e-06,0.0
1727908920.0,2.7295948801866028e-06,2.7295948801866028e-06,2.7295948801866028e-06,2.7295948801866028e-06,0.0
1727908980.0,2.7295948801866028e-06,2.7295948801866028e-06,2.7295948801866028e-06,2.7295948801866028e-06,0.0
1727909040.0,2.7295948801866028e-06,2.7295948801866028e-06,2.7295948801866028e-06,2.7295948801866028e-06,0.0
1727909100.0,2.7295948801866028e-06,2.7295948801866028e-06,2.7295948801866028e-06,2.7295948801866028e-06,0.0
1727909160.0,2.7295948801866028e-06,2.7295948801866028e-06,2.7295948801866028e-06,2.7295948801866028e-06,0.0
1727909220.0,2.7295948801866028e-06,2.7295948801866028e-06,2.7295948801866028e-06,2.7295948801866028e-06,0.0
1727909280.0,2.7295948801866028e-06,2.7295948801866028e-06,2.7295948801866028e-06,2.7295948801866028e-06,0.0
1727909340.0,2.7295948801866028e-06,2.7295948801866028e-06,2.7295948801866028e-06,2.7295948801866028e-06,0.0
1727909400.0,2.7295948801866028e-06,2.7295948801866028e-06,2.7295948801866028e-06,2.7295948801866028e-06,0.0
1727909460.0,2.7295948801866028e-06,2.7295948801866028e-06,2.7295948801866028e-06,2.7295948801866028e-06,0.0
1727909520.0,2.7295948801866028e-06,2.7295948801866028e-06,2.7295948801866028e-06,2.7295948801866028e-06,0.0
1727909580.0,2.7295948801866028e-06,2.7295948801866028e-06,2.7295948801866028e-06,2.7295948801866028e-06,0.0
1727909640.0,2.7295948801866028e-06,2.7295948801866028e-06,2.7295948801866028e-06,2.7295948801866028e-06,0.0
1727909700.0,2.7295948801866028e-06,2.7295948801866028e-06,2.7295948801866028e-06,2.7295948801866028e-06,0.0
1727909760.0,2.7295948801866028e-06,2.7295948801866028e-06,2.7295948801866028e-06,2.7295948801866028e-06,0.0
1727909820.0,2.7295948801866028e-06,2.7295948801866028e-06,2.7295948801866028e-06,2.7295948801866028e-06,0.0
1727909880.0,2.7295948801866028e-06,2.7295948801866028e-06,2.7295948801866028e-06,2.7295948801866028e-06,0.0
1727909940.0,2.7295948801866028e-06,2.7295948801866028e-06,2.7295948801866028e-06,2.7295948801866028e-06,0.0
1727910000.0,2.7295948801866028e-06,2.7295948801866028e-06,2.7295948801866028e-06,2.7295948801866028e-06,0.0
1727910060.0,2.7295948801866028e-06,2.7295948801866028e-06,2.7295948801866028e-06,2.7295948801866028e-06,0.0
1727910120.0,2.7295948801866028e-06,2.7295948801866028e-06,2.7295948801866028e-06,2.7295948801866028e-06,0.0
1727910180.0,2.7295948801866028e-06,2.7295948801866028e-06,2.7295948801866028e-06,2.7295948801866028e-06,0.0
1727910240.0,2.7295948801866028e-06,2.7295948801866028e-06,2.7295948801866028e-06,2.7295948801866028e-06,0.0
1727910300.0,2.7295948801866028e-06,2.7295948801866028e-06,2.7295948801866028e-06,2.7295948801866028e-06,0.0
1727910360.0,2.7295948801866028e-06,2.7295948801866028e-06,2.7295948801866028e-06,2.7295948801866028e-06,0.0
1727910420.0,2.7295948801866028e-06,2.7295948801866028e-06,2.7295948801866028e-06,2.7295948801866028e-06,0.0
1727910480.0,2.7295948801866028e-06,2.7295948801866028e-06,2.7295948801866028e-06,2.7295948801866028e-06,0.0
1727910540.0,2.7295948801866028e-06,2.7295948801866028e-06,2.7295948801866028e-06,2.7295948801866028e-06,0.0
1727910600.0,2.7295948801866028e-06,2.7295948801866028e-06,2.655067352854868e-06,2.655067352854868e-06,68.0649207566805
1727910660.0,2.655067352854868e-06,2.655067352854868e-06,2.655067352854868e-06,2.655067352854868e-06,0.0
1727910720.0,2.655067352854868e-06,2.655067352854868e-06,2.655067352854868e-06,2.655067352854868e-06,0.0
1727910780.0,2.655067352854868e-06,2.655067352854868e-06,2.655067352854868e-06,2.655067352854868e-06,0.0
1727910840.0,2.655067352854868e-06,2.655067352854868e-06,2.655067352854868e-06,2.655067352854868e-06,0.0
1727910900.0,2.655067352854868e-06,2.655067352854868e-06,2.655067352854868e-06,2.655067352854868e-06,0.0
1727910960.0,2.655067352854868e-06,2.655067352854868e-06,2.655067352854868e-06,2.655067352854868e-06,0.0
1727911020.0,2.655067352854868e-06,2.655067352854868e-06,2.655067352854868e-06,2.655067352854868e-06,0.0
1727911080.0,2.655067352854868e-06,2.655067352854868e-06,2.655067352854868e-06,2.655067352854868e-06,0.0
1727911140.0,2.655067352854868e-06,2.655067352854868e-06,2.655067352854868e-06,2.655067352854868e-06,0.0
1727911200.0,2.655067352854868e-06,2.655067352854868e-06,2.655067352854868e-06,2.655067352854868e-06,0.0
1727911260.0,2.655067352854868e-06,2.655067352854868e-06,2.655067352854868e-06,2.655067352854868e-06,0.0
1727911320.0,2.655067352854868e-06,2.655067352854868e-06,2.655067352854868e-06,2.655067352854868e-06,0.0
1727911380.0,2.655067352854868e-06,2.655067352854868e-06,2.655067352854868e-06,2.655067352854868e-06,0.0
1727911440.0,2.655067352854868e-06,2.655067352854868e-06,2.655067352854868e-06,2.655067352854868e-06,0.0
1727911500.0,2.655067352854868e-06,2.655067352854868e-06,2.655067352854868e-06,2.655067352854868e-06,0.0
1727911560.0,2.655067352854868e-06,2.655067352854868e-06,2.655067352854868e-06,2.655067352854868e-06,0.0
1727911620.0,2.655067352854868e-06,2.655067352854868e-06,2.655067352854868e-06,2.655067352854868e-06,0.0
1727911680.0,2.655067352854868e-06,2.655067352854868e-06,2.655067352854868e-06,2.655067352854868e-06,0.0
1727911740.0,2.655067352854868e-06,2.655067352854868e-06,2.655067352854868e-06,2.655067352854868e-06,0.0
1727911800.0,2.655067352854868e-06,2.655067352854868e-06,2.655067352854868e-06,2.655067352854868e-06,0.0
1727911860.0,2.655067352854868e-06,2.655067352854868e-06,2.5783048618127096e-06,2.5783048618127096e-06,0.1862072299303486
1727911920.0,2.5783048618127096e-06,2.5783048618127096e-06,2.5783048618127096e-06,2.5783048618127096e-06,0.0
1727911980.0,2.5783048618127096e-06,2.5783048618127096e-06,2.5783048618127096e-06,2.5783048618127096e-06,0.0
1727912040.0,2.5783048618127096e-06,2.5783048618127096e-06,2.5783048618127096e-06,2.5783048618127096e-06,0.0
1727912100.0,2.5783048618127096e-06,2.5783048618127096e-06,2.5783048618127096e-06,2.5783048618127096e-06,0.0
1727912160.0,2.5783048618127096e-06,2.5783048618127096e-06,2.5783048618127096e-06,2.5783048618127096e-06,0.0
1727912220.0,2.5783048618127096e-06,2.5783048618127096e-06,2.5783048618127096e-06,2.5783048618127096e-06,0.0
1727912280.0,2.5783048618127096e-06,2.5783048618127096e-06,2.5783048618127096e-06,2.5783048618127096e-06,0.0
1727912340.0,2.5783048618127096e-06,2.5783048618127096e-06,2.5783048618127096e-06,2.5783048618127096e-06,0.0
1727912400.0,2.5783048618127096e-06,2.5783048618127096e-06,2.5783048618127096e-06,2.5783048618127096e-06,0.0
1727912460.0,2.5783048618127096e-06,2.5783048618127096e-06,2.5783048618127096e-06,2.5783048618127096e-06,0.0
1727912520.0,2.5783048618127096e-06,2.5783048618127096e-06,2.5783048618127096e-06,2.5783048618127096e-06,0.0
1727912580.0,2.5783048618127096e-06,2.5783048618127096e-06,2.5783048618127096e-06,2.5783048618127096e-06,0.0
1727912640.0,2.5783048618127096e-06,2.5783048618127096e-06,2.5783048618127096e-06,2.5783048618127096e-06,0.0
1727912700.0,2.5783048618127096e-06,2.5783048618127096e-06,2.5783048618127096e-06,2.5783048618127096e-06,0.0
1727912760.0,2.5783048618127096e-06,2.5783048618127096e-06,2.5783048618127096e-06,2.5783048618127096e-06,0.0
1727912820.0,2.5783048618127096e-06,2.5783048618127096e-06,2.5783048618127096e-06,2.5783048618127096e-06,0.0
1727912880.0,2.5783048618127096e-06,2.5783048618127096e-06,2.5783048618127096e-06,2.5783048618127096e-06,0.0
1727912940.0,2.5783048618127096e-06,2.5783048618127096e-06,2.5783048618127096e-06,2.5783048618127096e-06,0.0
1727913000.0,2.5783048618127096e-06,2.5783048618127096e-06,2.5783048618127096e-06,2.5783048618127096e-06,0.0
1727913060.0,2.5783048618127096e-06,2.5783048618127096e-06,2.5783048618127096e-06,2.5783048618127096e-06,0.0
1727913120.0,2.5783048618127096e-06,2.5783048618127096e-06,2.5783048618127096e-06,2.5783048618127096e-06,0.0
1727913180.0,2.5783048618127096e-06,2.5783048618127096e-06,2.5783048618127096e-06,2.5783048618127096e-06,0.0
1727913240.0,2.5783048618127096e-06,2.5783048618127096e-06,2.5783048618127096e-06,2.5783048618127096e-06,0.0
1727913300.0,2.5783048618127096e-06,2.5783048618127096e-06,2.5783048618127096e-06,2.5783048618127096e-06,0.0
1727913360.0,2.5783048618127096e-06,2.5783048618127096e-06,2.568000586990584e-06,2.568000586990584e-06,0.0006568002583066
1727913420.0,2.568000586990584e-06,2.568000586990584e-06,2.568000586990584e-06,2.568000586990584e-06,0.0
1727913480.0,2.568000586990584e-06,2.568000586990584e-06,2.568000586990584e-06,2.568000586990584e-06,0.0
1727913540.0,2.568000586990584e-06,2.568000586990584e-06,2.568000586990584e-06,2.568000586990584e-06,0.0
1727913600.0,2.568000586990584e-06,2.568000586990584e-06,2.568000586990584e-06,2.568000586990584e-06,0.0
1727913660.0,2.568000586990584e-06,2.568000586990584e-06,2.568000586990584e-06,2.568000586990584e-06,0.0
1727913720.0,2.568000586990584e-06,2.568000586990584e-06,2.568000586990584e-06,2.568000586990584e-06,0.0
1727913780.0,2.568000586990584e-06,2.568000586990584e-06,2.568000586990584e-06,2.568000586990584e-06,0.0
1727913840.0,2.568000586990584e-06,2.568000586990584e-06,2.568000586990584e-06,2.568000586990584e-06,0.0
1727913900.0,2.568000586990584e-06,2.568000586990584e-06,2.568000586990584e-06,2.568000586990584e-06,0.0
1727913960.0,2.568000586990584e-06,2.568000586990584e-06,2.568000586990584e-06,2.568000586990584e-06,0.0
1727914020.0,2.568000586990584e-06,2.568000586990584e-06,2.568000586990584e-06,2.568000586990584e-06,0.0
1727914080.0,2.568000586990584e-06,2.568000586990584e-06,2.568000586990584e-06,2.568000586990584e-06,0.0
1727914140.0,2.568000586990584e-06,2.568000586990584e-06,2.568000586990584e-06,2.568000586990584e-06,0.0
1727914200.0,2.568000586990584e-06,2.568000586990584e-06,2.568000586990584e-06,2.568000586990584e-06,0.0
1727914260.0,2.568000586990584e-06,2.568000586990584e-06,2.568000586990584e-06,2.568000586990584e-06,0.0
1727914320.0,2.568000586990584e-06,2.568000586990584e-06,2.568000586990584e-06,2.568000586990584e-06,0.0
1727914380.0,2.568000586990584e-06,2.568000586990584e-06,2.568000586990584e-06,2.568000586990584e-06,0.0
1727914440.0,2.568000586990584e-06,2.568000586990584e-06,2.568000586990584e-06,2.568000586990584e-06,0.0
1727914500.0,2.568000586990584e-06,2.568000586990584e-06,2.568000586990584e-06,2.568000586990584e-06,0.0
1727914560.0,2.568000586990584e-06,2.568000586990584e-06,2.568000586990584e-06,2.568000586990584e-06,0.0
1727914620.0,2.568000586990584e-06,2.568000586990584e-06,2.568000586990584e-06,2.568000586990584e-06,0.0
1727914680.0,2.568000586990584e-06,2.568000586990584e-06,2.568000586990584e-06,2.568000586990584e-06,0.0
1727914740.0,2.568000586990584e-06,2.568000586990584e-06,2.568000586990584e-06,2.568000586990584e-06,0.0
1727914800.0,2.568000586990584e-06,2.568000586990584e-06,2.568000586990584e-06,2.568000586990584e-06,0.0
1727914860.0,2.568000586990584e-06,2.568000586990584e-06,2.568000586990584e-06,2.568000586990584e-06,0.0
1727914920.0,2.568000586990584e-06,2.568000586990584e-06,2.568000586990584e-06,2.568000586990584e-06,0.0
1727914980.0,2.568000586990584e-06,2.568000586990584e-06,2.568000586990584e-06,2.568000586990584e-06,0.0
1727915040.0,2.568000586990584e-06,2.568000586990584e-06,2.568000586990584e-06,2.568000586990584e-06,0.0
1727915100.0,2.568000586990584e-06,2.568000586990584e-06,2.568000586990584e-06,2.568000586990584e-06,0.0
1727915160.0,2.568000586990584e-06,2.568000586990584e-06,2.568000586990584e-06,2.568000586990584e-06,0.0
1727915220.0,2.568000586990584e-06,2.568000586990584e-06,2.568000586990584e-06,2.568000586990584e-06,0.0
1727915280.0,2.568000586990584e-06,2.568000586990584e-06,2.568000586990584e-06,2.568000586990584e-06,0.0
1727915340.0,2.568000586990584e-06,2.568000586990584e-06,2.568000586990584e-06,2.568000586990584e-06,0.0
1727915400.0,2.568000586990584e-06,2.568000586990584e-06,2.568000586990584e-06,2.568000586990584e-06,0.0
1727915460.0,2.568000586990584e-06,2.568000586990584e-06,2.568000586990584e-06,2.568000586990584e-06,0.0
1727915520.0,2.568000586990584e-06,2.568000586990584e-06,2.568000586990584e-06,2.568000586990584e-06,0.0
1727915580.0,2.568000586990584e-06,2.568000586990584e-06,2.568000586990584e-06,2.568000586990584e-06,0.0
1727915640.0,2.568000586990584e-06,2.568000586990584e-06,2.568000586990584e-06,2.568000586990584e-06,0.0
1727915700.0,2.568000586990584e-06,2.568000586990584e-06,2.568000586990584e-06,2.568000586990584e-06,0.0
1727915760.0,2.568000586990584e-06,2.568000586990584e-06,2.568000586990584e-06,2.568000586990584e-06,0.0
1727915820.0,2.568000586990584e-06,2.570307223990694e-06,2.568000586990584e-06,2.570307223990694e-06,1.4565122003801183
1727915880.0,2.570307223990694e-06,2.570307223990694e-06,2.570307223990694e-06,2.570307223990694e-06,0.0
1727915940.0,2.570307223990694e-06,2.570307223990694e-06,2.570307223990694e-06,2.570307223990694e-06,0.0
1727916000.0,2.570307223990694e-06,2.570307223990694e-06,2.570307223990694e-06,2.570307223990694e-06,0.0
1727916060.0,2.570307223990694e-06,2.570307223990694e-06,2.570307223990694e-06,2.570307223990694e-06,0.0
1727916120.0,2.570307223990694e-06,3.9896471695389385e-06,2.570307223990694e-06,3.2183762079576548e-06,1204.7909229568468
1727916180.0,3.2183762079576548e-06,3.2183762079576548e-06,3.2183762079576548e-06,3.2183762079576548e-06,0.0
1727916240.0,3.2183762079576548e-06,3.2183762079576548e-06,3.2183762079576548e-06,3.2183762079576548e-06,0.0
1727916300.0,3.2183762079576548e-06,3.2183762079576548e-06,3.2183762079576548e-06,3.2183762079576548e-06,0.0
1727916360.0,3.2183762079576548e-06,3.2183762079576548e-06,3.2183762079576548e-06,3.2183762079576548e-06,0.0
1727916420.0,3.2183762079576548e-06,3.2183762079576548e-06,3.2183762079576548e-06,3.2183762079576548e-06,0.0
1727916480.0,3.2183762079576548e-06,3.2183762079576548e-06,3.2183762079576548e-06,3.2183762079576548e-06,0.0
1727916540.0,3.2183762079576548e-06,3.2183762079576548e-06,3.2183762079576548e-06,3.2183762079576548e-06,0.0
1727916600.0,3.2183762079576548e-06,3.2183762079576548e-06,3.2183762079576548e-06,3.2183762079576548e-06,0.0
1727916660.0,3.2183762079576548e-06,3.2183762079576548e-06,3.2183762079576548e-06,3.2183762079576548e-06,0.0
1727916720.0,3.2183762079576548e-06,3.2183762079576548e-06,3.2183762079576548e-06,3.2183762079576548e-06,0.0
1727916780.0,3.2183762079576548e-06,3.2183762079576548e-06,3.2183762079576548e-06,3.2183762079576548e-06,0.0
1727916840.0,3.2183762079576548e-06,3.2183762079576548e-06,3.2183762079576548e-06,3.2183762079576548e-06,0.0
1727916900.0,3.2183762079576548e-06,3.2183762079576548e-06,3.2183762079576548e-06,3.2183762079576548e-06,0.0
1727916960.0,3.2183762079576548e-06,3.2183762079576548e-06,3.2183762079576548e-06,3.2183762079576548e-06,0.0
1727917020.0,3.2183762079576548e-06,3.2183762079576548e-06,3.2183762079576548e-06,3.2183762079576548e-06,0.0
1727917080.0,3.2183762079576548e-06,3.2183762079576548e-06,3.2183762079576548e-06,3.2183762079576548e-06,0.0
1727917140.0,3.2183762079576548e-06,3.2183762079576548e-06,3.2183762079576548e-06,3.2183762079576548e-06,0.0
1727917200.0,3.2183762079576548e-06,3.2183762079576548e-06,3.2183762079576548e-06,3.2183762079576548e-06,0.0
1727917260.0,3.2183762079576548e-06,3.2183762079576548e-06,3.2183762079576548e-06,3.2183762079576548e-06,0.0
1727917320.0,3.2183762079576548e-06,3.2183762079576548e-06,3.2183762079576548e-06,3.2183762079576548e-06,0.0
1727917380.0,3.2183762079576548e-06,3.2183762079576548e-06,3.2183762079576548e-06,3.2183762079576548e-06,0.0
1727917440.0,3.2183762079576548e-06,3.2183762079576548e-06,3.2183762079576548e-06,3.2183762079576548e-06,0.0
1727917500.0,3.2183762079576548e-06,3.2183762079576548e-06,3.2183762079576548e-06,3.2183762079576548e-06,0.0
1727917560.0,3.2183762079576548e-06,3.2183762079576548e-06,3.2183762079576548e-06,3.2183762079576548e-06,0.0
1727917620.0,3.2183762079576548e-06,3.2183762079576548e-06,3.2183762079576548e-06,3.2183762079576548e-06,0.0
1727917680.0,3.2183762079576548e-06,3.2183762079576548e-06,3.2183762079576548e-06,3.2183762079576548e-06,0.0
1727917740.0,3.2183762079576548e-06,3.2183762079576548e-06,3.2183762079576548e-06,3.2183762079576548e-06,0.0
1727917800.0,3.2183762079576548e-06,3.2183762079576548e-06,3.2183762079576548e-06,3.2183762079576548e-06,0.0
1727917860.0,3.2183762079576548e-06,3.2183762079576548e-06,3.2183762079576548e-06,3.2183762079576548e-06,0.0
1727917920.0,3.2183762079576548e-06,3.2183762079576548e-06,3.2183762079576548e-06,3.2183762079576548e-06,0.0
1727917980.0,3.2183762079576548e-06,3.2183762079576548e-06,3.2183762079576548e-06,3.2183762079576548e-06,0.0
1727918040.0,3.2183762079576548e-06,3.2183762079576548e-06,3.2183762079576548e-06,3.2183762079576548e-06,0.0
1727918100.0,3.2183762079576548e-06,3.2183762079576548e-06,3.2183762079576548e-06,3.2183762079576548e-06,0.0
1727918160.0,3.2183762079576548e-06,3.2183762079576548e-06,3.2183762079576548e-06,3.2183762079576548e-06,0.0
1727918220.0,3.2183762079576548e-06,3.2183762079576548e-06,3.2183762079576548e-06,3.2183762079576548e-06,0.0
1727918280.0,3.2183762079576548e-06,3.2183762079576548e-06,3.2183762079576548e-06,3.2183762079576548e-06,0.0
1727918340.0,3.2183762079576548e-06,3.2183762079576548e-06,3.2183762079576548e-06,3.2183762079576548e-06,0.0
1727918400.0,3.2183762079576548e-06,3.2183762079576548e-06,3.2183762079576548e-06,3.2183762079576548e-06,0.0
1727918460.0,3.2183762079576548e-06,3.2183762079576548e-06,3.2183762079576548e-06,3.2183762079576548e-06,0.0
1727918520.0,3.2183762079576548e-06,3.2183762079576548e-06,3.2183762079576548e-06,3.2183762079576548e-06,0.0
1727918580.0,3.2183762079576548e-06,3.2183762079576548e-06,3.2183762079576548e-06,3.2183762079576548e-06,0.0
1727918640.0,3.2183762079576548e-06,3.2183762079576548e-06,3.2183762079576548e-06,3.2183762079576548e-06,0.0
1727918700.0,3.2183762079576548e-06,3.2183762079576548e-06,3.2183762079576548e-06,3.2183762079576548e-06,0.0
1727918760.0,3.2183762079576548e-06,3.2183762079576548e-06,3.2183762079576548e-06,3.2183762079576548e-06,0.0
1727918820.0,3.2183762079576548e-06,3.2183762079576548e-06,3.2183762079576548e-06,3.2183762079576548e-06,0.0
1727918880.0,3.2183762079576548e-06,3.2183762079576548e-06,3.2183762079576548e-06,3.2183762079576548e-06,0.0
1727918940.0,3.2183762079576548e-06,3.2183762079576548e-06,3.2183762079576548e-06,3.2183762079576548e-06,0.0
1727919000.0,3.2183762079576548e-06,3.2183762079576548e-06,3.2183762079576548e-06,3.2183762079576548e-06,0.0
1727919060.0,3.2183762079576548e-06,3.2183762079576548e-06,3.2183762079576548e-06,3.2183762079576548e-06,0.0
1727919120.0,3.2183762079576548e-06,3.2183762079576548e-06,3.2183762079576548e-06,3.2183762079576548e-06,0.0
1727919180.0,3.2183762079576548e-06,3.2183762079576548e-06,3.2183762079576548e-06,3.2183762079576548e-06,0.0
1727919240.0,3.2183762079576548e-06,3.2183762079576548e-06,3.2183762079576548e-06,3.2183762079576548e-06,0.0
1727919300.0,3.2183762079576548e-06,3.2183762079576548e-06,3.2183762079576548e-06,3.2183762079576548e-06,0.0
1727919360.0,3.2183762079576548e-06,3.2183762079576548e-06,3.2183762079576548e-06,3.2183762079576548e-06,0.0
1727919420.0,3.2183762079576548e-06,3.2183762079576548e-06,3.2183762079576548e-06,3.2183762079576548e-06,0.0
1727919480.0,3.2183762079576548e-06,3.2183762079576548e-06,3.2183762079576548e-06,3.2183762079576548e-06,0.0
1727919540.0,3.2183762079576548e-06,3.2183762079576548e-06,3.2183762079576548e-06,3.2183762079576548e-06,0.0
1727919600.0,3.2183762079576548e-06,3.2183762079576548e-06,3.2183762079576548e-06,3.2183762079576548e-06,0.0
1727919660.0,3.2183762079576548e-06,3.2183762079576548e-06,3.2183762079576548e-06,3.2183762079576548e-06,0.0
1727919720.0,3.2183762079576548e-06,3.2183762079576548e-06,3.2183762079576548e-06,3.2183762079576548e-06,0.0
1727919780.0,3.2183762079576548e-06,3.2183762079576548e-06,3.2183762079576548e-06,3.2183762079576548e-06,0.0
1727919840.0,3.2183762079576548e-06,3.2183762079576548e-06,3.2183762079576548e-06,3.2183762079576548e-06,0.0
1727919900.0,3.2183762079576548e-06,3.2183762079576548e-06,3.2183762079576548e-06,3.2183762079576548e-06,0.0
1727919960.0,3.2183762079576548e-06,3.2183762079576548e-06,3.2183762079576548e-06,3.2183762079576548e-06,0.0
1727920020.0,3.2183762079576548e-06,3.2183762079576548e-06,3.2183762079576548e-06,3.2183762079576548e-06,0.0
