0,1,2,3,4,5
1731898080.0,0.0001869015014375,0.0002117463642083,8.58947141415966e-05,0.0001094447978756,128082.17687950944
1731898140.0,0.0001094447978756,0.0001792484381281,3.78154982739482e-05,9.42014330380797e-05,94779.06362063628
1731898200.0,9.42014330380797e-05,0.000326472002682,5.80391042352365e-05,0.0002229191970057,193625.0068437762
1731898260.0,0.0002229191970057,0.0002229191970057,5.07150476316964e-05,0.0001105085863735,110271.58625072484
1731898320.0,0.0001105085863735,0.0001131435911168,5.1373647638766e-05,5.22181760878756e-05,39916.3617924948
1731898380.0,5.22181760878756e-05,6.52095320575892e-05,5.20190983645612e-05,5.28506762135825e-05,7618.95543075454
1731898440.0,5.28506762135825e-05,5.28506762135825e-05,2.21159762125055e-05,2.34461179188247e-05,12272.84731030563
1731898500.0,2.34461179188247e-05,3.51954784156263e-05,2.16640711633409e-05,2.26738182448546e-05,16274.87701902419
1731898560.0,2.26738182448546e-05,3.40196890742387e-05,2.21636922824793e-05,2.29991907927844e-05,6348.0964029351
1731898620.0,2.29991907927844e-05,2.49974147381691e-05,2.26828922245639e-05,2.31473463932925e-05,1596.91368394264
1731898680.0,2.31473463932925e-05,2.31473463932925e-05,1.91764898950176e-05,1.93828545316331e-05,1527.66312434427
1731898740.0,1.93828545316331e-05,2.46090502500158e-05,1.80654180785419e-05,1.80654180785419e-05,5356.11448301154
1731898800.0,1.80654180785419e-05,1.83836560002003e-05,1.61926956818496e-05,1.61926956818496e-05,704.38277976381
1731898860.0,1.61926956818496e-05,1.61926956818496e-05,1.50012404757663e-05,1.50012404757663e-05,454.79553442148
1731898920.0,1.50012404757663e-05,2.05787513235199e-05,1.49225561320807e-05,1.58048292372106e-05,3209.35988122878
1731898980.0,1.58048292372106e-05,1.58508066638492e-05,1.56307495093531e-05,1.58289838150248e-05,194.37187385807
1731899040.0,1.58289838150248e-05,1.7392689701009e-05,1.58289838150248e-05,1.7342979133764e-05,1287.15990328868
1731899100.0,1.7342979133764e-05,1.73804644886075e-05,1.6977302382425e-05,1.6977302382425e-05,442.34083657585
1731899160.0,1.6977302382425e-05,1.6977302382425e-05,1.55729979709196e-05,1.55729979709196e-05,1065.86729191259
1731899220.0,1.55729979709196e-05,1.55729979709196e-05,1.45387311772317e-05,1.45387311772317e-05,315.08505703524
1731899280.0,1.45387311772317e-05,1.45387311772317e-05,1.44122209893573e-05,1.44122209893573e-05,37.43440057307
1731899340.0,1.44122209893573e-05,1.44122209893573e-05,1.37160563833628e-05,1.43403686256925e-05,782.0642707137
1731899400.0,1.43403686256925e-05,1.43403686256925e-05,1.34600235563456e-05,1.34600235563456e-05,24.6504755951
1731899460.0,1.34600235563456e-05,1.34600235563456e-05,1.32763181334106e-05,1.32763181334106e-05,44.45494807661
1731899520.0,1.32763181334106e-05,1.44942606722036e-05,1.32763181334106e-05,1.44942606722036e-05,383.28551092374
1731899580.0,1.44942606722036e-05,1.44942606722036e-05,1.41625011699341e-05,1.41625011699341e-05,77.21547000752
1731899640.0,1.41625011699341e-05,1.41625011699341e-05,1.36332784617041e-05,1.36332784617041e-05,141.8484552399
1731899700.0,1.36332784617041e-05,1.36858437673984e-05,1.36332784617041e-05,1.36858437673984e-05,1.182314175
1731899760.0,1.36858437673984e-05,1.37856507208204e-05,1.36858437673984e-05,1.37423940080517e-05,76.34347835928
1731899820.0,1.37423940080517e-05,1.3879034299243e-05,1.37423940080517e-05,1.38505016691046e-05,59.14370416773
1731899880.0,1.38505016691046e-05,1.38505016691046e-05,1.38505016691046e-05,1.38505016691046e-05,0.0
1731899940.0,1.38505016691046e-05,1.39896451715464e-05,1.38395384153672e-05,1.39896451715464e-05,56.4572097361
1731900000.0,1.39896451715464e-05,1.39896451715464e-05,1.39896451715464e-05,1.39896451715464e-05,0.0
1731900060.0,1.39896451715464e-05,1.39896451715464e-05,1.39896451715464e-05,1.39896451715464e-05,0.0
1731900120.0,1.39896451715464e-05,1.39978741871676e-05,1.39896451715464e-05,1.39978741871676e-05,10.53520049268
1731900180.0,1.39978741871676e-05,1.39978741871676e-05,1.3738295757823e-05,1.3738295757823e-05,66.5087234305
1731900240.0,1.3738295757823e-05,1.3738295757823e-05,1.36463127740868e-05,1.36463127740868e-05,36.1658874915
1731900300.0,1.36463127740868e-05,1.36463127740868e-05,1.35634434145583e-05,1.35634434145583e-05,5.084896194
1731900360.0,1.35634434145583e-05,1.35634434145583e-05,1.35634434145583e-05,1.35634434145583e-05,0.0
1731900420.0,1.35634434145583e-05,1.40456005676973e-05,1.35634434145583e-05,1.40456005676973e-05,235.709295
1731900480.0,1.40456005676973e-05,1.43233716835696e-05,1.40456005676973e-05,1.43233716835696e-05,49.17433312116
1731900540.0,1.43233716835696e-05,1.43551856878076e-05,1.43233716835696e-05,1.43551856878076e-05,23.789
1731900600.0,1.43551856878076e-05,1.43551856878076e-05,1.42951847964621e-05,1.43259775532101e-05,29.15702072766
1731900660.0,1.43259775532101e-05,1.43259775532101e-05,1.43259775532101e-05,1.43259775532101e-05,0.0
1731900720.0,1.43259775532101e-05,1.43259775532101e-05,1.42510218186098e-05,1.42510218186098e-05,10.27654744038
1731900780.0,1.42510218186098e-05,1.42510218186098e-05,1.42510218186098e-05,1.42510218186098e-05,0.0
1731900840.0,1.42510218186098e-05,1.42510218186098e-05,1.38025327975996e-05,1.38025327975996e-05,226.32591596054
1731900900.0,1.38025327975996e-05,1.38025327975996e-05,1.38025327975996e-05,1.38025327975996e-05,0.0
1731900960.0,1.38025327975996e-05,1.38025327975996e-05,1.33783417511983e-05,1.33783417511983e-05,36.6290887522
1731901020.0,1.33783417511983e-05,1.33783417511983e-05,1.33783417511983e-05,1.33783417511983e-05,0.0
1731901080.0,1.33783417511983e-05,1.33783417511983e-05,1.29305596222736e-05,1.29305596222736e-05,216.99699331698
1731901140.0,1.29305596222736e-05,1.29305596222736e-05,1.29305596222736e-05,1.29305596222736e-05,0.0
1731901200.0,1.29305596222736e-05,1.29305596222736e-05,1.29305596222736e-05,1.29305596222736e-05,0.0
1731901260.0,1.29305596222736e-05,1.29305596222736e-05,1.29305596222736e-05,1.29305596222736e-05,0.0
1731901320.0,1.29305596222736e-05,1.29305596222736e-05,1.29305596222736e-05,1.29305596222736e-05,0.0
1731901380.0,1.29305596222736e-05,1.29305596222736e-05,1.29305596222736e-05,1.29305596222736e-05,0.0
1731901440.0,1.29305596222736e-05,1.29305596222736e-05,1.25653409810286e-05,1.25653409810286e-05,1.8798257335
1731901500.0,1.25653409810286e-05,1.25743674287057e-05,1.25653409810286e-05,1.25743674287057e-05,1.71620622669
1731901560.0,1.25743674287057e-05,1.25743674287057e-05,1.24036644972578e-05,1.24036644972578e-05,100.06597266864
1731901620.0,1.24036644972578e-05,1.24036644972578e-05,1.1707165206856e-05,1.1707165206856e-05,163.35596899624
1731901680.0,1.1707165206856e-05,1.1707165206856e-05,1.1707165206856e-05,1.1707165206856e-05,0.0
1731901740.0,1.1707165206856e-05,1.1707165206856e-05,1.1707165206856e-05,1.1707165206856e-05,0.0
1731901800.0,1.1707165206856e-05,1.1707165206856e-05,1.1707165206856e-05,1.1707165206856e-05,0.0
1731901860.0,1.1707165206856e-05,1.1707165206856e-05,1.1707165206856e-05,1.1707165206856e-05,0.0
1731901920.0,1.1707165206856e-05,1.1707165206856e-05,1.1707165206856e-05,1.1707165206856e-05,0.0
1731901980.0,1.1707165206856e-05,1.1707165206856e-05,1.1707165206856e-05,1.1707165206856e-05,0.0
1731902040.0,1.1707165206856e-05,1.17871003422658e-05,1.1707165206856e-05,1.17871003422658e-05,25.23447555016
1731902100.0,1.17871003422658e-05,1.17871003422658e-05,1.17253429214237e-05,1.17253429214237e-05,8.55932341628
1731902160.0,1.17253429214237e-05,1.17253429214237e-05,1.17253429214237e-05,1.17253429214237e-05,0.0
1731902220.0,1.17253429214237e-05,1.17253429214237e-05,1.17253429214237e-05,1.17253429214237e-05,0.0
1731902280.0,1.17253429214237e-05,1.17253429214237e-05,1.15156441531893e-05,1.15156441531893e-05,138.35543896625
1731902340.0,1.15156441531893e-05,1.15156441531893e-05,1.12467147322322e-05,1.12467147322322e-05,47.10417582893
1731902400.0,1.12467147322322e-05,1.12467147322322e-05,1.12467147322322e-05,1.12467147322322e-05,0.0
1731902460.0,1.12467147322322e-05,1.12467147322322e-05,1.11927047275547e-05,1.11927047275547e-05,1.7813603646
1731902520.0,1.11927047275547e-05,1.11927047275547e-05,1.11927047275547e-05,1.11927047275547e-05,0.0
1731902580.0,1.11927047275547e-05,1.11927047275547e-05,1.11927047275547e-05,1.11927047275547e-05,0.0
1731902640.0,1.11927047275547e-05,1.11927047275547e-05,1.11927047275547e-05,1.11927047275547e-05,0.0
1731902700.0,1.11927047275547e-05,1.11927047275547e-05,1.11927047275547e-05,1.11927047275547e-05,0.0
1731902760.0,1.11927047275547e-05,1.11927047275547e-05,1.11927047275547e-05,1.11927047275547e-05,0.0
1731902820.0,1.11927047275547e-05,1.11927047275547e-05,1.11927047275547e-05,1.11927047275547e-05,0.0
1731902880.0,1.11927047275547e-05,1.11927047275547e-05,1.11927047275547e-05,1.11927047275547e-05,0.0
1731902940.0,1.11927047275547e-05,1.11927047275547e-05,1.11927047275547e-05,1.11927047275547e-05,0.0
1731903000.0,1.11927047275547e-05,1.12013955585152e-05,1.11927047275547e-05,1.12013955585152e-05,11.3611998801
1731903060.0,1.12013955585152e-05,1.12013955585152e-05,1.12013955585152e-05,1.12013955585152e-05,0.0
1731903120.0,1.12013955585152e-05,1.12013955585152e-05,1.12013955585152e-05,1.12013955585152e-05,0.0
1731903180.0,1.12013955585152e-05,1.12013955585152e-05,1.12013955585152e-05,1.12013955585152e-05,0.0
1731903240.0,1.12013955585152e-05,1.12013955585152e-05,1.12013955585152e-05,1.12013955585152e-05,0.0
1731903300.0,1.12013955585152e-05,1.12013955585152e-05,1.12013955585152e-05,1.12013955585152e-05,0.0
1731903360.0,1.12013955585152e-05,1.12013955585152e-05,1.12013955585152e-05,1.12013955585152e-05,0.0
1731903420.0,1.12013955585152e-05,1.12013955585152e-05,1.12013955585152e-05,1.12013955585152e-05,0.0
1731903480.0,1.12013955585152e-05,1.12013955585152e-05,1.11391906833848e-05,1.11391906833848e-05,26.38630406736
1731903540.0,1.11391906833848e-05,1.11391906833848e-05,1.0991572940528e-05,1.0991572940528e-05,67.27211817194
1731903600.0,1.0991572940528e-05,1.0991572940528e-05,1.0991572940528e-05,1.0991572940528e-05,0.0
1731903660.0,1.0991572940528e-05,1.0991572940528e-05,1.0991572940528e-05,1.0991572940528e-05,0.0
1731903720.0,1.0991572940528e-05,1.0991572940528e-05,1.0991572940528e-05,1.0991572940528e-05,0.0
1731903780.0,1.0991572940528e-05,1.0991572940528e-05,1.0991572940528e-05,1.0991572940528e-05,0.0
1731903840.0,1.0991572940528e-05,1.0991572940528e-05,1.0991572940528e-05,1.0991572940528e-05,0.0
1731903900.0,1.0991572940528e-05,1.0991572940528e-05,1.0991572940528e-05,1.0991572940528e-05,0.0
1731903960.0,1.0991572940528e-05,1.0991572940528e-05,1.0991572940528e-05,1.0991572940528e-05,0.0
1731904020.0,1.0991572940528e-05,1.0991572940528e-05,1.06392409832512e-05,1.06392409832512e-05,145.0923738055
1731904080.0,1.06392409832512e-05,1.06392409832512e-05,1.03882419006914e-05,1.03882419006914e-05,16.80978450672
1731904140.0,1.03882419006914e-05,1.03882419006914e-05,1.01153865381584e-05,1.01153865381584e-05,155.106036693
1731904200.0,1.01153865381584e-05,1.01153865381584e-05,1.01153865381584e-05,1.01153865381584e-05,0.0
1731904260.0,1.01153865381584e-05,1.01153865381584e-05,1.01153865381584e-05,1.01153865381584e-05,0.0
1731904320.0,1.01153865381584e-05,1.01153865381584e-05,1.01153865381584e-05,1.01153865381584e-05,0.0
1731904380.0,1.01153865381584e-05,1.01153865381584e-05,9.82207788929624e-06,9.82207788929624e-06,33.40633191155
1731904440.0,9.82207788929624e-06,9.82207788929624e-06,9.82207788929624e-06,9.82207788929624e-06,0.0
1731904500.0,9.82207788929624e-06,9.82207788929624e-06,9.82207788929624e-06,9.82207788929624e-06,0.0
1731904560.0,9.82207788929624e-06,9.83432629500833e-06,9.82207788929624e-06,9.83432629500833e-06,24.278
1731904620.0,9.83432629500833e-06,9.83432629500833e-06,9.83432629500833e-06,9.83432629500833e-06,0.0
1731904680.0,9.83432629500833e-06,9.83432629500833e-06,9.83432629500833e-06,9.83432629500833e-06,0.0
1731904740.0,9.83432629500833e-06,9.83432629500833e-06,9.83432629500833e-06,9.83432629500833e-06,0.0
1731904800.0,9.83432629500833e-06,9.83432629500833e-06,9.83432629500833e-06,9.83432629500833e-06,0.0
1731904860.0,9.83432629500833e-06,9.83432629500833e-06,9.83432629500833e-06,9.83432629500833e-06,0.0
1731904920.0,9.83432629500833e-06,9.83432629500833e-06,9.83432629500833e-06,9.83432629500833e-06,0.0
1731904980.0,9.83432629500833e-06,9.83432629500833e-06,9.83432629500833e-06,9.83432629500833e-06,0.0
1731905040.0,9.83432629500833e-06,9.83432629500833e-06,9.83432629500833e-06,9.83432629500833e-06,0.0
1731905100.0,9.83432629500833e-06,9.83772447887966e-06,9.83432629500833e-06,9.83772447887966e-06,11.954745
1731905160.0,9.83772447887966e-06,9.83772447887966e-06,9.83772447887966e-06,9.83772447887966e-06,0.0
1731905220.0,9.83772447887966e-06,9.83772447887966e-06,9.83772447887966e-06,9.83772447887966e-06,0.0
1731905280.0,9.83772447887966e-06,9.83772447887966e-06,9.83772447887966e-06,9.83772447887966e-06,0.0
1731905340.0,9.83772447887966e-06,9.83772447887966e-06,9.83772447887966e-06,9.83772447887966e-06,0.0
1731905400.0,9.83772447887966e-06,9.83772447887966e-06,9.80556696817872e-06,9.80556696817872e-06,5.31162878088
1731905460.0,9.80556696817872e-06,9.80556696817872e-06,9.7768630054923e-06,9.7768630054923e-06,14.1678330727
1731905520.0,9.7768630054923e-06,9.7768630054923e-06,9.7768630054923e-06,9.7768630054923e-06,0.0
1731905580.0,9.7768630054923e-06,9.7768630054923e-06,9.7768630054923e-06,9.7768630054923e-06,0.0
1731905640.0,9.7768630054923e-06,9.7768630054923e-06,9.7768630054923e-06,9.7768630054923e-06,0.0
1731905700.0,9.7768630054923e-06,9.7768630054923e-06,9.7768630054923e-06,9.7768630054923e-06,0.0
1731905760.0,9.7768630054923e-06,9.7768630054923e-06,9.76012845141913e-06,9.76012845141913e-06,0.61217515432
1731905820.0,9.76012845141913e-06,9.76012845141913e-06,9.76012845141913e-06,9.76012845141913e-06,0.0
1731905880.0,9.76012845141913e-06,9.76012845141913e-06,9.76012845141913e-06,9.76012845141913e-06,0.0
1731905940.0,9.76012845141913e-06,9.76012845141913e-06,9.76012845141913e-06,9.76012845141913e-06,0.0
1731906000.0,9.76012845141913e-06,9.76012845141913e-06,9.76012845141913e-06,9.76012845141913e-06,0.0
1731906060.0,9.76012845141913e-06,9.84562261811896e-06,9.76012845141913e-06,9.84562261811896e-06,24.186
1731906120.0,9.84562261811896e-06,9.84562261811896e-06,9.84562261811896e-06,9.84562261811896e-06,0.0
1731906180.0,9.84562261811896e-06,9.84562261811896e-06,9.84562261811896e-06,9.84562261811896e-06,0.0
1731906240.0,9.84562261811896e-06,9.84562261811896e-06,9.84562261811896e-06,9.84562261811896e-06,0.0
1731906300.0,9.84562261811896e-06,9.84562261811896e-06,9.84562261811896e-06,9.84562261811896e-06,0.0
1731906360.0,9.84562261811896e-06,9.84562261811896e-06,9.84562261811896e-06,9.84562261811896e-06,0.0
1731906420.0,9.84562261811896e-06,9.86284062432999e-06,9.84562261811896e-06,9.86284062432999e-06,2.65977197605
1731906480.0,9.86284062432999e-06,9.86284062432999e-06,9.86096355475403e-06,9.86096355475403e-06,2.5927189002
1731906540.0,9.86096355475403e-06,9.86096355475403e-06,9.86096355475403e-06,9.86096355475403e-06,0.0
1731906600.0,9.86096355475403e-06,9.86096355475403e-06,9.86096355475403e-06,9.86096355475403e-06,0.0
1731906660.0,9.86096355475403e-06,9.86096355475403e-06,9.86096355475403e-06,9.86096355475403e-06,0.0
1731906720.0,9.86096355475403e-06,9.86096355475403e-06,9.86096355475403e-06,9.86096355475403e-06,0.0
1731906780.0,9.86096355475403e-06,9.86096355475403e-06,9.84245692392856e-06,9.84245692392856e-06,7.47218460156
1731906840.0,9.84245692392856e-06,9.84245692392856e-06,9.81186157570443e-06,9.81186157570443e-06,11.92331655198
1731906900.0,9.81186157570443e-06,9.81186157570443e-06,9.81186157570443e-06,9.81186157570443e-06,0.0
1731906960.0,9.81186157570443e-06,9.81186157570443e-06,9.81186157570443e-06,9.81186157570443e-06,0.0
1731907020.0,9.81186157570443e-06,9.81186157570443e-06,9.81186157570443e-06,9.81186157570443e-06,0.0
1731907080.0,9.81186157570443e-06,9.81186157570443e-06,9.79233821432161e-06,9.79233821432161e-06,5.24491856778
1731907140.0,9.79233821432161e-06,9.79233821432161e-06,9.79233821432161e-06,9.79233821432161e-06,0.0
1731907200.0,9.79233821432161e-06,9.83901525489261e-06,9.79233821432161e-06,9.83901525489261e-06,0.96369834
1731907260.0,9.83901525489261e-06,9.83901525489261e-06,9.83901525489261e-06,9.83901525489261e-06,0.0
1731907320.0,9.83901525489261e-06,9.83901525489261e-06,9.83901525489261e-06,9.83901525489261e-06,0.0
1731907380.0,9.83901525489261e-06,9.83901525489261e-06,9.83901525489261e-06,9.83901525489261e-06,0.0
1731907440.0,9.83901525489261e-06,9.83901525489261e-06,9.83901525489261e-06,9.83901525489261e-06,0.0
1731907500.0,9.83901525489261e-06,9.83901525489261e-06,9.83901525489261e-06,9.83901525489261e-06,0.0
1731907560.0,9.83901525489261e-06,9.83901525489261e-06,9.83901525489261e-06,9.83901525489261e-06,0.0
1731907620.0,9.83901525489261e-06,9.83901525489261e-06,9.83901525489261e-06,9.83901525489261e-06,0.0
1731907680.0,9.83901525489261e-06,9.83901525489261e-06,9.83901525489261e-06,9.83901525489261e-06,0.0
1731907740.0,9.83901525489261e-06,9.83901525489261e-06,9.83901525489261e-06,9.83901525489261e-06,0.0
1731907800.0,9.83901525489261e-06,9.96094317858421e-06,9.83901525489261e-06,9.96094317858421e-06,48.828
1731907860.0,9.96094317858421e-06,9.96094317858421e-06,9.96094317858421e-06,9.96094317858421e-06,0.0
1731907920.0,9.96094317858421e-06,1.02214511073244e-05,9.96094317858421e-06,1.02214511073244e-05,73.251
1731907980.0,1.02214511073244e-05,1.02214511073244e-05,1.02214511073244e-05,1.02214511073244e-05,0.0
1731908040.0,1.02214511073244e-05,1.02214511073244e-05,1.02214511073244e-05,1.02214511073244e-05,0.0
1731908100.0,1.02214511073244e-05,1.02214511073244e-05,1.02214511073244e-05,1.02214511073244e-05,0.0
1731908160.0,1.02214511073244e-05,1.02214511073244e-05,1.02214511073244e-05,1.02214511073244e-05,0.0
1731908220.0,1.02214511073244e-05,1.02214511073244e-05,1.02214511073244e-05,1.02214511073244e-05,0.0
1731908280.0,1.02214511073244e-05,1.02214511073244e-05,1.02214511073244e-05,1.02214511073244e-05,0.0
1731908340.0,1.02214511073244e-05,1.02214511073244e-05,1.02214511073244e-05,1.02214511073244e-05,0.0
1731908400.0,1.02214511073244e-05,1.02214511073244e-05,1.02214511073244e-05,1.02214511073244e-05,0.0
1731908460.0,1.02214511073244e-05,1.02214511073244e-05,1.02214511073244e-05,1.02214511073244e-05,0.0
1731908520.0,1.02214511073244e-05,1.02214511073244e-05,1.02214511073244e-05,1.02214511073244e-05,0.0
1731908580.0,1.02214511073244e-05,1.02214511073244e-05,1.01715893144207e-05,1.01715893144207e-05,7.0545103325
1731908640.0,1.01715893144207e-05,1.02467396395336e-05,1.01715893144207e-05,1.02467396395336e-05,24.10155
1731908700.0,1.02467396395336e-05,1.02467396395336e-05,1.02318930590377e-05,1.02318930590377e-05,0.26712573824
1731908760.0,1.02318930590377e-05,1.02318930590377e-05,1.02318930590377e-05,1.02318930590377e-05,0.0
1731908820.0,1.02318930590377e-05,1.02318930590377e-05,1.02318930590377e-05,1.02318930590377e-05,0.0
1731908880.0,1.02318930590377e-05,1.02318930590377e-05,1.02318930590377e-05,1.02318930590377e-05,0.0
1731908940.0,1.02318930590377e-05,1.02318930590377e-05,1.02318930590377e-05,1.02318930590377e-05,0.0
1731909000.0,1.02318930590377e-05,1.02318930590377e-05,1.02318930590377e-05,1.02318930590377e-05,0.0
1731909060.0,1.02318930590377e-05,1.02318930590377e-05,1.02318930590377e-05,1.02318930590377e-05,0.0
1731909120.0,1.02318930590377e-05,1.02318930590377e-05,1.02318930590377e-05,1.02318930590377e-05,0.0
1731909180.0,1.02318930590377e-05,1.02318930590377e-05,1.02318930590377e-05,1.02318930590377e-05,0.0
1731909240.0,1.02318930590377e-05,1.02318930590377e-05,1.02318930590377e-05,1.02318930590377e-05,0.0
1731909300.0,1.02318930590377e-05,1.02373966122584e-05,1.02318930590377e-05,1.02373966122584e-05,1.2116
1731909360.0,1.02373966122584e-05,1.02373966122584e-05,1.02373966122584e-05,1.02373966122584e-05,0.0
1731909420.0,1.02373966122584e-05,1.02373966122584e-05,1.02373966122584e-05,1.02373966122584e-05,0.0
1731909480.0,1.02373966122584e-05,1.02373966122584e-05,1.02373966122584e-05,1.02373966122584e-05,0.0
1731909540.0,1.02373966122584e-05,1.02373966122584e-05,1.02373966122584e-05,1.02373966122584e-05,0.0
1731909600.0,1.02373966122584e-05,1.02373966122584e-05,1.02373966122584e-05,1.02373966122584e-05,0.0
1731909660.0,1.02373966122584e-05,1.02373966122584e-05,1.02373966122584e-05,1.02373966122584e-05,0.0
1731909720.0,1.02373966122584e-05,1.02373966122584e-05,1.02373966122584e-05,1.02373966122584e-05,0.0
1731909780.0,1.02373966122584e-05,1.02373966122584e-05,1.02373966122584e-05,1.02373966122584e-05,0.0
1731909840.0,1.02373966122584e-05,1.02373966122584e-05,1.02373966122584e-05,1.02373966122584e-05,0.0
1731909900.0,1.02373966122584e-05,1.02373966122584e-05,1.02373966122584e-05,1.02373966122584e-05,0.0
1731909960.0,1.02373966122584e-05,1.0308378697282e-05,1.02373966122584e-05,1.0308378697282e-05,12.1755
1731910020.0,1.0308378697282e-05,1.0308378697282e-05,1.0308378697282e-05,1.0308378697282e-05,0.0
1731910080.0,1.0308378697282e-05,1.0308378697282e-05,1.0308378697282e-05,1.0308378697282e-05,0.0
1731910140.0,1.0308378697282e-05,1.0308378697282e-05,1.0308378697282e-05,1.0308378697282e-05,0.0
1731910200.0,1.0308378697282e-05,1.0308378697282e-05,1.0308378697282e-05,1.0308378697282e-05,0.0
1731910260.0,1.0308378697282e-05,1.0308378697282e-05,1.02579796513066e-05,1.02579796513066e-05,1.09654863629
1731910320.0,1.02579796513066e-05,1.02579796513066e-05,1.02579796513066e-05,1.02579796513066e-05,0.0
1731910380.0,1.02579796513066e-05,1.02579796513066e-05,1.02579796513066e-05,1.02579796513066e-05,0.0
1731910440.0,1.02579796513066e-05,1.02579796513066e-05,1.02579796513066e-05,1.02579796513066e-05,0.0
1731910500.0,1.02579796513066e-05,1.02579796513066e-05,1.02579796513066e-05,1.02579796513066e-05,0.0
1731910560.0,1.02579796513066e-05,1.02579796513066e-05,1.02292820437598e-05,1.02292820437598e-05,1.09348094426
1731910620.0,1.02292820437598e-05,1.02292820437598e-05,1.02292820437598e-05,1.02292820437598e-05,0.0
1731910680.0,1.02292820437598e-05,1.02292820437598e-05,1.02292820437598e-05,1.02292820437598e-05,0.0
1731910740.0,1.02292820437598e-05,1.02292820437598e-05,1.02292820437598e-05,1.02292820437598e-05,0.0
1731910800.0,1.02292820437598e-05,1.02292820437598e-05,1.02292820437598e-05,1.02292820437598e-05,0.0
1731910860.0,1.02292820437598e-05,1.02292820437598e-05,1.02292820437598e-05,1.02292820437598e-05,0.0
1731910920.0,1.02292820437598e-05,1.02292820437598e-05,1.02292820437598e-05,1.02292820437598e-05,0.0
1731910980.0,1.02292820437598e-05,1.02292820437598e-05,1.02292820437598e-05,1.02292820437598e-05,0.0
1731911040.0,1.02292820437598e-05,1.02292820437598e-05,1.02292820437598e-05,1.02292820437598e-05,0.0
1731911100.0,1.02292820437598e-05,1.02292820437598e-05,1.02292820437598e-05,1.02292820437598e-05,0.0
1731911160.0,1.02292820437598e-05,1.02292820437598e-05,1.02292820437598e-05,1.02292820437598e-05,0.0
1731911220.0,1.02292820437598e-05,1.02292820437598e-05,1.02292820437598e-05,1.02292820437598e-05,0.0
1731911280.0,1.02292820437598e-05,1.02292820437598e-05,1.02292820437598e-05,1.02292820437598e-05,0.0
1731911340.0,1.02292820437598e-05,1.02292820437598e-05,1.02292820437598e-05,1.02292820437598e-05,0.0
1731911400.0,1.02292820437598e-05,1.02292820437598e-05,1.02292820437598e-05,1.02292820437598e-05,0.0
1731911460.0,1.02292820437598e-05,1.02292820437598e-05,1.02292820437598e-05,1.02292820437598e-05,0.0
1731911520.0,1.02292820437598e-05,1.02292820437598e-05,1.02292820437598e-05,1.02292820437598e-05,0.0
1731911580.0,1.02292820437598e-05,1.02292820437598e-05,1.02292820437598e-05,1.02292820437598e-05,0.0
1731911640.0,1.02292820437598e-05,1.02292820437598e-05,1.02292820437598e-05,1.02292820437598e-05,0.0
1731911700.0,1.02292820437598e-05,1.02292820437598e-05,1.02292820437598e-05,1.02292820437598e-05,0.0
1731911760.0,1.02292820437598e-05,1.02292820437598e-05,1.02292820437598e-05,1.02292820437598e-05,0.0
1731911820.0,1.02292820437598e-05,1.02292820437598e-05,1.02292820437598e-05,1.02292820437598e-05,0.0
1731911880.0,1.02292820437598e-05,1.02292820437598e-05,1.02292820437598e-05,1.02292820437598e-05,0.0
1731911940.0,1.02292820437598e-05,1.02292820437598e-05,1.02292820437598e-05,1.02292820437598e-05,0.0
1731912000.0,1.02292820437598e-05,1.02292820437598e-05,1.02292820437598e-05,1.02292820437598e-05,0.0
1731912060.0,1.02292820437598e-05,1.02292820437598e-05,1.02292820437598e-05,1.02292820437598e-05,0.0
1731912120.0,1.02292820437598e-05,1.02292820437598e-05,1.0196196406091e-05,1.0196196406091e-05,24.15255707067
1731912180.0,1.0196196406091e-05,1.0196196406091e-05,1.01293515888569e-05,1.01293515888569e-05,19.23212797662
1731912240.0,1.01293515888569e-05,1.01293515888569e-05,1.01293515888569e-05,1.01293515888569e-05,0.0
1731912300.0,1.01293515888569e-05,1.01293515888569e-05,1.01293515888569e-05,1.01293515888569e-05,0.0
1731912360.0,1.01293515888569e-05,1.01293515888569e-05,1.01293515888569e-05,1.01293515888569e-05,0.0
1731912420.0,1.01293515888569e-05,1.01293515888569e-05,1.01293515888569e-05,1.01293515888569e-05,0.0
1731912480.0,1.01293515888569e-05,1.01293515888569e-05,1.01293515888569e-05,1.01293515888569e-05,0.0
1731912540.0,1.01293515888569e-05,1.01293515888569e-05,1.01293515888569e-05,1.01293515888569e-05,0.0
1731912600.0,1.01293515888569e-05,1.01293515888569e-05,1.01293515888569e-05,1.01293515888569e-05,0.0
1731912660.0,1.01293515888569e-05,1.01293515888569e-05,1.01293515888569e-05,1.01293515888569e-05,0.0
1731912720.0,1.01293515888569e-05,1.01293515888569e-05,1.01293515888569e-05,1.01293515888569e-05,0.0
1731912780.0,1.01293515888569e-05,1.01293515888569e-05,1.01293515888569e-05,1.01293515888569e-05,0.0
1731912840.0,1.01293515888569e-05,1.01293515888569e-05,1.01293515888569e-05,1.01293515888569e-05,0.0
1731912900.0,1.01293515888569e-05,1.01293515888569e-05,1.00277880554917e-05,1.00277880554917e-05,43.12530727213
1731912960.0,1.00277880554917e-05,1.00277880554917e-05,1.00277880554917e-05,1.00277880554917e-05,0.0
1731913020.0,1.00277880554917e-05,1.00277880554917e-05,1.00277880554917e-05,1.00277880554917e-05,0.0
1731913080.0,1.00277880554917e-05,1.00277880554917e-05,1.00277880554917e-05,1.00277880554917e-05,0.0
1731913140.0,1.00277880554917e-05,1.00277880554917e-05,1.00277880554917e-05,1.00277880554917e-05,0.0
1731913200.0,1.00277880554917e-05,1.00277880554917e-05,1.00277880554917e-05,1.00277880554917e-05,0.0
1731913260.0,1.00277880554917e-05,1.00277880554917e-05,1.00277880554917e-05,1.00277880554917e-05,0.0
1731913320.0,1.00277880554917e-05,1.00277880554917e-05,1.00277880554917e-05,1.00277880554917e-05,0.0
1731913380.0,1.00277880554917e-05,1.00277880554917e-05,9.95308522644792e-06,9.95308522644792e-06,27.07510135484
1731913440.0,9.95308522644792e-06,9.95308522644792e-06,9.95308522644792e-06,9.95308522644792e-06,0.0
1731913500.0,9.95308522644792e-06,9.95308522644792e-06,9.95308522644792e-06,9.95308522644792e-06,0.0
1731913560.0,9.95308522644792e-06,9.95308522644792e-06,9.95308522644792e-06,9.95308522644792e-06,0.0
1731913620.0,9.95308522644792e-06,9.95308522644792e-06,9.95308522644792e-06,9.95308522644792e-06,0.0
1731913680.0,9.95308522644792e-06,9.95308522644792e-06,9.95308522644792e-06,9.95308522644792e-06,0.0
1731913740.0,9.95308522644792e-06,9.95308522644792e-06,9.95308522644792e-06,9.95308522644792e-06,0.0
1731913800.0,9.95308522644792e-06,9.95308522644792e-06,9.95308522644792e-06,9.95308522644792e-06,0.0
1731913860.0,9.95308522644792e-06,9.95308522644792e-06,9.95308522644792e-06,9.95308522644792e-06,0.0
1731913920.0,9.95308522644792e-06,9.95308522644792e-06,9.78644821310082e-06,9.78644821310082e-06,35.6809543237
1731913980.0,9.78644821310082e-06,9.78644821310082e-06,9.78644821310082e-06,9.78644821310082e-06,0.0
1731914040.0,9.78644821310082e-06,9.78644821310082e-06,9.78644821310082e-06,9.78644821310082e-06,0.0
1731914100.0,9.78644821310082e-06,9.78644821310082e-06,9.78644821310082e-06,9.78644821310082e-06,0.0
1731914160.0,9.78644821310082e-06,9.78644821310082e-06,9.78644821310082e-06,9.78644821310082e-06,0.0
1731914220.0,9.78644821310082e-06,9.78644821310082e-06,9.78644821310082e-06,9.78644821310082e-06,0.0
1731914280.0,9.78644821310082e-06,9.78644821310082e-06,9.78644821310082e-06,9.78644821310082e-06,0.0
1731914340.0,9.78644821310082e-06,9.78644821310082e-06,9.78644821310082e-06,9.78644821310082e-06,0.0
1731914400.0,9.78644821310082e-06,9.78644821310082e-06,9.78644821310082e-06,9.78644821310082e-06,0.0
1731914460.0,9.78644821310082e-06,9.78644821310082e-06,9.78644821310082e-06,9.78644821310082e-06,0.0
1731914520.0,9.78644821310082e-06,9.78644821310082e-06,9.78644821310082e-06,9.78644821310082e-06,0.0
1731914580.0,9.78644821310082e-06,9.78644821310082e-06,9.78644821310082e-06,9.78644821310082e-06,0.0
1731914640.0,9.78644821310082e-06,9.78644821310082e-06,9.78644821310082e-06,9.78644821310082e-06,0.0
1731914700.0,9.78644821310082e-06,9.78644821310082e-06,9.78644821310082e-06,9.78644821310082e-06,0.0
1731914760.0,9.78644821310082e-06,9.78644821310082e-06,9.78644821310082e-06,9.78644821310082e-06,0.0
1731914820.0,9.78644821310082e-06,9.78644821310082e-06,9.78644821310082e-06,9.78644821310082e-06,0.0
1731914880.0,9.78644821310082e-06,9.78644821310082e-06,9.78644821310082e-06,9.78644821310082e-06,0.0
1731914940.0,9.78644821310082e-06,9.78644821310082e-06,9.78644821310082e-06,9.78644821310082e-06,0.0
1731915000.0,9.78644821310082e-06,9.78644821310082e-06,9.78644821310082e-06,9.78644821310082e-06,0.0
1731915060.0,9.78644821310082e-06,9.78644821310082e-06,9.78644821310082e-06,9.78644821310082e-06,0.0
1731915120.0,9.78644821310082e-06,9.78644821310082e-06,9.78644821310082e-06,9.78644821310082e-06,0.0
1731915180.0,9.78644821310082e-06,9.78644821310082e-06,9.78644821310082e-06,9.78644821310082e-06,0.0
1731915240.0,9.78644821310082e-06,9.78644821310082e-06,9.78644821310082e-06,9.78644821310082e-06,0.0
1731915300.0,9.78644821310082e-06,9.78644821310082e-06,9.78644821310082e-06,9.78644821310082e-06,0.0
1731915360.0,9.78644821310082e-06,9.78644821310082e-06,9.78644821310082e-06,9.78644821310082e-06,0.0
1731915420.0,9.78644821310082e-06,9.78644821310082e-06,9.78644821310082e-06,9.78644821310082e-06,0.0
1731915480.0,9.78644821310082e-06,9.78644821310082e-06,9.78644821310082e-06,9.78644821310082e-06,0.0
1731915540.0,9.78644821310082e-06,9.78644821310082e-06,9.78644821310082e-06,9.78644821310082e-06,0.0
1731915600.0,9.78644821310082e-06,9.78644821310082e-06,9.78644821310082e-06,9.78644821310082e-06,0.0
1731915660.0,9.78644821310082e-06,9.78644821310082e-06,9.78644821310082e-06,9.78644821310082e-06,0.0
1731915720.0,9.78644821310082e-06,9.78644821310082e-06,9.78644821310082e-06,9.78644821310082e-06,0.0
1731915780.0,9.78644821310082e-06,9.78644821310082e-06,9.78644821310082e-06,9.78644821310082e-06,0.0
1731915840.0,9.78644821310082e-06,9.78644821310082e-06,9.78644821310082e-06,9.78644821310082e-06,0.0
1731915900.0,9.78644821310082e-06,9.78644821310082e-06,9.69470409723211e-06,9.69470409723211e-06,33.28839806116
1731915960.0,9.69470409723211e-06,9.69470409723211e-06,9.69470409723211e-06,9.69470409723211e-06,0.0
1731916020.0,9.69470409723211e-06,9.69470409723211e-06,9.69470409723211e-06,9.69470409723211e-06,0.0
1731916080.0,9.69470409723211e-06,9.69470409723211e-06,9.69470409723211e-06,9.69470409723211e-06,0.0
1731916140.0,9.69470409723211e-06,9.69470409723211e-06,9.69470409723211e-06,9.69470409723211e-06,0.0
1731916200.0,9.69470409723211e-06,9.69470409723211e-06,9.69470409723211e-06,9.69470409723211e-06,0.0
1731916260.0,9.69470409723211e-06,9.69470409723211e-06,9.69470409723211e-06,9.69470409723211e-06,0.0
1731916320.0,9.69470409723211e-06,9.69470409723211e-06,9.65218233537602e-06,9.65218233537602e-06,1.58496312534
1731916380.0,9.65218233537602e-06,9.65218233537602e-06,9.65218233537602e-06,9.65218233537602e-06,0.0
1731916440.0,9.65218233537602e-06,9.65218233537602e-06,9.65218233537602e-06,9.65218233537602e-06,0.0
1731916500.0,9.65218233537602e-06,9.65218233537602e-06,9.65218233537602e-06,9.65218233537602e-06,0.0
1731916560.0,9.65218233537602e-06,9.65218233537602e-06,9.65218233537602e-06,9.65218233537602e-06,0.0
1731916620.0,9.65218233537602e-06,9.65218233537602e-06,9.65218233537602e-06,9.65218233537602e-06,0.0
1731916680.0,9.65218233537602e-06,9.65218233537602e-06,9.65218233537602e-06,9.65218233537602e-06,0.0
1731916740.0,9.65218233537602e-06,9.65218233537602e-06,9.65218233537602e-06,9.65218233537602e-06,0.0
1731916800.0,9.65218233537602e-06,9.65218233537602e-06,9.65218233537602e-06,9.65218233537602e-06,0.0
1731916860.0,9.65218233537602e-06,9.65218233537602e-06,9.65218233537602e-06,9.65218233537602e-06,0.0
1731916920.0,9.65218233537602e-06,9.65218233537602e-06,9.65218233537602e-06,9.65218233537602e-06,0.0
1731916980.0,9.65218233537602e-06,9.65218233537602e-06,9.65218233537602e-06,9.65218233537602e-06,0.0
1731917040.0,9.65218233537602e-06,9.65218233537602e-06,9.65218233537602e-06,9.65218233537602e-06,0.0
1731917100.0,9.65218233537602e-06,9.65218233537602e-06,9.65218233537602e-06,9.65218233537602e-06,0.0
1731917160.0,9.65218233537602e-06,9.65218233537602e-06,9.65218233537602e-06,9.65218233537602e-06,0.0
1731917220.0,9.65218233537602e-06,9.65218233537602e-06,9.65218233537602e-06,9.65218233537602e-06,0.0
1731917280.0,9.65218233537602e-06,9.65218233537602e-06,9.65218233537602e-06,9.65218233537602e-06,0.0
1731917340.0,9.65218233537602e-06,9.65218233537602e-06,9.65218233537602e-06,9.65218233537602e-06,0.0
1731917400.0,9.65218233537602e-06,9.65218233537602e-06,9.65218233537602e-06,9.65218233537602e-06,0.0
1731917460.0,9.65218233537602e-06,9.65218233537602e-06,9.65218233537602e-06,9.65218233537602e-06,0.0
1731917520.0,9.65218233537602e-06,9.65218233537602e-06,9.65218233537602e-06,9.65218233537602e-06,0.0
1731917580.0,9.65218233537602e-06,9.65218233537602e-06,9.65218233537602e-06,9.65218233537602e-06,0.0
1731917640.0,9.65218233537602e-06,9.69607144325242e-06,9.6473926166668e-06,9.6473926166668e-06,47.87296213445
1731917700.0,9.6473926166668e-06,9.6473926166668e-06,9.6473926166668e-06,9.6473926166668e-06,0.0
1731917760.0,9.6473926166668e-06,9.6473926166668e-06,9.6473926166668e-06,9.6473926166668e-06,0.0
1731917820.0,9.6473926166668e-06,9.6473926166668e-06,9.6473926166668e-06,9.6473926166668e-06,0.0
1731917880.0,9.6473926166668e-06,9.6473926166668e-06,9.6473926166668e-06,9.6473926166668e-06,0.0
1731917940.0,9.6473926166668e-06,9.6473926166668e-06,9.6473926166668e-06,9.6473926166668e-06,0.0
1731918000.0,9.6473926166668e-06,9.6473926166668e-06,9.6473926166668e-06,9.6473926166668e-06,0.0
1731918060.0,9.6473926166668e-06,9.6473926166668e-06,9.6473926166668e-06,9.6473926166668e-06,0.0
1731918120.0,9.6473926166668e-06,9.6473926166668e-06,9.6473926166668e-06,9.6473926166668e-06,0.0
1731918180.0,9.6473926166668e-06,9.6473926166668e-06,9.6473926166668e-06,9.6473926166668e-06,0.0
1731918240.0,9.6473926166668e-06,9.6473926166668e-06,9.6473926166668e-06,9.6473926166668e-06,0.0
1731918300.0,9.6473926166668e-06,9.6473926166668e-06,9.6473926166668e-06,9.6473926166668e-06,0.0
1731918360.0,9.6473926166668e-06,9.6473926166668e-06,9.6473926166668e-06,9.6473926166668e-06,0.0
1731918420.0,9.6473926166668e-06,9.6473926166668e-06,9.6473926166668e-06,9.6473926166668e-06,0.0
1731918480.0,9.6473926166668e-06,9.6473926166668e-06,9.6473926166668e-06,9.6473926166668e-06,0.0
1731918540.0,9.6473926166668e-06,9.6473926166668e-06,9.6473926166668e-06,9.6473926166668e-06,0.0
1731918600.0,9.6473926166668e-06,9.6473926166668e-06,9.6473926166668e-06,9.6473926166668e-06,0.0
1731918660.0,9.6473926166668e-06,9.6473926166668e-06,9.6473926166668e-06,9.6473926166668e-06,0.0
1731918720.0,9.6473926166668e-06,9.6473926166668e-06,9.6473926166668e-06,9.6473926166668e-06,0.0
1731918780.0,9.6473926166668e-06,9.6473926166668e-06,9.6473926166668e-06,9.6473926166668e-06,0.0
1731918840.0,9.6473926166668e-06,9.6473926166668e-06,9.6473926166668e-06,9.6473926166668e-06,0.0
1731918900.0,9.6473926166668e-06,9.6473926166668e-06,9.6473926166668e-06,9.6473926166668e-06,0.0
1731918960.0,9.6473926166668e-06,9.67146472117686e-06,9.6473926166668e-06,9.67146472117686e-06,14.328195
1731919020.0,9.67146472117686e-06,9.67146472117686e-06,9.67146472117686e-06,9.67146472117686e-06,0.0
1731919080.0,9.67146472117686e-06,9.67146472117686e-06,9.67146472117686e-06,9.67146472117686e-06,0.0
1731919140.0,9.67146472117686e-06,9.67146472117686e-06,9.67146472117686e-06,9.67146472117686e-06,0.0
1731919200.0,9.67146472117686e-06,9.67146472117686e-06,9.67146472117686e-06,9.67146472117686e-06,0.0
1731919260.0,9.67146472117686e-06,9.67146472117686e-06,9.67146472117686e-06,9.67146472117686e-06,0.0
1731919320.0,9.67146472117686e-06,9.67146472117686e-06,9.67146472117686e-06,9.67146472117686e-06,0.0
1731919380.0,9.67146472117686e-06,9.67146472117686e-06,9.65256004527298e-06,9.65256004527298e-06,7.28612467706
1731919440.0,9.65256004527298e-06,9.65256004527298e-06,9.65256004527298e-06,9.65256004527298e-06,0.0
1731919500.0,9.65256004527298e-06,9.65256004527298e-06,9.51919032465652e-06,9.51919032465652e-06,42.74009241584
1731919560.0,9.51919032465652e-06,9.51919032465652e-06,9.51919032465652e-06,9.51919032465652e-06,0.0
1731919620.0,9.51919032465652e-06,9.51919032465652e-06,9.51919032465652e-06,9.51919032465652e-06,0.0
1731919680.0,9.51919032465652e-06,9.51919032465652e-06,9.51919032465652e-06,9.51919032465652e-06,0.0
1731919740.0,9.51919032465652e-06,9.51919032465652e-06,9.51919032465652e-06,9.51919032465652e-06,0.0
1731919800.0,9.51919032465652e-06,9.51919032465652e-06,9.51919032465652e-06,9.51919032465652e-06,0.0
1731919860.0,9.51919032465652e-06,9.51919032465652e-06,9.51919032465652e-06,9.51919032465652e-06,0.0
1731919920.0,9.51919032465652e-06,9.51919032465652e-06,9.51919032465652e-06,9.51919032465652e-06,0.0
1731919980.0,9.51919032465652e-06,9.51919032465652e-06,9.51919032465652e-06,9.51919032465652e-06,0.0
1731920040.0,9.51919032465652e-06,9.51919032465652e-06,9.51919032465652e-06,9.51919032465652e-06,0.0
1731920100.0,9.51919032465652e-06,9.51919032465652e-06,9.51919032465652e-06,9.51919032465652e-06,0.0
1731920160.0,9.51919032465652e-06,9.51919032465652e-06,9.51919032465652e-06,9.51919032465652e-06,0.0
1731920220.0,9.51919032465652e-06,9.51919032465652e-06,9.51919032465652e-06,9.51919032465652e-06,0.0
1731920280.0,9.51919032465652e-06,9.51919032465652e-06,9.51919032465652e-06,9.51919032465652e-06,0.0
1731920340.0,9.51919032465652e-06,9.51919032465652e-06,9.51919032465652e-06,9.51919032465652e-06,0.0
1731920400.0,9.51919032465652e-06,9.51919032465652e-06,9.51919032465652e-06,9.51919032465652e-06,0.0
1731920460.0,9.51919032465652e-06,9.51919032465652e-06,9.51919032465652e-06,9.51919032465652e-06,0.0
1731920520.0,9.51919032465652e-06,9.51919032465652e-06,9.51919032465652e-06,9.51919032465652e-06,0.0
1731920580.0,9.51919032465652e-06,9.51919032465652e-06,9.51919032465652e-06,9.51919032465652e-06,0.0
1731920640.0,9.51919032465652e-06,9.51919032465652e-06,9.51919032465652e-06,9.51919032465652e-06,0.0
1731920700.0,9.51919032465652e-06,9.51919032465652e-06,9.51919032465652e-06,9.51919032465652e-06,0.0
1731920760.0,9.51919032465652e-06,9.51919032465652e-06,9.51919032465652e-06,9.51919032465652e-06,0.0
1731920820.0,9.51919032465652e-06,9.51919032465652e-06,9.51919032465652e-06,9.51919032465652e-06,0.0
1731920880.0,9.51919032465652e-06,9.51919032465652e-06,9.51919032465652e-06,9.51919032465652e-06,0.0
1731920940.0,9.51919032465652e-06,9.51919032465652e-06,9.51919032465652e-06,9.51919032465652e-06,0.0
1731921000.0,9.51919032465652e-06,9.51919032465652e-06,9.51919032465652e-06,9.51919032465652e-06,0.0
1731921060.0,9.51919032465652e-06,9.51919032465652e-06,9.51919032465652e-06,9.51919032465652e-06,0.0
1731921120.0,9.51919032465652e-06,9.51919032465652e-06,9.51919032465652e-06,9.51919032465652e-06,0.0
1731921180.0,9.51919032465652e-06,9.51919032465652e-06,9.51919032465652e-06,9.51919032465652e-06,0.0
1731921240.0,9.51919032465652e-06,9.51919032465652e-06,9.51919032465652e-06,9.51919032465652e-06,0.0
1731921300.0,9.51919032465652e-06,9.51919032465652e-06,9.51919032465652e-06,9.51919032465652e-06,0.0
1731921360.0,9.51919032465652e-06,9.51919032465652e-06,9.51919032465652e-06,9.51919032465652e-06,0.0
1731921420.0,9.51919032465652e-06,9.51919032465652e-06,9.51919032465652e-06,9.51919032465652e-06,0.0
1731921480.0,9.51919032465652e-06,9.51919032465652e-06,9.51919032465652e-06,9.51919032465652e-06,0.0
1731921540.0,9.51919032465652e-06,9.51919032465652e-06,9.51919032465652e-06,9.51919032465652e-06,0.0
1731921600.0,9.51919032465652e-06,9.51919032465652e-06,9.51919032465652e-06,9.51919032465652e-06,0.0
1731921660.0,9.51919032465652e-06,9.51919032465652e-06,9.51919032465652e-06,9.51919032465652e-06,0.0
1731921720.0,9.51919032465652e-06,9.51919032465652e-06,9.51919032465652e-06,9.51919032465652e-06,0.0
1731921780.0,9.51919032465652e-06,9.51919032465652e-06,9.51919032465652e-06,9.51919032465652e-06,0.0
1731921840.0,9.51919032465652e-06,9.51919032465652e-06,9.51919032465652e-06,9.51919032465652e-06,0.0
1731921900.0,9.51919032465652e-06,9.51919032465652e-06,9.51919032465652e-06,9.51919032465652e-06,0.0
1731921960.0,9.51919032465652e-06,9.51919032465652e-06,9.51919032465652e-06,9.51919032465652e-06,0.0
1731922020.0,9.51919032465652e-06,9.51919032465652e-06,9.51919032465652e-06,9.51919032465652e-06,0.0
1731922080.0,9.51919032465652e-06,9.51919032465652e-06,9.51919032465652e-06,9.51919032465652e-06,0.0
1731922140.0,9.51919032465652e-06,9.51919032465652e-06,9.51919032465652e-06,9.51919032465652e-06,0.0
1731922200.0,9.51919032465652e-06,9.51919032465652e-06,9.51919032465652e-06,9.51919032465652e-06,0.0
1731922260.0,9.51919032465652e-06,9.51919032465652e-06,9.51919032465652e-06,9.51919032465652e-06,0.0
1731922320.0,9.51919032465652e-06,9.51919032465652e-06,9.51919032465652e-06,9.51919032465652e-06,0.0
1731922380.0,9.51919032465652e-06,9.51919032465652e-06,9.51919032465652e-06,9.51919032465652e-06,0.0
1731922440.0,9.51919032465652e-06,9.51919032465652e-06,9.51919032465652e-06,9.51919032465652e-06,0.0
1731922500.0,9.51919032465652e-06,9.51919032465652e-06,9.51919032465652e-06,9.51919032465652e-06,0.0
1731922560.0,9.51919032465652e-06,9.51919032465652e-06,9.51919032465652e-06,9.51919032465652e-06,0.0
1731922620.0,9.51919032465652e-06,9.51919032465652e-06,9.51919032465652e-06,9.51919032465652e-06,0.0
1731922680.0,9.51919032465652e-06,9.51919032465652e-06,9.51919032465652e-06,9.51919032465652e-06,0.0
1731922740.0,9.51919032465652e-06,9.51919032465652e-06,9.51919032465652e-06,9.51919032465652e-06,0.0
1731922800.0,9.51919032465652e-06,9.51919032465652e-06,9.51919032465652e-06,9.51919032465652e-06,0.0
1731922860.0,9.51919032465652e-06,9.51919032465652e-06,9.51919032465652e-06,9.51919032465652e-06,0.0
1731922920.0,9.51919032465652e-06,9.51919032465652e-06,9.51919032465652e-06,9.51919032465652e-06,0.0
1731922980.0,9.51919032465652e-06,9.51919032465652e-06,9.51919032465652e-06,9.51919032465652e-06,0.0
1731923040.0,9.51919032465652e-06,9.51919032465652e-06,9.51919032465652e-06,9.51919032465652e-06,0.0
1731923100.0,9.51919032465652e-06,9.51919032465652e-06,9.51919032465652e-06,9.51919032465652e-06,0.0
1731923160.0,9.51919032465652e-06,9.51919032465652e-06,9.51919032465652e-06,9.51919032465652e-06,0.0
1731923220.0,9.51919032465652e-06,9.51919032465652e-06,9.51919032465652e-06,9.51919032465652e-06,0.0
1731923280.0,9.51919032465652e-06,9.51919032465652e-06,9.51919032465652e-06,9.51919032465652e-06,0.0
1731923340.0,9.51919032465652e-06,9.51919032465652e-06,9.51919032465652e-06,9.51919032465652e-06,0.0
1731923400.0,9.51919032465652e-06,9.51919032465652e-06,9.51919032465652e-06,9.51919032465652e-06,0.0
1731923460.0,9.51919032465652e-06,9.51919032465652e-06,9.51919032465652e-06,9.51919032465652e-06,0.0
1731923520.0,9.51919032465652e-06,9.51919032465652e-06,9.51919032465652e-06,9.51919032465652e-06,0.0
1731923580.0,9.51919032465652e-06,9.51919032465652e-06,9.51919032465652e-06,9.51919032465652e-06,0.0
1731923640.0,9.51919032465652e-06,9.51919032465652e-06,9.51919032465652e-06,9.51919032465652e-06,0.0
1731923700.0,9.51919032465652e-06,9.51919032465652e-06,9.51919032465652e-06,9.51919032465652e-06,0.0
1731923760.0,9.51919032465652e-06,9.51919032465652e-06,9.51919032465652e-06,9.51919032465652e-06,0.0
1731923820.0,9.51919032465652e-06,9.51919032465652e-06,9.51919032465652e-06,9.51919032465652e-06,0.0
1731923880.0,9.51919032465652e-06,9.51919032465652e-06,9.51919032465652e-06,9.51919032465652e-06,0.0
1731923940.0,9.51919032465652e-06,9.51919032465652e-06,9.51919032465652e-06,9.51919032465652e-06,0.0
1731924000.0,9.51919032465652e-06,9.51919032465652e-06,9.51919032465652e-06,9.51919032465652e-06,0.0
1731924060.0,9.51919032465652e-06,9.51919032465652e-06,9.51919032465652e-06,9.51919032465652e-06,0.0
1731924120.0,9.51919032465652e-06,9.51919032465652e-06,9.51919032465652e-06,9.51919032465652e-06,0.0
1731924180.0,9.51919032465652e-06,9.51919032465652e-06,9.51919032465652e-06,9.51919032465652e-06,0.0
1731924240.0,9.51919032465652e-06,9.51919032465652e-06,9.51919032465652e-06,9.51919032465652e-06,0.0
1731924300.0,9.51919032465652e-06,9.51919032465652e-06,9.51919032465652e-06,9.51919032465652e-06,0.0
1731924360.0,9.51919032465652e-06,9.51919032465652e-06,9.51919032465652e-06,9.51919032465652e-06,0.0
1731924420.0,9.51919032465652e-06,9.51919032465652e-06,9.51919032465652e-06,9.51919032465652e-06,0.0
1731924480.0,9.51919032465652e-06,9.51919032465652e-06,9.51919032465652e-06,9.51919032465652e-06,0.0
1731924540.0,9.51919032465652e-06,9.51919032465652e-06,9.51919032465652e-06,9.51919032465652e-06,0.0
1731924600.0,9.51919032465652e-06,9.51919032465652e-06,9.51919032465652e-06,9.51919032465652e-06,0.0
1731924660.0,9.51919032465652e-06,9.51919032465652e-06,9.51919032465652e-06,9.51919032465652e-06,0.0
1731924720.0,9.51919032465652e-06,9.51919032465652e-06,9.51919032465652e-06,9.51919032465652e-06,0.0
1731924780.0,9.51919032465652e-06,9.51919032465652e-06,9.51919032465652e-06,9.51919032465652e-06,0.0
1731924840.0,9.51919032465652e-06,9.51919032465652e-06,9.51919032465652e-06,9.51919032465652e-06,0.0
1731924900.0,9.51919032465652e-06,9.51919032465652e-06,9.51919032465652e-06,9.51919032465652e-06,0.0
1731924960.0,9.51919032465652e-06,9.51919032465652e-06,9.51919032465652e-06,9.51919032465652e-06,0.0
1731925020.0,9.51919032465652e-06,9.51919032465652e-06,9.51919032465652e-06,9.51919032465652e-06,0.0
1731925080.0,9.51919032465652e-06,9.51919032465652e-06,9.51919032465652e-06,9.51919032465652e-06,0.0
1731925140.0,9.51919032465652e-06,9.51919032465652e-06,9.51919032465652e-06,9.51919032465652e-06,0.0
1731925200.0,9.51919032465652e-06,9.63179433142913e-06,9.51919032465652e-06,9.63179433142913e-06,2.00789787745
1731925260.0,9.63179433142913e-06,9.63179433142913e-06,9.63179433142913e-06,9.63179433142913e-06,0.0
1731925320.0,9.63179433142913e-06,9.63179433142913e-06,9.63179433142913e-06,9.63179433142913e-06,0.0
1731925380.0,9.63179433142913e-06,9.63179433142913e-06,9.63179433142913e-06,9.63179433142913e-06,0.0
1731925440.0,9.63179433142913e-06,9.63179433142913e-06,9.63179433142913e-06,9.63179433142913e-06,0.0
1731925500.0,9.63179433142913e-06,9.63179433142913e-06,9.63179433142913e-06,9.63179433142913e-06,0.0
1731925560.0,9.63179433142913e-06,9.63179433142913e-06,9.63179433142913e-06,9.63179433142913e-06,0.0
1731925620.0,9.63179433142913e-06,9.63179433142913e-06,9.63179433142913e-06,9.63179433142913e-06,0.0
1731925680.0,9.63179433142913e-06,9.63179433142913e-06,9.63179433142913e-06,9.63179433142913e-06,0.0
1731925740.0,9.63179433142913e-06,9.63179433142913e-06,9.63179433142913e-06,9.63179433142913e-06,0.0
1731925800.0,9.63179433142913e-06,9.63179433142913e-06,9.63179433142913e-06,9.63179433142913e-06,0.0
1731925860.0,9.63179433142913e-06,9.64578002406215e-06,9.63179433142913e-06,9.64578002406215e-06,2.07620845184
1731925920.0,9.64578002406215e-06,9.64578002406215e-06,9.64578002406215e-06,9.64578002406215e-06,0.0
1731925980.0,9.64578002406215e-06,9.64578002406215e-06,9.64578002406215e-06,9.64578002406215e-06,0.0
1731926040.0,9.64578002406215e-06,9.64578002406215e-06,9.64578002406215e-06,9.64578002406215e-06,0.0
1731926100.0,9.64578002406215e-06,9.64578002406215e-06,9.64578002406215e-06,9.64578002406215e-06,0.0
1731926160.0,9.64578002406215e-06,9.64578002406215e-06,9.64578002406215e-06,9.64578002406215e-06,0.0
1731926220.0,9.64578002406215e-06,9.64578002406215e-06,9.64578002406215e-06,9.64578002406215e-06,0.0
1731926280.0,9.64578002406215e-06,9.64578002406215e-06,9.64578002406215e-06,9.64578002406215e-06,0.0
1731926340.0,9.64578002406215e-06,9.64578002406215e-06,9.64578002406215e-06,9.64578002406215e-06,0.0
1731926400.0,9.64578002406215e-06,9.64578002406215e-06,9.64578002406215e-06,9.64578002406215e-06,0.0
1731926460.0,9.64578002406215e-06,9.64578002406215e-06,9.64578002406215e-06,9.64578002406215e-06,0.0
1731926520.0,9.64578002406215e-06,9.64578002406215e-06,9.64578002406215e-06,9.64578002406215e-06,0.0
1731926580.0,9.64578002406215e-06,9.64578002406215e-06,9.64578002406215e-06,9.64578002406215e-06,0.0
1731926640.0,9.64578002406215e-06,9.64578002406215e-06,9.64578002406215e-06,9.64578002406215e-06,0.0
1731926700.0,9.64578002406215e-06,9.64578002406215e-06,9.64578002406215e-06,9.64578002406215e-06,0.0
1731926760.0,9.64578002406215e-06,9.64578002406215e-06,9.64578002406215e-06,9.64578002406215e-06,0.0
1731926820.0,9.64578002406215e-06,9.64578002406215e-06,9.64578002406215e-06,9.64578002406215e-06,0.0
1731926880.0,9.64578002406215e-06,9.64578002406215e-06,9.64578002406215e-06,9.64578002406215e-06,0.0
1731926940.0,9.64578002406215e-06,9.64578002406215e-06,9.64578002406215e-06,9.64578002406215e-06,0.0
1731927000.0,9.64578002406215e-06,9.64578002406215e-06,9.64578002406215e-06,9.64578002406215e-06,0.0
1731927060.0,9.64578002406215e-06,9.64578002406215e-06,9.64578002406215e-06,9.64578002406215e-06,0.0
1731927120.0,9.64578002406215e-06,9.64578002406215e-06,9.64578002406215e-06,9.64578002406215e-06,0.0
1731927180.0,9.64578002406215e-06,9.64578002406215e-06,9.64578002406215e-06,9.64578002406215e-06,0.0
1731927240.0,9.64578002406215e-06,9.64578002406215e-06,9.64578002406215e-06,9.64578002406215e-06,0.0
1731927300.0,9.64578002406215e-06,9.64578002406215e-06,9.64578002406215e-06,9.64578002406215e-06,0.0
1731927360.0,9.64578002406215e-06,9.64578002406215e-06,9.64578002406215e-06,9.64578002406215e-06,0.0
1731927420.0,9.64578002406215e-06,9.73971004097543e-06,9.64578002406215e-06,9.73971004097543e-06,12.0042074606
1731927480.0,9.73971004097543e-06,9.73971004097543e-06,9.73971004097543e-06,9.73971004097543e-06,0.0
1731927540.0,9.73971004097543e-06,9.73971004097543e-06,9.73971004097543e-06,9.73971004097543e-06,0.0
1731927600.0,9.73971004097543e-06,9.73971004097543e-06,9.73971004097543e-06,9.73971004097543e-06,0.0
1731927660.0,9.73971004097543e-06,9.73971004097543e-06,9.73971004097543e-06,9.73971004097543e-06,0.0
1731927720.0,9.73971004097543e-06,9.73971004097543e-06,9.73971004097543e-06,9.73971004097543e-06,0.0
1731927780.0,9.73971004097543e-06,9.73971004097543e-06,9.73971004097543e-06,9.73971004097543e-06,0.0
1731927840.0,9.73971004097543e-06,9.73971004097543e-06,9.73971004097543e-06,9.73971004097543e-06,0.0
1731927900.0,9.73971004097543e-06,9.73971004097543e-06,9.73971004097543e-06,9.73971004097543e-06,0.0
1731927960.0,9.73971004097543e-06,9.73971004097543e-06,9.73971004097543e-06,9.73971004097543e-06,0.0
1731928020.0,9.73971004097543e-06,9.73971004097543e-06,9.73971004097543e-06,9.73971004097543e-06,0.0
1731928080.0,9.73971004097543e-06,9.73971004097543e-06,9.73971004097543e-06,9.73971004097543e-06,0.0
1731928140.0,9.73971004097543e-06,9.73971004097543e-06,9.73971004097543e-06,9.73971004097543e-06,0.0
1731928200.0,9.73971004097543e-06,9.73971004097543e-06,9.73971004097543e-06,9.73971004097543e-06,0.0
1731928260.0,9.73971004097543e-06,9.73971004097543e-06,9.73971004097543e-06,9.73971004097543e-06,0.0
1731928320.0,9.73971004097543e-06,9.73971004097543e-06,9.73971004097543e-06,9.73971004097543e-06,0.0
1731928380.0,9.73971004097543e-06,9.73971004097543e-06,9.73971004097543e-06,9.73971004097543e-06,0.0
1731928440.0,9.73971004097543e-06,9.73971004097543e-06,9.73971004097543e-06,9.73971004097543e-06,0.0
1731928500.0,9.73971004097543e-06,9.73971004097543e-06,9.73971004097543e-06,9.73971004097543e-06,0.0
1731928560.0,9.73971004097543e-06,9.73971004097543e-06,9.73971004097543e-06,9.73971004097543e-06,0.0
1731928620.0,9.73971004097543e-06,9.73971004097543e-06,9.73971004097543e-06,9.73971004097543e-06,0.0
1731928680.0,9.73971004097543e-06,9.73971004097543e-06,9.73971004097543e-06,9.73971004097543e-06,0.0
1731928740.0,9.73971004097543e-06,9.73971004097543e-06,9.73971004097543e-06,9.73971004097543e-06,0.0
1731928800.0,9.73971004097543e-06,9.73971004097543e-06,9.73971004097543e-06,9.73971004097543e-06,0.0
1731928860.0,9.73971004097543e-06,9.73971004097543e-06,9.73971004097543e-06,9.73971004097543e-06,0.0
1731928920.0,9.73971004097543e-06,9.73971004097543e-06,9.73971004097543e-06,9.73971004097543e-06,0.0
1731928980.0,9.73971004097543e-06,9.73971004097543e-06,9.73971004097543e-06,9.73971004097543e-06,0.0
1731929040.0,9.73971004097543e-06,9.73971004097543e-06,9.73971004097543e-06,9.73971004097543e-06,0.0
1731929100.0,9.73971004097543e-06,9.73971004097543e-06,9.73971004097543e-06,9.73971004097543e-06,0.0
1731929160.0,9.73971004097543e-06,9.73971004097543e-06,9.73971004097543e-06,9.73971004097543e-06,0.0
1731929220.0,9.73971004097543e-06,9.73971004097543e-06,9.29437028713414e-06,9.29437028713414e-06,219.60001901036
1731929280.0,9.29437028713414e-06,9.29437028713414e-06,9.29437028713414e-06,9.29437028713414e-06,0.0
1731929340.0,9.29437028713414e-06,9.29437028713414e-06,9.29437028713414e-06,9.29437028713414e-06,0.0
1731929400.0,9.29437028713414e-06,9.29437028713414e-06,9.29437028713414e-06,9.29437028713414e-06,0.0
1731929460.0,9.29437028713414e-06,9.29437028713414e-06,9.29437028713414e-06,9.29437028713414e-06,0.0
1731929520.0,9.29437028713414e-06,9.29437028713414e-06,9.29437028713414e-06,9.29437028713414e-06,0.0
1731929580.0,9.29437028713414e-06,9.29437028713414e-06,9.29437028713414e-06,9.29437028713414e-06,0.0
1731929640.0,9.29437028713414e-06,9.29437028713414e-06,9.29437028713414e-06,9.29437028713414e-06,0.0
1731929700.0,9.29437028713414e-06,9.29437028713414e-06,9.29437028713414e-06,9.29437028713414e-06,0.0
1731929760.0,9.29437028713414e-06,9.29437028713414e-06,9.29437028713414e-06,9.29437028713414e-06,0.0
1731929820.0,9.29437028713414e-06,9.29437028713414e-06,9.29437028713414e-06,9.29437028713414e-06,0.0
1731929880.0,9.29437028713414e-06,9.29437028713414e-06,8.91948368989071e-06,8.91948368989071e-06,2.31230378682
1731929940.0,8.91948368989071e-06,8.91948368989071e-06,8.91948368989071e-06,8.91948368989071e-06,0.0
1731930000.0,8.91948368989071e-06,8.91948368989071e-06,8.91948368989071e-06,8.91948368989071e-06,0.0
1731930060.0,8.91948368989071e-06,8.91948368989071e-06,8.91948368989071e-06,8.91948368989071e-06,0.0
1731930120.0,8.91948368989071e-06,8.91948368989071e-06,8.91948368989071e-06,8.91948368989071e-06,0.0
1731930180.0,8.91948368989071e-06,8.91948368989071e-06,8.91948368989071e-06,8.91948368989071e-06,0.0
1731930240.0,8.91948368989071e-06,8.91948368989071e-06,8.91948368989071e-06,8.91948368989071e-06,0.0
1731930300.0,8.91948368989071e-06,8.91948368989071e-06,8.91948368989071e-06,8.91948368989071e-06,0.0
1731930360.0,8.91948368989071e-06,8.91948368989071e-06,8.91948368989071e-06,8.91948368989071e-06,0.0
1731930420.0,8.91948368989071e-06,8.91948368989071e-06,8.91948368989071e-06,8.91948368989071e-06,0.0
1731930480.0,8.91948368989071e-06,8.91948368989071e-06,8.91948368989071e-06,8.91948368989071e-06,0.0
1731930540.0,8.91948368989071e-06,8.91948368989071e-06,8.91948368989071e-06,8.91948368989071e-06,0.0
1731930600.0,8.91948368989071e-06,8.91948368989071e-06,8.91948368989071e-06,8.91948368989071e-06,0.0
1731930660.0,8.91948368989071e-06,8.91948368989071e-06,8.91948368989071e-06,8.91948368989071e-06,0.0
1731930720.0,8.91948368989071e-06,8.91948368989071e-06,8.91948368989071e-06,8.91948368989071e-06,0.0
1731930780.0,8.91948368989071e-06,8.91948368989071e-06,8.85913972190302e-06,8.85913972190302e-06,5.8242387903
1731930840.0,8.85913972190302e-06,8.85913972190302e-06,8.85913972190302e-06,8.85913972190302e-06,0.0
1731930900.0,8.85913972190302e-06,8.85913972190302e-06,8.85913972190302e-06,8.85913972190302e-06,0.0
1731930960.0,8.85913972190302e-06,8.85913972190302e-06,8.85913972190302e-06,8.85913972190302e-06,0.0
1731931020.0,8.85913972190302e-06,8.85913972190302e-06,8.82996842846172e-06,8.82996842846172e-06,11.165228309
1731931080.0,8.82996842846172e-06,8.82996842846172e-06,8.82996842846172e-06,8.82996842846172e-06,0.0
1731931140.0,8.82996842846172e-06,8.82996842846172e-06,8.82996842846172e-06,8.82996842846172e-06,0.0
1731931200.0,8.82996842846172e-06,8.82996842846172e-06,8.82996842846172e-06,8.82996842846172e-06,0.0
1731931260.0,8.82996842846172e-06,8.82996842846172e-06,8.82996842846172e-06,8.82996842846172e-06,0.0
1731931320.0,8.82996842846172e-06,8.82996842846172e-06,8.82996842846172e-06,8.82996842846172e-06,0.0
1731931380.0,8.82996842846172e-06,8.82996842846172e-06,8.82996842846172e-06,8.82996842846172e-06,0.0
1731931440.0,8.82996842846172e-06,8.82996842846172e-06,8.82996842846172e-06,8.82996842846172e-06,0.0
1731931500.0,8.82996842846172e-06,8.82996842846172e-06,8.82996842846172e-06,8.82996842846172e-06,0.0
1731931560.0,8.82996842846172e-06,8.82996842846172e-06,8.82996842846172e-06,8.82996842846172e-06,0.0
1731931620.0,8.82996842846172e-06,8.82996842846172e-06,8.82996842846172e-06,8.82996842846172e-06,0.0
1731931680.0,8.82996842846172e-06,8.82996842846172e-06,8.82996842846172e-06,8.82996842846172e-06,0.0
1731931740.0,8.82996842846172e-06,8.82996842846172e-06,8.82996842846172e-06,8.82996842846172e-06,0.0
1731931800.0,8.82996842846172e-06,8.82996842846172e-06,8.82996842846172e-06,8.82996842846172e-06,0.0
1731931860.0,8.82996842846172e-06,8.82996842846172e-06,8.82996842846172e-06,8.82996842846172e-06,0.0
1731931920.0,8.82996842846172e-06,8.82996842846172e-06,8.82996842846172e-06,8.82996842846172e-06,0.0
1731931980.0,8.82996842846172e-06,8.82996842846172e-06,8.82996842846172e-06,8.82996842846172e-06,0.0
1731932040.0,8.82996842846172e-06,8.82996842846172e-06,8.82996842846172e-06,8.82996842846172e-06,0.0
1731932100.0,8.82996842846172e-06,8.82996842846172e-06,8.82996842846172e-06,8.82996842846172e-06,0.0
1731932160.0,8.82996842846172e-06,8.82996842846172e-06,8.82996842846172e-06,8.82996842846172e-06,0.0
1731932220.0,8.82996842846172e-06,8.82996842846172e-06,8.82996842846172e-06,8.82996842846172e-06,0.0
1731932280.0,8.82996842846172e-06,8.82996842846172e-06,8.82996842846172e-06,8.82996842846172e-06,0.0
1731932340.0,8.82996842846172e-06,8.82996842846172e-06,8.82996842846172e-06,8.82996842846172e-06,0.0
1731932400.0,8.82996842846172e-06,8.82996842846172e-06,8.82996842846172e-06,8.82996842846172e-06,0.0
1731932460.0,8.82996842846172e-06,8.82996842846172e-06,8.82996842846172e-06,8.82996842846172e-06,0.0
1731932520.0,8.82996842846172e-06,8.82996842846172e-06,8.82996842846172e-06,8.82996842846172e-06,0.0
1731932580.0,8.82996842846172e-06,8.82996842846172e-06,8.82996842846172e-06,8.82996842846172e-06,0.0
1731932640.0,8.82996842846172e-06,8.82996842846172e-06,8.82996842846172e-06,8.82996842846172e-06,0.0
1731932700.0,8.82996842846172e-06,8.82996842846172e-06,8.82996842846172e-06,8.82996842846172e-06,0.0
1731932760.0,8.82996842846172e-06,8.82996842846172e-06,8.82996842846172e-06,8.82996842846172e-06,0.0
1731932820.0,8.82996842846172e-06,8.82996842846172e-06,8.82996842846172e-06,8.82996842846172e-06,0.0
1731932880.0,8.82996842846172e-06,8.82996842846172e-06,8.82996842846172e-06,8.82996842846172e-06,0.0
1731932940.0,8.82996842846172e-06,8.82996842846172e-06,8.82996842846172e-06,8.82996842846172e-06,0.0
1731933000.0,8.82996842846172e-06,8.82996842846172e-06,8.82996842846172e-06,8.82996842846172e-06,0.0
1731933060.0,8.82996842846172e-06,8.82996842846172e-06,8.82996842846172e-06,8.82996842846172e-06,0.0
1731933120.0,8.82996842846172e-06,8.82996842846172e-06,8.82996842846172e-06,8.82996842846172e-06,0.0
1731933180.0,8.82996842846172e-06,8.82996842846172e-06,8.82996842846172e-06,8.82996842846172e-06,0.0
1731933240.0,8.82996842846172e-06,8.82996842846172e-06,8.82996842846172e-06,8.82996842846172e-06,0.0
1731933300.0,8.82996842846172e-06,8.82996842846172e-06,8.82996842846172e-06,8.82996842846172e-06,0.0
1731933360.0,8.82996842846172e-06,8.82996842846172e-06,8.82996842846172e-06,8.82996842846172e-06,0.0
1731933420.0,8.82996842846172e-06,8.82996842846172e-06,8.82996842846172e-06,8.82996842846172e-06,0.0
1731933480.0,8.82996842846172e-06,8.82996842846172e-06,8.82996842846172e-06,8.82996842846172e-06,0.0
1731933540.0,8.82996842846172e-06,8.82996842846172e-06,8.82996842846172e-06,8.82996842846172e-06,0.0
1731933600.0,8.82996842846172e-06,8.82996842846172e-06,8.82996842846172e-06,8.82996842846172e-06,0.0
1731933660.0,8.82996842846172e-06,8.82996842846172e-06,8.82996842846172e-06,8.82996842846172e-06,0.0
1731933720.0,8.82996842846172e-06,8.82996842846172e-06,8.82996842846172e-06,8.82996842846172e-06,0.0
1731933780.0,8.82996842846172e-06,8.82996842846172e-06,8.82996842846172e-06,8.82996842846172e-06,0.0
1731933840.0,8.82996842846172e-06,8.82996842846172e-06,8.82996842846172e-06,8.82996842846172e-06,0.0
1731933900.0,8.82996842846172e-06,8.82996842846172e-06,8.82996842846172e-06,8.82996842846172e-06,0.0
1731933960.0,8.82996842846172e-06,8.82996842846172e-06,8.82996842846172e-06,8.82996842846172e-06,0.0
1731934020.0,8.82996842846172e-06,8.82996842846172e-06,8.82996842846172e-06,8.82996842846172e-06,0.0
