time,open,high,low,close,volume,usd_vol,price_change,vol_change,norm_open,mov_in_min
1732076520.0,9.54744921972762e-05,0.0001053980700323,7.8239975760955e-05,7.98982864253459e-05,13311.0725698627,1.1671998915120942,-0.1631452067819919,0.0,1.0,0.2844539273927639
1732076580.0,7.98982864253459e-05,7.98982864253459e-05,7.627311747026e-05,7.78600352931781e-05,1314.07190574706,0.10365288923405933,-0.025510573797752983,-0.9111952545679401,0.836854793218008,0.04537229917281308
1732076640.0,7.78600352931781e-05,7.88182348950933e-05,6.83790159333217e-05,6.83790159333217e-05,1374.86764303338,0.10052966983960776,-0.12177003676091465,-0.030131522792374858,0.8155061472576168,0.13407673041070742
1732076700.0,6.83790159333217e-05,9.42607136582986e-05,6.02138367701576e-05,9.26943009856299e-05,5999.46286157002,0.4831766914225741,0.3555957148611018,3.806309343236368,0.7162019337273049,0.49791411039522815
1732076760.0,9.26943009856299e-05,0.0001215864469228,9.20736251934875e-05,9.4424733052403e-05,6254.13821313356,0.5851341505909504,0.018668160268465357,0.21101485435522993,0.9708802723359694,0.31838874035942916
1732076820.0,9.4424733052403e-05,9.65672958257059e-05,8.69035538637788e-05,9.65672958257059e-05,2666.72020696308,0.25466115138906453,0.022690694525065176,-0.5647815955847526,0.9890048208614286,0.10234333367470576
1732076880.0,9.65672958257059e-05,0.0001009916501992,9.49445648628705e-05,9.49445648628705e-05,1071.21596421995,0.10257528125353504,-0.016804146258421363,-0.5972087587995577,1.011446027135412,0.06262042738821098
1732076940.0,9.49445648628705e-05,9.5098173453159e-05,8.74010108706254e-05,8.74010108706254e-05,764.74166347136,0.06972362945653826,-0.07945219405808364,-0.3202686982236729,0.9944495401629293,0.08107007066334648
1732077000.0,8.74010108706254e-05,8.74010108706254e-05,7.6145347909961e-05,7.6145347909961e-05,1453.68036297849,0.11887206509798658,-0.1287818395753512,0.7049035746494615,0.9154383423169322,0.1287818395753512
1732077060.0,7.6145347909961e-05,7.67747464810533e-05,7.53739270873868e-05,7.67747464810533e-05,245.71690244372,0.018787525957580653,0.008265752122329861,-0.841951715551555,0.7975465085755477,0.01839665103799802
1732077120.0,7.67747464810533e-05,9.26860601584604e-05,7.67747464810533e-05,8.68975137339877e-05,4435.66540942272,0.36299769155894585,0.13185022050750145,18.321207719342016,0.8041388303214627,0.2072467107570812
1732077180.0,8.68975137339877e-05,8.7395905806493e-05,8.64562540399561e-05,8.7395905806493e-05,498.24023623004,0.04341999726259529,0.005735400831271067,-0.8803849217990289,0.9101647124179919,0.010813333157187655
1732077240.0,8.7395905806493e-05,8.9360806287374e-05,8.72001782720945e-05,8.8974211878047e-05,1011.64709197108,0.08921215833308102,0.01805926784543651,1.0546329792133353,0.9153848718661877,0.024722302439011593
1732077300.0,8.8974211878047e-05,9.20418212853691e-05,8.8974211878047e-05,9.20418212853691e-05,84.0032,0.007602963018516538,0.03447751143361325,-0.9147766048868559,0.9319160524488798,0.03447751143361325
1732077360.0,9.20418212853691e-05,9.57990837907081e-05,9.16086056855186e-05,9.57990837907081e-05,393.38942346806,0.036947312675798295,0.04082125334840873,3.859593895934445,0.9640461988023536,0.04552797898465344
1732077420.0,9.57990837907081e-05,9.5999366615867e-05,9.57990837907081e-05,9.5999366615867e-05,34.6599,0.0033238575556234265,0.0020906549126968417,-0.9100379076337894,1.003399772923235,0.0020906549126968417
1732077480.0,9.5999366615867e-05,0.0001011510133452,9.5999366615867e-05,0.0001011510133452,516.31128468764,0.05089548297717743,0.053663340821266545,14.312173318339273,1.005497535587896,0.053663340821266545
1732077540.0,0.0001011510133452,0.0001122363355069,0.0001011510133452,0.0001122363355069,1196.95145315397,0.1277071486465971,0.10959180531260637,1.5092039838557694,1.0594558925350928,0.10959180531260637
1732077600.0,0.0001122363355069,0.0001383884944711,0.0001122363355069,0.0001374195967506,2860.4645287054,0.35706596930172857,0.22437708011370172,1.7959747992638546,1.1755635764470922,0.23300973651792323
1732077660.0,0.0001374195967506,0.0001374195967506,0.0001131135104989,0.000130362543086,4084.0257121795,0.5468145721775605,-0.051354055982333516,0.5314104932679545,1.439333099218311,0.1768749641713228
1732077720.0,0.000130362543086,0.0001351036486219,0.000130362543086,0.0001351036486219,285.62324360796,0.037911657371931466,0.03636861803756242,-0.9306681655886433,1.3654175066638283,0.03636861803756242
1732077780.0,0.0001351036486219,0.0001351036486219,0.0001067814996123,0.0001067814996123,3252.08031854715,0.3933149649606508,-0.20963274714261898,9.374512543781538,1.415075854425486,0.20963274714261898
1732077840.0,0.0001067814996123,0.0001067814996123,9.28257575343373e-05,9.28257575343373e-05,1378.41863535249,0.13757118150126066,-0.13069438178554257,-0.6502264247305618,1.1184296156470825,0.13069438178554257
1732077900.0,9.28257575343373e-05,0.0001171971033598,8.97343296038104e-05,9.21682618130947e-05,5700.48190174066,0.5272775296101487,-0.007083117215600219,2.8327615119400344,0.9722571484594451,0.2958529451896023
1732077960.0,9.21682618130947e-05,9.59557761638458e-05,9.17389471129091e-05,9.59557761638458e-05,472.45854463419,0.0444404045966462,0.04109347704128011,-0.9157172416782032,0.9653705371132016,0.045751422105451856
1732078020.0,9.59557761638458e-05,0.0001094489232478,9.59557761638458e-05,0.0001094489232478,1376.47,0.14136670329957404,0.14061839342442992,2.1810399698800813,1.0050409691163913,0.14061839342442992
1732078080.0,0.0001094489232478,0.0001110751519305,9.91974373199897e-05,9.95451189036844e-05,1354.22219991312,0.14151218576555927,-0.0904879102528282,0.00102911408832198,1.1463682155192703,0.10852290052793234
1732078140.0,9.95451189036844e-05,0.0001085675419427,9.32687578462562e-05,9.68246183267517e-05,4164.85188354962,0.40892543498816286,-0.02732932168743431,1.889683547575347,1.0426357513166677,0.15368693377368164
1732078200.0,9.68246183267517e-05,9.83926182742671e-05,9.63834049933989e-05,9.63834049933989e-05,413.54008174345,0.03994963087865274,-0.0045568300807946735,-0.9023058302064063,1.0141412234661147,0.020751058104745188
1732078260.0,9.63834049933989e-05,9.63834049933989e-05,9.63834049933989e-05,9.63834049933989e-05,0.0,0.0,0.0,-1.0,1.0095199542328503,0.0
1732078320.0,9.63834049933989e-05,9.63834049933989e-05,9.52580015657151e-05,9.52580015657151e-05,17.75473199227,0.0017012709060393615,-0.011676319463510068,0.0,1.0095199542328503,0.011676319463510068
1732078380.0,9.52580015657151e-05,9.52580015657151e-05,8.55193331271605e-05,8.55193331271605e-05,1192.05355164815,0.10774813193906434,-0.10223464988225935,62.33390617365405,0.9977324767424396,0.10223464988225935
1732078440.0,8.55193331271605e-05,8.55193331271605e-05,6.84824378731107e-05,7.5497127226374e-05,3585.41266747796,0.2886552283120127,-0.11719228312835746,1.6789812790003464,0.8957296463065169,0.19921688618311945
1732078500.0,7.5497127226374e-05,9.05759481240089e-05,7.5497127226374e-05,8.75491244286456e-05,1693.64995915745,0.13807163872814962,0.1596351761323891,-0.5216728290855502,0.7907570439901,0.19972708169970352
1732078560.0,8.75491244286456e-05,8.75491244286456e-05,8.75491244286456e-05,8.75491244286456e-05,0.0,0.0,0.0,-1.0,0.9169896839853869,0.0
1732078620.0,8.75491244286456e-05,8.75491244286456e-05,8.75491244286456e-05,8.75491244286456e-05,0.0,0.0,0.0,0.0,0.9169896839853869,0.0
1732078680.0,8.75491244286456e-05,0.000103330245337,8.75491244286456e-05,0.0001024721255961,1677.56395486868,0.15938639985030126,0.17045288876209114,0.0,0.9169896839853869,0.1802544686922181
1732078740.0,0.0001024721255961,0.0001158160307927,0.0001024721255961,0.0001052161673369,2329.71120664943,0.24192687176794986,0.0267784212032041,0.5178639582497138,1.0732932245857332,0.13021985363313146
1732078800.0,0.0001052161673369,0.0001214488397416,0.0001052161673369,0.0001214488397416,2109.12951293633,0.2390329279895932,0.15427925969516942,-0.011962060093648731,1.1020343226282352,0.15427925969516942
1732078860.0,0.0001214488397416,0.0001338536763619,0.0001214488397416,0.0001338536763619,1110.64223576296,0.14177487864055016,0.10214042922676814,-0.4068813872927054,1.2720553620819868,0.10214042922676814
1732078920.0,0.0001338536763619,0.0001353321230931,0.0001148989222269,0.0001353321230931,5117.64449952435,0.6887986129654727,0.011045245609860825,3.8583967736048828,1.4019836427652528,0.1526532660257667
1732078980.0,0.0001353321230931,0.0001381464938361,0.0001353321230931,0.0001381464938361,652.17675371787,0.0891781983000693,0.02079602890042522,-0.8705308102812054,1.4174688964406024,0.02079602890042522
1732079040.0,0.0001381464938361,0.0001768497569963,0.0001381464938361,0.0001674988985612,4235.02753238004,0.6472083259738332,0.21247303431330164,6.257472547226043,1.446946620576435,0.28016102389191566
1732079100.0,0.0001674988985612,0.0002033161829871,0.0001674988985612,0.0001942174544933,4434.02572551169,0.8019298073909611,0.1595148156889981,0.23905978215642326,1.7543837595396878,0.21383594001851436
1732079160.0,0.0001942174544933,0.0002239635058399,0.0001861820720551,0.0002239635058399,3911.16415308347,0.8177871907786162,0.15315848631733642,0.01977402915006525,2.0342339615904326,0.19453160831177185
1732079220.0,0.0002239635058399,0.0002396349265366,0.000219588722648,0.0002230496773838,3581.75765002272,0.8005464443362477,-0.004080256078654433,-0.021082191842542276,2.345794155962942,0.08950656408696336
1732079280.0,0.0002230496773838,0.0002230496773838,0.0001591817478075,0.000212818531681,6674.91991881676,1.4546926953328108,-0.04586935889261722,0.8171246723092144,2.336222715098802,0.2863394842145542
1732079340.0,0.000212818531681,0.0002141462063793,0.0001630129204571,0.00018371547949,9955.2532922966,1.9737982601088373,-0.13675055438604108,0.3568489526629976,2.2290616769268508,0.24026707410445441
1732079400.0,0.00018371547949,0.000207051457427,0.000182158622865,0.0002046351522209,3883.99689106828,0.7541763231047691,0.11386995145413811,-0.6179060756375462,1.9242362568464253,0.1354966638146296
1732079460.0,0.0002046351522209,0.0002063481101098,0.0002029205956241,0.0002040675246216,815.31466436415,0.16661064289728628,-0.002773851868261824,-0.7790826391746312,2.1433489459998203,0.01674939250906439
1732079520.0,0.0002040675246216,0.0002098733068914,0.0001816425133031,0.0001816425133031,4108.20727455569,0.7922883918357018,-0.10989015209589292,3.7553288196849426,2.1374036135216214,0.13834045196876876
1732079580.0,0.0001816425133031,0.0001842904813749,0.000170472470272,0.0001842904813749,2339.50125967944,0.42805035100372546,0.014577909233073765,-0.4597291145312009,1.9025240053414194,0.07607256061163618
1732079640.0,0.0001842904813749,0.0001868101939963,0.0001823535781119,0.0001823535781119,600.2601421489,0.11004090763279814,-0.010510055910374357,-0.742925318540761,1.9302588276050305,0.024182561416907663
1732079700.0,0.0001823535781119,0.0001823535781119,0.0001758079722169,0.0001767336481201,604.21064031253,0.10848216144484352,-0.030818863276438468,-0.014165152046510684,1.9099716994054081,0.035895132756777234
1732079760.0,0.0001767336481201,0.0001767336481201,0.0001543985980061,0.0001543985980061,2018.04578662436,0.3341200170552192,-0.12637689739093794,2.0799535389521036,1.851108542739566,0.12637689739093794
1732079820.0,0.0001543985980061,0.0001547201648916,0.000145414174947,0.000145414174947,1085.8531504272,0.1627763220247192,-0.05818979689663406,-0.5128208017605316,1.6171711883742792,0.06027250289042361
1732079880.0,0.000145414174947,0.000145414174947,0.0001228476426012,0.0001278382430286,2752.88337410002,0.37611601918882925,-0.1208680785405274,1.3106310212102734,1.5230683253756916,0.1551879818733281
1732079940.0,0.0001278382430286,0.0001414337817964,0.000127261011174,0.0001343759449564,2974.69980735272,0.3900042472420647,0.05114042381149884,0.03692538297940158,1.338977983401593,0.11086487334802671
1732080000.0,0.0001343759449564,0.0001446900333676,0.0001343759449564,0.0001433035416335,1589.43259809725,0.22067641390444762,0.06643746155605955,-0.4341692033741367,1.4074538849470164,0.07675546701864341
1732080060.0,0.0001433035416335,0.0001472509298884,0.0001433035416335,0.0001472509298884,240.3169004136,0.03491257499872731,0.02754564339376546,-0.8417929021909683,1.5009615483201106,0.02754564339376546
1732080120.0,0.0001472509298884,0.0001531556549459,0.0001472509298884,0.000150878590309,1107.85828965255,0.16514263017041345,0.024635908400370398,3.730176166508299,1.5423064998778904,0.04009974715932277
1732080180.0,0.000150878590309,0.0001625775675145,0.000150360362131,0.0001615786121567,1209.68873854133,0.18898797954944277,0.07091809265838397,0.14439245247833893,1.580302621534178,0.08097375087134039
1732080240.0,0.0001615786121567,0.0001624023828569,0.0001615786121567,0.0001624023828569,59.96867821,0.009714356018063097,0.005098265724680852,-0.9485980217301512,1.6923746692764259,0.005098265724680852
1732080300.0,0.0001624023828569,0.0001811100363997,0.0001624023828569,0.0001811100363997,1469.32521441113,0.2523657295385449,0.11519322077487082,24.978637088170363,1.701002845046116,0.11519322077487082
1732080360.0,0.0001811100363997,0.0001832198686963,0.0001811100363997,0.0001832198686963,99.84298151406,0.01818789198975958,0.011649449906485091,-0.9279304205724903,1.8969468413141966,0.011649449906485091
1732080420.0,0.0001832198686963,0.0002388567183236,0.0001797367341495,0.0002388567183236,4521.27053280105,0.954161217739156,0.3036616608405176,51.46134176936954,1.9190452285173514,0.32267234222340585
1732080480.0,0.0002388567183236,0.00037461507691,0.0002085580499038,0.0002744729889878,61788.83980088732,15.859023525050237,0.1491114460341348,15.620905597722272,2.5017856898370012,0.6952160616274903
1732080540.0,0.0002744729889878,0.0002823772465672,0.0002627121322875,0.0002789788435297,4227.63735585679,1.1698968209091893,0.016416386029520284,-0.9262314720032245,2.874830571716102,0.07164681068334228
1732080600.0,0.0002789788435297,0.0003162840381003,0.0002789788435297,0.0003075090881512,4432.8130610418,1.2998956818492424,0.10226669614272267,0.1111199369180472,2.9220249001508596,0.1337205147838692
1732080660.0,0.0003075090881512,0.0003097019140695,0.0002880094549835,0.0002880094549835,1345.84415165738,0.40073757424067963,-0.06341156706923784,-0.6917155893074536,3.220850732736057,0.07054249751257417
1732080720.0,0.0002880094549835,0.0002880094549835,0.000260384693626,0.000260384693626,8256.86052100015,2.264006997800635,-0.09591616136033669,4.649599995933727,3.016611540477161,0.09591616136033669
1732080780.0,0.000260384693626,0.0003302928511977,0.0002343251091787,0.0002373776788596,17745.29696600576,4.416470559130273,-0.08835778496045478,0.950731849954812,2.7272697411993,0.36856138002044747
1732080840.0,0.0002373776788596,0.0002457537302237,0.0002105190266626,0.0002453372822929,5411.89506604414,1.3062013582834517,0.033531389604697336,-0.7042431641295308,2.486294227877257,0.14843309501707622
1732080900.0,0.0002453372822929,0.0002551965360432,0.000226173104514,0.0002359712999944,7952.55403532111,1.913816254151775,-0.03817594379038667,0.4651770510075277,2.569663128304119,0.11830012649504253
1732080960.0,0.0002359712999944,0.0002359712999944,0.0002281386633892,0.0002281386633892,431.65946832867,0.10016873002010164,-0.03319317478602642,-0.9476602156540375,2.471563813157752,0.03319317478602642
1732081020.0,0.0002281386633892,0.0002392754453558,0.0002082159378277,0.0002082159378277,3146.18488421539,0.6864261252532227,-0.087327265205864,5.852698692650613,2.3895247635127888,0.13614311167902787
1732081080.0,0.0002082159378277,0.0002107189830511,0.0002043582069949,0.0002043582069949,1005.22585218237,0.20736509815885532,-0.01852754824173112,-0.6979061685882683,2.1808541007735283,0.03054893934903093
1732081140.0,0.0002043582069949,0.0002237636741648,0.0002043582069949,0.0002237636741648,1520.31026177523,0.3254390446088037,0.09495810055910445,0.56940125169712,2.1404482212132696,0.09495810055910445
1732081200.0,0.0002237636741648,0.0003211335309763,0.0002237636741648,0.0002341257086054,12109.24470911554,2.772347292835113,0.04630793840544673,7.518791272164755,2.343701118644795,0.43514595107956605
1732081260.0,0.0002341257086054,0.0002341257086054,0.0002170537295969,0.000217256940568,1610.92049528637,0.36357078038504365,-0.07205004584024963,-0.8688581400589096,2.452233085687775,0.07291800251322872
1732081320.0,0.000217256940568,0.0002270850617447,0.000217256940568,0.0002201906557228,1268.8381584878,0.27752510125626667,0.013503435826399986,-0.23666830166508251,2.2755495794529943,0.04523731739481003
1732081380.0,0.0002201906557228,0.0002201906557228,0.0002162459582343,0.0002162459582343,453.72294725456,0.09901065338720802,-0.01791491775866286,-0.6432371236366775,2.306277317168929,0.01791491775866286
1732081440.0,0.0002162459582343,0.0002162459582343,0.0002125625450584,0.0002125625450584,336.45923155404,0.07213828975084993,-0.017033442872070072,-0.27140881023445446,2.264960548703178,0.017033442872070072
1732081500.0,0.0002125625450584,0.0002133324240646,0.0002125625450584,0.0002133324240646,58.5625,0.012470737064632843,0.0036218939982511737,-0.8271273534803213,2.22638047258935,0.0036218939982511737
1732081560.0,0.0002133324240646,0.0002133324240646,0.0002116349478318,0.0002116349478318,101.36263637516,0.02153790659442109,-0.007956953755355862,0.7270756718544605,2.234444186660845,0.007956953755355862
1732081620.0,0.0002116349478318,0.0002131856836864,0.0002110298218889,0.0002131856836864,220.73529341747,0.04688645337398239,0.007327409156603213,1.1769271385979205,2.216664817598661,0.01018670035165165
1732081680.0,0.0002131856836864,0.0002261850735179,0.0002131856836864,0.0002261850735179,2554.49476413623,0.5611851493964776,0.06097684237850769,10.969025358354,2.2329072276802533,0.06097684237850769
1732081740.0,0.0002261850735179,0.0002323862326917,0.0002214229562893,0.0002214229562893,1135.68844717072,0.25417163415644217,-0.021054073792465006,-0.5470806124684711,2.3690628597483427,0.048470379728803734
1732081800.0,0.0002214229562893,0.0002502937974109,0.0002163736561606,0.0002451280023274,3909.79092401164,0.912058351794252,0.1070577614686355,2.5883561705114655,2.319184435480213,0.15319161941809534
1732081860.0,0.0002451280023274,0.0002590075916914,0.0002451280023274,0.0002590075916914,2277.13122586696,0.5739914516055991,0.05662180261829905,-0.3706636746690482,2.567471129575626,0.05662180261829905
1732081920.0,0.0002590075916914,0.0002739471752762,0.0002522874859016,0.0002594793298248,3974.77476691072,1.0304343663079052,0.001821329368453812,0.7952085582904066,2.712845973102638,0.08362569310480626
1732081980.0,0.0002594793298248,0.0002794760439548,0.0002568921530185,0.0002679745260835,4343.83727444136,1.1455868599211478,0.03273939494308043,0.11175141025802492,2.717786959145542,0.08703541415629756
1732082040.0,0.0002679745260835,0.0002792718026291,0.0002679745260835,0.0002792718026291,216.72119598792,0.05929993942929654,0.04215802416263933,-0.9482361909830406,2.8067656597721613,0.04215802416263933
1732082100.0,0.0002792718026291,0.0002800124148839,0.0002660554645571,0.0002800124148839,3000.9435564488,0.8391901843845732,0.0026519406822593837,13.151619587826756,2.9250933542757025,0.04997622457909297
1732082160.0,0.0002800124148839,0.0002900738282742,0.0002800124148839,0.0002841626658582,1306.1869834992,0.3684590734399706,0.014821667732199485,-0.5609349581344508,2.9328505283413127,0.03593202606560028
1732082220.0,0.0002841626658582,0.0002841626658582,0.0002645670583344,0.0002706139243275,1862.45914775393,0.5166243676755451,-0.0476795271109292,0.4021214428302405,2.9763202643805933,0.06895912052563023
1732082280.0,0.0002706139243275,0.0002804686533837,0.0002639918687871,0.0002639918687871,2482.54970132424,0.6635927260114293,-0.024470490780755083,0.28447817704987644,2.8344107216442507,0.06088668436979472
1732082340.0,0.0002639918687871,0.0002639918687871,0.0002571585094976,0.0002571585094976,324.43503025956,0.08453971937428889,-0.025884733953722067,-0.8726030047339115,2.7650513002113817,0.025884733953722067
1732082400.0,0.0002571585094976,0.0002571585094976,0.0002518288631942,0.0002551658407306,369.0642378379,0.09454029792138398,-0.007748795755944359,0.11829443746813015,2.693478682937017,0.020725140746119242
1732082460.0,0.0002551658407306,0.0002551658407306,0.0002366964415726,0.0002366964415726,1462.65021547891,0.3597112365983619,-0.07238194228944506,2.8048456003119826,2.6726074667499478,0.07238194228944506
1732082520.0,0.0002366964415726,0.0002366964415726,0.000232841266543,0.0002335651944828,297.11003928974,0.06985972658243865,-0.013228957178215772,-0.8057894236413832,2.479158947329313,0.016287422844155918
1732082580.0,0.0002335651944828,0.0002346292430354,0.0002256029129323,0.0002256029129323,731.51880047772,0.16794505157695944,-0.03409018868642418,1.4040324775501982,2.446362259777103,0.038645869831280474
1732082640.0,0.0002256029129323,0.0002256029129323,0.0002244144486848,0.0002244144486848,39.35617513378,0.008855481048522096,-0.005267947262084557,-0.9472715571827125,2.362965308745955,0.005267947262084557
1732082700.0,0.0002244144486848,0.0002426467984273,0.0002240084583439,0.0002409270530796,2109.94063072582,0.49092147086783916,0.07358084335288366,54.43701896914677,2.3505173321173456,0.08305320888486269
1732082760.0,0.0002409270530796,0.0002572296727632,0.0002098206305639,0.0002150796718538,4963.10491858325,1.1316046097119983,-0.10728301739224066,1.3050623712007847,2.52347037973011,0.19677757891155756
1732082820.0,0.0002150796718538,0.0002150796718538,0.0002037359954829,0.0002037359954829,531.23917164181,0.1112456440932802,-0.05274174110982852,-0.9016921253779684,2.2527448630927207,0.05274174110982852
1732082880.0,0.0002037359954829,0.0002037359954829,0.0001784965203388,0.0001790778462045,2036.77358541726,0.3898525604405005,-0.12102991039926277,2.504429891327759,2.133931176736988,0.12388323960268667
1732082940.0,0.0001790778462045,0.0001797122501842,0.000173278755115,0.0001759635755466,884.41276038165,0.157001581930358,-0.017390597016359186,-0.5972795926927876,1.8756616776183173,0.035925689333191915
1732083000.0,0.0001759635755466,0.0001773501921977,0.0001757616888336,0.0001762735092071,499.00113112189,0.08788335185758667,0.0017613512315673647,-0.4402390678039821,1.843042801243829,0.009027455592247432
1732083060.0,0.0001762735092071,0.0001772817514687,0.0001762351739996,0.0001762351739996,177.06646892641,0.03120873390065443,-0.00021747571528151752,-0.6448845743704951,1.846289046951631,0.005937236251820491
1732083120.0,0.0001762351739996,0.0001768455946832,0.0001732274648606,0.0001738623542269,343.0199995564,0.06004522698847539,-0.013463939796180425,0.9239879188824216,1.8458875239205288,0.0205301231331279
1732083180.0,0.0001738623542269,0.0001738623542269,0.000140915516522,0.000140915516522,2758.52273641064,0.43416095668988514,-0.18949954894722382,6.23056566633039,1.8210346054279423,0.18949954894722382
1732083240.0,0.000140915516522,0.000140915516522,0.0001378105281354,0.0001378105281354,620.40109311835,0.0864609713930025,-0.022034396660038792,-0.8008550283927066,1.4759493690820615,0.022034396660038792
1732083300.0,0.0001378105281354,0.0001402075281328,0.0001183159147544,0.0001249809571663,3422.05994044147,0.44964410727003057,-0.0930957245624575,4.200544245867927,1.4434277152335733,0.15885298224016162
1732083360.0,0.0001249809571663,0.0001261048963241,0.0001249809571663,0.0001256791483223,63.52397425631,0.00796146304407089,0.0055863802920871316,-0.9822938565960352,1.3090507662303712,0.00899288326224346
1732083420.0,0.0001256791483223,0.0001262565504553,9.83571593155025e-05,9.83571593155025e-05,2797.88403147364,0.3134138038050618,-0.217394765730996,38.366357925691716,1.3163636216321821,0.22198902134704515
1732083480.0,9.83571593155025e-05,0.0001042948247804,6.744871774443e-05,6.744871774443e-05,4983.07879227401,0.41311187480587075,-0.3142469931642371,0.3181036373969652,1.0301930604906484,0.37461540463747933
1732083540.0,6.744871774443e-05,0.0001017469772223,6.59416582377527e-05,6.99903075919746e-05,9965.39755850005,0.6848172637650165,0.037681811197285156,0.6577041366502122,0.7064579888527992,0.5308524784743465
1732083600.0,6.99903075919746e-05,7.67630938605635e-05,6.99903075919746e-05,7.62413383271837e-05,889.06445767242,0.0650046794868309,0.08931280559089688,-0.9050773353325741,0.7330786054075641,0.09676748826526803
1732083660.0,7.62413383271837e-05,8.54241882984217e-05,7.62413383271837e-05,8.54241882984217e-05,1402.23412819544,0.11334645939355624,0.12044450127344988,0.743666152780874,0.7985519123751756,0.12044450127344988
1732083720.0,8.54241882984217e-05,0.0001014328987708,8.54241882984217e-05,0.0001003828676372,2158.53848287878,0.20053584031372476,0.17511058210493624,0.7692289762438336,0.8947330992021634,0.18740254711526572
1732083780.0,0.0001003828676372,0.0001101849728237,9.99125346593478e-05,0.0001101849728237,2088.8249170755,0.21991967594475326,0.0976471923667931,0.09666020597965827,1.051410333032008,0.10233258329975649
1732083840.0,0.0001101849728237,0.0001153256347793,0.0001101849728237,0.0001115617068976,1117.54703668214,0.12390617240832122,0.012494753491502154,-0.43658441712396806,1.1540776000780184,0.046654837078602816
1732083900.0,0.0001115617068976,0.0001123389586451,0.0001075983988378,0.000109416127152,1145.16640367928,0.1265281957557086,-0.019232224078189995,0.021161361830682148,1.1684975152010575,0.04249271492100112
1732083960.0,0.000109416127152,0.0001154759997704,0.000109416127152,0.0001122306338053,1179.76100618839,0.1307451028626909,0.02572295991970285,0.033327805567732904,1.1460247091539026,0.0553837242839136
1732084020.0,0.0001122306338053,0.0001168372061994,0.0001087625628369,0.0001161718035214,2102.80286574305,0.24014264987664108,0.035116701941977885,0.8367238590101534,1.1755038568144576,0.07194687483016494
1732084080.0,0.0001161718035214,0.0001184816761062,9.87101309027974e-05,9.87101309027974e-05,2311.97123024721,0.24840042514430596,-0.1503090430664269,0.034386958217987616,1.2167836753858563,0.17019228938595665
1732084140.0,9.87101309027974e-05,9.87101309027974e-05,7.9485378205302e-05,8.14992295188017e-05,2038.97817529122,0.18372147644141498,-0.17435800385011904,-0.260381795503435,1.0338900855197584,0.1947596717952542
1732084200.0,8.14992295188017e-05,8.14992295188017e-05,7.99724602446109e-05,8.08368385030859e-05,201.43589448665,0.016350155534717296,-0.008127573961456662,-0.911005747115629,0.8536230740081046,0.01873354242985302
1732084260.0,8.08368385030859e-05,8.08368385030859e-05,7.98520901808381e-05,8.01695618414776e-05,200.4668773354,0.016138225154043957,-0.008254611065508642,-0.012961979488411242,0.8466851893388977,0.012181925227199554
1732084320.0,8.01695618414776e-05,8.13377319277313e-05,7.96845704752359e-05,8.13377319277313e-05,399.241088688,0.0322401738977358,0.014571241995354423,0.9977521437453098,0.8396961324059785,0.020620811870772793
1732084380.0,8.13377319277313e-05,8.31555845277383e-05,8.09348649517625e-05,8.31555845277383e-05,363.97185020226,0.029935468368101566,0.022349438039680914,-0.0714855179424479,0.8519315479538292,0.027302452666726918
1732084440.0,8.31555845277383e-05,8.93576891061857e-05,8.31555845277383e-05,8.87076838193659e-05,919.9330224833,0.07905134795220502,0.06676760584582951,1.6407252754541837,0.8709717392988727,0.07458434227443313
1732084500.0,8.87076838193659e-05,8.8896813498813e-05,8.75439928129306e-05,8.8896813498813e-05,173.37129783655,0.015395761100830371,0.0021320552099210305,-0.8052435347447997,0.9291244370912365,0.01525032136604013
1732084560.0,8.8896813498813e-05,8.95294556071845e-05,8.8896813498813e-05,8.95294556071845e-05,11.7645,0.0010495479214487537,0.007116589261998045,-0.9318287732204323,0.9311053816880018,0.007116589261998045
1732084620.0,8.95294556071845e-05,9.96431211133059e-05,8.91320146899927e-05,9.69159234494897e-05,2961.62513834854,0.2760906607715844,0.08250321407865752,262.05674579439875,0.9377316762491112,0.11740389073101563
1732084680.0,9.69159234494897e-05,0.0001082164384903,9.60798907382431e-05,0.0001082164384903,1886.04739707939,0.19344467864664386,0.11660122133283762,-0.29934363550716153,1.01509755348303,0.12522759233039943
1732084740.0,0.0001082164384903,0.0001152824393003,0.0001082164384903,0.0001152824393003,128.91680019676,0.01440638008616543,0.06529507816535071,-0.9255271316484188,1.1334591679911268,0.06529507816535071
1732084800.0,0.0001152824393003,0.0001171586100709,0.0001108171371212,0.0001108171371212,1567.86973294764,0.17724734125177585,-0.03873358515140642,11.303391982694388,1.2074684729623408,0.05500814337542823
1732084860.0,0.0001108171371212,0.0001162446317016,8.91569805165435e-05,8.91569805165435e-05,3846.20958225514,0.3845711837306528,-0.19545854700222873,1.1696866142797488,1.1606988900472153,0.2444355799900417
1732084920.0,8.91569805165435e-05,9.85134277472234e-05,8.91569805165435e-05,9.82818887642126e-05,1048.03285597948,0.09822104674693762,0.10234653747583944,-0.7445959268343674,0.933830371491487,0.10494351846004657
1732084980.0,9.82818887642126e-05,9.82818887642126e-05,8.66828597784859e-05,9.52429949209371e-05,2402.22128996406,0.23244479786314248,-0.030920181546023207,1.366547756938762,1.0294046766034175,0.11801796985763938
1732085040.0,9.52429949209371e-05,9.52429949209371e-05,9.44932148078928e-05,9.44932148078928e-05,93.33884823576,0.008854879642353791,-0.007872286184056833,-0.9619054514286557,0.9975752971185144,0.007872286184056833
1732085100.0,9.44932148078928e-05,9.44932148078928e-05,9.34892292236475e-05,9.34892292236475e-05,113.44492651074,0.010662827274233693,-0.010624948958361078,0.2041752914666738,0.989722098889452,0.010624948958361078
1732085160.0,9.34892292236475e-05,9.34892292236475e-05,9.29156918550088e-05,9.29156918550088e-05,35.81686882448,0.00333822030325589,-0.006134796204883233,-0.6869291588992941,0.9792063521057895,0.006134796204883233
1732085220.0,9.29156918550088e-05,9.30178174474075e-05,9.26226461210268e-05,9.30178174474075e-05,53.84574731468,0.005005864379614806,0.0010991210457546865,0.4995608212952277,0.9731991206930934,0.004253009566966966
1732085280.0,9.30178174474075e-05,9.92450573421777e-05,9.30178174474075e-05,9.82426964652152e-05,1007.94173610436,0.0963897272206505,0.05617073331957993,18.255361294479886,0.9742687843283572,0.06694674273873485
1732085340.0,9.82426964652152e-05,0.0001102463503596,9.8227949759307e-05,0.0001099238056068,1299.33174010045,0.1352386716839277,0.11890053471527767,0.4030402988312867,1.0289941763944566,0.1223337818760742
1732085400.0,0.0001099238056068,0.0001099238056068,0.000104394472701,0.000104394472701,597.13162004985,0.06398811036611561,-0.050301505440764664,-0.5268504964640213,1.1513421341866643,0.050301505440764664
1732085460.0,0.000104394472701,0.0001119275880867,0.000104394472701,0.0001119275880867,760.12561617233,0.08221596987395934,0.07216009804729673,0.2848632254265808,1.0934278915596922,0.07216009804729673
1732085520.0,0.0001119275880867,0.0001119275880867,0.000101310641313,0.0001046635869444,1863.65995943692,0.20182615023642733,-0.0648991126001326,1.4548290380303925,1.1723297554222885,0.09485549501411601
1732085580.0,0.0001046635869444,0.0001123646511863,0.0001046635869444,0.0001115248883388,506.0168143098,0.0546975017766489,0.0655557638975713,-0.7289870429943096,1.0962465946206514,0.07357921189908208
1732085640.0,0.0001115248883388,0.0001143363919988,0.0001115248883388,0.0001143363919988,788.3898604812,0.08903337164673283,0.025209652319569762,0.6277410988584194,1.1681118775511194,0.025209652319569762
1732085700.0,0.0001143363919988,0.0001143363919988,0.0001143363919988,0.0001143363919988,0.0,0.0,0.0,-1.0,1.197559571854543,0.0
1732085760.0,0.0001143363919988,0.0001143363919988,0.0001143363919988,0.0001143363919988,0.0,0.0,0.0,0.0,1.197559571854543,0.0
1732085820.0,0.0001143363919988,0.0001143363919988,0.0001134197177821,0.0001137259774829,57.34488,0.006539104605221875,-0.005338759647990297,0.0,1.197559571854543,0.008017344265241613
1732085880.0,0.0001137259774829,0.0001137259774829,0.0001137259774829,0.0001137259774829,0.0,0.0,0.0,-1.0,1.1911660891362614,0.0
1732085940.0,0.0001137259774829,0.0001166512228378,0.000101157120183,0.0001079184989572,3526.48527111293,0.3908129907947748,-0.05106554064635956,0.0,1.1911660891362614,0.1362406637228484
1732086000.0,0.0001079184989572,0.0001079184989572,0.0001058324015022,0.0001058324015022,232.84386,0.024885292370721235,-0.019330304583158934,-0.9363242958732938,1.1303385487949087,0.019330304583158934
1732086060.0,0.0001058324015022,0.0001058324015022,0.0001057128458578,0.0001057128458578,150.069671666,0.015873262906908978,-0.001129669578531826,-0.3621428002355058,1.1084887603646172,0.001129669578531826
1732086120.0,0.0001057128458578,0.0001061757611632,0.0001057128458578,0.0001061757611632,131.5272,0.013934557596686235,0.004378988207570196,-0.12213653371663766,1.1072365343338888,0.004378988207570196
1732086180.0,0.0001061757611632,0.0001061757611632,0.0001061757611632,0.0001061757611632,0.0,0.0,0.0,-1.0,1.1120851100607279,0.0
1732086240.0,0.0001061757611632,0.0001129581217106,0.0001061757611632,0.0001097379095653,1709.08601055816,0.18450751706517013,0.03354954429405711,0.0,1.1120851100607279,0.06387861479019694
1732086300.0,0.0001097379095653,0.0001097379095653,0.0001087068669311,0.0001087068669311,91.9507496258,0.010043080475342157,-0.009395500955724645,-0.9455681771935892,1.1493950587194715,0.009395500955724645
1732086360.0,0.0001087068669311,0.0001087068669311,0.0001005123547401,0.0001005123547401,837.8352756235,0.087645622127312,-0.07538173458898237,7.726966028252003,1.1385959163467676,0.07538173458898237
1732086420.0,0.0001005123547401,0.0001005123547401,9.42194582906588e-05,9.42194582906588e-05,1044.98486431448,0.10174589860883008,-0.06260818847307939,0.1608782747988981,1.0527665811766163,0.06260818847307939
1732086480.0,9.42194582906588e-05,0.0001015293741413,9.42194582906588e-05,0.0001015293741413,1179.15374172612,0.11540898410033174,0.07758392993611515,0.13428635137452008,0.9868547726441513,0.07758392993611515
1732086540.0,0.0001015293741413,0.000102212805825,0.0001015293741413,0.000102212805825,38.29807188165,0.0039014663268367145,0.006731369019854959,-0.966194431419265,1.063418844182096,0.006731369019854959
1732086600.0,0.000102212805825,0.000102212805825,0.000102212805825,0.000102212805825,0.0,0.0,0.0,-1.0,1.0705771088449534,0.0
1732086660.0,0.000102212805825,0.0001100624749815,0.000102212805825,0.0001100624749815,773.64884111548,0.0821132624967059,0.0767973160813091,0.0,1.0705771088449534,0.0767973160813091
1732086720.0,0.0001100624749815,0.0001174679472128,0.0001100624749815,0.0001128048544277,979.717934515,0.10917355981982778,0.024916570762750497,0.3295484371261882,1.1527945574623333,0.06728426043976159
1732086780.0,0.0001128048544277,0.0001243492383667,0.0001128048544277,0.0001227500312851,1163.32077278238,0.13701294584003984,0.08816266735909097,0.2550011748829679,1.181518244628257,0.10233942499699007
1732086840.0,0.0001227500312851,0.0001267955211024,0.0001206525032337,0.0001263105727387,1145.8055872635,0.1426875158288461,0.029006440294343096,0.04141630525506114,1.2856840446081153,0.05004493933229379
1732086900.0,0.0001263105727387,0.0001263105727387,0.000125283673051,0.0001252857354597,375.73864535845,0.04726722800982695,-0.008113630211463758,-0.6687360647127386,1.32297716208543,0.008129958288007682
1732086960.0,0.0001252857354597,0.000127241166655,0.0001200122219689,0.000127241166655,1750.60931849857,0.22103797400678502,0.015607772011116062,3.6763472984036802,1.3122430146140571,0.057699662771467645
1732087020.0,0.000127241166655,0.0001290663832955,0.00011462292627,0.00011462292627,3026.73603467286,0.3660293827747813,-0.09916790859999668,0.6559570110950511,1.332724204409333,0.11351245359657686
1732087080.0,0.00011462292627,0.00011462292627,9.66017584244847e-05,9.66017584244847e-05,1063.08561207264,0.11227496160664334,-0.15722132065504543,-0.6932624349566866,1.200560732317465,0.15722132065504543
1732087140.0,9.66017584244847e-05,9.72715914299394e-05,9.62411439672288e-05,9.7245515781899e-05,692.00958229012,0.06707208562581897,0.0066640335322418354,-0.4026086968454568,1.0118069884559246,0.01066696382671042
1732087200.0,9.7245515781899e-05,0.0001003180609734,9.4480055038096e-05,9.4480055038096e-05,1533.01496837732,0.14695908494386914,-0.028437925610938525,1.19106180421648,1.0185497041551517,0.060033677526040434
1732087260.0,9.4480055038096e-05,0.0001015787476719,9.05004165434637e-05,0.0001015787476719,1230.85967243947,0.12066043684125018,0.07513429824889156,-0.17895217646914244,0.989584263437344,0.11725576497568012
1732087320.0,0.0001015787476719,0.0001020105455738,9.92151279806788e-05,9.92151279806788e-05,463.65699981792,0.04654974298344359,-0.023268840632449158,-0.6142087315274029,1.063935982628855,0.027519709163479955
1732087380.0,9.92151279806788e-05,9.92151279806788e-05,9.74632634781801e-05,9.74632634781801e-05,5.1909,0.0005104689311118953,-0.017657231695955254,-0.989033904412889,1.039179425805936,0.017657231695955254
1732087440.0,9.74632634781801e-05,9.7697395758421e-05,9.74632634781801e-05,9.7697395758421e-05,49.11167205,0.004792333146744879,0.0024022618562667066,8.388099558392899,1.0208303939108108,0.0024022618562667066
1732087500.0,9.7697395758421e-05,9.79277323155517e-05,9.7697395758421e-05,9.79277323155517e-05,5.89425,0.0005765317055750069,0.0023576529890342703,-0.8796970728200296,1.0232826958278205,0.0023576529890342703
1732087560.0,9.79277323155517e-05,0.0001140794148525,9.57244869945658e-05,0.0001140794148525,2951.77899857355,0.3128991222790734,0.16493471415127703,541.726651896797,1.025695241334266,0.18743340036496778
1732087620.0,0.0001140794148525,0.0001153754950704,0.0001136117729921,0.0001136117729921,119.01691482261,0.013549551354779825,-0.004099265945610292,-0.956696742208516,1.1948679927700583,0.015460476200552237
1732087680.0,0.0001136117729921,0.0001136117729921,0.0001105972172193,0.0001105972172193,338.56539076592,0.037954702192077486,-0.02653383266019107,1.8011777805977573,1.1899699110977962,0.02653383266019107
1732087740.0,0.0001105972172193,0.000119189774285,0.0001105972172193,0.000119189774285,1612.28864299451,0.1852414783551294,0.07769234418133743,3.8805936460172243,1.1583954486060648,0.07769234418133743
1732087800.0,0.000119189774285,0.000119189774285,0.000119189774285,0.000119189774285,0.0,0.0,0.0,-1.0,1.248393906497262,0.0
1732087860.0,0.000119189774285,0.000119189774285,0.0001130808253715,0.0001130808253715,12.85918870565,0.0014934057358787088,-0.051253968305138474,0.0,1.248393906497262,0.051253968305138474
1732087920.0,0.0001130808253715,0.0001130808253715,0.0001130808253715,0.0001130808253715,0.0,0.0,0.0,-1.0,1.1844087647813233,0.0
1732087980.0,0.0001130808253715,0.0001132138691386,0.0001130808253715,0.0001132138691386,14.0116797,0.0015853843886424349,0.0011765369297838156,0.0,1.1844087647813233,0.0011765369297838156
1732088040.0,0.0001132138691386,0.0001132138691386,9.58274760774736e-05,9.58274760774736e-05,1722.15375179464,0.1800006684720298,-0.1535712293327015,112.53755578870334,1.1858022654330482,0.1535712293327015
1732088100.0,9.58274760774736e-05,0.0001104613475291,9.58274760774736e-05,0.0001104613475291,1470.74763979285,0.15169940021750586,0.15271060086978983,-0.15722868417525718,1.0036971537849926,0.15271060086978983
1732088160.0,0.0001104613475291,0.0001229588485521,0.0001104613475291,0.0001229588485521,1496.76416163276,0.17468749204781592,0.11313913239839526,0.15153713065015317,1.1569723492307966,0.11313913239839526
1732088220.0,0.0001229588485521,0.0001443765976858,0.0001225543215367,0.0001414447003762,2797.76636520561,0.3698696780162968,0.15034177728386247,1.11732204567374,1.287871197031702,0.17747625653678353
1732088280.0,0.0001414447003762,0.0001495493899961,0.0001414447003762,0.000144390990662,3183.81916847225,0.4550245760804664,0.020829980041413728,0.23022946493174726,1.4814920417061437,0.05729935160768821
1732088340.0,0.000144390990662,0.0001522538221514,0.000137440023598,0.000137440023598,2590.36236735496,0.3650222266462915,-0.04813989454696152,-0.19779667772990553,1.512351491366396,0.10259503370315616
1732088400.0,0.000137440023598,0.000137440023598,0.0001228133336855,0.0001228133336855,2142.63239852141,0.2788136375697975,-0.10642234721438767,-0.23617353350931863,1.4395470500540777,0.10642234721438767
1732088460.0,0.0001228133336855,0.0001228133336855,0.0001123668692851,0.0001126776697274,341.91061983725,0.0402584374715003,-0.08252901907259837,-0.8556080763394434,1.286347074061775,0.08505969251800692
1732088520.0,0.0001126776697274,0.0001126776697274,0.0001093627227756,0.0001098736543973,386.71859057833,0.04303236719842254,-0.02488527972653072,0.06890306482674485,1.1801861118525498,0.029419732941050422
1732088580.0,0.0001098736543973,0.0001116401866406,0.0001098736543973,0.0001116401866406,140.48545,0.015559735819718923,0.016077850991578595,-0.6384178507314535,1.1508168503297325,0.016077850991578595
1732088640.0,0.0001116401866406,0.0001116401866406,0.0001116401866406,0.0001116401866406,0.0,0.0,0.0,-1.0,1.1693195121679316,0.0
1732088700.0,0.0001116401866406,0.000126755491335,0.0001111617103544,0.000126755491335,2823.00526000412,0.33649612644368354,0.13539304393193335,0.0,1.1693195121679316,0.13967892252635325
1732088760.0,0.000126755491335,0.000126755491335,0.0001241670091615,0.0001241670091615,5.07296187736,0.000636460139595295,-0.020421065361649275,-0.9981085662223758,1.3276372402493513,0.020421065361649275
1732088820.0,0.0001241670091615,0.0001241670091615,0.0001031554333031,0.0001033367247961,2069.00690446838,0.2353533981753059,-0.16776021671188615,368.7849771471309,1.3005254733896596,0.16922027839996467
1732088880.0,0.0001033367247961,0.0001042946139768,0.0001032842611071,0.0001042459046976,404.35486272466,0.04196852282647451,0.008798226412671396,-0.8216787046549728,1.082349038134482,0.00977728751993634
1732088940.0,0.0001042459046976,0.0001082319154948,0.0001034272723083,0.0001082319154948,1135.07229872785,0.12058884389723513,0.03823661762793233,1.8733163756043731,1.0918717900295263,0.04608951498322622
1732089000.0,0.0001082319154948,0.0001135969674308,0.0001082319154948,0.0001135969674308,6.90542741244,0.0007659116245126909,0.04956996197907772,-0.9936485698033113,1.1336212741636114,0.04956996197907772
1732089060.0,0.0001135969674308,0.0001136209058388,0.0001127769544033,0.0001127769544033,62.960293755,0.0071262843085731714,-0.007218617239932291,8.304316686807372,1.1898148376225752,0.007429348287964836
1732089120.0,0.0001127769544033,0.0001200538609708,0.0001127769544033,0.0001172773849549,1073.51831814536,0.12348377373492837,0.03990558687642937,16.327932536507564,1.1812260197233855,0.06452476577330829
1732089180.0,0.0001172773849549,0.0001176898470636,0.0001172773849549,0.0001176898470636,28.47608353524,0.0033454732635014623,0.0035169790736604284,-0.9729075880796866,1.228363537274156,0.0035169790736604284
1732089240.0,0.0001176898470636,0.0001180412745737,0.0001164127168798,0.0001164127168798,181.76449066856,0.021275766649688048,-0.010851659813185371,5.359568579370519,1.2326836661295968,0.013837707623325623
1732089300.0,0.0001164127168798,0.0001164127168798,0.000112428398047,0.000112428398047,413.982766445,0.04736813891687742,-0.03422580401515705,1.226389285839058,1.2193070023274881,0.03422580401515705
1732089360.0,0.000112428398047,0.000112428398047,0.000104002062845,0.000104002062845,1433.11363959693,0.15508472276428756,-0.07494845918268289,2.274030314689657,1.177575239831519,0.07494845918268289
1732089420.0,0.000104002062845,0.0001088278032957,0.0001022844525774,0.0001088278032957,1610.778670818,0.1714109044462448,0.04640043013273756,0.10527266252248013,1.0893177900344684,0.0629155858961367
1732089480.0,0.0001088278032957,0.0001088278032957,0.0001088278032957,0.0001088278032957,0.0,0.0,0.0,-1.0,1.1398626040433106,0.0
1732089540.0,0.0001088278032957,0.000109888769654,0.0001088278032957,0.000109888769654,8.25620345,0.0009028842620797448,0.009749037710677763,0.0,1.1398626040433106,0.009749037710677763
1732089600.0,0.000109888769654,0.0001189695527465,0.000109888769654,0.0001189695527465,879.30415730861,0.1006180371607169,0.08263613398431979,110.44068114439024,1.1509751675551203,0.08263613398431979
1732089660.0,0.0001189695527465,0.0001228170660088,0.0001174825546416,0.0001219515692837,802.94456535075,0.09672315280617698,0.025065375706287422,-0.03870960380909278,1.2460873057138302,0.04483929916561714
1732089720.0,0.0001219515692837,0.0001305199092942,0.0001202136465175,0.0001294999675034,1362.14097478544,0.17125622071523866,0.06189668787401917,0.7705814559045455,1.2773209521943827,0.08451111238039252
1732089780.0,0.0001294999675034,0.0001319517360555,0.0001288942818365,0.0001290192015668,646.56719735457,0.08357500730407573,-0.0037124792065092917,-0.5119884874544642,1.3563828884873035,0.023609691013395245
1732089840.0,0.0001290192015668,0.0001354935618965,0.0001249139284362,0.0001348821420585,1836.21156836328,0.24228935003569446,0.045442387028448904,1.8990646588179076,1.3513473452177294,0.08200045676784283
1732089900.0,0.0001348821420585,0.0001357358510662,0.0001342052202673,0.0001342052202673,369.04087639488,0.049652118009749925,-0.005018616852232272,-0.7950709843316056,1.4127557942889803,0.011347912892991616
1732089960.0,0.0001342052202673,0.0001352616644727,0.0001342052202673,0.0001352616644727,189.9885227605,0.025597807682313258,0.007871856275753203,-0.48445688304199325,1.4056657142516729,0.007871856275753203
1732090020.0,0.0001352616644727,0.0001358515833718,0.0001341399735759,0.000134799764639,656.17218353655,0.08860339881461271,-0.003414861376286191,2.461366688672835,1.416730912726016,0.01265406427292231
1732090080.0,0.000134799764639,0.000134799764639,0.0001292360895722,0.0001292360895722,449.48431539567,0.059339987585016074,-0.04127362597182406,-0.3302741387023455,1.4118929730515573,0.04127362597182406
1732090140.0,0.0001292360895722,0.0001292360895722,0.0001277189367603,0.0001277189367603,55.86701788255,0.007177655525564442,-0.011739389646669944,-0.879041843153724,1.3536190305695806,0.011739389646669944
1732090200.0,0.0001277189367603,0.0001283429418829,0.0001277189367603,0.0001283429418829,47.342,0.006061240729363187,0.004885768222226288,-0.1555403142746198,1.3377283693365767,0.004885768222226288
1732090260.0,0.0001283429418829,0.0001294673467566,0.0001283429418829,0.0001294673467566,118.53,0.015279126756219969,0.008760940470929053,1.5207919365752105,1.344264200093452,0.008760940470929053
1732090320.0,0.0001294673467566,0.0001353977573782,0.0001251263096528,0.0001331842031613,3847.492025982,0.5052748719604667,0.028708832750606404,32.0696171333728,1.3560412187276718,0.07933620316411084
1732090380.0,0.0001331842031613,0.0001331842031613,0.000131299861096,0.000131299861096,267.20766322468,0.03533608438517962,-0.014148390128653949,-0.9300656210191582,1.394971579279053,0.014148390128653949
1732090440.0,0.000131299861096,0.0001330782097938,0.0001301150646519,0.0001330782097938,543.068711068,0.071787729096384,0.013544178058952746,1.0315700040181204,1.3752349771570282,0.02256777057618888
1732090500.0,0.0001330782097938,0.0001330782097938,0.0001330782097938,0.0001330782097938,0.0,0.0,0.0,-1.0,1.3938614045605429,0.0
1732090560.0,0.0001330782097938,0.0001371429007579,0.0001330782097938,0.0001371429007579,309.11451010329,0.04176463310387786,0.030543625214060958,0.0,1.3938614045605429,0.030543625214060958
1732090620.0,0.0001371429007579,0.0001442098348603,0.0001371429007579,0.0001442098348603,864.49771606258,0.1216143986749464,0.05152971144219369,1.9118991270069237,1.4364349849017848,0.05152971144219369
1732090680.0,0.0001442098348603,0.0001442098348603,0.0001393976287058,0.0001393976287058,483.50583193637,0.06856293130744545,-0.03336947274894057,-0.4362268608448089,1.5104540651792455,0.03336947274894057
1732090740.0,0.0001393976287058,0.0001393976287058,0.0001359007187225,0.0001359007187225,441.27222556339,0.06074075723180465,-0.025085864198452466,-0.11408750948183814,1.4600510094127201,0.025085864198452466
1732090800.0,0.0001359007187225,0.0001359007187225,0.0001359007187225,0.0001359007187225,0.0,0.0,0.0,-1.0,1.4234243680677794,0.0
1732090860.0,0.0001359007187225,0.0001359007187225,0.0001346050471511,0.0001350717296755,48.9218255811,0.006628233428905289,-0.00609996072715955,0.0,1.4234243680677794,0.009533956726495898
1732090920.0,0.0001350717296755,0.0001350717296755,0.0001342382573412,0.0001342382573412,30.65842205475,0.004128309622758616,-0.00617059051736685,-0.377162909689431,1.4147415353244839,0.00617059051736685
1732090980.0,0.0001342382573412,0.000140303429203,0.0001340776525607,0.000140303429203,583.7945615325,0.08013797175923215,0.04518214093307133,18.411812359578402,1.4060117446220857,0.04637855679603798
1732091040.0,0.000140303429203,0.0001419498943348,0.000140303429203,0.0001419498943348,95.076,0.013417758494339935,0.011735031290060522,-0.8325667820162398,1.4695383654211542,0.011735031290060522
1732091100.0,0.0001419498943348,0.0001646692658367,0.0001419498943348,0.000154193418899,4656.98681710603,0.6895677528519542,0.08625243873251975,50.39217203401277,1.486783444121316,0.16005204941057985
1732091160.0,0.000154193418899,0.0001654138576143,0.000154193418899,0.0001654138576143,970.18055672314,0.15503838273021994,0.07276859671066525,-0.7751658454314267,1.6150221420439144,0.07276859671066525
1732091220.0,0.0001654138576143,0.0001745429551995,0.0001640178572582,0.0001722625659663,1489.21272967322,0.2514360142533779,0.0414034739941155,0.6217662350806258,1.7325450369771027,0.06362887664370699
1732091280.0,0.0001722625659663,0.0001722625659663,0.0001618329739039,0.0001618329739039,1134.8918225904,0.18958114808130744,-0.060544738805529796,-0.2460063899586711,1.8042784203592181,0.060544738805529796
1732091340.0,0.0001618329739039,0.0001618329739039,0.0001528236900788,0.0001528236900788,909.70344376078,0.1431221254136704,-0.05567026056414143,-0.24506140582982297,1.6950388546661153,0.05567026056414143
1732091400.0,0.0001528236900788,0.0001528953624988,0.0001522626548699,0.0001528953624988,35.50524638858,0.005427315143725466,0.00046898762857413017,-0.9620791325726982,1.600675599960509,0.004140114851131815
1732091460.0,0.0001528953624988,0.0001528953624988,0.0001505165916866,0.0001510671163177,168.3387685834,0.025584334689763705,-0.011957499241445905,3.7139946754965623,1.6014262970142508,0.015558161956800123
1732091520.0,0.0001510671163177,0.0001514336060821,0.0001510671163177,0.0001514336060821,24.670748892,0.0037314596809870327,0.0024260062238115588,-0.8541506071494605,1.5822772432824714,0.0024260062238115588
1732091580.0,0.0001514336060821,0.0001637735115407,0.0001514336060821,0.0001613704392847,3582.49858519528,0.5603100249849606,0.06561841495878205,149.15840257900078,1.58611585772247,0.08148723244370135
1732091640.0,0.0001613704392847,0.000172726139596,0.0001613704392847,0.0001724278594745,684.488874607,0.11424061093170797,0.06852196870017685,-0.7961117848377346,1.6901942662472076,0.07037038730039988
1732091700.0,0.0001724278594745,0.0001729390312571,0.0001423626825358,0.0001444231214788,3204.20662705156,0.5076280064791757,-0.1624142298178999,3.443498702774194,1.8060097048562171,0.17732835525817034
1732091760.0,0.0001444231214788,0.0001460169964891,0.0001439530391482,0.0001454806230187,303.33171039776,0.043968499334570935,0.007322245420759922,-0.9133844098958819,1.5126880295983418,0.014291045088670068
1732091820.0,0.0001454806230187,0.0001454806230187,0.0001397389369376,0.0001397389369376,570.4288519352,0.08134873306766757,-0.03946701603251977,0.8501594163734816,1.5237643025961067,0.03946701603251977
1732091880.0,0.0001397389369376,0.0001502120037283,0.0001397389369376,0.0001502120037283,1328.92502891143,0.1926615311036637,0.07494737701759327,1.3683408928250158,1.463625872435765,0.07494737701759327
1732091940.0,0.0001502120037283,0.000194883824305,0.0001502120037283,0.0001545505621362,6732.40993018328,1.025893262387148,0.02888290083492582,4.324847448841017,1.573320792509912,0.29739181601958625
1732092000.0,0.0001545505621362,0.00017892082091,0.0001535377634657,0.0001750681920079,2796.09161067193,0.46082211659122574,0.13275674697073267,-0.5508089062609299,1.6187628609415028,0.16423788495787414
1732092060.0,0.0001750681920079,0.0001805683830158,0.000173779645108,0.000179224464826,832.7536584255,0.14751925306586022,0.02374087931354463,-0.679878096656724,1.8336645524771331,0.038777677600586945
1732092120.0,0.000179224464826,0.0001804493454893,0.0001781438855773,0.0001804493454893,336.4495422784,0.060506044425055375,0.006834338517842216,-0.5898430668026611,1.8771973613190176,0.012863533526174888
1732092180.0,0.0001804493454893,0.0001848725630944,0.0001612754416327,0.0001618656058527,2540.48682317569,0.4348233116301892,-0.10298590768622062,6.186444193501603,1.890026763551072,0.1307686730462496
1732092240.0,0.0001618656058527,0.0001618656058527,0.0001577825188481,0.0001577825188481,509.00439583701,0.08135115029688197,-0.025225167404097353,-0.812909869087079,1.6953806417555148,0.025225167404097353
1732092300.0,0.0001577825188481,0.0001579569905519,0.0001577825188481,0.0001579569905519,11.9345,0.0018840965874671503,0.0011057733459557606,-0.976839951486963,1.6526143812535659,0.0011057733459557606
1732092360.0,0.0001579569905519,0.0001579569905519,0.0001457104220657,0.0001457104220657,1110.4415599596,0.16860245768799165,-0.07753103198162122,88.48716260595174,1.6544417981874993,0.07753103198162122
1732092420.0,0.0001457104220657,0.0001457104220657,0.0001452212084228,0.0001452212084228,49.43904201177,0.007191690551136848,-0.0033574375529529374,-0.9573452804321186,1.5261712182204934,0.0033574375529529374
1732092480.0,0.0001452212084228,0.0001457120948172,0.0001452212084228,0.0001457120948172,9.71404251309,0.0014130692380735323,0.0033802665583860963,-0.8035136206117548,1.521047193660204,0.0033802665583860963
1732092540.0,0.0001457120948172,0.0001691668558433,0.0001457120948172,0.000168378541551,2013.05278433057,0.3161405150365828,0.15555638509099526,222.72613210912718,1.5261887386226605,0.1609664664798394
1732092600.0,0.000168378541551,0.000170681614797,0.000168378541551,0.000170681614797,112.44852593475,0.019063407392269232,0.013677949843166035,-0.9396995750764078,1.7635971417693874,0.013677949843166035
1732092660.0,0.000170681614797,0.0001723372378823,0.0001688010179191,0.0001695931996147,361.4068389912,0.06148882253242486,-0.006376874179416049,2.2254896130143225,1.7877195350180601,0.020718224205962657
1732092720.0,0.0001695931996147,0.0001695931996147,0.0001695931996147,0.0001695931996147,0.0,0.0,0.0,-1.0,1.7763194724751659,0.0
1732092780.0,0.0001695931996147,0.0001695931996147,0.0001694445011932,0.0001694445011932,39.53716324143,0.006702294460920522,-0.0008767947172281915,0.0,1.7763194724751659,0.0008767947172281915
1732092840.0,0.0001694445011932,0.0001697144653832,0.0001686372179878,0.0001686372179878,52.76483659278,0.0089194133337958,-0.004764292731338196,0.3307999798878977,1.77476200494559,0.0063575234829941546
1732092900.0,0.0001686372179878,0.0001686372179878,0.0001615089918075,0.0001615089918075,630.50587276034,0.10407956207275196,-0.042269590695072426,10.668879799346538,1.7663065192255725,0.042269590695072426
1732092960.0,0.0001615089918075,0.0001626013314151,0.0001615089918075,0.0001626013314151,236.760285,0.03836822624881245,0.006763336179461397,-0.6313567670279692,1.6916454656158695,0.006763336179461397
1732093020.0,0.0001626013314151,0.0001631698846942,0.0001626013314151,0.0001631698846942,14.37679038276,0.002341772243370107,0.003496609001611152,-0.9389658456405034,1.7030866325962912,0.003496609001611152
1732093080.0,0.0001631698846942,0.0001631698846942,0.0001623075253943,0.0001623075253943,116.0334103005,0.018883126934171508,-0.005285039586294722,7.063605240702783,1.709041660646351,0.005285039586294722
1732093140.0,0.0001623075253943,0.0001623075253943,0.0001623075253943,0.0001623075253943,0.0,0.0,0.0,-1.0,1.700009307815208,0.0
1732093200.0,0.0001623075253943,0.0001623075253943,0.0001601920218918,0.0001601920218918,117.0354446687,0.018871938961041574,-0.013033921239084359,0.0,1.700009307815208,0.013033921239084359
1732093260.0,0.0001601920218918,0.0001601920218918,0.0001587954906231,0.0001589083171297,201.29993236389,0.03211743833116116,-0.00801353742177666,0.7018621349646705,1.6778515203914344,0.008717857807196432
1732093320.0,0.0001589083171297,0.0001738800750819,0.0001589083171297,0.0001733589911499,2779.43193807812,0.4617571843057844,0.0909371786273808,13.37714862389183,1.6644059944445928,0.09421632688980107
1732093380.0,0.0001733589911499,0.0001739759416329,0.0001733589911499,0.0001739759416329,51.68870211554,0.008976645937465631,0.003558802914736252,-0.9805598131603274,1.815762379669884,0.003558802914736252
1732093440.0,0.0001739759416329,0.0001872477053627,0.0001723246971334,0.0001867137847965,1383.35003781549,0.2494800733478846,0.07321611852791483,26.792125821364422,1.8222243201191217,0.08577627509433726
1732093500.0,0.0001867137847965,0.0001877767453209,0.0001856955568446,0.0001856955568446,206.0516124967,0.03836777267699155,-0.005453416056076333,-0.8462090692770879,1.9556405119254123,0.011146410419393052
1732093560.0,0.0001856955568446,0.0001856955568446,0.0001828556675017,0.0001828556675017,244.18062781817,0.04499653467201737,-0.015293254136805075,0.17276900722988722,1.9449755905577648,0.015293254136805075
1732093620.0,0.0001828556675017,0.0001828556675017,0.0001744610103601,0.0001744610103601,665.31292358496,0.11886370179694976,-0.04590865165019802,1.6416190194057143,1.9152305845614825,0.04590865165019802
1732093680.0,0.0001744610103601,0.0001744610103601,0.0001744610103601,0.0001744610103601,0.0,0.0,0.0,-1.0,1.8273049308250442,0.0
1732093740.0,0.0001744610103601,0.0001744610103601,0.0001728562560529,0.0001728562560529,63.6842585614,0.011059321298542072,-0.00919835500142796,0.0,1.8273049308250442,0.00919835500142796
1732093800.0,0.0001728562560529,0.0001728562560529,0.000171303934801,0.0001716618797675,306.38004014426,0.052776740141539887,-0.006909650322603869,3.7721500006060356,1.8104967313754556,0.008980416950746355
1732093860.0,0.0001716618797675,0.0001786435944863,0.0001716618797675,0.0001786435944863,569.84,0.0998090357243927,0.040671316941513755,0.8911557526425227,1.797986832051434,0.040671316941513755
1732093920.0,0.0001786435944863,0.0001815808181608,0.0001786435944863,0.0001815808181608,146.94437526444,0.026466475635713974,0.016441807963762385,-0.7348288614991024,1.8711133243544662,0.016441807963762385
1732093980.0,0.0001815808181608,0.0001843036208702,0.0001815808181608,0.0001843036208702,206.44792156087,0.0377680409847074,0.014994990864006453,0.4270143673282682,1.9018778103119394,0.014994990864006453
1732094040.0,0.0001843036208702,0.0001843036208702,0.0001432723774524,0.0001432723774524,4253.54566022376,0.6966797330292805,-0.22262852582097234,17.446276663154755,1.9303964507020235,0.22262852582097234
1732094100.0,0.0001432723774524,0.0001433016771985,0.0001415838683775,0.0001415838683775,143.4080478174,0.020425339061529674,-0.011785307851549826,-0.9706818813679037,1.5006351346321947,0.011989811654871868
1732094160.0,0.0001415838683775,0.0001415838683775,0.0001399539135143,0.0001399539135143,200.51226543674,0.028225889226579808,-0.011512292197400116,0.38190554103173563,1.4829496875977024,0.011512292197400116
1732094220.0,0.0001399539135143,0.0001399539135143,0.0001399539135143,0.0001399539135143,0.0,0.0,0.0,-1.0,1.4658775374800344,0.0
1732094280.0,0.0001399539135143,0.0001399539135143,0.000139705313442,0.000139705313442,5.9495,0.0008319162853882534,-0.0017762995407383385,0.0,1.4658775374800344,0.0017762995407383385
1732094340.0,0.000139705313442,0.0001459383812643,0.0001389807892397,0.0001459383812643,642.88340750112,0.09181779589199789,0.04461582504439035,109.36903292396389,1.46327369988343,0.0498019141375644
1732094400.0,0.0001459383812643,0.0001481832622677,0.0001459383812643,0.0001481832622677,190.344,0.027992145058227502,0.015382389361537656,-0.6951337724208312,1.5285588632694869,0.015382389361537656
1732094460.0,0.0001481832622677,0.0001531915864787,0.0001481832622677,0.000150542702156,634.822793109,0.0948190255548165,0.015922445303151473,2.3873440337487506,1.5520717508663275,0.033798177569827274
1732094520.0,0.000150542702156,0.000150542702156,9.43544662414719e-05,9.43544662414719e-05,5948.09577811053,0.7283359067081131,-0.37323785948988075,6.681326637205839,1.576784528426063,0.37323785948988075
1732094580.0,9.43544662414719e-05,9.43544662414719e-05,9.25923807296695e-05,9.25923807296695e-05,450.16405085709,0.04207837496374476,-0.01867516803383613,-0.9422266915907964,0.9882688461595583,0.01867516803383613
1732094640.0,9.25923807296695e-05,0.0001071663856256,9.25923807296695e-05,0.0001012495867928,1763.8839678087,0.1709573694006893,0.09349803941650313,3.0628320259037634,0.9698127593949233,0.1573996130251842
1732094700.0,0.0001012495867928,0.0001089456642573,0.0001012495867928,0.0001086869357212,429.51777667175,0.04508573419620603,0.07345559783488301,-0.7362749885877441,1.0604883509994574,0.0760109518298526
1732094760.0,0.0001086869357212,0.0001161908635647,0.0001086869357212,0.0001161908635647,1176.97886382872,0.13233820835191076,0.06904167270617345,1.9352568104135925,1.1383871568190518,0.06904167270617345
1732094820.0,0.0001161908635647,0.0001263423704695,0.0001161908635647,0.000124099140582,934.05184272073,0.11222166058029849,0.06806281298439905,-0.1520086150639036,1.216983310313064,0.08736923535426884
1732094880.0,0.000124099140582,0.000124099140582,0.0001202630222389,0.0001217839948876,351.68109419422,0.043236225062927285,-0.018655614241504213,-0.6147247791615927,1.2998146177680372,0.030911723684059218
1732094940.0,0.0001217839948876,0.000123136676637,0.0001184893965117,0.000119240537774,1330.92680561107,0.16039300566460216,-0.020884986700817912,2.7096903217420443,1.2755657776734883,0.03816002365162331
1732095000.0,0.000119240537774,0.0001283446304923,0.000119240537774,0.000126895267047,1055.40717228388,0.1298867468819743,0.06419569565769832,-0.19019693942527333,1.2489256033707592,0.07635065128232842
1732095060.0,0.000126895267047,0.000126895267047,0.000126895267047,0.000126895267047,0.0,0.0,0.0,-1.0,1.3291012513038556,0.0
1732095120.0,0.000126895267047,0.000126895267047,0.000126895267047,0.000126895267047,0.0,0.0,0.0,0.0,1.3291012513038556,0.0
1732095180.0,0.000126895267047,0.000126895267047,0.0001255586520648,0.0001266188946948,120.428034,0.015265106044861495,-0.0021779563464540807,0.0,1.3291012513038556,0.010533213832986582
1732095240.0,0.0001266188946948,0.0001266188946948,0.0001214426871214,0.0001214426871214,641.98231135842,0.07962557382679494,-0.040880214488340234,4.216182160332802,1.3262065267984984,0.040880214488340234
1732095300.0,0.0001214426871214,0.0001214426871214,0.0001178567312819,0.0001178567312819,369.99445812391,0.04426972932074791,-0.029527968496903423,-0.4440262444193448,1.2719909195271388,0.029527968496903423
1732095360.0,0.0001178567312819,0.0001230675049079,0.0001178567312819,0.0001230675049079,991.45816253038,0.1194331502608872,0.04421277910326917,1.697851378208279,1.2344316117269944,0.04421277910326917
1732095420.0,0.0001230675049079,0.0001230675049079,0.0001230675049079,0.0001230675049079,0.0,0.0,0.0,-1.0,1.2890092638943724,0.0
1732095480.0,0.0001230675049079,0.0001282314181716,0.0001230675049079,0.0001282314181716,3.33278717535,0.00041876291400931185,0.041960006157307814,0.0,1.2890092638943724,0.041960006157307814
1732095540.0,0.0001282314181716,0.0001282314181716,0.0001282314181716,0.0001282314181716,0.0,0.0,0.0,-1.0,1.3430961005442072,0.0
1732095600.0,0.0001282314181716,0.0001320646771906,0.0001282314181716,0.0001320646771906,379.904,0.04944376390624061,0.029893290378106206,0.0,1.3430961005442072,0.029893290378106206
1732095660.0,0.0001320646771906,0.0001332056719821,0.0001320646771906,0.0001332056719821,1.98300008792,0.0002630155628660166,0.00863966668281235,-0.9946805109059907,1.3832456622834772,0.00863966668281235
1732095720.0,0.0001332056719821,0.0001332056719821,0.0001332056719821,0.0001332056719821,0.0,0.0,0.0,-1.0,1.3951964437460525,0.0
1732095780.0,0.0001332056719821,0.0001335039070884,0.0001332056719821,0.0001335039070884,23.779,0.0031710435403587097,0.002238906961409982,0.0,1.3951964437460525,0.002238906961409982
1732095840.0,0.0001335039070884,0.0001380980859652,0.0001335039070884,0.000137507972537,468.75576209505,0.06351919008530817,0.02999212184815448,19.031005338426496,1.39832015877649,0.03441231778900636
1732095900.0,0.000137507972537,0.000137507972537,0.0001342655602485,0.0001349924077828,333.54512971592,0.045445587350702615,-0.018293955672447466,-0.2845376760996506,1.4402587473612452,0.023579813073220553
1732095960.0,0.0001349924077828,0.0001352674907755,0.0001349924077828,0.0001352674907755,0.23809,3.217308962387282e-05,0.002037766399000766,-0.9992920525071973,1.413910717680164,0.002037766399000766
1732096020.0,0.0001352674907755,0.0001352674907755,0.0001284259461999,0.0001284259461999,697.17907916309,0.09192077378592985,-0.05057789226647765,2856.070143419596,1.4167919374318396,0.05057789226647765
1732096080.0,0.0001284259461999,0.0001349820393758,0.0001284259461999,0.0001310655117233,1253.05490553761,0.16257852214788604,0.020553210636201295,0.7686809570000775,1.3451335874563979,0.0510495999437309
1732096140.0,0.0001310655117233,0.0001378369124121,0.0001292479033249,0.0001378369124121,1482.93998313318,0.19938307815591064,0.05166424484799241,0.22638018553610745,1.3727804014132183,0.06553218290813796
1732096200.0,0.0001378369124121,0.0001378369124121,0.0001374393428591,0.0001374393428591,3.93995717225,0.0005422883281529431,-0.0028843474947505697,-0.9972801687426608,1.4437040641943562,0.0028843474947505697
1732096260.0,0.0001374393428591,0.0001390775752774,0.0001373906490723,0.0001383820097389,631.69917650605,0.08711806064947072,0.006858784829656869,159.64896868829635,1.4395399199936358,0.012273968792396037
1732096320.0,0.0001383820097389,0.0001438029263443,0.0001380100958293,0.0001421154458968,955.28214687466,0.13397710580627561,0.02697920173976575,0.5378798013576944,1.4494134145585738,0.041861153237548306
1732096380.0,0.0001421154458968,0.0001421154458968,0.0001421154458968,0.0001421154458968,0.0,0.0,0.0,-1.0,1.4885174314742722,0.0
1732096440.0,0.0001421154458968,0.0001421154458968,0.0001399861626506,0.0001399861626506,8.9305119279,0.0012596558900061661,-0.014982771455723595,0.0,1.4885174314742722,0.014982771455723595
1732096500.0,0.0001399861626506,0.0001399861626506,0.0001399861626506,0.0001399861626506,0.0,0.0,0.0,-1.0,1.4662153149906325,0.0
1732096560.0,0.0001399861626506,0.0001407696804458,0.0001399861626506,0.0001407696804458,67.29305953308,0.009446459831873057,0.005597108888223659,0.0,1.4662153149906325,0.005597108888223659
1732096620.0,0.0001407696804458,0.0001407696804458,0.0001407696804458,0.0001407696804458,0.0,0.0,0.0,-1.0,1.4744218817622163,0.0
1732096680.0,0.0001407696804458,0.0001407696804458,0.0001407696804458,0.0001407696804458,0.0,0.0,0.0,0.0,1.4744218817622163,0.0
1732096740.0,0.0001407696804458,0.0001407696804458,0.0001402430087186,0.0001402430087186,51.2959561905,0.0072074072961758285,-0.0037413719028991034,0.0,1.4744218817622163,0.0037413719028991034
1732096800.0,0.0001402430087186,0.0001402430087186,0.0001344527451203,0.0001344527451203,563.57602312725,0.07740597025923464,-0.04128736007024959,9.739780211991821,1.4689055211607716,0.04128736007024959
1732096860.0,0.0001344527451203,0.0001344527451203,0.0001334230136171,0.0001334230136171,20.9474131379,0.002805652093950372,-0.007658687089495124,-0.963754060771357,1.4082582899994291,0.007658687089495124
1732096920.0,0.0001334230136171,0.0001334230136171,0.0001334230136171,0.0001334230136171,0.0,0.0,0.0,-1.0,1.397472880415136,0.0
1732096980.0,0.0001334230136171,0.0001334230136171,0.0001334230136171,0.0001334230136171,0.0,0.0,0.0,0.0,1.397472880415136,0.0
1732097040.0,0.0001334230136171,0.0001334230136171,0.0001334230136171,0.0001334230136171,0.0,0.0,0.0,0.0,1.397472880415136,0.0
1732097100.0,0.0001334230136171,0.0001334230136171,0.0001334230136171,0.0001334230136171,0.0,0.0,0.0,0.0,1.397472880415136,0.0
1732097160.0,0.0001334230136171,0.000134021184059,0.0001334230136171,0.000134021184059,9.5172,0.0012726599590614897,0.004483262862107626,0.0,1.397472880415136,0.004483262862107626
1732097220.0,0.000134021184059,0.0001343698930366,0.000134021184059,0.0001343698930366,47.594,0.006386902461643994,0.00260189446950776,4.018545933003149,1.4037381186807036,0.00260189446950776
1732097280.0,0.0001343698930366,0.0001443821460536,0.0001343698930366,0.0001443821460536,1283.396779968,0.17887473468893836,0.07451262176916983,27.00649231190793,1.4073904971283362,0.07451262176916983
1732097340.0,0.0001443821460536,0.0001443821460536,0.0001443821460536,0.0001443821460536,0.0,0.0,0.0,-1.0,1.512258852922384,0.0
1732097400.0,0.0001443821460536,0.0001443821460536,0.0001443821460536,0.0001443821460536,0.0,0.0,0.0,0.0,1.512258852922384,0.0
1732097460.0,0.0001443821460536,0.0001443821460536,0.0001414653221323,0.0001414653221323,23.613564,0.0033749387421228567,-0.020202109478391916,0.0,1.512258852922384,0.020202109478391916
1732097520.0,0.0001414653221323,0.0001416138737027,0.0001414653221323,0.0001416138737027,11.8018245,0.0016704254944229005,0.0010500917692116498,-0.5050501291848062,1.4817080340159785,0.0010500917692116498
1732097580.0,0.0001416138737027,0.0001425032587839,0.0001416138737027,0.0001425032587839,142.818,0.02028852031373562,0.006280352750375012,11.14571998659833,1.4832639634268734,0.006280352750375012
1732097640.0,0.0001425032587839,0.0001426216888016,0.0001420928354466,0.0001420928354466,89.84845245465,0.012785259320624085,-0.0028800979065496048,-0.36982790647535396,1.4925793843391135,0.003711166744628446
1732097700.0,0.0001420928354466,0.0001420928354466,0.0001381161788669,0.0001381161788669,387.59287867337,0.0543035092439985,-0.027986327158588276,3.2473529775341152,1.4882806095789194,0.027986327158588276
1732097760.0,0.0001381161788669,0.0001381161788669,0.0001381161788669,0.0001381161788669,0.0,0.0,0.0,-1.0,1.4466291015354604,0.0
1732097820.0,0.0001381161788669,0.0001381161788669,0.0001349227315662,0.0001349227315662,9.479415526,0.0012941246433808256,-0.023121457072581383,0.0,1.4466291015354604,0.023121457072581383
1732097880.0,0.0001349227315662,0.0001349227315662,0.0001347469589299,0.0001347469589299,40.01390205432,0.005395268291264867,-0.0013027651772212023,3.169048413427969,1.4131809288643613,0.0013027651772212023
1732097940.0,0.0001347469589299,0.0001347469589299,0.0001347469589299,0.0001347469589299,0.0,0.0,0.0,-1.0,1.4113398859611237,0.0
1732098000.0,0.0001347469589299,0.0001347469589299,0.0001304069903833,0.0001304069903833,465.66457969601,0.061736401180834205,-0.032208285671647546,0.0,1.4113398859611237,0.032208285671647546
1732098060.0,0.0001304069903833,0.0001304069903833,0.0001304069903833,0.0001304069903833,0.0,0.0,0.0,-1.0,1.3658830477342974,0.0
1732098120.0,0.0001304069903833,0.0001304069903833,0.0001304069903833,0.0001304069903833,0.0,0.0,0.0,0.0,1.3658830477342974,0.0
1732098180.0,0.0001304069903833,0.0001304069903833,0.000129834033959,0.000129834033959,2.12738097788,0.00027681590242490756,-0.004393602080808252,0.0,1.3658830477342974,0.004393602080808252
1732098240.0,0.000129834033959,0.000129834033959,0.000129834033959,0.000129834033959,0.0,0.0,0.0,-1.0,1.3598819011336314,0.0
1732098300.0,0.000129834033959,0.000129834033959,0.000129834033959,0.000129834033959,0.0,0.0,0.0,0.0,1.3598819011336314,0.0
1732098360.0,0.000129834033959,0.000129834033959,0.000129834033959,0.000129834033959,0.0,0.0,0.0,0.0,1.3598819011336314,0.0
1732098420.0,0.000129834033959,0.000129834033959,0.000129834033959,0.000129834033959,0.0,0.0,0.0,0.0,1.3598819011336314,0.0
1732098480.0,0.000129834033959,0.0001363245970724,0.000129834033959,0.0001341377815585,617.632195,0.08151874591810429,0.03314806964142453,0.0,1.3598819011336314,0.049991230461572396
1732098540.0,0.0001341377815585,0.0001359075513435,0.0001341377815585,0.0001348379155202,186.45251019568,0.025075596950978222,0.005219513499965287,-0.6923947164720888,1.4049593610965216,0.013193671197164867
1732098600.0,0.0001348379155202,0.0001348379155202,0.0001348379155202,0.0001348379155202,0.0,0.0,0.0,-1.0,1.4122925654486675,0.0
1732098660.0,0.0001348379155202,0.0001348379155202,0.0001348379155202,0.0001348379155202,0.0,0.0,0.0,0.0,1.4122925654486675,0.0
1732098720.0,0.0001348379155202,0.0001348379155202,0.0001348379155202,0.0001348379155202,0.0,0.0,0.0,0.0,1.4122925654486675,0.0
1732098780.0,0.0001348379155202,0.0001351673584474,0.0001348379155202,0.0001351673584474,9.98992061012,0.0013486656256250123,0.0024432514098798822,0.0,1.4122925654486675,0.0024432514098798822
1732098840.0,0.0001351673584474,0.0001351673584474,0.0001351673584474,0.0001351673584474,0.0,0.0,0.0,-1.0,1.4157431512503629,0.0
1732098900.0,0.0001351673584474,0.0001351673584474,0.0001351673584474,0.0001351673584474,0.0,0.0,0.0,0.0,1.4157431512503629,0.0
1732098960.0,0.0001351673584474,0.0001351673584474,0.0001351673584474,0.0001351673584474,0.0,0.0,0.0,0.0,1.4157431512503629,0.0
1732099020.0,0.0001351673584474,0.0001351673584474,0.0001351673584474,0.0001351673584474,0.0,0.0,0.0,0.0,1.4157431512503629,0.0
1732099080.0,0.0001351673584474,0.0001351673584474,0.0001351673584474,0.0001351673584474,0.0,0.0,0.0,0.0,1.4157431512503629,0.0
1732099140.0,0.0001351673584474,0.0001351673584474,0.0001351673584474,0.0001351673584474,0.0,0.0,0.0,0.0,1.4157431512503629,0.0
1732099200.0,0.0001351673584474,0.0001363112360691,0.0001351673584474,0.0001363112360691,166.789,0.022639821650406254,0.008462676454131783,0.0,1.4157431512503629,0.008462676454131783
1732099260.0,0.0001363112360691,0.0001373680392866,0.0001363112360691,0.0001373680392866,11.9155,0.0016305127027504219,0.007752869447712197,-0.9279803203431524,1.4277241274815478,0.007752869447712197
1732099320.0,0.0001373680392866,0.0001373680392866,0.0001373680392866,0.0001373680392866,0.0,0.0,0.0,-1.0,1.438793086249261,0.0
1732099380.0,0.0001373680392866,0.0001373680392866,0.0001373680392866,0.0001373680392866,0.0,0.0,0.0,0.0,1.438793086249261,0.0
1732099440.0,0.0001373680392866,0.0001373680392866,0.0001373680392866,0.0001373680392866,0.0,0.0,0.0,0.0,1.438793086249261,0.0
1732099500.0,0.0001373680392866,0.0001373680392866,0.0001373680392866,0.0001373680392866,0.0,0.0,0.0,0.0,1.438793086249261,0.0
1732099560.0,0.0001373680392866,0.0001431934100718,0.0001373680392866,0.0001431934100718,695.7236337007,0.0975966155119805,0.04240703161705724,0.0,1.438793086249261,0.04240703161705724
1732099620.0,0.0001431934100718,0.0001431934100718,0.0001431934100718,0.0001431934100718,0.0,0.0,0.0,-1.0,1.4998080301482368,0.0
1732099680.0,0.0001431934100718,0.0001440909691239,0.0001431934100718,0.0001440909691239,94.03720017324,0.013507709336535513,0.006268158930288371,0.0,1.4998080301482368,0.006268158930288371
1732099740.0,0.0001440909691239,0.0001440909691239,0.0001435238979247,0.0001435238979247,24.26935135144,0.0034901131311500886,-0.0039355082601491296,-0.741620652014619,1.5092090652461287,0.0039355082601491296
1732099800.0,0.0001435238979247,0.0001494468018369,0.0001435238979247,0.0001494468018369,701.66691795736,0.10278392397676649,0.04126771915926824,28.45002643593285,1.5032695605035606,0.04126771915926824
1732099860.0,0.0001494468018369,0.0001696725223513,0.0001485173161257,0.0001696725223513,2032.61725230642,0.32432372194465037,0.13533725891620943,2.1553934642343604,1.5653060665470981,0.141556767796797
1732099920.0,0.0001696725223513,0.0001734422290165,0.0001696725223513,0.0001721293933053,866.90792933811,0.14815539547283121,0.01448007561833241,-0.5431866821690099,1.777150298958496,0.02221754361260085
1732099980.0,0.0001721293933053,0.0001721293933053,0.0001678572047479,0.0001687434478025,467.4776609389,0.07967521921933583,-0.019670931488118763,-0.46221857823634444,1.8028835696725571,0.024819634086681416
1732100040.0,0.0001687434478025,0.0001695423800906,0.0001667034435845,0.0001667034435845,295.03464100428,0.04948422658818263,-0.012089383289048674,-0.3789257554226642,1.7674191704924733,0.016823980682335843
1732100100.0,0.0001667034435845,0.0001667034435845,0.0001618956135049,0.0001618956135049,427.13382865197,0.07017788667301135,-0.028840616463708366,0.4181869963745295,1.7460521627079773,0.028840616463708366
1732100160.0,0.0001618956135049,0.0001618956135049,0.000156019134416,0.000156019134416,464.65832381269,0.07386086694212964,-0.03629795126427024,0.05248063804313257,1.6956949419576879,0.03629795126427024
1732100220.0,0.000156019134416,0.0001575356819878,0.000156019134416,0.0001575356819878,166.481,0.026100459694860512,0.00972026653959222,-0.6466266810094397,1.6341446895954383,0.00972026653959222
1732100280.0,0.0001575356819878,0.0001587333023932,0.0001575356819878,0.0001587333023932,44.32359,0.007009088396709924,0.0076022167821812574,-0.7314572816474151,1.650029011542565,0.0076022167821812574
1732100340.0,0.0001587333023932,0.0001691658305733,0.0001587333023932,0.0001664093522278,1885.45083244186,0.30652024440876036,0.04835815622096464,42.73182745885205,1.6625728897852,0.06572362587314833
1732100400.0,0.0001664093522278,0.0001664093522278,0.000166233090212,0.000166233090212,166.233090212,0.02764809057121765,-0.0010592073909325664,-0.9098001157328208,1.7429718493181734,0.0010592073909325664
1732100460.0,0.000166233090212,0.0001666519951388,0.000166233090212,0.0001666519951388,104.9907569375,0.017474928542092392,0.002519985198288475,-0.36795170367807506,1.741125680653188,0.002519985198288475
1732100520.0,0.0001666519951388,0.0001673415190979,0.000166330109767,0.0001673415190979,61.94786147731,0.010345091977127527,0.0041375079759813525,-0.40800376080457273,1.7455132915967941,0.006068990233555966
1732100580.0,0.0001673415190979,0.0001673415190979,0.0001673415190979,0.0001673415190979,0.0,0.0,0.0,-1.0,1.7527353667629573,0.0
1732100640.0,0.0001673415190979,0.0001673415190979,0.0001589606855939,0.0001589606855939,690.8753700728,0.11271707821100892,-0.050082212407172866,0.0,1.7527353667629573,0.050082212407172866
1732100700.0,0.0001589606855939,0.0001589606855939,0.00013995105564,0.0001472210542942,1695.9117890808,0.2596286111387499,-0.07385241989765608,1.3033653396579292,1.6649545018311709,0.11958699022262827
1732100760.0,0.0001472210542942,0.0001472210542942,0.0001395472332729,0.00014275489718,1203.47590455254,0.17448953524944816,-0.03033640219200594,-0.3279264003912188,1.5419935828514424,0.05212448082300086
1732100820.0,0.00014275489718,0.00014275489718,0.000139827219403,0.000139827219403,210.90215384198,0.0297985885122901,-0.02050842272197842,-0.8292242083762192,1.4952150453445687,0.02050842272197842
1732100880.0,0.000139827219403,0.000139827219403,0.000139827219403,0.000139827219403,0.0,0.0,0.0,-1.0,1.4645505431343802,0.0
1732100940.0,0.000139827219403,0.000139827219403,0.0001384389569639,0.0001384389569639,4.1215602432,0.0005734454047705473,-0.00992841340210628,0.0,1.4645505431343802,0.00992841340210628
1732101000.0,0.0001384389569639,0.0001384389569639,0.0001384289029547,0.0001384289029547,10.68875640315,0.0014796865552656865,-7.262413283433763e-05,1.5803442541452635,1.4500098798938628,7.262413283433763e-05
1732101060.0,0.0001384289029547,0.0001390578132684,0.0001384289029547,0.0001390578132684,3.47644533171,0.00048233369961266673,0.004543200879846539,-0.6740298153712285,1.4499045741837344,0.004543200879846539
1732101120.0,0.0001390578132684,0.0001390578132684,0.0001281784636217,0.0001281784636217,1654.25892651173,0.22103899826660411,-0.07823616229101343,457.26986263681613,1.4564917819208594,0.07823616229101343
1732101180.0,0.0001281784636217,0.0001281784636217,0.0001281784636217,0.0001281784636217,0.0,0.0,0.0,-1.0,1.3425414544949716,0.0
1732101240.0,0.0001281784636217,0.0001281784636217,0.0001190881457513,0.0001190881457513,47.86307392335,0.005917470001598003,-0.0709192294364579,0.0,1.3425414544949716,0.0709192294364579
1732101300.0,0.0001190881457513,0.0001190881457513,0.0001190881457513,0.0001190881457513,0.0,0.0,0.0,-1.0,1.247329449055687,0.0
1732101360.0,0.0001190881457513,0.0001190881457513,0.0001173387204263,0.0001173387204263,248.21656496595,0.029342532294134107,-0.014690171838374554,0.0,1.247329449055687,0.014690171838374554
1732101420.0,0.0001173387204263,0.0001173387204263,0.0001173387204263,0.0001173387204263,0.0,0.0,0.0,-1.0,1.2290059651099938,0.0
1732101480.0,0.0001173387204263,0.0001272172427976,0.0001173387204263,0.0001272172427976,1059.39,0.1295400709398837,0.08418808672372273,0.0,1.2290059651099938,0.08418808672372273
1732101540.0,0.0001272172427976,0.0001355262942278,0.0001272172427976,0.0001355262942278,1076.75236883548,0.14145486294415605,0.06531387764329649,0.09197765539129352,1.3324736258846466,0.06531387764329649
1732101600.0,0.0001355262942278,0.0001355262942278,0.0001355262942278,0.0001355262942278,0.0,0.0,0.0,-1.0,1.419502645248596,0.0
1732101660.0,0.0001355262942278,0.0001355262942278,0.0001355262942278,0.0001355262942278,0.0,0.0,0.0,0.0,1.419502645248596,0.0
1732101720.0,0.0001355262942278,0.0001355262942278,0.0001355262942278,0.0001355262942278,0.0,0.0,0.0,0.0,1.419502645248596,0.0
1732101780.0,0.0001355262942278,0.0001355262942278,0.0001255719615702,0.0001255719615702,714.18414151572,0.09323611683417324,-0.07344945653769741,0.0,1.419502645248596,0.07344945653769741
1732101840.0,0.0001255719615702,0.0001255719615702,0.0001255719615702,0.0001255719615702,0.0,0.0,0.0,-1.0,1.3152409474012627,0.0
1732101900.0,0.0001255719615702,0.0001255719615702,0.0001255719615702,0.0001255719615702,0.0,0.0,0.0,0.0,1.3152409474012627,0.0
1732101960.0,0.0001255719615702,0.0001255719615702,0.0001255719615702,0.0001255719615702,0.0,0.0,0.0,0.0,1.3152409474012627,0.0
1732102020.0,0.0001255719615702,0.0001255719615702,0.0001246296683173,0.0001246296683173,4.38694643518,0.0005488105741555969,-0.007504009980549795,0.0,1.3152409474012627,0.007504009980549795
1732102080.0,0.0001246296683173,0.0001246296683173,0.0001238730759725,0.0001238730759725,124.1466694532,0.015425394026779442,-0.006070724210496684,27.106954845964914,1.3053713662051358,0.006070724210496684
1732102140.0,0.0001238730759725,0.0001238730759725,0.0001238730759725,0.0001238730759725,0.0,0.0,0.0,-1.0,1.2974468166486253,0.0
1732102200.0,0.0001238730759725,0.0001402317859906,0.0001238730759725,0.0001362521215751,2950.90865168659,0.3838028479824481,0.09993330274084883,0.0,1.2974468166486253,0.13206025514157446
1732102260.0,0.0001362521215751,0.0001367275460264,0.0001362521215751,0.0001367275460264,23.637,0.003226210201548328,0.0034892994384526513,-0.9915940952014617,1.4271049621669227,0.0034892994384526513
1732102320.0,0.0001367275460264,0.0001367275460264,0.0001348047546111,0.0001348047546111,217.09995519147,0.02947482515071901,-0.014062941017962233,8.136052305759062,1.4320845587100248,0.014062941017962233
1732102380.0,0.0001348047546111,0.0001348047546111,0.0001305700298788,0.0001305700298788,366.36522787806,0.04861204669636664,-0.03141376388775621,0.6492734544747857,1.4119452380281512,0.03141376388775621
1732102440.0,0.0001305700298788,0.0001305700298788,0.0001286090253727,0.0001286090253727,173.40124047844,0.022470984843320118,-0.015018794955628663,-0.5377486370060686,1.3675907236982932,0.015018794955628663
1732102500.0,0.0001286090253727,0.0001286090253727,0.0001286090253727,0.0001286090253727,0.0,0.0,0.0,-1.0,1.3470511590358487,0.0
1732102560.0,0.0001286090253727,0.0001286090253727,0.0001286090253727,0.0001286090253727,0.0,0.0,0.0,0.0,1.3470511590358487,0.0
1732102620.0,0.0001286090253727,0.0001302739228045,0.0001286090253727,0.0001302739228045,349.7161607734,0.04526777536311473,0.012945416754191617,0.0,1.3470511590358487,0.012945416754191617
1732102680.0,0.0001302739228045,0.0001333285361902,0.0001302739228045,0.0001333285361902,189.216,0.024938901440570583,0.02344761959984899,-0.44908047191355027,1.3644892976787846,0.02344761959984899
1732102740.0,0.0001333285361902,0.0001336310563705,0.0001328358578402,0.0001336310563705,355.10454747594,0.04739928265531436,0.0022689829870211403,0.9006163029380776,1.3964833236788219,0.005964203560786151
1732102800.0,0.0001336310563705,0.0001338387224021,0.0001336310563705,0.0001338387224021,62.97436446678,0.008421869666137364,0.0015540252186904014,-0.8223207357929685,1.3996519205819078,0.0015540252186904014
1732102860.0,0.0001338387224021,0.0001338387224021,0.0001338387224021,0.0001338387224021,0.0,0.0,0.0,-1.0,1.4018270149638805,0.0
1732102920.0,0.0001338387224021,0.0001338387224021,0.0001338387224021,0.0001338387224021,0.0,0.0,0.0,0.0,1.4018270149638805,0.0
1732102980.0,0.0001338387224021,0.0001338387224021,0.0001338387224021,0.0001338387224021,0.0,0.0,0.0,0.0,1.4018270149638805,0.0
1732103040.0,0.0001338387224021,0.0001338387224021,0.0001338387224021,0.0001338387224021,0.0,0.0,0.0,0.0,1.4018270149638805,0.0
1732103100.0,0.0001338387224021,0.0001338387224021,0.0001338387224021,0.0001338387224021,0.0,0.0,0.0,0.0,1.4018270149638805,0.0
1732103160.0,0.0001338387224021,0.0001338387224021,0.0001338387224021,0.0001338387224021,0.0,0.0,0.0,0.0,1.4018270149638805,0.0
1732103220.0,0.0001338387224021,0.0001338387224021,0.0001338387224021,0.0001338387224021,0.0,0.0,0.0,0.0,1.4018270149638805,0.0
1732103280.0,0.0001338387224021,0.0001338387224021,0.0001338387224021,0.0001338387224021,0.0,0.0,0.0,0.0,1.4018270149638805,0.0
1732103340.0,0.0001338387224021,0.0001338387224021,0.0001338387224021,0.0001338387224021,0.0,0.0,0.0,0.0,1.4018270149638805,0.0
1732103400.0,0.0001338387224021,0.0001338387224021,0.0001338387224021,0.0001338387224021,0.0,0.0,0.0,0.0,1.4018270149638805,0.0
1732103460.0,0.0001338387224021,0.0001338387224021,0.0001302839360467,0.0001302839360467,416.1934030300425,0.05496305401857384,-0.026560223316538636,0.0,1.4018270149638805,0.026560223316538636
1732103520.0,0.0001302839360467,0.0001302839360467,0.0001302839360467,0.0001302839360467,0.0,0.0,0.0,-1.0,1.3645941763952831,0.0
1732103580.0,0.0001302839360467,0.0001302839360467,0.0001286092788433,0.0001286092788433,128.60927884336,0.016648034832220965,-0.012853903974774946,0.0,1.3645941763952831,0.012853903974774946
1732103640.0,0.0001286092788433,0.0001289676054215,0.0001286092788433,0.0001289676054215,38.03338733444,0.00489826070382068,0.0027861642754143227,-0.7057754411745655,1.3470538138873611,0.0027861642754143227
1732103700.0,0.0001289676054215,0.0001568970426701,0.0001289676054215,0.000153580633101,2846.277800674,0.40210538946306706,0.19084658972350574,81.09146343505601,1.3508069271006746,0.21656164861958374
1732103760.0,0.000153580633101,0.000153580633101,0.0001303222816262,0.0001336533082868,4712.0289093496,0.6767273177828711,-0.12975154752158813,0.6829600784175208,1.6086038225127266,0.15144065371513662
1732103820.0,0.0001336533082868,0.0001336533082868,0.0001336533082868,0.0001336533082868,0.0,0.0,0.0,-1.0,1.3998849871925583,0.0
1732103880.0,0.0001336533082868,0.0001336533082868,0.00013252292966,0.00013252292966,11.2022464956,0.001490885914375766,-0.008457543186094265,0.0,1.3998849871925583,0.008457543186094265
1732103940.0,0.00013252292966,0.00013252292966,0.00013252292966,0.00013252292966,0.0,0.0,0.0,-1.0,1.3880453994578121,0.0
1732104000.0,0.00013252292966,0.00013252292966,0.00013252292966,0.00013252292966,0.0,0.0,0.0,0.0,1.3880453994578121,0.0
1732104060.0,0.00013252292966,0.0001330973779253,0.0001323412345995,0.0001323412345995,42.19872716889,0.005588465302201353,-0.0013710462103892014,0.0,1.3880453994578121,0.005705754677624271
1732104120.0,0.0001323412345995,0.0001323412345995,0.0001265332513896,0.0001265332513896,816.21934136423,0.10564918122501338,-0.04388642154863159,17.90486484427077,1.3861423250730374,0.04388642154863159
1732104180.0,0.0001265332513896,0.0001265332513896,0.0001265332513896,0.0001265332513896,0.0,0.0,0.0,-1.0,1.3253094986684817,0.0
1732104240.0,0.0001265332513896,0.0001265332513896,0.0001226097505605,0.0001226097505605,83.11064148075,0.01035321735625628,-0.031007666253824593,0.0,1.3253094986684817,0.031007666253824593
1732104300.0,0.0001226097505605,0.00013872909479,0.0001221185297907,0.0001345963226098,2411.03188605069,0.31006602184974,0.09776198054807567,28.948760001872483,1.2842147440507459,0.13547507374712223
1732104360.0,0.0001345963226098,0.0001345963226098,0.0001345963226098,0.0001345963226098,0.0,0.0,0.0,-1.0,1.409762120878187,0.0
1732104420.0,0.0001345963226098,0.0001403502954228,0.0001345963226098,0.0001372024683781,895.4404474752,0.12168981551271178,0.019362681816020577,0.0,1.409762120878187,0.0427498515667548
1732104480.0,0.0001372024683781,0.0001372024683781,0.0001372024683781,0.0001372024683781,0.0,0.0,0.0,-1.0,1.4370588962610296,0.0
1732104540.0,0.0001372024683781,0.0001375720975637,0.0001372024683781,0.0001375720975637,41.27162926913,0.005670197009068043,0.002694041805292903,0.0,1.4370588962610296,0.002694041805292903
1732104600.0,0.0001375720975637,0.0001375720975637,0.0001250746415013,0.0001250746415013,1052.57208705068,0.1382273131473512,-0.09084295641137036,23.377867810640733,1.4409303930042248,0.09084295641137036
1732104660.0,0.0001250746415013,0.0001250746415013,0.0001239608819691,0.0001239608819691,192.55451393514,0.02397645708721301,-0.008904758940991494,-0.8265432746880209,1.3100320161207233,0.008904758940991494
1732104720.0,0.0001239608819691,0.0001240154063344,0.0001239608819691,0.0001240154063344,117.45309,0.014562790653988467,0.00043985138241908213,-0.3926212450397848,1.298366496812187,0.00043985138241908213
1732104780.0,0.0001240154063344,0.0001240154063344,0.0001240154063344,0.0001240154063344,0.0,0.0,0.0,-1.0,1.2989375851106966,0.0
1732104840.0,0.0001240154063344,0.0001240154063344,0.0001240154063344,0.0001240154063344,0.0,0.0,0.0,0.0,1.2989375851106966,0.0
1732104900.0,0.0001240154063344,0.0001240154063344,0.0001240154063344,0.0001240154063344,0.0,0.0,0.0,0.0,1.2989375851106966,0.0
1732104960.0,0.0001240154063344,0.00013264495285,0.0001240154063344,0.0001296384524439,1127.27165528812,0.14296840262761662,0.045341512604795374,0.0,1.2989375851106966,0.06958447156421009
1732105020.0,0.0001296384524439,0.0001296384524439,0.0001296384524439,0.0001296384524439,0.0,0.0,0.0,-1.0,1.3578333799988358,0.0
1732105080.0,0.0001296384524439,0.0001296384524439,0.000128894844426,0.000128894844426,49.781220918,0.006435051583069685,-0.005736014306571616,0.0,1.3578333799988358,0.005736014306571616
1732105140.0,0.000128894844426,0.000128894844426,0.000128894844426,0.000128894844426,0.0,0.0,0.0,-1.0,1.350044828305222,0.0
1732105200.0,0.000128894844426,0.000128894844426,0.0001285640751737,0.0001285640751737,7.36722335424,0.0009483786826161542,-0.0025661945888757302,0.0,1.350044828305222,0.0025661945888757302
1732105260.0,0.0001285640751737,0.0001285640751737,0.0001285640751737,0.0001285640751737,0.0,0.0,0.0,-1.0,1.3465803505720855,0.0
1732105320.0,0.0001285640751737,0.0001285640751737,0.0001285640751737,0.0001285640751737,0.0,0.0,0.0,0.0,1.3465803505720855,0.0
1732105380.0,0.0001285640751737,0.0001285640751737,0.0001281844096551,0.0001281844096551,47.02825036298,0.006037216012422291,-0.0029531229317913826,0.0,1.3465803505720855,0.0029531229317913826
1732105440.0,0.0001281844096551,0.0001281844096551,0.0001269250163257,0.0001269250163257,181.7455499275,0.02318250145828468,-0.009824855712083896,2.839932414308834,1.3426037332593113,0.009824855712083896
1732105500.0,0.0001269250163257,0.0001269250163257,0.000123393356489,0.000123393356489,314.1785423882,0.039322330751954244,-0.027824773546906285,0.6962074098307329,1.3294128453015335,0.027824773546906285
1732105560.0,0.000123393356489,0.000123393356489,0.000123393356489,0.000123393356489,0.0,0.0,0.0,-1.0,1.29242223393067,0.0
1732105620.0,0.000123393356489,0.0001364580378197,0.0001225475382855,0.0001364580378197,1279.578347558,0.16625010887008432,0.10587832037671054,0.0,1.29242223393067,0.112732969829215
1732105680.0,0.0001364580378197,0.0001364580378197,0.0001364580378197,0.0001364580378197,0.0,0.0,0.0,-1.0,1.4292617292767653,0.0
1732105740.0,0.0001364580378197,0.0001378600475149,0.0001364580378197,0.0001378600475149,36.21219765774,0.004966830363614662,0.010274291772042466,0.0,1.4292617292767653,0.010274291772042466
1732105800.0,0.0001378600475149,0.0001378600475149,0.0001378600475149,0.0001378600475149,0.0,0.0,0.0,-1.0,1.4439463813019686,0.0
1732105860.0,0.0001378600475149,0.0001378600475149,0.000129544675135,0.000129544675135,1036.75685656164,0.13861683984212378,-0.0603174924845523,0.0,1.4439463813019686,0.0603174924845523
1732105920.0,0.000129544675135,0.000129544675135,0.0001276639693956,0.0001276639693956,160.27245731528,0.020611730750825806,-0.014517815861131269,-0.8513042803868467,1.3568511562996908,0.014517815861131269
1732105980.0,0.0001276639693956,0.0001276639693956,0.0001276639693956,0.0001276639693956,0.0,0.0,0.0,-1.0,1.3371526410615688,0.0
1732106040.0,0.0001276639693956,0.0001276639693956,0.0001276639693956,0.0001276639693956,0.0,0.0,0.0,0.0,1.3371526410615688,0.0
1732106100.0,0.0001276639693956,0.0001276639693956,0.0001276639693956,0.0001276639693956,0.0,0.0,0.0,0.0,1.3371526410615688,0.0
1732106160.0,0.0001276639693956,0.0001276639693956,0.0001276639693956,0.0001276639693956,0.0,0.0,0.0,0.0,1.3371526410615688,0.0
1732106220.0,0.0001276639693956,0.0001420025526323,0.0001276639693956,0.0001420025526323,2620.42,0.35331977382617485,0.11231503535870918,0.0,1.3371526410615688,0.11231503535870918
1732106280.0,0.0001420025526323,0.0001618021543581,0.0001420025526323,0.0001453921549707,3064.12145136598,0.440306144287703,0.023870009908744508,0.24619728898706758,1.4873349872223902,0.13943130851364988
1732106340.0,0.0001453921549707,0.0001453921549707,0.0001296224038548,0.0001296224038548,476.53575715904,0.0655271355098345,-0.10846356269413564,-0.8511782395954529,1.5228376881050112,0.10846356269413564
1732106400.0,0.0001296224038548,0.0001296224038548,0.0001256495680828,0.0001256495680828,569.20002409215,0.07265040628846628,-0.030649298684896235,0.10870719013137244,1.3576652870482406,0.030649298684896235
1732106460.0,0.0001256495680828,0.0001256495680828,0.0001256495680828,0.0001256495680828,0.0,0.0,0.0,-1.0,1.3160537981513838,0.0
1732106520.0,0.0001256495680828,0.0001256495680828,0.0001256495680828,0.0001256495680828,0.0,0.0,0.0,0.0,1.3160537981513838,0.0
1732106580.0,0.0001256495680828,0.0001256495680828,0.0001256495680828,0.0001256495680828,0.0,0.0,0.0,0.0,1.3160537981513838,0.0
1732106640.0,0.0001256495680828,0.0001256495680828,0.0001220255641683,0.0001220255641683,44.34782201388,0.005491926341167986,-0.02884215178608375,0.0,1.3160537981513838,0.02884215178608375
1732106700.0,0.0001220255641683,0.0001220255641683,0.0001217499478659,0.0001217499478659,26.669541201,0.0032506905309954842,-0.0022586767312123873,-0.40809648035007157,1.2780959747464495,0.0022586767312123873
1732106760.0,0.0001217499478659,0.0001217499478659,0.0001217499478659,0.0001217499478659,0.0,0.0,0.0,-1.0,1.2752091691080334,0.0
1732106820.0,0.0001217499478659,0.0001217499478659,0.0001217499478659,0.0001217499478659,0.0,0.0,0.0,0.0,1.2752091691080334,0.0
1732106880.0,0.0001217499478659,0.0001217499478659,0.0001217499478659,0.0001217499478659,0.0,0.0,0.0,0.0,1.2752091691080334,0.0
1732106940.0,0.0001217499478659,0.0001217499478659,0.0001201964611657,0.0001201964611657,215.75837997976,0.026100982627289195,-0.012759649818586134,0.0,1.2752091691080334,0.012759649818586134
1732107000.0,0.0001201964611657,0.0001201964611657,0.0001186661503141,0.0001186661503141,59.33307515705,0.007086226639570104,-0.01273174631564528,-0.7285072849264577,1.2589379466647648,0.01273174631564528
1732107060.0,0.0001186661503141,0.0001186661503141,0.000118237684279,0.000118237684279,4.72950737116,0.000560219215982068,-0.003610684546232298,-0.9209425206845975,1.2429094681006896,0.003610684546232298
1732107120.0,0.000118237684279,0.000118237684279,0.0001163748453673,0.0001163748453673,203.9469297542,0.023924252551614556,-0.015755035486861732,41.70516231699618,1.2384217140918528,0.015755035486861732
1732107180.0,0.0001163748453673,0.0001163748453673,0.0001068629087139,0.0001068629087139,1016.62185230844,0.11347418952960278,-0.08173533226513519,3.7430610124513524,1.2189103360386353,0.08173533226513519
1732107240.0,0.0001068629087139,0.0001068629087139,9.44071989276928e-05,9.44071989276928e-05,1128.7139287538,0.11358818696842124,-0.11655783972298937,0.001004611174497255,1.1192822947211098,0.11655783972298937
1732107300.0,9.44071989276928e-05,9.44071989276928e-05,8.00210468541035e-05,8.19655076638293e-05,2154.96189298018,0.19003823083325216,-0.13178752685367448,0.6730457268948652,0.9888211684082271,0.15238405796371285
1732107360.0,8.19655076638293e-05,9.85896575801871e-05,8.19655076638293e-05,9.85896575801871e-05,1720.30604621782,0.15530507122256948,0.20281884893020546,-0.1827693273000372,0.858506872123146,0.20281884893020546
1732107420.0,9.85896575801871e-05,9.97238701695747e-05,9.85896575801871e-05,9.97238701695747e-05,30.33455109384,0.0030078759200624027,0.01150437700288287,-0.9806324681069056,1.0326282477258337,0.01150437700288287
1732107480.0,9.97238701695747e-05,9.97238701695747e-05,9.93755010142436e-05,9.93755010142436e-05,8.33936425212,0.0008301810893349526,-0.003493337700780255,-0.7239975612698382,1.044507992391498,0.003493337700780255
1732107540.0,9.93755010142436e-05,9.93755010142436e-05,9.91003564416e-05,9.91003564416e-05,24.7750891104,0.002458628527365787,-0.002768736457531593,1.9615568927682547,1.0408591732429104,0.002768736457531593
1732107600.0,9.91003564416e-05,9.96503840822442e-05,9.91003564416e-05,9.96503840822442e-05,35.6325,0.0035409928808579393,0.0055502084996871546,0.44023094235053656,1.0379773085027966,0.0055502084996871546
1732107660.0,9.96503840822442e-05,9.96503840822442e-05,9.96503840822442e-05,9.96503840822442e-05,0.0,0.0,0.0,-1.0,1.0437382989829311,0.0
1732107720.0,9.96503840822442e-05,9.96503840822442e-05,9.96503840822442e-05,9.96503840822442e-05,0.0,0.0,0.0,0.0,1.0437382989829311,0.0
1732107780.0,9.96503840822442e-05,9.96503840822442e-05,9.86817063895472e-05,9.96292666521188e-05,182.18639445015,0.01815302052728939,-0.00021191519049199522,0.0,1.0437382989829311,0.009720762259155191
1732107840.0,9.96292666521188e-05,9.96349467310111e-05,9.96292666521188e-05,9.96349467310111e-05,3.40661846368,0.00033940857423082085,5.7012151982615385e-05,-0.9813029146460452,1.0435171149824785,5.7012151982615385e-05
1732107900.0,9.96349467310111e-05,9.96349467310111e-05,9.96349467310111e-05,9.96349467310111e-05,0.0,0.0,0.0,-1.0,1.0435766081388342,0.0
1732107960.0,9.96349467310111e-05,9.96349467310111e-05,9.96349467310111e-05,9.96349467310111e-05,0.0,0.0,0.0,0.0,1.0435766081388342,0.0
1732108020.0,9.96349467310111e-05,0.0001002852168749,9.96349467310111e-05,0.0001002852168749,68.19615850656,0.00681689358296306,0.006526526738097957,0.0,1.0435766081388342,0.006526526738097957
1732108080.0,0.0001002852168749,0.0001002852168749,0.0001002852168749,0.0001002852168749,0.0,0.0,0.0,-1.0,1.050387538775106,0.0
1732108140.0,0.0001002852168749,0.0001002852168749,0.0001002852168749,0.0001002852168749,0.0,0.0,0.0,0.0,1.050387538775106,0.0
1732108200.0,0.0001002852168749,0.0001002852168749,0.0001002852168749,0.0001002852168749,0.0,0.0,0.0,0.0,1.050387538775106,0.0
1732108260.0,0.0001002852168749,0.0001002852168749,0.000100155982992,0.000100155982992,4.00623931968,0.0004015077080953062,-0.0012886633436831384,0.0,1.050387538775106,0.0012886633436831384
1732108320.0,0.000100155982992,0.0001016762448162,0.000100155982992,0.0001016762448162,197.85070373694,0.01996632415432338,0.015178941674621868,48.728370718063424,1.0490339428572248,0.015178941674621868
1732108380.0,0.0001016762448162,0.0001016762448162,0.0001016762448162,0.0001016762448162,0.0,0.0,0.0,-1.0,1.0649571678905534,0.0
1732108440.0,0.0001016762448162,0.0001038031865707,0.0001016762448162,0.0001038031865707,197.41237090992,0.02028209086165508,0.020918767784401184,0.0,1.0649571678905534,0.020918767784401184
1732108500.0,0.0001038031865707,0.0001038031865707,0.0001038031865707,0.0001038031865707,0.0,0.0,0.0,-1.0,1.0872347595859895,0.0
1732108560.0,0.0001038031865707,0.0001048811854017,0.0001038031865707,0.0001048811854017,9.01417842148,0.0009405590813668569,0.010385026381302606,0.0,1.0872347595859895,0.010385026381302606
1732108620.0,0.0001048811854017,0.0001087595795796,0.000104431129644,0.000104431129644,1202.16309886426,0.1258137706428955,-0.004291100982280664,132.7648778639807,1.098525721246959,0.04127003255180446
1732108680.0,0.000104431129644,0.000104431129644,9.91691531364416e-05,9.91691531364416e-05,324.71715990151,0.033056252789804653,-0.05038704958469951,-0.7372604555058594,1.0938118364454557,0.05038704958469951
1732108740.0,9.91691531364416e-05,9.91691531364416e-05,9.74338984448254e-05,9.74338984448254e-05,172.68193207344,0.016974897399293684,-0.017497927901317763,-0.48648452360186595,1.0386978852061473,0.017497927901317763
1732108800.0,9.74338984448254e-05,9.74338984448254e-05,8.91949123458231e-05,8.91949123458231e-05,1544.42314850862,0.14411692778185645,-0.08455975005113694,7.490002878477079,1.020522824499559,0.08455975005113694
1732108860.0,8.91949123458231e-05,8.91949123458231e-05,8.91949123458231e-05,8.91949123458231e-05,0.0,0.0,0.0,-1.0,0.9342276695383959,0.0
1732108920.0,8.91949123458231e-05,8.91949123458231e-05,8.91949123458231e-05,8.91949123458231e-05,0.0,0.0,0.0,0.0,0.9342276695383959,0.0
1732108980.0,8.91949123458231e-05,8.91949123458231e-05,8.91949123458231e-05,8.91949123458231e-05,0.0,0.0,0.0,0.0,0.9342276695383959,0.0
1732109040.0,8.91949123458231e-05,8.91949123458231e-05,8.91949123458231e-05,8.91949123458231e-05,0.0,0.0,0.0,0.0,0.9342276695383959,0.0
1732109100.0,8.91949123458231e-05,8.91949123458231e-05,8.91949123458231e-05,8.91949123458231e-05,0.0,0.0,0.0,0.0,0.9342276695383959,0.0
1732109160.0,8.91949123458231e-05,9.32286795297255e-05,8.76516596517026e-05,9.32286795297255e-05,1179.585,0.1075920663112595,0.04522418462908314,0.0,0.9342276695383959,0.06252621064752986
1732109220.0,9.32286795297255e-05,9.32286795297255e-05,9.13949949166418e-05,9.13949949166418e-05,466.95926671576,0.043105867818922436,-0.019668675158045455,-0.5993583049681479,0.9764773541511984,0.019668675158045455
1732109280.0,9.13949949166418e-05,9.13949949166418e-05,8.98705933924175e-05,9.04646586009994e-05,127.27655654049,0.01157323523668599,-0.010179291726980552,-0.7315160134276285,0.9572713382732108,0.016679267016915515
1732109340.0,9.04646586009994e-05,9.38747019508026e-05,9.04646586009994e-05,9.19244781457196e-05,707.40934635091,0.06451189000375163,0.01613690437012354,4.574231291804684,0.9475269940590506,0.0376947572957018
1732109400.0,9.19244781457196e-05,9.19244781457196e-05,8.71605621247966e-05,8.71605621247966e-05,359.47934870732,0.032188686819834667,-0.0518242378637297,-0.5010425703236603,0.9628171465502922,0.0518242378637297
1732109460.0,8.71605621247966e-05,8.85155413952723e-05,8.71605621247966e-05,8.85155413952723e-05,236.9184929248,0.02081045884443794,0.01554578398124177,-0.35348531113066295,0.9129198817281923,0.01554578398124177
1732109520.0,8.85155413952723e-05,8.85155413952723e-05,8.85155413952723e-05,8.85155413952723e-05,0.0,0.0,0.0,-1.0,0.9271119370017196,0.0
1732109580.0,8.85155413952723e-05,8.90657944948385e-05,8.85155413952723e-05,8.90657944948385e-05,64.8550315018,0.005758521566642432,0.00621645748184507,0.0,0.9271119370017196,0.00621645748184507
1732109640.0,8.90657944948385e-05,8.97274606049258e-05,8.90657944948385e-05,8.93095017956461e-05,208.50071959849,0.01859568881757995,0.0027362614591813694,2.2292470562756557,0.9328752889390018,0.007428958713500714
1732109700.0,8.93095017956461e-05,8.93095017956461e-05,8.93095017956461e-05,8.93095017956461e-05,0.0,0.0,0.0,-1.0,0.9354278796383483,0.0
1732109760.0,8.93095017956461e-05,8.93095017956461e-05,8.93095017956461e-05,8.93095017956461e-05,0.0,0.0,0.0,0.0,0.9354278796383483,0.0
1732109820.0,8.93095017956461e-05,8.96059971295887e-05,8.88219005952108e-05,8.96059971295887e-05,76.66467347371,0.006858249152244519,0.0033198632618176528,0.0,0.9354278796383483,0.008779542138439369
1732109880.0,8.96059971295887e-05,9.26444673742203e-05,8.96059971295887e-05,9.26444673742203e-05,382.096,0.03481858674252371,0.03390922864501296,4.0768914878411096,0.9385333722900396,0.03390922864501296
1732109940.0,9.26444673742203e-05,9.26444673742203e-05,9.26444673742203e-05,9.26444673742203e-05,0.0,0.0,0.0,-1.0,0.9703583150019977,0.0
1732110000.0,9.26444673742203e-05,9.34550065504436e-05,9.26444673742203e-05,9.34550065504436e-05,4.9577078475,0.00046131341114596393,0.008748921540552136,0.0,0.9703583150019977,0.008748921540552136
1732110060.0,9.34550065504436e-05,9.34550065504436e-05,9.34550065504436e-05,9.34550065504436e-05,0.0,0.0,0.0,-1.0,0.9788479037661725,0.0
1732110120.0,9.34550065504436e-05,9.34550065504436e-05,9.10042826547143e-05,9.10042826547143e-05,285.70291518785,0.026350278329696164,-0.02622356988875158,0.0,0.9788479037661725,0.02622356988875158
1732110180.0,9.10042826547143e-05,9.10042826547143e-05,8.92512441523498e-05,8.92512441523498e-05,184.05062035645,0.016588070765759425,-0.019263252796748315,-0.37047834720345074,0.9531790173513023,0.019263252796748315
1732110240.0,8.92512441523498e-05,8.92512441523498e-05,8.89162347583307e-05,8.89162347583307e-05,9.4402698,0.000840974535251317,-0.0037535543308197953,-0.949302450711313,0.934817688979508,0.0037535543308197953
1732110300.0,8.89162347583307e-05,8.89162347583307e-05,8.74280260008813e-05,8.74280260008813e-05,196.58120838526,0.017332983935925642,-0.016737199472000367,19.610593079070878,0.931308799994512,0.016737199472000367
1732110360.0,8.74280260008813e-05,8.74280260008813e-05,8.74280260008813e-05,8.74280260008813e-05,0.0,0.0,0.0,-1.0,0.9157212988389746,0.0
1732110420.0,8.74280260008813e-05,8.74280260008813e-05,8.74280260008813e-05,8.74280260008813e-05,0.0,0.0,0.0,0.0,0.9157212988389746,0.0
1732110480.0,8.74280260008813e-05,8.74280260008813e-05,8.74280260008813e-05,8.74280260008813e-05,0.0,0.0,0.0,0.0,0.9157212988389746,0.0
1732110540.0,8.74280260008813e-05,8.74280260008813e-05,8.74280260008813e-05,8.74280260008813e-05,0.0,0.0,0.0,0.0,0.9157212988389746,0.0
1732110600.0,8.74280260008813e-05,8.74280260008813e-05,8.74280260008813e-05,8.74280260008813e-05,0.0,0.0,0.0,0.0,0.9157212988389746,0.0
1732110660.0,8.74280260008813e-05,8.7489064006198e-05,8.74280260008813e-05,8.7489064006198e-05,23.868,0.002087460552144484,0.0006981514750896611,0.0,0.9157212988389746,0.0006981514750896611
1732110720.0,8.7489064006198e-05,8.84755164780467e-05,8.7489064006198e-05,8.84755164780467e-05,190.944,0.016799690427991808,0.011275151735293708,7.047907976384606,0.91636061101453,0.011275151735293708
1732110780.0,8.84755164780467e-05,8.93671601663548e-05,8.84755164780467e-05,8.93671601663548e-05,282.91024848688,0.02515675792051974,0.010077857963443975,0.49745366013431436,0.9266927159479653,0.010077857963443975
1732110840.0,8.93671601663548e-05,8.93671601663548e-05,8.93671601663548e-05,8.93671601663548e-05,0.0,0.0,0.0,-1.0,0.9360317935150471,0.0
1732110900.0,8.93671601663548e-05,8.93671601663548e-05,8.93671601663548e-05,8.93671601663548e-05,0.0,0.0,0.0,0.0,0.9360317935150471,0.0
1732110960.0,8.93671601663548e-05,8.93671601663548e-05,8.93671601663548e-05,8.93671601663548e-05,0.0,0.0,0.0,0.0,0.9360317935150471,0.0
1732111020.0,8.93671601663548e-05,8.93671601663548e-05,8.93671601663548e-05,8.93671601663548e-05,0.0,0.0,0.0,0.0,0.9360317935150471,0.0
1732111080.0,8.93671601663548e-05,8.93671601663548e-05,8.93671601663548e-05,8.93671601663548e-05,0.0,0.0,0.0,0.0,0.9360317935150471,0.0
1732111140.0,8.93671601663548e-05,8.95735418702781e-05,8.68524837552619e-05,8.68524837552619e-05,400.49631415671,0.035287658936307684,-0.028138707847624293,0.0,0.9360317935150471,0.03044807633979891
1732111200.0,8.68524837552619e-05,8.68524837552619e-05,8.45290860090487e-05,8.45290860090487e-05,323.61609461165,0.027730917147770116,-0.02675108005846108,-0.2141468722018958,0.9096930683412393,0.02675108005846108
1732111260.0,8.45290860090487e-05,8.45290860090487e-05,8.36091911057746e-05,8.36091911057746e-05,23.99485133298,0.0020172264813767896,-0.010882584287917416,-0.9272571307098295,0.8853577962414158,0.010882584287917416
1732111320.0,8.36091911057746e-05,8.36091911057746e-05,8.36091911057746e-05,8.36091911057746e-05,0.0,0.0,0.0,-1.0,0.8757228153988538,0.0
1732111380.0,8.36091911057746e-05,8.36091911057746e-05,8.36091911057746e-05,8.36091911057746e-05,0.0,0.0,0.0,0.0,0.8757228153988538,0.0
1732111440.0,8.36091911057746e-05,8.36091911057746e-05,8.36091911057746e-05,8.36091911057746e-05,0.0,0.0,0.0,0.0,0.8757228153988538,0.0
1732111500.0,8.36091911057746e-05,8.36091911057746e-05,8.36091911057746e-05,8.36091911057746e-05,0.0,0.0,0.0,0.0,0.8757228153988538,0.0
1732111560.0,8.36091911057746e-05,8.36091911057746e-05,7.7638498524035e-05,7.7638498524035e-05,868.64718460778,0.07003367581072162,-0.07141191659402649,0.0,0.8757228153988538,0.07141191659402649
1732111620.0,7.7638498524035e-05,7.7638498524035e-05,7.55395193465159e-05,7.55395193465159e-05,101.3383890792,0.00776140678667327,-0.02703528812924311,-0.8891760756974996,0.8131857707461048,0.02703528812924311
1732111680.0,7.55395193465159e-05,7.55395193465159e-05,7.55395193465159e-05,7.55395193465159e-05,0.0,0.0,0.0,-1.0,0.7912010591313832,0.0
1732111740.0,7.55395193465159e-05,9.01207524830491e-05,7.55395193465159e-05,7.62038761871406e-05,3900.13151042833,0.2959095992101016,0.008794824833040685,0.0,0.7912010591313832,0.1930278781580005
1732111800.0,7.62038761871406e-05,7.62038761871406e-05,7.48283510389459e-05,7.56211626007607e-05,610.65232751657,0.046356156655562725,-0.007646770945730909,-0.8433435184958331,0.7981595338541599,0.01805059292281536
1732111860.0,7.56211626007607e-05,7.56211626007607e-05,7.39518276498804e-05,7.39518276498804e-05,249.43461326784,0.01865434048924153,-0.022074970728676677,-0.5975865594758487,0.7920561907206258,0.022074970728676677
1732111920.0,7.39518276498804e-05,7.54432632052203e-05,7.39518276498804e-05,7.54432632052203e-05,471.09939605456,0.03518996853767703,0.02016766323073168,0.8864225491097929,0.7745715734950008,0.02016766323073168
1732111980.0,7.54432632052203e-05,7.54432632052203e-05,7.54432632052203e-05,7.54432632052203e-05,0.0,0.0,0.0,-1.0,0.7901928721373459,0.0
1732112040.0,7.54432632052203e-05,7.54432632052203e-05,7.54432632052203e-05,7.54432632052203e-05,0.0,0.0,0.0,0.0,0.7901928721373459,0.0
1732112100.0,7.54432632052203e-05,7.67810530929896e-05,7.54432632052203e-05,7.67810530929896e-05,61.23457072564,0.004660695331262464,0.01773239691568277,0.0,0.7901928721373459,0.01773239691568277
1732112160.0,7.67810530929896e-05,8.41620232182427e-05,7.67810530929896e-05,8.36766007428947e-05,1352.644902932,0.10852111379876807,0.08980793271425827,22.284318344269984,0.8042048857860288,0.09613009756865419
1732112220.0,8.36766007428947e-05,8.36766007428947e-05,7.34539446241125e-05,7.34539446241125e-05,1390.12316283985,0.1092154053521673,-0.12216863529378308,0.0063977555066994755,0.8764288640571781,0.12216863529378308
1732112280.0,7.34539446241125e-05,7.34539446241125e-05,6.92185842818164e-05,6.92185842818164e-05,838.04726542591,0.05978316135050641,-0.05766008025804198,-0.4526123749874444,0.7693567458032322,0.05766008025804198
1732112340.0,6.92185842818164e-05,6.92185842818164e-05,6.44507506764413e-05,6.46290537343547e-05,414.46662376352,0.0277376893136421,-0.06630488899882568,-0.5360283951693843,0.7249955740931517,0.06888083099133241
1732112400.0,6.46290537343547e-05,6.46290537343547e-05,6.46290537343547e-05,6.46290537343547e-05,0.0,0.0,0.0,-1.0,0.6769248230282655,0.0
1732112460.0,6.46290537343547e-05,6.46290537343547e-05,6.46290537343547e-05,6.46290537343547e-05,0.0,0.0,0.0,0.0,0.6769248230282655,0.0
