time,open,high,low,close,volume,usd_vol,price_change,vol_change,norm_open,mov_in_min
1732522020.0,9.20945439331642e-05,0.0001146167838184,8.51087030759448e-05,0.0001066710484239,7868.77324192958,0.7820206872777747,0.15827761198659507,0.0,1.0,0.32041073751198657
1732522080.0,0.0001066710484239,0.000186067794518,0.0001066710484239,0.0001313359386075,39770.93999157388,4.732880799400556,0.231223847032835,5.052117132445412,1.1582776119865952,0.7443139189800152
1732522140.0,0.0001313359386075,0.0001330890254754,7.7759477559461e-05,0.0001162513250154,22682.17254622449,2.8079085168710938,-0.11485518550395142,-0.40672317011940595,1.426099017362141,0.4212826169483772
1732522200.0,0.0001162513250154,0.0002151238873654,0.0001162513250154,0.000184304356842,49651.17657308325,7.4614716149726,0.5853957519846325,1.6573058096946338,1.2623041501760095,0.8505069713132489
1732522260.0,0.000184304356842,0.0002055299810636,0.0001073219792513,0.0001158327360641,50669.15844960644,7.603846958531714,-0.371513847806643,0.01908140255782998,2.0012516374016167,0.532857733235745
1732522320.0,0.0001158327360641,0.0001764824615538,0.0001120328085275,0.0001174221258552,32032.51213969441,3.73586959803636,0.013721421466039298,-0.5086869030360195,1.2577589411611976,0.5564027512104573
1732522380.0,0.0001174221258552,0.0001210935401721,7.05221462445201e-05,0.000110905437746,23783.84123305831,2.7152532609109823,-0.05549795715022322,-0.2731937800135829,1.2750171816955496,0.43068027902971545
1732522440.0,0.000110905437746,0.000110905437746,0.0001047276978818,0.0001068127734538,3333.36804061257,0.3628674635363755,-0.03690228698770549,-0.8663596251737373,1.2042563327800115,0.05570276795938985
1732522500.0,0.0001068127734538,0.0001736574003085,0.0001063631530318,0.0001419939754067,17691.59403804863,2.2008939973833423,0.32937260980417304,5.065283384556507,1.1598165199810018,0.6300205967950729
1732522560.0,0.0001419939754067,0.0001580836348526,0.0001281603199614,0.0001472728446084,19942.70919294888,2.8843820353651126,0.03717671250896554,0.310550184967733,1.5418283140611382,0.2107365105138684
1732522620.0,0.0001472728446084,0.0001571019331193,0.0001248291653029,0.0001262288409581,4601.73547029206,0.6292912038280145,-0.14289126896581808,-0.7818280671172058,1.5991484220311722,0.2191359031749106
1732522680.0,0.0001262288409581,0.0001505316025072,0.0001260319760421,0.0001394468984536,5731.63224350683,0.7613778171648089,0.10471503497277278,0.2098974410150721,1.3706440747424524,0.1940889758564156
1732522740.0,0.0001394468984536,0.0001812893033157,0.0001390548785355,0.0001409486734668,10155.92550721575,1.4238382704883694,0.01076951176292885,0.8700811061063044,1.5141711169643322,0.302871022938192
1732522800.0,0.0001409486734668,0.0001967358949272,0.000131327770676,0.00015644695917,17457.97334973848,2.595962514450935,0.10995694618474411,0.82321445367565,1.5304780006195666,0.4640563308785355
1732522860.0,0.00015644695917,0.0001618619834613,0.0001380184209508,0.0001555833252511,8590.8245643049,1.340298716105915,-0.005520298531092204,-0.48369874039209765,1.698764687770627,0.15240668554376222
1732522920.0,0.0001555833252511,0.0001997515828775,0.0001555833252511,0.0001903997401283,5418.16954082908,0.9372974532406706,0.22377986086239557,-0.30068018272532454,1.6893869995600557,0.2838881194698448
1732522980.0,0.0001903997401283,0.0002065446378656,0.0001704618349254,0.0002065446378656,5755.71279125748,1.1423489169186172,0.08479474670722166,0.21876882623439217,2.067437787264345,0.18951077830193347
1732523040.0,0.0002065446378656,0.0002670406696655,0.0002039539085562,0.0002670406696655,6292.85011802034,1.4901006791948908,0.2928956782662407,0.3044181660488658,2.242745650768364,0.30543887152544225
1732523100.0,0.0002670406696655,0.0002704167364116,0.0002128628987034,0.0002540900758087,10750.22163288877,2.8011355067800983,-0.04849670978215477,0.8798296959998478,2.899636159328825,0.21552461570850978
1732523160.0,0.0002540900758087,0.0003382113881865,0.0002520312057687,0.0002879857389981,18013.64504538524,4.88238065780884,0.13340018527492387,0.7430005246055127,2.759013346036013,0.33917177655802505
1732523220.0,0.0002879857389981,0.0003879291413284,0.0002718904035842,0.0003307194002272,19237.8882069776,5.951290150749417,0.14838811594549803,0.21893202678307597,3.127066237573205,0.40293223597771816
1732523280.0,0.0003307194002272,0.0003753889377905,0.0003118970788235,0.0003681775257435,20673.32033978168,7.224260017540482,0.11326255880534003,0.21389813545400177,3.59108570500347,0.1919810537978173
1732523340.0,0.0003681775257435,0.0004207101984,0.0003396723103349,0.0004061533536532,25485.17982475612,9.866980852643222,0.10314542647059012,0.3658119764081333,3.9978212608414414,0.22010547194984703
1732523400.0,0.0004061533536532,0.0004315561907246,0.0004061533536532,0.0004247407457502,4295.02471779952,1.784355347405687,0.045764467853861644,-0.8191589328028659,4.410178239744124,0.06254493984331487
1732523460.0,0.0004247407457502,0.0004247407457502,0.0002244915991738,0.0003000176870131,34885.12274439795,12.641643443492606,-0.2936451470338862,6.084711832692163,4.612007700026694,0.4714620591031575
1732523520.0,0.0003000176870131,0.0003000176870131,0.0002469765603511,0.0002469765603511,14733.12187466112,4.029466455577645,-0.17679333238671374,-0.6812545399188704,3.25771402083094,0.17679333238671374
1732523580.0,0.0002469765603511,0.0002634442252566,0.0001996599957797,0.0002082494793343,19838.3951469128,4.515477028221587,-0.1568046820384325,0.12061412546844723,2.681771903125318,0.25826025508746586
1732523640.0,0.0002082494793343,0.0002082494793343,0.0001372069341309,0.0001386566194615,13725.06019552416,2.3806535440834034,-0.33418023466499797,-0.4727791705717037,2.2612575125561505,0.34114152616610577
1732523700.0,0.0001386566194615,0.0001596071894973,0.0001195992223312,0.0001596071894973,9969.06542538008,1.4867057127666714,0.15109678944406418,-0.37550521937072484,1.5055899463721465,0.2885399003774845
1732523760.0,0.0001596071894973,0.0001702340587421,0.0001326292079198,0.0001326292079198,4875.45618166086,0.7123928751467499,-0.1690273581188294,-0.5208245525464291,1.7330797534882387,0.23560875259279068
1732523820.0,0.0001326292079198,0.0001483506502328,0.0001276761013472,0.0001483506502328,3217.77470976318,0.4520649407581409,0.11853680316410138,-0.3654274817599524,1.4401418613468895,0.15588232192490947
1732523880.0,0.0001483506502328,0.000201952811353,0.0001483506502328,0.0002011804370222,4725.43568135309,0.8258433357284588,0.35611429209441675,0.8268245583111762,1.6108516736937484,0.3613207022421846
1732523940.0,0.0002011804370222,0.0002038360506374,0.0001754766687092,0.0001943948143764,4687.50298716374,0.9271300862894923,-0.033729038201916306,0.12264644658262049,2.184498977140304,0.14096490865595732
1732524000.0,0.0001943948143764,0.0002007168358509,0.0001688172453465,0.0001771484669065,6649.95367734924,1.235372804830812,-0.08871814572433238,0.3324697613632097,2.1108179276882915,0.16409692103532098
1732524060.0,0.0001771484669065,0.0001773153300033,0.0001702780664023,0.0001744503418017,1995.40241102748,0.35079055530536596,-0.015230869066589742,-0.7160447810299598,1.9235500751821084,0.03972523005075906
1732524120.0,0.0001744503418017,0.0002045894976513,0.0001744503418017,0.0002045894976513,5818.72543974622,1.102764378251247,0.17276639035685917,2.143654700997528,1.894252735843981,0.17276639035685917
1732524180.0,0.0002045894976513,0.0002152843638677,0.00020407184145,0.0002152843638677,1080.97139778545,0.22693581748988398,0.05227475671614482,-0.7942118715788076,2.2215159434393508,0.05480497555554145
1732524240.0,0.0002152843638677,0.0002310336908968,0.0002152843638677,0.0002310336908968,1541.99392215366,0.3441098638971517,0.07315592617203985,0.516331215157303,2.3376451489236794,0.07315592617203985
1732524300.0,0.0002310336908968,0.0002310336908968,0.0001892284984851,0.0001898995951702,5099.41143695782,1.073256006583149,-0.1780437111441643,2.118934152099534,2.5086577448547676,0.18094846794606195
1732524360.0,0.0001898995951702,0.000229572496839,0.0001898995951702,0.0001988324644339,5835.35850598101,1.134195465279151,0.047039959488559144,0.05677998382698169,2.0620070099702743,0.20891514609729753
1732524420.0,0.0001988324644339,0.0001990527814087,0.0001883674819085,0.0001913099108323,1234.17714791669,0.24075240199374087,-0.03783362854259038,-0.7877328825904922,2.1590037361844012,0.05374021556601603
1732524480.0,0.0001913099108323,0.0001913099108323,0.0001649929302346,0.0001649929302346,2498.02866500504,0.44502735520392556,-0.13756203472787756,0.8484856288806434,2.0773207908075357,0.13756203472787756
1732524540.0,0.0001649929302346,0.0001988515586874,0.0001649929302346,0.0001988515586874,5226.03690998886,0.9507323643012024,0.20521260156212223,1.1363458969068247,1.7915603160415274,0.20521260156212223
1732524600.0,0.0001988515586874,0.0002199521398633,0.000187151394618,0.0002199521398633,3524.02578288,0.737937515829085,0.10611222418965634,-0.22382203074418716,2.1592110693518674,0.16495090841537557
1732524660.0,0.0002199521398633,0.0002882101734458,0.0002199521398633,0.000281900147768,4953.40645855548,1.2429391813968618,0.2816431244688078,0.6843420408032774,2.38832975841572,0.3103313003679905
1732524720.0,0.000281900147768,0.0002943489753628,0.000281900147768,0.0002943489753628,2264.98432584228,0.6525976158358102,0.04416041528663981,-0.47495611563037504,3.0609864138377563,0.04416041528663981
1732524780.0,0.0002943489753628,0.0003091074209569,0.0002943489753628,0.0003078627384833,1320.18322202987,0.3975149003647372,0.0459106851105685,-0.3908728890227058,3.196160845059594,0.0501392796625484
1732524840.0,0.0003078627384833,0.0003094972674597,0.0002191733550426,0.0002203943404102,6241.61576465669,1.648588855706581,-0.2841149224619293,3.147237887671454,3.3428987791798535,0.2933902064994449
1732524900.0,0.0002203943404102,0.0002613189595479,0.0002203837135054,0.0002613189595479,7856.6753866753,1.8923325136074698,0.18568815815111536,0.147849876005877,2.393131351735091,0.1857363758357448
1732524960.0,0.0002613189595479,0.0002893504551797,0.0002455411835502,0.0002455411835502,4790.44378515512,1.214042511223564,-0.06037746371329748,-0.3584412345644476,2.8375075046524696,0.16764673985115006
1732525020.0,0.0002455411835502,0.0002455411835502,0.000152720608318,0.0001533259092256,15579.12160199528,3.1069994706942605,-0.3755592971870925,1.559218019114416,2.6661859982541056,0.3780244677904437
1732525080.0,0.0001533259092256,0.000196564276947,0.0001533259092256,0.000181589872578,11334.87805515309,1.8981147727450334,0.18433912112540018,-0.38908429478396445,1.664875058579727,0.2820030087529442
1732525140.0,0.000181589872578,0.0002354874564024,0.0001587347055687,0.000234002161759,8833.56283636665,1.8355791748046677,0.2886300234529151,-0.03294616260213146,1.971776663661913,0.4226708777535578
1732525200.0,0.000234002161759,0.00031583000601,0.0002274380862362,0.0003025070255959,14368.21476567094,3.854339613835395,0.29275312382564017,1.0997948041361674,2.540890608338562,0.37773975722854775
1732525260.0,0.0003025070255959,0.0003668803310338,0.0002528089553542,0.0002528089553542,15400.03493309716,4.275942752769329,-0.16428732570359716,0.1093840141695255,3.2847442712289068,0.37708669891184865
1732525320.0,0.0002528089553542,0.0002990625444356,0.0002460121221572,0.0002990625444356,4397.17827823835,1.2133386856272643,0.18295866543412628,-0.7162406618186267,2.7451024192884987,0.20984392029971138
1732525380.0,0.0002990625444356,0.0003998043561744,0.0002821254956775,0.0002886065889755,15210.01151959822,4.469227144447567,-0.03496243730498855,2.683412716818712,3.2473426944015134,0.3934924740207342
1732525440.0,0.0002886065889755,0.0002910822799569,0.0002414364056192,0.0002571753490046,5552.576615902,1.5152480131049897,-0.1089068689750815,-0.6609597220880823,3.133807679040688,0.1720191992633768
1732525500.0,0.0002571753490046,0.000261610744026,0.000250263273039,0.000261610744026,1503.82260827587,0.39008112777926246,0.01724657918640814,-0.7425628514899533,2.7925144967462994,0.04412347851736371
1732525560.0,0.000261610744026,0.0002755301156874,0.0002573527809729,0.0002642770012476,2582.70338445681,0.6791060297812438,0.010191696184064255,0.7409353629779638,2.840675819143627,0.06948237077256074
1732525620.0,0.0002642770012476,0.000319637843349,0.0002639001432719,0.0003130383755357,3792.98243509632,1.0948735418250353,0.18450858023175343,0.6122276843539736,2.869627124049757,0.21090635891119255
1732525680.0,0.0003130383755357,0.0003208529800058,0.0003130383755357,0.0003189739154206,818.79123114679,0.2587430609060061,0.018961061482454262,-0.7636776750722193,3.3990979505027075,0.024963726753075923
1732525740.0,0.0003189739154206,0.0003389333452365,0.0003189739154206,0.0003389333452365,1970.04341817863,0.648052934314726,0.06257386215917195,1.5046195714216468,3.4635484557270737,0.06257386215917195
1732525800.0,0.0003389333452365,0.0003389333452365,0.0002814099174136,0.0002814099174136,3441.31199356238,1.0673973549417033,-0.16971899823772568,0.6470835921303356,3.6802760593773525,0.16971899823772568
1732525860.0,0.0002814099174136,0.0002814099174136,0.0002476740750112,0.0002507959456577,2176.41242851906,0.5791497274595452,-0.10878782111614553,-0.4574188096136177,3.0556632933415435,0.11988149782517075
1732525920.0,0.0002507959456577,0.0002507959456577,0.0002460873850295,0.0002460873850295,283.0033293839,0.07030981844991949,-0.018774468685496516,-0.878598201611291,2.7232443415943313,0.018774468685496516
1732525980.0,0.0002460873850295,0.00024710893935,0.0002240317990621,0.0002435400506583,3445.43329397164,0.8434893342803521,-0.010351340727581988,10.996750281486726,2.6721168759801133,0.0937762018363258
1732526040.0,0.0002435400506583,0.0002435400506583,0.0001383739144413,0.0001607771343653,15147.63456445666,3.0622244834336514,-0.33983287787486294,2.630424664523208,2.644456883732921,0.4318227574180553
1732526100.0,0.0001607771343653,0.0001747561956949,0.0001579914627309,0.0001726294188738,1627.09825833914,0.2712426110470977,0.07371871973766218,-0.9114230153555054,1.7457834905179705,0.10427311713311808
1732526160.0,0.0001726294188738,0.0001832729368525,0.0001717115205742,0.0001827713480847,1355.85871115216,0.2409366129154205,0.058749715298029366,-0.11173022562599848,1.8744804143781024,0.06697245668626123
1732526220.0,0.0001827713480847,0.0001832479430016,0.0001557384055165,0.0001652998010788,4778.4987515092,0.8316287758570786,-0.09559237368979377,2.4516496508939363,1.9846056050545482,0.1505134025293259
1732526280.0,0.0001652998010788,0.0001704163330745,0.0001644118553154,0.0001704163330745,762.75949218241,0.12803533400210648,0.03095304387729367,-0.8460426842852413,1.7948924444293144,0.0363247730482
1732526340.0,0.0001704163330745,0.0001719115166616,0.00017028424448,0.0001719115166616,73.43700636124,0.012569766239349791,0.00877371059525349,-0.9018258019372762,1.850449829016758,0.009548804109572071
1732526400.0,0.0001719115166616,0.0001725635391477,0.0001658070689863,0.0001658070689863,755.6582765502,0.1275999221948316,-0.035509242160409245,9.15133613188276,1.8666851402875873,0.03930202171795032
1732526460.0,0.0001658070689863,0.0001658070689863,0.0001616970403414,0.0001625815645041,433.11084148504,0.07111433869257476,-0.01945335926821379,-0.4426772566209666,1.8004005656038777,0.02478801820711045
1732526520.0,0.0001625815645041,0.0001625815645041,0.0001152574188872,0.0001152574188872,4403.4826318054,0.6117295689010294,-0.2910794084264491,7.602056633691254,1.7653767265744902,0.2910794084264491
1732526580.0,0.0001152574188872,0.0001256480942618,0.0001142165111883,0.00012521040351,1998.30733848246,0.2402643070826108,0.08635439452744265,-0.6072377087897761,1.2515119133533665,0.09918305636089127
1732526640.0,0.00012521040351,0.0001261778079663,0.0001164647380861,0.0001164647380861,1139.04569983048,0.13763951539548003,-0.06984775369086257,-0.42713290597860204,1.3595854668748777,0.07757398433289346
1732526700.0,0.0001164647380861,0.0001165967053418,0.000114612644511,0.000114612644511,227.81465877066,0.02632140753298779,-0.015902612288800987,-0.8087656189622696,1.2646214760629249,0.01703572139863681
1732526760.0,0.000114612644511,0.0001149968490606,0.0001140234680097,0.0001140234680097,58.53348363098,0.006691434074840648,-0.005140589014534571,-0.7457797776788918,1.244510691037005,0.00849278938683401
1732526820.0,0.0001140234680097,0.0001329037620968,0.0001132907451828,0.00012674689807,6387.59060207366,0.7689712638142632,0.11158606453907907,113.91875362047496,1.2381131730501893,0.17200859837320087
1732526880.0,0.00012674689807,0.0001331833203513,0.00012674689807,0.0001331264862581,1608.34325528026,0.20898280245547723,0.05033328850838356,-0.7282306735119367,1.3762693494848517,0.050781694694771055
1732526940.0,0.0001331264862581,0.0001342833718352,0.000130475134134,0.0001309030538575,530.03913878912,0.06997299502888,-0.01670165316531591,-0.6651734295515183,1.4455415117177182,0.028606161014546192
1732527000.0,0.0001309030538575,0.0001322865579455,0.0001309030538575,0.0001316527498602,130.83970369884,0.01717636178141733,0.005727108578506617,-0.7545287039045832,1.4213985787529424,0.010568921405806732
1732527060.0,0.0001316527498602,0.0001416898773851,0.0001316527498602,0.0001416898773851,1114.79229389946,0.1523601272236465,0.07623940658708811,7.870337569885205,1.4295390827467953,0.07623940658708811
1732527120.0,0.0001416898773851,0.000149683270388,0.0001416898773851,0.00014898122275,680.49962916528,0.09890078792549976,0.05145988901580306,-0.35087486649098687,1.5385262941084612,0.056414707602397716
1732527180.0,0.00014898122275,0.0001492049448688,0.0001462699624906,0.0001462699624906,315.8532780198,0.04662802734873735,-0.018198671009363766,-0.5285373521608198,1.6176986864511775,0.01970035098399681
1732527240.0,0.0001462699624906,0.0001471177824244,0.0001375054903279,0.0001383638793249,852.76346527305,0.12136267064028346,-0.05405131054305214,1.6027837234587594,1.5882587202641727,0.06571610420094098
1732527300.0,0.0001383638793249,0.0001390595536394,0.0001218269680429,0.0001218269680429,3083.61111949215,0.40116369506671645,-0.11951754578352594,2.3054949512091545,1.5024112549524633,0.12454540650768545
1732527360.0,0.0001218269680429,0.0001218269680429,0.0001058889229972,0.0001058889229972,1626.06410065834,0.1851403177848664,-0.13082526226941468,-0.5384918424533003,1.3228467490029976,0.13082526226941468
1732527420.0,0.0001058889229972,0.0001224319996878,9.35931821603875e-05,9.58564913881801e-05,5725.91383873495,0.5775884300652825,-0.09474486400513477,2.119733383716247,1.149784976122438,0.272349710537476
1732527480.0,9.58564913881801e-05,9.58564913881801e-05,9.10654314092326e-05,9.1658091045986e-05,599.16407127866,0.056176000317686436,-0.04379881092447122,-0.9027404335101776,1.0408487549245704,0.049981591330582276
1732527540.0,9.1658091045986e-05,9.18628806858723e-05,9.12522602897886e-05,9.18628806858723e-05,47.971468729,0.004401885278275267,0.002234277820422381,-0.9216411767768846,0.9952608171066578,0.0066619366508227675
1732527600.0,9.18628806858723e-05,9.37545302050646e-05,9.18628806858723e-05,9.37545302050646e-05,307.32278000901,0.02852222936653871,0.020592098844154954,5.479548548733237,0.9974845062758546,0.020592098844154954
1732527660.0,9.37545302050646e-05,9.37545302050646e-05,9.00976753507748e-05,9.09963065632451e-05,570.04496565716,0.05265814220036134,-0.029419630558508252,0.8462141063257154,1.0180248058246002,0.03900456699309716
1732527720.0,9.09963065632451e-05,9.14335537915228e-05,8.97004341482135e-05,9.01465577786204e-05,328.67179164978,0.02976827488390699,-0.009338277746845642,-0.43468809114760754,0.9880748921378433,0.019046043831512375
1732527780.0,9.01465577786204e-05,9.01465577786204e-05,8.90729086427232e-05,8.90729086427232e-05,119.80785068691,0.010735949536598007,-0.01191004029830886,-0.639349287841938,0.9788479743603755,0.01191004029830886
1732527840.0,8.90729086427232e-05,8.93955562382014e-05,8.89263358598114e-05,8.89674782959866e-05,67.44084745026,0.006003597287759395,-0.0011836410008736374,-0.4407949415844771,0.9671898555398255,0.005267823691174815
1732527900.0,8.89674782959866e-05,9.03255506852594e-05,8.89674782959866e-05,9.03255506852594e-05,146.39555973675,0.013123851667303423,0.015264818282863017,1.1859980005756485,0.9660450499711795,0.015264818282863017
1732527960.0,9.03255506852594e-05,9.03484219607144e-05,7.95088289126214e-05,7.95088289126214e-05,1260.37364295597,0.10702738785647403,-0.1197526247067013,7.155181159439689,0.9807915521120489,0.12000583407305986
1732528020.0,7.95088289126214e-05,7.95088289126214e-05,7.66254823766484e-05,7.66254823766484e-05,367.92706655679,0.02872301957076287,-0.036264482516045415,-0.7316292572768286,0.8633391894564716,0.036264482516045415
1732528080.0,7.66254823766484e-05,7.67002076050972e-05,7.46661634629547e-05,7.46661634629547e-05,251.58385957215,0.01903126809067508,-0.025570069550267516,-0.3374210519966715,0.8320306405150106,0.026545270307653846
1732528140.0,7.46661634629547e-05,7.46661634629547e-05,6.95397281944362e-05,6.95397281944362e-05,646.81496263062,0.046637264211745265,-0.06865807791318966,1.4505599936662414,0.8107555591690881,0.06865807791318966
1732528200.0,6.95397281944362e-05,9.12995980016453e-05,6.92613666457111e-05,7.16831959858382e-05,5302.57886324361,0.37442284638188894,0.030823643506468323,7.028405025687446,0.7550906408191053,0.316915695935916
1732528260.0,7.16831959858382e-05,7.42711922144553e-05,7.13278235625707e-05,7.39018077273771e-05,327.46965652517,0.023837335580591108,0.030950234724149348,-0.9363357877038346,0.7783652855467841,0.041060789929987164
1732528320.0,7.39018077273771e-05,7.41967772939859e-05,7.36275414532157e-05,7.40263721180527e-05,65.43158082195,0.004839587327700098,0.0016855391567026866,-0.7969744852004097,0.8024558738355866,0.007702596976654532
1732528380.0,7.40263721180527e-05,8.06915520523043e-05,7.36798607332821e-05,7.39231170101462e-05,1667.5099535899,0.1233536228749062,-0.001394842202206489,24.48845893716462,0.8038084446324625,0.09471882949822784
1732528440.0,7.39231170101462e-05,7.39231170101462e-05,7.35246028234412e-05,7.35246028234412e-05,86.0599486067,0.006344671595526817,-0.005390927802061005,-0.9485651783250745,0.8026872586913992,0.005390927802061005
1732528500.0,7.35246028234412e-05,7.35570159011779e-05,7.28963963340769e-05,7.35570159011779e-05,171.87594969749,0.012639896450669017,0.0004408466892985517,0.9922065721385047,0.7983600296321596,0.00898501374685949
1732528560.0,7.35570159011779e-05,7.36663666632456e-05,7.32264211453139e-05,7.32264211453139e-05,17.982152324,0.0013197410618051404,-0.004494401408400648,-0.8955892505167408,0.7987119840080912,0.005981013674110446
1732528620.0,7.32264211453139e-05,7.36455076826796e-05,7.26397745738168e-05,7.26397745738168e-05,132.51357255318,0.009664625354741692,-0.008011405751114567,6.323122417303913,0.7951222517422588,0.01373456592760399
1732528680.0,7.26397745738168e-05,7.30596290392531e-05,7.26397745738168e-05,7.30596290392531e-05,29.736844677,0.002166320267386696,0.005779952758659139,-0.7758505696939564,0.7887522047618117,0.005779952758659139
1732528740.0,7.30596290392531e-05,7.30596290392531e-05,7.30596290392531e-05,7.30596290392531e-05,0.0,0.0,0.0,-1.0,0.7933111552436232,0.0
1732528800.0,7.30596290392531e-05,8.27685822949701e-05,7.30596290392531e-05,8.27685822949701e-05,1276.61839234748,0.0994665803179397,0.13289080964947983,0.0,0.7933111552436232,0.13289080964947983
1732528860.0,8.27685822949701e-05,9.13197235101644e-05,8.27685822949701e-05,9.13197235101644e-05,857.5245063,0.0746424942440757,0.10331385385724991,-0.2495721275881318,0.8987349169679125,0.10331385385724991
1732528920.0,9.13197235101644e-05,9.4912458374249e-05,9.13197235101644e-05,9.4912458374249e-05,391.66442471308,0.03647026019041023,0.039342375622553286,-0.5114008372877379,0.991586684835943,0.039342375622553286
1732528980.0,9.4912458374249e-05,0.0001021635913934,9.45902610927604e-05,9.93438543434623e-05,1543.4926020736,0.14991659079294156,0.04668929711777007,3.110653173578449,1.0305980606530811,0.07979279464848782
1732529040.0,9.93438543434623e-05,0.0001095231615739,9.91529196390158e-05,0.0001095231615739,1033.48147271718,0.10793009560615913,0.10246539454010617,-0.28006570163253247,1.0787159597159104,0.10438735242777158
1732529100.0,0.0001095231615739,0.0001131081218182,0.0001095231615739,0.0001131081218182,446.2385,0.049673324976982805,0.032732439356045064,-0.5397639120209567,1.1892470161249105,0.032732439356045064
1732529160.0,0.0001131081218182,0.0001142849221166,0.0001122997528274,0.0001122997528274,219.05641269194,0.024688520206189817,-0.007146869542218218,-0.5029823307050661,1.2281739719595766,0.017551076415102913
1732529220.0,0.0001122997528274,0.0001134402106466,0.0001098208373205,0.0001098208373205,524.46582085,0.05824732881980241,-0.02207409584159982,1.359287974060059,1.2193963728068336,0.03222957517691797
1732529280.0,0.0001098208373205,0.0001107558301272,7.95282267929793e-05,7.95282267929793e-05,5132.88138878031,0.4859531435855238,-0.27583663780594814,7.342925820493827,1.1924793004045962,0.28435043928035614
1732529340.0,7.95282267929793e-05,7.95282267929793e-05,7.7198569140535e-05,7.7198569140535e-05,498.80309661809,0.03908790556733421,-0.02929346907870403,-0.9195644557849124,0.8635498195278032,0.02929346907870403
1732529400.0,7.7198569140535e-05,0.0001013684943304,7.43176284377494e-05,7.43176284377494e-05,6363.3010171276,0.4820715870806017,-0.03731857643036137,11.333011454148346,0.8382534495915451,0.35040631185023974
1732529460.0,7.43176284377494e-05,7.79168498082242e-05,7.43176284377494e-05,7.76476520258361e-05,150.12362635632,0.011406789491724342,0.04480799048742545,-0.9763379759408697,0.8069710241649489,0.048430250616643536
1732529520.0,7.76476520258361e-05,7.76476520258361e-05,7.76476520258361e-05,7.76476520258361e-05,0.0,0.0,0.0,-1.0,0.84312977413936,0.0
1732529580.0,7.76476520258361e-05,7.76476520258361e-05,7.76476520258361e-05,7.76476520258361e-05,0.0,0.0,0.0,0.0,0.84312977413936,0.0
1732529640.0,7.76476520258361e-05,7.82497517002082e-05,7.76476520258361e-05,7.82497517002082e-05,127.79,0.0099610646110756,0.007754254747738683,0.0,0.84312977413936,0.007754254747738683
1732529700.0,7.82497517002082e-05,7.82497517002082e-05,7.82097415631024e-05,7.82097415631024e-05,39.27577631712,0.003072534030049865,-0.0005113132787831583,-0.6915456178616141,0.8496676171934399,0.0005113132787831583
1732529760.0,7.82097415631024e-05,7.97623429358613e-05,7.47575645142565e-05,7.77155132903507e-05,1460.33219619276,0.11385133493102949,-0.006319267432343221,36.05453993919858,0.8492331708582168,0.06399175245409505
1732529820.0,7.77155132903507e-05,7.80674168547831e-05,7.77155132903507e-05,7.80674168547831e-05,10.13602948848,0.0007895101868764481,0.0045280993399304395,-0.9930654288124533,0.843866639339147,0.0045280993399304395
1732529880.0,7.80674168547831e-05,7.80674168547831e-05,7.73598404447103e-05,7.73598404447103e-05,78.59629929859,0.00610800361693497,-0.009063658547701033,6.7364468735991405,0.8476877513117279,0.009063658547701033
1732529940.0,7.73598404447103e-05,7.81714584377979e-05,7.72732555096475e-05,7.81714584377979e-05,132.13634523,0.010275668701604707,0.010491464155328386,0.6823285227131372,0.8400045989787699,0.01161071329758436
1732530000.0,7.81714584377979e-05,7.97351981254818e-05,7.81714584377979e-05,7.97351981254818e-05,256.4141835258,0.020244753207981137,0.020003972280089675,0.9701640638549978,0.8488174771192666,0.020003972280089675
1732530060.0,7.97351981254818e-05,8.10148582567661e-05,7.97351981254818e-05,8.10148582567661e-05,175.11845351157,0.01407515063777847,0.016048873789345445,-0.30475069302254615,0.8657971984024161,0.016048873789345445
1732530120.0,8.10148582567661e-05,8.5656359885965e-05,8.10148582567661e-05,8.5656359885965e-05,1022.644752,0.08522272327155558,0.05729197987964454,5.054835608140005,0.8796922683667453,0.05729197987964454
1732530180.0,8.5656359885965e-05,9.11708270059833e-05,8.5656359885965e-05,9.11708270059833e-05,124.2647451,0.01098669265293901,0.06437895711841776,-0.8710825912247515,0.9300915801062918,0.06437895711841776
1732530240.0,9.11708270059833e-05,9.11708270059833e-05,9.03532410650744e-05,9.05048213491327e-05,102.72162507952,0.00933100891820647,-0.0073050303339565,-0.15069901261774482,0.9899699060581562,0.00896762668232947
1732530300.0,9.05048213491327e-05,9.05048213491327e-05,8.98546141265748e-05,8.98546141265748e-05,59.6079491509,0.005375428029360501,-0.007184227457337842,-0.4239178124809121,0.9827381458646972,0.007184227457337842
1732530360.0,8.98546141265748e-05,9.1581397907555e-05,8.98546141265748e-05,9.1581397907555e-05,228.496,0.020728701502875264,0.01921753042695997,2.8561955233435237,0.9756779314938028,0.01921753042695997
1732530420.0,9.1581397907555e-05,9.21047919026051e-05,9.1581397907555e-05,9.21047919026051e-05,8.88545,0.0008160672276243437,0.005715068856870232,-0.9606310492960137,0.9944280518291984,0.005715068856870232
1732530480.0,9.21047919026051e-05,9.24915164686159e-05,9.21047919026051e-05,9.24915164686159e-05,63.5275,0.005863470990026372,0.004198745342367525,6.1850342613261695,1.0001112766186055,0.004198745342367525
1732530540.0,9.24915164686159e-05,9.35710732992716e-05,9.24915164686159e-05,9.35710732992716e-05,151.17165,0.014063694349242335,0.011671955135712545,1.3985271476851087,1.0043104891831571,0.011671955135712545
1732530600.0,9.35710732992716e-05,9.64700376983816e-05,9.35710732992716e-05,9.64700376983816e-05,267.70756667886,0.02543772169706444,0.030981416552080532,0.8087510340719876,1.0160327561552285,0.030981416552080532
1732530660.0,9.64700376983816e-05,9.64700376983816e-05,9.60400281132776e-05,9.60400281132776e-05,13.97653214412,0.0013453115614416556,-0.00445744186861879,-0.9471135199345739,1.047510890204232,0.00445744186861879
1732530720.0,9.60400281132776e-05,9.60400281132776e-05,9.20919671943769e-05,9.20919671943769e-05,480.83598219954,0.04523031637345765,-0.04110849399423361,32.62069997004127,1.0428416713044015,0.04110849399423361
1732530780.0,9.20919671943769e-05,9.27081461915897e-05,9.2025867156459e-05,9.27081461915897e-05,30.44656873718,0.0028132646774222453,0.006690909272382478,-0.9378013486752186,0.999972020722648,0.007408670440176666
1732530840.0,9.27081461915897e-05,9.27665403938558e-05,9.27081461915897e-05,9.27665403938558e-05,12.7,0.0011777642598175787,0.0006298713183782911,-0.5813531982007653,1.0066627427882242,0.0006298713183782911
1732530900.0,9.27665403938558e-05,9.29458732207521e-05,9.27665403938558e-05,9.29458732207521e-05,11.45149230689,0.0010633421379008278,0.0019331628207207505,-0.09715197329427662,1.0072968107771867,0.0019331628207207505
1732530960.0,9.29458732207521e-05,9.29458732207521e-05,9.29458732207521e-05,9.29458732207521e-05,0.0,0.0,0.0,-1.0,1.0092440795212116,0.0
1732531020.0,9.29458732207521e-05,9.40123833113576e-05,9.29458732207521e-05,9.40123833113576e-05,176.64694944503,0.016512802844979267,0.011474528708471831,0.0,1.0092440795212116,0.011474528708471831
1732531080.0,9.40123833113576e-05,9.46383216713453e-05,9.40123833113576e-05,9.41809786039605e-05,14.4603563345,0.0013606715365415106,0.001793330693942092,-0.917598995802507,1.020824679685533,0.006658041610483135
1732531140.0,9.41809786039605e-05,9.41809786039605e-05,9.37976690609902e-05,9.37976690609902e-05,47.62152039934,0.004475914502208398,-0.004069925250852977,2.2894893308234123,1.0226553559167466,0.004069925250852977
1732531200.0,9.37976690609902e-05,0.0001032187305209,9.32310336873181e-05,9.92724711563453e-05,2298.03592851841,0.2218410594717621,0.058368210534050766,48.563292453934636,1.018493225060781,0.10648129035155
1732531260.0,9.92724711563453e-05,9.92724711563453e-05,9.47175480817346e-05,9.55141786510292e-05,114.16439048512,0.011118849574948712,-0.03785835550922392,-0.9498792081077128,1.077940852048633,0.04588304311914527
1732531320.0,9.55141786510292e-05,9.58096722553303e-05,9.53455210286884e-05,9.58096722553303e-05,41.63881591594,0.003983249304109327,0.0030937145508073928,-0.6417570651298518,1.03713178405386,0.004859500790324801
1732531380.0,9.58096722553303e-05,9.76349435172487e-05,9.58096722553303e-05,9.76349435172487e-05,277.3938036177,0.026830168879260104,0.01905101248080772,5.735749342021026,1.0403403737452925,0.01905101248080772
1732531440.0,9.76349435172487e-05,9.76349435172487e-05,9.76349435172487e-05,9.76349435172487e-05,0.0,0.0,0.0,-1.0,1.0601599111898021,0.0
1732531500.0,9.76349435172487e-05,9.76349435172487e-05,9.76349435172487e-05,9.76349435172487e-05,0.0,0.0,0.0,0.0,1.0601599111898021,0.0
1732531560.0,9.76349435172487e-05,9.82473888858306e-05,9.76349435172487e-05,9.82473888858306e-05,29.99041929919,0.0029372966410358297,0.0062728091656416105,0.0,1.0601599111898021,0.0062728091656416105
1732531620.0,9.82473888858306e-05,9.82473888858306e-05,9.09172545531486e-05,9.55422152383678e-05,1483.72125335021,0.14376487715869835,-0.02753430577790079,47.94462314436176,1.0668100919977594,0.07460894804237549
1732531680.0,9.55422152383678e-05,9.91253425993914e-05,9.55422152383678e-05,9.91253425993914e-05,348.5308647,0.03392382613111574,0.037503080204745784,-0.7640325870854526,1.0374362167177427,0.037503080204745784
1732531740.0,9.91253425993914e-05,9.91253425993914e-05,9.91253425993914e-05,9.91253425993914e-05,0.0,0.0,0.0,-1.0,1.0763432703606162,0.0
1732531800.0,9.91253425993914e-05,9.91253425993914e-05,9.70695069793004e-05,9.70695069793004e-05,363.79734073335,0.035687582271153845,-0.02073975802938236,0.0,1.0763432703606162,0.02073975802938236
1732531860.0,9.70695069793004e-05,9.70695069793004e-05,9.70695069793004e-05,9.70695069793004e-05,0.0,0.0,0.0,-1.0,1.054020171376783,0.0
1732531920.0,9.70695069793004e-05,9.70695069793004e-05,9.59213306787727e-05,9.59213306787727e-05,12.702,0.0012256848099664222,-0.011828393243745816,0.0,1.054020171376783,0.011828393243745816
1732531980.0,9.59213306787727e-05,9.59213306787727e-05,9.59213306787727e-05,9.59213306787727e-05,0.0,0.0,0.0,-1.0,1.0415528063028978,0.0
1732532040.0,9.59213306787727e-05,9.59213306787727e-05,9.59213306787727e-05,9.59213306787727e-05,0.0,0.0,0.0,0.0,1.0415528063028978,0.0
1732532100.0,9.59213306787727e-05,9.60836616155178e-05,9.56234360936664e-05,9.56234360936664e-05,12.14733793525,0.0011633795058567315,-0.003105613558509784,0.0,1.0415528063028978,0.004797947636825791
1732532160.0,9.56234360936664e-05,9.71329678915439e-05,9.56234360936664e-05,9.71329678915439e-05,215.333768,0.020753481388132773,0.01578621161865439,16.83896078936819,1.0383181457857398,0.01578621161865439
1732532220.0,9.71329678915439e-05,9.83820396896847e-05,9.71329678915439e-05,9.83820396896847e-05,64.2066590523,0.006276682715687897,0.012859401141077993,-0.6975600094123475,1.0547092557626023,0.012859401141077993
1732532280.0,9.83820396896847e-05,9.83820396896847e-05,9.83820396896847e-05,9.83820396896847e-05,0.0,0.0,0.0,-1.0,1.0682721851696613,0.0
1732532340.0,9.83820396896847e-05,9.86547885321585e-05,9.83820396896847e-05,9.86547885321585e-05,17.9962260871,0.001772959654082688,0.002772343847861757,0.0,1.0682721851696613,0.002772343847861757
1732532400.0,9.86547885321585e-05,0.0001094036437197,9.86547885321585e-05,0.0001081174986464,1646.16365787264,0.17019051230427393,0.0959173929115154,94.99232103921103,1.0712338029900583,0.10895421649034
1732532460.0,0.0001081174986464,0.0001121556645829,0.0001081174986464,0.000110952958554,665.31104444316,0.07287499734331936,0.0262257261137109,-0.5718034080946282,1.1739837565715525,0.03734979061721431
1732532520.0,0.000110952958554,0.0001139941090607,0.0001109131048757,0.0001139941090607,327.64289646528,0.036851154392325745,0.027409368315491043,-0.49432376348890544,1.2047723330333435,0.027768562687767298
1732532580.0,0.0001139941090607,0.0001176378230615,0.0001139941090607,0.0001176378230615,370.76875303104,0.042940941317559295,0.031964055255344695,0.16525362707502447,1.237794381645768,0.031964055255344695
1732532640.0,0.0001176378230615,0.0001254324843338,0.0001176378230615,0.0001254324843338,849.94257578157,0.10329790158178964,0.06625982247414615,1.4055807444432835,1.2773593096554485,0.06625982247414615
1732532700.0,0.0001254324843338,0.0001311078494365,0.0001254324843338,0.0001293426252509,674.30956002964,0.08589864602528119,0.031173271723570053,-0.16843764771670602,1.3619969107489165,0.0452463740381379
1732532760.0,0.0001293426252509,0.000129502249837,0.0001268767498172,0.0001271728381198,899.26170443385,0.11533726640218726,-0.016775499390792616,0.3427134389084768,1.4044548105343553,0.020298799523413364
1732532820.0,0.0001271728381198,0.0001306123199058,0.0001271728381198,0.0001306123199058,310.59882,0.040033882948132454,0.027045726405507477,-0.6528972447766176,1.3808943797158406,0.027045726405507477
1732532880.0,0.0001306123199058,0.0001424918856249,0.0001306123199058,0.0001424918856249,1274.602568392,0.17404966090404345,0.09095287280455439,3.3475588198511907,1.418241671304538,0.09095287280455439
1732532940.0,0.0001424918856249,0.0001425488092529,0.0001413022871576,0.0001415302660061,144.55640607116,0.02052861074218771,-0.0067485921361965205,-0.8820531414105686,1.5472348256408184,0.008748021614236998
1732533000.0,0.0001415302660061,0.0001415302660061,0.000116788393532,0.0001210386920564,6763.5809621864,0.8879532030063222,-0.14478580820880255,42.25442253047924,1.5367931688636494,0.1748168301544322
1732533060.0,0.0001210386920564,0.0001276387660259,0.0001210386920564,0.0001276387660259,668.94901121758,0.0831762698481279,0.0545286292950406,-0.9063280930047666,1.3142873278599592,0.0545286292950406
1732533120.0,0.0001276387660259,0.0001279710553171,0.0001268242699381,0.0001268242699381,165.80246838484,0.02109529973776576,-0.0063812594963095935,-0.7463783868129238,1.3859536143480042,0.008984616623191874
1732533180.0,0.0001268242699381,0.000132644430637,0.0001267793890038,0.000132644430637,591.0543526778,0.07668005242928282,0.04589153717770815,2.634935430284819,1.3771094846850016,0.0462454200293256
1732533240.0,0.000132644430637,0.0001354841303248,0.000132644430637,0.0001354841303248,306.93629730516,0.04114919385168788,0.02140835973408664,-0.46336507933876037,1.4403071557991978,0.02140835973408664
1732533300.0,0.0001354841303248,0.0001434040117194,0.000134844419803,0.0001434040117194,903.44043652777,0.12597941239541538,0.05845615553359228,2.06152807876327,1.4711417695181261,0.06317781939390134
1732533360.0,0.0001434040117194,0.0001443567398652,0.0001426366922181,0.0001443567398652,260.26991482469,0.0374477331524063,0.006643664527769388,-0.7027471994005817,1.557139061609042,0.011994417913953722
1732533420.0,0.0001443567398652,0.0001467329229127,0.0001431064308249,0.0001467329229127,400.92158379768,0.058352064314024114,0.01646049259438016,0.5582268778871213,1.567484171157458,0.025121737240577736
1732533480.0,0.0001467329229127,0.0001473970432533,0.0001459878720973,0.0001473970432533,309.97103002362,0.04558588428664376,0.004526048601888228,-0.21877855012427008,1.5932857327486034,0.009603646734675725
1732533540.0,0.0001473970432533,0.0001575354646026,0.0001473970432533,0.0001564136978679,1105.98323972914,0.16800479386486789,0.061172560965860046,2.6854565068531913,1.6004970214117187,0.06878307139361857
1732533600.0,0.0001564136978679,0.0001627108009322,0.0001553691588866,0.0001572198968707,2351.32948372343,0.36872795919751783,0.005154273658825472,1.1947466540395186,1.6984035230297045,0.04693733442578931
1732533660.0,0.0001572198968707,0.0001714800359436,0.0001558007255544,0.0001700578270548,2719.21256600067,0.4449688497351589,0.08165588732486019,0.20676731621753916,1.7071575595705129,0.09972853755332818
1732533720.0,0.0001700578270548,0.000179728138882,0.0001700578270548,0.0001790327536033,1280.50850664506,0.22350672906118021,0.05277573343100443,-0.4977025263808708,1.846557024900586,0.05686484412201609
1732533780.0,0.0001790327536033,0.0001879928510803,0.0001790327536033,0.0001876074596504,870.6361827878,0.15960511786185314,0.047894621931022764,-0.28590464129532034,1.944010426211888,0.05004725278846889
1732533840.0,0.0001876074596504,0.0001876074596504,0.0001839733740871,0.0001839733740871,458.40119171329,0.08516654850154394,-0.01937068797835641,-0.4663921204878894,2.0371180706052727,0.01937068797835641
1732533900.0,0.0001839733740871,0.000185388721599,0.0001834142327151,0.0001842367542577,205.80456143279,0.03788966198955644,0.0014316211348893186,-0.5551109836408415,1.9976576920845066,0.010732470900735832
1732533960.0,0.0001842367542577,0.0001842367542577,0.000181382199523,0.0001821100727191,168.11561945689,0.030794311876635415,-0.011543199114468302,-0.18726348403099305,2.0005175810567692,0.015493948241767341
1732534020.0,0.0001821100727191,0.0001821100727191,0.0001496553549921,0.0001500518506303,4453.30569314712,0.7396092921492902,-0.1760376107160693,23.01772428337502,1.9774252082866364,0.17821484140012697
1732534080.0,0.0001500518506303,0.0001500518506303,0.0001484332623313,0.0001484332623313,163.464639,0.024395880618571085,-0.01078685995674861,-0.9670151783143811,1.6293239992501312,0.01078685995674861
1732534140.0,0.0001484332623313,0.0001496564758,0.0001464241364686,0.0001464241364686,348.10195783334,0.051320218901945554,-0.013535550126330056,1.1036428118474486,1.6117487094460503,0.02177638138940515
1732534200.0,0.0001464241364686,0.0001464241364686,0.0001412456438973,0.0001412456438973,550.2668768775,0.07914757580699007,-0.035366386281612074,0.5422298949701008,1.5899328039982956,0.035366386281612074
1732534260.0,0.0001412456438973,0.0001412456438973,0.000124060860754,0.000131105753385,2768.88098316904,0.3770543023372383,-0.07178904943555463,3.7639400005974415,1.5337026262902853,0.12166593368213952
1732534320.0,0.000131105753385,0.000131105753385,0.000131105753385,0.000131105753385,0.0,0.0,0.0,-1.0,1.423599572632092,0.0
1732534380.0,0.000131105753385,0.0001439761954238,0.0001303931257928,0.0001439761954238,1252.03302,0.17220584155728366,0.09816839998627051,0.0,1.423599572632092,0.10360391729806469
1732534440.0,0.0001439761954238,0.0001587978590354,0.0001430329824162,0.0001587978590354,1369.52153163312,0.20732779340086663,0.10294523735657683,0.20395331265170685,1.563352064898523,0.10949641065868841
1732534500.0,0.0001587978590354,0.0001621629760225,0.0001580571026842,0.0001621629760225,380.43590549699,0.061052512957161124,0.021191198719812995,-0.7055266351139107,1.724291714291396,0.02585597415003369
1732534560.0,0.0001621629760225,0.0001690329503738,0.0001621629760225,0.0001690329503738,531.96,0.08809149250288788,0.04236462921318613,0.4428806978788779,1.7608315226598719,0.04236462921318613
1732534620.0,0.0001690329503738,0.0001739427443302,0.0001690329503738,0.0001739427443302,386.3681346,0.06625743968796179,0.029046371997545194,-0.24785654317538452,1.8354284972242474,0.029046371997545194
1732534680.0,0.0001739427443302,0.0001763184191225,0.0001739427443302,0.0001762351717885,343.76052406659,0.06018867198075536,0.013179207141565053,-0.09159375514337982,1.8887410361295183,0.013657797578438867
1732534740.0,0.0001762351717885,0.0001762351717885,0.0001637806476054,0.0001637806476054,1073.55295920609,0.18251249454360238,-0.07066991257594525,2.0323396170289096,1.9136331454814433,0.07066991257594525
1732534800.0,0.0001637806476054,0.000164916099876,0.0001637806476054,0.000164916099876,162.97154664232,0.026784108656671926,0.006932762125447582,-0.8532478079177577,1.7783968583878387,0.006932762125447582
1732534860.0,0.000164916099876,0.000164916099876,0.000164916099876,0.000164916099876,0.0,0.0,0.0,-1.0,1.7907260607716848,0.0
1732534920.0,0.000164916099876,0.000164916099876,0.000164916099876,0.000164916099876,0.0,0.0,0.0,0.0,1.7907260607716848,0.0
1732534980.0,0.000164916099876,0.0001651663860795,0.000164573143591,0.0001651663860795,44.44945313418,0.007335992994946312,0.0015176577889496274,0.0,1.7907260607716848,0.003597238165018777
1732535040.0,0.0001651663860795,0.0001666418141782,0.0001651663860795,0.0001665527810872,253.79221826494,0.042093871638117626,0.008393929543464634,4.737992343656223,1.79344377012569,0.008932980455174535
1732535100.0,0.0001665527810872,0.0001672448960933,0.0001648615941168,0.0001648615941168,273.78461604282,0.04536807873314912,-0.010154060228598437,0.07778346271352644,1.8084978107722907,0.014309589794554054
1732535160.0,0.0001648615941168,0.0001648615941168,0.0001629223442156,0.0001629223442156,39.375956196,0.0064534029987644735,-0.01176289669882785,-0.8577545450685096,1.7901342150784203,0.01176289669882785
1732535220.0,0.0001629223442156,0.000163777499486,0.0001536088463482,0.0001536088463482,1406.6102374478,0.22261800655929076,-0.05716525816173606,33.4962195297445,1.7690770512294156,0.062414110150192215
1732535280.0,0.0001536088463482,0.0001536088463482,0.000146905831894,0.000146905831894,120.40279410478,0.01809140346492991,-0.04363690382131795,-0.9187334225809288,1.6679473048878832,0.04363690382131795
1732535340.0,0.000146905831894,0.000146905831894,0.0001423898128061,0.0001423898128061,460.71087236977,0.06664082442127905,-0.030740910892894536,2.6835629999884723,1.5951632487654643,0.030740910892894536
1732535400.0,0.0001423898128061,0.0001423898128061,0.0001408922395073,0.0001408922395073,17.03582329867,0.0024129714934478363,-0.010517418832759645,-0.963791391922256,1.546126477475545,0.010517418832759645
1732535460.0,0.0001408922395073,0.0001408922395073,0.0001388102177629,0.0001388102177629,170.016380303,0.023776999673466966,-0.01477740542474746,8.853825351037443,1.5298652177435152,0.01477740542474746
1732535520.0,0.0001388102177629,0.0001388102177629,0.0001388102177629,0.0001388102177629,0.0,0.0,0.0,-1.0,1.5072577791756998,0.0
1732535580.0,0.0001388102177629,0.0001388102177629,0.0001384141228161,0.0001384141228161,43.95784650749,0.006093092505655906,-0.0028534999309386654,0.0,1.5072577791756998,0.0028534999309386654
1732535640.0,0.0001384141228161,0.0001384141228161,0.0001301783664548,0.0001301783664548,742.61046732509,0.09972979698873612,-0.05950083845303997,15.367681418944823,1.5029568192069152,0.05950083845303997
1732535700.0,0.0001301783664548,0.0001301783664548,0.000130100753993,0.000130100753993,19.4882186214,0.0025361882009362147,-0.0005962009196584878,-0.9745694037537982,1.4135296283053898,0.0005962009196584878
1732535760.0,0.000130100753993,0.000130100753993,0.0001294881042889,0.0001294881042889,81.90555336831,0.01063088454291341,-0.004709040380603472,3.191678101407892,1.4126868806410295,0.004709040380603472
1732535820.0,0.0001294881042889,0.0001294881042889,0.0001294881042889,0.0001294881042889,0.0,0.0,0.0,-1.0,1.4060344810749423,0.0
1732535880.0,0.0001294881042889,0.0001294881042889,0.0001238002133099,0.0001270173077161,1007.2047179967,0.12917673058156168,-0.019081262996077503,0.0,1.4060344810749423,0.04392597304776197
1732535940.0,0.0001270173077161,0.0001457096099095,0.0001270173077161,0.0001457096099095,2152.09709688938,0.2934674038328214,0.14716342622518577,1.2718286994229755,1.3792055673599979,0.14716342622518577
1732536000.0,0.0001457096099095,0.0001462955186673,0.0001447526167169,0.0001456798785063,765.5713419322,0.1115397208357106,-0.00020404558915816846,-0.6199246683653797,1.5821741841215464,0.010588882581995212
1732536060.0,0.0001456798785063,0.0001462509498633,0.0001438842137362,0.0001438842137362,413.57230570452,0.05987784463898352,-0.012326100134840067,-0.46317021245571377,1.5818513484579966,0.016246142922185628
1732536120.0,0.0001438842137362,0.0001438842137362,0.0001239568064728,0.0001239568064728,2157.55281174671,0.28894057312651766,-0.13849613342527833,3.8255005648350053,1.5623532903384714,0.13849613342527833
1732536180.0,0.0001239568064728,0.0001239568064728,0.0001228657599578,0.0001228657599578,222.82763180576,0.027499443976975235,-0.008801828201659895,-0.9048266441801023,1.3459734005823318,0.008801828201659895
1732536240.0,0.0001228657599578,0.0001228657599578,0.0001059893663838,0.000114475057,2552.31183162202,0.3028838876241145,-0.06829162950428105,10.014182245928806,1.3341263739464022,0.13735636014294333
1732536300.0,0.000114475057,0.000114475057,0.0001080579387791,0.0001080579387791,435.8981649673,0.0485008622523928,-0.05605691221363613,-0.8398697843162148,1.2430167099049647,0.05605691221363613
1732536360.0,0.0001080579387791,0.0001086590271555,0.0001076029484146,0.0001086590271555,212.99695823328,0.023080027270807577,0.005562648919565098,-0.5241316092340417,1.1733370313177391,0.009773263795628213
1732536420.0,0.0001086590271555,0.0001086590271555,0.0001086590271555,0.0001086590271555,0.0,0.0,0.0,-1.0,1.1798638932872845,0.0
1732536480.0,0.0001086590271555,0.0001086590271555,0.0001086385254459,0.0001086385254459,6.0757991539,0.0006601281431200635,-0.00018867930384328544,0.0,1.1798638932872845,0.00018867930384328544
1732536540.0,0.0001086385254459,0.0001086385254459,0.0001086385254459,0.0001086385254459,0.0,0.0,0.0,-1.0,1.1796412773892693,0.0
1732536600.0,0.0001086385254459,0.0001086385254459,0.0001086385254459,0.0001086385254459,0.0,0.0,0.0,0.0,1.1796412773892693,0.0
1732536660.0,0.0001086385254459,0.000109130953197,0.0001086385254459,0.000109130953197,25.201,0.0027440043156398614,0.0045327175518892465,0.0,1.1796412773892693,0.0045327175518892465
1732536720.0,0.000109130953197,0.0001207263098212,0.000109130953197,0.0001207263098212,1181.11886322344,0.13574437459985383,0.1062517671156816,48.46944646776193,1.1849882581122246,0.1062517671156816
1732536780.0,0.0001207263098212,0.0001224779748281,0.0001207263098212,0.0001224779748281,251.82,0.030621851480193366,0.014509389125653669,-0.7744153187160778,1.310895354547982,0.014509389125653669
1732536840.0,0.0001224779748281,0.0001226591776733,0.0001224779748281,0.0001226591776733,100.78035564438,0.012352504705370854,0.0014794729048573769,-0.5966114356814569,1.3299156453501304,0.0014794729048573769
1732536900.0,0.0001226591776733,0.0001286045156974,0.0001221043497809,0.0001286045156974,620.89447166203,0.07800411907162554,0.048470388737932774,5.31484228763009,1.3318832195131718,0.05299371836498887
1732536960.0,0.0001286045156974,0.0001293684364032,0.0001286045156974,0.0001293684364032,25.177,0.003247492507518403,0.0059400768445600945,-0.9583676792178568,1.3964401169165046,0.0059400768445600945
1732537020.0,0.0001293684364032,0.0001295348276433,0.0001293684364032,0.0001295348276433,11.40770536417,0.00147674607703219,0.001286181117482316,-0.5452657477689896,1.4047350785198152,0.001286181117482316
1732537080.0,0.0001295348276433,0.0001295348276433,0.0001284442156864,0.0001285709939591,99.5968179055,0.012853259257241852,-0.0074407300471662245,7.703770713969316,1.4065418222528725,0.008419449631748658
1732537140.0,0.0001285709939591,0.0001285709939591,0.0001208648001148,0.0001208648001148,672.00475907091,0.08381102035014615,-0.059937265840469676,5.520604515381957,1.3960761242534396,0.059937265840469676
1732537200.0,0.0001208648001148,0.0001208648001148,0.0001153369364962,0.0001153369364962,810.70577679208,0.09574505617942952,-0.04573592653402413,0.14239220307097195,1.3123991384605287,0.04573592653402413
1732537260.0,0.0001153369364962,0.0001153369364962,0.0001153369364962,0.0001153369364962,0.0,0.0,0.0,-1.0,1.2523753478805812,0.0
1732537320.0,0.0001153369364962,0.0001153369364962,0.0001131383163479,0.0001131383163479,27.999959772,0.0031986489442661645,-0.01906258493672095,0.0,1.2523753478805812,0.01906258493672095
1732537380.0,0.0001131383163479,0.0001131383163479,0.0001131383163479,0.0001131383163479,0.0,0.0,0.0,-1.0,1.2285018364389522,0.0
1732537440.0,0.0001131383163479,0.0001131383163479,0.0001121506932625,0.0001121506932625,131.75752849756,0.014841761551964672,-0.008729342253627542,0.0,1.2285018364389522,0.008729342253627542
1732537500.0,0.0001121506932625,0.0001121506932625,0.0001121506932625,0.0001121506932625,0.0,0.0,0.0,-1.0,1.2177778234494667,0.0
1732537560.0,0.0001121506932625,0.0001121506932625,0.0001121506932625,0.0001121506932625,0.0,0.0,0.0,0.0,1.2177778234494667,0.0
1732537620.0,0.0001121506932625,0.0001121506932625,0.0001121050472203,0.0001121050472203,7.319431068,0.0008207122170335758,-0.0004070063311436954,0.0,1.2177778234494667,0.0004070063311436954
1732537680.0,0.0001121050472203,0.0001121050472203,0.0001114976622043,0.0001114976622043,19.2391760886,0.002150965950253969,-0.005417998841804293,1.620852846602589,1.2172821801653964,0.005417998841804293
1732537740.0,0.0001114976622043,0.0001114976622043,0.0001114976622043,0.0001114976622043,0.0,0.0,0.0,-1.0,1.2106869467231112,0.0
1732537800.0,0.0001114976622043,0.0001114976622043,0.0001112367817974,0.0001112367817974,33.7149490112,0.0037547402112776485,-0.00233978364875473,0.0,1.2106869467231112,0.00233978364875473
1732537860.0,0.0001112367817974,0.0001112367817974,0.0001112367817974,0.0001112367817974,0.0,0.0,0.0,-1.0,1.2078542012014077,0.0
1732537920.0,0.0001112367817974,0.0001112367817974,0.0001100225365287,0.0001100225365287,140.60905675203,0.015555532023715034,-0.010915861184401656,0.0,1.2078542012014077,0.010915861184401656
1732537980.0,0.0001100225365287,0.0001100225365287,0.0001100225365287,0.0001100225365287,0.0,0.0,0.0,-1.0,1.1946694324100968,0.0
1732538040.0,0.0001100225365287,0.0001100225365287,0.0001100225365287,0.0001100225365287,0.0,0.0,0.0,0.0,1.1946694324100968,0.0
1732538100.0,0.0001100225365287,0.0001100225365287,0.0001100225365287,0.0001100225365287,0.0,0.0,0.0,0.0,1.1946694324100968,0.0
1732538160.0,0.0001100225365287,0.0001100225365287,0.0001100225365287,0.0001100225365287,0.0,0.0,0.0,0.0,1.1946694324100968,0.0
1732538220.0,0.0001100225365287,0.0001100225365287,0.0001016987622954,0.000105866829758,1608.75925479491,0.17365700801276843,-0.03777141394677777,0.0,1.1946694324100968,0.07565517480256154
1732538280.0,0.000105866829758,0.000105866829758,0.000105866829758,0.000105866829758,0.0,0.0,0.0,-1.0,1.149545078748973,0.0
1732538340.0,0.000105866829758,0.0001076244423502,0.000105866829758,0.0001069683692368,133.7108192355,0.014229184409872687,0.01040495385871097,0.0,1.149545078748973,0.016602108481171267
1732538400.0,0.0001069683692368,0.0001069683692368,0.0001067600534494,0.0001067600534494,27.35417367956,0.0029231821972083632,-0.0019474522130821543,-0.7945643184453944,1.1615060422518644,0.0019474522130821543
1732538460.0,0.0001067600534494,0.0001067600534494,0.0001067600534494,0.0001067600534494,0.0,0.0,0.0,-1.0,1.1592440647393727,0.0
1732538520.0,0.0001067600534494,0.0001067600534494,0.0001067600534494,0.0001067600534494,0.0,0.0,0.0,0.0,1.1592440647393727,0.0
1732538580.0,0.0001067600534494,0.0001067600534494,0.0001067600534494,0.0001067600534494,0.0,0.0,0.0,0.0,1.1592440647393727,0.0
1732538640.0,0.0001067600534494,0.0001067600534494,0.0001067600534494,0.0001067600534494,0.0,0.0,0.0,0.0,1.1592440647393727,0.0
1732538700.0,0.0001067600534494,0.000116063452916,0.0001067600534494,0.0001124985220976,2757.18320620649,0.30226803115747264,0.053751084443956335,0.0,1.1592440647393727,0.08714307614139057
1732538760.0,0.0001124985220976,0.0001222816491425,0.0001124985220976,0.0001222816491425,1780.7213476864,0.2090390314703573,0.08696227170355611,-0.30843155768115554,1.221554690354334,0.08696227170355611
1732538820.0,0.0001222816491425,0.0001222816491425,0.0001137501938876,0.0001137501938876,165.736014019,0.01955948842268353,-0.06976889267299569,-0.9064314052495159,1.3277838612376809,0.06976889267299569
1732538880.0,0.0001137501938876,0.0001137501938876,0.0001090816187811,0.0001105393682115,810.12791827394,0.09085161801695874,-0.028226990797683562,3.644887230874418,1.2351458515300533,0.04104234856173657
1732538940.0,0.0001105393682115,0.0001114698811777,0.0001105393682115,0.0001114698811777,87.8185,0.00974825963374273,0.008417932735236984,-0.8927013096021792,1.2002814009451175,0.008417932735236984
1732539000.0,0.0001114698811777,0.0001114698811777,0.0001114698811777,0.0001114698811777,0.0,0.0,0.0,-1.0,1.2103852890416293,0.0
1732539060.0,0.0001114698811777,0.0001114698811777,0.0001114698811777,0.0001114698811777,0.0,0.0,0.0,0.0,1.2103852890416293,0.0
1732539120.0,0.0001114698811777,0.0001114698811777,0.0001016040799374,0.000106658706596,1969.6103832938,0.21481416568614625,-0.043161206694302054,0.0,1.2103852890416293,0.08850643004250092
1732539180.0,0.000106658706596,0.0001072243581961,0.000106658706596,0.0001067019052331,20.02629158077,0.0021364109121705206,0.000405017447507842,-0.9900546088040958,1.1581435994015612,0.0053033795191476055
1732539240.0,0.0001067019052331,0.0001075257282598,0.0001067019052331,0.0001075257282598,62.76,0.006722463139007202,0.007720790223007612,2.146615241811047,1.1586126677660382,0.007720790223007612
1732539300.0,0.0001075257282598,0.0001078491174429,0.0001075257282598,0.0001078491174429,0.25107,2.7037081255288443e-05,0.0030075516653897093,-0.9959780989949345,1.167558073123579,0.0030075516653897093
1732539360.0,0.0001078491174429,0.0001078491174429,0.0001071377853069,0.0001071377853069,40.71514738236,0.004376611715367602,-0.006595623152656906,160.8744151427787,1.171069564350841,0.006595623152656906
1732539420.0,0.0001071377853069,0.0001084071755867,0.0001071377853069,0.0001084071755867,128.1189,0.013807691645115524,0.011848203471481059,2.154881571200973,1.1633456308188368,0.011848203471481059
1732539480.0,0.0001084071755867,0.0001084071755867,0.0001077066281855,0.0001077066281855,107.70662818552,0.011638444554325387,-0.006462186634866524,-0.15710425366846228,1.177129186560437,0.006462186634866524
1732539540.0,0.0001077066281855,0.0001077066281855,0.0001077066281855,0.0001077066281855,0.0,0.0,0.0,-1.0,1.1695223580635348,0.0
1732539600.0,0.0001077066281855,0.0001077066281855,0.0001071991984358,0.0001071991984358,0.83260845473,8.946620410781694e-05,-0.004711221196397129,0.0,1.1695223580635348,0.004711221196397129
1732539660.0,0.0001071991984358,0.0001071991984358,0.0001071991984358,0.0001071991984358,0.0,0.0,0.0,-1.0,1.1640124795405655,0.0
1732539720.0,0.0001071991984358,0.0001071991984358,0.0001071991984358,0.0001071991984358,0.0,0.0,0.0,0.0,1.1640124795405655,0.0
1732539780.0,0.0001071991984358,0.0001071991984358,0.0001071991984358,0.0001071991984358,0.0,0.0,0.0,0.0,1.1640124795405655,0.0
1732539840.0,0.0001071991984358,0.0001071991984358,0.0001071991984358,0.0001071991984358,0.0,0.0,0.0,0.0,1.1640124795405655,0.0
1732539900.0,0.0001071991984358,0.0001071991984358,0.0001071368545548,0.0001071368545548,7.54243533912,0.0008083079102618991,-0.0005815704026681456,0.0,1.1640124795405655,0.0005815704026681456
1732539960.0,0.0001071368545548,0.0001071368545548,0.0001055515119747,0.0001055515119747,197.20127409022,0.02097120843189255,-0.014797359757179544,24.944578997250797,1.1633355243341283,0.014797359757179544
1732540020.0,0.0001055515119747,0.0001055515119747,0.0001035189173096,0.0001035189173096,208.0770497804,0.021751379060899443,-0.019256897670847154,0.037201987264616834,1.1461212300622492,0.019256897670847154
1732540080.0,0.0001035189173096,0.0001035189173096,0.0001035189173096,0.0001035189173096,0.0,0.0,0.0,-1.0,1.124050490816555,0.0
1732540140.0,0.0001035189173096,0.0001035189173096,0.0001035189173096,0.0001035189173096,0.0,0.0,0.0,0.0,1.124050490816555,0.0
1732540200.0,0.0001035189173096,0.0001035189173096,0.0001035189173096,0.0001035189173096,0.0,0.0,0.0,0.0,1.124050490816555,0.0
1732540260.0,0.0001035189173096,0.0001056446083491,0.0001032146925295,0.0001056446083491,505.1012,0.05282437390322008,0.02053432449590413,0.0,1.124050490816555,0.02347315720403743
1732540320.0,0.0001056446083491,0.0001080410899564,0.0001056446083491,0.0001080410899564,17.06281735224,0.0018230400204863034,0.02268437211088793,-0.9654886582503314,1.1471321083447623,0.02268437211088793
1732540380.0,0.0001080410899564,0.0001081930815047,0.0001076509205917,0.0001081930815047,67.28310184008,0.007274452889861255,0.0014067939185113567,2.9902869976056614,1.1731540799508025,0.005018099254818618
1732540440.0,0.0001081930815047,0.0001090862264522,0.0001081930815047,0.0001090862264522,121.19196079456,0.013166252685690879,0.008255102221681345,0.8099302978566678,1.174804465975954,0.008255102221681345
1732540500.0,0.0001090862264522,0.0001097093496878,0.0001090862264522,0.0001097093496878,25.80727241035,0.002823258517812227,0.005712208184898966,-0.785568560378569,1.1845025969330731,0.005712208184898966
1732540560.0,0.0001097093496878,0.0001101872036199,0.0001097093496878,0.0001101872036199,54.9477,0.0060414049210927535,0.004355635444561748,1.1398695454124768,1.1912687223623084,0.004355635444561748
1732540620.0,0.0001101872036199,0.0001108657857549,0.0001101872036199,0.0001108657857549,111.11935933716,0.012281633279445908,0.006158447739002707,1.0329101326359098,1.1964574546334275,0.006158447739002707
1732540680.0,0.0001108657857549,0.0001108657857549,0.0001108657857549,0.0001108657857549,0.0,0.0,0.0,-1.0,1.2038257753397277,0.0
1732540740.0,0.0001108657857549,0.0001131285565869,0.0001082934804768,0.0001082934804768,878.4452998453,0.09625971366939083,-0.02320197579970078,0.0,1.2038257753397277,0.04361197710526575
1732540800.0,0.0001082934804768,0.0001082934804768,0.0001079397433992,0.0001079397433992,24.4181629866,0.0026400090518610675,-0.0032664669751360353,-0.9725741023817261,1.1758946388332392,0.0032664669751360353
1732540860.0,0.0001079397433992,0.0001079397433992,0.0001064682262189,0.0001064682262189,221.21356610991,0.02371497578080257,-0.013632765225851952,7.982914571480261,1.1720536178292509,0.013632765225851952
1732540920.0,0.0001064682262189,0.0001064682262189,0.0001064682262189,0.0001064682262189,0.0,0.0,0.0,-1.0,1.1560752860252743,0.0
1732540980.0,0.0001064682262189,0.0001064682262189,0.0001064682262189,0.0001064682262189,0.0,0.0,0.0,0.0,1.1560752860252743,0.0
1732541040.0,0.0001064682262189,0.0001064682262189,0.0001052425782617,0.0001052425782617,23.18474567484,0.002454230579249244,-0.011511866034849202,0.0,1.1560752860252743,0.011511866034849202
1732541100.0,0.0001052425782617,0.0001052425782617,0.0001051350760659,0.0001051350760659,1.3990004604,0.00014715921763109222,-0.0010214705642490611,-0.9400385526627622,1.1427667022063515,0.0010214705642490611
1732541160.0,0.0001051350760659,0.0001051350760659,0.0001026621652697,0.0001026621652697,254.08736713934,0.02639932697489032,-0.023521272716347776,178.39295546589395,1.1415993996582436,0.023521272716347776
1732541220.0,0.0001026621652697,0.0001026621652697,0.000101219536959,0.000101219536959,148.74609445536,0.015163303468714896,-0.014052190570013003,-0.4256178014258678,1.114747528846063,0.014052190570013003
1732541280.0,0.000101219536959,0.000101219536959,9.15111817937444e-05,9.15111817937444e-05,1086.77923798257,0.10472787183097029,-0.09591384684152494,5.9066659548854945,1.0990828841332672,0.09591384684152494
1732541340.0,9.15111817937444e-05,9.15111817937444e-05,9.07093304668645e-05,9.07093304668645e-05,20.20505711658,0.0018408879290190347,-0.008762331675348522,-0.9824221776224937,0.9936656167183675,0.008762331675348522
1732541400.0,9.07093304668645e-05,9.13368367693596e-05,9.07093304668645e-05,9.13368367693596e-05,29.7734,0.0027100666777954974,0.0069177701926078795,0.4721519083671907,0.9849587890102914,0.0069177701926078795
1732541460.0,9.13368367693596e-05,9.60381303876723e-05,9.13368367693596e-05,9.60381303876723e-05,985.31304,0.09231149925469763,0.05147204331352357,33.06244577339639,0.991772507561854,0.05147204331352357
1732541520.0,9.60381303876723e-05,9.99622901992834e-05,9.60381303876723e-05,9.91730637273222e-05,162.75596395658,0.015885893036650493,0.032642590260714886,-0.8279099227624984,1.0428210650282397,0.04086043528513769
1732541580.0,9.91730637273222e-05,9.95145063367871e-05,9.89751390445487e-05,9.89751390445487e-05,42.6659132448,0.0042270870145388415,-0.0019957504118023623,-0.7339093871029794,1.0768614457691987,0.005438647067730002
1732541640.0,9.89751390445487e-05,9.89751390445487e-05,9.89751390445487e-05,9.89751390445487e-05,0.0,0.0,0.0,-1.0,1.0747122990953508,0.0
1732541700.0,9.89751390445487e-05,9.89751390445487e-05,9.75310852422964e-05,9.75310852422964e-05,143.9311802799,0.014141686396976183,-0.014590065911423733,0.0,1.0747122990953508,0.014590065911423733
1732541760.0,9.75310852422964e-05,9.75310852422964e-05,9.73425101461453e-05,9.73425101461453e-05,21.1484052468,0.00206063288358785,-0.0019334871101108159,-0.8542866228437607,1.059032175815732,0.0019334871101108159
1732541820.0,9.73425101461453e-05,9.77672091818598e-05,9.73425101461453e-05,9.77672091818598e-05,5.170603095,0.0005044174593109822,0.004362934909700514,-0.7552123605672444,1.0569845507545996,0.004362934909700514
1732541880.0,9.77672091818598e-05,9.77672091818598e-05,9.77672091818598e-05,9.77672091818598e-05,0.0,0.0,0.0,-1.0,1.0615961055501009,0.0
1732541940.0,9.77672091818598e-05,9.77672091818598e-05,8.85165777079894e-05,9.76494043611471e-05,2913.98261786548,0.28472030755322897,-0.0012049522707921292,0.0,1.0615961055501009,0.09461895814846275
1732542000.0,9.76494043611471e-05,0.0001077807715028,9.76494043611471e-05,0.0001077807715028,99.28974342272,0.010198554726407776,0.10375247251056434,-0.9641804449635151,1.0603169329120543,0.10375247251056434
1732542060.0,0.0001077807715028,0.0001077807715028,0.0001077807715028,0.0001077807715028,0.0,0.0,0.0,-1.0,1.1703274363464982,0.0
1732542120.0,0.0001077807715028,0.0001077807715028,0.0001077807715028,0.0001077807715028,0.0,0.0,0.0,0.0,1.1703274363464982,0.0
1732542180.0,0.0001077807715028,0.0001077807715028,0.0001077807715028,0.0001077807715028,0.0,0.0,0.0,0.0,1.1703274363464982,0.0
1732542240.0,0.0001077807715028,0.0001096616761343,0.0001077807715028,0.0001096616761343,249.04,0.027075933579771692,0.017451207717984633,0.0,1.1703274363464982,0.017451207717984633
1732542300.0,0.0001096616761343,0.0001096616761343,0.0001096616761343,0.0001096616761343,0.0,0.0,0.0,-1.0,1.1907510635362373,0.0
1732542360.0,0.0001096616761343,0.0001096616761343,0.0001096616761343,0.0001096616761343,0.0,0.0,0.0,0.0,1.1907510635362373,0.0
1732542420.0,0.0001096616761343,0.0001096616761343,0.0001096616761343,0.0001096616761343,0.0,0.0,0.0,0.0,1.1907510635362373,0.0
1732542480.0,0.0001096616761343,0.0001101350857591,0.0001096616761343,0.0001101350857591,27.5494747752,0.003027642673726432,0.004317001540449087,0.0,1.1907510635362373,0.004317001540449087
1732542540.0,0.0001101350857591,0.0001101350857591,0.0001101350857591,0.0001101350857591,0.0,0.0,0.0,-1.0,1.1958915377118147,0.0
1732542600.0,0.0001101350857591,0.0001101350857591,0.0001100178943861,0.0001100178943861,2.10448642348,0.00023165447890211772,-0.0010640693852669305,0.0,1.1958915377118147,0.0010640693852669305
1732542660.0,0.0001100178943861,0.0001100178943861,0.0001100178943861,0.0001100178943861,0.0,0.0,0.0,-1.0,1.1946190261384357,0.0
1732542720.0,0.0001100178943861,0.0001111709748741,0.0001100178943861,0.0001111709748741,125.82939690612,0.013916031010678795,0.010480844906496329,0.0,1.1946190261384357,0.010480844906496329
1732542780.0,0.0001111709748741,0.0001111709748741,0.0001111709748741,0.0001111709748741,0.0,0.0,0.0,-1.0,1.2071396428737422,0.0
1732542840.0,0.0001111709748741,0.0001111709748741,0.0001111709748741,0.0001111709748741,0.0,0.0,0.0,0.0,1.2071396428737422,0.0
1732542900.0,0.0001111709748741,0.0001111709748741,0.0001111709748741,0.0001111709748741,0.0,0.0,0.0,0.0,1.2071396428737422,0.0
1732542960.0,0.0001111709748741,0.0001126569792792,0.0001111709748741,0.0001120828385795,78.95144404451,0.008813105480302688,0.008202354134545231,0.0,1.2071396428737422,0.013366837942933156
1732543020.0,0.0001120828385795,0.0001120828385795,0.0001073774778808,0.0001073774778808,917.28769910016,0.10065412436483079,-0.04198109860826297,10.42095990905737,1.2170410297144412,0.04198109860826297
1732543080.0,0.0001073774778808,0.0001073774778808,0.0001027469784375,0.0001027469784375,27.91610818913,0.002932928527881892,-0.043123563103617694,-0.9708613179401253,1.1659483102356973,0.043123563103617694
1732543140.0,0.0001027469784375,0.0001027469784375,0.00010186593866,0.00010186593866,149.11694832888,0.015255626893124657,-0.00857484853470341,4.201499712010369,1.1156684647036919,0.00857484853470341
1732543200.0,0.00010186593866,0.00010186593866,9.9929161433247e-05,9.9929161433247e-05,226.93760701632,0.022897448561390123,-0.01901300132537353,0.500918233108431,1.1061017766039125,0.01901300132537353
1732543260.0,9.9929161433247e-05,9.9929161433247e-05,9.88489781476559e-05,9.88489781476559e-05,1.02156784812,0.00010153267815247999,-0.010809490143802183,-0.9955657645488203,1.0850714620593442,0.010809490143802183
1732543320.0,9.88489781476559e-05,9.88489781476559e-05,9.56389697500292e-05,9.56389697500292e-05,674.76882796124,0.06561720232775385,-0.03247386526173031,645.2668327256284,1.0733423927848929,0.03247386526173031
1732543380.0,9.56389697500292e-05,9.56389697500292e-05,9.56389697500292e-05,9.56389697500292e-05,0.0,0.0,0.0,-1.0,1.038486816541893,0.0
1732543440.0,9.56389697500292e-05,9.56389697500292e-05,9.56389697500292e-05,9.56389697500292e-05,0.0,0.0,0.0,0.0,1.038486816541893,0.0
1732543500.0,9.56389697500292e-05,9.56389697500292e-05,9.56389697500292e-05,9.56389697500292e-05,0.0,0.0,0.0,0.0,1.038486816541893,0.0
1732543560.0,9.56389697500292e-05,9.56389697500292e-05,9.56389697500292e-05,9.56389697500292e-05,0.0,0.0,0.0,0.0,1.038486816541893,0.0
1732543620.0,9.56389697500292e-05,9.56389697500292e-05,9.56389697500292e-05,9.56389697500292e-05,0.0,0.0,0.0,0.0,1.038486816541893,0.0
1732543680.0,9.56389697500292e-05,9.56389697500292e-05,9.25281190285528e-05,9.25281190285528e-05,14.30513638929,0.0013458779344766277,-0.032527020414452525,0.0,1.038486816541893,0.032527020414452525
1732543740.0,9.25281190285528e-05,9.25281190285528e-05,9.19623360872134e-05,9.19623360872134e-05,102.94569827639,0.00949624936361077,-0.006114713530108678,6.055802848349379,1.0047079346600951,0.006114713530108678
1732543800.0,9.19623360872134e-05,9.19623360872134e-05,9.14232176007901e-05,9.14232176007901e-05,15.36185570768,0.0014085712073140567,-0.005862383551370643,-0.8516707856565305,0.9985644334582214,0.005862383551370643
1732543860.0,9.14232176007901e-05,9.18543284497319e-05,9.14232176007901e-05,9.18543284497319e-05,1.24345,0.00011394823231826078,0.004715551041140254,-0.9191036763164117,0.9927104657485322,0.004715551041140254
1732543920.0,9.18543284497319e-05,9.18543284497319e-05,9.18543284497319e-05,9.18543284497319e-05,0.0,0.0,0.0,-1.0,0.9973916426188435,0.0
1732543980.0,9.18543284497319e-05,9.18543284497319e-05,9.18543284497319e-05,9.18543284497319e-05,0.0,0.0,0.0,0.0,0.9973916426188435,0.0
1732544040.0,9.18543284497319e-05,9.18543284497319e-05,9.09648604320881e-05,9.09648604320881e-05,55.37729874944,0.005062016419919423,-0.009683463290796997,0.0,0.9973916426188435,0.009683463290796997
1732544100.0,9.09648604320881e-05,9.09648604320881e-05,9.04190574663348e-05,9.04190574663348e-05,105.7949990266,0.009594755708752272,-0.0060001517416804415,0.8954414432549394,0.9877334372609962,0.0060001517416804415
1732544160.0,9.04190574663348e-05,9.04190574663348e-05,8.99055104381024e-05,8.99055104381024e-05,7.87592824278,0.0007101116786128284,-0.005679632619744974,-0.9259896030531481,0.9818068867570986,0.005679632619744974
1732544220.0,8.99055104381024e-05,9.02241469441658e-05,8.99055104381024e-05,9.02241469441658e-05,14.745456,0.0013280469686126556,0.0035441265447546805,0.8701945181452815,0.9762305843367828,0.0035441265447546805
1732544280.0,9.02241469441658e-05,9.02241469441658e-05,8.91549508578145e-05,8.91549508578145e-05,141.51622382395,0.012692526276941632,-0.011850442731400474,8.557287187064537,0.9796904690645322,0.011850442731400474
1732544340.0,8.91549508578145e-05,8.91549508578145e-05,8.91549508578145e-05,8.91549508578145e-05,0.0,0.0,0.0,-1.0,0.9680807032663841,0.0
1732544400.0,8.91549508578145e-05,8.91549508578145e-05,8.91549508578145e-05,8.91549508578145e-05,0.0,0.0,0.0,0.0,0.9680807032663841,0.0
1732544460.0,8.91549508578145e-05,8.91549508578145e-05,8.78943899915628e-05,8.78943899915628e-05,65.14896359909,0.0057672905311194796,-0.014138988963855305,0.0,0.9680807032663841,0.014138988963855305
1732544520.0,8.78943899915628e-05,8.78943899915628e-05,8.73814940058661e-05,8.73814940058661e-05,47.24575312815,0.004140520572330391,-0.005835366577388307,-0.28206832133933063,0.9543930208867794,0.005835366577388307
1732544580.0,8.73814940058661e-05,8.73814940058661e-05,8.73814940058661e-05,8.73814940058661e-05,0.0,0.0,0.0,-1.0,0.948823787751004,0.0
1732544640.0,8.73814940058661e-05,8.73814940058661e-05,8.73814940058661e-05,8.73814940058661e-05,0.0,0.0,0.0,0.0,0.948823787751004,0.0
1732544700.0,8.73814940058661e-05,8.73814940058661e-05,8.6640755627684e-05,8.6640755627684e-05,52.2983745336,0.004550540394257519,-0.008477062410175538,0.0,0.948823787751004,0.008477062410175538
1732544760.0,8.6640755627684e-05,8.6640755627684e-05,8.6640755627684e-05,8.6640755627684e-05,0.0,0.0,0.0,-1.0,0.9407805492859795,0.0
1732544820.0,8.6640755627684e-05,8.6640755627684e-05,8.63800489143286e-05,8.63800489143286e-05,10.25022022505,0.0008867506750354803,-0.0030090540123601634,0.0,0.9407805492859795,0.0030090540123601634
1732544880.0,8.63800489143286e-05,8.64111120535996e-05,8.57652827097407e-05,8.57652827097407e-05,145.60079705175,0.012532248746601157,-0.007116993013023439,13.13277609977542,0.9379496897994002,0.007476603127412407
1732544940.0,8.57652827097407e-05,8.57652827097407e-05,8.57652827097407e-05,8.57652827097407e-05,0.0,0.0,0.0,-1.0,0.9312743084105304,0.0
1732545000.0,8.57652827097407e-05,8.57652827097407e-05,8.57652827097407e-05,8.57652827097407e-05,0.0,0.0,0.0,0.0,0.9312743084105304,0.0
1732545060.0,8.57652827097407e-05,8.57652827097407e-05,8.57652827097407e-05,8.57652827097407e-05,0.0,0.0,0.0,0.0,0.9312743084105304,0.0
1732545120.0,8.57652827097407e-05,8.57652827097407e-05,8.51179067481793e-05,8.51179067481793e-05,5.92738013196,0.0005064448110394157,-0.007548228620108932,0.0,0.9312743084105304,0.007548228620108932
1732545180.0,8.51179067481793e-05,8.51179067481793e-05,8.51134660724626e-05,8.51134660724626e-05,14.65976797568,0.0012477762138660444,-5.217087551077715e-05,1.4637950407767768,0.9242448370226138,5.217087551077715e-05
1732545240.0,8.51134660724626e-05,8.51134660724626e-05,8.51134660724626e-05,8.51134660724626e-05,0.0,0.0,0.0,-1.0,0.92419661836028,0.0
1732545300.0,8.51134660724626e-05,8.51134660724626e-05,8.51134660724626e-05,8.51134660724626e-05,0.0,0.0,0.0,0.0,0.92419661836028,0.0
1732545360.0,8.51134660724626e-05,9.84011526699973e-05,8.51134660724626e-05,9.84011526699973e-05,2057.11645148758,0.18875547065179263,0.15611732444572318,0.0,0.92419661836028,0.15611732444572318
1732545420.0,9.84011526699973e-05,0.0001027390246265,8.92910493105807e-05,8.92910493105807e-05,1968.58344731745,0.18474388100476466,-0.092581266704961,-0.02125283910010939,1.068479721680472,0.13666481490332802
1732545480.0,8.92910493105807e-05,8.92910493105807e-05,8.52775656976464e-05,8.53770132850267e-05,83.96080901328,0.007332635922154715,-0.04383458426991729,-0.96030918110914,0.9695585155987297,0.044948330699689794
1732545540.0,8.53770132850267e-05,8.53770132850267e-05,8.49561255196022e-05,8.49561255196022e-05,9.17225136672,0.0007811691825992325,-0.004929755085474683,-0.8934667981756711,0.9270583211421013,0.004929755085474683
1732545600.0,8.49561255196022e-05,8.49561255196022e-05,8.49561255196022e-05,8.49561255196022e-05,0.0,0.0,0.0,-1.0,0.9224881506689194,0.0
1732545660.0,8.49561255196022e-05,8.49561255196022e-05,8.49561255196022e-05,8.49561255196022e-05,0.0,0.0,0.0,0.0,0.9224881506689194,0.0
1732545720.0,8.49561255196022e-05,8.49561255196022e-05,8.49561255196022e-05,8.49561255196022e-05,0.0,0.0,0.0,0.0,0.9224881506689194,0.0
1732545780.0,8.49561255196022e-05,8.51733254194119e-05,8.49561255196022e-05,8.51733254194119e-05,4.18098,0.00035565391589349954,0.0025566125865706655,0.0,0.9224881506689194,0.0025566125865706655
1732545840.0,8.51733254194119e-05,8.51733254194119e-05,8.47218416260689e-05,8.47218416260689e-05,5.7569868843,0.0004890421241933952,-0.005300765129455593,0.37505058243148587,0.9248465954858819,0.005300765129455593
1732545900.0,8.47218416260689e-05,8.47218416260689e-05,8.45058349968497e-05,8.45058349968497e-05,30.48559285936,0.0025795030250308653,-0.0025495978967569393,4.274602937907211,0.9199442009024347,0.0025495978967569393
1732545960.0,8.45058349968497e-05,8.45058349968497e-05,8.45058349968497e-05,8.45058349968497e-05,0.0,0.0,0.0,-1.0,0.91759871310268,0.0
1732546020.0,8.45058349968497e-05,8.45058349968497e-05,8.42129978979044e-05,8.42129978979044e-05,12.32365359487,0.0010396162257628537,-0.0034652885088493133,0.0,0.91759871310268,0.0034652885088493133
1732546080.0,8.42129978979044e-05,8.42129978979044e-05,8.42129978979044e-05,8.42129978979044e-05,0.0,0.0,0.0,-1.0,0.9144189688264304,0.0
1732546140.0,8.42129978979044e-05,8.42129978979044e-05,8.42129978979044e-05,8.42129978979044e-05,0.0,0.0,0.0,0.0,0.9144189688264304,0.0
1732546200.0,8.42129978979044e-05,8.42129978979044e-05,8.38106785510843e-05,8.38106785510843e-05,21.0794386419,0.0017709223890464579,-0.004777402026559586,0.0,0.9144189688264304,0.004777402026559586
1732546260.0,8.38106785510843e-05,8.38106785510843e-05,7.96158187598596e-05,7.96158187598596e-05,925.81318632842,0.07565120310296895,-0.05005161470763955,41.71853107221874,0.9100504217916345,0.05005161470763955
1732546320.0,7.96158187598596e-05,7.96158187598596e-05,7.96158187598596e-05,7.96158187598596e-05,0.0,0.0,0.0,-1.0,0.8645009287155947,0.0
1732546380.0,7.96158187598596e-05,7.96158187598596e-05,7.96158187598596e-05,7.96158187598596e-05,0.0,0.0,0.0,0.0,0.8645009287155947,0.0
1732546440.0,7.96158187598596e-05,7.96158187598596e-05,7.96158187598596e-05,7.96158187598596e-05,0.0,0.0,0.0,0.0,0.8645009287155947,0.0
1732546500.0,7.96158187598596e-05,7.96158187598596e-05,7.96158187598596e-05,7.96158187598596e-05,0.0,0.0,0.0,0.0,0.8645009287155947,0.0
1732546560.0,7.96158187598596e-05,7.96158187598596e-05,7.96158187598596e-05,7.96158187598596e-05,0.0,0.0,0.0,0.0,0.8645009287155947,0.0
1732546620.0,7.96158187598596e-05,7.96158187598596e-05,7.96158187598596e-05,7.96158187598596e-05,0.0,0.0,0.0,0.0,0.8645009287155947,0.0
1732546680.0,7.96158187598596e-05,7.96158187598596e-05,7.96158187598596e-05,7.96158187598596e-05,0.0,0.0,0.0,0.0,0.8645009287155947,0.0
1732546740.0,7.96158187598596e-05,7.96158187598596e-05,7.96158187598596e-05,7.96158187598596e-05,0.0,0.0,0.0,0.0,0.8645009287155947,0.0
1732546800.0,7.96158187598596e-05,7.96158187598596e-05,7.96158187598596e-05,7.96158187598596e-05,0.0,0.0,0.0,0.0,0.8645009287155947,0.0
1732546860.0,7.96158187598596e-05,7.96158187598596e-05,7.6019532804478e-05,7.6019532804478e-05,121.285,0.009438116807240342,-0.04517049515283956,0.0,0.8645009287155947,0.04517049515283956
1732546920.0,7.6019532804478e-05,7.6019532804478e-05,7.6019532804478e-05,7.6019532804478e-05,0.0,0.0,0.0,-1.0,0.8254509937054216,0.0
1732546980.0,7.6019532804478e-05,7.6019532804478e-05,7.6019532804478e-05,7.6019532804478e-05,0.0,0.0,0.0,0.0,0.8254509937054216,0.0
1732547040.0,7.6019532804478e-05,7.6019532804478e-05,7.56141398570645e-05,7.56141398570645e-05,86.2935415383,0.006542503315211902,-0.005332747156657433,0.0,0.8254509937054216,0.005332747156657433
1732547100.0,7.56141398570645e-05,7.56141398570645e-05,7.56141398570645e-05,7.56141398570645e-05,0.0,0.0,0.0,-1.0,0.8210490722657791,0.0
1732547160.0,7.56141398570645e-05,7.56141398570645e-05,7.50254724795444e-05,7.50254724795444e-05,14.94827374373,0.0011259010809284984,-0.007785149426190282,0.0,0.8210490722657791,0.007785149426190282
1732547220.0,7.50254724795444e-05,7.50254724795444e-05,7.50254724795444e-05,7.50254724795444e-05,0.0,0.0,0.0,-1.0,0.814657082551955,0.0
1732547280.0,7.50254724795444e-05,7.50254724795444e-05,7.45609450706085e-05,7.45609450706085e-05,74.7314817768,0.0055894073186030235,-0.006191595915141415,0.0,0.814657082551955,0.006191595915141415
1732547340.0,7.45609450706085e-05,7.45609450706085e-05,7.45609450706085e-05,7.45609450706085e-05,0.0,0.0,0.0,-1.0,0.8096130550873853,0.0
1732547400.0,7.45609450706085e-05,7.46313142374276e-05,7.45609450706085e-05,7.46313142374276e-05,14.81683719,0.0011052787080877164,0.0009437805107279021,0.0,0.8096130550873853,0.0009437805107279021
1732547460.0,7.46313142374276e-05,7.46313142374276e-05,7.39954676329182e-05,7.39954676329182e-05,35.08355912355,0.0026071782445456233,-0.008519836626306076,1.3588423675114476,0.8103771521100077,0.008519836626306076
1732547520.0,7.39954676329182e-05,7.39954676329182e-05,7.34799888802505e-05,7.34799888802505e-05,7.61047911075,0.0005611794405708953,-0.006966355766881801,-0.7847560128484055,0.8034728711683392,0.006966355766881801
1732547580.0,7.34799888802505e-05,7.34799888802505e-05,7.34799888802505e-05,7.34799888802505e-05,0.0,0.0,0.0,-1.0,0.7978755932987426,0.0
1732547640.0,7.34799888802505e-05,7.34799888802505e-05,7.13581586247878e-05,7.13581586247878e-05,239.63877521275,0.0173544181360955,-0.028876300715295778,0.0,0.7978755932987426,0.028876300715295778
1732547700.0,7.13581586247878e-05,7.13581586247878e-05,7.13581586247878e-05,7.13581586247878e-05,0.0,0.0,0.0,-1.0,0.774835897733253,0.0
1732547760.0,7.13581586247878e-05,7.13581586247878e-05,7.13581586247878e-05,7.13581586247878e-05,0.0,0.0,0.0,0.0,0.774835897733253,0.0
1732547820.0,7.13581586247878e-05,7.13581586247878e-05,7.13581586247878e-05,7.13581586247878e-05,0.0,0.0,0.0,0.0,0.774835897733253,0.0
1732547880.0,7.13581586247878e-05,7.13581586247878e-05,7.13581586247878e-05,7.13581586247878e-05,0.0,0.0,0.0,0.0,0.774835897733253,0.0
1732547940.0,7.13581586247878e-05,7.13581586247878e-05,7.13581586247878e-05,7.13581586247878e-05,0.0,0.0,0.0,0.0,0.774835897733253,0.0
1732548000.0,7.13581586247878e-05,7.24826149145795e-05,7.13581586247878e-05,7.23086345990719e-05,52.75958515257,0.003789900205345446,0.013319794016572756,0.0,0.774835897733253,0.015757921889552474
1732548060.0,7.23086345990719e-05,7.23086345990719e-05,7.23086345990719e-05,7.23086345990719e-05,0.0,0.0,0.0,-1.0,0.7851565522877062,0.0
1732548120.0,7.23086345990719e-05,7.23086345990719e-05,7.23086345990719e-05,7.23086345990719e-05,0.0,0.0,0.0,0.0,0.7851565522877062,0.0
1732548180.0,7.23086345990719e-05,7.23086345990719e-05,7.23086345990719e-05,7.23086345990719e-05,0.0,0.0,0.0,0.0,0.7851565522877062,0.0
1732548240.0,7.23086345990719e-05,7.23086345990719e-05,7.23086345990719e-05,7.23086345990719e-05,0.0,0.0,0.0,0.0,0.7851565522877062,0.0
1732548300.0,7.23086345990719e-05,7.23086345990719e-05,7.23086345990719e-05,7.23086345990719e-05,0.0,0.0,0.0,0.0,0.7851565522877062,0.0
1732548360.0,7.23086345990719e-05,7.23086345990719e-05,7.23086345990719e-05,7.23086345990719e-05,0.0,0.0,0.0,0.0,0.7851565522877062,0.0
1732548420.0,7.23086345990719e-05,7.23086345990719e-05,7.23086345990719e-05,7.23086345990719e-05,0.0,0.0,0.0,0.0,0.7851565522877062,0.0
1732548480.0,7.23086345990719e-05,7.23086345990719e-05,7.23086345990719e-05,7.23086345990719e-05,0.0,0.0,0.0,0.0,0.7851565522877062,0.0
1732548540.0,7.23086345990719e-05,7.23086345990719e-05,7.12732593462502e-05,7.12732593462502e-05,293.0338351137,0.021037176517843138,-0.01431883285533635,0.0,0.7851565522877062,0.01431883285533635
1732548600.0,7.12732593462502e-05,7.12732593462502e-05,7.12732593462502e-05,7.12732593462502e-05,0.0,0.0,0.0,-1.0,0.7739140268502264,0.0
1732548660.0,7.12732593462502e-05,7.12732593462502e-05,6.68472072397161e-05,6.68655001306108e-05,531.35967203137,0.03670068296522259,-0.0618430987451579,0.0,0.7739140268502264,0.06209975728810215
1732548720.0,6.68655001306108e-05,6.68655001306108e-05,6.4329042044374e-05,6.4329042044374e-05,297.9624257084,0.019545522013080734,-0.03793373385800209,-0.46743437903861385,0.7260527852674651,0.03793373385800209
1732548780.0,6.4329042044374e-05,6.4329042044374e-05,6.4329042044374e-05,6.4329042044374e-05,0.0,0.0,0.0,-1.0,0.6985108921442679,0.0
1732548840.0,6.4329042044374e-05,6.4329042044374e-05,6.42581105148702e-05,6.42581105148702e-05,2.62916775492,0.0001690385976028718,-0.0011026361849890177,0.0,0.6985108921442679,0.0011026361849890177
1732548900.0,6.42581105148702e-05,6.42581105148702e-05,6.42581105148702e-05,6.42581105148702e-05,0.0,0.0,0.0,-1.0,0.6977406887589807,0.0
1732548960.0,6.42581105148702e-05,6.42581105148702e-05,6.42581105148702e-05,6.42581105148702e-05,0.0,0.0,0.0,0.0,0.6977406887589807,0.0
1732549020.0,6.42581105148702e-05,6.42581105148702e-05,6.42581105148702e-05,6.42581105148702e-05,0.0,0.0,0.0,0.0,0.6977406887589807,0.0
1732549080.0,6.42581105148702e-05,6.42581105148702e-05,6.42581105148702e-05,6.42581105148702e-05,0.0,0.0,0.0,0.0,0.6977406887589807,0.0
1732549140.0,6.42581105148702e-05,6.42581105148702e-05,6.42581105148702e-05,6.42581105148702e-05,0.0,0.0,0.0,0.0,0.6977406887589807,0.0
1732549200.0,6.42581105148702e-05,6.42581105148702e-05,6.42581105148702e-05,6.42581105148702e-05,0.0,0.0,0.0,0.0,0.6977406887589807,0.0
1732549260.0,6.42581105148702e-05,6.42581105148702e-05,6.42581105148702e-05,6.42581105148702e-05,0.0,0.0,0.0,0.0,0.6977406887589807,0.0
1732549320.0,6.42581105148702e-05,6.42581105148702e-05,6.37568097837934e-05,6.37568097837934e-05,24.43178233314,0.001563816334065607,-0.007801361214329412,0.0,0.6977406887589807,0.007801361214329412
1732549380.0,6.37568097837934e-05,6.37568097837934e-05,6.37568097837934e-05,6.37568097837934e-05,0.0,0.0,0.0,-1.0,0.6922973616120369,0.0
1732549440.0,6.37568097837934e-05,6.38685098055355e-05,6.37568097837934e-05,6.38685098055355e-05,30.1368595808,0.001923113167709164,0.001751970058114328,0.0,0.6922973616120369,0.001751970058114328
1732549500.0,6.38685098055355e-05,6.38685098055355e-05,6.38685098055355e-05,6.38685098055355e-05,0.0,0.0,0.0,-1.0,0.6935102458608927,0.0
1732549560.0,6.38685098055355e-05,6.44672035250792e-05,6.38685098055355e-05,6.44672035250792e-05,52.42744642278,0.0033641568673850276,0.00937384826053696,0.0,0.6935102458608927,0.00937384826053696
1732549620.0,6.44672035250792e-05,6.44672035250792e-05,6.44672035250792e-05,6.44672035250792e-05,0.0,0.0,0.0,-1.0,0.7000111056727204,0.0
1732549680.0,6.44672035250792e-05,6.44672035250792e-05,6.44672035250792e-05,6.44672035250792e-05,0.0,0.0,0.0,0.0,0.7000111056727204,0.0
1732549740.0,6.44672035250792e-05,6.44672035250792e-05,6.44672035250792e-05,6.44672035250792e-05,0.0,0.0,0.0,0.0,0.7000111056727204,0.0
1732549800.0,6.44672035250792e-05,6.44672035250792e-05,6.44672035250792e-05,6.44672035250792e-05,0.0,0.0,0.0,0.0,0.7000111056727204,0.0
1732549860.0,6.44672035250792e-05,6.44672035250792e-05,6.44672035250792e-05,6.44672035250792e-05,0.0,0.0,0.0,0.0,0.7000111056727204,0.0
1732549920.0,6.44672035250792e-05,6.44672035250792e-05,6.44672035250792e-05,6.44672035250792e-05,0.0,0.0,0.0,0.0,0.7000111056727204,0.0
1732549980.0,6.44672035250792e-05,8.48199055190833e-05,6.44672035250792e-05,6.52709867422734e-05,2624.423168584,0.1702439561938997,0.012468094988508491,0.0,0.7000111056727204,0.3157062953116377
1732550040.0,6.52709867422734e-05,8.8930841841866e-05,6.52709867422734e-05,8.8930841841866e-05,537.15791549948,0.041415366404232226,0.3624865546006686,-0.7567292999402452,0.7087389106312587,0.3624865546006686
1732550100.0,8.8930841841866e-05,9.04020973144735e-05,8.58037266338495e-05,8.58037266338495e-05,1026.41948311617,0.08967548272868547,-0.035163449971349986,1.165270780256131,0.9656472364574149,0.05170726584148023
1732550160.0,8.58037266338495e-05,0.0001000872325982,8.53522788614725e-05,0.0001000872325982,2100.27358995848,0.19521093614356103,0.1664671981591492,1.1768596075939135,0.9316917481682722,0.17172859868436735
1732550220.0,0.0001000872325982,0.0001160644406971,0.0001000872325982,0.0001160644406971,1717.90775064751,0.18566431743471212,0.15963282912457444,-0.04890411827044453,1.0867878630338441,0.15963282912457444
1732550280.0,0.0001160644406971,0.0001216354337788,0.0001160644406971,0.0001201857226095,686.96907220056,0.0811482777469829,0.035508566513972654,-0.562930137205722,1.260274884268187,0.047999137791383886
1732550340.0,0.0001201857226095,0.0001225541472739,0.0001201857226095,0.0001225541472739,307.5480472703,0.03732708648864319,0.019706372878377072,-0.5400138176064863,1.3050254388221132,0.019706372878377072
1732550400.0,0.0001225541472739,0.000122570986552,0.0001218936848202,0.0001224735909,22.47631995217,0.002753660920176558,-0.0006573125079151334,-0.9262288815117043,1.3307427567353094,0.0055265508908994435
1732550460.0,0.0001224735909,0.0001224735909,0.0001152819444181,0.0001152819444181,876.68937996965,0.10421887642118864,-0.05871997733594665,36.84738914568551,1.32986804287649,0.05871997733594665
1732550520.0,0.0001152819444181,0.0001152819444181,0.0001068238019853,0.0001068238019853,976.963197996,0.10849457014977712,-0.0733691860897517,0.04102609695491968,1.2517782215389828,0.0733691860897517
1732550580.0,0.0001068238019853,0.0001122429770748,0.0001013599938508,0.0001122429770748,1555.37287968056,0.17036526349452635,0.050730033838766835,0.5702653437802143,1.1599362722597906,0.10187788696659202
1732550640.0,0.0001122429770748,0.0001122429770748,0.0001122429770748,0.0001122429770748,0.0,0.0,0.0,-1.0,1.218779878602343,0.0
1732550700.0,0.0001122429770748,0.000114760813398,0.0001122429770748,0.000114760813398,231.81113836746,0.026311003541614066,0.022432016584183128,0.0,1.218779878602343,0.022432016584183128
1732550760.0,0.000114760813398,0.000114760813398,0.000114760813398,0.000114760813398,0.0,0.0,0.0,-1.0,1.2461195690516194,0.0
1732550820.0,0.000114760813398,0.000114760813398,0.000114760813398,0.000114760813398,0.0,0.0,0.0,0.0,1.2461195690516194,0.0
1732550880.0,0.000114760813398,0.000115980657912,0.000114760813398,0.000115980657912,128.1240328956,0.014781763930250793,0.010629451620994289,0.0,1.2461195690516194,0.010629451620994289
1732550940.0,0.000115980657912,0.0001192714662417,0.000115980657912,0.0001192714662417,723.6702,0.08512247586836645,0.028373768427808813,4.758614213433878,1.2593651367248277,0.028373768427808813
1732551000.0,0.0001192714662417,0.0001287580807859,0.0001110775604943,0.0001139745110655,4583.62525343215,0.5345560759233721,-0.044410916903342854,5.279846426812238,1.2950980714803138,0.14823763678540652
1732551060.0,0.0001139745110655,0.0001139745110655,0.0001131361868778,0.0001131361868778,169.1817830912,0.01921149641856721,-0.007355365509909652,-0.9640608398559832,1.237581578646122,0.007355365509909652
1732551120.0,0.0001131361868778,0.0001246651400155,0.0001119245194544,0.0001246651400155,1520.49971276032,0.1807884246176428,0.1019033207310812,8.410429082604798,1.2284787137868487,0.11261313389376756
1732551180.0,0.0001246651400155,0.0001263028561738,0.0001246651400155,0.0001263028561738,218.39720150016,0.02740535401692297,0.013136921501041777,-0.8484120093701588,1.353664774169176,0.013136921501041777
1732551240.0,0.0001263028561738,0.0001278513925256,0.0001263028561738,0.0001278513925256,48.381234,0.006148148089209933,0.01226050145429116,-0.7756588699633868,1.371447762046162,0.01226050145429116
1732551300.0,0.0001278513925256,0.0001284159533204,0.0001278513925256,0.0001284159533204,53.68,0.006878215562506639,0.004415757886148547,0.1187459154697303,1.3882623993272134,0.004415757886148547
1732551360.0,0.0001284159533204,0.0001314598351816,0.0001284159533204,0.0001314598351816,326.29979530176,0.04239870829604304,0.02370329995997816,5.1642017338275465,1.394392629965086,0.02370329995997816
1732551420.0,0.0001314598351816,0.0001323248241455,0.0001314598351816,0.0001323248241455,3.57864843952,0.0004719962797351205,0.006579872572524495,-0.9888676731272219,1.4274443367351313,0.006579872572524495
1732551480.0,0.0001323248241455,0.0001323248241455,0.0001309838467464,0.0001309838467464,102.78324750825,0.01353186014567525,-0.010133982098668693,27.6694211938899,1.43683673857522,0.010133982098668693
1732551540.0,0.0001309838467464,0.0001309838467464,0.0001291575843697,0.0001291575843697,221.8589770103,0.02885735589270669,-0.013942653403941173,1.1325490791396802,1.4222758607877894,0.013942653403941173
1732551600.0,0.0001291575843697,0.0001299285262274,0.0001284635296681,0.0001284635296681,632.35104402246,0.08145349021201603,-0.005373704571721771,1.8226248626126662,1.4024455614160332,0.011342706403571259
1732551660.0,0.0001284635296681,0.0001284635296681,0.0001265793164422,0.0001265793164422,2.365112409,0.000301602500081074,-0.0146673007566278,-0.9962972427664422,1.3949092332910609,0.0146673007566278
1732551720.0,0.0001265793164422,0.0001265793164422,0.0001265793164422,0.0001265793164422,0.0,0.0,0.0,-1.0,1.3744496800381838,0.0
1732551780.0,0.0001265793164422,0.0001265793164422,0.0001265793164422,0.0001265793164422,0.0,0.0,0.0,0.0,1.3744496800381838,0.0
1732551840.0,0.0001265793164422,0.0001266329245673,0.0001265793164422,0.0001266329245673,42.52146593976,0.0053834778408078775,0.0004235140985650164,0.0,1.3744496800381838,0.0004235140985650164
1732551900.0,0.0001266329245673,0.0001266329245673,0.0001266329245673,0.0001266329245673,0.0,0.0,0.0,-1.0,1.3750317788554483,0.0
1732551960.0,0.0001266329245673,0.0001266329245673,0.0001266329245673,0.0001266329245673,0.0,0.0,0.0,0.0,1.3750317788554483,0.0
1732552020.0,0.0001266329245673,0.0001266329245673,0.0001252581396786,0.0001252581396786,111.25089958318,0.014011553747160482,-0.010856456908008558,0.0,1.3750317788554483,0.010856456908008558
1732552080.0,0.0001252581396786,0.0001252581396786,0.0001252581396786,0.0001252581396786,0.0,0.0,0.0,-1.0,1.3601038056011616,0.0
1732552140.0,0.0001252581396786,0.0001252581396786,0.0001238902092846,0.0001238902092846,131.6735593213,0.016403124953504933,-0.010920890231245584,0.0,1.3601038056011616,0.010920890231245584
1732552200.0,0.0001238902092846,0.0001238902092846,0.0001238902092846,0.0001238902092846,0.0,0.0,0.0,-1.0,1.345250261237092,0.0
1732552260.0,0.0001238902092846,0.0001238902092846,0.0001238902092846,0.0001238902092846,0.0,0.0,0.0,0.0,1.345250261237092,0.0
1732552320.0,0.0001238902092846,0.0001238902092846,0.0001116282731068,0.0001177419562724,1197.35639815056,0.14465990971432466,-0.049626625442824646,0.0,1.345250261237092,0.09897421473905117
1732552380.0,0.0001177419562724,0.0001177419562724,0.0001086937373746,0.0001086937373746,269.83012027624,0.030549585225801923,-0.07684787296099133,-0.7888178882032247,1.2784900303958169,0.07684787296099133
1732552440.0,0.0001086937373746,0.0001086937373746,9.05159323902213e-05,9.05159323902213e-05,2012.36970811905,0.2004417524995629,-0.1672387519598398,5.561193908789029,1.1802407909580652,0.1672387519598398
1732552500.0,9.05159323902213e-05,9.05159323902213e-05,8.68216075714159e-05,8.68216075714159e-05,255.85467185286,0.022686319047039067,-0.040814083457472235,-0.8868183960470584,0.9828587940661442,0.040814083457472235
1732552560.0,8.68216075714159e-05,8.68216075714159e-05,8.68216075714159e-05,8.68216075714159e-05,0.0,0.0,0.0,-1.0,0.942744313218218,0.0
1732552620.0,8.68216075714159e-05,9.19381143521932e-05,8.62242104951796e-05,8.97466724057333e-05,1200.22119938677,0.10596049638391651,0.033690516867144665,0.0,0.942744313218218,0.06581200252844403
1732552680.0,8.97466724057333e-05,8.97466724057333e-05,8.97466724057333e-05,8.97466724057333e-05,0.0,0.0,0.0,-1.0,0.9745058564041011,0.0
1732552740.0,8.97466724057333e-05,8.97466724057333e-05,8.97466724057333e-05,8.97466724057333e-05,0.0,0.0,0.0,0.0,0.9745058564041011,0.0
1732552800.0,8.97466724057333e-05,8.97466724057333e-05,8.97466724057333e-05,8.97466724057333e-05,0.0,0.0,0.0,0.0,0.9745058564041011,0.0
1732552860.0,8.97466724057333e-05,8.97466724057333e-05,8.97466724057333e-05,8.97466724057333e-05,0.0,0.0,0.0,0.0,0.9745058564041011,0.0
1732552920.0,8.97466724057333e-05,8.97466724057333e-05,8.50248868862053e-05,8.50248868862053e-05,679.0900972328,0.059342817596545326,-0.052612374285939095,0.0,0.9745058564041011,0.052612374285939095
1732552980.0,8.50248868862053e-05,8.50248868862053e-05,8.50248868862053e-05,8.50248868862053e-05,0.0,0.0,0.0,-1.0,0.9232347895431289,0.0
1732553040.0,8.50248868862053e-05,8.50248868862053e-05,8.50248868862053e-05,8.50248868862053e-05,0.0,0.0,0.0,0.0,0.9232347895431289,0.0
1732553100.0,8.50248868862053e-05,8.50248868862053e-05,8.3811547820171e-05,8.3811547820171e-05,23.9853765,0.0020248027266750513,-0.014270399061608815,0.0,0.9232347895431289,0.014270399061608815
1732553160.0,8.3811547820171e-05,8.3811547820171e-05,8.33701331852613e-05,8.33701331852613e-05,31.54873672134,0.002637185419335716,-0.0052667519738068234,0.3024406696973707,0.9100598606687881,0.0052667519738068234
1732553220.0,8.33701331852613e-05,8.33701331852613e-05,8.33701331852613e-05,8.33701331852613e-05,0.0,0.0,0.0,-1.0,0.9052668011013283,0.0
1732553280.0,8.33701331852613e-05,8.33701331852613e-05,8.33701331852613e-05,8.33701331852613e-05,0.0,0.0,0.0,0.0,0.9052668011013283,0.0
1732553340.0,8.33701331852613e-05,8.33701331852613e-05,8.33701331852613e-05,8.33701331852613e-05,0.0,0.0,0.0,0.0,0.9052668011013283,0.0
1732553400.0,8.33701331852613e-05,8.33701331852613e-05,8.33701331852613e-05,8.33701331852613e-05,0.0,0.0,0.0,0.0,0.9052668011013283,0.0
1732553460.0,8.33701331852613e-05,8.33701331852613e-05,8.33701331852613e-05,8.33701331852613e-05,0.0,0.0,0.0,0.0,0.9052668011013283,0.0
1732553520.0,8.33701331852613e-05,8.33701331852613e-05,8.33701331852613e-05,8.33701331852613e-05,0.0,0.0,0.0,0.0,0.9052668011013283,0.0
1732553580.0,8.33701331852613e-05,8.33701331852613e-05,8.30753266958807e-05,8.30753266958807e-05,38.7097426533,0.0032215304589045877,-0.0035361163298791563,0.0,0.9052668011013283,0.0035361163298791563
1732553640.0,8.30753266958807e-05,8.30753266958807e-05,8.30753266958807e-05,8.30753266958807e-05,0.0,0.0,0.0,-1.0,0.9020656723830565,0.0
1732553700.0,8.30753266958807e-05,8.30753266958807e-05,8.30753266958807e-05,8.30753266958807e-05,0.0,0.0,0.0,0.0,0.9020656723830565,0.0
1732553760.0,8.30753266958807e-05,8.31175248672992e-05,8.30753266958807e-05,8.31175248672992e-05,12.59593445292,0.0010466771324168385,0.0005079507128870222,0.0,0.9020656723830565,0.0005079507128870222
1732553820.0,8.31175248672992e-05,8.31175248672992e-05,8.31175248672992e-05,8.31175248672992e-05,0.0,0.0,0.0,-1.0,0.9025238772844143,0.0
1732553880.0,8.31175248672992e-05,8.31175248672992e-05,8.31175248672992e-05,8.31175248672992e-05,0.0,0.0,0.0,0.0,0.9025238772844143,0.0
1732553940.0,8.31175248672992e-05,8.31175248672992e-05,8.31175248672992e-05,8.31175248672992e-05,0.0,0.0,0.0,0.0,0.9025238772844143,0.0
1732554000.0,8.31175248672992e-05,8.31175248672992e-05,8.31175248672992e-05,8.31175248672992e-05,0.0,0.0,0.0,0.0,0.9025238772844143,0.0
1732554060.0,8.31175248672992e-05,8.31175248672992e-05,8.31175248672992e-05,8.31175248672992e-05,0.0,0.0,0.0,0.0,0.9025238772844143,0.0
1732554120.0,8.31175248672992e-05,8.31175248672992e-05,8.31175248672992e-05,8.31175248672992e-05,0.0,0.0,0.0,0.0,0.9025238772844143,0.0
1732554180.0,8.31175248672992e-05,8.31175248672992e-05,8.31175248672992e-05,8.31175248672992e-05,0.0,0.0,0.0,0.0,0.9025238772844143,0.0
1732554240.0,8.31175248672992e-05,8.31175248672992e-05,8.31175248672992e-05,8.31175248672992e-05,0.0,0.0,0.0,0.0,0.9025238772844143,0.0
1732554300.0,8.31175248672992e-05,8.31175248672992e-05,8.27695031866048e-05,8.27695031866048e-05,5.13575711296,0.00042597774213781633,-0.00418710351697823,0.0,0.9025238772844143,0.00418710351697823
1732554360.0,8.27695031866048e-05,8.27695031866048e-05,8.27695031866048e-05,8.27695031866048e-05,0.0,0.0,0.0,-1.0,0.8987449163836799,0.0
1732554420.0,8.27695031866048e-05,8.27695031866048e-05,8.27695031866048e-05,8.27695031866048e-05,0.0,0.0,0.0,0.0,0.8987449163836799,0.0
1732554480.0,8.27695031866048e-05,8.27695031866048e-05,8.27695031866048e-05,8.27695031866048e-05,0.0,0.0,0.0,0.0,0.8987449163836799,0.0
1732554540.0,8.27695031866048e-05,8.27695031866048e-05,8.27695031866048e-05,8.27695031866048e-05,0.0,0.0,0.0,0.0,0.8987449163836799,0.0
1732554600.0,8.27695031866048e-05,8.27695031866048e-05,8.27695031866048e-05,8.27695031866048e-05,0.0,0.0,0.0,0.0,0.8987449163836799,0.0
1732554660.0,8.27695031866048e-05,8.27695031866048e-05,8.27695031866048e-05,8.27695031866048e-05,0.0,0.0,0.0,0.0,0.8987449163836799,0.0
1732554720.0,8.27695031866048e-05,8.27695031866048e-05,8.22517805055118e-05,8.22517805055118e-05,0.62956682995,5.194596322416274e-05,-0.006254993218043101,0.0,0.8987449163836799,0.006254993218043101
1732554780.0,8.22517805055118e-05,8.22517805055118e-05,8.22517805055118e-05,8.22517805055118e-05,0.0,0.0,0.0,-1.0,0.8931232730269493,0.0
1732554840.0,8.22517805055118e-05,8.22517805055118e-05,8.22517805055118e-05,8.22517805055118e-05,0.0,0.0,0.0,0.0,0.8931232730269493,0.0
1732554900.0,8.22517805055118e-05,8.22517805055118e-05,8.2025483717663e-05,8.2025483717663e-05,1.07137776669,8.800150423068402e-05,-0.0027512691695911634,0.0,0.8931232730269493,0.0027512691695911634
1732554960.0,8.2025483717663e-05,8.2025483717663e-05,8.19135314777499e-05,8.19135314777499e-05,1.0699154999,8.770044669795695e-05,-0.001364847055318168,-0.0034210498486240792,0.8906660505012259,0.001364847055318168
1732555020.0,8.19135314777499e-05,8.19135314777499e-05,8.19135314777499e-05,8.19135314777499e-05,0.0,0.0,0.0,-1.0,0.8894504275649274,0.0
1732555080.0,8.19135314777499e-05,8.19135314777499e-05,8.18823254738701e-05,8.18823254738701e-05,56.09808078945,0.004594316608124587,-0.00038096274592031975,0.0,0.8894504275649274,0.00038096274592031975
1732555140.0,8.18823254738701e-05,8.18823254738701e-05,8.18823254738701e-05,8.18823254738701e-05,0.0,0.0,0.0,-1.0,0.8891115800876823,0.0
1732555200.0,8.18823254738701e-05,8.18823254738701e-05,8.18823254738701e-05,8.18823254738701e-05,0.0,0.0,0.0,0.0,0.8891115800876823,0.0
1732555260.0,8.18823254738701e-05,8.18823254738701e-05,8.18823254738701e-05,8.18823254738701e-05,0.0,0.0,0.0,0.0,0.8891115800876823,0.0
1732555320.0,8.18823254738701e-05,8.18823254738701e-05,8.18823254738701e-05,8.18823254738701e-05,0.0,0.0,0.0,0.0,0.8891115800876823,0.0
1732555380.0,8.18823254738701e-05,8.18823254738701e-05,8.18823254738701e-05,8.18823254738701e-05,0.0,0.0,0.0,0.0,0.8891115800876823,0.0
1732555440.0,8.18823254738701e-05,8.18823254738701e-05,8.12958895034078e-05,8.12958895034078e-05,13.47282596248,0.0010992358456285063,-0.007161935949772682,0.0,0.8891115800876823,0.007161935949772682
1732555500.0,8.12958895034078e-05,8.12958895034078e-05,8.12958895034078e-05,8.12958895034078e-05,0.0,0.0,0.0,-1.0,0.8827438198988932,0.0
1732555560.0,8.12958895034078e-05,8.12958895034078e-05,8.12958895034078e-05,8.12958895034078e-05,0.0,0.0,0.0,0.0,0.8827438198988932,0.0
1732555620.0,8.12958895034078e-05,8.12958895034078e-05,8.12958895034078e-05,8.12958895034078e-05,0.0,0.0,0.0,0.0,0.8827438198988932,0.0
1732555680.0,8.12958895034078e-05,8.12958895034078e-05,8.12958895034078e-05,8.12958895034078e-05,0.0,0.0,0.0,0.0,0.8827438198988932,0.0
1732555740.0,8.12958895034078e-05,8.12958895034078e-05,8.12958895034078e-05,8.12958895034078e-05,0.0,0.0,0.0,0.0,0.8827438198988932,0.0
1732555800.0,8.12958895034078e-05,8.18959010827031e-05,8.12958895034078e-05,8.18959010827031e-05,16.7944,0.0013703541039096904,0.007380589387242493,0.0,0.8827438198988932,0.007380589387242493
1732555860.0,8.18959010827031e-05,8.18959010827031e-05,8.18959010827031e-05,8.18959010827031e-05,0.0,0.0,0.0,-1.0,0.8892589895676928,0.0
1732555920.0,8.18959010827031e-05,8.18959010827031e-05,8.18959010827031e-05,8.18959010827031e-05,0.0,0.0,0.0,0.0,0.8892589895676928,0.0
1732555980.0,8.18959010827031e-05,8.18959010827031e-05,8.18959010827031e-05,8.18959010827031e-05,0.0,0.0,0.0,0.0,0.8892589895676928,0.0
1732556040.0,8.18959010827031e-05,8.18959010827031e-05,8.18959010827031e-05,8.18959010827031e-05,0.0,0.0,0.0,0.0,0.8892589895676928,0.0
1732556100.0,8.18959010827031e-05,8.18959010827031e-05,8.18959010827031e-05,8.18959010827031e-05,0.0,0.0,0.0,0.0,0.8892589895676928,0.0
1732556160.0,8.18959010827031e-05,8.22823006649231e-05,8.18959010827031e-05,8.22823006649231e-05,16.8434,0.0013826595616579836,0.004718179751509155,0.0,0.8892589895676928,0.004718179751509155
1732556220.0,8.22823006649231e-05,8.22823006649231e-05,8.1795040596272e-05,8.1795040596272e-05,16.39298546388,0.0013448587351234246,-0.005921809000399272,-0.027339214643141138,0.8934546733261186,0.005921809000399272
1732556280.0,8.1795040596272e-05,8.1795040596272e-05,8.1795040596272e-05,8.1795040596272e-05,0.0,0.0,0.0,-1.0,0.8881638054001672,0.0
1732556340.0,8.1795040596272e-05,8.1795040596272e-05,8.1795040596272e-05,8.1795040596272e-05,0.0,0.0,0.0,0.0,0.8881638054001672,0.0
1732556400.0,8.1795040596272e-05,8.1795040596272e-05,8.1795040596272e-05,8.1795040596272e-05,0.0,0.0,0.0,0.0,0.8881638054001672,0.0
1732556460.0,8.1795040596272e-05,8.1795040596272e-05,8.1795040596272e-05,8.1795040596272e-05,0.0,0.0,0.0,0.0,0.8881638054001672,0.0
1732556520.0,8.1795040596272e-05,8.1795040596272e-05,8.1795040596272e-05,8.1795040596272e-05,0.0,0.0,0.0,0.0,0.8881638054001672,0.0
1732556580.0,8.1795040596272e-05,8.1795040596272e-05,8.10124511359211e-05,8.10124511359211e-05,11.7851246629,0.0009593532930589784,-0.00956768839095811,0.0,0.8881638054001672,0.00956768839095811
1732556640.0,8.10124511359211e-05,8.10124511359211e-05,8.05616020170513e-05,8.05616020170513e-05,86.95999931761,0.007025239775962981,-0.005565183037276322,6.322891188044412,0.8796661308699708,0.005565183037276322
1732556700.0,8.05616020170513e-05,8.05616020170513e-05,8.05616020170513e-05,8.05616020170513e-05,0.0,0.0,0.0,-1.0,0.8747706278399868,0.0
1732556760.0,8.05616020170513e-05,8.05616020170513e-05,8.05616020170513e-05,8.05616020170513e-05,0.0,0.0,0.0,0.0,0.8747706278399868,0.0
1732556820.0,8.05616020170513e-05,8.05616020170513e-05,8.05616020170513e-05,8.05616020170513e-05,0.0,0.0,0.0,0.0,0.8747706278399868,0.0
1732556880.0,8.05616020170513e-05,8.05616020170513e-05,8.01109000392223e-05,8.01109000392223e-05,19.82619196399,0.0015927619345511292,-0.005594501183499366,0.0,0.8747706278399868,0.005594501183499366
1732556940.0,8.01109000392223e-05,8.01109000392223e-05,8.01109000392223e-05,8.01109000392223e-05,0.0,0.0,0.0,-1.0,0.8698767225272455,0.0
1732557000.0,8.01109000392223e-05,8.01109000392223e-05,8.01109000392223e-05,8.01109000392223e-05,0.0,0.0,0.0,0.0,0.8698767225272455,0.0
1732557060.0,8.01109000392223e-05,8.01109000392223e-05,8.01109000392223e-05,8.01109000392223e-05,0.0,0.0,0.0,0.0,0.8698767225272455,0.0
1732557120.0,8.01109000392223e-05,8.01109000392223e-05,8.00308514832337e-05,8.00308514832337e-05,33.454224312,0.0026787090385744054,-0.0009992217781776282,0.0,0.8698767225272455,0.0009992217781776282
1732557180.0,8.00308514832337e-05,8.00308514832337e-05,8.00308514832337e-05,8.00308514832337e-05,0.0,0.0,0.0,-1.0,0.8690075227617665,0.0
1732557240.0,8.00308514832337e-05,8.00547673169879e-05,8.00308514832337e-05,8.00547673169879e-05,0.3582543167,2.867568198838503e-05,0.000298832679035257,0.0,0.8690075227617665,0.000298832679035257
1732557300.0,8.00547673169879e-05,8.00547673169879e-05,8.00547673169879e-05,8.00547673169879e-05,0.0,0.0,0.0,-1.0,0.8692672106078951,0.0
1732557360.0,8.00547673169879e-05,8.00547673169879e-05,8.00547673169879e-05,8.00547673169879e-05,0.0,0.0,0.0,0.0,0.8692672106078951,0.0
1732557420.0,8.00547673169879e-05,8.01268482001992e-05,8.00547673169879e-05,8.01268482001992e-05,4.63001648166,0.00037082175995175074,0.0009003946376595308,0.0,0.8692672106078951,0.0009003946376595308
1732557480.0,8.01268482001992e-05,8.01268482001992e-05,8.01268482001992e-05,8.01268482001992e-05,0.0,0.0,0.0,-1.0,0.8700498941430198,0.0
1732557540.0,8.01268482001992e-05,8.01268482001992e-05,8.01268482001992e-05,8.01268482001992e-05,0.0,0.0,0.0,0.0,0.8700498941430198,0.0
1732557600.0,8.01268482001992e-05,8.01268482001992e-05,8.01268482001992e-05,8.01268482001992e-05,0.0,0.0,0.0,0.0,0.8700498941430198,0.0
1732557660.0,8.01268482001992e-05,8.01268482001992e-05,8.01268482001992e-05,8.01268482001992e-05,0.0,0.0,0.0,0.0,0.8700498941430198,0.0
1732557720.0,8.01268482001992e-05,8.01268482001992e-05,8.01268482001992e-05,8.01268482001992e-05,0.0,0.0,0.0,0.0,0.8700498941430198,0.0
1732557780.0,8.01268482001992e-05,8.01268482001992e-05,8.01268482001992e-05,8.01268482001992e-05,0.0,0.0,0.0,0.0,0.8700498941430198,0.0
1732557840.0,8.01268482001992e-05,8.01268482001992e-05,8.01268482001992e-05,8.01268482001992e-05,0.0,0.0,0.0,0.0,0.8700498941430198,0.0
1732557900.0,8.01268482001992e-05,8.01268482001992e-05,8.01268482001992e-05,8.01268482001992e-05,0.0,0.0,0.0,0.0,0.8700498941430198,0.0
1732557960.0,8.01268482001992e-05,8.01268482001992e-05,8.01268482001992e-05,8.01268482001992e-05,0.0,0.0,0.0,0.0,0.8700498941430198,0.0
