time,open,high,low,close,volume,usd_vol,price_change,vol_change,norm_open,mov_in_min
1739292360.0,6.87576098901818e-05,0.0001272497356202,6.51325599175276e-05,7.110526845495e-05,23367.226330785,1.6341037667828715,0.034143981568263405,0.0,1.0,0.903422556454255
1739292420.0,7.110526845495e-05,7.110526845495e-05,2.8656741303874e-05,5.01361641368616e-05,22385.11848329946,1.3570019168263339,-0.29490225933643366,-0.16957420672377474,1.0341439815682634,0.5969814624632211
1739292480.0,5.01361641368616e-05,6.13571270866357e-05,2.45700093350438e-05,2.45781664286016e-05,12644.16396201084,0.4723501229907974,-0.5097717016900581,-0.6519163922070954,0.7291725849246073,0.7337441622213161
1739292540.0,2.45781664286016e-05,5.35421258878635e-05,2.45781664286016e-05,2.92294186224511e-05,8934.24989319771,0.2403652054977971,0.18924325406295728,-0.4911291565335741,0.3574610354818518,1.178442645158288
1739292600.0,2.92294186224511e-05,7.1591177892913e-05,2.92294186224511e-05,6.85026696163565e-05,21026.55071736214,1.0274843550335,1.3436206686553678,3.2746800765342745,0.4251081250371517,1.449285044551788
1739292660.0,6.85026696163565e-05,0.0001323868063819,4.51250550974378e-05,4.73708955497225e-05,23550.40464159456,1.3644346734626684,-0.30848102979023656,0.32793717663777233,0.9962921882503991,1.2738445344271159
1739292720.0,4.73708955497225e-05,6.11144840493941e-05,3.18601402563789e-05,3.72137192080716e-05,10762.16941608045,0.4551569770086395,-0.2144180772556748,-0.6664135074685987,0.6889549480469478,0.6175594413727854
1739292780.0,3.72137192080716e-05,3.72137192080716e-05,2.28564200526078e-05,2.28564200526078e-05,8057.43294707739,0.24200555960726264,-0.3858066181235045,-0.4683030869970185,0.5412305527709379,0.3858066181235045
1739292840.0,2.28564200526078e-05,2.28564200526078e-05,1.10428008481376e-05,1.10428008481376e-05,6250.24822606347,0.10593927264990881,-0.5168621847725592,-0.5622444673509495,0.33242022358126744,0.5168621847725592
1739292900.0,1.10428008481376e-05,1.10428008481376e-05,5.54509971209028e-06,5.54509971209028e-06,1973.36184855036,0.01636696505655042,-0.49785386983362323,-0.845506159829534,0.16060478055847097,0.49785386983362323
1739292960.0,5.54509971209028e-06,5.54509971209028e-06,4.18200270333022e-06,4.18200270333022e-06,682.39497844085,0.003318862921531406,-0.24582010775893273,-0.7972218483961923,0.08064706904365634,0.24582010775893273
1739293020.0,4.18200270333022e-06,4.38646579925935e-06,3.80723470378975e-06,4.05976212088808e-06,704.35427969283,0.002902561163079992,-0.029230153855423782,-0.1254350566124985,0.06082239784090265,0.13850567217671703
1739293080.0,4.05976212088808e-06,4.05976212088808e-06,3.84048991801191e-06,3.84048991801191e-06,106.85942230446,0.0004221081844682426,-0.05401109630241177,-0.8545738881104812,0.059044549794157276,0.05401109630241177
1739293140.0,3.84048991801191e-06,3.84048991801191e-06,3.73752827456152e-06,3.73752827456152e-06,49.95396373983,0.0001892760230057926,-0.026809507549414423,-0.5515935725239821,0.0558554889290925,0.026809507549414423
1739293200.0,3.73752827456152e-06,4.26377502446133e-06,3.73752827456152e-06,4.1045359257947e-06,475.14234537207,0.0018630483883578005,0.09819528422864889,8.84302374263635,0.05435803077697176,0.1408007408215658
1739293260.0,4.1045359257947e-06,4.1045359257947e-06,3.88572571426955e-06,3.88572571426955e-06,0.48507616889,1.9379427523955472e-06,-0.053309366876301535,-0.9989598000972462,0.059695733059226146,0.053309366876301535
1739293320.0,3.88572571426955e-06,3.88871726993683e-06,3.86547116780875e-06,3.86547116780875e-06,12.56445540501,4.869478378016268e-05,-0.005212551772869415,24.12704966128109,0.056513391324622096,0.005982435158177268
1739293380.0,3.86547116780875e-06,3.86547116780875e-06,3.86547116780875e-06,3.86547116780875e-06,0.0,0.0,0.0,-1.0,0.05621881234648207,0.0
1739293440.0,3.86547116780875e-06,3.86547116780875e-06,3.86547116780875e-06,3.86547116780875e-06,0.0,0.0,0.0,0.0,0.05621881234648207,0.0
1739293500.0,3.86547116780875e-06,3.86547116780875e-06,3.85118302893852e-06,3.85118302893852e-06,2.03536064628,7.853087136505398e-06,-0.003696351169094411,0.0,0.05621881234648207,0.003696351169094411
1739293560.0,3.85118302893852e-06,3.85118302893852e-06,3.85118302893852e-06,3.85118302893852e-06,0.0,0.0,0.0,-1.0,0.056011007873740054,0.0
1739293620.0,3.85118302893852e-06,3.85118302893852e-06,3.85118302893852e-06,3.85118302893852e-06,0.0,0.0,0.0,0.0,0.056011007873740054,0.0
1739293680.0,3.85118302893852e-06,3.85118302893852e-06,3.83096014040639e-06,3.83096014040639e-06,9.36352205932,3.596595851450776e-05,-0.005251084765426782,0.0,0.056011007873740054,0.005251084765426782
1739293740.0,3.83096014040639e-06,3.83096014040639e-06,3.82303463137696e-06,3.82303463137696e-06,1.249299285,4.7810650978913385e-06,-0.0020688048789225724,-0.8670669350863324,0.055716889323598064,0.0020688048789225724
1739293800.0,3.82303463137696e-06,3.82303463137696e-06,3.81281267087087e-06,3.81281267087087e-06,5.5697376093,2.126483294910084e-05,-0.0026737818230038297,3.44771876427275,0.055601621951127014,0.0026737818230038297
1739293860.0,3.81281267087087e-06,3.81281267087087e-06,3.81281267087087e-06,3.81281267087087e-06,0.0,0.0,0.0,-1.0,0.055452955345024556,0.0
1739293920.0,3.81281267087087e-06,3.81281267087087e-06,3.80962908005413e-06,3.80962908005413e-06,0.08719467,3.3231814653306377e-07,-0.000834971736498328,0.0,0.055452955345024556,0.000834971736498328
1739293980.0,3.80962908005413e-06,3.80962908005413e-06,3.80962908005413e-06,3.80962908005413e-06,0.0,0.0,0.0,-1.0,0.05540665369460616,0.0
1739294040.0,3.80962908005413e-06,3.80962908005413e-06,3.80962908005413e-06,3.80962908005413e-06,0.0,0.0,0.0,0.0,0.05540665369460616,0.0
1739294100.0,3.80962908005413e-06,3.80962908005413e-06,3.80962908005413e-06,3.80962908005413e-06,0.0,0.0,0.0,0.0,0.05540665369460616,0.0
1739294160.0,3.80962908005413e-06,3.80962908005413e-06,3.80962908005413e-06,3.80962908005413e-06,0.0,0.0,0.0,0.0,0.05540665369460616,0.0
1739294220.0,3.80962908005413e-06,3.80962908005413e-06,3.80962908005413e-06,3.80962908005413e-06,0.0,0.0,0.0,0.0,0.05540665369460616,0.0
1739294280.0,3.80962908005413e-06,3.80962908005413e-06,3.80962908005413e-06,3.80962908005413e-06,0.0,0.0,0.0,0.0,0.05540665369460616,0.0
1739294340.0,3.80962908005413e-06,3.80962908005413e-06,3.80962908005413e-06,3.80962908005413e-06,0.0,0.0,0.0,0.0,0.05540665369460616,0.0
1739294400.0,3.80962908005413e-06,3.80962908005413e-06,3.80962908005413e-06,3.80962908005413e-06,0.0,0.0,0.0,0.0,0.05540665369460616,0.0
1739294460.0,3.80962908005413e-06,3.81909825911728e-06,3.80962908005413e-06,3.81909825911728e-06,1.15846838868,4.418819734144484e-06,0.0024855908184677556,0.0,0.05540665369460616,0.0024855908184677556
1739294520.0,3.81909825911728e-06,3.81909825911728e-06,3.81909825911728e-06,3.81909825911728e-06,0.0,0.0,0.0,-1.0,0.055544371964311494,0.0
1739294580.0,3.81909825911728e-06,3.81909825911728e-06,3.81909825911728e-06,3.81909825911728e-06,0.0,0.0,0.0,0.0,0.055544371964311494,0.0
1739294640.0,3.81909825911728e-06,3.81909825911728e-06,3.81909825911728e-06,3.81909825911728e-06,0.0,0.0,0.0,0.0,0.055544371964311494,0.0
1739294700.0,3.81909825911728e-06,3.84694222247298e-06,3.81909825911728e-06,3.84694222247298e-06,4.91536125,1.8840679162070054e-05,0.00729071667355728,0.0,0.055544371964311494,0.00729071667355728
1739294760.0,3.84694222247298e-06,3.84694222247298e-06,3.84694222247298e-06,3.84694222247298e-06,0.0,0.0,0.0,-1.0,0.055949330243113965,0.0
1739294820.0,3.84694222247298e-06,3.84694222247298e-06,3.84694222247298e-06,3.84694222247298e-06,0.0,0.0,0.0,0.0,0.055949330243113965,0.0
1739294880.0,3.84694222247298e-06,3.84694222247298e-06,3.84694222247298e-06,3.84694222247298e-06,0.0,0.0,0.0,0.0,0.055949330243113965,0.0
1739294940.0,3.84694222247298e-06,3.84694222247298e-06,3.84694222247298e-06,3.84694222247298e-06,0.0,0.0,0.0,0.0,0.055949330243113965,0.0
1739295000.0,3.84694222247298e-06,3.84694222247298e-06,3.84694222247298e-06,3.84694222247298e-06,0.0,0.0,0.0,0.0,0.055949330243113965,0.0
1739295060.0,3.84694222247298e-06,3.84694222247298e-06,3.84694222247298e-06,3.84694222247298e-06,0.0,0.0,0.0,0.0,0.055949330243113965,0.0
1739295120.0,3.84694222247298e-06,3.84694222247298e-06,3.84694222247298e-06,3.84694222247298e-06,0.0,0.0,0.0,0.0,0.055949330243113965,0.0
1739295180.0,3.84694222247298e-06,3.84694222247298e-06,3.84694222247298e-06,3.84694222247298e-06,0.0,0.0,0.0,0.0,0.055949330243113965,0.0
1739295240.0,3.84694222247298e-06,3.85339305032657e-06,3.84694222247298e-06,3.85339305032657e-06,0.16688435105,6.42532727434289e-07,0.0016768715204262328,0.0,0.055949330243113965,0.0016768715204262328
1739295300.0,3.85339305032657e-06,3.85340672342075e-06,3.85339305032657e-06,3.85340672342075e-06,0.00862838502,3.3248617859970385e-08,3.548325852376252e-06,-0.94825381425669,0.056043150081585565,3.548325852376252e-06
1739295360.0,3.85340672342075e-06,3.85340672342075e-06,3.85340672342075e-06,3.85340672342075e-06,0.0,0.0,0.0,-1.0,0.05604334894094385,0.0
1739295420.0,3.85340672342075e-06,3.85340672342075e-06,3.85340672342075e-06,3.85340672342075e-06,0.0,0.0,0.0,0.0,0.05604334894094385,0.0
1739295480.0,3.85340672342075e-06,3.85340672342075e-06,3.75909541133693e-06,3.75909541133693e-06,68.00617834805,0.00025884858892562105,-0.02447478785735293,0.0,0.05604334894094385,0.02447478785735293
1739295540.0,3.75909541133693e-06,3.75909541133693e-06,3.6865827589173e-06,3.6865827589173e-06,0.75495201695,2.8105648760970085e-06,-0.019289920708301597,-0.9891420506182298,0.05467169986479865,0.019289920708301597
1739295600.0,3.6865827589173e-06,3.70857531373564e-06,3.6865827589173e-06,3.70857531373564e-06,4.9545,1.8319655335479498e-05,0.005965566557577806,5.518139997863968,0.053617087109418614,0.005965566557577806
1739295660.0,3.70857531373564e-06,3.70857531373564e-06,3.70857531373564e-06,3.70857531373564e-06,0.0,0.0,0.0,-1.0,0.0539369434111933,0.0
1739295720.0,3.70857531373564e-06,3.70857531373564e-06,3.70857531373564e-06,3.70857531373564e-06,0.0,0.0,0.0,0.0,0.0539369434111933,0.0
1739295780.0,3.70857531373564e-06,3.70857531373564e-06,3.70857531373564e-06,3.70857531373564e-06,0.0,0.0,0.0,0.0,0.0539369434111933,0.0
1739295840.0,3.70857531373564e-06,3.70857531373564e-06,3.70857531373564e-06,3.70857531373564e-06,0.0,0.0,0.0,0.0,0.0539369434111933,0.0
1739295900.0,3.70857531373564e-06,3.70857531373564e-06,3.68525033465158e-06,3.68525033465158e-06,0.48698633511,1.8003460274752057e-06,-0.006289471592411891,0.0,0.0539369434111933,0.006289471592411891
1739295960.0,3.68525033465158e-06,3.68525033465158e-06,3.68525033465158e-06,3.68525033465158e-06,0.0,0.0,0.0,-1.0,0.05359770853782707,0.0
1739296020.0,3.68525033465158e-06,3.70868115243605e-06,3.68525033465158e-06,3.70868115243605e-06,3.9211842,1.4496483661525259e-05,0.006357998957127953,0.0,0.05359770853782707,0.006357998957127953
1739296080.0,3.70868115243605e-06,3.70868115243605e-06,3.70868115243605e-06,3.70868115243605e-06,0.0,0.0,0.0,-1.0,0.053938482712815025,0.0
1739296140.0,3.70868115243605e-06,3.70868115243605e-06,3.70868115243605e-06,3.70868115243605e-06,0.0,0.0,0.0,0.0,0.053938482712815025,0.0
1739296200.0,3.70868115243605e-06,3.70868115243605e-06,3.69357514772818e-06,3.69357514772818e-06,0.14925681488,5.524185991439631e-07,-0.004073147322990421,0.0,0.053938482712815025,0.004073147322990421
1739296260.0,3.69357514772818e-06,3.69357514772818e-06,3.69357514772818e-06,3.69357514772818e-06,0.0,0.0,0.0,-1.0,0.05371878332634716,0.0
1739296320.0,3.69357514772818e-06,3.69357514772818e-06,3.69357514772818e-06,3.69357514772818e-06,0.0,0.0,0.0,0.0,0.05371878332634716,0.0
1739296380.0,3.69357514772818e-06,3.69357514772818e-06,3.69357514772818e-06,3.69357514772818e-06,0.0,0.0,0.0,0.0,0.05371878332634716,0.0
1739296440.0,3.69357514772818e-06,3.69357514772818e-06,3.69357514772818e-06,3.69357514772818e-06,0.0,0.0,0.0,0.0,0.05371878332634716,0.0
1739296500.0,3.69357514772818e-06,3.69357514772818e-06,3.69357514772818e-06,3.69357514772818e-06,0.0,0.0,0.0,0.0,0.05371878332634716,0.0
1739296560.0,3.69357514772818e-06,3.69357514772818e-06,3.69357514772818e-06,3.69357514772818e-06,0.0,0.0,0.0,0.0,0.05371878332634716,0.0
1739296620.0,3.69357514772818e-06,3.69357514772818e-06,3.69357514772818e-06,3.69357514772818e-06,0.0,0.0,0.0,0.0,0.05371878332634716,0.0
1739296680.0,3.69357514772818e-06,3.69357514772818e-06,3.69357514772818e-06,3.69357514772818e-06,0.0,0.0,0.0,0.0,0.05371878332634716,0.0
1739296740.0,3.69357514772818e-06,3.69357514772818e-06,3.69357514772818e-06,3.69357514772818e-06,0.0,0.0,0.0,0.0,0.05371878332634716,0.0
1739296800.0,3.69357514772818e-06,3.69357514772818e-06,3.69357514772818e-06,3.69357514772818e-06,0.0,0.0,0.0,0.0,0.05371878332634716,0.0
1739296860.0,3.69357514772818e-06,3.69357514772818e-06,3.69357514772818e-06,3.69357514772818e-06,0.0,0.0,0.0,0.0,0.05371878332634716,0.0
1739296920.0,3.69357514772818e-06,3.69357514772818e-06,3.69357514772818e-06,3.69357514772818e-06,0.0,0.0,0.0,0.0,0.05371878332634716,0.0
1739296980.0,3.69357514772818e-06,3.69357514772818e-06,3.69357514772818e-06,3.69357514772818e-06,0.0,0.0,0.0,0.0,0.05371878332634716,0.0
1739297040.0,3.69357514772818e-06,3.69357514772818e-06,3.69357514772818e-06,3.69357514772818e-06,0.0,0.0,0.0,0.0,0.05371878332634716,0.0
1739297100.0,3.69357514772818e-06,3.69357514772818e-06,3.69357514772818e-06,3.69357514772818e-06,0.0,0.0,0.0,0.0,0.05371878332634716,0.0
1739297160.0,3.69357514772818e-06,3.69357514772818e-06,3.69357514772818e-06,3.69357514772818e-06,0.0,0.0,0.0,0.0,0.05371878332634716,0.0
1739297220.0,3.69357514772818e-06,3.69357514772818e-06,3.69357514772818e-06,3.69357514772818e-06,0.0,0.0,0.0,0.0,0.05371878332634716,0.0
1739297280.0,3.69357514772818e-06,3.69357514772818e-06,3.69357514772818e-06,3.69357514772818e-06,0.0,0.0,0.0,0.0,0.05371878332634716,0.0
1739297340.0,3.69357514772818e-06,3.69357514772818e-06,3.68902195948366e-06,3.68902195948366e-06,0.62596528284,2.3106247431548122e-06,-0.001232731990662404,0.0,0.05371878332634716,0.001232731990662404
1739297400.0,3.68902195948366e-06,3.68902195948366e-06,3.68902195948366e-06,3.68902195948366e-06,0.0,0.0,0.0,-1.0,0.05365256246364131,0.0
1739297460.0,3.68902195948366e-06,3.68902195948366e-06,3.68902195948366e-06,3.68902195948366e-06,0.0,0.0,0.0,0.0,0.05365256246364131,0.0
1739297520.0,3.68902195948366e-06,3.68902195948366e-06,3.68902195948366e-06,3.68902195948366e-06,0.0,0.0,0.0,0.0,0.05365256246364131,0.0
1739297580.0,3.68902195948366e-06,3.68902195948366e-06,3.68902195948366e-06,3.68902195948366e-06,0.0,0.0,0.0,0.0,0.05365256246364131,0.0
1739297640.0,3.68902195948366e-06,3.68902195948366e-06,3.68902195948366e-06,3.68902195948366e-06,0.0,0.0,0.0,0.0,0.05365256246364131,0.0
1739297700.0,3.68902195948366e-06,3.68902195948366e-06,3.68902195948366e-06,3.68902195948366e-06,0.0,0.0,0.0,0.0,0.05365256246364131,0.0
1739297760.0,3.68902195948366e-06,3.68902195948366e-06,3.68902195948366e-06,3.68902195948366e-06,0.0,0.0,0.0,0.0,0.05365256246364131,0.0
1739297820.0,3.68902195948366e-06,3.68902195948366e-06,3.68902195948366e-06,3.68902195948366e-06,0.0,0.0,0.0,0.0,0.05365256246364131,0.0
1739297880.0,3.68902195948366e-06,3.68902195948366e-06,3.68902195948366e-06,3.68902195948366e-06,0.0,0.0,0.0,0.0,0.05365256246364131,0.0
1739297940.0,3.68902195948366e-06,3.68902195948366e-06,3.68902195948366e-06,3.68902195948366e-06,0.0,0.0,0.0,0.0,0.05365256246364131,0.0
1739298000.0,3.68902195948366e-06,3.68902195948366e-06,3.68902195948366e-06,3.68902195948366e-06,0.0,0.0,0.0,0.0,0.05365256246364131,0.0
1739298060.0,3.68902195948366e-06,3.68902195948366e-06,3.68902195948366e-06,3.68902195948366e-06,0.0,0.0,0.0,0.0,0.05365256246364131,0.0
1739298120.0,3.68902195948366e-06,3.68902195948366e-06,3.68902195948366e-06,3.68902195948366e-06,0.0,0.0,0.0,0.0,0.05365256246364131,0.0
1739298180.0,3.68902195948366e-06,3.68902195948366e-06,3.68902195948366e-06,3.68902195948366e-06,0.0,0.0,0.0,0.0,0.05365256246364131,0.0
1739298240.0,3.68902195948366e-06,3.68902195948366e-06,3.68902195948366e-06,3.68902195948366e-06,0.0,0.0,0.0,0.0,0.05365256246364131,0.0
1739298300.0,3.68902195948366e-06,3.68902195948366e-06,3.68902195948366e-06,3.68902195948366e-06,0.0,0.0,0.0,0.0,0.05365256246364131,0.0
1739298360.0,3.68902195948366e-06,3.68902195948366e-06,3.68902195948366e-06,3.68902195948366e-06,0.0,0.0,0.0,0.0,0.05365256246364131,0.0
1739298420.0,3.68902195948366e-06,3.68902195948366e-06,3.68902195948366e-06,3.68902195948366e-06,0.0,0.0,0.0,0.0,0.05365256246364131,0.0
1739298480.0,3.68902195948366e-06,3.68902195948366e-06,3.68902195948366e-06,3.68902195948366e-06,0.0,0.0,0.0,0.0,0.05365256246364131,0.0
1739298540.0,3.68902195948366e-06,3.68902195948366e-06,3.68902195948366e-06,3.68902195948366e-06,0.0,0.0,0.0,0.0,0.05365256246364131,0.0
1739298600.0,3.68902195948366e-06,3.68902195948366e-06,3.68902195948366e-06,3.68902195948366e-06,0.0,0.0,0.0,0.0,0.05365256246364131,0.0
1739298660.0,3.68902195948366e-06,3.68902195948366e-06,3.68902195948366e-06,3.68902195948366e-06,0.0,0.0,0.0,0.0,0.05365256246364131,0.0
1739298720.0,3.68902195948366e-06,3.68902195948366e-06,3.68902195948366e-06,3.68902195948366e-06,0.0,0.0,0.0,0.0,0.05365256246364131,0.0
1739298780.0,3.68902195948366e-06,3.68902195948366e-06,3.68902195948366e-06,3.68902195948366e-06,0.0,0.0,0.0,0.0,0.05365256246364131,0.0
1739298840.0,3.68902195948366e-06,3.68902195948366e-06,3.68902195948366e-06,3.68902195948366e-06,0.0,0.0,0.0,0.0,0.05365256246364131,0.0
1739298900.0,3.68902195948366e-06,3.68902195948366e-06,3.68902195948366e-06,3.68902195948366e-06,0.0,0.0,0.0,0.0,0.05365256246364131,0.0
1739298960.0,3.68902195948366e-06,3.68902195948366e-06,3.68902195948366e-06,3.68902195948366e-06,0.0,0.0,0.0,0.0,0.05365256246364131,0.0
1739299020.0,3.68902195948366e-06,3.68902195948366e-06,3.68902195948366e-06,3.68902195948366e-06,0.0,0.0,0.0,0.0,0.05365256246364131,0.0
1739299080.0,3.68902195948366e-06,3.68902195948366e-06,3.68902195948366e-06,3.68902195948366e-06,0.0,0.0,0.0,0.0,0.05365256246364131,0.0
1739299140.0,3.68902195948366e-06,3.68902195948366e-06,3.68902195948366e-06,3.68902195948366e-06,0.0,0.0,0.0,0.0,0.05365256246364131,0.0
1739299200.0,3.68902195948366e-06,3.69396092795976e-06,3.68902195948366e-06,3.69396092795976e-06,0.00044817555,1.6544362081102714e-09,0.0013388287004914453,0.0,0.05365256246364131,0.0013388287004914453
1739299260.0,3.69396092795976e-06,3.69396092795976e-06,3.69396092795976e-06,3.69396092795976e-06,0.0,0.0,0.0,-1.0,0.05372439405412254,0.0
1739299320.0,3.69396092795976e-06,3.69396092795976e-06,3.69396092795976e-06,3.69396092795976e-06,0.0,0.0,0.0,0.0,0.05372439405412254,0.0
1739299380.0,3.69396092795976e-06,3.69396092795976e-06,3.69396092795976e-06,3.69396092795976e-06,0.0,0.0,0.0,0.0,0.05372439405412254,0.0
1739299440.0,3.69396092795976e-06,3.69396092795976e-06,3.69396092795976e-06,3.69396092795976e-06,0.0,0.0,0.0,0.0,0.05372439405412254,0.0
1739299500.0,3.69396092795976e-06,3.69396092795976e-06,3.67638027139852e-06,3.67638027139852e-06,0.00309810368,1.141704059629375e-08,-0.004759296837216437,0.0,0.05372439405412254,0.004759296837216437
1739299560.0,3.67638027139852e-06,3.67638027139852e-06,3.67638027139852e-06,3.67638027139852e-06,0.0,0.0,0.0,-1.0,0.05346870371541938,0.0
1739299620.0,3.67638027139852e-06,3.67638027139852e-06,3.67638027139852e-06,3.67638027139852e-06,0.0,0.0,0.0,0.0,0.05346870371541938,0.0
1739299680.0,3.67638027139852e-06,3.67638027139852e-06,3.67638027139852e-06,3.67638027139852e-06,0.0,0.0,0.0,0.0,0.05346870371541938,0.0
1739299740.0,3.67638027139852e-06,3.67638027139852e-06,3.67638027139852e-06,3.67638027139852e-06,0.0,0.0,0.0,0.0,0.05346870371541938,0.0
1739299800.0,3.67638027139852e-06,3.67638027139852e-06,3.67638027139852e-06,3.67638027139852e-06,0.0,0.0,0.0,0.0,0.05346870371541938,0.0
1739299860.0,3.67638027139852e-06,3.67638027139852e-06,3.6612186744595e-06,3.6612186744595e-06,0.0440782092,1.6171411068061463e-07,-0.004124055679705898,0.0,0.05346870371541938,0.004124055679705898
1739299920.0,3.6612186744595e-06,3.6612186744595e-06,3.6612186744595e-06,3.6612186744595e-06,0.0,0.0,0.0,-1.0,0.053248195804175294,0.0
1739299980.0,3.6612186744595e-06,3.6612186744595e-06,3.6612186744595e-06,3.6612186744595e-06,0.0,0.0,0.0,0.0,0.053248195804175294,0.0
1739300040.0,3.6612186744595e-06,3.6612186744595e-06,3.6612186744595e-06,3.6612186744595e-06,0.0,0.0,0.0,0.0,0.053248195804175294,0.0
1739300100.0,3.6612186744595e-06,3.6612186744595e-06,3.6612186744595e-06,3.6612186744595e-06,0.0,0.0,0.0,0.0,0.053248195804175294,0.0
1739300160.0,3.6612186744595e-06,3.6612186744595e-06,3.6612186744595e-06,3.6612186744595e-06,0.0,0.0,0.0,0.0,0.053248195804175294,0.0
1739300220.0,3.6612186744595e-06,3.6612186744595e-06,3.6612186744595e-06,3.6612186744595e-06,0.0,0.0,0.0,0.0,0.053248195804175294,0.0
1739300280.0,3.6612186744595e-06,3.6612186744595e-06,3.6612186744595e-06,3.6612186744595e-06,0.0,0.0,0.0,0.0,0.053248195804175294,0.0
1739300340.0,3.6612186744595e-06,3.6612186744595e-06,3.6612186744595e-06,3.6612186744595e-06,0.0,0.0,0.0,0.0,0.053248195804175294,0.0
1739300400.0,3.6612186744595e-06,3.6612186744595e-06,3.6612186744595e-06,3.6612186744595e-06,0.0,0.0,0.0,0.0,0.053248195804175294,0.0
1739300460.0,3.6612186744595e-06,3.6612186744595e-06,3.6612186744595e-06,3.6612186744595e-06,0.0,0.0,0.0,0.0,0.053248195804175294,0.0
1739300520.0,3.6612186744595e-06,3.6612186744595e-06,3.6612186744595e-06,3.6612186744595e-06,0.0,0.0,0.0,0.0,0.053248195804175294,0.0
1739300580.0,3.6612186744595e-06,3.6612186744595e-06,3.6612186744595e-06,3.6612186744595e-06,0.0,0.0,0.0,0.0,0.053248195804175294,0.0
1739300640.0,3.6612186744595e-06,3.6612186744595e-06,3.6612186744595e-06,3.6612186744595e-06,0.0,0.0,0.0,0.0,0.053248195804175294,0.0
1739300700.0,3.6612186744595e-06,3.6612186744595e-06,3.6612186744595e-06,3.6612186744595e-06,0.0,0.0,0.0,0.0,0.053248195804175294,0.0
1739300760.0,3.6612186744595e-06,3.6612186744595e-06,3.6612186744595e-06,3.6612186744595e-06,0.0,0.0,0.0,0.0,0.053248195804175294,0.0
1739300820.0,3.6612186744595e-06,3.6612186744595e-06,3.6612186744595e-06,3.6612186744595e-06,0.0,0.0,0.0,0.0,0.053248195804175294,0.0
1739300880.0,3.6612186744595e-06,3.6612186744595e-06,3.6612186744595e-06,3.6612186744595e-06,0.0,0.0,0.0,0.0,0.053248195804175294,0.0
1739300940.0,3.6612186744595e-06,3.6612186744595e-06,3.6612186744595e-06,3.6612186744595e-06,0.0,0.0,0.0,0.0,0.053248195804175294,0.0
1739301000.0,3.6612186744595e-06,3.6612186744595e-06,3.6612186744595e-06,3.6612186744595e-06,0.0,0.0,0.0,0.0,0.053248195804175294,0.0
1739301060.0,3.6612186744595e-06,3.6612186744595e-06,3.6612186744595e-06,3.6612186744595e-06,0.0,0.0,0.0,0.0,0.053248195804175294,0.0
1739301120.0,3.6612186744595e-06,3.6612186744595e-06,3.6612186744595e-06,3.6612186744595e-06,0.0,0.0,0.0,0.0,0.053248195804175294,0.0
1739301180.0,3.6612186744595e-06,3.6612186744595e-06,3.6612186744595e-06,3.6612186744595e-06,0.0,0.0,0.0,0.0,0.053248195804175294,0.0
1739301240.0,3.6612186744595e-06,3.6612186744595e-06,3.6612186744595e-06,3.6612186744595e-06,0.0,0.0,0.0,0.0,0.053248195804175294,0.0
1739301300.0,3.6612186744595e-06,3.6612186744595e-06,3.6612186744595e-06,3.6612186744595e-06,0.0,0.0,0.0,0.0,0.053248195804175294,0.0
1739301360.0,3.6612186744595e-06,3.6612186744595e-06,3.6612186744595e-06,3.6612186744595e-06,0.0,0.0,0.0,0.0,0.053248195804175294,0.0
1739301420.0,3.6612186744595e-06,3.6612186744595e-06,3.6612186744595e-06,3.6612186744595e-06,0.0,0.0,0.0,0.0,0.053248195804175294,0.0
1739301480.0,3.6612186744595e-06,3.6612186744595e-06,3.6612186744595e-06,3.6612186744595e-06,0.0,0.0,0.0,0.0,0.053248195804175294,0.0
1739301540.0,3.6612186744595e-06,3.6612186744595e-06,3.6612186744595e-06,3.6612186744595e-06,0.0,0.0,0.0,0.0,0.053248195804175294,0.0
1739301600.0,3.6612186744595e-06,3.6612186744595e-06,3.6612186744595e-06,3.6612186744595e-06,0.0,0.0,0.0,0.0,0.053248195804175294,0.0
1739301660.0,3.6612186744595e-06,3.6612186744595e-06,3.6612186744595e-06,3.6612186744595e-06,0.0,0.0,0.0,0.0,0.053248195804175294,0.0
1739301720.0,3.6612186744595e-06,3.6612186744595e-06,3.6612186744595e-06,3.6612186744595e-06,0.0,0.0,0.0,0.0,0.053248195804175294,0.0
1739301780.0,3.6612186744595e-06,3.6612186744595e-06,3.6612186744595e-06,3.6612186744595e-06,0.0,0.0,0.0,0.0,0.053248195804175294,0.0
1739301840.0,3.6612186744595e-06,3.6612186744595e-06,3.6612186744595e-06,3.6612186744595e-06,0.0,0.0,0.0,0.0,0.053248195804175294,0.0
1739301900.0,3.6612186744595e-06,3.6612186744595e-06,3.6612186744595e-06,3.6612186744595e-06,0.0,0.0,0.0,0.0,0.053248195804175294,0.0
1739301960.0,3.6612186744595e-06,3.6612186744595e-06,3.6612186744595e-06,3.6612186744595e-06,0.0,0.0,0.0,0.0,0.053248195804175294,0.0
1739302020.0,3.6612186744595e-06,3.6612186744595e-06,3.6612186744595e-06,3.6612186744595e-06,0.0,0.0,0.0,0.0,0.053248195804175294,0.0
1739302080.0,3.6612186744595e-06,3.6612186744595e-06,3.6612186744595e-06,3.6612186744595e-06,0.0,0.0,0.0,0.0,0.053248195804175294,0.0
1739302140.0,3.6612186744595e-06,3.6612186744595e-06,3.65604805502711e-06,3.65604805502711e-06,0.08127947744,2.9737180803088474e-07,-0.00141226730554507,0.0,0.053248195804175294,0.00141226730554507
1739302200.0,3.65604805502711e-06,3.65604805502711e-06,3.65604805502711e-06,3.65604805502711e-06,0.0,0.0,0.0,-1.0,0.0531729951181618,0.0
1739302260.0,3.65604805502711e-06,3.65604805502711e-06,3.65604805502711e-06,3.65604805502711e-06,0.0,0.0,0.0,0.0,0.0531729951181618,0.0
1739302320.0,3.65604805502711e-06,3.65604805502711e-06,3.65604805502711e-06,3.65604805502711e-06,0.0,0.0,0.0,0.0,0.0531729951181618,0.0
1739302380.0,3.65604805502711e-06,3.65604805502711e-06,3.65604805502711e-06,3.65604805502711e-06,0.0,0.0,0.0,0.0,0.0531729951181618,0.0
1739302440.0,3.65604805502711e-06,3.65604805502711e-06,3.65604805502711e-06,3.65604805502711e-06,0.0,0.0,0.0,0.0,0.0531729951181618,0.0
1739302500.0,3.65604805502711e-06,3.65604805502711e-06,3.65604805502711e-06,3.65604805502711e-06,0.0,0.0,0.0,0.0,0.0531729951181618,0.0
1739302560.0,3.65604805502711e-06,3.65604805502711e-06,3.65604805502711e-06,3.65604805502711e-06,0.0,0.0,0.0,0.0,0.0531729951181618,0.0
1739302620.0,3.65604805502711e-06,3.65604805502711e-06,3.65604805502711e-06,3.65604805502711e-06,0.0,0.0,0.0,0.0,0.0531729951181618,0.0
1739302680.0,3.65604805502711e-06,3.65604805502711e-06,3.65604805502711e-06,3.65604805502711e-06,0.0,0.0,0.0,0.0,0.0531729951181618,0.0
1739302740.0,3.65604805502711e-06,3.65604805502711e-06,3.65604805502711e-06,3.65604805502711e-06,0.0,0.0,0.0,0.0,0.0531729951181618,0.0
1739302800.0,3.65604805502711e-06,3.65604805502711e-06,3.65604805502711e-06,3.65604805502711e-06,0.0,0.0,0.0,0.0,0.0531729951181618,0.0
1739302860.0,3.65604805502711e-06,3.65604805502711e-06,3.65604805502711e-06,3.65604805502711e-06,0.0,0.0,0.0,0.0,0.0531729951181618,0.0
1739302920.0,3.65604805502711e-06,3.65604805502711e-06,3.65604805502711e-06,3.65604805502711e-06,0.0,0.0,0.0,0.0,0.0531729951181618,0.0
1739302980.0,3.65604805502711e-06,3.65604805502711e-06,3.65604805502711e-06,3.65604805502711e-06,0.0,0.0,0.0,0.0,0.0531729951181618,0.0
1739303040.0,3.65604805502711e-06,3.65604805502711e-06,3.65604805502711e-06,3.65604805502711e-06,0.0,0.0,0.0,0.0,0.0531729951181618,0.0
1739303100.0,3.65604805502711e-06,3.65604805502711e-06,3.65604805502711e-06,3.65604805502711e-06,0.0,0.0,0.0,0.0,0.0531729951181618,0.0
1739303160.0,3.65604805502711e-06,3.65604805502711e-06,3.65604805502711e-06,3.65604805502711e-06,0.0,0.0,0.0,0.0,0.0531729951181618,0.0
1739303220.0,3.65604805502711e-06,3.73184523979214e-06,3.65604805502711e-06,3.73184523979214e-06,58.175271,0.00021489634727259638,0.020731999039456852,0.0,0.0531729951181618,0.020731999039456852
1739303280.0,3.73184523979214e-06,3.73184523979214e-06,3.73184523979214e-06,3.73184523979214e-06,0.0,0.0,0.0,-1.0,0.054275377601876576,0.0
1739303340.0,3.73184523979214e-06,3.73184523979214e-06,3.73184523979214e-06,3.73184523979214e-06,0.0,0.0,0.0,0.0,0.054275377601876576,0.0
1739303400.0,3.73184523979214e-06,3.73184523979214e-06,3.73184523979214e-06,3.73184523979214e-06,0.0,0.0,0.0,0.0,0.054275377601876576,0.0
1739303460.0,3.73184523979214e-06,3.73184523979214e-06,3.73184523979214e-06,3.73184523979214e-06,0.0,0.0,0.0,0.0,0.054275377601876576,0.0
1739303520.0,3.73184523979214e-06,3.73184523979214e-06,3.73184523979214e-06,3.73184523979214e-06,0.0,0.0,0.0,0.0,0.054275377601876576,0.0
1739303580.0,3.73184523979214e-06,3.73184523979214e-06,3.73184523979214e-06,3.73184523979214e-06,0.0,0.0,0.0,0.0,0.054275377601876576,0.0
1739303640.0,3.73184523979214e-06,3.77981960451614e-06,3.73184523979214e-06,3.77981960451614e-06,0.6991948224,2.626058583372226e-06,0.012855400382753342,0.0,0.054275377601876576,0.012855400382753342
1739303700.0,3.77981960451614e-06,3.77981960451614e-06,3.77981960451614e-06,3.77981960451614e-06,0.0,0.0,0.0,-1.0,0.05497310931187382,0.0
1739303760.0,3.77981960451614e-06,3.77981960451614e-06,3.77981960451614e-06,3.77981960451614e-06,0.0,0.0,0.0,0.0,0.05497310931187382,0.0
1739303820.0,3.77981960451614e-06,3.77981960451614e-06,3.77981960451614e-06,3.77981960451614e-06,0.0,0.0,0.0,0.0,0.05497310931187382,0.0
1739303880.0,3.77981960451614e-06,3.77981960451614e-06,3.77981960451614e-06,3.77981960451614e-06,0.0,0.0,0.0,0.0,0.05497310931187382,0.0
1739303940.0,3.77981960451614e-06,3.77981960451614e-06,3.77981960451614e-06,3.77981960451614e-06,0.0,0.0,0.0,0.0,0.05497310931187382,0.0
1739304000.0,3.77981960451614e-06,3.77981960451614e-06,3.77981960451614e-06,3.77981960451614e-06,0.0,0.0,0.0,0.0,0.05497310931187382,0.0
1739304060.0,3.77981960451614e-06,3.77981960451614e-06,3.77981960451614e-06,3.77981960451614e-06,0.0,0.0,0.0,0.0,0.05497310931187382,0.0
1739304120.0,3.77981960451614e-06,3.77981960451614e-06,3.77981960451614e-06,3.77981960451614e-06,0.0,0.0,0.0,0.0,0.05497310931187382,0.0
1739304180.0,3.77981960451614e-06,3.77981960451614e-06,3.77981960451614e-06,3.77981960451614e-06,0.0,0.0,0.0,0.0,0.05497310931187382,0.0
1739304240.0,3.77981960451614e-06,3.77981960451614e-06,3.77981960451614e-06,3.77981960451614e-06,0.0,0.0,0.0,0.0,0.05497310931187382,0.0
1739304300.0,3.77981960451614e-06,3.84502206208152e-06,3.77981960451614e-06,3.84502206208152e-06,44.64893055,0.00017022051301333261,0.017250150638796664,0.0,0.05497310931187382,0.017250150638796664
1739304360.0,3.84502206208152e-06,3.84502206208152e-06,3.84502206208152e-06,3.84502206208152e-06,0.0,0.0,0.0,-1.0,0.05592140372858668,0.0
1739304420.0,3.84502206208152e-06,3.84502206208152e-06,3.75434887199246e-06,3.75434887199246e-06,113.4448590324,0.00043105478217547033,-0.023581968744276555,0.0,0.05592140372858668,0.023581968744276555
1739304480.0,3.75434887199246e-06,3.75434887199246e-06,3.75434887199246e-06,3.75434887199246e-06,0.0,0.0,0.0,-1.0,0.05460266693372308,0.0
1739304540.0,3.75434887199246e-06,3.75434887199246e-06,3.75434887199246e-06,3.75434887199246e-06,0.0,0.0,0.0,0.0,0.05460266693372308,0.0
1739304600.0,3.75434887199246e-06,3.75434887199246e-06,3.75434887199246e-06,3.75434887199246e-06,0.0,0.0,0.0,0.0,0.05460266693372308,0.0
1739304660.0,3.75434887199246e-06,3.75434887199246e-06,3.75434887199246e-06,3.75434887199246e-06,0.0,0.0,0.0,0.0,0.05460266693372308,0.0
1739304720.0,3.75434887199246e-06,3.75434887199246e-06,3.75434887199246e-06,3.75434887199246e-06,0.0,0.0,0.0,0.0,0.05460266693372308,0.0
1739304780.0,3.75434887199246e-06,3.75434887199246e-06,3.75434887199246e-06,3.75434887199246e-06,0.0,0.0,0.0,0.0,0.05460266693372308,0.0
1739304840.0,3.75434887199246e-06,3.75434887199246e-06,3.75434887199246e-06,3.75434887199246e-06,0.0,0.0,0.0,0.0,0.05460266693372308,0.0
1739304900.0,3.75434887199246e-06,3.75434887199246e-06,3.75434887199246e-06,3.75434887199246e-06,0.0,0.0,0.0,0.0,0.05460266693372308,0.0
1739304960.0,3.75434887199246e-06,3.75434887199246e-06,3.75434887199246e-06,3.75434887199246e-06,0.0,0.0,0.0,0.0,0.05460266693372308,0.0
1739305020.0,3.75434887199246e-06,3.75434887199246e-06,3.75434887199246e-06,3.75434887199246e-06,0.0,0.0,0.0,0.0,0.05460266693372308,0.0
1739305080.0,3.75434887199246e-06,3.75434887199246e-06,3.75434887199246e-06,3.75434887199246e-06,0.0,0.0,0.0,0.0,0.05460266693372308,0.0
1739305140.0,3.75434887199246e-06,3.75434887199246e-06,3.75434887199246e-06,3.75434887199246e-06,0.0,0.0,0.0,0.0,0.05460266693372308,0.0
1739305200.0,3.75434887199246e-06,3.75434887199246e-06,3.75434887199246e-06,3.75434887199246e-06,0.0,0.0,0.0,0.0,0.05460266693372308,0.0
1739305260.0,3.75434887199246e-06,3.75434887199246e-06,3.75434887199246e-06,3.75434887199246e-06,0.0,0.0,0.0,0.0,0.05460266693372308,0.0
1739305320.0,3.75434887199246e-06,3.75434887199246e-06,3.75434887199246e-06,3.75434887199246e-06,0.0,0.0,0.0,0.0,0.05460266693372308,0.0
1739305380.0,3.75434887199246e-06,3.75434887199246e-06,3.75434887199246e-06,3.75434887199246e-06,0.0,0.0,0.0,0.0,0.05460266693372308,0.0
1739305440.0,3.75434887199246e-06,3.75434887199246e-06,3.75434887199246e-06,3.75434887199246e-06,0.0,0.0,0.0,0.0,0.05460266693372308,0.0
1739305500.0,3.75434887199246e-06,3.75434887199246e-06,3.75434887199246e-06,3.75434887199246e-06,0.0,0.0,0.0,0.0,0.05460266693372308,0.0
1739305560.0,3.75434887199246e-06,3.75434887199246e-06,3.75434887199246e-06,3.75434887199246e-06,0.0,0.0,0.0,0.0,0.05460266693372308,0.0
1739305620.0,3.75434887199246e-06,3.75434887199246e-06,3.75434887199246e-06,3.75434887199246e-06,0.0,0.0,0.0,0.0,0.05460266693372308,0.0
1739305680.0,3.75434887199246e-06,3.75434887199246e-06,3.75434887199246e-06,3.75434887199246e-06,0.0,0.0,0.0,0.0,0.05460266693372308,0.0
1739305740.0,3.75434887199246e-06,3.75434887199246e-06,3.75434887199246e-06,3.75434887199246e-06,0.0,0.0,0.0,0.0,0.05460266693372308,0.0
1739305800.0,3.75434887199246e-06,3.75434887199246e-06,3.75434887199246e-06,3.75434887199246e-06,0.0,0.0,0.0,0.0,0.05460266693372308,0.0
1739305860.0,3.75434887199246e-06,3.75434887199246e-06,3.75434887199246e-06,3.75434887199246e-06,0.0,0.0,0.0,0.0,0.05460266693372308,0.0
1739305920.0,3.75434887199246e-06,3.75434887199246e-06,3.75434887199246e-06,3.75434887199246e-06,0.0,0.0,0.0,0.0,0.05460266693372308,0.0
1739305980.0,3.75434887199246e-06,3.75434887199246e-06,3.70872781322733e-06,3.70872781322733e-06,39.342,0.0001468061814749585,-0.012151523558576197,0.0,0.05460266693372308,0.012151523558576197
1739306040.0,3.70872781322733e-06,3.70872781322733e-06,3.70872781322733e-06,3.70872781322733e-06,0.0,0.0,0.0,-1.0,0.05393916134011685,0.0
1739306100.0,3.70872781322733e-06,3.70872781322733e-06,3.70872781322733e-06,3.70872781322733e-06,0.0,0.0,0.0,0.0,0.05393916134011685,0.0
1739306160.0,3.70872781322733e-06,3.70872781322733e-06,3.70872781322733e-06,3.70872781322733e-06,0.0,0.0,0.0,0.0,0.05393916134011685,0.0
1739306220.0,3.70872781322733e-06,3.70872781322733e-06,3.70872781322733e-06,3.70872781322733e-06,0.0,0.0,0.0,0.0,0.05393916134011685,0.0
1739306280.0,3.70872781322733e-06,3.70872781322733e-06,3.70872781322733e-06,3.70872781322733e-06,0.0,0.0,0.0,0.0,0.05393916134011685,0.0
1739306340.0,3.70872781322733e-06,3.70872781322733e-06,3.70872781322733e-06,3.70872781322733e-06,0.0,0.0,0.0,0.0,0.05393916134011685,0.0
1739306400.0,3.70872781322733e-06,3.70872781322733e-06,3.70872781322733e-06,3.70872781322733e-06,0.0,0.0,0.0,0.0,0.05393916134011685,0.0
1739306460.0,3.70872781322733e-06,3.70872781322733e-06,3.70872781322733e-06,3.70872781322733e-06,0.0,0.0,0.0,0.0,0.05393916134011685,0.0
1739306520.0,3.70872781322733e-06,3.70872781322733e-06,3.70872781322733e-06,3.70872781322733e-06,0.0,0.0,0.0,0.0,0.05393916134011685,0.0
1739306580.0,3.70872781322733e-06,3.70872781322733e-06,3.70872781322733e-06,3.70872781322733e-06,0.0,0.0,0.0,0.0,0.05393916134011685,0.0
1739306640.0,3.70872781322733e-06,3.70872781322733e-06,3.70872781322733e-06,3.70872781322733e-06,0.0,0.0,0.0,0.0,0.05393916134011685,0.0
1739306700.0,3.70872781322733e-06,3.70872781322733e-06,3.70872781322733e-06,3.70872781322733e-06,0.0,0.0,0.0,0.0,0.05393916134011685,0.0
1739306760.0,3.70872781322733e-06,3.70872781322733e-06,3.70872781322733e-06,3.70872781322733e-06,0.0,0.0,0.0,0.0,0.05393916134011685,0.0
1739306820.0,3.70872781322733e-06,3.70872781322733e-06,3.70872781322733e-06,3.70872781322733e-06,0.0,0.0,0.0,0.0,0.05393916134011685,0.0
1739306880.0,3.70872781322733e-06,3.70872781322733e-06,3.70872781322733e-06,3.70872781322733e-06,0.0,0.0,0.0,0.0,0.05393916134011685,0.0
1739306940.0,3.70872781322733e-06,3.70872781322733e-06,3.70872781322733e-06,3.70872781322733e-06,0.0,0.0,0.0,0.0,0.05393916134011685,0.0
1739307000.0,3.70872781322733e-06,3.70872781322733e-06,3.70872781322733e-06,3.70872781322733e-06,0.0,0.0,0.0,0.0,0.05393916134011685,0.0
1739307060.0,3.70872781322733e-06,3.70872781322733e-06,3.70872781322733e-06,3.70872781322733e-06,0.0,0.0,0.0,0.0,0.05393916134011685,0.0
1739307120.0,3.70872781322733e-06,3.70872781322733e-06,3.70872781322733e-06,3.70872781322733e-06,0.0,0.0,0.0,0.0,0.05393916134011685,0.0
1739307180.0,3.70872781322733e-06,3.70872781322733e-06,3.70872781322733e-06,3.70872781322733e-06,0.0,0.0,0.0,0.0,0.05393916134011685,0.0
1739307240.0,3.70872781322733e-06,3.70872781322733e-06,3.70872781322733e-06,3.70872781322733e-06,0.0,0.0,0.0,0.0,0.05393916134011685,0.0
1739307300.0,3.70872781322733e-06,3.70872781322733e-06,3.70872781322733e-06,3.70872781322733e-06,0.0,0.0,0.0,0.0,0.05393916134011685,0.0
1739307360.0,3.70872781322733e-06,3.70872781322733e-06,3.70872781322733e-06,3.70872781322733e-06,0.0,0.0,0.0,0.0,0.05393916134011685,0.0
1739307420.0,3.70872781322733e-06,3.72337424187153e-06,3.70872781322733e-06,3.72337424187153e-06,4.368575424,1.6233849193282386e-05,0.003949178635316109,0.0,0.05393916134011685,0.003949178635316109
1739307480.0,3.72337424187153e-06,3.72337424187153e-06,3.72337424187153e-06,3.72337424187153e-06,0.0,0.0,0.0,-1.0,0.054152176723688106,0.0
1739307540.0,3.72337424187153e-06,3.72337424187153e-06,3.72337424187153e-06,3.72337424187153e-06,0.0,0.0,0.0,0.0,0.054152176723688106,0.0
1739307600.0,3.72337424187153e-06,3.72337424187153e-06,3.65400075921571e-06,3.65400075921571e-06,67.96594345371,0.00025070512608035454,-0.018631885528903925,0.0,0.054152176723688106,0.018631885528903925
1739307660.0,3.65400075921571e-06,3.65400075921571e-06,3.65400075921571e-06,3.65400075921571e-06,0.0,0.0,0.0,-1.0,0.05314321956583137,0.0
1739307720.0,3.65400075921571e-06,3.65400075921571e-06,3.65400075921571e-06,3.65400075921571e-06,0.0,0.0,0.0,0.0,0.05314321956583137,0.0
1739307780.0,3.65400075921571e-06,3.65400075921571e-06,3.65400075921571e-06,3.65400075921571e-06,0.0,0.0,0.0,0.0,0.05314321956583137,0.0
1739307840.0,3.65400075921571e-06,3.65400075921571e-06,3.65400075921571e-06,3.65400075921571e-06,0.0,0.0,0.0,0.0,0.05314321956583137,0.0
1739307900.0,3.65400075921571e-06,3.65400075921571e-06,3.65400075921571e-06,3.65400075921571e-06,0.0,0.0,0.0,0.0,0.05314321956583137,0.0
1739307960.0,3.65400075921571e-06,3.65400075921571e-06,3.65400075921571e-06,3.65400075921571e-06,0.0,0.0,0.0,0.0,0.05314321956583137,0.0
1739308020.0,3.65400075921571e-06,3.65400075921571e-06,3.65400075921571e-06,3.65400075921571e-06,0.0,0.0,0.0,0.0,0.05314321956583137,0.0
1739308080.0,3.65400075921571e-06,3.65400075921571e-06,3.65400075921571e-06,3.65400075921571e-06,0.0,0.0,0.0,0.0,0.05314321956583137,0.0
1739308140.0,3.65400075921571e-06,3.65400075921571e-06,3.65400075921571e-06,3.65400075921571e-06,0.0,0.0,0.0,0.0,0.05314321956583137,0.0
1739308200.0,3.65400075921571e-06,3.65400075921571e-06,3.65400075921571e-06,3.65400075921571e-06,0.0,0.0,0.0,0.0,0.05314321956583137,0.0
1739308260.0,3.65400075921571e-06,3.65400075921571e-06,3.65400075921571e-06,3.65400075921571e-06,0.0,0.0,0.0,0.0,0.05314321956583137,0.0
1739308320.0,3.65400075921571e-06,3.65400075921571e-06,3.65400075921571e-06,3.65400075921571e-06,0.0,0.0,0.0,0.0,0.05314321956583137,0.0
1739308380.0,3.65400075921571e-06,3.65400075921571e-06,3.65400075921571e-06,3.65400075921571e-06,0.0,0.0,0.0,0.0,0.05314321956583137,0.0
1739308440.0,3.65400075921571e-06,3.65400075921571e-06,3.65400075921571e-06,3.65400075921571e-06,0.0,0.0,0.0,0.0,0.05314321956583137,0.0
1739308500.0,3.65400075921571e-06,3.65400075921571e-06,3.65400075921571e-06,3.65400075921571e-06,0.0,0.0,0.0,0.0,0.05314321956583137,0.0
1739308560.0,3.65400075921571e-06,3.65400075921571e-06,3.65400075921571e-06,3.65400075921571e-06,0.0,0.0,0.0,0.0,0.05314321956583137,0.0
1739308620.0,3.65400075921571e-06,3.65400075921571e-06,3.65400075921571e-06,3.65400075921571e-06,0.0,0.0,0.0,0.0,0.05314321956583137,0.0
1739308680.0,3.65400075921571e-06,3.65400075921571e-06,3.65400075921571e-06,3.65400075921571e-06,0.0,0.0,0.0,0.0,0.05314321956583137,0.0
1739308740.0,3.65400075921571e-06,3.65400075921571e-06,3.65400075921571e-06,3.65400075921571e-06,0.0,0.0,0.0,0.0,0.05314321956583137,0.0
1739308800.0,3.65400075921571e-06,3.65400075921571e-06,3.65400075921571e-06,3.65400075921571e-06,0.0,0.0,0.0,0.0,0.05314321956583137,0.0
1739308860.0,3.65400075921571e-06,3.65400075921571e-06,3.65400075921571e-06,3.65400075921571e-06,0.0,0.0,0.0,0.0,0.05314321956583137,0.0
1739308920.0,3.65400075921571e-06,3.65400075921571e-06,3.65400075921571e-06,3.65400075921571e-06,0.0,0.0,0.0,0.0,0.05314321956583137,0.0
1739308980.0,3.65400075921571e-06,3.65400075921571e-06,3.65400075921571e-06,3.65400075921571e-06,0.0,0.0,0.0,0.0,0.05314321956583137,0.0
1739309040.0,3.65400075921571e-06,3.65400075921571e-06,3.65400075921571e-06,3.65400075921571e-06,0.0,0.0,0.0,0.0,0.05314321956583137,0.0
1739309100.0,3.65400075921571e-06,3.65400075921571e-06,3.65400075921571e-06,3.65400075921571e-06,0.0,0.0,0.0,0.0,0.05314321956583137,0.0
1739309160.0,3.65400075921571e-06,3.65400075921571e-06,3.65400075921571e-06,3.65400075921571e-06,0.0,0.0,0.0,0.0,0.05314321956583137,0.0
1739309220.0,3.65400075921571e-06,3.65400075921571e-06,3.65400075921571e-06,3.65400075921571e-06,0.0,0.0,0.0,0.0,0.05314321956583137,0.0
1739309280.0,3.65400075921571e-06,3.65400075921571e-06,3.65400075921571e-06,3.65400075921571e-06,0.0,0.0,0.0,0.0,0.05314321956583137,0.0
1739309340.0,3.65400075921571e-06,3.65400075921571e-06,3.65400075921571e-06,3.65400075921571e-06,0.0,0.0,0.0,0.0,0.05314321956583137,0.0
1739309400.0,3.65400075921571e-06,3.65400075921571e-06,3.65400075921571e-06,3.65400075921571e-06,0.0,0.0,0.0,0.0,0.05314321956583137,0.0
1739309460.0,3.65400075921571e-06,3.65400075921571e-06,3.65400075921571e-06,3.65400075921571e-06,0.0,0.0,0.0,0.0,0.05314321956583137,0.0
1739309520.0,3.65400075921571e-06,3.65400075921571e-06,3.65400075921571e-06,3.65400075921571e-06,0.0,0.0,0.0,0.0,0.05314321956583137,0.0
1739309580.0,3.65400075921571e-06,3.65400075921571e-06,3.65400075921571e-06,3.65400075921571e-06,0.0,0.0,0.0,0.0,0.05314321956583137,0.0
1739309640.0,3.65400075921571e-06,3.65400075921571e-06,3.65400075921571e-06,3.65400075921571e-06,0.0,0.0,0.0,0.0,0.05314321956583137,0.0
1739309700.0,3.65400075921571e-06,3.65400075921571e-06,3.62003196815229e-06,3.620765961021e-06,0.0011752092,4.274686388738004e-09,-0.009095454649506878,0.0,0.05314321956583137,0.009296328408730518
1739309760.0,3.620765961021e-06,3.620765961021e-06,3.620765961021e-06,3.620765961021e-06,0.0,0.0,0.0,-1.0,0.05265985782234157,0.0
1739309820.0,3.620765961021e-06,3.620765961021e-06,3.620765961021e-06,3.620765961021e-06,0.0,0.0,0.0,0.0,0.05265985782234157,0.0
1739309880.0,3.620765961021e-06,3.620765961021e-06,3.620765961021e-06,3.620765961021e-06,0.0,0.0,0.0,0.0,0.05265985782234157,0.0
1739309940.0,3.620765961021e-06,3.620765961021e-06,3.620765961021e-06,3.620765961021e-06,0.0,0.0,0.0,0.0,0.05265985782234157,0.0
1739310000.0,3.620765961021e-06,3.620765961021e-06,3.620765961021e-06,3.620765961021e-06,0.0,0.0,0.0,0.0,0.05265985782234157,0.0
1739310060.0,3.620765961021e-06,3.620765961021e-06,3.620765961021e-06,3.620765961021e-06,0.0,0.0,0.0,0.0,0.05265985782234157,0.0
1739310120.0,3.620765961021e-06,3.620765961021e-06,3.620765961021e-06,3.620765961021e-06,0.0,0.0,0.0,0.0,0.05265985782234157,0.0
1739310180.0,3.620765961021e-06,3.620765961021e-06,3.620765961021e-06,3.620765961021e-06,0.0,0.0,0.0,0.0,0.05265985782234157,0.0
1739310240.0,3.620765961021e-06,3.620765961021e-06,3.620765961021e-06,3.620765961021e-06,0.0,0.0,0.0,0.0,0.05265985782234157,0.0
1739310300.0,3.620765961021e-06,3.620765961021e-06,3.620765961021e-06,3.620765961021e-06,0.0,0.0,0.0,0.0,0.05265985782234157,0.0
1739310360.0,3.620765961021e-06,3.620765961021e-06,3.620765961021e-06,3.620765961021e-06,0.0,0.0,0.0,0.0,0.05265985782234157,0.0
1739310420.0,3.620765961021e-06,3.620765961021e-06,3.620765961021e-06,3.620765961021e-06,0.0,0.0,0.0,0.0,0.05265985782234157,0.0
1739310480.0,3.620765961021e-06,3.620765961021e-06,3.620765961021e-06,3.620765961021e-06,0.0,0.0,0.0,0.0,0.05265985782234157,0.0
1739310540.0,3.620765961021e-06,3.620765961021e-06,3.620765961021e-06,3.620765961021e-06,0.0,0.0,0.0,0.0,0.05265985782234157,0.0
1739310600.0,3.620765961021e-06,3.620765961021e-06,3.620765961021e-06,3.620765961021e-06,0.0,0.0,0.0,0.0,0.05265985782234157,0.0
1739310660.0,3.620765961021e-06,3.620765961021e-06,3.620765961021e-06,3.620765961021e-06,0.0,0.0,0.0,0.0,0.05265985782234157,0.0
1739310720.0,3.620765961021e-06,3.620765961021e-06,3.620765961021e-06,3.620765961021e-06,0.0,0.0,0.0,0.0,0.05265985782234157,0.0
1739310780.0,3.620765961021e-06,3.620765961021e-06,3.620765961021e-06,3.620765961021e-06,0.0,0.0,0.0,0.0,0.05265985782234157,0.0
1739310840.0,3.620765961021e-06,3.620765961021e-06,3.620765961021e-06,3.620765961021e-06,0.0,0.0,0.0,0.0,0.05265985782234157,0.0
1739310900.0,3.620765961021e-06,3.620765961021e-06,3.620765961021e-06,3.620765961021e-06,0.0,0.0,0.0,0.0,0.05265985782234157,0.0
1739310960.0,3.620765961021e-06,3.620765961021e-06,3.620765961021e-06,3.620765961021e-06,0.0,0.0,0.0,0.0,0.05265985782234157,0.0
1739311020.0,3.620765961021e-06,3.620765961021e-06,3.620765961021e-06,3.620765961021e-06,0.0,0.0,0.0,0.0,0.05265985782234157,0.0
1739311080.0,3.620765961021e-06,3.620765961021e-06,3.620765961021e-06,3.620765961021e-06,0.0,0.0,0.0,0.0,0.05265985782234157,0.0
1739311140.0,3.620765961021e-06,3.620765961021e-06,3.620765961021e-06,3.620765961021e-06,0.0,0.0,0.0,0.0,0.05265985782234157,0.0
1739311200.0,3.620765961021e-06,3.620765961021e-06,3.620765961021e-06,3.620765961021e-06,0.0,0.0,0.0,0.0,0.05265985782234157,0.0
1739311260.0,3.620765961021e-06,3.620765961021e-06,3.620765961021e-06,3.620765961021e-06,0.0,0.0,0.0,0.0,0.05265985782234157,0.0
1739311320.0,3.620765961021e-06,3.620765961021e-06,3.620765961021e-06,3.620765961021e-06,0.0,0.0,0.0,0.0,0.05265985782234157,0.0
1739311380.0,3.620765961021e-06,3.620765961021e-06,3.620765961021e-06,3.620765961021e-06,0.0,0.0,0.0,0.0,0.05265985782234157,0.0
1739311440.0,3.620765961021e-06,3.620765961021e-06,3.620765961021e-06,3.620765961021e-06,0.0,0.0,0.0,0.0,0.05265985782234157,0.0
1739311500.0,3.620765961021e-06,3.620765961021e-06,3.620765961021e-06,3.620765961021e-06,0.0,0.0,0.0,0.0,0.05265985782234157,0.0
1739311560.0,3.620765961021e-06,3.620765961021e-06,3.620765961021e-06,3.620765961021e-06,0.0,0.0,0.0,0.0,0.05265985782234157,0.0
1739311620.0,3.620765961021e-06,3.620765961021e-06,3.620765961021e-06,3.620765961021e-06,0.0,0.0,0.0,0.0,0.05265985782234157,0.0
1739311680.0,3.620765961021e-06,3.620765961021e-06,3.620765961021e-06,3.620765961021e-06,0.0,0.0,0.0,0.0,0.05265985782234157,0.0
1739311740.0,3.620765961021e-06,3.620765961021e-06,3.620765961021e-06,3.620765961021e-06,0.0,0.0,0.0,0.0,0.05265985782234157,0.0
1739311800.0,3.620765961021e-06,3.620765961021e-06,3.620765961021e-06,3.620765961021e-06,0.0,0.0,0.0,0.0,0.05265985782234157,0.0
1739311860.0,3.620765961021e-06,3.620765961021e-06,3.620765961021e-06,3.620765961021e-06,0.0,0.0,0.0,0.0,0.05265985782234157,0.0
1739311920.0,3.620765961021e-06,3.620765961021e-06,3.620765961021e-06,3.620765961021e-06,0.0,0.0,0.0,0.0,0.05265985782234157,0.0
1739311980.0,3.620765961021e-06,3.620765961021e-06,3.620765961021e-06,3.620765961021e-06,0.0,0.0,0.0,0.0,0.05265985782234157,0.0
1739312040.0,3.620765961021e-06,3.620765961021e-06,3.620765961021e-06,3.620765961021e-06,0.0,0.0,0.0,0.0,0.05265985782234157,0.0
1739312100.0,3.620765961021e-06,3.620765961021e-06,3.620765961021e-06,3.620765961021e-06,0.0,0.0,0.0,0.0,0.05265985782234157,0.0
1739312160.0,3.620765961021e-06,3.620765961021e-06,3.620765961021e-06,3.620765961021e-06,0.0,0.0,0.0,0.0,0.05265985782234157,0.0
1739312220.0,3.620765961021e-06,3.620765961021e-06,3.620765961021e-06,3.620765961021e-06,0.0,0.0,0.0,0.0,0.05265985782234157,0.0
1739312280.0,3.620765961021e-06,3.620765961021e-06,3.620765961021e-06,3.620765961021e-06,0.0,0.0,0.0,0.0,0.05265985782234157,0.0
1739312340.0,3.620765961021e-06,3.620765961021e-06,3.620765961021e-06,3.620765961021e-06,0.0,0.0,0.0,0.0,0.05265985782234157,0.0
1739312400.0,3.620765961021e-06,3.620765961021e-06,3.620765961021e-06,3.620765961021e-06,0.0,0.0,0.0,0.0,0.05265985782234157,0.0
1739312460.0,3.620765961021e-06,3.620765961021e-06,3.620765961021e-06,3.620765961021e-06,0.0,0.0,0.0,0.0,0.05265985782234157,0.0
1739312520.0,3.620765961021e-06,3.620765961021e-06,3.620765961021e-06,3.620765961021e-06,0.0,0.0,0.0,0.0,0.05265985782234157,0.0
1739312580.0,3.620765961021e-06,3.620765961021e-06,3.620765961021e-06,3.620765961021e-06,0.0,0.0,0.0,0.0,0.05265985782234157,0.0
1739312640.0,3.620765961021e-06,3.620765961021e-06,3.620765961021e-06,3.620765961021e-06,0.0,0.0,0.0,0.0,0.05265985782234157,0.0
1739312700.0,3.620765961021e-06,3.620765961021e-06,3.620765961021e-06,3.620765961021e-06,0.0,0.0,0.0,0.0,0.05265985782234157,0.0
1739312760.0,3.620765961021e-06,3.620765961021e-06,3.620765961021e-06,3.620765961021e-06,0.0,0.0,0.0,0.0,0.05265985782234157,0.0
1739312820.0,3.620765961021e-06,3.620765961021e-06,3.620765961021e-06,3.620765961021e-06,0.0,0.0,0.0,0.0,0.05265985782234157,0.0
1739312880.0,3.620765961021e-06,3.620765961021e-06,3.620765961021e-06,3.620765961021e-06,0.0,0.0,0.0,0.0,0.05265985782234157,0.0
1739312940.0,3.620765961021e-06,3.620765961021e-06,3.620765961021e-06,3.620765961021e-06,0.0,0.0,0.0,0.0,0.05265985782234157,0.0
1739313000.0,3.620765961021e-06,3.620765961021e-06,3.620765961021e-06,3.620765961021e-06,0.0,0.0,0.0,0.0,0.05265985782234157,0.0
1739313060.0,3.620765961021e-06,3.620765961021e-06,3.620765961021e-06,3.620765961021e-06,0.0,0.0,0.0,0.0,0.05265985782234157,0.0
1739313120.0,3.620765961021e-06,3.620765961021e-06,3.620765961021e-06,3.620765961021e-06,0.0,0.0,0.0,0.0,0.05265985782234157,0.0
1739313180.0,3.620765961021e-06,3.620765961021e-06,3.620765961021e-06,3.620765961021e-06,0.0,0.0,0.0,0.0,0.05265985782234157,0.0
1739313240.0,3.620765961021e-06,3.620765961021e-06,3.620765961021e-06,3.620765961021e-06,0.0,0.0,0.0,0.0,0.05265985782234157,0.0
1739313300.0,3.620765961021e-06,3.620765961021e-06,3.620765961021e-06,3.620765961021e-06,0.0,0.0,0.0,0.0,0.05265985782234157,0.0
1739313360.0,3.620765961021e-06,3.620765961021e-06,3.620765961021e-06,3.620765961021e-06,0.0,0.0,0.0,0.0,0.05265985782234157,0.0
1739313420.0,3.620765961021e-06,3.620765961021e-06,3.620765961021e-06,3.620765961021e-06,0.0,0.0,0.0,0.0,0.05265985782234157,0.0
1739313480.0,3.620765961021e-06,3.620765961021e-06,3.620765961021e-06,3.620765961021e-06,0.0,0.0,0.0,0.0,0.05265985782234157,0.0
1739313540.0,3.620765961021e-06,3.620765961021e-06,3.620765961021e-06,3.620765961021e-06,0.0,0.0,0.0,0.0,0.05265985782234157,0.0
1739313600.0,3.620765961021e-06,3.620765961021e-06,3.620765961021e-06,3.620765961021e-06,0.0,0.0,0.0,0.0,0.05265985782234157,0.0
1739313660.0,3.620765961021e-06,3.620765961021e-06,3.620765961021e-06,3.620765961021e-06,0.0,0.0,0.0,0.0,0.05265985782234157,0.0
1739313720.0,3.620765961021e-06,3.620765961021e-06,3.620765961021e-06,3.620765961021e-06,0.0,0.0,0.0,0.0,0.05265985782234157,0.0
1739313780.0,3.620765961021e-06,3.620765961021e-06,3.620765961021e-06,3.620765961021e-06,0.0,0.0,0.0,0.0,0.05265985782234157,0.0
1739313840.0,3.620765961021e-06,3.620765961021e-06,3.620765961021e-06,3.620765961021e-06,0.0,0.0,0.0,0.0,0.05265985782234157,0.0
1739313900.0,3.620765961021e-06,3.620765961021e-06,3.620765961021e-06,3.620765961021e-06,0.0,0.0,0.0,0.0,0.05265985782234157,0.0
1739313960.0,3.620765961021e-06,3.620765961021e-06,3.620765961021e-06,3.620765961021e-06,0.0,0.0,0.0,0.0,0.05265985782234157,0.0
1739314020.0,3.620765961021e-06,3.620765961021e-06,3.60124212445596e-06,3.60124212445596e-06,0.00963546199,3.479369219954296e-08,-0.005392184077960853,0.0,0.05265985782234157,0.005392184077960853
1739314080.0,3.60124212445596e-06,3.60124212445596e-06,3.60124212445596e-06,3.60124212445596e-06,0.0,0.0,0.0,-1.0,0.052375906175444256,0.0
1739314140.0,3.60124212445596e-06,3.60124212445596e-06,3.60124212445596e-06,3.60124212445596e-06,0.0,0.0,0.0,0.0,0.052375906175444256,0.0
1739314200.0,3.60124212445596e-06,3.60124212445596e-06,3.60124212445596e-06,3.60124212445596e-06,0.0,0.0,0.0,0.0,0.052375906175444256,0.0
1739314260.0,3.60124212445596e-06,3.60124212445596e-06,3.60124212445596e-06,3.60124212445596e-06,0.0,0.0,0.0,0.0,0.052375906175444256,0.0
1739314320.0,3.60124212445596e-06,3.60124212445596e-06,3.60124212445596e-06,3.60124212445596e-06,0.0,0.0,0.0,0.0,0.052375906175444256,0.0
1739314380.0,3.60124212445596e-06,3.60124212445596e-06,3.60124212445596e-06,3.60124212445596e-06,0.0,0.0,0.0,0.0,0.052375906175444256,0.0
1739314440.0,3.60124212445596e-06,3.60124212445596e-06,3.60124212445596e-06,3.60124212445596e-06,0.0,0.0,0.0,0.0,0.052375906175444256,0.0
1739314500.0,3.60124212445596e-06,3.60124212445596e-06,3.60124212445596e-06,3.60124212445596e-06,0.0,0.0,0.0,0.0,0.052375906175444256,0.0
1739314560.0,3.60124212445596e-06,3.60124212445596e-06,3.60124212445596e-06,3.60124212445596e-06,0.0,0.0,0.0,0.0,0.052375906175444256,0.0
1739314620.0,3.60124212445596e-06,3.60124212445596e-06,3.60124212445596e-06,3.60124212445596e-06,0.0,0.0,0.0,0.0,0.052375906175444256,0.0
1739314680.0,3.60124212445596e-06,3.60124212445596e-06,3.60124212445596e-06,3.60124212445596e-06,0.0,0.0,0.0,0.0,0.052375906175444256,0.0
1739314740.0,3.60124212445596e-06,3.60124212445596e-06,3.60124212445596e-06,3.60124212445596e-06,0.0,0.0,0.0,0.0,0.052375906175444256,0.0
1739314800.0,3.60124212445596e-06,3.60124212445596e-06,3.60124212445596e-06,3.60124212445596e-06,0.0,0.0,0.0,0.0,0.052375906175444256,0.0
1739314860.0,3.60124212445596e-06,3.60124212445596e-06,3.60124212445596e-06,3.60124212445596e-06,0.0,0.0,0.0,0.0,0.052375906175444256,0.0
1739314920.0,3.60124212445596e-06,3.60124212445596e-06,3.60124212445596e-06,3.60124212445596e-06,0.0,0.0,0.0,0.0,0.052375906175444256,0.0
1739314980.0,3.60124212445596e-06,3.60124212445596e-06,3.60124212445596e-06,3.60124212445596e-06,0.0,0.0,0.0,0.0,0.052375906175444256,0.0
1739315040.0,3.60124212445596e-06,3.60124212445596e-06,3.60124212445596e-06,3.60124212445596e-06,0.0,0.0,0.0,0.0,0.052375906175444256,0.0
1739315100.0,3.60124212445596e-06,3.60124212445596e-06,3.60124212445596e-06,3.60124212445596e-06,0.0,0.0,0.0,0.0,0.052375906175444256,0.0
1739315160.0,3.60124212445596e-06,3.60124212445596e-06,3.60124212445596e-06,3.60124212445596e-06,0.0,0.0,0.0,0.0,0.052375906175444256,0.0
1739315220.0,3.60124212445596e-06,3.60124212445596e-06,3.60124212445596e-06,3.60124212445596e-06,0.0,0.0,0.0,0.0,0.052375906175444256,0.0
1739315280.0,3.60124212445596e-06,3.60124212445596e-06,3.60124212445596e-06,3.60124212445596e-06,0.0,0.0,0.0,0.0,0.052375906175444256,0.0
1739315340.0,3.60124212445596e-06,3.60124212445596e-06,3.60124212445596e-06,3.60124212445596e-06,0.0,0.0,0.0,0.0,0.052375906175444256,0.0
1739315400.0,3.60124212445596e-06,3.60124212445596e-06,3.60124212445596e-06,3.60124212445596e-06,0.0,0.0,0.0,0.0,0.052375906175444256,0.0
1739315460.0,3.60124212445596e-06,3.60124212445596e-06,3.60124212445596e-06,3.60124212445596e-06,0.0,0.0,0.0,0.0,0.052375906175444256,0.0
1739315520.0,3.60124212445596e-06,3.60124212445596e-06,3.60124212445596e-06,3.60124212445596e-06,0.0,0.0,0.0,0.0,0.052375906175444256,0.0
1739315580.0,3.60124212445596e-06,3.60124212445596e-06,3.60124212445596e-06,3.60124212445596e-06,0.0,0.0,0.0,0.0,0.052375906175444256,0.0
1739315640.0,3.60124212445596e-06,3.60124212445596e-06,3.60124212445596e-06,3.60124212445596e-06,0.0,0.0,0.0,0.0,0.052375906175444256,0.0
1739315700.0,3.60124212445596e-06,3.60124212445596e-06,3.54628448293547e-06,3.54628448293547e-06,49.37865473028,0.00017646762426093548,-0.015260746048501868,0.0,0.052375906175444256,0.015260746048501868
1739315760.0,3.54628448293547e-06,3.54628448293547e-06,3.54628448293547e-06,3.54628448293547e-06,0.0,0.0,0.0,-1.0,0.05157661077224064,0.0
1739315820.0,3.54628448293547e-06,3.54628448293547e-06,3.54628448293547e-06,3.54628448293547e-06,0.0,0.0,0.0,0.0,0.05157661077224064,0.0
1739315880.0,3.54628448293547e-06,3.54628448293547e-06,3.54628448293547e-06,3.54628448293547e-06,0.0,0.0,0.0,0.0,0.05157661077224064,0.0
1739315940.0,3.54628448293547e-06,3.54628448293547e-06,3.54628448293547e-06,3.54628448293547e-06,0.0,0.0,0.0,0.0,0.05157661077224064,0.0
1739316000.0,3.54628448293547e-06,3.54628448293547e-06,3.54628448293547e-06,3.54628448293547e-06,0.0,0.0,0.0,0.0,0.05157661077224064,0.0
1739316060.0,3.54628448293547e-06,3.54628448293547e-06,3.54628448293547e-06,3.54628448293547e-06,0.0,0.0,0.0,0.0,0.05157661077224064,0.0
1739316120.0,3.54628448293547e-06,3.54628448293547e-06,3.54628448293547e-06,3.54628448293547e-06,0.0,0.0,0.0,0.0,0.05157661077224064,0.0
1739316180.0,3.54628448293547e-06,3.54628448293547e-06,3.54628448293547e-06,3.54628448293547e-06,0.0,0.0,0.0,0.0,0.05157661077224064,0.0
1739316240.0,3.54628448293547e-06,3.54628448293547e-06,3.54628448293547e-06,3.54628448293547e-06,0.0,0.0,0.0,0.0,0.05157661077224064,0.0
1739316300.0,3.54628448293547e-06,3.54628448293547e-06,3.54628448293547e-06,3.54628448293547e-06,0.0,0.0,0.0,0.0,0.05157661077224064,0.0
1739316360.0,3.54628448293547e-06,3.54628448293547e-06,3.54628448293547e-06,3.54628448293547e-06,0.0,0.0,0.0,0.0,0.05157661077224064,0.0
1739316420.0,3.54628448293547e-06,3.54628448293547e-06,3.54628448293547e-06,3.54628448293547e-06,0.0,0.0,0.0,0.0,0.05157661077224064,0.0
1739316480.0,3.54628448293547e-06,3.54628448293547e-06,3.54628448293547e-06,3.54628448293547e-06,0.0,0.0,0.0,0.0,0.05157661077224064,0.0
1739316540.0,3.54628448293547e-06,3.54628448293547e-06,3.54628448293547e-06,3.54628448293547e-06,0.0,0.0,0.0,0.0,0.05157661077224064,0.0
1739316600.0,3.54628448293547e-06,3.54628448293547e-06,3.54628448293547e-06,3.54628448293547e-06,0.0,0.0,0.0,0.0,0.05157661077224064,0.0
1739316660.0,3.54628448293547e-06,3.54628448293547e-06,3.54628448293547e-06,3.54628448293547e-06,0.0,0.0,0.0,0.0,0.05157661077224064,0.0
1739316720.0,3.54628448293547e-06,3.54628448293547e-06,3.54628448293547e-06,3.54628448293547e-06,0.0,0.0,0.0,0.0,0.05157661077224064,0.0
1739316780.0,3.54628448293547e-06,3.54628448293547e-06,3.54628448293547e-06,3.54628448293547e-06,0.0,0.0,0.0,0.0,0.05157661077224064,0.0
1739316840.0,3.54628448293547e-06,3.54628448293547e-06,3.54628448293547e-06,3.54628448293547e-06,0.0,0.0,0.0,0.0,0.05157661077224064,0.0
1739316900.0,3.54628448293547e-06,3.54628448293547e-06,3.54628448293547e-06,3.54628448293547e-06,0.0,0.0,0.0,0.0,0.05157661077224064,0.0
1739316960.0,3.54628448293547e-06,3.54628448293547e-06,3.54628448293547e-06,3.54628448293547e-06,0.0,0.0,0.0,0.0,0.05157661077224064,0.0
1739317020.0,3.54628448293547e-06,3.54628448293547e-06,3.54628448293547e-06,3.54628448293547e-06,0.0,0.0,0.0,0.0,0.05157661077224064,0.0
1739317080.0,3.54628448293547e-06,3.54628448293547e-06,3.54628448293547e-06,3.54628448293547e-06,0.0,0.0,0.0,0.0,0.05157661077224064,0.0
1739317140.0,3.54628448293547e-06,3.54628448293547e-06,3.54628448293547e-06,3.54628448293547e-06,0.0,0.0,0.0,0.0,0.05157661077224064,0.0
1739317200.0,3.54628448293547e-06,3.54628448293547e-06,3.54628448293547e-06,3.54628448293547e-06,0.0,0.0,0.0,0.0,0.05157661077224064,0.0
1739317260.0,3.54628448293547e-06,3.54628448293547e-06,3.54628448293547e-06,3.54628448293547e-06,0.0,0.0,0.0,0.0,0.05157661077224064,0.0
1739317320.0,3.54628448293547e-06,3.54628448293547e-06,3.54628448293547e-06,3.54628448293547e-06,0.0,0.0,0.0,0.0,0.05157661077224064,0.0
1739317380.0,3.54628448293547e-06,3.54628448293547e-06,3.54628448293547e-06,3.54628448293547e-06,0.0,0.0,0.0,0.0,0.05157661077224064,0.0
1739317440.0,3.54628448293547e-06,3.54628448293547e-06,3.54628448293547e-06,3.54628448293547e-06,0.0,0.0,0.0,0.0,0.05157661077224064,0.0
1739317500.0,3.54628448293547e-06,3.54628448293547e-06,3.54628448293547e-06,3.54628448293547e-06,0.0,0.0,0.0,0.0,0.05157661077224064,0.0
1739317560.0,3.54628448293547e-06,3.54628448293547e-06,3.54628448293547e-06,3.54628448293547e-06,0.0,0.0,0.0,0.0,0.05157661077224064,0.0
1739317620.0,3.54628448293547e-06,3.54628448293547e-06,3.54628448293547e-06,3.54628448293547e-06,0.0,0.0,0.0,0.0,0.05157661077224064,0.0
1739317680.0,3.54628448293547e-06,3.54628448293547e-06,3.54628448293547e-06,3.54628448293547e-06,0.0,0.0,0.0,0.0,0.05157661077224064,0.0
1739317740.0,3.54628448293547e-06,3.54628448293547e-06,3.54628448293547e-06,3.54628448293547e-06,0.0,0.0,0.0,0.0,0.05157661077224064,0.0
1739317800.0,3.54628448293547e-06,3.54628448293547e-06,3.54628448293547e-06,3.54628448293547e-06,0.0,0.0,0.0,0.0,0.05157661077224064,0.0
1739317860.0,3.54628448293547e-06,3.54628448293547e-06,3.54628448293547e-06,3.54628448293547e-06,0.0,0.0,0.0,0.0,0.05157661077224064,0.0
1739317920.0,3.54628448293547e-06,3.54628448293547e-06,3.54628448293547e-06,3.54628448293547e-06,0.0,0.0,0.0,0.0,0.05157661077224064,0.0
1739317980.0,3.54628448293547e-06,3.54628448293547e-06,3.54628448293547e-06,3.54628448293547e-06,0.0,0.0,0.0,0.0,0.05157661077224064,0.0
1739318040.0,3.54628448293547e-06,3.54628448293547e-06,3.54628448293547e-06,3.54628448293547e-06,0.0,0.0,0.0,0.0,0.05157661077224064,0.0
1739318100.0,3.54628448293547e-06,3.54628448293547e-06,3.54628448293547e-06,3.54628448293547e-06,0.0,0.0,0.0,0.0,0.05157661077224064,0.0
1739318160.0,3.54628448293547e-06,3.54628448293547e-06,3.54628448293547e-06,3.54628448293547e-06,0.0,0.0,0.0,0.0,0.05157661077224064,0.0
1739318220.0,3.54628448293547e-06,3.54628448293547e-06,3.54628448293547e-06,3.54628448293547e-06,0.0,0.0,0.0,0.0,0.05157661077224064,0.0
1739318280.0,3.54628448293547e-06,3.54628448293547e-06,3.54628448293547e-06,3.54628448293547e-06,0.0,0.0,0.0,0.0,0.05157661077224064,0.0
1739318340.0,3.54628448293547e-06,3.54628448293547e-06,3.54628448293547e-06,3.54628448293547e-06,0.0,0.0,0.0,0.0,0.05157661077224064,0.0
1739318400.0,3.54628448293547e-06,3.54628448293547e-06,3.54628448293547e-06,3.54628448293547e-06,0.0,0.0,0.0,0.0,0.05157661077224064,0.0
1739318460.0,3.54628448293547e-06,3.54628448293547e-06,3.54628448293547e-06,3.54628448293547e-06,0.0,0.0,0.0,0.0,0.05157661077224064,0.0
1739318520.0,3.54628448293547e-06,3.54628448293547e-06,3.54628448293547e-06,3.54628448293547e-06,0.0,0.0,0.0,0.0,0.05157661077224064,0.0
1739318580.0,3.54628448293547e-06,3.54628448293547e-06,3.54628448293547e-06,3.54628448293547e-06,0.0,0.0,0.0,0.0,0.05157661077224064,0.0
1739318640.0,3.54628448293547e-06,3.54628448293547e-06,3.54628448293547e-06,3.54628448293547e-06,0.0,0.0,0.0,0.0,0.05157661077224064,0.0
1739318700.0,3.54628448293547e-06,3.54628448293547e-06,3.54628448293547e-06,3.54628448293547e-06,0.0,0.0,0.0,0.0,0.05157661077224064,0.0
1739318760.0,3.54628448293547e-06,3.54628448293547e-06,3.54628448293547e-06,3.54628448293547e-06,0.0,0.0,0.0,0.0,0.05157661077224064,0.0
1739318820.0,3.54628448293547e-06,3.54628448293547e-06,3.54628448293547e-06,3.54628448293547e-06,0.0,0.0,0.0,0.0,0.05157661077224064,0.0
1739318880.0,3.54628448293547e-06,3.54628448293547e-06,3.54628448293547e-06,3.54628448293547e-06,0.0,0.0,0.0,0.0,0.05157661077224064,0.0
1739318940.0,3.54628448293547e-06,3.54628448293547e-06,3.54628448293547e-06,3.54628448293547e-06,0.0,0.0,0.0,0.0,0.05157661077224064,0.0
1739319000.0,3.54628448293547e-06,3.54628448293547e-06,3.54628448293547e-06,3.54628448293547e-06,0.0,0.0,0.0,0.0,0.05157661077224064,0.0
1739319060.0,3.54628448293547e-06,3.54628448293547e-06,3.54628448293547e-06,3.54628448293547e-06,0.0,0.0,0.0,0.0,0.05157661077224064,0.0
1739319120.0,3.54628448293547e-06,3.54628448293547e-06,3.54628448293547e-06,3.54628448293547e-06,0.0,0.0,0.0,0.0,0.05157661077224064,0.0
1739319180.0,3.54628448293547e-06,3.54628448293547e-06,3.54628448293547e-06,3.54628448293547e-06,0.0,0.0,0.0,0.0,0.05157661077224064,0.0
1739319240.0,3.54628448293547e-06,3.54628448293547e-06,3.54628448293547e-06,3.54628448293547e-06,0.0,0.0,0.0,0.0,0.05157661077224064,0.0
1739319300.0,3.54628448293547e-06,3.54628448293547e-06,3.54628448293547e-06,3.54628448293547e-06,0.0,0.0,0.0,0.0,0.05157661077224064,0.0
1739319360.0,3.54628448293547e-06,3.54628448293547e-06,3.54628448293547e-06,3.54628448293547e-06,0.0,0.0,0.0,0.0,0.05157661077224064,0.0
1739319420.0,3.54628448293547e-06,3.54628448293547e-06,3.54628448293547e-06,3.54628448293547e-06,0.0,0.0,0.0,0.0,0.05157661077224064,0.0
1739319480.0,3.54628448293547e-06,3.54628448293547e-06,3.54628448293547e-06,3.54628448293547e-06,0.0,0.0,0.0,0.0,0.05157661077224064,0.0
1739319540.0,3.54628448293547e-06,3.54628448293547e-06,3.54628448293547e-06,3.54628448293547e-06,0.0,0.0,0.0,0.0,0.05157661077224064,0.0
1739319600.0,3.54628448293547e-06,3.54628448293547e-06,3.54628448293547e-06,3.54628448293547e-06,0.0,0.0,0.0,0.0,0.05157661077224064,0.0
1739319660.0,3.54628448293547e-06,3.54628448293547e-06,3.54628448293547e-06,3.54628448293547e-06,0.0,0.0,0.0,0.0,0.05157661077224064,0.0
1739319720.0,3.54628448293547e-06,3.54628448293547e-06,3.54628448293547e-06,3.54628448293547e-06,0.0,0.0,0.0,0.0,0.05157661077224064,0.0
1739319780.0,3.54628448293547e-06,3.54628448293547e-06,3.54628448293547e-06,3.54628448293547e-06,0.0,0.0,0.0,0.0,0.05157661077224064,0.0
1739319840.0,3.54628448293547e-06,3.54628448293547e-06,3.54628448293547e-06,3.54628448293547e-06,0.0,0.0,0.0,0.0,0.05157661077224064,0.0
1739319900.0,3.54628448293547e-06,3.54628448293547e-06,3.54628448293547e-06,3.54628448293547e-06,0.0,0.0,0.0,0.0,0.05157661077224064,0.0
1739319960.0,3.54628448293547e-06,3.54628448293547e-06,3.54628448293547e-06,3.54628448293547e-06,0.0,0.0,0.0,0.0,0.05157661077224064,0.0
1739320020.0,3.54628448293547e-06,3.54628448293547e-06,3.54628448293547e-06,3.54628448293547e-06,0.0,0.0,0.0,0.0,0.05157661077224064,0.0
1739320080.0,3.54628448293547e-06,3.54628448293547e-06,3.54628448293547e-06,3.54628448293547e-06,0.0,0.0,0.0,0.0,0.05157661077224064,0.0
1739320140.0,3.54628448293547e-06,3.54628448293547e-06,3.54628448293547e-06,3.54628448293547e-06,0.0,0.0,0.0,0.0,0.05157661077224064,0.0
1739320200.0,3.54628448293547e-06,3.54628448293547e-06,3.54628448293547e-06,3.54628448293547e-06,0.0,0.0,0.0,0.0,0.05157661077224064,0.0
1739320260.0,3.54628448293547e-06,3.54628448293547e-06,3.54628448293547e-06,3.54628448293547e-06,0.0,0.0,0.0,0.0,0.05157661077224064,0.0
1739320320.0,3.54628448293547e-06,3.54628448293547e-06,3.54628448293547e-06,3.54628448293547e-06,0.0,0.0,0.0,0.0,0.05157661077224064,0.0
1739320380.0,3.54628448293547e-06,3.54628448293547e-06,3.54628448293547e-06,3.54628448293547e-06,0.0,0.0,0.0,0.0,0.05157661077224064,0.0
1739320440.0,3.54628448293547e-06,3.54628448293547e-06,3.54628448293547e-06,3.54628448293547e-06,0.0,0.0,0.0,0.0,0.05157661077224064,0.0
1739320500.0,3.54628448293547e-06,3.54628448293547e-06,3.54628448293547e-06,3.54628448293547e-06,0.0,0.0,0.0,0.0,0.05157661077224064,0.0
1739320560.0,3.54628448293547e-06,3.54628448293547e-06,3.54628448293547e-06,3.54628448293547e-06,0.0,0.0,0.0,0.0,0.05157661077224064,0.0
1739320620.0,3.54628448293547e-06,3.54628448293547e-06,3.54628448293547e-06,3.54628448293547e-06,0.0,0.0,0.0,0.0,0.05157661077224064,0.0
1739320680.0,3.54628448293547e-06,3.54628448293547e-06,3.54628448293547e-06,3.54628448293547e-06,0.0,0.0,0.0,0.0,0.05157661077224064,0.0
1739320740.0,3.54628448293547e-06,3.54628448293547e-06,3.54628448293547e-06,3.54628448293547e-06,0.0,0.0,0.0,0.0,0.05157661077224064,0.0
1739320800.0,3.54628448293547e-06,3.54628448293547e-06,3.54628448293547e-06,3.54628448293547e-06,0.0,0.0,0.0,0.0,0.05157661077224064,0.0
1739320860.0,3.54628448293547e-06,3.54628448293547e-06,3.54628448293547e-06,3.54628448293547e-06,0.0,0.0,0.0,0.0,0.05157661077224064,0.0
1739320920.0,3.54628448293547e-06,3.54628448293547e-06,3.54628448293547e-06,3.54628448293547e-06,0.0,0.0,0.0,0.0,0.05157661077224064,0.0
1739320980.0,3.54628448293547e-06,3.54628448293547e-06,3.54628448293547e-06,3.54628448293547e-06,0.0,0.0,0.0,0.0,0.05157661077224064,0.0
1739321040.0,3.54628448293547e-06,3.54628448293547e-06,3.54628448293547e-06,3.54628448293547e-06,0.0,0.0,0.0,0.0,0.05157661077224064,0.0
1739321100.0,3.54628448293547e-06,3.54628448293547e-06,3.54628448293547e-06,3.54628448293547e-06,0.0,0.0,0.0,0.0,0.05157661077224064,0.0
1739321160.0,3.54628448293547e-06,3.54628448293547e-06,3.54628448293547e-06,3.54628448293547e-06,0.0,0.0,0.0,0.0,0.05157661077224064,0.0
1739321220.0,3.54628448293547e-06,3.54628448293547e-06,3.54628448293547e-06,3.54628448293547e-06,0.0,0.0,0.0,0.0,0.05157661077224064,0.0
1739321280.0,3.54628448293547e-06,3.54628448293547e-06,3.54628448293547e-06,3.54628448293547e-06,0.0,0.0,0.0,0.0,0.05157661077224064,0.0
1739321340.0,3.54628448293547e-06,3.54628448293547e-06,3.54628448293547e-06,3.54628448293547e-06,0.0,0.0,0.0,0.0,0.05157661077224064,0.0
1739321400.0,3.54628448293547e-06,3.54628448293547e-06,3.54628448293547e-06,3.54628448293547e-06,0.0,0.0,0.0,0.0,0.05157661077224064,0.0
1739321460.0,3.54628448293547e-06,3.54628448293547e-06,3.54628448293547e-06,3.54628448293547e-06,0.0,0.0,0.0,0.0,0.05157661077224064,0.0
1739321520.0,3.54628448293547e-06,3.54628448293547e-06,3.54628448293547e-06,3.54628448293547e-06,0.0,0.0,0.0,0.0,0.05157661077224064,0.0
1739321580.0,3.54628448293547e-06,3.54628448293547e-06,3.54628448293547e-06,3.54628448293547e-06,0.0,0.0,0.0,0.0,0.05157661077224064,0.0
1739321640.0,3.54628448293547e-06,3.54628448293547e-06,3.54628448293547e-06,3.54628448293547e-06,0.0,0.0,0.0,0.0,0.05157661077224064,0.0
1739321700.0,3.54628448293547e-06,3.54628448293547e-06,3.54628448293547e-06,3.54628448293547e-06,0.0,0.0,0.0,0.0,0.05157661077224064,0.0
1739321760.0,3.54628448293547e-06,3.54628448293547e-06,3.54628448293547e-06,3.54628448293547e-06,0.0,0.0,0.0,0.0,0.05157661077224064,0.0
1739321820.0,3.54628448293547e-06,3.54628448293547e-06,3.54628448293547e-06,3.54628448293547e-06,0.0,0.0,0.0,0.0,0.05157661077224064,0.0
1739321880.0,3.54628448293547e-06,3.54628448293547e-06,3.54628448293547e-06,3.54628448293547e-06,0.0,0.0,0.0,0.0,0.05157661077224064,0.0
1739321940.0,3.54628448293547e-06,3.54628448293547e-06,3.54628448293547e-06,3.54628448293547e-06,0.0,0.0,0.0,0.0,0.05157661077224064,0.0
1739322000.0,3.54628448293547e-06,3.54628448293547e-06,3.54628448293547e-06,3.54628448293547e-06,0.0,0.0,0.0,0.0,0.05157661077224064,0.0
1739322060.0,3.54628448293547e-06,3.54628448293547e-06,3.54628448293547e-06,3.54628448293547e-06,0.0,0.0,0.0,0.0,0.05157661077224064,0.0
1739322120.0,3.54628448293547e-06,3.54628448293547e-06,3.54628448293547e-06,3.54628448293547e-06,0.0,0.0,0.0,0.0,0.05157661077224064,0.0
1739322180.0,3.54628448293547e-06,3.54628448293547e-06,3.50255225972488e-06,3.50255225972488e-06,0.03783479382,1.3334564241469736e-07,-0.012331842924905509,0.0,0.05157661077224064,0.012331842924905509
1739322240.0,3.50255225972488e-06,3.50255225972488e-06,3.50255225972488e-06,3.50255225972488e-06,0.0,0.0,0.0,-1.0,0.05094057610959838,0.0
1739322300.0,3.50255225972488e-06,3.50255225972488e-06,3.50255225972488e-06,3.50255225972488e-06,0.0,0.0,0.0,0.0,0.05094057610959838,0.0
1739322360.0,3.50255225972488e-06,3.50255225972488e-06,3.50255225972488e-06,3.50255225972488e-06,0.0,0.0,0.0,0.0,0.05094057610959838,0.0
1739322420.0,3.50255225972488e-06,3.50255225972488e-06,3.50255225972488e-06,3.50255225972488e-06,0.0,0.0,0.0,0.0,0.05094057610959838,0.0
1739322480.0,3.50255225972488e-06,3.50255225972488e-06,3.50255225972488e-06,3.50255225972488e-06,0.0,0.0,0.0,0.0,0.05094057610959838,0.0
1739322540.0,3.50255225972488e-06,3.52503468235627e-06,3.50255225972488e-06,3.52503468235627e-06,7.9164,2.781659463414561e-05,0.006418868574756379,0.0,0.05094057610959838,0.006418868574756379
1739322600.0,3.52503468235627e-06,3.52503468235627e-06,3.52503468235627e-06,3.52503468235627e-06,0.0,0.0,0.0,-1.0,0.05126755697276827,0.0
1739322660.0,3.52503468235627e-06,3.52503468235627e-06,3.52503468235627e-06,3.52503468235627e-06,0.0,0.0,0.0,0.0,0.05126755697276827,0.0
1739322720.0,3.52503468235627e-06,3.52503468235627e-06,3.52503468235627e-06,3.52503468235627e-06,0.0,0.0,0.0,0.0,0.05126755697276827,0.0
1739322780.0,3.52503468235627e-06,3.52503468235627e-06,3.52503468235627e-06,3.52503468235627e-06,0.0,0.0,0.0,0.0,0.05126755697276827,0.0
1739322840.0,3.52503468235627e-06,3.52503468235627e-06,3.52503468235627e-06,3.52503468235627e-06,0.0,0.0,0.0,0.0,0.05126755697276827,0.0
1739322900.0,3.52503468235627e-06,3.52503468235627e-06,3.52503468235627e-06,3.52503468235627e-06,0.0,0.0,0.0,0.0,0.05126755697276827,0.0
1739322960.0,3.52503468235627e-06,3.52503468235627e-06,3.52503468235627e-06,3.52503468235627e-06,0.0,0.0,0.0,0.0,0.05126755697276827,0.0
1739323020.0,3.52503468235627e-06,3.52503468235627e-06,3.52503468235627e-06,3.52503468235627e-06,0.0,0.0,0.0,0.0,0.05126755697276827,0.0
1739323080.0,3.52503468235627e-06,3.52503468235627e-06,3.52503468235627e-06,3.52503468235627e-06,0.0,0.0,0.0,0.0,0.05126755697276827,0.0
1739323140.0,3.52503468235627e-06,3.52503468235627e-06,3.52503468235627e-06,3.52503468235627e-06,0.0,0.0,0.0,0.0,0.05126755697276827,0.0
1739323200.0,3.52503468235627e-06,3.52503468235627e-06,3.52503468235627e-06,3.52503468235627e-06,0.0,0.0,0.0,0.0,0.05126755697276827,0.0
1739323260.0,3.52503468235627e-06,3.52503468235627e-06,3.52503468235627e-06,3.52503468235627e-06,0.0,0.0,0.0,0.0,0.05126755697276827,0.0
1739323320.0,3.52503468235627e-06,3.52503468235627e-06,3.52503468235627e-06,3.52503468235627e-06,0.0,0.0,0.0,0.0,0.05126755697276827,0.0
1739323380.0,3.52503468235627e-06,3.52503468235627e-06,3.52503468235627e-06,3.52503468235627e-06,0.0,0.0,0.0,0.0,0.05126755697276827,0.0
1739323440.0,3.52503468235627e-06,3.52503468235627e-06,3.52503468235627e-06,3.52503468235627e-06,0.0,0.0,0.0,0.0,0.05126755697276827,0.0
1739323500.0,3.52503468235627e-06,3.52503468235627e-06,3.52503468235627e-06,3.52503468235627e-06,0.0,0.0,0.0,0.0,0.05126755697276827,0.0
1739323560.0,3.52503468235627e-06,3.52503468235627e-06,3.52503468235627e-06,3.52503468235627e-06,0.0,0.0,0.0,0.0,0.05126755697276827,0.0
1739323620.0,3.52503468235627e-06,3.52503468235627e-06,3.52503468235627e-06,3.52503468235627e-06,0.0,0.0,0.0,0.0,0.05126755697276827,0.0
1739323680.0,3.52503468235627e-06,3.52503468235627e-06,3.52503468235627e-06,3.52503468235627e-06,0.0,0.0,0.0,0.0,0.05126755697276827,0.0
1739323740.0,3.52503468235627e-06,3.52503468235627e-06,3.52503468235627e-06,3.52503468235627e-06,0.0,0.0,0.0,0.0,0.05126755697276827,0.0
1739323800.0,3.52503468235627e-06,3.52503468235627e-06,3.52503468235627e-06,3.52503468235627e-06,0.0,0.0,0.0,0.0,0.05126755697276827,0.0
1739323860.0,3.52503468235627e-06,3.52503468235627e-06,3.52503468235627e-06,3.52503468235627e-06,0.0,0.0,0.0,0.0,0.05126755697276827,0.0
1739323920.0,3.52503468235627e-06,3.52503468235627e-06,3.52503468235627e-06,3.52503468235627e-06,0.0,0.0,0.0,0.0,0.05126755697276827,0.0
1739323980.0,3.52503468235627e-06,3.52503468235627e-06,3.52503468235627e-06,3.52503468235627e-06,0.0,0.0,0.0,0.0,0.05126755697276827,0.0
1739324040.0,3.52503468235627e-06,3.52503468235627e-06,3.52503468235627e-06,3.52503468235627e-06,0.0,0.0,0.0,0.0,0.05126755697276827,0.0
1739324100.0,3.52503468235627e-06,3.52503468235627e-06,3.52503468235627e-06,3.52503468235627e-06,0.0,0.0,0.0,0.0,0.05126755697276827,0.0
1739324160.0,3.52503468235627e-06,3.52503468235627e-06,3.52503468235627e-06,3.52503468235627e-06,0.0,0.0,0.0,0.0,0.05126755697276827,0.0
1739324220.0,3.52503468235627e-06,3.52503468235627e-06,3.52503468235627e-06,3.52503468235627e-06,0.0,0.0,0.0,0.0,0.05126755697276827,0.0
1739324280.0,3.52503468235627e-06,3.52503468235627e-06,3.52503468235627e-06,3.52503468235627e-06,0.0,0.0,0.0,0.0,0.05126755697276827,0.0
1739324340.0,3.52503468235627e-06,3.52503468235627e-06,3.52503468235627e-06,3.52503468235627e-06,0.0,0.0,0.0,0.0,0.05126755697276827,0.0
1739324400.0,3.52503468235627e-06,3.52503468235627e-06,3.52503468235627e-06,3.52503468235627e-06,0.0,0.0,0.0,0.0,0.05126755697276827,0.0
1739324460.0,3.52503468235627e-06,3.52503468235627e-06,3.52503468235627e-06,3.52503468235627e-06,0.0,0.0,0.0,0.0,0.05126755697276827,0.0
1739324520.0,3.52503468235627e-06,3.52503468235627e-06,3.52503468235627e-06,3.52503468235627e-06,0.0,0.0,0.0,0.0,0.05126755697276827,0.0
1739324580.0,3.52503468235627e-06,3.52503468235627e-06,3.52503468235627e-06,3.52503468235627e-06,0.0,0.0,0.0,0.0,0.05126755697276827,0.0
1739324640.0,3.52503468235627e-06,3.52503468235627e-06,3.52503468235627e-06,3.52503468235627e-06,0.0,0.0,0.0,0.0,0.05126755697276827,0.0
1739324700.0,3.52503468235627e-06,3.52503468235627e-06,3.52503468235627e-06,3.52503468235627e-06,0.0,0.0,0.0,0.0,0.05126755697276827,0.0
1739324760.0,3.52503468235627e-06,3.52503468235627e-06,3.52503468235627e-06,3.52503468235627e-06,0.0,0.0,0.0,0.0,0.05126755697276827,0.0
1739324820.0,3.52503468235627e-06,3.52503468235627e-06,3.52503468235627e-06,3.52503468235627e-06,0.0,0.0,0.0,0.0,0.05126755697276827,0.0
1739324880.0,3.52503468235627e-06,3.52503468235627e-06,3.52503468235627e-06,3.52503468235627e-06,0.0,0.0,0.0,0.0,0.05126755697276827,0.0
1739324940.0,3.52503468235627e-06,3.52503468235627e-06,3.52503468235627e-06,3.52503468235627e-06,0.0,0.0,0.0,0.0,0.05126755697276827,0.0
1739325000.0,3.52503468235627e-06,3.52503468235627e-06,3.52503468235627e-06,3.52503468235627e-06,0.0,0.0,0.0,0.0,0.05126755697276827,0.0
1739325060.0,3.52503468235627e-06,3.52503468235627e-06,3.52503468235627e-06,3.52503468235627e-06,0.0,0.0,0.0,0.0,0.05126755697276827,0.0
1739325120.0,3.52503468235627e-06,3.52503468235627e-06,3.52503468235627e-06,3.52503468235627e-06,0.0,0.0,0.0,0.0,0.05126755697276827,0.0
1739325180.0,3.52503468235627e-06,3.52503468235627e-06,3.52503468235627e-06,3.52503468235627e-06,0.0,0.0,0.0,0.0,0.05126755697276827,0.0
1739325240.0,3.52503468235627e-06,3.52503468235627e-06,3.52503468235627e-06,3.52503468235627e-06,0.0,0.0,0.0,0.0,0.05126755697276827,0.0
1739325300.0,3.52503468235627e-06,3.52503468235627e-06,3.52503468235627e-06,3.52503468235627e-06,0.0,0.0,0.0,0.0,0.05126755697276827,0.0
1739325360.0,3.52503468235627e-06,3.52503468235627e-06,3.52503468235627e-06,3.52503468235627e-06,0.0,0.0,0.0,0.0,0.05126755697276827,0.0
1739325420.0,3.52503468235627e-06,3.52503468235627e-06,3.52503468235627e-06,3.52503468235627e-06,0.0,0.0,0.0,0.0,0.05126755697276827,0.0
1739325480.0,3.52503468235627e-06,3.52503468235627e-06,3.52503468235627e-06,3.52503468235627e-06,0.0,0.0,0.0,0.0,0.05126755697276827,0.0
1739325540.0,3.52503468235627e-06,3.52503468235627e-06,3.52503468235627e-06,3.52503468235627e-06,0.0,0.0,0.0,0.0,0.05126755697276827,0.0
1739325600.0,3.52503468235627e-06,3.52503468235627e-06,3.52503468235627e-06,3.52503468235627e-06,0.0,0.0,0.0,0.0,0.05126755697276827,0.0
1739325660.0,3.52503468235627e-06,3.52503468235627e-06,3.52503468235627e-06,3.52503468235627e-06,0.0,0.0,0.0,0.0,0.05126755697276827,0.0
1739325720.0,3.52503468235627e-06,3.52503468235627e-06,3.52503468235627e-06,3.52503468235627e-06,0.0,0.0,0.0,0.0,0.05126755697276827,0.0
1739325780.0,3.52503468235627e-06,3.52503468235627e-06,3.52503468235627e-06,3.52503468235627e-06,0.0,0.0,0.0,0.0,0.05126755697276827,0.0
1739325840.0,3.52503468235627e-06,3.52503468235627e-06,3.52503468235627e-06,3.52503468235627e-06,0.0,0.0,0.0,0.0,0.05126755697276827,0.0
1739325900.0,3.52503468235627e-06,3.52503468235627e-06,3.52503468235627e-06,3.52503468235627e-06,0.0,0.0,0.0,0.0,0.05126755697276827,0.0
1739325960.0,3.52503468235627e-06,3.52503468235627e-06,3.52503468235627e-06,3.52503468235627e-06,0.0,0.0,0.0,0.0,0.05126755697276827,0.0
1739326020.0,3.52503468235627e-06,3.52503468235627e-06,3.52503468235627e-06,3.52503468235627e-06,0.0,0.0,0.0,0.0,0.05126755697276827,0.0
1739326080.0,3.52503468235627e-06,3.52503468235627e-06,3.52503468235627e-06,3.52503468235627e-06,0.0,0.0,0.0,0.0,0.05126755697276827,0.0
1739326140.0,3.52503468235627e-06,3.52503468235627e-06,3.52503468235627e-06,3.52503468235627e-06,0.0,0.0,0.0,0.0,0.05126755697276827,0.0
1739326200.0,3.52503468235627e-06,3.52503468235627e-06,3.52503468235627e-06,3.52503468235627e-06,0.0,0.0,0.0,0.0,0.05126755697276827,0.0
1739326260.0,3.52503468235627e-06,3.52503468235627e-06,3.52503468235627e-06,3.52503468235627e-06,0.0,0.0,0.0,0.0,0.05126755697276827,0.0
1739326320.0,3.52503468235627e-06,3.52503468235627e-06,3.52503468235627e-06,3.52503468235627e-06,0.0,0.0,0.0,0.0,0.05126755697276827,0.0
1739326380.0,3.52503468235627e-06,3.52503468235627e-06,3.52503468235627e-06,3.52503468235627e-06,0.0,0.0,0.0,0.0,0.05126755697276827,0.0
1739326440.0,3.52503468235627e-06,3.52503468235627e-06,3.52503468235627e-06,3.52503468235627e-06,0.0,0.0,0.0,0.0,0.05126755697276827,0.0
1739326500.0,3.52503468235627e-06,3.52503468235627e-06,3.52503468235627e-06,3.52503468235627e-06,0.0,0.0,0.0,0.0,0.05126755697276827,0.0
1739326560.0,3.52503468235627e-06,3.52503468235627e-06,3.52503468235627e-06,3.52503468235627e-06,0.0,0.0,0.0,0.0,0.05126755697276827,0.0
1739326620.0,3.52503468235627e-06,3.52503468235627e-06,3.52503468235627e-06,3.52503468235627e-06,0.0,0.0,0.0,0.0,0.05126755697276827,0.0
1739326680.0,3.52503468235627e-06,3.52503468235627e-06,3.52503468235627e-06,3.52503468235627e-06,0.0,0.0,0.0,0.0,0.05126755697276827,0.0
1739326740.0,3.52503468235627e-06,3.52503468235627e-06,3.52503468235627e-06,3.52503468235627e-06,0.0,0.0,0.0,0.0,0.05126755697276827,0.0
1739326800.0,3.52503468235627e-06,3.52503468235627e-06,3.52503468235627e-06,3.52503468235627e-06,0.0,0.0,0.0,0.0,0.05126755697276827,0.0
1739326860.0,3.52503468235627e-06,3.52503468235627e-06,3.52503468235627e-06,3.52503468235627e-06,0.0,0.0,0.0,0.0,0.05126755697276827,0.0
1739326920.0,3.52503468235627e-06,3.52503468235627e-06,3.52503468235627e-06,3.52503468235627e-06,0.0,0.0,0.0,0.0,0.05126755697276827,0.0
1739326980.0,3.52503468235627e-06,3.52503468235627e-06,3.52503468235627e-06,3.52503468235627e-06,0.0,0.0,0.0,0.0,0.05126755697276827,0.0
1739327040.0,3.52503468235627e-06,3.52503468235627e-06,3.52503468235627e-06,3.52503468235627e-06,0.0,0.0,0.0,0.0,0.05126755697276827,0.0
1739327100.0,3.52503468235627e-06,3.52503468235627e-06,3.52503468235627e-06,3.52503468235627e-06,0.0,0.0,0.0,0.0,0.05126755697276827,0.0
1739327160.0,3.52503468235627e-06,3.52503468235627e-06,3.52503468235627e-06,3.52503468235627e-06,0.0,0.0,0.0,0.0,0.05126755697276827,0.0
1739327220.0,3.52503468235627e-06,3.52503468235627e-06,3.52503468235627e-06,3.52503468235627e-06,0.0,0.0,0.0,0.0,0.05126755697276827,0.0
1739327280.0,3.52503468235627e-06,3.52503468235627e-06,3.52503468235627e-06,3.52503468235627e-06,0.0,0.0,0.0,0.0,0.05126755697276827,0.0
1739327340.0,3.52503468235627e-06,3.52503468235627e-06,3.52503468235627e-06,3.52503468235627e-06,0.0,0.0,0.0,0.0,0.05126755697276827,0.0
1739327400.0,3.52503468235627e-06,3.52503468235627e-06,3.52503468235627e-06,3.52503468235627e-06,0.0,0.0,0.0,0.0,0.05126755697276827,0.0
1739327460.0,3.52503468235627e-06,3.52503468235627e-06,3.52503468235627e-06,3.52503468235627e-06,0.0,0.0,0.0,0.0,0.05126755697276827,0.0
1739327520.0,3.52503468235627e-06,3.52503468235627e-06,3.52503468235627e-06,3.52503468235627e-06,0.0,0.0,0.0,0.0,0.05126755697276827,0.0
1739327580.0,3.52503468235627e-06,3.52503468235627e-06,3.52503468235627e-06,3.52503468235627e-06,0.0,0.0,0.0,0.0,0.05126755697276827,0.0
1739327640.0,3.52503468235627e-06,3.52503468235627e-06,3.52503468235627e-06,3.52503468235627e-06,0.0,0.0,0.0,0.0,0.05126755697276827,0.0
1739327700.0,3.52503468235627e-06,3.52503468235627e-06,3.52503468235627e-06,3.52503468235627e-06,0.0,0.0,0.0,0.0,0.05126755697276827,0.0
1739327760.0,3.52503468235627e-06,3.52503468235627e-06,3.52503468235627e-06,3.52503468235627e-06,0.0,0.0,0.0,0.0,0.05126755697276827,0.0
1739327820.0,3.52503468235627e-06,3.52503468235627e-06,3.52503468235627e-06,3.52503468235627e-06,0.0,0.0,0.0,0.0,0.05126755697276827,0.0
1739327880.0,3.52503468235627e-06,3.52503468235627e-06,3.52503468235627e-06,3.52503468235627e-06,0.0,0.0,0.0,0.0,0.05126755697276827,0.0
1739327940.0,3.52503468235627e-06,3.52503468235627e-06,3.52503468235627e-06,3.52503468235627e-06,0.0,0.0,0.0,0.0,0.05126755697276827,0.0
1739328000.0,3.52503468235627e-06,3.52503468235627e-06,3.52503468235627e-06,3.52503468235627e-06,0.0,0.0,0.0,0.0,0.05126755697276827,0.0
1739328060.0,3.52503468235627e-06,3.52503468235627e-06,3.52503468235627e-06,3.52503468235627e-06,0.0,0.0,0.0,0.0,0.05126755697276827,0.0
1739328120.0,3.52503468235627e-06,3.52503468235627e-06,3.52503468235627e-06,3.52503468235627e-06,0.0,0.0,0.0,0.0,0.05126755697276827,0.0
1739328180.0,3.52503468235627e-06,3.52503468235627e-06,3.52503468235627e-06,3.52503468235627e-06,0.0,0.0,0.0,0.0,0.05126755697276827,0.0
1739328240.0,3.52503468235627e-06,3.52503468235627e-06,3.52503468235627e-06,3.52503468235627e-06,0.0,0.0,0.0,0.0,0.05126755697276827,0.0
1739328300.0,3.52503468235627e-06,3.52503468235627e-06,3.52503468235627e-06,3.52503468235627e-06,0.0,0.0,0.0,0.0,0.05126755697276827,0.0
