time,open,high,low,close,volume,usd_vol,price_change,vol_change,norm_open,mov_in_min
1736269080.0,0.0221505415996684,0.031923852696864,0.0002289579921976,0.0082682005793607,3330276.2849668395,50651.40784867057,-0.626726933869442,0.0,1.0,1.4308857669259376
1736269140.0,0.0082682005793607,0.0153991153832591,0.00476794623643,0.0091008157543099,4058538.4710831335,35246.41049753672,0.10070089216601678,-0.3041375946974429,0.37327306613055805,1.2857899424170847
1736269200.0,0.0091008157543099,0.011114964453699,0.0053566509955942,0.0075589365782825,2956873.4838875975,24630.389960188506,-0.1694220845309617,-0.3011943737672278,0.4108619969114498,0.6327249791182531
1736269260.0,0.0075589365782825,0.0125598331018515,0.0057694972912363,0.0102944103278713,2230659.032519626,19912.364768459145,0.36188605649213423,-0.19155300420965207,0.3412529009401584,0.8983189288986022
1736269320.0,0.0102944103278713,0.0128959626287882,0.0062279613675276,0.0087692473967414,2249193.591141573,21438.928388957716,-0.1481544724325436,0.07666410485391582,0.4647475675278933,0.6477302777807016
1736269380.0,0.0087692473967414,0.0107301409683674,0.0025005640856722,0.0077610297980814,2632307.9504448227,21756.3900414944,-0.11497196430273451,0.014807720179717319,0.39589313684649036,0.9384587422808097
1736269440.0,0.0077610297980814,0.0115961308761323,0.0060589676549789,0.0109207472922523,1633145.9269595386,15255.03408172225,0.40712606140901725,-0.29882512435990444,0.35037652524927804,0.713457281470848
1736269500.0,0.0109207472922523,0.0134292155027009,0.0085520191665958,0.0118636235672597,1453001.4043668197,16552.86142824269,0.08633807282367213,0.08507534886961847,0.49302393998419375,0.44659913883047314
1736269560.0,0.0118636235672597,0.0125018144042982,0.009497805043773,0.0117916083663648,1444114.8297278068,17080.435617998963,-0.006070253366234708,0.03187208399244614,0.5355906768183628,0.2532117900988894
1736269620.0,0.0117916083663648,0.0161152240017675,0.0103275752415427,0.0137468931638579,1347026.0840689118,17200.5138546219,0.165820025287686,0.007030162421408053,0.5323395057094822,0.4908277633044438
1736269680.0,0.0137468931638579,0.016014784045069,0.0112624663030135,0.0139523537464419,2006638.9367237808,27791.193684066733,0.014945964890756409,0.6157188046215866,0.6206120560078628,0.3457012202982612
1736269740.0,0.0139523537464419,0.0166387668244231,0.0121070280547397,0.0137573563256917,1654329.739785494,22920.49872658213,-0.013975951606009753,-0.17526037250703175,0.6298877020077365,0.32480102296998264
1736269800.0,0.0137573563256917,0.0148835357633032,0.0108321446509444,0.011389737878181,1755908.7548390816,22078.0014356716,-0.17209835897680426,-0.03675737168552278,0.6210844219672557,0.2944890730781521
1736269860.0,0.011389737878181,0.0148731335573077,0.0109841323303554,0.0131459388688805,1341304.8939498304,16454.911648602323,0.15419151954882157,-0.2546919748806613,0.514196812160634,0.34144782509897353
1736269920.0,0.0131459388688805,0.0156549895999499,0.0117176663088455,0.0133779471142468,962602.4074883562,12765.978251652503,0.01764866303429406,-0.22418433326946227,0.5934815999748421,0.29950871751160824
1736269980.0,0.0133779471142468,0.0166164952318334,0.0116533881071607,0.0134038250405953,1293747.3522097874,17324.42340640639,0.0019343720024832189,0.3570776218550909,0.6039557567498517,0.37099168372307717
1736270040.0,0.0134038250405953,0.0145520657138022,0.0113128292706502,0.0119223358692807,1007094.0134705964,12752.912518264577,-0.11052734326415853,-0.2638766544144445,0.6051240318564473,0.24166507943378357
1736270100.0,0.0119223358692807,0.0136459676656573,0.009240801577587,0.0114584534098095,1522038.6120477747,17793.23203146397,-0.038908689082183034,0.39522889426087604,0.5382412802700581,0.36948850765232405
1736270160.0,0.0114584534098095,0.013341771506471,0.0100057330908431,0.0108475571972206,750381.7227022412,8369.011332958855,-0.053314019854190396,-0.5296519868813131,0.5172990176448342,0.2911421198232513
1736270220.0,0.0108475571972206,0.0128887369162735,0.0101600018848767,0.0127182535003748,601880.7698911479,7091.904142888883,0.17245323247832386,-0.15259952929451367,0.4897197275475644,0.2515529516724711
1736270280.0,0.0127182535003748,0.0146315344309075,0.0103778418594932,0.0110683917207147,641768.6418065241,7632.761498336128,-0.12972392629314072,0.07626405328526156,0.5741734775715459,0.3344557152669545
1736270340.0,0.0110683917207147,0.0121527735962664,0.0100861788568069,0.010946727785387,602322.5683345001,6630.101661553064,-0.010992015678303442,-0.1313626578010638,0.4996894396875784,0.18671138423767836
1736270400.0,0.010946727785387,0.0123630711539085,0.0102355506111313,0.0111393026325898,507834.1608009965,5608.020361369265,0.01759200109642555,-0.15415771165481387,0.4941968455322499,0.19435219222471845
1736270460.0,0.0111393026325898,0.0130872343794134,0.0096942045440515,0.0107824347593797,525451.4731682785,5759.404603509255,-0.03203682357691103,0.026994239033580857,0.5028907569807033,0.30459984321056616
1736270520.0,0.0107824347593797,0.0116756959656537,0.0100322919525532,0.0116056277823183,268747.6186345446,3008.369246961294,0.07634574577161252,-0.47765967941750986,0.48677973452085327,0.15241492759053263
1736270580.0,0.0116056277823183,0.0147150572916971,0.0108430151223069,0.0116663472702838,514028.05237511225,5981.224005605629,0.005231900342177741,0.9881947708537336,0.5239432963793553,0.33363487456399665
1736270640.0,0.0116663472702838,0.0142482277551917,0.0111484979777886,0.0128269044504001,348435.1870924751,4267.1553728997915,0.09947905314566106,-0.286574893550117,0.5266845154909642,0.26569839775802373
1736270700.0,0.0128269044504001,0.0151052141432504,0.0118807555091576,0.0130153589555592,550204.3187774295,7109.262466471366,0.014692126684799862,0.6660425611922797,0.5790785923984866,0.2513824474612206
1736270760.0,0.0130153589555592,0.0143584128218781,0.0118494509702453,0.0131408829664575,396797.0117723306,5189.359316925194,0.009644298810881828,-0.27005658584147085,0.5875864884384607,0.192769316635801
1736270820.0,0.0131408829664575,0.0133011565225453,0.0116245218623377,0.0120121654982194,318017.56800883485,3999.5556503724524,-0.08589357892610307,-0.229277564702867,0.593253348110198,0.12758919354865733
1736270880.0,0.0120121654982194,0.0138026166503676,0.0109485253372439,0.0116574938791132,653223.8904370765,7730.793491890814,-0.02952603501498323,0.9329130952761955,0.5422966948311199,0.23760006582882753
1736270940.0,0.0116574938791132,0.0129375472541702,0.0111361431233416,0.0113980558820014,395164.747269391,4555.37024725386,-0.022255040388795503,-0.41074997643745137,0.5262848236310265,0.15452756394375514
1736271000.0,0.0113980558820014,0.0133336278800223,0.0108164695298228,0.0110454492277099,422171.2547033032,4737.501356053408,-0.030935683939600486,0.039981625842453385,0.5145723336251079,0.22084102554492027
1736271060.0,0.0110454492277099,0.0118427143071376,0.0104419437808008,0.0110977023156131,371084.126331316,4108.486022337974,0.004730734515723682,-0.13277364721209023,0.4986536865480189,0.12681879183534386
1736271120.0,0.0110977023156131,0.0115345242906541,0.0102479991570188,0.0109198192498028,449913.6833170394,4952.992112504307,-0.016028819367414508,0.2055516522569935,0.5010126847543644,0.115927161951832
1736271180.0,0.0109198192498028,0.0124605751336568,0.0102544827748032,0.0110269533670348,467045.0384857347,5125.065630734292,0.0098109789897789,0.034741326923491106,0.49298204292965336,0.2020264537706007
1736271240.0,0.0110269533670348,0.0148949954846439,0.0110269533670348,0.0124501553901996,523173.3278834401,6141.298558801887,0.12906575150843375,0.1982868125577534,0.4978186793951745,0.3507806724904321
1736271300.0,0.0124501553901996,0.0126148729479678,0.0113045690126424,0.0124494810733028,349414.4976238413,4350.146982955485,-5.416132374784574e-05,-0.29165681471050964,0.5620700213662487,0.10524398244513752
1736271360.0,0.0124494810733028,0.0129539183742386,0.0117148582438931,0.0120066207095535,167165.20408408545,2044.1046228161697,-0.03557259625053676,-0.5301067686160327,0.5620395789098526,0.0995270504087591
1736271420.0,0.0120066207095535,0.0141417909766532,0.0117651837234108,0.0129053820698501,173515.40251838,2161.3080949036084,0.07485548032523986,0.05733731570254321,0.5420463718924706,0.19794139506308941
1736271480.0,0.0129053820698501,0.0139494466015837,0.0121495214423805,0.0130493147899192,293800.2615375954,3812.7483627646134,0.011152922035943473,0.7640929452654722,0.5826215134190351,0.13947089279969738
1736271540.0,0.0130493147899192,0.0138826240280729,0.0124130979445956,0.0133718606139865,189325.64978595433,2501.1031007265606,0.024717452928369153,-0.34401569084590267,0.589119445734661,0.11261327564973236
1736271600.0,0.0133718606139865,0.0140358449052065,0.0125172256862128,0.0129857952545436,256914.13461600893,3385.8271739849897,-0.028871476497376106,0.35373354780993244,0.6036809779037945,0.11356828064789112
1736271660.0,0.0129857952545436,0.0133187730677685,0.0117249399361799,0.0123583350824269,374547.6372672428,4746.292068152676,-0.0483189638999704,0.4018116768099745,0.586251816738332,0.12273665958432035
1736271720.0,0.0123583350824269,0.0127524434004256,0.0115353447857201,0.0121635045168089,293097.8877767822,3593.6496954685344,-0.01576511433931277,-0.24285112591749247,0.5579247363690605,0.09848402770986275
1736271780.0,0.0121635045168089,0.013748471812666,0.0119430531712558,0.0122606682041901,184287.95859647825,2250.540465580348,0.007988132634548532,-0.37374517376632443,0.5491289891074713,0.1484291504077028
1736271840.0,0.0122606682041901,0.0124922512926492,0.011380364453328,0.0117425659318943,108184.44098472704,1298.388233418904,-0.04225726230147373,-0.4230771437899527,0.5535155043059373,0.09068729540704885
1736271900.0,0.0117425659318943,0.0124316315504854,0.0110644613815207,0.0116935880694341,180855.8035073405,2119.28223151601,-0.004170967635546252,0.6322407866678947,0.5301254544525489,0.11642857079910389
1736271960.0,0.0116935880694341,0.0119986808216747,0.0088221017182933,0.0112558929345272,233503.44460534237,2679.3914331649175,-0.03743035348157957,0.2642919349388581,0.5279143183392481,0.27165136008892493
1736272020.0,0.0112558929345272,0.0119568090246169,0.0101255337997253,0.011078721637881,251291.2942586594,2806.2471013343857,-0.015740314666882797,0.04734495549969914,0.5081542987958229,0.1626947977866956
1736272080.0,0.011078721637881,0.0124596864749756,0.0108601474843627,0.0116904307266971,160013.02806890514,1821.6805082092064,0.05521477195748919,-0.35084814614401294,0.5001557902334474,0.1443793826485959
1736272140.0,0.0116904307266971,0.0125403961350776,0.0113808279869064,0.012424729658877,199302.79685881635,2403.1094557719252,0.06281196555940434,0.31917174550782756,0.527771778134405,0.09918951450806071
1736272200.0,0.012424729658877,0.012624336523141,0.0119060017448069,0.0124079850929053,87705.68074882512,1088.9850760732293,-0.0013476805074577641,-0.5468433310610789,0.5609221608858088,0.05781492217988635
1736272260.0,0.0124079850929053,0.0125690981575003,0.01130161571522,0.0120921889636923,168771.44629987187,2067.464905065288,-0.02545104034607257,0.8985245532660177,0.560166217023382,0.10215054521664658
1736272320.0,0.0120921889636923,0.0126183463593755,0.0114508281213656,0.0123166652949122,95423.024091643,1164.5833439841101,0.018563746555227256,-0.43670949812454785,0.545909404033413,0.09655143841329818
1736272380.0,0.0123166652949122,0.0126758179472243,0.0108846839004858,0.0113815946363259,168035.64235802204,1991.0761651564846,-0.07591914176417225,0.7096897147308432,0.5560435278520045,0.1454236194498511
1736272440.0,0.0113815946363259,0.0117205945160621,0.010871583950144,0.011153625720662,120298.14186717045,1355.4725677564388,-0.020029611223044898,-0.319226159462409,0.5138291804339576,0.0745950451625089
1736272500.0,0.011153625720662,0.0124073736627954,0.0105776694867267,0.0114132575438643,157747.75984086632,1779.93764078468,0.023277795911811477,0.3131491430555548,0.5035373817148097,0.16404568540247746
1736272560.0,0.0114132575438643,0.0114450172719581,0.0103993156064499,0.0107241870137116,172773.98412196632,1912.3872472457642,-0.06037457119533252,0.0744124981831915,0.5152586221203349,0.09162166554897057
1736272620.0,0.0107241870137116,0.0113517418266901,0.0098650743343788,0.0108963738088906,247423.8667583992,2674.721380106696,0.01605592992353153,0.39862958402324195,0.48415010375512185,0.1386275239708609
1736272680.0,0.0108963738088906,0.0113869456496062,0.0106292749507012,0.011094811642556,80528.59357463261,885.4596177219584,0.018211364362655205,-0.6689525778992963,0.4919235838934846,0.06953420580035528
1736272740.0,0.011094811642556,0.0122274439217023,0.0106991589917728,0.0112998954199188,131812.36422609363,1475.9496420277999,0.01848465606898344,0.6668740307152666,0.500882183518352,0.13774771300014768
1736272800.0,0.0112998954199188,0.0113284559986642,0.0105316150183245,0.0108498243367497,96510.95710970277,1068.8453267138848,-0.03982966801407212,-0.27582534235693607,0.5101408184117703,0.07051755354612177
1736272860.0,0.0108498243367497,0.0110102059335355,0.0089793343919549,0.0101803016508737,468724.8475447238,4928.671298697555,-0.061708159053621196,3.6112109727330948,0.4898220789740024,0.18718013108302464
1736272920.0,0.0101803016508737,0.0108312940470112,0.0095216605201033,0.0101508338142711,196852.95898143537,2001.1220878830775,-0.0028945936587321777,-0.5939834558632686,0.45959606021669924,0.12864388225623002
1736272980.0,0.0101508338142711,0.0108574817161946,0.0093508222812575,0.0100190556618846,242349.3683090395,2444.079986704739,-0.012982002739640225,0.2213547596639905,0.4582657163752177,0.14842716002491163
1736273040.0,0.0100190556618846,0.0106442489014975,0.0096551110388677,0.010261856494677,150341.38759905766,1524.5302376960342,0.024233903971218124,-0.37623553812103305,0.4523165095897514,0.09872565798718617
1736273100.0,0.010261856494677,0.0108192246516564,0.0100388249914296,0.010811731116932,73348.23503195074,772.8552285513512,0.05358432195385203,-0.49305352597050583,0.463277904447746,0.0760485844478147
1736273160.0,0.010811731116932,0.0108482179920253,0.0099058423393949,0.0100843154033305,105211.67782463532,1099.2540571492252,-0.0672802260557805,0.42232855072958464,0.4881023368337799,0.08716232788610209
1736273220.0,0.0100843154033305,0.0121170909328823,0.0093725222692418,0.0105889176342792,155285.9966045968,1605.131797642149,0.050038322956662815,0.4602009309884677,0.45526270127324847,0.272162120468194
1736273280.0,0.0105889176342792,0.0106940110588712,0.0101522777927237,0.0102253702932964,45180.1767808077,470.1966040672486,-0.03433281413068116,-0.7070666690685826,0.478043283349682,0.05116040041654129
1736273340.0,0.0102253702932964,0.01076666441513,0.0101519848717182,0.0105836753180996,55672.90941877896,579.2500557072448,0.03504078723076646,0.23193160200791052,0.4616307121560168,0.06011318179985859
1736273400.0,0.0105836753180996,0.0106336451864002,0.0099482978606176,0.0102690189371116,61307.88651587857,639.2173064744005,-0.029730350897092653,0.10352567112650124,0.477806615719863,0.06475513516656713
1736273460.0,0.0102690189371116,0.010527544599142,0.0098840517793282,0.0102509957067766,40337.54242647107,413.86348064482394,-0.0017551073228490395,-0.35254650264792475,0.4636012573735592,0.06266351476753595
1736273520.0,0.0102509957067766,0.0105453714022117,0.0095325803070626,0.0102649381738191,81900.7892648015,840.1355886626349,0.001360108563237684,1.0299824167951557,0.4627875874118608,0.09879928975870862
1736273580.0,0.0102649381738191,0.0103158245318343,0.0094342628139634,0.0096069149431575,50570.75857083672,502.4673431668763,-0.06410396434144137,-0.4019211304133347,0.4634170287724598,0.08588085996653518
1736273640.0,0.0096069149431575,0.0099063805089632,0.0085435071900131,0.0090313789856531,192331.65113034207,1792.3669227903863,-0.05990850974633881,2.5671311721349355,0.43371016008481333,0.14186378530610436
1736273700.0,0.0090313789856531,0.0102446174738608,0.0086778884754635,0.0098576806412017,354635.2693562084,3349.363374327567,0.09149230221223474,0.868681759152988,0.4077272307322861,0.17347616580880346
1736273760.0,0.0098576806412017,0.0112783522077153,0.0094792348199909,0.0108333962647273,237255.06914212328,2454.5314409705875,0.09898024282176937,-0.26716478128821414,0.445031133746602,0.18250919797550666
1736273820.0,0.0108333962647273,0.0108957582741852,0.0099779982964261,0.0105492788309394,138306.7436940641,1478.684081974911,-0.026226072308733365,-0.39756971237239497,0.489080423428088,0.08471581352075669
1736273880.0,0.0105492788309394,0.011251459132225,0.0101488907166576,0.011251459132225,130639.5527216668,1424.0193282550292,0.06656192452001694,-0.036968514361006816,0.47625376487847704,0.10451599898314733
1736273940.0,0.011251459132225,0.011251459132225,0.010580651726497,0.0111123747031084,77866.87065739694,870.7008783297116,-0.012361457076998402,-0.3885610531728845,0.5079541320286921,0.05961959225419565
1736274000.0,0.0111123747031084,0.0111123747031084,0.0101943586699443,0.0102820060783159,107861.68868578075,1153.8170197355191,-0.07472467829583038,0.3251589018135788,0.5016750788285355,0.08261204807171482
1736274060.0,0.0102820060783159,0.0109296221023,0.0095469534661414,0.0104982236212795,145098.3892050229,1507.5889283608346,0.021028731291998358,0.3066100625785603,0.4641875699540378,0.1344745982084722
1736274120.0,0.0104982236212795,0.0104982236212795,0.009840496575868,0.0099188546932537,81450.50299124344,831.490649165169,-0.05518732967846485,-0.4484632823158042,0.47394884563168693,0.06265127026617263
1736274180.0,0.0099188546932537,0.0100986548397386,0.0091448032451734,0.0096963322307664,162618.2138282784,1594.8933307459756,-0.0224342899829604,0.9181133694615522,0.4477928744370832,0.09616549733448165
1736274240.0,0.0096963322307664,0.0106910412456667,0.0089254635459716,0.0098230707296038,140154.89348983663,1367.8699214479434,0.013070766947863133,-0.14234394546740445,0.4377469592396583,0.18208717045533307
1736274300.0,0.0098230707296038,0.0101297786656305,0.0092720299864241,0.0098303386157518,72854.4640063113,715.919301876256,0.000739879244287179,-0.47661741028823296,0.44346864772601563,0.08731981096515995
1736274360.0,0.0098303386157518,0.009901789193703,0.0089660414765908,0.0094729047668904,110268.79072734212,1064.2726524597622,-0.03636027840268498,0.4865818670771329,0.4437967609739602,0.09518977460377491
1736274420.0,0.0094729047668904,0.0097107811207007,0.0089674057523157,0.0093344101401411,82533.6146747682,776.1178408019808,-0.014620080129314133,-0.27075281037410276,0.4276601871907372,0.07847385640181213
1736274480.0,0.0093344101401411,0.0098170784121247,0.0090667893112725,0.0098115811531427,57956.5687730884,554.8179805590772,0.05111956790387904,-0.2851369323171714,0.4214077609858911,0.08037884446770834
1736274540.0,0.0098115811531427,0.0098981082350596,0.009300633687731,0.0094025942371122,40940.56461867327,393.3195945796262,-0.04168409858175603,-0.2910835474667076,0.442949943638831,0.060894828061145434
1736274600.0,0.0094025942371122,0.0096165204165249,0.0085041869776643,0.009134402214772,111448.6993272784,1032.9620719984343,-0.028523194299041543,1.6262664922718837,0.4244859745214067,0.11830069561762008
1736274660.0,0.009134402214772,0.0092774848607112,0.0087087880136622,0.0090553921409741,124773.44323807364,1134.8016367794592,-0.008649725722623338,0.09858983939652256,0.4123782785929146,0.06225879194692262
1736274720.0,0.0090553921409741,0.0090553921409741,0.0081088457471865,0.0087750626286908,140020.41312915427,1248.313821564589,-0.030957191905015034,0.10002821736076697,0.4088113195891183,0.10452848193118428
1736274780.0,0.0087750626286908,0.0089402072689426,0.0078730174874266,0.0085977300778934,246001.6904952327,2136.868187221481,-0.02020869346477323,0.7118036749310457,0.3961556691156556,0.1216162011227969
1736274840.0,0.0085977300778934,0.008864583442991,0.0080696800699195,0.0085294007896692,173635.55813153836,1486.9394636905654,-0.007947363734980417,-0.30415012372663125,0.38814988063416517,0.0924550277654525
1736274900.0,0.0085294007896692,0.0090264179207747,0.007916187933814,0.0083352367641756,127330.34718561928,1073.6900774453457,-0.022764087452517175,-0.27791944214026026,0.3850651123490762,0.13016506251006624
1736274960.0,0.0083352367641756,0.0090036167298623,0.0080669953876754,0.0082430489094011,119747.68839689923,992.6056934971207,-0.011060016335794853,-0.07551935670407872,0.3762994564566485,0.11236889469204388
1736275020.0,0.0082430489094011,0.0088464368538833,0.0082430489094011,0.0087985570178039,84639.774470567,721.1988411474546,0.06739109697253502,-0.2734286677255024,0.37213757832108724,0.0731996074649081
1736275080.0,0.0087985570178039,0.0093014713665438,0.0084275844690396,0.0087762067275295,95335.8954298851,837.7529193150204,-0.0025402222465767113,0.16161157161889492,0.397216337948848,0.0993216155485367
1736275140.0,0.0087762067275295,0.0092207076396008,0.008125702924098,0.0082827149388647,116516.1450245133,993.8198954216995,-0.05623064770304452,0.18629236915615344,0.3962073201704866,0.12476970398474684
1736275200.0,0.0082827149388647,0.0091320491230539,0.0082827149388647,0.0088232197130589,65682.3192467913,561.7787304111979,0.06525695719141664,-0.4347278284534413,0.3739283259326126,0.10254296935946677
1736275260.0,0.0088232197130589,0.0094340518229501,0.0084941985601038,0.0091272965164044,95098.61102290296,853.5345802830186,0.03446324734444137,0.5193429976572235,0.3983297506906552,0.10652044190345386
1736275320.0,0.0091272965164044,0.0092850627390702,0.0087002659067578,0.0089965375555804,47743.72281014305,432.64965509493425,-0.014326143627413478,-0.49310822889978934,0.4120574874133569,0.06407119909617817
1736275380.0,0.0089965375555804,0.0091845741027693,0.0088909481815621,0.0091326642525989,24860.84779894522,225.353663434754,0.015131009699844294,-0.47913129993064313,0.406154292665922,0.032637658587338234
1736275440.0,0.0091326642525989,0.0103029328846346,0.008506013580769,0.0087170369403769,79757.63869137225,711.8250092491601,-0.04550997394913802,2.1587017419632617,0.4122998172078835,0.19675740333432792
1736275500.0,0.0087170369403769,0.0088399090270415,0.0077377518944181,0.0086587288655705,58707.62548545112,510.0449757292339,-0.006688978744178587,-0.28346859255867635,0.39353606326751833,0.12643712997455134
1736275560.0,0.0086587288655705,0.0090082064567285,0.0085430216028651,0.0087703610047387,33924.483719884,295.6364377788498,0.012892439629571978,-0.4203718263155807,0.39090370890525417,0.05372438161369207
1736275620.0,0.0087703610047387,0.0091479244846387,0.0085618896726429,0.0088880235118308,54871.04317214126,484.46698957947797,0.013415925185807767,0.6387255685372668,0.3959434113732909,0.06681991900665911
1736275680.0,0.0088880235118308,0.0090841560981205,0.008169184750971,0.0084500245165826,56699.35975092424,491.528111270907,-0.049279684585125355,0.014575031618889367,0.4012553585580885,0.10294429868818272
1736275740.0,0.0084500245165826,0.0086527372881049,0.0079546272811903,0.0082234822113714,39119.86725618816,326.13268494636037,-0.026809662476910672,-0.3364923033535075,0.3814816210502545,0.08261632916503445
1736275800.0,0.0082234822113714,0.0083762877986727,0.0079938758035641,0.0081616145408307,50045.68022518684,410.00165625972693,-0.007523293533139665,0.2571621158644698,0.3712542275487525,0.0465024408491822
1736275860.0,0.0081616145408307,0.0087012979502773,0.0076521725277051,0.0081488438429488,197049.2022033505,1606.98140604735,-0.0015647269076493912,2.9194510107768026,0.36846117301948417,0.12854385824320227
1736275920.0,0.0081488438429488,0.0084733607464992,0.0080130045721002,0.0083619438608556,47011.83933170976,388.10124938561086,0.026150951228645237,-0.758490516489414,0.36788463190763654,0.05649343431674019
1736275980.0,0.0083619438608556,0.0084409537827993,0.0079344909713796,0.008002171654176,37080.05777240905,303.3911743458735,-0.0430249488236564,-0.2182679781985728,0.37750516497442127,0.060567592876410205
1736276040.0,0.008002171654176,0.0082787838079799,0.0077443870887294,0.0081566626532421,85270.14100224839,688.9330399127551,0.01930613410241915,1.2707748219707748,0.3612630245707308,0.06678146162630995
1736276100.0,0.0081566626532421,0.0087283443474346,0.0075927460538375,0.0084145674678679,60924.23767330562,504.7947812187734,0.03161891395904291,-0.26728034224821123,0.3682376169693389,0.1392233983277123
1736276160.0,0.0084145674678679,0.0087792831642257,0.0082815687366106,0.0086030887220477,48592.61025995937,413.4661673872769,0.02240415266734645,-0.1809222623320178,0.3798808904967754,0.059149139812080115
1736276220.0,0.0086030887220477,0.0088829564771971,0.0084241466241688,0.0088150367800072,28428.78409823524,247.58806464694197,0.02463627480864249,-0.40118905928514265,0.3883917999628727,0.053330828944316004
1736276280.0,0.0088150367800072,0.0090633281264127,0.0084141840620996,0.0084836623090693,36113.72491494657,312.3602301446728,-0.0375919555650031,0.2616126330245171,0.3979603270801813,0.0736405395137297
1736276340.0,0.0084836623090693,0.0084836623090693,0.0079734758387437,0.0082629443201606,58414.06366796281,489.11867293108173,-0.026016828684086796,0.5658801144580456,0.38300022014794904,0.06013752690040424
1736276400.0,0.0082629443201606,0.0083421227466733,0.0075540234048269,0.0079878853856563,63918.74420866098,519.3663135723099,-0.03328824736640052,0.0618411079257449,0.37303576903439234,0.09537754477221044
1736276460.0,0.0079878853856563,0.0084974553791153,0.0078737110674528,0.0084370665888686,32043.77205186463,263.15870851724986,0.0562328052451636,-0.49330809172587775,0.36061806207826,0.07808628711455286
1736276520.0,0.0084370665888686,0.0086741708731264,0.008146625127925,0.0086426196007853,41557.03023367928,354.89051768260083,0.024363089914200303,0.3485797968921785,0.3808966273309951,0.06252715201956736
1736276580.0,0.0086426196007853,0.0087324069813338,0.0084154100478044,0.0086292720742477,18815.42346923592,162.4889779902582,-0.0015443843596202628,-0.54214336564613,0.3901764461106758,0.03667833922721738
1736276640.0,0.0086292720742477,0.0090365362078155,0.0085277791579849,0.0087242921886153,29372.32952004894,254.85730393807862,0.01101137077960122,0.5684590246690961,0.3895738637098103,0.058957122391456576
1736276700.0,0.0087242921886153,0.0089372654533175,0.0084494677223034,0.0085351291215926,14089.81702065634,121.591044071623,-0.021682339716859518,-0.5229053976763195,0.3938636059691608,0.05591258528120457
1736276760.0,0.0085351291215926,0.0085895716754976,0.0080984188844062,0.008431513296145,33861.52856504895,287.25822344059645,-0.01213992477108123,1.3624949159198556,0.38532372146243016,0.05754485773962761
1736276820.0,0.008431513296145,0.0087661614300765,0.0083539895789783,0.0087068672017102,18134.91695366946,155.4015535244962,0.03265770875212821,-0.45901791195672265,0.3806459204713632,0.04888468257372616
1736276880.0,0.0087068672017102,0.0089791226254381,0.0086645741217324,0.008891104021624,17819.52572593854,156.79375046926498,0.021159943714038888,0.008958706738728516,0.39307694407980276,0.03612648458034555
1736276940.0,0.008891104021624,0.0092751051013565,0.0088707505992203,0.008926126279481,31295.04936829932,278.7955509397197,0.003939022394949277,0.7781037197293763,0.4013944300918178,0.04547854812549394
1736277000.0,0.008926126279481,0.0095006814202309,0.008926126279481,0.0090795406467467,40248.994172335,362.3549915913719,0.017187115940580203,0.2997158325159901,0.40297553174115736,0.06436780331807129
1736277060.0,0.0090795406467467,0.0094787956752,0.0088749038158325,0.0091899735262061,30847.4318381245,281.7837965829055,0.012162826706323442,-0.22235431242334489,0.4099015189264096,0.06651127880394266
1736277120.0,0.0091899735262061,0.0097728021178803,0.0090733137105912,0.0090733137105912,36858.77424208398,336.5811905897227,-0.012694249366685699,0.19446609305192933,0.41488708006777025,0.07611430057926075
1736277180.0,0.0090733137105912,0.0094433139802636,0.0088832171591558,0.0091126053899781,36111.66623528602,328.3619203708357,0.004330466314752752,-0.024419873863082038,0.4096204000143739,0.06173012848150541
1736277240.0,0.0091126053899781,0.0094692454713451,0.0091126053899781,0.0094272275135551,18281.67328886795,169.469583986299,0.03452603400592945,-0.48389391865260006,0.4113942473584717,0.03913700485255591
1736277300.0,0.0094272275135551,0.0095928324724768,0.0092420574856445,0.009385000340711,18641.61801107248,175.34518279824317,-0.004479278004416668,0.03467052124479867,0.42559805913261406,0.03720871129162121
1736277360.0,0.009385000340711,0.0097469108712315,0.0091288203121505,0.0096636886551499,29679.69252890008,282.679616237897,0.029695077711396886,0.6121322053264256,0.4236916871076189,0.06585940720745612
1736277420.0,0.0096636886551499,0.0097750002249863,0.0094473003585513,0.009554770590533,9733.82777110857,93.53458616177323,-0.011270858209908915,-0.6691144999890739,0.4362732446819525,0.03391043297533844
1736277480.0,0.009554770590533,0.0098802973414548,0.009554770590533,0.0095622616710985,21532.82915261146,205.82189479733628,0.0007840146965875679,1.2004897144822553,0.4313560708003653,0.03406955173202551
1736277540.0,0.0095622616710985,0.009801966480955,0.0083361686258957,0.0087846609824048,79494.03580141008,729.2354631316465,-0.08131974583418518,2.5430412485984175,0.43169426029933505,0.15328987068923328
1736277600.0,0.0087846609824048,0.0100398853354519,0.008605190270602,0.0088278065517999,72727.3386890881,640.4539457553368,0.004911466644133267,-0.12174602287585437,0.39658899277371656,0.16331820519010554
1736277660.0,0.0088278065517999,0.0090644387963327,0.0085956285664032,0.0089593061245102,25705.17694063912,228.61043930381808,0.0148960641512345,-0.6430493701866413,0.3985368263831551,0.05310608328111984
1736277720.0,0.0089593061245102,0.0091792130477034,0.0087976580481594,0.0090895661726288,15069.17935231614,135.9908468763189,0.014539077726370518,-0.405141570566731,0.40447345651558797,0.04258756138493482
1736277780.0,0.0090895661726288,0.009248120357608,0.0090301312630886,0.0091929413868703,4378.49214995538,40.02490791538335,0.011372953590765445,-0.705679398027536,0.41035412753812184,0.023982343093097942
1736277840.0,0.0091929413868703,0.0094129945012199,0.0090909669496794,0.0093614153267094,11014.51367856648,102.1836079093627,0.01832644555742757,1.553000449754664,0.41502106598639193,0.035029871070474956
1736277900.0,0.0093614153267094,0.0094013539052206,0.0089275911051946,0.0089712534173809,9695.22264838988,88.86965260656676,-0.0416776625875487,-0.1302944334731798,0.42262692695737714,0.05060803131704767
1736277960.0,0.0089712534173809,0.0090580067270289,0.0085125082968227,0.0087670846653636,22269.25670665369,197.50980215702424,-0.02275810776025367,1.222466234130748,0.40501282449523496,0.0608051522822163
1736278020.0,0.0087670846653636,0.0087776269437762,0.0085480480164635,0.0086589129654018,8476.53093869174,73.85600402737593,-0.012338388881900314,-0.6260641081060933,0.3957954989910877,0.026186461757316513
1736278080.0,0.0086589129654018,0.0091337741180603,0.008450712254449,0.0090199898800117,27830.9590380062,246.01041046379717,0.04170002817358784,2.3309466671471886,0.39091202020682986,0.07888540586336808
1736278140.0,0.0090199898800117,0.0093554705587034,0.0088703581539427,0.0091235720687388,30547.10244141091,277.11662275028317,0.011483625824973231,0.1264426665027803,0.40721306246284883,0.05378192339613476
1736278200.0,0.0091235720687388,0.0093310213576158,0.0090638543353861,0.0091209924746842,19503.18009182341,177.91351399363737,-0.00028273948352296223,-0.3579832482515502,0.4118893449032136,0.02928316017200392
1736278260.0,0.0091209924746842,0.0098601022190103,0.0091209924746842,0.0097942583194935,43613.32217303073,412.4784634350736,0.07381497645985183,1.3184212046411767,0.4117728875225671,0.0810339166902658
1736278320.0,0.0097942583194935,0.0103891186264075,0.0095012972780268,0.0097462728347754,62602.15655820629,611.6396952750246,-0.004899348491002523,0.4828403165133979,0.4421678935218506,0.09064712400056572
1736278380.0,0.0097462728347754,0.010250723492027,0.0096244875651593,0.0101425010092326,26117.9491390488,259.72699184792253,0.04065432819030369,-0.5753594904739857,0.4400015589199545,0.06425388838215623
1736278440.0,0.0101425010092326,0.0104855152204805,0.0098835281880489,0.0100203276766577,47431.28762825359,478.1744633998326,-0.012045681086320663,0.8410657282775492,0.4578895267005316,0.05935291816915939
1736278500.0,0.0100203276766577,0.0104936089779753,0.0099322666068175,0.010472977966133,16762.73997367083,171.7619768455308,0.045173202322489586,-0.6407964247519644,0.4523739354891307,0.056020360737847344
1736278560.0,0.010472977966133,0.0107584988919244,0.0099619012495158,0.0105605835023384,43714.17588291689,459.73240273845124,0.008364911726988734,1.6765667884219706,0.47280911480240206,0.07606219023706515
1736278620.0,0.0105605835023384,0.0107062065202019,0.0102830522379571,0.0105588045630782,26025.88545961671,274.82538738386427,-0.0001684508493120779,-0.40220574893822175,0.47676412131143986,0.04006921418225639
1736278680.0,0.0105588045630782,0.0105864117750459,0.0097893742893676,0.009811530018418,41741.44804500173,425.1436312964129,-0.07077264667567135,0.5469590904372694,0.4766838099902834,0.07548557991738607
1736278740.0,0.009811530018418,0.0102094835340497,0.009811530018418,0.010130195341739,10365.5431043175,103.3534068975844,0.03247865753076304,-0.7568976710707781,0.4429476351298282,0.040559781694054844
1736278800.0,0.010130195341739,0.010277309261207,0.0097698242990671,0.0102317518819429,24129.27659517507,245.6595282882888,0.010025131478507717,1.3768885386789353,0.4573339796752713,0.05009626616467421
1736278860.0,0.0102317518819429,0.0106080340216689,0.01019173724065,0.0106080340216689,34303.3411388564,357.43714255616317,0.03677592498993909,0.45501029431555357,0.46191881295110504,0.04068675490006608
1736278920.0,0.0106080340216689,0.0108515877008393,0.0099961011758379,0.0103049068492118,56309.09202617505,588.7943560181893,-0.028575245124393935,0.6472668503544609,0.4789063045676366,0.08064515283924498
1736278980.0,0.0103049068492118,0.0108468331464937,0.0102829766298699,0.0107040616356636,43048.98763852229,452.2074123017527,0.03873443906796018,-0.23197733184829833,0.4652214395229987,0.05471728419038811
1736279040.0,0.0107040616356636,0.0109886904620727,0.0104661651913314,0.0107662926541695,33410.3442657408,358.66596416537436,0.005813776174322384,-0.20685518545626852,0.48324153102531103,0.0488156074326366
1736279100.0,0.0107662926541695,0.0119543828181926,0.0103246342307734,0.0111129577354475,91836.79230123894,1004.6600868690288,0.032199113698042126,1.801102382844998,0.4860509891248291,0.151375096309317
1736279160.0,0.0111129577354475,0.0111129577354475,0.0104165817201028,0.010580912510396,50110.40958458838,543.5443617470663,-0.04787611342697827,-0.4589768531155704,0.5017014001867053,0.06266342695819295
1736279220.0,0.010580912510396,0.0107449970613396,0.010513112165655,0.0106108558561268,7757.40725167535,82.19658880114412,0.0028299398280990287,-0.8487766692364411,0.4776818870448928,0.021915396753991383
1736279280.0,0.0106108558561268,0.0108129663619617,0.0103431346788851,0.0106204170112575,25473.00585121369,270.41216898979735,0.0009010729445711208,2.289822277710306,0.4790336980422026,0.044278396525885895
1736279340.0,0.0106204170112575,0.0106615259381227,0.010162694874388,0.0106399908501118,43344.07772973606,460.7563854545413,0.0018430386333749805,0.703904033519755,0.4794653423470463,0.046969065640826105
1736279400.0,0.0106399908501118,0.0106399908501118,0.0100844263076959,0.0100844263076959,20213.06486309886,209.451994130343,-0.05221475753525319,-0.5454170560789596,0.4803490154963563,0.05221475753525319
1736279460.0,0.0100844263076959,0.0102495182231068,0.0097974098310607,0.0100607735547649,22080.02190836728,222.40322715578597,-0.0023454733278134767,0.061833896971080445,0.45526770811991646,0.04483233634233361
1736279520.0,0.0100607735547649,0.0101081541834771,0.0087426427392533,0.0095334735445184,79054.363345962,774.505364838652,-0.052411477842751374,2.4824376190195165,0.4541998898535064,0.13572628752558275
1736279580.0,0.0095334735445184,0.0099625678724594,0.0092545823636922,0.0095953205570281,35071.98919986112,335.44243006790293,0.006487353452117276,-0.5668946332763187,0.4303946023902692,0.07426312198393632
1736279640.0,0.0095953205570281,0.0096457049549472,0.0093070895753201,0.0093070895753201,5791.67512666022,54.73830929872559,-0.03003870271920046,-0.8368175746650625,0.4331867242998584,0.03528963702823666
1736279700.0,0.0093070895753201,0.0093194438695049,0.0089504301380076,0.0090399311235794,41442.26526459204,380.17104930937694,-0.028704832974760744,5.945246467782812,0.4201743570667107,0.03964867088803197
1736279760.0,0.0090399311235794,0.0093496314191011,0.0088608961332708,0.009298827832915,25621.17312533053,234.93025906402445,0.02863923472384701,-0.3820406380475277,0.4081133223268333,0.05406404973103184
1736279820.0,0.009298827832915,0.0093723428450619,0.0089840926050961,0.0091826172098514,33885.6049446806,313.12747276300394,-0.012497341079081953,0.3328528815765225,0.4198013755588805,0.041752600106382425
1736279880.0,0.0091826172098514,0.0094884787424299,0.0091492205538209,0.0091987214057819,13038.9038654988,119.83625356421169,0.0017537697110167668,-0.6172924320348222,0.4145549745830534,0.03694569651068906
1736279940.0,0.0091987214057819,0.0096834551524015,0.0090770311253289,0.0095280798297351,21846.25346676428,204.5552232064094,0.03580480475755913,0.7069560931893025,0.4152820085410285,0.06592481719159686
1736280000.0,0.0095280798297351,0.0098223913206248,0.009445841426935,0.0098223913206248,10224.16533980637,98.92120822221639,0.030888856532374696,-0.5164082995700456,0.430151099776167,0.03952001876754534
1736280060.0,0.0098223913206248,0.0100018178650456,0.0097428965402468,0.0099514087165547,16160.50702626901,159.77731721843887,0.013135029110374705,0.6151977931720712,0.4434379753843962,0.026360314545310872
1736280120.0,0.0099514087165547,0.010244322233897,0.0099400710370026,0.0101455727960623,14348.19431520008,144.17769794600616,0.019511215450793214,-0.09763350357864473,0.4492625460997159,0.030573681130015334
1736280180.0,0.0101455727960623,0.0102748237815149,0.0100398312188124,0.0102042956261893,17639.26876321508,179.4783991980798,0.005788025112765665,0.24484162082608357,0.45802820443063935,0.02316207940410285
1736280240.0,0.0102042956261893,0.0104000045328966,0.0100519748025729,0.0103279620650143,17987.47918909805,184.66177896286155,0.01211905685166654,0.028880242903554874,0.4606792831802389,0.034106198318135876
1736280300.0,0.0103279620650143,0.0107138916474734,0.0102082664827456,0.0104197646516925,32065.02549298758,332.6381930463715,0.008888741660775277,0.8013375313213591,0.46626228160348515,0.04895691536673938
1736280360.0,0.0104197646516925,0.0106414037178819,0.010290665962441,0.0105796995895959,20586.33628221667,216.1510163087735,0.015349189089162489,-0.3501918275552894,0.4704067665708222,0.033660813575470745
1736280420.0,0.0105796995895959,0.0105796995895959,0.0101245334708576,0.0102503614130951,17931.03468483101,186.75227316319905,-0.03112925595965619,-0.13601020086613014,0.47762712897973925,0.04302259387269481
1736280480.0,0.0102503614130951,0.0107003911785002,0.0100764016227988,0.0100764016227988,25657.37884616727,260.7657299640995,-0.016971088460750308,0.3963189071129622,0.4627589518284532,0.06087488338745181
1736280540.0,0.0100764016227988,0.0101845144677126,0.0099664137701562,0.0101845144677126,4825.91930804334,48.88877307992247,0.010729310815597476,-0.8125184122673896,0.45490542872096845,0.02164470072956671
1736280600.0,0.0101845144677126,0.0101845144677126,0.0097170917142309,0.009842459283145,20801.09007142038,208.29144242478034,-0.033585811640996575,3.2605168692670876,0.4597862504574184,0.04589543811475192
1736280660.0,0.009842459283145,0.009971984590927,0.0098316440836318,0.0098912654400672,5708.22453820118,56.32226584757358,0.004958735974227385,-0.7295987526328016,0.44434395605443544,0.014258683044341362
1736280720.0,0.0098912654400672,0.0099968559348166,0.0096635472633552,0.0096855940260965,9986.05766850742,97.74782379868805,-0.020793235730746068,0.735509435348811,0.4465473404142531,0.03369727296077246
1736280780.0,0.0096855940260965,0.0098945707077016,0.0093135780027755,0.0098945707077016,16874.72350447254,165.20493302743355,0.021576031479539733,0.6901136680819988,0.4372621763000818,0.05998524234659185
1736280840.0,0.0098945707077016,0.010199461839485,0.0098422238140179,0.0099694086878465,20297.70918151126,201.59663847918358,0.007563539880173617,0.22028219608737049,0.44669655878074443,0.0361044491995027
1736280900.0,0.0099694086878465,0.0104131319799423,0.0099099375053854,0.0102986773095938,17617.58136827812,178.53732711958142,0.03302789885108278,-0.1143834120130094,0.4500751660174189,0.05047385359678686
1736280960.0,0.0102986773095938,0.0110918868549269,0.0102165394985187,0.0107708750340618,40750.65047540795,429.2989816148109,0.045850327209312716,1.4045334863071708,0.4649402030760265,0.08499609513862179
1736281020.0,0.0107708750340618,0.010923038553169,0.0103409915528921,0.0108148760072746,24271.70760824575,261.9615188898517,0.004085180922966082,-0.3897923589185287,0.48625786351982664,0.054038970690518266
1736281080.0,0.0108148760072746,0.0108640848154891,0.0101027427845874,0.010712694851887,41073.48831381626,442.1062150543127,-0.009448204058823073,0.6876761782718454,0.48824431486752007,0.07039766617662419
1736281140.0,0.010712694851887,0.0108220763597928,0.0106198348342485,0.0107387264553938,6539.36754028827,70.13936409494012,0.002429977131497776,-0.8413517799420135,0.48363128295009145,0.018878678832961956
1736281200.0,0.0107387264553938,0.012094779766856,0.0107387264553938,0.0110589010681555,74127.6547688048,807.9035039223301,0.029814951902502773,10.518546173711497,0.4848064959077371,0.12627692092679096
1736281260.0,0.0110589010681555,0.0125909587547595,0.0110589010681555,0.0113939536041268,46565.65788078123,522.765974558199,0.03029709135712378,-0.3529351314603823,0.49926097826524723,0.1385361598916565
1736281320.0,0.0113939536041268,0.0116383826018095,0.0111295252364088,0.0113333146037958,34392.90385596332,390.8283751918869,-0.005322033285183588,-0.2523836779503782,0.5143871337347964,0.0446602981792375
1736281380.0,0.0113333146037958,0.0114810306140406,0.0110750414468079,0.0111762367719271,13342.1501736362,150.16290739803713,-0.013859831599141505,-0.6157829959907314,0.5116495482875897,0.03582263278006271
1736281440.0,0.0111762367719271,0.0114550891606982,0.0111474975583702,0.01125510420095,14385.88036626399,161.34729384534282,0.007056707068071661,0.07448168553142892,0.5045581717105468,0.027521929662462037
1736281500.0,0.01125510420095,0.012828636651885,0.0110717120467163,0.0116597081646639,54877.24051361767,628.7508347561071,0.03594848670345933,2.896878712814281,0.5081186909271099,0.15610025227668747
1736281560.0,0.0116597081646639,0.0119322544574926,0.0114159061012521,0.0116661374774711,26094.61374421681,304.33946614436786,0.0005514128412479335,-0.5159617302736125,0.5263847889316823,0.04428484392133865
1736281620.0,0.0116661374774711,0.0116814260626687,0.0109727942653336,0.0114757758134167,40174.80787755957,464.86096019027985,-0.016317454206417017,0.5274422541365906,0.5266750442637368,0.06074262357216043
1736281680.0,0.0114757758134167,0.0117824283999976,0.0113911495207483,0.0115396964723025,17844.8923933926,205.3543131608844,0.005570051203951604,-0.5582457320639973,0.5180810483473006,0.034096072074869525
1736281740.0,0.0115396964723025,0.0117554400265466,0.0112518354262391,0.0114254378939894,27711.06374638122,318.1941511842624,-0.009901350402702725,0.5494885219916169,0.5209667863143921,0.04364106122862499
1736281800.0,0.0114254378939894,0.0115102101133438,0.0108500929664635,0.0113846318538097,25220.17170847302,287.6369378608696,-0.0035715077669948754,-0.09603323382803952,0.5158085116149232,0.05777609164788061
1736281860.0,0.0113846318538097,0.012416584583587,0.0113507294138845,0.0119025425152203,48618.6822106349,566.0958651157559,0.04549208688178093,0.9680916829589438,0.5139662975094085,0.09362227811923728
1736281920.0,0.0119025425152203,0.0121950304226395,0.0102050693653446,0.0118622346405938,117728.13814584805,1398.891484002488,-0.003386492808150682,1.4711211831876585,0.5373476969700138,0.1671878974387405
1736281980.0,0.0118622346405938,0.0120537537711473,0.0115940271146927,0.0119559738488901,28519.38986523293,339.640386901496,0.00790232288741918,-0.7572074812195426,0.5355279728587485,0.03875548498099736
1736282040.0,0.0119559738488901,0.0124224834238172,0.0117425978785893,0.0124094736867278,38712.59463166785,471.62484673277316,0.03793081547094545,0.38860060499682525,0.5397598878155234,0.05686576048265733
1736282100.0,0.0124094736867278,0.0128214878537998,0.0121480185257903,0.012374092385033,67958.12347719664,842.1223216549909,-0.0028511524814014803,0.785576666473098,0.5602334205188723,0.054270579479111125
1736282160.0,0.012374092385033,0.0126879947968365,0.0116297794909562,0.0121077758238674,87959.69529213275,1076.7088339185154,-0.021522108683116072,0.27856584041437193,0.5586361096117958,0.08551862010988838
1736282220.0,0.0121077758238674,0.0124824199976834,0.0120447087715707,0.0121420877655434,19694.04130412394,238.78890757461377,0.002833876524899187,-0.7782233227291556,0.5466130825464176,0.03615124961678459
1736282280.0,0.0121420877655434,0.0122321876857489,0.0120004421725409,0.0121523217183935,7517.53175572773,91.3169973910743,0.0008428495204211104,-0.6175827498915932,0.5481621165292487,0.019086133923825185
1736282340.0,0.0121523217183935,0.0141358328407113,0.0120920664462267,0.0125931173345546,76109.85075568363,941.6858366018724,0.03627254333580729,9.312273328140733,0.5486241347062784,0.16817908888893207
1736282400.0,0.0125931173345546,0.0130757023390609,0.0116150243007369,0.0121824306320585,101491.055526873,1257.2482571941177,-0.032611996822201075,0.33510371328400823,0.5685241274074816,0.11599018729985193
1736282460.0,0.0121824306320585,0.01239417835392,0.0120371455565811,0.0121420698620809,19798.6827960828,240.79653472831268,-0.0033130309703048645,-0.8084733596961081,0.5499834203711242,0.029307189026741134
1736282520.0,0.0121420698620809,0.0127543434046627,0.0118421324900897,0.0123198592930362,42883.13489440333,524.5021038681122,0.014642431889683668,1.1781962288614347,0.5481613082662805,0.07512812271174552
1736282580.0,0.0123198592930362,0.012950495231031,0.0123198592930362,0.012811109085185,12805.68190814449,160.90959354756924,0.039874626849551724,-0.693214588919875,0.5561877228871294,0.0511885666057295
1736282640.0,0.012811109085185,0.0128677693759216,0.0125046211423759,0.0125548217081222,18220.56224279529,231.09076043294579,-0.020005088970725855,0.4361527820566465,0.5783655007955556,0.02834635402220187
1736282700.0,0.0125548217081222,0.0130696342070531,0.0122177721828448,0.0125128155456719,30437.16867839465,381.49395173127033,-0.003345819114510006,0.6508403495516045,0.566795247494542,0.06785138363671049
1736282760.0,0.0125128155456719,0.0128042590226714,0.0125128155456719,0.0127490128615887,7782.12987747581,98.29541480390493,0.01887643233089129,-0.7423408304172917,0.5648988531214614,0.023291598596313353
1736282820.0,0.0127490128615887,0.0128161609421267,0.0117161598938931,0.0122035208142404,64092.03672130748,799.62935232045,-0.0427870026699718,7.134960861762227,0.5755621280962068,0.08628127214051018
1736282880.0,0.0122035208142404,0.0122963443106502,0.0110141534237349,0.0117994580260314,70803.17587972867,849.743566232585,-0.03311034531423877,0.06267180383850109,0.5509355497846197,0.10506729217187064
1736282940.0,0.0117994580260314,0.0117994580260314,0.01119748884223,0.0113011236906647,21223.69214320604,245.13981734206607,-0.04223366312819605,-0.7115131822310634,0.532693883485361,0.05101668080630183
1736283000.0,0.0113011236906647,0.0113602421931922,0.0109877960856126,0.0110423783948197,16626.6350177644,185.7486270970034,-0.022895537021574007,-0.24227475931496142,0.5101962694597897,0.032956555274875836
1736283060.0,0.0110423783948197,0.0112246411744946,0.0108048324279257,0.0109372662880352,14829.62583884187,162.97495335871415,-0.009518973451753088,-0.12260480249146702,0.4985150518841041,0.03801796420650137
1736283120.0,0.0109372662880352,0.0111035759087263,0.0096935994524962,0.0107274157352661,87095.07227924438,943.4435233631366,-0.01918674623462944,4.78888659833871,0.49376970033992,0.1289148877880519
1736283180.0,0.0107274157352661,0.0107546119381347,0.0096909328077893,0.0104199507142637,34468.95742115097,364.4638368591596,-0.028661611388064112,-0.6136877006056086,0.48429586640114897,0.09915520723677962
1736283240.0,0.0104199507142637,0.0104741662522333,0.0099087480865323,0.0102713254296193,25581.55918235347,264.6575526165807,-0.014263530483013591,-0.2738441352719096,0.47041516648151344,0.054263036477419035
1736283300.0,0.0102713254296193,0.0105511389625422,0.0101194723596847,0.0103542518782012,21854.94374301926,225.3854158648558,0.008073587887962887,-0.14838849813071428,0.46370538541473244,0.0420263777849652
1736283360.0,0.0103542518782012,0.010927865925524,0.009577097131967,0.0100852555252552,52613.4111233035,537.6961030879286,-0.025979313243510833,1.3856738956452206,0.467449151598,0.1304554698346457
1736283420.0,0.0100852555252552,0.0102834076045768,0.009624537743963,0.0101578635963083,35378.06988736198,358.08124151043353,0.007199428003710587,-0.33404531025236556,0.45530514366322217,0.0653300116158562
1736283480.0,0.0101578635963083,0.010412854419886,0.010082175047709,0.0103378526634131,7491.90639517014,76.7759938598997,0.017719185279295835,-0.7855905728653964,0.45858308026474465,0.03255402763009925
1736283540.0,0.0103378526634131,0.0104306088659992,0.0097617032336869,0.0100062259016153,45678.34607634679,464.6419306488779,-0.03207888258762546,5.051916846517849,0.46670879882990585,0.06470450431931941
1736283600.0,0.0100062259016153,0.0102140166283569,0.0097242969019597,0.0101235127216009,21568.06405083176,217.0797459760145,0.011721384379965491,-0.5328020747657016,0.4517373020696296,0.048941502141995955
1736283660.0,0.0101235127216009,0.0101246495563906,0.0097797559532809,0.0098589258111798,10426.7938349706,104.17638345063838,-0.02613587967905071,-0.5201008597911801,0.4570322886259563,0.034068570129199144
1736283720.0,0.0098589258111798,0.0098624027480818,0.0094115509134942,0.0094115509134942,23683.93728969105,228.200381144815,-0.045377651303378994,1.1905193248807928,0.4450873477209871,0.04573032024202322
1736283780.0,0.0094115509134942,0.0098630320600088,0.009374138081931,0.0097929876028453,18033.67745942981,173.16422668043163,0.04052856886787902,-0.24117468247985818,0.42489032925655834,0.05194616515082844
1736283840.0,0.0097929876028453,0.0098228881962237,0.0096505950104627,0.0096505950104627,3790.9819466628,36.85513533274867,-0.014540260659701851,-0.7871665756879249,0.4421105262271286,0.01759352638319913
1736283900.0,0.0096505950104627,0.0101331052023097,0.0096373237201111,0.0101207511879432,16030.28909015249,158.470197630967,0.0487178435081754,3.2998132064964594,0.4356821239353882,0.05137315177572964
1736283960.0,0.0101207511879432,0.010158634025378,0.0097556101886614,0.0100543516345185,15607.29929114539,157.43943398989592,-0.0065607337036208925,-0.006504463656134496,0.4569076174685819,0.03982153391901578
1736284020.0,0.0100543516345185,0.0101087943020298,0.009745916018194,0.0097483716533697,5844.01217019479,57.86367794870922,-0.030432592003079698,-0.6324702364439219,0.45390996826321467,0.036091664288920335
1736284080.0,0.0097483716533697,0.0098946769719425,0.0091559431658416,0.0098284654996222,46591.35543191396,456.0556890138721,0.008216125636204337,6.8815537688102575,0.4400963113929294,0.07578022590527136
1736284140.0,0.0098284654996222,0.010051181975981,0.0095588226324567,0.0098724881842223,26347.59201458223,259.53634498005783,0.00447910048641797,-0.4309108487578512,0.4437121979793638,0.050095240558480525
1736284200.0,0.0098724881842223,0.010010050170798,0.0097972331436113,0.0098423929853001,5802.72646250804,57.20003133379454,-0.003048390472656687,-0.7796068549158707,0.44569962950116276,0.02155657451449907
1736284260.0,0.0098423929853001,0.0100973522477051,0.0097506272622582,0.0100045195250962,8914.8495919329,88.46611994721722,0.016472268485747437,0.5466096413648337,0.44434096299692477,0.035227711996944536
1736284320.0,0.0100045195250962,0.0102904462185077,0.0100045195250962,0.010127181812118,12058.24923461892,121.37653612051992,0.012260687453715577,0.3720115247841602,0.4516602666386257,0.02857975265021531
1736284380.0,0.010127181812118,0.010662552681744,0.010127181812118,0.0104220683087069,22160.33269672561,227.68910967285439,0.02911831761883092,0.8758906535837553,0.45719793200314374,0.052864743574109134
1736284440.0,0.0104220683087069,0.0108053259490357,0.0104220683087069,0.0107028559765401,12655.1763515179,133.669821121132,0.026941645316085804,-0.4129283507973222,0.47051076660188396,0.03677366420719153
1736284500.0,0.0107028559765401,0.0108411803408308,0.0106380632696284,0.0106624855565039,17576.54624674004,187.7644567664718,-0.0037719296722939187,0.40468847187518164,0.48318710079307153,0.018977838405713297
1736284560.0,0.0106624855565039,0.011436659313438,0.0106624855565039,0.0110801634622036,32238.03051185571,350.470091236831,0.039172658521907766,0.8665411828859657,0.48136455303032044,0.07260725023555785
1736284620.0,0.0110801634622036,0.011172019223871,0.010829095076595,0.0109474256171979,9407.46768555319,103.61191622755697,-0.011979773173788654,-0.7043630289195177,0.5002208822907279,0.030949376193390565
1736284680.0,0.0109474256171979,0.0109531094926772,0.0106378578183161,0.0107031464818732,17198.00525216242,186.17332633607296,-0.022313842894803492,0.7968331550513075,0.4942283495840926,0.028796877492901607
1736284740.0,0.0107031464818732,0.0109305315675106,0.0103325990778368,0.0106562885732514,21417.89874457946,228.73710862603983,-0.00437795639825714,0.22862449271133695,0.48320021583731515,0.055865113187645754
1736284800.0,0.0106562885732514,0.0108126645377103,0.0106307898637232,0.010718671141514,8725.64513613667,93.25515663512999,0.005854061461810244,-0.5923042081134636,0.48108478636075097,0.01706735630673769
1736284860.0,0.010718671141514,0.0108104549503478,0.0105615049313075,0.010780682716457,17090.22134011732,183.7143580511148,0.005785379001210882,0.9700182239778479,0.48390108626844863,0.023225828626843775
1736284920.0,0.010780682716457,0.010780682716457,0.010494472211182,0.0106009872463655,5295.77420699348,56.61624814578133,-0.01666828296664267,-0.6918245871124074,0.48670063745160924,0.02654845827510453
1736284980.0,0.0106009872463655,0.0108314977742539,0.0106004556031773,0.0107734903334991,6847.78994307633,73.18396630495366,0.016272360594787223,0.29263186279161535,0.47858817350652044,0.02179440138047629
1736285040.0,0.0107734903334991,0.0110035479598119,0.0104253561910975,0.0109989358819046,22872.01275002844,248.98960499888344,0.020925952632500047,2.4022425617293974,0.48637593284221914,0.05366800830707312
1736285100.0,0.0109989358819046,0.0110635044774779,0.010781305844772,0.0108882060711212,16743.0647058754,183.22891697309552,-0.010067320327375609,-0.2641101745034007,0.49655381257446346,0.025656903152801436
1736285160.0,0.0108882060711212,0.0110592410474664,0.0107787694563347,0.0108379459539972,11481.90978456262,124.72885875905096,-0.004616014501902621,-0.3192730666122664,0.4915548462834967,0.02575921040616554
1736285220.0,0.0108379459539972,0.0108857647286121,0.0106449935172705,0.0108034538344386,13682.56817533257,148.05496400745037,-0.0031825328992234176,0.18701450073763895,0.4892858219845716,0.02221557593695151
1736285280.0,0.0108034538344386,0.0109675181684017,0.0106484400551793,0.0108660359092044,12544.86323683581,135.92039262300887,0.005792784023041417,-0.0819599090499314,0.4877286537589821,0.02953482452114165
1736285340.0,0.0108660359092044,0.0110736938657571,0.010756400002584,0.0108731496936485,16171.07694188024,175.7730215187747,0.0006546807413063651,0.29320566345258997,0.49055396051205663,0.029200516713213436
1736285400.0,0.0108731496936485,0.0110139043620449,0.0107433616133862,0.0110139043620449,9912.95048945708,108.48264160707973,0.012945160543372431,-0.38282541501687467,0.49087511674257545,0.0248817275841183
1736285460.0,0.0110139043620449,0.0115275304976721,0.0107866726654062,0.0111581813148471,25705.49672655591,284.97223789413226,0.013099528383358096,1.626892502547012,0.4972295739355548,0.06726568598316299
1736285520.0,0.0111581813148471,0.0112033688107163,0.010946152107406,0.0110188782095306,8588.38383240568,95.23254973473192,-0.01248439162134262,-0.6658181497310942,0.5037430468523686,0.023051848330161735
1736285580.0,0.0110188782095306,0.0112593918424204,0.0108910272503959,0.0111961979973469,9307.96522893888,103.3885784459216,0.016092362983277996,0.08564328828649562,0.4974541213789353,0.03343031704496825
1736285640.0,0.0111961979973469,0.0112822902264752,0.0108145520464928,0.0111102902825322,19662.26413629448,219.29803225606997,-0.007672936369565408,1.1211050152002617,0.5054593336676928,0.041776519144555734
1736285700.0,0.0111102902825322,0.0111102902825322,0.0108880115362614,0.0109446869060835,2898.68318391967,31.965195749186126,-0.014905405010800234,-0.8542385655706157,0.5015809763630577,0.020006565140811138
1736285760.0,0.0109446869060835,0.0110363483469152,0.0108979967910222,0.0109850788057228,1313.16137614732,14.398660660351934,0.0036905486640141437,-0.5495519322537376,0.4941047087646536,0.012640978867663974
1736285820.0,0.0109850788057228,0.0110789490845661,0.01066340945162,0.0107840621843332,18470.00861537443,201.0381108178175,-0.018299060475094425,12.962278545211836,0.49592822623746813,0.03782764241341806
1736285880.0,0.0107840621843332,0.0108003625982745,0.0106477879985282,0.010798168283636,4747.12404065296,51.22676255270468,0.0013080506270905193,-0.745188798560056,0.4868532056342424,0.014148156523796444
1736285940.0,0.010798168283636,0.0108021996767691,0.0105525424090789,0.0106787467142329,10719.25575986904,115.10827239756198,-0.011059428438810063,1.247033906917947,0.4874900342751733,0.023120334961674902
1736286000.0,0.0106787467142329,0.0107532277396674,0.0102182311532439,0.0106054046466676,19941.15877048652,212.21532079139178,-0.006868040747473414,0.8436148538346628,0.4820986731264739,0.050099192418380366
1736286060.0,0.0106054046466676,0.0106149011206993,0.0103156098086533,0.0103395484220632,6139.30152051958,64.29369111103512,-0.025067994429419153,-0.6970355822036243,0.47878759979513846,0.02822064051464955
1736286120.0,0.0103395484220632,0.0105954111406177,0.0102220857472842,0.0102370181514553,13190.91883424824,135.71190977939398,-0.009916319980582023,1.1108122342053701,0.46678535491059897,0.03610654721988382
1736286180.0,0.0102370181514553,0.0104035260972953,0.0098633372787389,0.0101657447208636,22528.65840903912,229.82343767554917,-0.006962323357956276,0.693465503868731,0.4621565619690559,0.05276818020290475
1736286240.0,0.0101657447208636,0.010204371801309,0.0099701566504687,0.0101164302207164,12515.74941375794,126.92330956740794,-0.0048510464802437045,-0.4477355710491521,0.458938878542626,0.023039645128960378
1736286300.0,0.0101164302207164,0.0101556304048233,0.0100619740637911,0.0101527623847808,2517.20644297177,25.510871110196653,0.003591401637901883,-0.7990056263333724,0.4567125447112248,0.009257844811741082
1736286360.0,0.0101527623847808,0.0102634391161799,0.010108214430345,0.0102634391161799,2449.88021136296,25.008624024201186,0.010901144654484034,-0.019687570989871842,0.45835278289235104,0.015288911524964375
1736286420.0,0.0102634391161799,0.0102779983947746,0.0101330998375677,0.0102142084207744,2684.67606350726,27.487925089699807,-0.0047967055533938326,0.09913784393333147,0.46334935288144585,0.014117934112209313
1736286480.0,0.0102142084207744,0.0102328137356035,0.0091448504200001,0.0099779947333972,38852.84906698674,392.26231073948134,-0.02312599054634253,13.270349961280589,0.46112680246731796,0.10651469705578175
1736286540.0,0.0099779947333972,0.0100638058033203,0.0098846205082883,0.0099673676719573,4618.79339666445,46.06175408596537,-0.001065049814501257,-0.8825741020106389,0.45046278839279363,0.01795804666364981
1736286600.0,0.0099673676719573,0.0101826291983848,0.0098935806671993,0.0100409215818831,8087.22531892613,80.90577172102783,0.007379471927451865,0.7564631075497653,0.4499830230835762,0.028999485189928734
1736286660.0,0.0100409215818831,0.0101700272847719,0.0100158300077635,0.0101151627691769,2069.91473514556,20.86068800054796,0.007393861876956923,-0.7421606943880599,0.4533036601702513,0.015356884898555502
1736286720.0,0.0101151627691769,0.0102608461478996,0.0094148085306156,0.0098563476310207,42797.63240781265,427.36668036823215,-0.025586848581899746,19.486701126875886,0.4566553248218692,0.08364053417529371
1736286780.0,0.0098563476310207,0.0099124440382738,0.0097665085800774,0.0098858040459917,6409.87761553718,63.27238805851079,0.002988573057051227,-0.8519482426566494,0.44497095417153376,0.014806240978869374
1736286840.0,0.0098858040459917,0.0100276740081943,0.0098858040459917,0.0100212364804478,2353.33267208845,23.423944437729467,0.013699688343611599,-0.6297919968491105,0.4463007823763412,0.01435087743420552
1736286900.0,0.0100212364804478,0.0100901698744587,0.0097211643052606,0.0098007636852636,9136.98083474354,90.55661781019417,-0.022000558076277325,2.865984998851543,0.4524149640024071,0.03682235918871457
1736286960.0,0.0098007636852636,0.0098007636852636,0.0093591987736063,0.0096189059242293,23522.44767350376,228.39908111301398,-0.01855546841801126,1.5221688556405266,0.4424615823122952,0.0450541331101816
1736287020.0,0.0096189059242293,0.0096666992512481,0.0094710547894984,0.009482695859133,10752.15126062548,102.69165584747245,-0.014160660907723034,-0.5503849868964242,0.43425150039551613,0.020339575341607782
1736287080.0,0.009482695859133,0.0097261523761747,0.009482695859133,0.0095465196777489,4283.80840627821,40.75875674088731,0.006730556327442464,-0.603095729594368,0.4281022121497453,0.025673766264181313
1736287140.0,0.0095465196777489,0.0095465196777489,0.0093411815157946,0.0093822505803773,5522.25713083705,52.26476826795683,-0.01720722346118239,0.2822954488090954,0.43098357820252187,0.021509216854484023
1736287200.0,0.0093822505803773,0.009613674530297,0.0092573559272567,0.0094184862472989,9683.67468132384,91.03010960420036,0.003862150835897109,0.7417107665626118,0.4235675474642911,0.03797794569519699
1736287260.0,0.0094184862472989,0.0095450552228559,0.0088307135502765,0.0093705011547076,31022.53817624868,291.4410394859011,-0.005094777582232081,2.2015894603784294,0.4252034292217892,0.07584463721909286
1736287320.0,0.0093705011547076,0.0095848315193938,0.0092631148226406,0.0095289170610476,16066.95016768279,151.82800533536758,0.016905809382501816,-0.4790438381526824,0.4230371123227018,0.034332923228078814
1736287380.0,0.0095289170610476,0.0095645226111247,0.0093317480355801,0.0094357901884254,5322.56059662992,50.470401766333396,-0.009773080406259993,-0.6675817372766566,0.4301888971053534,0.024428229782389208
1736287440.0,0.0094357901884254,0.0095400370575826,0.0094357901884254,0.0094742591388567,3172.43271144027,29.9954295304094,0.004076918802040361,-0.4056827669159146,0.4259846264240625,0.011048027465158814
1736287500.0,0.0094742591388567,0.0094757362888159,0.0092376982971937,0.0093061425479796,8444.71598803993,79.29757919331928,-0.017744563285967473,1.643655397997462,0.4277213311569109,0.02512470770890547
1736287560.0,0.0093061425479796,0.017928081586361,0.0092638091201432,0.0106666005355888,349110.9467269885,3486.3516233197383,0.1461892487241731,42.965423141359395,0.42013160292743884,0.9310272673717905
1736287620.0,0.0106666005355888,0.010797644320983,0.0104771498181474,0.0107398070383428,10442.46630241871,111.7678448733107,0.006863152183279744,-0.9679413160377425,0.48155032632468375,0.03004654592306877
1736287680.0,0.0107398070383428,0.0110412188066227,0.0104933029423506,0.0109669103646181,22501.7386939042,244.2194414519245,0.02114594102710644,1.1850599492971188,0.48485527949815804,0.051017291308489414
1736287740.0,0.0109669103646181,0.0114079799624866,0.0108705826819109,0.0112293812216129,23948.35803075205,265.7823689310147,0.02393298096441044,0.08829324705230283,0.49510800064510735,0.049001702640834324
1736287800.0,0.0112293812216129,0.0117070495700886,0.0112293812216129,0.011643417652212,20167.67641579082,230.64560320538263,0.03687081437775165,-0.13220126627267736,0.506957410999874,0.0425373704079388
1736287860.0,0.011643417652212,0.0117183109713241,0.0102811373226187,0.0109141491688178,77217.72131484818,870.9219541636725,-0.06263354155776198,2.7760180209814966,0.5256493435982759,0.12343228523047681
1736287920.0,0.0109141491688178,0.0110605256456684,0.0107956470838914,0.0109836621371591,18511.33969286174,202.6789118075634,0.006369068927507591,-0.7672823485059673,0.49272606359120297,0.024269281799241933
1736287980.0,0.0109836621371591,0.0110832988103157,0.0108263090125944,0.0108640071932641,9025.64661768907,98.59467139826168,-0.010893902452643097,-0.5135425263587664,0.49586426985259485,0.023397460201536158
1736288040.0,0.0108640071932641,0.010941131676282,0.0106473380019081,0.010941131676282,13541.6978766895,147.63930136532608,0.007099082469838572,0.4974369230255287,0.49046237286706956,0.027042846083170757
1736288100.0,0.010941131676282,0.010941131676282,0.0107637582768787,0.0108541055812729,4900.85226752737,53.40761896749248,-0.007954030495561414,-0.6382560844328435,0.49394420570040565,0.01621161362931105
1736288160.0,0.0108541055812729,0.0109488356602695,0.0106679523816388,0.0107328381634248,13751.09407420249,148.42204710392753,-0.011172492928144125,1.779042578068633,0.49001535842515875,0.025878067660896942
1736288220.0,0.0107328381634248,0.0110550170944659,0.0107235186500473,0.0110550170944659,7804.67583123312,85.02357367283251,0.03001805544213064,-0.42714997312159675,0.4845406652984717,0.03088637314482908
1736288280.0,0.0110550170944659,0.0110847151148901,0.010752775070814,0.010780740659259,9319.95361836946,101.75412474333368,-0.02481013216562118,0.1967754394196566,0.499085633853368,0.030026190031154962
1736288340.0,0.010780740659259,0.0111500979594308,0.010780740659259,0.0110535832610402,6284.57585470286,68.60973245663672,0.0253083355220933,-0.32573020868000124,0.4867032533155032,0.03426084643401364
1736288400.0,0.0110535832610402,0.0115470741757439,0.0108146462160921,0.0108481911211247,24040.30638970665,263.26268331273616,-0.018581498421369948,2.83710406507015,0.4990209025501063,0.06626158616213965
1736288460.0,0.0108481911211247,0.011164128681608,0.0108481911211247,0.0110850262265016,5343.31771067262,58.598074352801774,0.021831760035616446,-0.7774159496688268,0.4897483464371409,0.029123524554068136
1736288520.0,0.0110850262265016,0.0112337652649186,0.0110579374051031,0.0111720357898211,3883.12709099163,43.21350024073174,0.007849287998207955,-0.26254402182986486,0.5004404148143965,0.01586174504442203
1736288580.0,0.0111720357898211,0.0115683845847983,0.0111720357898211,0.0113866153066316,13189.39799425028,148.76751376227256,0.01920684115656026,2.4426166113257537,0.5043685157562173,0.03547686405894934
1736288640.0,0.0113866153066316,0.0119474848107451,0.0113514506101658,0.0115349306652117,15482.06557339138,177.43643888979153,0.013025412256943607,0.19270958022012338,0.514055841722717,0.05234516004349142
1736288700.0,0.0115349306652117,0.0115389239985962,0.0113717188610666,0.0114606640676253,3699.38465393418,42.53477513137343,-0.006438408668582786,-0.7602816231124181,0.5207516309842456,0.014495547687501593
1736288760.0,0.0114606640676253,0.0115220494987597,0.0113175243778757,0.011336508990497,5226.17396037874,59.57099610330327,-0.010833148619984358,0.4005245336154138,0.517398819169138,0.01784583508225785
1736288820.0,0.011336508990497,0.0114403350099347,0.0111908363490128,0.0112533218391129,10075.69052601982,113.80407223714546,-0.007337986628320303,0.9103939783010428,0.5117937608652743,0.02200842085787129
1736288880.0,0.0112533218391129,0.0114747359385095,0.0111219837260785,0.0114088027519459,12724.28837092894,144.17970419727612,0.013816445939775613,0.2669116435203986,0.5080382250915871,0.03134649639228737
1736288940.0,0.0114088027519459,0.0115961155462129,0.0113501098256578,0.0115764104923706,9421.87426379265,108.2818945572058,0.014691089334164513,-0.24897963163353826,0.5150575077639047,0.021562798998618977
1736289000.0,0.0115764104923706,0.01162754617914,0.0114151260113993,0.0114671154243297,2790.7672916566,32.154559206384185,-0.009441188018767172,-0.7030476855076009,0.5226242636226963,0.01834939836322287
1736289060.0,0.0114671154243297,0.0114837951322836,0.0113496588429119,0.0114077616114811,2741.99444967852,31.361392934635926,-0.005176002041687699,-0.02466730352785487,0.5176900696866646,0.011697474422129227
1736289120.0,0.0114077616114811,0.0114608317902827,0.0113475760760972,0.0114138029828917,3386.47058291857,38.64227857750973,0.0005295842967579441,0.2321607862906082,0.5150105048290051,0.009927952392651374
1736289180.0,0.0114138029828917,0.0116400808898313,0.0112501779458302,0.0115358134825608,10599.61916022608,121.62859720352512,0.010689732410133868,2.147552413596915,0.5152832463050279,0.034160651325901584
1736289240.0,0.0115358134825608,0.0116422175047691,0.0113440845574108,0.01155628687645,8006.33529581897,92.44154907947103,0.0017747681097784154,-0.2399686323374629,0.5207914863234537,0.02584411994949466
1736289300.0,0.01155628687645,0.0116194301974499,0.011337077347197,0.0115904142058464,9072.9809048894,105.00478846542902,0.002953139685892153,0.1359046825919966,0.5217157704452247,0.024432834981649162
1736289360.0,0.0115904142058464,0.0115904142058464,0.0111026716445111,0.0111230876095057,10515.41322108124,119.42092864310311,-0.04032009452302164,0.13729031207391418,0.5232564699916823,0.04208154710202447
1736289420.0,0.0111230876095057,0.0114553184434119,0.0111046168356441,0.0113944420015716,4929.57023382202,55.50087185498629,0.024395599638539486,-0.5352500396236735,0.502158719661835,0.03152915989514395
1736289480.0,0.0113944420015716,0.0113944420015716,0.0110409804016048,0.0111396030336901,10386.15512244784,117.02104363622682,-0.022365199440775602,1.1084541508101273,0.5144091827417068,0.031020527369225073
1736289540.0,0.0111396030336901,0.0111874189347962,0.0107399274552894,0.0108704927079854,29566.28825848236,325.37841764758645,-0.0241579816525612,1.7805120133696821,0.5029043187755221,0.040171223171366836
1736289600.0,0.0108704927079854,0.0113201097665341,0.0108509838486746,0.0111758762983246,20478.50018955388,225.7382859373471,0.028092893168942333,-0.3062284598671766,0.4907551654695492,0.04315590198730218
1736289660.0,0.0111758762983246,0.0115342961041851,0.011119480755297,0.0115342961041851,8349.32333943186,94.80728624139778,0.03207084583731748,-0.5800123765105968,0.5045418979051919,0.03711703116741597
1736289720.0,0.0115342961041851,0.0116708327533487,0.0112013144263337,0.0113913577282859,15219.17642229335,174.45478513640091,-0.012392466311605756,0.8400989212179867,0.5207229833313769,0.04070628348483621
1736289780.0,0.0113913577282859,0.0115940505481498,0.0112566484898218,0.0112766134907255,18809.02191179634,213.1811836771771,-0.010072920217006136,0.22198530416060064,0.5142699413027639,0.029619125865057824
1736289840.0,0.0112766134907255,0.0116425465291968,0.0112766134907255,0.0115042572158461,5737.22683275214,65.3495113455999,0.020187241968329134,-0.6934555375930389,0.5090897412140167,0.03245061460803484
1736289900.0,0.0115042572158461,0.0115256917782408,0.0113973787508209,0.0115256917782408,1838.46044174606,21.169825100529113,0.00186318525329693,-0.6760522815760196,0.5193668590034982,0.011153525604691756
1736289960.0,0.0115256917782408,0.0115256917782408,0.0113678836943819,0.0113678836943819,1830.04022911686,20.948082051611284,-0.013691853547291919,-0.010474486580065681,0.5203345356762447,0.013691853547291919
1736290020.0,0.0113678836943819,0.0116922485805246,0.0108702395839432,0.0112842599025253,25059.57731104071,283.82657186374587,-0.00735614421336195,12.5490481259555,0.5132101914181674,0.07230976483227422
1736290080.0,0.0112842599025253,0.0113288909234935,0.0112323934950634,0.0112678571359338,2757.91984710065,31.098465587251543,-0.0014535970221520695,-0.8904314512096467,0.5094349432383283,0.008551507078324605
1736290140.0,0.0112678571359338,0.0115570577388741,0.0112153878919683,0.0114962689835915,5957.76775426337,67.8116882744462,0.020271099012187765,1.1805477213719773,0.5086944301218568,0.030322522089510397
1736290200.0,0.0114962689835915,0.0115888797662788,0.0110665284314039,0.0111401490684142,14643.34957968778,165.73649138373727,-0.030976999206054293,1.4440696818072372,0.5190062252818054,0.04543659648364591
1736290260.0,0.0111401490684142,0.0112783914629269,0.010729457324606,0.0107413297922004,18171.87751501218,198.8137768512084,-0.03580017410580054,0.19957756551564593,0.5029289698533137,0.04927529559521788
1736290320.0,0.0107413297922004,0.0107520441694172,0.0102416138300581,0.0106079938733649,11421.46422137832,121.92026819843977,-0.012413353040544221,-0.38676147030955244,0.48492402516971417,0.047520218560809645
1736290380.0,0.0106079938733649,0.0108217029342994,0.0105182687902776,0.0106165785771185,19694.33569364511,209.00192739695595,0.0008092674124892203,0.7142508828538697,0.47890449204744073,0.028604291032226135
1736290440.0,0.0106165785771185,0.0110778701323962,0.0104608480621071,0.0110223291429017,20741.26541151475,224.40916411810724,0.03821858076364622,0.07371815615790199,0.47929205384654944,0.05811873060676469
1736290500.0,0.0110223291429017,0.0111956436318203,0.0103951664671098,0.0109327036535475,29263.78494366846,321.24367909323865,-0.00813126592322085,0.4315087369790616,0.4976099159158576,0.07262323183535149
1736290560.0,0.0109327036535475,0.0109329691751449,0.0107524409171218,0.0108644957666973,3126.46690639621,34.074111319757016,-0.006238885550333876,-0.8939306403913172,0.49356371736351423,0.016512681926077813
1736290620.0,0.0108644957666973,0.0108805602893923,0.0107926298698287,0.01083812560769,1472.302863074,15.976415792860703,-0.0024271866429486557,-0.5311274403333542,0.49048442981908597,0.008093373263868378
1736290680.0,0.01083812560769,0.0109764697903737,0.01083812560769,0.0109719387105642,4783.85654712708,52.16810949107153,0.012346517074802653,2.2653199670969766,0.4892939325624548,0.012764585657278268
1736290740.0,0.0109719387105642,0.0110627692830077,0.0109052486399494,0.0110070338178885,3120.78305176172,34.295802480965804,0.003198624076391209,-0.3425906590148631,0.49533500845543443,0.014356682735261155
1736290800.0,0.0110070338178885,0.0111203625036624,0.0110070338178885,0.0110543120165977,1174.92141268896,12.960173806837112,0.004295271504695976,-0.6221061217614016,0.49691939893935944,0.010296024128654909
1736290860.0,0.0110543120165977,0.0110690338963063,0.0108524874338787,0.0110581739843744,6334.34588971511,70.03406740582028,0.0003493630151655996,4.403790755404373,0.4990538026737543,0.019589320629132188
1736290920.0,0.0110581739843744,0.0110723846411861,0.0108129195707219,0.0108179545393867,6675.82912998738,73.02064802513608,-0.021723247014121844,0.04264468322266255,0.4992281536149863,0.023463645157946904
1736290980.0,0.0108179545393867,0.0111092596243484,0.0107935087682369,0.0110479134920941,13255.04224862538,144.91650228007254,0.02125715650497055,0.9845962231146943,0.488383297117604,0.029187667128928448
1736291040.0,0.0110479134920941,0.0112391507904644,0.0106927939261885,0.0111117390261841,29379.98662267008,325.52514727501546,0.005777157300849162,1.2462945361867073,0.4987649372988464,0.04945339811602201
1736291100.0,0.0111117390261841,0.0111121081828175,0.0109501832348376,0.0109715887877856,2716.71575499583,29.997062297474557,-0.01261280867632383,-0.9078502458302187,0.50164638079777,0.014572421796294394
1736291160.0,0.0109715887877856,0.0110097544567923,0.0098748853499924,0.010637650759446,40078.15582068717,433.02923487025174,-0.030436615407183818,13.435721424184539,0.4953192109735975,0.10343707996633292
1736291220.0,0.010637650759446,0.0107233887527243,0.0102416592380685,0.0104592879498521,32010.85466312653,337.66551943011484,-0.01676712402270943,-0.22022465866238955,0.48024337064540434,0.04528532902135689
1736291280.0,0.0104592879498521,0.0107348389738071,0.0103296807721673,0.0107263929819403,10916.50721071045,115.6368193278613,0.02553759236468648,-0.6575403389631729,0.47219107048870884,0.038736690641118524
1736291340.0,0.0107263929819403,0.010862929330362,0.0106667512277964,0.0107240440859497,6010.63520573834,64.46537610936717,-0.00021898283929680992,-0.4425185984527074,0.4842496935650944,0.018289289129710163
1736291400.0,0.0107240440859497,0.0107485423964447,0.0106410015160765,0.0106739473603531,2153.32609532865,23.038426684471528,-0.004671439728808696,-0.6426232487128246,0.48414365119226893,0.01002801550481283
1736291460.0,0.0106739473603531,0.0107201003395107,0.0102776066134907,0.0103095186374475,12827.79325631506,134.58578181035145,-0.034141888713000404,4.841795694367689,0.48188200330563885,0.04145549074596165
1736291520.0,0.0103095186374475,0.010399408466489,0.0102159077995491,0.0102159077995491,4786.65620044958,49.124079860760745,-0.009080039640102533,-0.6349979975597805,0.46542964157598005,0.017799149833569033
1736291580.0,0.0102159077995491,0.0103301493433564,0.0097439409596207,0.0101474708715507,18776.64305679128,191.17794636875885,-0.006699054977906202,2.8917359248385166,0.46120352198079145,0.05738191800845858
1736291640.0,0.0101474708715507,0.0102033257367781,0.0099002484779479,0.0100388290703285,10275.86143364976,103.71581053042144,-0.010706293479174782,-0.4574907174158763,0.45811389423103815,0.029867270639810563
1736291700.0,0.0100388290703285,0.0101005322869223,0.0095948585435467,0.0099482952370398,12878.45885193322,128.70167898045844,-0.009018365852675876,0.24090703550649364,0.453209192432513,0.05037178537785915
1736291760.0,0.0099482952370398,0.0101921944667887,0.0099466098479031,0.0101921944667887,2906.81793417764,29.272368337104393,0.024516685918287397,-0.7725564377326499,0.4491219861273608,0.024686100787522956
1736291820.0,0.0101921944667887,0.0101921944667887,0.0098912718763131,0.0099270733129271,6000.38300337718,60.361656212900414,-0.026012175761117695,1.06206944097477,0.46013296880024274,0.029524808563666696
1736291880.0,0.0099270733129271,0.0099270733129271,0.0097010312555606,0.0098031258184944,14788.60712381035,145.8910817145684,-0.012485804277409272,1.4169496145035985,0.44816390914232596,0.022770261711691796
1736291940.0,0.0098031258184944,0.0098221269786463,0.0090073108433639,0.009771656244399,25280.57088341523,247.43083273419074,-0.0032101571149919083,0.6959969713452524,0.44256822228857623,0.08311799219644636
1736292000.0,0.009771656244399,0.0098856579513889,0.0096375619538733,0.0098336686081977,6784.18970811603,66.50312154462898,0.0063461466764394405,-0.7312254062691057,0.44114750876092723,0.025389349697786123
1736292060.0,0.0098336686081977,0.0098336686081977,0.0075821757340448,0.0093526011198795,74744.66576363456,717.0356590380351,-0.048920449476725796,9.781985001363374,0.4439470955574699,0.2289575705526598
1736292120.0,0.0093526011198795,0.0095020784464674,0.0092060771313288,0.0095020784464674,10073.27448127326,94.9641812641333,0.0159824336216132,-0.867560029871407,0.42222900409891156,0.03164909006002958
1736292180.0,0.0095020784464674,0.009619807488082,0.0093305515056546,0.0096069413091565,9533.35508110007,91.08653529105936,0.011035781621870812,-0.04083272157413391,0.42897725113004226,0.03044133807745371
1736292240.0,0.0096069413091565,0.0097765140114629,0.0096069413091565,0.0096563994659222,5970.64306859174,57.507266038322136,0.005148168930579461,-0.3686523935226814,0.43371135039426384,0.017651060504010614
1736292300.0,0.0096563994659222,0.0097338775125791,0.0095335033516935,0.009665245656485,8794.63926200272,84.96344940000286,0.0009160961695938855,0.4774385091335112,0.43594416969320327,0.02075040097426887
1736292360.0,0.009665245656485,0.009665245656485,0.0087303726080822,0.0090402755818551,49986.5550765835,467.5122838082449,-0.06466158200651319,4.502510633804719,0.436343536477216,0.09672522371695096
1736292420.0,0.0090402755818551,0.0092704867911304,0.0089771445063925,0.0091866136534757,14391.71351121558,131.15808403777004,0.016187346314344545,-0.7194553200412465,0.4081288731102825,0.03244837860105424
1736292480.0,0.0091866136534757,0.009237879791779,0.0079938680985762,0.0090028780277877,49086.93040197116,446.433156102705,-0.02000036494606315,2.403779182792455,0.41473539652020186,0.13541569724466798
1736292540.0,0.0090028780277877,0.0090038438227005,0.0084746229080604,0.0085803936572735,29957.3475855903,263.37409078062325,-0.04692770125399756,-0.4100480952628164,0.4064405372337476,0.058783526002089685
1736292600.0,0.0085803936572735,0.009040169788999,0.0085559278177458,0.0089589940354063,11133.54486470198,97.63777988792614,0.044123893757702565,-0.6292809987552903,0.387367217124928,0.05643586886514405
1736292660.0,0.0089589940354063,0.0090487370491646,0.0086495809600801,0.0090256253708577,16103.76154285213,144.81001117871315,0.007437367988868939,0.483135025652302,0.4044593670585652,0.044553672823870696
1736292720.0,0.0090256253708577,0.0090469762995929,0.0088781977618463,0.0089211128403673,5806.46050567402,52.103513314574386,-0.011579533405835061,-0.6401939832027751,0.40746748020792484,0.01869992724177975
1736292780.0,0.0089211128403673,0.0091545702124248,0.0088147863012362,0.0090903925527881,14441.38114992077,130.05550723320533,0.018975178932254092,1.4960986113929908,0.4027491969090657,0.0380876149947466
1736292840.0,0.0090903925527881,0.0092103502876442,0.008945371727223,0.0091647141685262,5940.63576749953,54.2234699640804,0.008175842275953917,-0.5830744032480598,0.4103914349852369,0.029149297885923384
1736292900.0,0.0091647141685262,0.0092439915098753,0.0091563657848752,0.0091927751059857,2587.34348963083,23.748565180188077,0.003061845349838265,-0.5620242452959947,0.4137467306290786,0.009561206535063394
1736292960.0,0.0091927751059857,0.009301701097701,0.0091723808034423,0.0092333668367921,3513.08061066864,32.36626099430044,0.004415612297528145,0.3628722724394971,0.415013559132266,0.014067601215926274
1736293020.0,0.0092333668367921,0.0094505795090269,0.0091851129418152,0.0093688232163959,15370.58722610876,142.96329240458945,0.014670312790351536,3.4170468881087217,0.41684609810761136,0.028750787432586158
1736293080.0,0.0093688232163959,0.0094790387488962,0.009368013417071,0.0094521992907067,2443.83704657108,22.99775602860272,0.008899311299298288,-0.839135237851696,0.4229613607522876,0.011850509851749598
1736293140.0,0.0094521992907067,0.0096438064769711,0.0094343350442214,0.0096173345289175,9072.88224266224,86.50781738395771,0.01747056247249881,2.7615764458222096,0.42672542556919696,0.02216113163797234
1736293200.0,0.0096173345289175,0.0096643073171167,0.009481566591308,0.0095837333430275,3396.485285031,32.60807224197134,-0.0034938148183333274,-0.6230621320932981,0.4341805587752073,0.019001182215221235
1736293260.0,0.0095837333430275,0.0096869730169803,0.0095714274725481,0.0095986309921471,3125.31328778663,29.975449073942755,0.0015544724155371532,-0.08073532064370298,0.43266361230512623,0.012056423138720154
1736293320.0,0.0095986309921471,0.0097022594970533,0.0095986309921471,0.0096228662624766,3007.0057922373,28.899576790063414,0.0025248673846643924,-0.03589178201218619,0.4333361759556612,0.010796175516173392
1736293380.0,0.0096228662624766,0.0096955308467924,0.0094360937700445,0.0096474418566498,8096.81362986038,78.0140467152759,0.002553874646375289,1.699487514367324,0.43443029233292685,0.026960478268262755
1736293440.0,0.0096474418566498,0.0097944691549005,0.0096322444821756,0.0097021346825881,4943.07746714478,47.82322789495006,0.00566915320672308,-0.38699208785453487,0.4355397728421333,0.016815304526876462
1736293500.0,0.0097021346825881,0.0097898793026157,0.0096005225946594,0.0097136498127716,6453.51776281622,62.65005505990779,0.0011868656290831665,0.31003401103595074,0.4380089145419967,0.019517014981881017
1736293560.0,0.0097136498127716,0.0104520247081549,0.0097136498127716,0.009904622377885,20401.80895307198,200.12412061157045,0.019660227493717892,2.1943167555113234,0.43852877226789866,0.07601415632798272
1736293620.0,0.009904622377885,0.010062023964612,0.0098920300969469,0.0100613225127879,2632.28524475676,26.27803106667245,0.015820909563678064,-0.8686913352255193,0.4471503476932263,0.017163084182256292
1736293680.0,0.0100613225127879,0.0101641469942476,0.0097112111104085,0.0101321526315251,12948.62291393653,130.73884748282956,0.007039841794870902,3.9752147393052315,0.45422467290544805,0.04501752958057164
1736293740.0,0.0101321526315251,0.0103068396088222,0.0101164943691172,0.0101400932266176,6568.51409729488,66.57926635151904,0.0007837026722036042,-0.490746112319346,0.4574223427420294,0.01878625861919608
1736293800.0,0.0101400932266176,0.0101400932266176,0.010028737356965,0.0101362132543497,3635.42031441294,36.856448241085644,-0.0003826367451647322,-0.4464275402721564,0.457780825854362,0.010981740223087184
1736293860.0,0.0101362132543497,0.0103720720752383,0.0100877437251208,0.0102573162101491,9025.2370664954,92.02821901983033,0.011947554057964504,1.4969367210278846,0.45760566208915826,0.02805074666276257
1736293920.0,0.0102573162101491,0.0103109029903545,0.0102265320234757,0.0102715140707373,819.61408223378,8.41285919500087,0.0013841691430115126,-0.908583918230689,0.4630729304741991,0.008225442713301428
1736293980.0,0.0102715140707373,0.0102873138580938,0.0102162567357718,0.0102191704720208,1258.00887046299,12.888731458324283,-0.005095996398975146,0.5320274783611127,0.4637139017355254,0.006917882001879037
1736294040.0,0.0102191704720208,0.0103026544918758,0.0101900448412239,0.0103026544918758,3134.40050933865,32.161809309698064,0.008169353871096637,1.495343270491226,0.46135081736212646,0.01101945123238872
1736294100.0,0.0103026544918758,0.0103489790314223,0.0101762827332922,0.0103036378329262,4140.28111712706,42.65792150318899,9.544540692640759e-05,0.326353287292389,0.4651197554478773,0.01676231094290125
1736294160.0,0.0103036378329262,0.0104741797407425,0.0102830263522885,0.0104066379032299,5333.48199874811,55.22894141394916,0.009996476193539631,0.2946936809806919,0.46516414899220554,0.018552029055519913
1736294220.0,0.0104066379032299,0.0105699224443482,0.0104009117927745,0.0105558164484926,3640.7751658237,38.15979160923211,0.014334941471961751,-0.30906168700177006,0.46981415133369425,0.016240658428332985
1736294280.0,0.0105558164484926,0.0105693961238404,0.0103597734787946,0.0103597734787946,3005.20159179054,31.42778207136084,-0.018572032836550022,-0.17641630768870795,0.47654890969576214,0.019858496599354382
1736294340.0,0.0103597734787946,0.0106320547203707,0.0102594092243214,0.0106022231350105,11868.86800588156,124.39758547449449,0.02340298817461304,2.958204406280841,0.46769842769667036,0.03597042896855491
1736294400.0,0.0106022231350105,0.0106823186228485,0.0103961626349409,0.010400287794387,7423.61469979025,77.95727443399032,-0.019046509213400006,-0.3733216433692431,0.47864396846934065,0.0269901872714468
1736294460.0,0.010400287794387,0.0106663619235166,0.0102772360374193,0.0103915071168753,15037.91921786104,156.33266613494837,-0.0008442725514228867,1.0053634156658693,0.469527471713951,0.037414915220644995
1736294520.0,0.0103915071168753,0.0104752598041431,0.0102203430451987,0.0104752598041431,6386.06275162095,66.6282414905359,0.008059724766178443,-0.5738047387164654,0.4691310625574439,0.02453125962166038
1736294580.0,0.0104752598041431,0.0105753869361349,0.0104557425531199,0.0105153746070638,2401.17139839641,25.201055491192736,0.0038294804778811857,-0.6217661621045127,0.47291212980092173,0.011421614857483475
1736294640.0,0.0105153746070638,0.0106771822954632,0.0102651670928459,0.0103664304719006,12192.9004435084,127.30488520428051,-0.014164415508615861,4.0515695760747406,0.4747231375697476,0.03918217067992277
1736294700.0,0.0103664304719006,0.0103928494793742,0.0101373111534845,0.0101938634961193,4104.84764205039,42.19843710724468,-0.01664671134862312,-0.6685246050100064,0.4679989617976559,0.024650560921849085
1736294760.0,0.0101938634961193,0.0104666823069087,0.0101176061248762,0.0104329711226073,12613.73700470073,130.0907335600369,0.023456035739445283,2.082832978610546,0.46020831816915503,0.03424375676262392
1736294820.0,0.0104329711226073,0.0107726103802625,0.0104329711226073,0.0107223267052245,5026.40929251786,53.16759279389833,0.02773472476983971,-0.5913037666947932,0.4710029809277207,0.032554413662588676
1736294880.0,0.0107223267052245,0.0110184739512728,0.0106591464078387,0.0109573119765538,11595.80532716336,125.69643485857084,0.021915511230860326,1.3641550849561153,0.4840661189695251,0.033512086817781395
1736294940.0,0.0109573119765538,0.0111452800068697,0.0108867477004441,0.0110676602277169,18823.92481501343,207.29821041297615,0.010070741017433774,0.6491972158655154,0.4946746754362807,0.023594500820894794
1736295000.0,0.0110676602277169,0.0111303047558625,0.0106554561574231,0.0109883735718932,17023.64179665853,187.73700942977786,-0.007163813687118806,-0.09436261386062514,0.4996564159804826,0.04290415396474047
1736295060.0,0.0109883735718932,0.0111239062112481,0.0107820421568302,0.010815104076833,9591.1852566632,104.56059668422418,-0.01576843869809814,-0.4430475003207368,0.4960769705088249,0.031111433569417642
1736295120.0,0.010815104076833,0.0112160686341196,0.0107312254052971,0.0111946367461458,14577.78310632867,160.42661397194644,0.0350928355951558,0.5342932142634872,0.4882546112098182,0.04483019538028124
1736295180.0,0.0111946367461458,0.0116855939037022,0.0107205870793435,0.011076480525777,28200.495478321,314.02827096200787,-0.010554716785203484,0.9574574516477766,0.5053888500095811,0.08620260275001246
1736295240.0,0.011076480525777,0.0111013237828454,0.0108516708857163,0.0109745407577925,7156.81294620795,78.90751729967862,-0.009203263414517538,-0.7487247977452798,0.5000546138313303,0.022539009259133498
1736295300.0,0.0109745407577925,0.0111669946148493,0.0109315808507084,0.0110296755095198,4452.95233029101,48.99186305187783,0.005023877804467738,-0.37912299450742737,0.4954524794985957,0.021450898888296897
1736295360.0,0.0110296755095198,0.0115961221903845,0.0110296755095198,0.0115961221903845,17833.26839283684,201.7459614922119,0.051356604314949705,3.1179483474343828,0.4979415722135172,0.051356604314949705
1736295420.0,0.0115961221903845,0.0119133696503388,0.0113840547676243,0.011682690453312,14319.3261859696,166.66845573358177,0.007465276883619077,-0.1738696799637511,0.5235141605096508,0.04564585246897516
1736295480.0,0.011682690453312,0.0119867661205612,0.0113346378346748,0.0117690454162927,29116.35499032304,341.41453335935137,0.007391701708249864,1.0484652111080925,0.5274223386703507,0.05582004320772907
1736295540.0,0.0117690454162927,0.0122198516931795,0.0116288572189579,0.0119853638123128,32126.14934398226,381.5688492281254,0.018380283903113692,0.1176116185613871,0.5313208872720695,0.05021600761294081
1736295600.0,0.0119853638123128,0.0124031280631795,0.0116826935304133,0.0122385431647141,32785.81214822977,397.10023182249824,0.021124043989486908,0.04070401089027908,0.5410867160237844,0.06010952558870874
1736295660.0,0.0122385431647141,0.0124194471457092,0.0121465786042438,0.012252868316025,9503.00296871723,116.37097800476946,0.0011704948144647097,-0.7069480985425698,0.5525166556151978,0.022295835198108214
1736295720.0,0.012252868316025,0.0122712244402543,0.0118713467815863,0.012036897679483,13539.05059526189,164.43018538012728,-0.017626128917058573,0.41298275737949136,0.5531633734955008,0.032635432647637075
1736295780.0,0.012036897679483,0.0120851311872936,0.0115043002688135,0.0115206585119959,20248.35967866622,238.5009354577276,-0.042888058138687575,0.4504692973882176,0.5434132445620741,0.04825420419333892
1736295840.0,0.0115206585119959,0.0115960554662093,0.0113112674625729,0.0115960554662093,9843.31891844055,113.77259401692318,0.006544500397689268,-0.5229679338633517,0.520107305735963,0.0247197678274956
1736295900.0,0.0115960554662093,0.0116066088227314,0.0113337798026053,0.0114153699987926,4707.22804704446,54.16001367566503,-0.015581631869838259,-0.5239625663487205,0.5235111482051931,0.02352774362981603
1736295960.0,0.0114153699987926,0.0118528018191683,0.0112918811837985,0.0117164778510684,23440.94963917237,271.11624025479466,0.026377406278346362,4.005837736274642,0.5153539902141034,0.04913731534143247
1736296020.0,0.0117164778510684,0.0120954488406287,0.0117164778510684,0.0120097820299,7084.14592160959,84.04014358540576,0.025033477002207986,-0.6900217282947531,0.5289476917911478,0.032345129174271736
1736296080.0,0.0120097820299,0.0122201307971267,0.0116542601870729,0.0122046778038281,13208.72318978059,159.92104856688752,0.016228085858917437,0.9029126051452759,0.5421890916689724,0.047117475458337874
1736296140.0,0.0122046778038281,0.0124647818117906,0.0117972900463892,0.0120041780078126,26068.47382695498,315.5439620531413,-0.01642811053583171,0.973123393579826,0.550987782800345,0.054691469625854035
1736296200.0,0.0120041780078126,0.012143336544509,0.0118059778178096,0.0119208281836661,12080.2000086373,144.5094300004742,-0.006943401213498746,-0.5420307552069809,0.5419360946006081,0.02810344252474753
1736296260.0,0.0119208281836661,0.012595846146893,0.0119204165643822,0.0124873762598319,19612.5254536122,239.35326546253745,0.047525898992662644,0.6563158920615217,0.5381732148637195,0.05665961895468576
1736296320.0,0.0124873762598319,0.0124873762598319,0.0118696659908342,0.0121048443193062,16366.09511658168,201.23931056306577,-0.03063349198151337,-0.15923724635976239,0.5637503807138892,0.049466777979989905
1736296380.0,0.0121048443193062,0.0124748483019037,0.0121048443193062,0.0123826287827315,11633.25801661879,142.43454638550855,0.02294820619727084,-0.29221310693731767,0.5464807379467151,0.03056660398410706
1736296440.0,0.0123826287827315,0.0126608391315483,0.0122907691589295,0.0125759785401759,9865.80279241956,123.11834891062156,0.015614596935510186,-0.13561455394821437,0.5590214906039531,0.02988622037469867
1736296500.0,0.0125759785401759,0.0147348893162587,0.0119598674918445,0.0123618707615783,81236.51029233073,1012.9319257352738,-0.017025138673193572,7.227302710748804,0.567750385858022,0.22066050888596592
1736296560.0,0.0123618707615783,0.0126406911258096,0.0122143083604088,0.0124926237733127,14237.92458966463,176.93820945100484,0.010577121720184272,-0.8253207298974532,0.55808435680703,0.03449176695213736
1736296620.0,0.0124926237733127,0.0125332524757585,0.011936487289022,0.0123585806496251,16835.39620474769,209.18993631266798,-0.010729781519071226,0.18227677877905635,0.5639872829791086,0.04776940357487886
1736296680.0,0.0123585806496251,0.0123585806496251,0.0116921728692606,0.0118185530982842,36257.34830358988,438.29937964021246,-0.04369656732039711,1.0952221094666026,0.5579358226532082,0.0539226792507694
1736296740.0,0.0118185530982842,0.0118185530982842,0.0116530035612411,0.0116530035612411,4638.79807634137,54.43990594047172,-0.014007597686990355,-0.8757928747579796,0.5335559424181812,0.014007597686990355
1736296800.0,0.0116530035612411,0.0120199121611129,0.0116530035612411,0.0119267002524369,4000.10677511007,47.16066649009106,0.023487222822632423,-0.13371146266013523,0.5260821054332843,0.031486182763400906
1736296860.0,0.0119267002524369,0.0123213144516914,0.0118346536340696,0.0120576695543525,18226.8002930008,218.57915931091426,0.01098118500033905,3.634776723455339,0.5384383130665954,0.04080431362583829
1736296920.0,0.0120576695543525,0.0120576695543525,0.0119240771143144,0.0119369120294243,2800.4185151063,33.5974352647186,-0.010014997042658937,-0.846291680457383,0.5443510037936502,0.011079457720739781
1736296980.0,0.0119369120294243,0.0125446197971262,0.0118250579170321,0.0123456799172582,27123.34480087396,329.3125570143974,0.03424402281145181,8.801717137623768,0.5388993301004883,0.060280404037525936
1736297040.0,0.0123456799172582,0.0124180155801558,0.0122574624796784,0.0122864164583814,3826.71419733176,47.12999645535213,-0.004800339817165886,-0.856883694680092,0.5573534110535255,0.013004800185444651
1736297100.0,0.0122864164583814,0.0123071112143441,0.0116846192511231,0.0119117635624732,11662.58349363573,141.1066474436224,-0.030493260356043318,1.9939880767293838,0.554677925282212,0.05066505480500431
1736297160.0,0.0119117635624732,0.0119117635624732,0.0112633009886563,0.0115400633520825,24842.65714264573,291.30284770348925,-0.03120446510218724,1.0644161914475085,0.5377639868928317,0.05443883858304713
1736297220.0,0.0115400633520825,0.0116141346760502,0.0114613786053896,0.0114838204583527,3799.11529739156,43.735194594795125,-0.004873707536419243,-0.8498634842069508,0.5209833493306212,0.013237021842954893
1736297280.0,0.0114838204583527,0.0116232355821083,0.011368594142064,0.0115082372734168,6681.41179702242,76.80970288343265,0.002126192685844471,0.7562446810874298,0.5184442288546396,0.02217393078965174
1736297340.0,0.0115082372734168,0.0115867668060096,0.0113524909154607,0.0113644266369375,9831.68069769682,112.43836413616852,-0.012496321813897007,0.46385625663474267,0.5195465411820487,0.020357234994629433
1736297400.0,0.0113644266369375,0.0114664896504598,0.0113510543192531,0.0113999966497231,989.49744043042,11.262669287512658,0.003129943456187117,-0.8998325049102192,0.5130541204061406,0.010157602745351298
1736297460.0,0.0113999966497231,0.0115067941956236,0.0113999966497231,0.0115051349773187,3284.19180469675,37.61242278751551,0.009222663025795988,2.3395655885250766,0.5146599507929757,0.00936820853391154
1736297520.0,0.0115051349773187,0.0116776585461113,0.0112756603193746,0.0113543548371112,11804.61905386117,134.92378451248229,-0.013105464690744504,2.5872133330710834,0.5194064860920121,0.03494076579972362
1736297580.0,0.0113543548371112,0.0115243835570524,0.0112396250936445,0.011424147399851,5747.90381824058,65.46431999081831,0.0061467660418438,-0.5148051900014562,0.5125994227283895,0.02507922885034206
1736297640.0,0.011424147399851,0.011424147399851,0.0112283861178738,0.0112961198772146,6205.7639653926,70.49830797605118,-0.01120674639037573,0.07689666654963973,0.5157502514530852,0.01713574546313665
1736297700.0,0.0112961198772146,0.0113182955443643,0.0111536387260533,0.0112945643590929,5776.46153188132,65.24710923495401,-0.00013770375479442272,-0.07448687623653383,0.5099703691842778,0.014576405004618348
1736297760.0,0.0112945643590929,0.011374579565204,0.0111412910627535,0.0112001922325693,3854.14064071587,43.34897779146824,-0.008355534885913807,-0.3356184158999424,0.5099001443496073,0.020654935864143024
1736297820.0,0.0112001922325693,0.0112887108235721,0.0111450596520936,0.011222213520551,1725.40917932941,19.34391235454117,0.0019661526806355675,-0.5537631256820926,0.5056396559051617,0.01282577731664043
1736297880.0,0.011222213520551,0.0112658405649316,0.0111025330044611,0.0111025330044611,2903.26725291965,32.407352757899694,-0.010664608712954186,0.6753256613206146,0.5066338206700552,0.014552170137508046
1736297940.0,0.0111025330044611,0.0111575691330612,0.0111025330044611,0.0111042555861025,408.80681070988,4.539143209908428,0.00015515212976252362,-0.8599347733269588,0.5012307692118602,0.004957078585399085
1736298000.0,0.0111042555861025,0.0111418910424366,0.0110775568596599,0.0111413463615416,485.6026000122,5.401261072306218,0.0033402307026795188,0.18992964586706274,0.5013085362332058,0.00579365111671405
1736298060.0,0.0111413463615416,0.0113347040978034,0.0111413463615416,0.0113347040978034,2685.86081193112,30.183771567870597,0.017354970394713162,4.5882822851558265,0.5029830223974473,0.017354970394713162
1736298120.0,0.0113347040978034,0.0114082678307109,0.0112646854911552,0.0113904662643564,2639.72487978749,29.99409880120125,0.004919596142241249,-0.006283931954721175,0.5117122778601984,0.012667497829389867
1736298180.0,0.0113904662643564,0.0114334642701673,0.0109883994069037,0.0111957212473933,12998.9263714979,146.79809423903984,-0.017097194482064752,3.894232535940058,0.5142296956082969,0.03907345431997986
1736298240.0,0.0111957212473933,0.011369855034244,0.0111952374465189,0.0113240651482547,3724.43569612598,41.93674816054182,0.0114636563402542,-0.7143236199493587,0.5054378104940289,0.015596814521061417
1736298300.0,0.0113240651482547,0.0113458992010088,0.0108486718570943,0.01106301270723,12764.28873093662,142.87756279468206,-0.02305289113114411,2.4069776284923114,0.511231975854903,0.04390890880658108
1736298360.0,0.01106301270723,0.0113250911838738,0.0109595840700621,0.0110724839193853,14901.28945309687,164.92372121062195,0.000856115093233989,0.15430105318650109,0.4994466007727602,0.03303865985554108
1736298420.0,0.0110724839193853,0.0111348380089485,0.010944520677434,0.0110929085080708,5222.96643839314,57.88455037120833,0.001844625725736284,-0.6490222877200017,0.4998741845459462,0.017188314103694306
1736298480.0,0.0110929085080708,0.011135719602385,0.0107894371995385,0.0109205440018668,16358.17167728849,180.04991768369823,-0.015538260869869603,2.1105004103695126,0.5007962653263911,0.031216556288601698
1736298540.0,0.0109205440018668,0.0109205440018668,0.0107291818441214,0.0108027038426398,9722.9725726132,105.60727149010823,-0.010790685812616557,-0.4134555969326614,0.49301476231309316,0.017523134169203168
1736298600.0,0.0108027038426398,0.0113396143648639,0.0108027038426398,0.0110718145042804,16387.14496261453,179.23045156917624,0.02491141713784484,0.6971412009822067,0.48769479491199075,0.04970149418563516
1736298660.0,0.0110718145042804,0.0111100823284064,0.0105985634666073,0.0106902322214547,16671.79553896628,181.40619676044304,-0.03446429514134106,0.012139372367909494,0.49984396338399906,0.046200093182679765
1736298720.0,0.0106902322214547,0.0107841140393817,0.0102333446268849,0.0105646365856689,24506.91533806761,260.4456351889561,-0.011748634939261328,0.43570418122424465,0.48261719350531523,0.051520809004638526
1736298780.0,0.0105646365856689,0.0107608386545765,0.0103543177530138,0.0104529223886475,14010.53367846489,147.23360892439092,-0.010574353042388785,-0.43468582678465173,0.4769471002834104,0.038479402321718495
1736298840.0,0.0104529223886475,0.0104529223886475,0.010327269859798,0.0104437101567328,4760.34536744407,49.73759396629105,-0.0008813068319252086,-0.6621858668707029,0.47190369326247006,0.01202080376928518
1736298900.0,0.0104437101567328,0.0105600296260901,0.0104437101567328,0.0105078171795153,2802.36910662852,29.356956471892303,0.0061383379872114365,-0.40976323680255694,0.4714878013135871,0.011137753500590155
1736298960.0,0.0105078171795153,0.0107932666046922,0.0105078171795153,0.0107652676056283,11757.43899544936,125.05849830317392,0.024500847484755697,3.2599272313160483,0.4743819527948971,0.027165435056614475
1736299020.0,0.0107652676056283,0.0107652676056283,0.0101669985289084,0.0104856340473682,20106.104087648,213.63642029575928,-0.025975532472030806,0.7082919049439546,0.4860047126698454,0.055574008806535624
1736299080.0,0.0104856340473682,0.0106195479482429,0.010425140703793,0.0105474841332947,5420.20109456679,57.001865092490846,0.0058985546936975945,-0.7331828299052325,0.4733804814743299,0.01854034229801229
1736299140.0,0.0105474841332947,0.0108036495073055,0.0105474841332947,0.0107965736551091,4591.65744726746,49.00230094951567,0.023616012943609165,-0.14033863856902112,0.4761727421352351,0.024286869814022914
1736299200.0,0.0107965736551091,0.0108378669249763,0.0106867728959892,0.0106875000673485,2058.43838474954,22.11182100554783,-0.010102611369578634,-0.5487595362444633,0.4874180437768947,0.013994627722990632
1736299260.0,0.0106875000673485,0.0110473290040154,0.0106875000673485,0.0108816499185987,9840.09411899715,106.12123296424326,0.018166067838759528,3.799298661906569,0.48249384870609646,0.03366820438824765
1736299320.0,0.0108816499185987,0.0109385941571324,0.0107860814220932,0.0108931006875364,7165.79359454548,78.01668420813411,0.0010523008021171678,-0.26483435944980743,0.49125886469347557,0.014015589196499364
1736299380.0,0.0108931006875364,0.0111356295550367,0.0106564053376047,0.010758330870216,21874.07431687066,236.80251148045733,-0.01237203448184414,2.035280387573406,0.49177581679083965,0.04399337077461476
1736299440.0,0.010758330870216,0.0108011416193301,0.0105543577961496,0.0107470176291884,7446.08038962042,80.06527686668402,-0.0010515795771739841,-0.6618900856831005,0.48569154942816634,0.02293885790998591
1736299500.0,0.0107470176291884,0.0110711877144233,0.0105942788482511,0.0108801856130568,12641.78535869242,136.7032306486403,0.012391157106388464,0.707397213854186,0.4851808061139817,0.04437592666424381
1736299560.0,0.0108801856130568,0.0111182006323555,0.0108520850379115,0.0110576646745109,5489.02707851937,60.20872713648153,0.01631213545117426,-0.5595661722784575,0.4911927577075442,0.024458736634478662
1736299620.0,0.0110576646745109,0.0111716275594664,0.0107938072555211,0.0111073860763998,12214.28746640595,135.3651507895502,0.004496555407717588,1.2482646159036648,0.4992051605039055,0.034168182438758216
1736299680.0,0.0111073860763998,0.0112295166325916,0.0110742708943613,0.0112295166325916,1968.3486674679,21.983406341301674,0.010995436311635486,-0.837599218018241,0.5014498641679299,0.013976802207330932
1736299740.0,0.0112295166325916,0.0112295166325916,0.0110489526265719,0.0111707207524029,3243.97722924896,36.33293000334672,-0.005235833572573897,0.6527434119745879,0.5069635242128666,0.016079410354640535
1736299800.0,0.0111707207524029,0.0113062456755514,0.0111707207524029,0.0112493091073377,2004.36451269891,22.46895611225699,0.007035208978605487,-0.38158149892708026,0.5043091475727225,0.012132155673065921
1736299860.0,0.0112493091073377,0.0113100350891449,0.011091594586856,0.011093347382996,5845.09705688128,65.29749784727947,-0.01386411581845236,1.9061206724979618,0.507857067815719,0.019418126055974018
1736299920.0,0.011093347382996,0.0113231119295114,0.0109946400836223,0.0112694808111654,8011.36238450942,89.57836030297568,0.015877392286423875,0.3718498144061402,0.5008160786083022,0.029609804376322473
1736299980.0,0.0112694808111654,0.0112694808111654,0.0108391693076105,0.010896886893264,15588.66422874341,172.7720316576059,-0.033062207935280134,0.9287250969235104,0.5087677319517148,0.03818379131792503
1736300040.0,0.010896886893264,0.0110689483460132,0.0105468517031573,0.0110324867799103,18787.2329859614,205.9961262170669,0.012443910630119698,0.19230019026055925,0.4919467474071663,0.047912458665477976
1736300100.0,0.0110324867799103,0.0110324867799103,0.0107814221576322,0.010804707631396,9403.1920061295,102.66966596234559,-0.020646219937383206,-0.5015941908822198,0.49806848876667914,0.022756847779349193
1736300160.0,0.010804707631396,0.0113732148802232,0.010804707631396,0.0110315166582966,17388.16625618622,189.84594917827337,0.020991685720541345,0.8490948363258526,0.48778525720372223,0.05261662492145997
1736300220.0,0.0110315166582966,0.0114731023599847,0.0110315166582966,0.0112427340855004,11646.76147920596,129.7114427705148,0.019146726034715005,-0.31675422450699614,0.4980246920220562,0.040029464249232934
1736300280.0,0.0112427340855004,0.0115296049852287,0.0111838938340088,0.0114837877374297,11226.37573682648,127.56823658769997,0.0214408390428965,-0.01652287675657558,0.5075602343587258,0.030749740106880113
1736300340.0,0.0114837877374297,0.0116636896266581,0.0112523087190826,0.0114198935697746,10332.13406843943,118.32195296342245,-0.005563858294493413,-0.07248108049154489,0.5184427516481861,0.03582275438918688
1736300400.0,0.0114198935697746,0.0115891511608167,0.011338210937795,0.0114365332911486,6731.56592468433,76.92977210851511,0.0014570820010128584,-0.34982672123154646,0.5155582096442083,0.021973954615993226
1736300460.0,0.0114365332911486,0.0116316832892893,0.0110692697482133,0.0114292409736196,21960.4777254532,251.0716632083415,-0.0006376335680887081,2.2636475622751937,0.5163094202319554,0.04917692510118289
1736300520.0,0.0114292409736196,0.0114292409736196,0.0109451319181683,0.0112249397147267,25468.20536015488,288.4806630184292,-0.01787531292449416,0.14899729954409618,0.5159802040140951,0.042357060855458026
1736300580.0,0.0112249397147267,0.0113391818568568,0.0111763295334517,0.0113391818568568,2130.07900338206,24.03168079469511,0.010177528346118283,-0.9166956961924347,0.5067568964044987,0.014508080002553887
1736300640.0,0.0113391818568568,0.0114226115688163,0.0111586016865172,0.0114226115688163,6210.62910779473,70.68252839754804,0.007357648286507664,1.9412228383605574,0.5119144290822465,0.02328297452425584
1736300700.0,0.0114226115688163,0.0115241771108175,0.0109750553319642,0.0113002053478452,17771.87471272862,201.9135276815893,-0.01071613266665477,1.8566257073592978,0.515680915404222,0.048073225246702794
1736300760.0,0.0113002053478452,0.0115088544361661,0.011102805094018,0.0111774286210952,10282.97871131703,115.5685157916953,-0.01086499961466737,-0.4276336156439063,0.5101548103010883,0.035932917115132634
1736300820.0,0.0111774286210952,0.0112605384267028,0.0111753526307376,0.0112412685324284,2431.69218249327,27.257685304953732,0.005711502483917982,-0.7641426376532867,0.5046119784837463,0.00762123372493995
1736300880.0,0.0112412685324284,0.0112810500169014,0.0111793848595757,0.0112810500169014,1231.65736534521,13.869889762966547,0.003538878584586685,-0.49115672854122083,0.5074940710522711,0.00904392213676065
1736300940.0,0.0112810500169014,0.0112872137320148,0.0108118188409519,0.010992687110438,12706.02318143567,141.50531013858938,-0.025561707999820125,9.202338486958793,0.5092900309521227,0.04214101438701707
1736301000.0,0.010992687110438,0.0113689629309121,0.0109395125426519,0.010991365466058,10626.34327839178,116.80504466402988,-0.00012022941858723203,-0.17455362947417466,0.4962717078937051,0.039066916391390864
1736301060.0,0.010991365466058,0.0111921512496708,0.0109669829013706,0.0111921512496708,2964.5772073416,32.8823740170655,0.018267592341719367,-0.7184849840035066,0.49621204143480374,0.02048593043289609
1736301120.0,0.0111921512496708,0.0111921512496708,0.010753563561024,0.0110045727075982,11531.30169831286,127.9785603327189,-0.016759829088095857,2.8920109681344717,0.5052766407227871,0.039187076627444646
1736301180.0,0.0110045727075982,0.0110045727075982,0.0106945174793959,0.0108414867215746,18477.1897360716,201.82689252916092,-0.014819838112478079,0.5770367474399695,0.496808290582066,0.028175126507930554
1736301240.0,0.0108414867215746,0.0113332194433857,0.0105819981377401,0.010651357098333,17370.34443988261,186.66905007219864,-0.017537227884367648,-0.07510318504642385,0.4894456721427028,0.0692913550454909
1736301300.0,0.010651357098333,0.0106595930209944,0.0105360341760646,0.010624959776238,3212.00089452312,34.16977441663971,-0.0024783059896781134,-0.8169499742810941,0.4808621518533187,0.011600291285806056
1736301360.0,0.010624959776238,0.0109207514064839,0.010624959776238,0.0108426443818174,6621.77134002713,71.07678297642926,0.020488040440984717,1.0801068836385668,0.4796704283021711,0.027839317651575192
1736301420.0,0.0108426443818174,0.0108426443818174,0.010412574774607,0.010412574774607,6328.66037045724,67.25853157032333,-0.039664641951331354,-0.0537200932036014,0.48949793543557046,0.039664641951331354
1736301480.0,0.010412574774607,0.0104624912644303,0.0101449698550522,0.0103808325406902,15180.04453893249,157.82242458118807,-0.003048451953901738,1.3465041667788136,0.4700821750906027,0.030494034016680997
1736301540.0,0.0103808325406902,0.0105140977850161,0.0100031007490892,0.010264595740084,13405.89634217526,138.38523573593628,-0.01119725225800353,-0.12315859990639536,0.46864915216545333,0.0492250533783224
1736301600.0,0.010264595740084,0.0102689116350272,0.0094352307172409,0.0098364650589034,21608.29439584274,217.1748197066268,-0.04170945373997716,0.5693496387218295,0.46340156938815724,0.08121906979061189
1736301660.0,0.0098364650589034,0.0101962259928324,0.0097082956889021,0.0101935524031184,13835.16538251932,138.55930210091074,0.03630240559760688,-0.3619918631078629,0.44407334306672913,0.04960423292396614
1736301720.0,0.0101935524031184,0.010463333215448,0.0101442344956064,0.0103880786563598,8476.50093327543,87.23010744199878,0.01908326416038154,-0.37044928691636775,0.46019427368182275,0.03130397600585067
1736301780.0,0.0103880786563598,0.0104836441155063,0.0103674530925,0.0104579819305962,3774.45530478993,39.34126198320418,0.0067291822240491345,-0.5489944568810368,0.46897628257158785,0.011185034966515706
1736301840.0,0.0104579819305962,0.0104579819305962,0.0103113400704109,0.0103852376579649,2177.76362215836,22.69580269431345,-0.006955861380719914,-0.42310435532030244,0.4721321094357692,0.014022003590987365
1736301900.0,0.0103852376579649,0.0106482060473045,0.0103852376579649,0.0105320043342169,8841.57535806916,92.47068567842203,0.014132240501924215,3.0743518492778863,0.46884802392914715,0.025321364613925538
1736301960.0,0.0105320043342169,0.0105320043342169,0.0104766796229606,0.0105078169006176,1044.07505091888,10.98357621354198,-0.0022965651011668683,-0.8812209930859743,0.4754738969621658,0.005253008781676786
1736302020.0,0.0105078169006176,0.0105113335529616,0.0101103896788629,0.0103154963755542,9754.04979310782,101.55581727663143,-0.01830261479452467,8.24615219143472,0.47438194020388663,0.03815672445483259
1736302080.0,0.0103154963755542,0.0108544059854932,0.0101493380692148,0.010490461429969,29239.39109474256,304.17676868820223,0.01696138004850978,1.995168340378223,0.4656995102868557,0.06835036246527892
1736302140.0,0.010490461429969,0.010709208851269,0.0102184038975847,0.0103115984503957,20023.79324772447,208.26807308560336,-0.017050058357044824,-0.3153057875399765,0.4735984166692359,0.046785830819812614
1736302200.0,0.0103115984503957,0.010548895731692,0.0101881136582432,0.0102516350983723,20959.22772922777,215.4947473989625,-0.005815136451623429,0.03469890610832503,0.4655235360272214,0.034987987088942046
1736302260.0,0.0102516350983723,0.0104588635571435,0.0102516350983723,0.010407832412952,2919.33525861606,30.155955965021008,0.015236331871049483,-0.8600617586785496,0.4628164531437809,0.02021418600864
1736302320.0,0.010407832412952,0.010460925091616,0.010323933294106,0.010323933294106,2201.38282786288,22.81927650939701,-0.008061151978349603,-0.2432912245970275,0.4698680782192616,0.013162375418297586
1736302380.0,0.010323933294106,0.0104444290037818,0.0100959420653446,0.0101923763229929,16712.38181300445,171.43819985738597,-0.012742911772609748,6.512867456020679,0.46608040023096103,0.033755248945298126
1736302440.0,0.0101923763229929,0.0104494781247865,0.010181800030179,0.0103623003892586,6817.68986872489,70.06770558801625,0.016671682920730766,-0.5912946726791148,0.4601411788118753,0.026262579610963555
1736302500.0,0.0103623003892586,0.0104102282772203,0.0103495421730583,0.0103664441504138,219.90756335796,2.2792038515944877,0.0003998881521997612,-0.9674714073699553,0.46781250664379814,0.0058564316688701195
1736302560.0,0.0103664441504138,0.0106763183628686,0.0100399146906477,0.0105906370703113,26642.98048969149,279.17955304232936,0.021626790888421545,121.48994439309175,0.46799957932265585,0.06139073948471498
1736302620.0,0.0105906370703113,0.0107569014618618,0.0105600153474791,0.0106737022184975,6346.3915643682,67.47591174217973,0.007843262651220097,-0.7583063981338598,0.47812090836053617,0.018590582707685262
1736302680.0,0.0106737022184975,0.0107929274444262,0.0105879507906324,0.0107382541418628,3306.61111064558,35.40050640091283,0.006047753819984978,-0.4753608289699672,0.4818709362238478,0.01920389473097492
1736302740.0,0.0107382541418628,0.0108900833654577,0.0107382541418628,0.0108188041862154,2262.095476118,24.38206206117878,0.007501223503230186,-0.3112510373425035,0.4847851730191353,0.014139097621372007
1736302800.0,0.0108188041862154,0.0108752214837405,0.0105207886955681,0.0105762690625309,15140.72011553416,161.96840795530997,-0.022417923414634177,5.642933134568497,0.488421654953004,0.03276080998156851
1736302860.0,0.0105762690625309,0.0110542483249411,0.0105065134945398,0.0108449318587194,11206.06501251796,120.02368508487024,0.02540241692037749,-0.25896854454489077,0.47747225569821866,0.05178904083877631
1736302920.0,0.0108449318587194,0.0108449318587194,0.0105380725722,0.0107224622976336,5679.57189680449,61.246782868863946,-0.011292792124584262,-0.4897108614390936,0.4896012050053779,0.028295178846392
1736302980.0,0.0107224622976336,0.0108879228511067,0.0107224622976336,0.0108313697741708,6173.16413260396,66.52767153291592,0.010156946558929457,0.08622311926748759,0.4840722403733062,0.01543120869817526
1736303040.0,0.0108313697741708,0.0108855878289013,0.0107912978200251,0.0108271394323471,4195.65304610326,45.43579506319116,-0.00039056388175283293,-0.31703915053285947,0.4889889362494391,0.008705270971456505
1736303100.0,0.0108271394323471,0.0109994126349665,0.0108271394323471,0.0109577990106547,4674.83442393078,50.92049007827891,0.012067783843001218,0.120713085519022,0.4887979548323633,0.015911238946892732
1736303160.0,0.0109577990106547,0.0109843747206476,0.0107023715298363,0.0108690770198245,5761.05405987823,62.8729063849255,-0.00809669813654484,0.23472704776156736,0.49469666289418135,0.025735386325036386
1736303220.0,0.0108690770198245,0.0109882293883145,0.0106316397444382,0.0109335379857196,8123.44759519617,88.55620021788756,0.005930675233741366,0.4084954125664521,0.4906912533455711,0.03280772076836918
1736303280.0,0.0109335379857196,0.0109338225131262,0.0106847935354702,0.0107937182511477,9945.044718714464,108.03926744530652,-0.012788150985940609,0.22000794048843517,0.4936013838092012,0.022776614301908547
1736303340.0,0.0107937182511477,0.0107937182511477,0.0103983209306178,0.010519399901915,18799.096156792897,200.33367878025697,-0.025414629402943003,0.8542672818628033,0.4872891347861799,0.036632169872310424
1736303400.0,0.010519399901915,0.0113333306049889,0.0103216383074803,0.0112296966735619,40788.44143287266,443.55587594336544,0.06752255625509535,1.2140854131166596,0.4749048620135084,0.09617395544820269
1736303460.0,0.0112296966735619,0.0114897310730647,0.0111943728542655,0.0113192866768576,9260.150038391415,104.40348451903726,0.007977953982196417,-0.7646215726553293,0.5069716522746338,0.02630153132226292
1736303520.0,0.0113192866768576,0.0115677416144963,0.0112923034664532,0.0113618977256762,8228.769846190327,93.31912314372626,0.003764464142932136,-0.10616850027922053,0.5110162487867589,0.024333525239380666
1736303580.0,0.0113618977256762,0.0118387604418456,0.0112184129380945,0.0116841222837333,19705.49631954326,227.06663123776963,0.028360100208341107,1.4332272270502477,0.5129399511317724,0.054598933974665774
1736303640.0,0.0116841222837333,0.011701435418398,0.0111264188616256,0.0116428602134971,23540.86440204567,274.56866593809673,-0.0035314651142984064,0.20919865874341534,0.5274869795467311,0.04921350040755234
1736303700.0,0.0116428602134971,0.0117656758945425,0.011563445534038,0.0117041126400113,2962.1345227714023,34.578437145791995,0.005260943221081767,-0.8740626974762373,0.5256241776802151,0.01736947423538274
1736303760.0,0.0117041126400113,0.0119231598694232,0.0113912537292155,0.0117203722456783,17424.004303475198,204.07416272747267,0.0013892215640009939,4.901775197850646,0.5283894566346186,0.04544608861583773
1736303820.0,0.0117203722456783,0.0117203722456783,0.0110556425656182,0.0116025734594451,27689.887416825524,322.9048704018007,-0.010050771747171857,0.5822917810179549,0.5291235066619661,0.05671574811160183
1736303880.0,0.0116025734594451,0.0118681677884676,0.0112106206517282,0.0114607500632129,30516.552871493237,351.9065658357733,-0.012223443077341384,0.08981498296351145,0.5238054070704435,0.05667252519777165
1736303940.0,0.0114607500632129,0.0118726642833478,0.0114379105190515,0.0117701610955152,9667.887121459564,112.29691340561934,0.026997450480615283,-0.6808899739085126,0.5174027014935143,0.03793414583673599
1736304000.0,0.0117701610955152,0.0119481622161209,0.0117546482966098,0.0117546482966098,5397.634094178668,63.48915661699423,-0.001317976770199841,-0.43463132964599155,0.531371255305622,0.01644105955226349
1736304060.0,0.0117546482966098,0.0120972920898802,0.011693733726469,0.0120363457275694,16449.72681131905,195.67767613373596,0.023964768987673083,2.0820645061358185,0.5306709203347773,0.0343318109762238
1736304120.0,0.0120363457275694,0.012139165689384,0.0115561875993238,0.012081321135028,15871.376935316222,191.39029078833437,0.003736633067591606,-0.021910446966220992,0.5433883263490761,0.04843480764472241
1736304180.0,0.012081321135028,0.0128340630381677,0.0120351207604822,0.0122318782238251,29470.857608716364,358.2654181585469,0.012461972255714876,0.8719100989023832,0.5454187691378554,0.06613037338847697
1736304240.0,0.0122318782238251,0.012819846657201,0.0122318782238251,0.0124338771303629,24036.804335630022,296.4429676195678,0.0165141364916754,-0.17256047445701317,0.5522157627065974,0.048068532290540734
1736304300.0,0.0124338771303629,0.0126237775545769,0.0121949440736474,0.0123961674215091,16808.55816430697,208.67862403623698,-0.003032819808208934,-0.29605810617832184,0.5613351291847888,0.03448912004143178
1736304360.0,0.0123961674215091,0.0127521143742845,0.0123654722392878,0.0124442673901854,16924.265824635397,210.2030609763223,0.003880229028920645,0.007305189724753939,0.5596327008859536,0.031190457651114042
1736304420.0,0.0124442673901854,0.0124442673901854,0.0120162557160099,0.0121192369279889,22212.236658508216,272.805185538788,-0.02611889089211043,0.297817378451579,0.5618042039374646,0.03439428459348803
1736304480.0,0.0121192369279889,0.0126648677685896,0.0120566247100113,0.0124059551261613,33550.32732760804,411.41411059459557,0.02365810651908587,0.5080875745893761,0.5471305012320931,0.05018823067759212
1736304540.0,0.0124059551261613,0.01247943161508,0.0121756208596502,0.0123367449362969,16013.45425788556,198.10804783337827,-0.00557878769998547,-0.5184704590052516,0.5600745729100827,0.024489106428342088
1736304600.0,0.0123367449362969,0.0123367449362969,0.0120647636293944,0.01220040667463,8609.970407506662,105.63207462729251,-0.011051396650486649,-0.4667956411536802,0.5569500357716574,0.02204643998939151
1736304660.0,0.01220040667463,0.0127611696042917,0.0119490255911195,0.0126720928826788,16232.230302709118,201.8680705091335,0.038661515196017356,0.9110489992873451,0.550794960011842,0.06656696246535801
1736304720.0,0.0126720928826788,0.0132066191874163,0.0124931563375336,0.0126855770758802,28405.49229608247,360.14854932722477,0.0010640857296612522,0.784078821474295,0.5720895277282296,0.05630189555017521
1736304780.0,0.0126855770758802,0.0137329743796488,0.0126855770758802,0.0133375506770713,69693.45370906663,906.8208247077262,0.051394871300788875,1.51790775334709,0.5726982800307738,0.08256599581583687
1736304840.0,0.0133375506770713,0.0139905403828235,0.0124872686410647,0.0132641355784122,89266.50755147896,1187.3198135035962,-0.005504391356151232,0.30932129165237965,0.6021320344271386,0.11270973045621387
1736304900.0,0.0132641355784122,0.0137873067884603,0.0132176295919479,0.0137025567882214,17506.22429393438,236.04248251790798,0.0330531309196466,-0.8011972176044269,0.5988176640615761,0.04294868618800663
1736304960.0,0.0137025567882214,0.0140305577886983,0.0136565927371139,0.0138271769135663,18347.358889234256,252.54895217587324,0.009094662205817122,0.06993007988175581,0.6186104627088004,0.027291625742858257
1736305020.0,0.0138271769135663,0.0143947670845341,0.0138271769135663,0.0142499695571205,22355.419554760316,313.8381946263306,0.03057693166125499,0.24268262418992734,0.6242365159041211,0.041048883261985115
