0,1,2,3,4,5
1737739140.0,0.0406268458989183,0.04210027250532,0.0236757189287032,0.0238007084708866,262522.84317811276
1737739200.0,0.0238007084708866,0.046145002729931,0.0079125874460346,0.0087278912955218,1891606.9387023195
1737739260.0,0.0087278912955218,0.0097914274936823,0.0016280430079877,0.0016280430079877,661050.7923572075
1737739320.0,0.0016280430079877,0.0016280430079877,0.000445915560659,0.0005182841900287,307302.36622769677
1737739380.0,0.0005182841900287,0.0006001905021423,1.99382545e-05,1.99547314194504e-05,65883.98749355119
1737739440.0,1.99547314194504e-05,1.99547314194504e-05,5.24725899176302e-06,5.28782152213124e-06,6235.214810117
1737739500.0,5.28782152213124e-06,5.47937295e-06,5.03905251023432e-06,5.47937295e-06,519.46989780409
1737739560.0,5.47937295e-06,5.52733799121521e-06,5.36940784e-06,5.36940784e-06,81.91350039429
1737739620.0,5.36940784e-06,5.43197659366734e-06,5.36940784e-06,5.42952503696741e-06,82.75140653977
1737739680.0,5.42952503696741e-06,5.42952503696741e-06,5.32798052250208e-06,5.32798052250208e-06,77.36182788357
1737739740.0,5.32798052250208e-06,5.32798052250208e-06,5.29445450923744e-06,5.29445450923744e-06,1.46895055956
1737739800.0,5.29445450923744e-06,5.29621402441749e-06,5.2292925305073e-06,5.2292925305073e-06,61.94047500426
1737739860.0,5.2292925305073e-06,5.2292925305073e-06,5.07048984512043e-06,5.07048984512043e-06,88.70855181312
1737739920.0,5.07048984512043e-06,5.07048984512043e-06,4.97649868454333e-06,4.97649868454333e-06,1.03758696816
1737739980.0,4.97649868454333e-06,4.97649868454333e-06,4.97649868454333e-06,4.97649868454333e-06,0.0
1737740040.0,4.97649868454333e-06,5.106201667283e-06,4.97030950980525e-06,5.106201667283e-06,55.38753076335
1737740100.0,5.106201667283e-06,5.1227733097886e-06,5.106201667283e-06,5.1227733097886e-06,13.184
1737740160.0,5.1227733097886e-06,5.1227733097886e-06,5.1227733097886e-06,5.1227733097886e-06,0.0
1737740220.0,5.1227733097886e-06,5.1227733097886e-06,5.1227733097886e-06,5.1227733097886e-06,0.0
1737740280.0,5.1227733097886e-06,5.1227733097886e-06,5.1227733097886e-06,5.1227733097886e-06,0.0
1737740340.0,5.1227733097886e-06,5.1227733097886e-06,5.1227733097886e-06,5.1227733097886e-06,0.0
1737740400.0,5.1227733097886e-06,5.1227733097886e-06,5.1227733097886e-06,5.1227733097886e-06,0.0
1737740460.0,5.1227733097886e-06,5.1227733097886e-06,5.10870006965804e-06,5.10870006965804e-06,0.0009919268
1737740520.0,5.10870006965804e-06,5.13922054892526e-06,5.10870006965804e-06,5.11492009369764e-06,5.26441917023
1737740580.0,5.11492009369764e-06,5.11492009369764e-06,5.11492009369764e-06,5.11492009369764e-06,0.0
1737740640.0,5.11492009369764e-06,5.11536997861533e-06,5.11492009369764e-06,5.11536997861533e-06,0.021497294
1737740700.0,5.11536997861533e-06,5.11571008801546e-06,5.11536997861533e-06,5.11571008801546e-06,0.0358627692
1737740760.0,5.11571008801546e-06,5.12087038734246e-06,5.11571008801546e-06,5.11846852722142e-06,0.60234473601
1737740820.0,5.11846852722142e-06,5.11846852722142e-06,5.11846852722142e-06,5.11846852722142e-06,0.0
1737740880.0,5.11846852722142e-06,5.11846852722142e-06,5.11846852722142e-06,5.11846852722142e-06,0.0
1737740940.0,5.11846852722142e-06,5.11846852722142e-06,5.11846852722142e-06,5.11846852722142e-06,0.0
1737741000.0,5.11846852722142e-06,5.11846852722142e-06,5.11280443300259e-06,5.11280443300259e-06,15.97446204659
1737741060.0,5.11280443300259e-06,5.11280443300259e-06,5.11280443300259e-06,5.11280443300259e-06,0.0
1737741120.0,5.11280443300259e-06,5.11280443300259e-06,5.09845221160711e-06,5.09845221160711e-06,0.0017172874
1737741180.0,5.09845221160711e-06,5.09845221160711e-06,5.09845221160711e-06,5.09845221160711e-06,0.0
1737741240.0,5.09845221160711e-06,5.09845221160711e-06,5.09845221160711e-06,5.09845221160711e-06,0.0
1737741300.0,5.09845221160711e-06,5.09845221160711e-06,5.09845221160711e-06,5.09845221160711e-06,0.0
1737741360.0,5.09845221160711e-06,5.09845221160711e-06,5.09845221160711e-06,5.09845221160711e-06,0.0
1737741420.0,5.09845221160711e-06,5.09845221160711e-06,5.09845221160711e-06,5.09845221160711e-06,0.0
1737741480.0,5.09845221160711e-06,5.09845221160711e-06,5.09845221160711e-06,5.09845221160711e-06,0.0
1737741540.0,5.09845221160711e-06,5.09845221160711e-06,5.09845221160711e-06,5.09845221160711e-06,0.0
1737741600.0,5.09845221160711e-06,5.09845221160711e-06,5.09845221160711e-06,5.09845221160711e-06,0.0
1737741660.0,5.09845221160711e-06,5.09845221160711e-06,5.09845221160711e-06,5.09845221160711e-06,0.0
1737741720.0,5.09845221160711e-06,5.09845221160711e-06,5.09845221160711e-06,5.09845221160711e-06,0.0
1737741780.0,5.09845221160711e-06,5.09845221160711e-06,5.0750925504102e-06,5.0750925504102e-06,26.54840684951
1737741840.0,5.0750925504102e-06,5.0750925504102e-06,5.04927603279736e-06,5.04927603279736e-06,0.0409158516
1737741900.0,5.04927603279736e-06,5.04927603279736e-06,5.04927603279736e-06,5.04927603279736e-06,0.0
1737741960.0,5.04927603279736e-06,5.04927603279736e-06,5.04927603279736e-06,5.04927603279736e-06,0.0
1737742020.0,5.04927603279736e-06,5.04927603279736e-06,5.04927603279736e-06,5.04927603279736e-06,0.0
1737742080.0,5.04927603279736e-06,5.04927603279736e-06,5.04927603279736e-06,5.04927603279736e-06,0.0
1737742140.0,5.04927603279736e-06,5.04927603279736e-06,5.04159187388242e-06,5.04159187388242e-06,14.85766560228
1737742200.0,5.04159187388242e-06,5.04159187388242e-06,5.02181450425681e-06,5.02181450425681e-06,0.00190484757
1737742260.0,5.02181450425681e-06,5.02181450425681e-06,5.02181450425681e-06,5.02181450425681e-06,0.0
1737742320.0,5.02181450425681e-06,5.02181450425681e-06,5.02181450425681e-06,5.02181450425681e-06,0.0
1737742380.0,5.02181450425681e-06,5.02181450425681e-06,5.02181450425681e-06,5.02181450425681e-06,0.0
1737742440.0,5.02181450425681e-06,5.02181450425681e-06,5.02181450425681e-06,5.02181450425681e-06,0.0
1737742500.0,5.02181450425681e-06,5.02181450425681e-06,5.02181450425681e-06,5.02181450425681e-06,0.0
1737742560.0,5.02181450425681e-06,5.02181450425681e-06,5.02181450425681e-06,5.02181450425681e-06,0.0
1737742620.0,5.02181450425681e-06,5.02181450425681e-06,5.02181450425681e-06,5.02181450425681e-06,0.0
1737742680.0,5.02181450425681e-06,5.02181450425681e-06,5.02181450425681e-06,5.02181450425681e-06,0.0
1737742740.0,5.02181450425681e-06,5.02181450425681e-06,5.00441410428422e-06,5.00441410428422e-06,5.91159831444
1737742800.0,5.00441410428422e-06,5.00441410428422e-06,5.00441410428422e-06,5.00441410428422e-06,0.0
1737742860.0,5.00441410428422e-06,5.00441410428422e-06,5.00441410428422e-06,5.00441410428422e-06,0.0
1737742920.0,5.00441410428422e-06,5.00441410428422e-06,5.00441410428422e-06,5.00441410428422e-06,0.0
1737742980.0,5.00441410428422e-06,5.00441410428422e-06,4.96239685039509e-06,4.96239685039509e-06,23.34016291398
1737743040.0,4.96239685039509e-06,4.96239685039509e-06,4.96239685039509e-06,4.96239685039509e-06,0.0
1737743100.0,4.96239685039509e-06,4.96239685039509e-06,4.96239685039509e-06,4.96239685039509e-06,0.0
1737743160.0,4.96239685039509e-06,4.96239685039509e-06,4.96239685039509e-06,4.96239685039509e-06,0.0
1737743220.0,4.96239685039509e-06,4.96239685039509e-06,4.96239685039509e-06,4.96239685039509e-06,0.0
1737743280.0,4.96239685039509e-06,4.96239685039509e-06,4.96239685039509e-06,4.96239685039509e-06,0.0
1737743340.0,4.96239685039509e-06,4.96239685039509e-06,4.96239685039509e-06,4.96239685039509e-06,0.0
1737743400.0,4.96239685039509e-06,4.96239685039509e-06,4.96239685039509e-06,4.96239685039509e-06,0.0
1737743460.0,4.96239685039509e-06,4.96239685039509e-06,4.96239685039509e-06,4.96239685039509e-06,0.0
1737743520.0,4.96239685039509e-06,4.96239685039509e-06,4.96239685039509e-06,4.96239685039509e-06,0.0
1737743580.0,4.96239685039509e-06,4.96239685039509e-06,4.93029737961442e-06,4.93029737961442e-06,0.19108391444
1737743640.0,4.93029737961442e-06,4.93029737961442e-06,4.93029737961442e-06,4.93029737961442e-06,0.0
1737743700.0,4.93029737961442e-06,4.93029737961442e-06,4.93029737961442e-06,4.93029737961442e-06,0.0
1737743760.0,4.93029737961442e-06,4.93029737961442e-06,4.93029737961442e-06,4.93029737961442e-06,0.0
1737743820.0,4.93029737961442e-06,4.93029737961442e-06,4.93029737961442e-06,4.93029737961442e-06,0.0
1737743880.0,4.93029737961442e-06,4.93029737961442e-06,4.92741855518217e-06,4.92741855518217e-06,0.04765255176
1737743940.0,4.92741855518217e-06,4.92741855518217e-06,4.92741855518217e-06,4.92741855518217e-06,0.0
1737744000.0,4.92741855518217e-06,4.92741855518217e-06,4.92741855518217e-06,4.92741855518217e-06,0.0
1737744060.0,4.92741855518217e-06,4.92741855518217e-06,4.92741855518217e-06,4.92741855518217e-06,0.0
1737744120.0,4.92741855518217e-06,4.92741855518217e-06,4.92741855518217e-06,4.92741855518217e-06,0.0
1737744180.0,4.92741855518217e-06,4.92741855518217e-06,4.92741855518217e-06,4.92741855518217e-06,0.0
1737744240.0,4.92741855518217e-06,4.92741855518217e-06,4.92741855518217e-06,4.92741855518217e-06,0.0
1737744300.0,4.92741855518217e-06,4.92741855518217e-06,4.92741855518217e-06,4.92741855518217e-06,0.0
1737744360.0,4.92741855518217e-06,4.92741855518217e-06,4.92741855518217e-06,4.92741855518217e-06,0.0
1737744420.0,4.92741855518217e-06,4.92741855518217e-06,4.92741855518217e-06,4.92741855518217e-06,0.0
1737744480.0,4.92741855518217e-06,4.92741855518217e-06,4.92741855518217e-06,4.92741855518217e-06,0.0
1737744540.0,4.92741855518217e-06,4.92741855518217e-06,4.92741855518217e-06,4.92741855518217e-06,0.0
1737744600.0,4.92741855518217e-06,4.92741855518217e-06,4.92741855518217e-06,4.92741855518217e-06,0.0
1737744660.0,4.92741855518217e-06,4.92741855518217e-06,4.92741855518217e-06,4.92741855518217e-06,0.0
1737744720.0,4.92741855518217e-06,4.92741855518217e-06,4.92741855518217e-06,4.92741855518217e-06,0.0
1737744780.0,4.92741855518217e-06,4.92741855518217e-06,4.92741855518217e-06,4.92741855518217e-06,0.0
1737744840.0,4.92741855518217e-06,4.92741855518217e-06,4.92741855518217e-06,4.92741855518217e-06,0.0
1737744900.0,4.92741855518217e-06,4.92741855518217e-06,4.92741855518217e-06,4.92741855518217e-06,0.0
1737744960.0,4.92741855518217e-06,4.92741855518217e-06,4.92741855518217e-06,4.92741855518217e-06,0.0
1737745020.0,4.92741855518217e-06,4.92741855518217e-06,4.92741855518217e-06,4.92741855518217e-06,0.0
1737745080.0,4.92741855518217e-06,4.92741855518217e-06,4.92741855518217e-06,4.92741855518217e-06,0.0
1737745140.0,4.92741855518217e-06,4.92741855518217e-06,4.92741855518217e-06,4.92741855518217e-06,0.0
1737745200.0,4.92741855518217e-06,4.92741855518217e-06,4.92741855518217e-06,4.92741855518217e-06,0.0
1737745260.0,4.92741855518217e-06,4.92741855518217e-06,4.92741855518217e-06,4.92741855518217e-06,0.0
1737745320.0,4.92741855518217e-06,4.92741855518217e-06,4.92741855518217e-06,4.92741855518217e-06,0.0
1737745380.0,4.92741855518217e-06,4.92741855518217e-06,4.92741855518217e-06,4.92741855518217e-06,0.0
1737745440.0,4.92741855518217e-06,4.92741855518217e-06,4.92741855518217e-06,4.92741855518217e-06,0.0
1737745500.0,4.92741855518217e-06,4.95369393972538e-06,4.92741855518217e-06,4.93512840753166e-06,12.29267372734
1737745560.0,4.93512840753166e-06,4.93512840753166e-06,4.93512840753166e-06,4.93512840753166e-06,0.0
1737745620.0,4.93512840753166e-06,4.93512840753166e-06,4.93512840753166e-06,4.93512840753166e-06,0.0
1737745680.0,4.93512840753166e-06,4.93512840753166e-06,4.93512840753166e-06,4.93512840753166e-06,0.0
1737745740.0,4.93512840753166e-06,4.93512840753166e-06,4.93512840753166e-06,4.93512840753166e-06,0.0
1737745800.0,4.93512840753166e-06,4.95626730267145e-06,4.93512840753166e-06,4.95626730267145e-06,11.77169232036
1737745860.0,4.95626730267145e-06,4.95626730267145e-06,4.95626730267145e-06,4.95626730267145e-06,0.0
1737745920.0,4.95626730267145e-06,4.95626730267145e-06,4.95626730267145e-06,4.95626730267145e-06,0.0
1737745980.0,4.95626730267145e-06,4.95626730267145e-06,4.95626730267145e-06,4.95626730267145e-06,0.0
1737746040.0,4.95626730267145e-06,4.95626730267145e-06,4.95626730267145e-06,4.95626730267145e-06,0.0
1737746100.0,4.95626730267145e-06,4.95626730267145e-06,4.95626730267145e-06,4.95626730267145e-06,0.0
1737746160.0,4.95626730267145e-06,4.95626730267145e-06,4.95626730267145e-06,4.95626730267145e-06,0.0
1737746220.0,4.95626730267145e-06,4.95626730267145e-06,4.95626730267145e-06,4.95626730267145e-06,0.0
1737746280.0,4.95626730267145e-06,4.95626730267145e-06,4.95626730267145e-06,4.95626730267145e-06,0.0
1737746340.0,4.95626730267145e-06,4.95626730267145e-06,4.95626730267145e-06,4.95626730267145e-06,0.0
1737746400.0,4.95626730267145e-06,4.95626730267145e-06,4.95626730267145e-06,4.95626730267145e-06,0.0
1737746460.0,4.95626730267145e-06,4.95626730267145e-06,4.95626730267145e-06,4.95626730267145e-06,0.0
1737746520.0,4.95626730267145e-06,4.95626730267145e-06,4.95626730267145e-06,4.95626730267145e-06,0.0
1737746580.0,4.95626730267145e-06,4.95626730267145e-06,4.95626730267145e-06,4.95626730267145e-06,0.0
1737746640.0,4.95626730267145e-06,4.95626730267145e-06,4.95626730267145e-06,4.95626730267145e-06,0.0
1737746700.0,4.95626730267145e-06,4.95626730267145e-06,4.95626730267145e-06,4.95626730267145e-06,0.0
1737746760.0,4.95626730267145e-06,4.95626730267145e-06,4.95626730267145e-06,4.95626730267145e-06,0.0
1737746820.0,4.95626730267145e-06,4.95626730267145e-06,4.95626730267145e-06,4.95626730267145e-06,0.0
1737746880.0,4.95626730267145e-06,4.95626730267145e-06,4.95626730267145e-06,4.95626730267145e-06,0.0
1737746940.0,4.95626730267145e-06,4.95626730267145e-06,4.95626730267145e-06,4.95626730267145e-06,0.0
1737747000.0,4.95626730267145e-06,4.95626730267145e-06,4.95626730267145e-06,4.95626730267145e-06,0.0
1737747060.0,4.95626730267145e-06,4.95626730267145e-06,4.95626730267145e-06,4.95626730267145e-06,0.0
1737747120.0,4.95626730267145e-06,4.95626730267145e-06,4.95626730267145e-06,4.95626730267145e-06,0.0
1737747180.0,4.95626730267145e-06,4.95626730267145e-06,4.95626730267145e-06,4.95626730267145e-06,0.0
1737747240.0,4.95626730267145e-06,4.95626730267145e-06,4.95626730267145e-06,4.95626730267145e-06,0.0
1737747300.0,4.95626730267145e-06,4.95626730267145e-06,4.95626730267145e-06,4.95626730267145e-06,0.0
1737747360.0,4.95626730267145e-06,4.95626730267145e-06,4.95626730267145e-06,4.95626730267145e-06,0.0
1737747420.0,4.95626730267145e-06,4.95626730267145e-06,4.95626730267145e-06,4.95626730267145e-06,0.0
1737747480.0,4.95626730267145e-06,4.95626730267145e-06,4.95626730267145e-06,4.95626730267145e-06,0.0
1737747540.0,4.95626730267145e-06,4.95626730267145e-06,4.95626730267145e-06,4.95626730267145e-06,0.0
1737747600.0,4.95626730267145e-06,4.95626730267145e-06,4.95626730267145e-06,4.95626730267145e-06,0.0
1737747660.0,4.95626730267145e-06,4.95626730267145e-06,4.95626730267145e-06,4.95626730267145e-06,0.0
1737747720.0,4.95626730267145e-06,4.95626730267145e-06,4.95626730267145e-06,4.95626730267145e-06,0.0
1737747780.0,4.95626730267145e-06,4.95626730267145e-06,4.95626730267145e-06,4.95626730267145e-06,0.0
1737747840.0,4.95626730267145e-06,4.95626730267145e-06,4.94608468680985e-06,4.94608468680985e-06,0.01172562444
1737747900.0,4.94608468680985e-06,4.94608468680985e-06,4.94608468680985e-06,4.94608468680985e-06,0.0
1737747960.0,4.94608468680985e-06,4.94608468680985e-06,4.94608468680985e-06,4.94608468680985e-06,0.0
1737748020.0,4.94608468680985e-06,4.94608468680985e-06,4.94608468680985e-06,4.94608468680985e-06,0.0
1737748080.0,4.94608468680985e-06,4.94608468680985e-06,4.93074518210807e-06,4.93074518210807e-06,0.00555817158
1737748140.0,4.93074518210807e-06,4.93074518210807e-06,4.92647168364309e-06,4.92647168364309e-06,5.9272726656
1737748200.0,4.92647168364309e-06,4.92647168364309e-06,4.92647168364309e-06,4.92647168364309e-06,0.0
1737748260.0,4.92647168364309e-06,4.92647168364309e-06,4.92647168364309e-06,4.92647168364309e-06,0.0
1737748320.0,4.92647168364309e-06,4.92647168364309e-06,4.92647168364309e-06,4.92647168364309e-06,0.0
1737748380.0,4.92647168364309e-06,4.92647168364309e-06,4.92647168364309e-06,4.92647168364309e-06,0.0
1737748440.0,4.92647168364309e-06,4.92647168364309e-06,4.92647168364309e-06,4.92647168364309e-06,0.0
1737748500.0,4.92647168364309e-06,4.92647168364309e-06,4.92647168364309e-06,4.92647168364309e-06,0.0
1737748560.0,4.92647168364309e-06,4.92647168364309e-06,4.92647168364309e-06,4.92647168364309e-06,0.0
1737748620.0,4.92647168364309e-06,4.92647168364309e-06,4.92647168364309e-06,4.92647168364309e-06,0.0
1737748680.0,4.92647168364309e-06,4.92647168364309e-06,4.92647168364309e-06,4.92647168364309e-06,0.0
1737748740.0,4.92647168364309e-06,4.92647168364309e-06,4.92647168364309e-06,4.92647168364309e-06,0.0
1737748800.0,4.92647168364309e-06,4.95904195597381e-06,4.92647168364309e-06,4.95904195597381e-06,4.95693171975
1737748860.0,4.95904195597381e-06,4.95904195597381e-06,4.95904195597381e-06,4.95904195597381e-06,0.0
1737748920.0,4.95904195597381e-06,4.95904195597381e-06,4.95904195597381e-06,4.95904195597381e-06,0.0
1737748980.0,4.95904195597381e-06,4.95904195597381e-06,4.95904195597381e-06,4.95904195597381e-06,0.0
1737749040.0,4.95904195597381e-06,4.95904195597381e-06,4.95904195597381e-06,4.95904195597381e-06,0.0
1737749100.0,4.95904195597381e-06,4.95904195597381e-06,4.95904195597381e-06,4.95904195597381e-06,0.0
1737749160.0,4.95904195597381e-06,4.95904195597381e-06,4.95904195597381e-06,4.95904195597381e-06,0.0
1737749220.0,4.95904195597381e-06,4.95904195597381e-06,4.95904195597381e-06,4.95904195597381e-06,0.0
1737749280.0,4.95904195597381e-06,4.95904195597381e-06,4.95904195597381e-06,4.95904195597381e-06,0.0
1737749340.0,4.95904195597381e-06,4.95904195597381e-06,4.95904195597381e-06,4.95904195597381e-06,0.0
1737749400.0,4.95904195597381e-06,4.95904195597381e-06,4.9292610827869e-06,4.9292610827869e-06,4.55164906647
1737749460.0,4.9292610827869e-06,4.9292610827869e-06,4.9292610827869e-06,4.9292610827869e-06,0.0
1737749520.0,4.9292610827869e-06,4.9292610827869e-06,4.9292610827869e-06,4.9292610827869e-06,0.0
1737749580.0,4.9292610827869e-06,4.9292610827869e-06,4.9292610827869e-06,4.9292610827869e-06,0.0
1737749640.0,4.9292610827869e-06,4.9292610827869e-06,4.92686889357991e-06,4.92686889357991e-06,5.78981781785
1737749700.0,4.92686889357991e-06,4.92686889357991e-06,4.92686889357991e-06,4.92686889357991e-06,0.0
1737749760.0,4.92686889357991e-06,4.92686889357991e-06,4.92686889357991e-06,4.92686889357991e-06,0.0
1737749820.0,4.92686889357991e-06,4.92686889357991e-06,4.92686889357991e-06,4.92686889357991e-06,0.0
1737749880.0,4.92686889357991e-06,4.92686889357991e-06,4.92686889357991e-06,4.92686889357991e-06,0.0
1737749940.0,4.92686889357991e-06,4.92686889357991e-06,4.92686889357991e-06,4.92686889357991e-06,0.0
1737750000.0,4.92686889357991e-06,4.92686889357991e-06,4.92686889357991e-06,4.92686889357991e-06,0.0
1737750060.0,4.92686889357991e-06,4.92686889357991e-06,4.92686889357991e-06,4.92686889357991e-06,0.0
1737750120.0,4.92686889357991e-06,4.92686889357991e-06,4.92686889357991e-06,4.92686889357991e-06,0.0
1737750180.0,4.92686889357991e-06,4.92686889357991e-06,4.92686889357991e-06,4.92686889357991e-06,0.0
1737750240.0,4.92686889357991e-06,4.92686889357991e-06,4.92686889357991e-06,4.92686889357991e-06,0.0
1737750300.0,4.92686889357991e-06,4.92686889357991e-06,4.92686889357991e-06,4.92686889357991e-06,0.0
1737750360.0,4.92686889357991e-06,4.92686889357991e-06,4.92686889357991e-06,4.92686889357991e-06,0.0
1737750420.0,4.92686889357991e-06,4.92686889357991e-06,4.92686889357991e-06,4.92686889357991e-06,0.0
1737750480.0,4.92686889357991e-06,4.92686889357991e-06,4.92686889357991e-06,4.92686889357991e-06,0.0
1737750540.0,4.92686889357991e-06,4.92686889357991e-06,4.92686889357991e-06,4.92686889357991e-06,0.0
1737750600.0,4.92686889357991e-06,4.92686889357991e-06,4.92686889357991e-06,4.92686889357991e-06,0.0
1737750660.0,4.92686889357991e-06,4.92686889357991e-06,4.92686889357991e-06,4.92686889357991e-06,0.0
1737750720.0,4.92686889357991e-06,4.92686889357991e-06,4.92013875568776e-06,4.92013875568776e-06,25.33361409304
1737750780.0,4.92013875568776e-06,4.92013875568776e-06,4.92013875568776e-06,4.92013875568776e-06,0.0
1737750840.0,4.92013875568776e-06,4.92013875568776e-06,4.92013875568776e-06,4.92013875568776e-06,0.0
1737750900.0,4.92013875568776e-06,4.92013875568776e-06,4.92013875568776e-06,4.92013875568776e-06,0.0
1737750960.0,4.92013875568776e-06,4.92013875568776e-06,4.9100760472528e-06,4.9100760472528e-06,5.76554271012
1737751020.0,4.9100760472528e-06,4.9100760472528e-06,4.9100760472528e-06,4.9100760472528e-06,0.0
1737751080.0,4.9100760472528e-06,4.9100760472528e-06,4.9100760472528e-06,4.9100760472528e-06,0.0
1737751140.0,4.9100760472528e-06,4.9100760472528e-06,4.9100760472528e-06,4.9100760472528e-06,0.0
1737751200.0,4.9100760472528e-06,4.9100760472528e-06,4.9100760472528e-06,4.9100760472528e-06,0.0
1737751260.0,4.9100760472528e-06,4.9100760472528e-06,4.9100760472528e-06,4.9100760472528e-06,0.0
1737751320.0,4.9100760472528e-06,4.9100760472528e-06,4.9100760472528e-06,4.9100760472528e-06,0.0
1737751380.0,4.9100760472528e-06,4.9100760472528e-06,4.9100760472528e-06,4.9100760472528e-06,0.0
1737751440.0,4.9100760472528e-06,4.9100760472528e-06,4.9100760472528e-06,4.9100760472528e-06,0.0
1737751500.0,4.9100760472528e-06,4.9100760472528e-06,4.9100760472528e-06,4.9100760472528e-06,0.0
1737751560.0,4.9100760472528e-06,4.9100760472528e-06,4.9100760472528e-06,4.9100760472528e-06,0.0
1737751620.0,4.9100760472528e-06,4.9100760472528e-06,4.9100760472528e-06,4.9100760472528e-06,0.0
1737751680.0,4.9100760472528e-06,4.9100760472528e-06,4.9100760472528e-06,4.9100760472528e-06,0.0
1737751740.0,4.9100760472528e-06,4.91932870838127e-06,4.9100760472528e-06,4.91932870838127e-06,7.99521
1737751800.0,4.91932870838127e-06,4.94043396324371e-06,4.91932870838127e-06,4.94043396324371e-06,12.893
1737751860.0,4.94043396324371e-06,4.94043396324371e-06,4.94043396324371e-06,4.94043396324371e-06,0.0
1737751920.0,4.94043396324371e-06,4.94043396324371e-06,4.94043396324371e-06,4.94043396324371e-06,0.0
1737751980.0,4.94043396324371e-06,4.94043396324371e-06,4.94043396324371e-06,4.94043396324371e-06,0.0
1737752040.0,4.94043396324371e-06,4.94043396324371e-06,4.94043396324371e-06,4.94043396324371e-06,0.0
1737752100.0,4.94043396324371e-06,4.94043396324371e-06,4.94043396324371e-06,4.94043396324371e-06,0.0
1737752160.0,4.94043396324371e-06,4.94043396324371e-06,4.94043396324371e-06,4.94043396324371e-06,0.0
1737752220.0,4.94043396324371e-06,4.94043396324371e-06,4.94043396324371e-06,4.94043396324371e-06,0.0
1737752280.0,4.94043396324371e-06,4.94043396324371e-06,4.94043396324371e-06,4.94043396324371e-06,0.0
1737752340.0,4.94043396324371e-06,4.94043396324371e-06,4.94043396324371e-06,4.94043396324371e-06,0.0
1737752400.0,4.94043396324371e-06,4.94043396324371e-06,4.94043396324371e-06,4.94043396324371e-06,0.0
1737752460.0,4.94043396324371e-06,4.94043396324371e-06,4.94043396324371e-06,4.94043396324371e-06,0.0
1737752520.0,4.94043396324371e-06,4.94043396324371e-06,4.94043396324371e-06,4.94043396324371e-06,0.0
1737752580.0,4.94043396324371e-06,4.94043396324371e-06,4.94043396324371e-06,4.94043396324371e-06,0.0
1737752640.0,4.94043396324371e-06,4.94043396324371e-06,4.94043396324371e-06,4.94043396324371e-06,0.0
1737752700.0,4.94043396324371e-06,4.94043396324371e-06,4.94043396324371e-06,4.94043396324371e-06,0.0
1737752760.0,4.94043396324371e-06,4.94043396324371e-06,4.94043396324371e-06,4.94043396324371e-06,0.0
1737752820.0,4.94043396324371e-06,4.94043396324371e-06,4.94043396324371e-06,4.94043396324371e-06,0.0
1737752880.0,4.94043396324371e-06,4.94043396324371e-06,4.94043396324371e-06,4.94043396324371e-06,0.0
1737752940.0,4.94043396324371e-06,4.94043396324371e-06,4.94043396324371e-06,4.94043396324371e-06,0.0
1737753000.0,4.94043396324371e-06,4.94043396324371e-06,4.94043396324371e-06,4.94043396324371e-06,0.0
1737753060.0,4.94043396324371e-06,4.94043396324371e-06,4.94043396324371e-06,4.94043396324371e-06,0.0
1737753120.0,4.94043396324371e-06,4.94043396324371e-06,4.94043396324371e-06,4.94043396324371e-06,0.0
1737753180.0,4.94043396324371e-06,4.94043396324371e-06,4.94043396324371e-06,4.94043396324371e-06,0.0
1737753240.0,4.94043396324371e-06,4.94043396324371e-06,4.94043396324371e-06,4.94043396324371e-06,0.0
1737753300.0,4.94043396324371e-06,4.94043396324371e-06,4.94043396324371e-06,4.94043396324371e-06,0.0
1737753360.0,4.94043396324371e-06,4.94043396324371e-06,4.94043396324371e-06,4.94043396324371e-06,0.0
1737753420.0,4.94043396324371e-06,4.94043396324371e-06,4.94043396324371e-06,4.94043396324371e-06,0.0
1737753480.0,4.94043396324371e-06,4.94043396324371e-06,4.94043396324371e-06,4.94043396324371e-06,0.0
1737753540.0,4.94043396324371e-06,4.94043396324371e-06,4.94043396324371e-06,4.94043396324371e-06,0.0
1737753600.0,4.94043396324371e-06,4.94043396324371e-06,4.94043396324371e-06,4.94043396324371e-06,0.0
1737753660.0,4.94043396324371e-06,4.94043396324371e-06,4.94043396324371e-06,4.94043396324371e-06,0.0
1737753720.0,4.94043396324371e-06,4.94043396324371e-06,4.94043396324371e-06,4.94043396324371e-06,0.0
1737753780.0,4.94043396324371e-06,4.94043396324371e-06,4.94043396324371e-06,4.94043396324371e-06,0.0
1737753840.0,4.94043396324371e-06,4.94043396324371e-06,4.94043396324371e-06,4.94043396324371e-06,0.0
1737753900.0,4.94043396324371e-06,4.94043396324371e-06,4.91882971373652e-06,4.91882971373652e-06,7.99439900175
1737753960.0,4.91882971373652e-06,4.91882971373652e-06,4.91882971373652e-06,4.91882971373652e-06,0.0
1737754020.0,4.91882971373652e-06,4.91882971373652e-06,4.91882971373652e-06,4.91882971373652e-06,0.0
1737754080.0,4.91882971373652e-06,4.91882971373652e-06,4.91882971373652e-06,4.91882971373652e-06,0.0
1737754140.0,4.91882971373652e-06,4.91882971373652e-06,4.91882971373652e-06,4.91882971373652e-06,0.0
1737754200.0,4.91882971373652e-06,4.91882971373652e-06,4.91882971373652e-06,4.91882971373652e-06,0.0
1737754260.0,4.91882971373652e-06,4.91882971373652e-06,4.91882971373652e-06,4.91882971373652e-06,0.0
1737754320.0,4.91882971373652e-06,4.91882971373652e-06,4.91882971373652e-06,4.91882971373652e-06,0.0
1737754380.0,4.91882971373652e-06,4.91882971373652e-06,4.91882971373652e-06,4.91882971373652e-06,0.0
1737754440.0,4.91882971373652e-06,4.91882971373652e-06,4.91882971373652e-06,4.91882971373652e-06,0.0
1737754500.0,4.91882971373652e-06,4.91882971373652e-06,4.91882971373652e-06,4.91882971373652e-06,0.0
1737754560.0,4.91882971373652e-06,4.91882971373652e-06,4.91882971373652e-06,4.91882971373652e-06,0.0
1737754620.0,4.91882971373652e-06,4.91882971373652e-06,4.91882971373652e-06,4.91882971373652e-06,0.0
1737754680.0,4.91882971373652e-06,4.91882971373652e-06,4.91882971373652e-06,4.91882971373652e-06,0.0
1737754740.0,4.91882971373652e-06,4.91882971373652e-06,4.91882971373652e-06,4.91882971373652e-06,0.0
1737754800.0,4.91882971373652e-06,4.91882971373652e-06,4.91882971373652e-06,4.91882971373652e-06,0.0
1737754860.0,4.91882971373652e-06,4.91882971373652e-06,4.91882971373652e-06,4.91882971373652e-06,0.0
1737754920.0,4.91882971373652e-06,4.91882971373652e-06,4.91882971373652e-06,4.91882971373652e-06,0.0
1737754980.0,4.91882971373652e-06,4.91882971373652e-06,4.91882971373652e-06,4.91882971373652e-06,0.0
1737755040.0,4.91882971373652e-06,4.91882971373652e-06,4.91882971373652e-06,4.91882971373652e-06,0.0
1737755100.0,4.91882971373652e-06,4.91882971373652e-06,4.91882971373652e-06,4.91882971373652e-06,0.0
1737755160.0,4.91882971373652e-06,4.91882971373652e-06,4.91882971373652e-06,4.91882971373652e-06,0.0
1737755220.0,4.91882971373652e-06,4.91882971373652e-06,4.91882971373652e-06,4.91882971373652e-06,0.0
1737755280.0,4.91882971373652e-06,4.91882971373652e-06,4.91882971373652e-06,4.91882971373652e-06,0.0
1737755340.0,4.91882971373652e-06,4.91882971373652e-06,4.91882971373652e-06,4.91882971373652e-06,0.0
1737755400.0,4.91882971373652e-06,4.91882971373652e-06,4.91882971373652e-06,4.91882971373652e-06,0.0
1737755460.0,4.91882971373652e-06,4.91882971373652e-06,4.91882971373652e-06,4.91882971373652e-06,0.0
1737755520.0,4.91882971373652e-06,4.91882971373652e-06,4.91882971373652e-06,4.91882971373652e-06,0.0
1737755580.0,4.91882971373652e-06,4.91882971373652e-06,4.91882971373652e-06,4.91882971373652e-06,0.0
1737755640.0,4.91882971373652e-06,4.91882971373652e-06,4.91882971373652e-06,4.91882971373652e-06,0.0
1737755700.0,4.91882971373652e-06,4.91882971373652e-06,4.91882971373652e-06,4.91882971373652e-06,0.0
1737755760.0,4.91882971373652e-06,4.91882971373652e-06,4.91882971373652e-06,4.91882971373652e-06,0.0
1737755820.0,4.91882971373652e-06,4.91882971373652e-06,4.91882971373652e-06,4.91882971373652e-06,0.0
1737755880.0,4.91882971373652e-06,4.91882971373652e-06,4.91882971373652e-06,4.91882971373652e-06,0.0
1737755940.0,4.91882971373652e-06,4.91882971373652e-06,4.91882971373652e-06,4.91882971373652e-06,0.0
1737756000.0,4.91882971373652e-06,4.91882971373652e-06,4.91882971373652e-06,4.91882971373652e-06,0.0
1737756060.0,4.91882971373652e-06,4.91882971373652e-06,4.91882971373652e-06,4.91882971373652e-06,0.0
1737756120.0,4.91882971373652e-06,4.91882971373652e-06,4.91882971373652e-06,4.91882971373652e-06,0.0
1737756180.0,4.91882971373652e-06,4.91882971373652e-06,4.91882971373652e-06,4.91882971373652e-06,0.0
1737756240.0,4.91882971373652e-06,4.91882971373652e-06,4.91882971373652e-06,4.91882971373652e-06,0.0
1737756300.0,4.91882971373652e-06,4.91882971373652e-06,4.91882971373652e-06,4.91882971373652e-06,0.0
1737756360.0,4.91882971373652e-06,4.91882971373652e-06,4.91882971373652e-06,4.91882971373652e-06,0.0
1737756420.0,4.91882971373652e-06,4.91882971373652e-06,4.91882971373652e-06,4.91882971373652e-06,0.0
1737756480.0,4.91882971373652e-06,4.91882971373652e-06,4.91882971373652e-06,4.91882971373652e-06,0.0
1737756540.0,4.91882971373652e-06,4.91882971373652e-06,4.91882971373652e-06,4.91882971373652e-06,0.0
1737756600.0,4.91882971373652e-06,4.91882971373652e-06,4.91882971373652e-06,4.91882971373652e-06,0.0
1737756660.0,4.91882971373652e-06,4.91882971373652e-06,4.91882971373652e-06,4.91882971373652e-06,0.0
1737756720.0,4.91882971373652e-06,4.91882971373652e-06,4.91882971373652e-06,4.91882971373652e-06,0.0
1737756780.0,4.91882971373652e-06,4.91882971373652e-06,4.91882971373652e-06,4.91882971373652e-06,0.0
1737756840.0,4.91882971373652e-06,4.91882971373652e-06,4.91882971373652e-06,4.91882971373652e-06,0.0
1737756900.0,4.91882971373652e-06,4.91882971373652e-06,4.91882971373652e-06,4.91882971373652e-06,0.0
1737756960.0,4.91882971373652e-06,4.91882971373652e-06,4.91882971373652e-06,4.91882971373652e-06,0.0
1737757020.0,4.91882971373652e-06,4.91882971373652e-06,4.91882971373652e-06,4.91882971373652e-06,0.0
1737757080.0,4.91882971373652e-06,4.91882971373652e-06,4.91882971373652e-06,4.91882971373652e-06,0.0
1737757140.0,4.91882971373652e-06,4.91882971373652e-06,4.91882971373652e-06,4.91882971373652e-06,0.0
1737757200.0,4.91882971373652e-06,4.91882971373652e-06,4.91882971373652e-06,4.91882971373652e-06,0.0
1737757260.0,4.91882971373652e-06,4.91882971373652e-06,4.91882971373652e-06,4.91882971373652e-06,0.0
1737757320.0,4.91882971373652e-06,4.91882971373652e-06,4.91882971373652e-06,4.91882971373652e-06,0.0
1737757380.0,4.91882971373652e-06,4.91882971373652e-06,4.91882971373652e-06,4.91882971373652e-06,0.0
1737757440.0,4.91882971373652e-06,4.91882971373652e-06,4.91882971373652e-06,4.91882971373652e-06,0.0
1737757500.0,4.91882971373652e-06,4.91882971373652e-06,4.91882971373652e-06,4.91882971373652e-06,0.0
1737757560.0,4.91882971373652e-06,4.91882971373652e-06,4.91882971373652e-06,4.91882971373652e-06,0.0
1737757620.0,4.91882971373652e-06,4.91882971373652e-06,4.91882971373652e-06,4.91882971373652e-06,0.0
1737757680.0,4.91882971373652e-06,4.91882971373652e-06,4.91882971373652e-06,4.91882971373652e-06,0.0
1737757740.0,4.91882971373652e-06,4.91882971373652e-06,4.91882971373652e-06,4.91882971373652e-06,0.0
1737757800.0,4.91882971373652e-06,4.91882971373652e-06,4.91882971373652e-06,4.91882971373652e-06,0.0
1737757860.0,4.91882971373652e-06,4.91882971373652e-06,4.91882971373652e-06,4.91882971373652e-06,0.0
1737757920.0,4.91882971373652e-06,4.91882971373652e-06,4.91882971373652e-06,4.91882971373652e-06,0.0
1737757980.0,4.91882971373652e-06,4.91882971373652e-06,4.91882971373652e-06,4.91882971373652e-06,0.0
1737758040.0,4.91882971373652e-06,4.91882971373652e-06,4.91882971373652e-06,4.91882971373652e-06,0.0
1737758100.0,4.91882971373652e-06,4.91882971373652e-06,4.91882971373652e-06,4.91882971373652e-06,0.0
1737758160.0,4.91882971373652e-06,4.91882971373652e-06,4.91882971373652e-06,4.91882971373652e-06,0.0
1737758220.0,4.91882971373652e-06,4.91882971373652e-06,4.91882971373652e-06,4.91882971373652e-06,0.0
1737758280.0,4.91882971373652e-06,4.91882971373652e-06,4.91882971373652e-06,4.91882971373652e-06,0.0
1737758340.0,4.91882971373652e-06,4.91882971373652e-06,4.91882971373652e-06,4.91882971373652e-06,0.0
1737758400.0,4.91882971373652e-06,4.91882971373652e-06,4.91882971373652e-06,4.91882971373652e-06,0.0
1737758460.0,4.91882971373652e-06,4.91882971373652e-06,4.91882971373652e-06,4.91882971373652e-06,0.0
1737758520.0,4.91882971373652e-06,4.91882971373652e-06,4.91882971373652e-06,4.91882971373652e-06,0.0
1737758580.0,4.91882971373652e-06,4.91882971373652e-06,4.91882971373652e-06,4.91882971373652e-06,0.0
1737758640.0,4.91882971373652e-06,4.91882971373652e-06,4.91882971373652e-06,4.91882971373652e-06,0.0
1737758700.0,4.91882971373652e-06,4.91882971373652e-06,4.91882971373652e-06,4.91882971373652e-06,0.0
1737758760.0,4.91882971373652e-06,4.91882971373652e-06,4.91882971373652e-06,4.91882971373652e-06,0.0
1737758820.0,4.91882971373652e-06,4.91882971373652e-06,4.91882971373652e-06,4.91882971373652e-06,0.0
1737758880.0,4.91882971373652e-06,4.91882971373652e-06,4.91882971373652e-06,4.91882971373652e-06,0.0
1737758940.0,4.91882971373652e-06,4.91882971373652e-06,4.91882971373652e-06,4.91882971373652e-06,0.0
1737759000.0,4.91882971373652e-06,4.91882971373652e-06,4.91882971373652e-06,4.91882971373652e-06,0.0
1737759060.0,4.91882971373652e-06,4.91882971373652e-06,4.91882971373652e-06,4.91882971373652e-06,0.0
1737759120.0,4.91882971373652e-06,4.91882971373652e-06,4.91882971373652e-06,4.91882971373652e-06,0.0
1737759180.0,4.91882971373652e-06,4.91882971373652e-06,4.91882971373652e-06,4.91882971373652e-06,0.0
1737759240.0,4.91882971373652e-06,4.91882971373652e-06,4.91882971373652e-06,4.91882971373652e-06,0.0
1737759300.0,4.91882971373652e-06,4.91882971373652e-06,4.91882971373652e-06,4.91882971373652e-06,0.0
1737759360.0,4.91882971373652e-06,4.91882971373652e-06,4.91882971373652e-06,4.91882971373652e-06,0.0
1737759420.0,4.91882971373652e-06,4.91882971373652e-06,4.91882971373652e-06,4.91882971373652e-06,0.0
1737759480.0,4.91882971373652e-06,4.91882971373652e-06,4.91882971373652e-06,4.91882971373652e-06,0.0
1737759540.0,4.91882971373652e-06,4.91882971373652e-06,4.91882971373652e-06,4.91882971373652e-06,0.0
1737759600.0,4.91882971373652e-06,4.91882971373652e-06,4.91882971373652e-06,4.91882971373652e-06,0.0
1737759660.0,4.91882971373652e-06,4.91882971373652e-06,4.91882971373652e-06,4.91882971373652e-06,0.0
1737759720.0,4.91882971373652e-06,4.91882971373652e-06,4.91882971373652e-06,4.91882971373652e-06,0.0
1737759780.0,4.91882971373652e-06,4.91882971373652e-06,4.91882971373652e-06,4.91882971373652e-06,0.0
1737759840.0,4.91882971373652e-06,4.91882971373652e-06,4.91882971373652e-06,4.91882971373652e-06,0.0
1737759900.0,4.91882971373652e-06,4.91882971373652e-06,4.91882971373652e-06,4.91882971373652e-06,0.0
1737759960.0,4.91882971373652e-06,4.91882971373652e-06,4.91882971373652e-06,4.91882971373652e-06,0.0
1737760020.0,4.91882971373652e-06,4.91882971373652e-06,4.91882971373652e-06,4.91882971373652e-06,0.0
1737760080.0,4.91882971373652e-06,4.91882971373652e-06,4.91882971373652e-06,4.91882971373652e-06,0.0
1737760140.0,4.91882971373652e-06,4.91882971373652e-06,4.91882971373652e-06,4.91882971373652e-06,0.0
1737760200.0,4.91882971373652e-06,4.91882971373652e-06,4.91882971373652e-06,4.91882971373652e-06,0.0
1737760260.0,4.91882971373652e-06,4.91882971373652e-06,4.91882971373652e-06,4.91882971373652e-06,0.0
1737760320.0,4.91882971373652e-06,4.91882971373652e-06,4.91882971373652e-06,4.91882971373652e-06,0.0
1737760380.0,4.91882971373652e-06,4.91882971373652e-06,4.91882971373652e-06,4.91882971373652e-06,0.0
1737760440.0,4.91882971373652e-06,4.91882971373652e-06,4.91882971373652e-06,4.91882971373652e-06,0.0
1737760500.0,4.91882971373652e-06,4.91882971373652e-06,4.91882971373652e-06,4.91882971373652e-06,0.0
1737760560.0,4.91882971373652e-06,4.91882971373652e-06,4.91882971373652e-06,4.91882971373652e-06,0.0
1737760620.0,4.91882971373652e-06,4.91882971373652e-06,4.91882971373652e-06,4.91882971373652e-06,0.0
1737760680.0,4.91882971373652e-06,4.91882971373652e-06,4.91882971373652e-06,4.91882971373652e-06,0.0
1737760740.0,4.91882971373652e-06,4.91882971373652e-06,4.91882971373652e-06,4.91882971373652e-06,0.0
1737760800.0,4.91882971373652e-06,4.91882971373652e-06,4.91882971373652e-06,4.91882971373652e-06,0.0
1737760860.0,4.91882971373652e-06,4.91882971373652e-06,4.91882971373652e-06,4.91882971373652e-06,0.0
1737760920.0,4.91882971373652e-06,4.91882971373652e-06,4.91882971373652e-06,4.91882971373652e-06,0.0
1737760980.0,4.91882971373652e-06,4.91882971373652e-06,4.91882971373652e-06,4.91882971373652e-06,0.0
1737761040.0,4.91882971373652e-06,4.91882971373652e-06,4.91882971373652e-06,4.91882971373652e-06,0.0
1737761100.0,4.91882971373652e-06,4.91882971373652e-06,4.91882971373652e-06,4.91882971373652e-06,0.0
1737761160.0,4.91882971373652e-06,4.91882971373652e-06,4.87568866167391e-06,4.87568866167391e-06,10.1636
1737761220.0,4.87568866167391e-06,4.87568866167391e-06,4.87568866167391e-06,4.87568866167391e-06,0.0
1737761280.0,4.87568866167391e-06,4.87568866167391e-06,4.87568866167391e-06,4.87568866167391e-06,0.0
1737761340.0,4.87568866167391e-06,4.87568866167391e-06,4.87568866167391e-06,4.87568866167391e-06,0.0
1737761400.0,4.87568866167391e-06,4.87568866167391e-06,4.87568866167391e-06,4.87568866167391e-06,0.0
1737761460.0,4.87568866167391e-06,4.87568866167391e-06,4.87568866167391e-06,4.87568866167391e-06,0.0
1737761520.0,4.87568866167391e-06,4.87568866167391e-06,4.87568866167391e-06,4.87568866167391e-06,0.0
1737761580.0,4.87568866167391e-06,4.87568866167391e-06,4.87568866167391e-06,4.87568866167391e-06,0.0
1737761640.0,4.87568866167391e-06,4.87568866167391e-06,4.87568866167391e-06,4.87568866167391e-06,0.0
1737761700.0,4.87568866167391e-06,4.87568866167391e-06,4.87568866167391e-06,4.87568866167391e-06,0.0
1737761760.0,4.87568866167391e-06,4.87568866167391e-06,4.87568866167391e-06,4.87568866167391e-06,0.0
1737761820.0,4.87568866167391e-06,4.87568866167391e-06,4.87568866167391e-06,4.87568866167391e-06,0.0
1737761880.0,4.87568866167391e-06,4.87568866167391e-06,4.87568866167391e-06,4.87568866167391e-06,0.0
1737761940.0,4.87568866167391e-06,4.87568866167391e-06,4.87568866167391e-06,4.87568866167391e-06,0.0
1737762000.0,4.87568866167391e-06,4.87568866167391e-06,4.87568866167391e-06,4.87568866167391e-06,0.0
1737762060.0,4.87568866167391e-06,4.87568866167391e-06,4.87568866167391e-06,4.87568866167391e-06,0.0
1737762120.0,4.87568866167391e-06,4.87568866167391e-06,4.87568866167391e-06,4.87568866167391e-06,0.0
1737762180.0,4.87568866167391e-06,4.87568866167391e-06,4.87568866167391e-06,4.87568866167391e-06,0.0
1737762240.0,4.87568866167391e-06,4.87568866167391e-06,4.87568866167391e-06,4.87568866167391e-06,0.0
1737762300.0,4.87568866167391e-06,4.87568866167391e-06,4.87568866167391e-06,4.87568866167391e-06,0.0
1737762360.0,4.87568866167391e-06,4.87568866167391e-06,4.87568866167391e-06,4.87568866167391e-06,0.0
1737762420.0,4.87568866167391e-06,4.87568866167391e-06,4.87568866167391e-06,4.87568866167391e-06,0.0
1737762480.0,4.87568866167391e-06,4.87568866167391e-06,4.87568866167391e-06,4.87568866167391e-06,0.0
1737762540.0,4.87568866167391e-06,4.87568866167391e-06,4.87568866167391e-06,4.87568866167391e-06,0.0
1737762600.0,4.87568866167391e-06,4.87568866167391e-06,4.87568866167391e-06,4.87568866167391e-06,0.0
1737762660.0,4.87568866167391e-06,4.87568866167391e-06,4.87568866167391e-06,4.87568866167391e-06,0.0
1737762720.0,4.87568866167391e-06,4.87568866167391e-06,4.87568866167391e-06,4.87568866167391e-06,0.0
1737762780.0,4.87568866167391e-06,4.87568866167391e-06,4.87568866167391e-06,4.87568866167391e-06,0.0
1737762840.0,4.87568866167391e-06,4.87568866167391e-06,4.87568866167391e-06,4.87568866167391e-06,0.0
1737762900.0,4.87568866167391e-06,4.87568866167391e-06,4.87568866167391e-06,4.87568866167391e-06,0.0
1737762960.0,4.87568866167391e-06,4.87568866167391e-06,4.87568866167391e-06,4.87568866167391e-06,0.0
1737763020.0,4.87568866167391e-06,4.87568866167391e-06,4.87568866167391e-06,4.87568866167391e-06,0.0
1737763080.0,4.87568866167391e-06,4.87568866167391e-06,4.87568866167391e-06,4.87568866167391e-06,0.0
1737763140.0,4.87568866167391e-06,4.87568866167391e-06,4.87568866167391e-06,4.87568866167391e-06,0.0
1737763200.0,4.87568866167391e-06,4.87568866167391e-06,4.87568866167391e-06,4.87568866167391e-06,0.0
1737763260.0,4.87568866167391e-06,4.87568866167391e-06,4.87568866167391e-06,4.87568866167391e-06,0.0
1737763320.0,4.87568866167391e-06,4.87568866167391e-06,4.87568866167391e-06,4.87568866167391e-06,0.0
1737763380.0,4.87568866167391e-06,4.87568866167391e-06,4.87568866167391e-06,4.87568866167391e-06,0.0
1737763440.0,4.87568866167391e-06,4.87568866167391e-06,4.87568866167391e-06,4.87568866167391e-06,0.0
1737763500.0,4.87568866167391e-06,4.87568866167391e-06,4.87568866167391e-06,4.87568866167391e-06,0.0
1737763560.0,4.87568866167391e-06,4.87568866167391e-06,4.87568866167391e-06,4.87568866167391e-06,0.0
1737763620.0,4.87568866167391e-06,4.87568866167391e-06,4.87568866167391e-06,4.87568866167391e-06,0.0
1737763680.0,4.87568866167391e-06,4.87568866167391e-06,4.87568866167391e-06,4.87568866167391e-06,0.0
1737763740.0,4.87568866167391e-06,4.87568866167391e-06,4.87568866167391e-06,4.87568866167391e-06,0.0
1737763800.0,4.87568866167391e-06,4.87568866167391e-06,4.83196715267844e-06,4.83196715267844e-06,0.78315623232
1737763860.0,4.83196715267844e-06,4.83196715267844e-06,4.83196715267844e-06,4.83196715267844e-06,0.0
1737763920.0,4.83196715267844e-06,4.83196715267844e-06,4.83196715267844e-06,4.83196715267844e-06,0.0
1737763980.0,4.83196715267844e-06,4.83196715267844e-06,4.83196715267844e-06,4.83196715267844e-06,0.0
1737764040.0,4.83196715267844e-06,4.83196715267844e-06,4.83196715267844e-06,4.83196715267844e-06,0.0
1737764100.0,4.83196715267844e-06,4.83196715267844e-06,4.83196715267844e-06,4.83196715267844e-06,0.0
1737764160.0,4.83196715267844e-06,4.83196715267844e-06,4.83196715267844e-06,4.83196715267844e-06,0.0
1737764220.0,4.83196715267844e-06,4.83196715267844e-06,4.83196715267844e-06,4.83196715267844e-06,0.0
1737764280.0,4.83196715267844e-06,4.83196715267844e-06,4.83196715267844e-06,4.83196715267844e-06,0.0
1737764340.0,4.83196715267844e-06,4.83196715267844e-06,4.83196715267844e-06,4.83196715267844e-06,0.0
1737764400.0,4.83196715267844e-06,4.83196715267844e-06,4.83196715267844e-06,4.83196715267844e-06,0.0
1737764460.0,4.83196715267844e-06,4.83196715267844e-06,4.83196715267844e-06,4.83196715267844e-06,0.0
1737764520.0,4.83196715267844e-06,4.83196715267844e-06,4.83196715267844e-06,4.83196715267844e-06,0.0
1737764580.0,4.83196715267844e-06,4.83196715267844e-06,4.83196715267844e-06,4.83196715267844e-06,0.0
1737764640.0,4.83196715267844e-06,4.83196715267844e-06,4.83196715267844e-06,4.83196715267844e-06,0.0
1737764700.0,4.83196715267844e-06,4.83196715267844e-06,4.83196715267844e-06,4.83196715267844e-06,0.0
1737764760.0,4.83196715267844e-06,4.83196715267844e-06,4.83196715267844e-06,4.83196715267844e-06,0.0
1737764820.0,4.83196715267844e-06,4.83196715267844e-06,4.83196715267844e-06,4.83196715267844e-06,0.0
1737764880.0,4.83196715267844e-06,4.83196715267844e-06,4.83196715267844e-06,4.83196715267844e-06,0.0
1737764940.0,4.83196715267844e-06,4.83196715267844e-06,4.83196715267844e-06,4.83196715267844e-06,0.0
1737765000.0,4.83196715267844e-06,4.83196715267844e-06,4.83196715267844e-06,4.83196715267844e-06,0.0
1737765060.0,4.83196715267844e-06,4.83196715267844e-06,4.83196715267844e-06,4.83196715267844e-06,0.0
1737765120.0,4.83196715267844e-06,4.83196715267844e-06,4.83196715267844e-06,4.83196715267844e-06,0.0
1737765180.0,4.83196715267844e-06,4.83196715267844e-06,4.83196715267844e-06,4.83196715267844e-06,0.0
1737765240.0,4.83196715267844e-06,4.83196715267844e-06,4.83196715267844e-06,4.83196715267844e-06,0.0
1737765300.0,4.83196715267844e-06,4.83196715267844e-06,4.83196715267844e-06,4.83196715267844e-06,0.0
1737765360.0,4.83196715267844e-06,4.83196715267844e-06,4.78461319067315e-06,4.78461319067315e-06,0.401185567
1737765420.0,4.78461319067315e-06,4.78461319067315e-06,4.78461319067315e-06,4.78461319067315e-06,0.0
1737765480.0,4.78461319067315e-06,4.78461319067315e-06,4.78461319067315e-06,4.78461319067315e-06,0.0
1737765540.0,4.78461319067315e-06,4.78461319067315e-06,4.78461319067315e-06,4.78461319067315e-06,0.0
1737765600.0,4.78461319067315e-06,4.78461319067315e-06,4.78461319067315e-06,4.78461319067315e-06,0.0
1737765660.0,4.78461319067315e-06,4.78461319067315e-06,4.78461319067315e-06,4.78461319067315e-06,0.0
1737765720.0,4.78461319067315e-06,4.78461319067315e-06,4.78461319067315e-06,4.78461319067315e-06,0.0
1737765780.0,4.78461319067315e-06,4.78461319067315e-06,4.78461319067315e-06,4.78461319067315e-06,0.0
1737765840.0,4.78461319067315e-06,4.78461319067315e-06,4.78461319067315e-06,4.78461319067315e-06,0.0
1737765900.0,4.78461319067315e-06,4.78461319067315e-06,4.78461319067315e-06,4.78461319067315e-06,0.0
1737765960.0,4.78461319067315e-06,4.78461319067315e-06,4.78461319067315e-06,4.78461319067315e-06,0.0
1737766020.0,4.78461319067315e-06,4.78461319067315e-06,4.78461319067315e-06,4.78461319067315e-06,0.0
1737766080.0,4.78461319067315e-06,4.78461319067315e-06,4.78461319067315e-06,4.78461319067315e-06,0.0
1737766140.0,4.78461319067315e-06,4.78461319067315e-06,4.78461319067315e-06,4.78461319067315e-06,0.0
1737766200.0,4.78461319067315e-06,4.78461319067315e-06,4.78461319067315e-06,4.78461319067315e-06,0.0
1737766260.0,4.78461319067315e-06,4.78461319067315e-06,4.78461319067315e-06,4.78461319067315e-06,0.0
1737766320.0,4.78461319067315e-06,4.78461319067315e-06,4.78461319067315e-06,4.78461319067315e-06,0.0
1737766380.0,4.78461319067315e-06,4.78461319067315e-06,4.75595247350183e-06,4.75595247350183e-06,7.00281030666
1737766440.0,4.75595247350183e-06,4.75595247350183e-06,4.75595247350183e-06,4.75595247350183e-06,0.0
1737766500.0,4.75595247350183e-06,4.75595247350183e-06,4.75595247350183e-06,4.75595247350183e-06,0.0
1737766560.0,4.75595247350183e-06,4.75595247350183e-06,4.75595247350183e-06,4.75595247350183e-06,0.0
1737766620.0,4.75595247350183e-06,4.75595247350183e-06,4.75595247350183e-06,4.75595247350183e-06,0.0
1737766680.0,4.75595247350183e-06,4.75595247350183e-06,4.75595247350183e-06,4.75595247350183e-06,0.0
1737766740.0,4.75595247350183e-06,4.75595247350183e-06,4.75595247350183e-06,4.75595247350183e-06,0.0
1737766800.0,4.75595247350183e-06,4.75595247350183e-06,4.75595247350183e-06,4.75595247350183e-06,0.0
1737766860.0,4.75595247350183e-06,4.75595247350183e-06,4.75595247350183e-06,4.75595247350183e-06,0.0
1737766920.0,4.75595247350183e-06,4.75595247350183e-06,4.75595247350183e-06,4.75595247350183e-06,0.0
1737766980.0,4.75595247350183e-06,4.75595247350183e-06,4.75595247350183e-06,4.75595247350183e-06,0.0
1737767040.0,4.75595247350183e-06,4.75595247350183e-06,4.75595247350183e-06,4.75595247350183e-06,0.0
1737767100.0,4.75595247350183e-06,4.75595247350183e-06,4.75595247350183e-06,4.75595247350183e-06,0.0
1737767160.0,4.75595247350183e-06,4.75595247350183e-06,4.75595247350183e-06,4.75595247350183e-06,0.0
1737767220.0,4.75595247350183e-06,4.75595247350183e-06,4.75595247350183e-06,4.75595247350183e-06,0.0
1737767280.0,4.75595247350183e-06,4.75595247350183e-06,4.75595247350183e-06,4.75595247350183e-06,0.0
1737767340.0,4.75595247350183e-06,4.75595247350183e-06,4.75595247350183e-06,4.75595247350183e-06,0.0
1737767400.0,4.75595247350183e-06,4.75595247350183e-06,4.75595247350183e-06,4.75595247350183e-06,0.0
1737767460.0,4.75595247350183e-06,4.75595247350183e-06,4.75595247350183e-06,4.75595247350183e-06,0.0
1737767520.0,4.75595247350183e-06,4.75595247350183e-06,4.75595247350183e-06,4.75595247350183e-06,0.0
1737767580.0,4.75595247350183e-06,4.75595247350183e-06,4.75595247350183e-06,4.75595247350183e-06,0.0
1737767640.0,4.75595247350183e-06,4.75595247350183e-06,4.75595247350183e-06,4.75595247350183e-06,0.0
1737767700.0,4.75595247350183e-06,4.75595247350183e-06,4.75595247350183e-06,4.75595247350183e-06,0.0
1737767760.0,4.75595247350183e-06,4.75595247350183e-06,4.75595247350183e-06,4.75595247350183e-06,0.0
1737767820.0,4.75595247350183e-06,4.75595247350183e-06,4.75595247350183e-06,4.75595247350183e-06,0.0
1737767880.0,4.75595247350183e-06,4.75595247350183e-06,4.75595247350183e-06,4.75595247350183e-06,0.0
1737767940.0,4.75595247350183e-06,4.75595247350183e-06,4.75595247350183e-06,4.75595247350183e-06,0.0
1737768000.0,4.75595247350183e-06,4.75595247350183e-06,4.75595247350183e-06,4.75595247350183e-06,0.0
1737768060.0,4.75595247350183e-06,4.75595247350183e-06,4.75595247350183e-06,4.75595247350183e-06,0.0
1737768120.0,4.75595247350183e-06,4.75595247350183e-06,4.75595247350183e-06,4.75595247350183e-06,0.0
1737768180.0,4.75595247350183e-06,4.75595247350183e-06,4.75595247350183e-06,4.75595247350183e-06,0.0
1737768240.0,4.75595247350183e-06,4.75595247350183e-06,4.75595247350183e-06,4.75595247350183e-06,0.0
1737768300.0,4.75595247350183e-06,4.75595247350183e-06,4.75595247350183e-06,4.75595247350183e-06,0.0
1737768360.0,4.75595247350183e-06,4.75595247350183e-06,4.75595247350183e-06,4.75595247350183e-06,0.0
1737768420.0,4.75595247350183e-06,4.75595247350183e-06,4.75595247350183e-06,4.75595247350183e-06,0.0
1737768480.0,4.75595247350183e-06,4.75595247350183e-06,4.75595247350183e-06,4.75595247350183e-06,0.0
1737768540.0,4.75595247350183e-06,4.75595247350183e-06,4.75595247350183e-06,4.75595247350183e-06,0.0
1737768600.0,4.75595247350183e-06,4.75595247350183e-06,4.75595247350183e-06,4.75595247350183e-06,0.0
1737768660.0,4.75595247350183e-06,4.80392459573413e-06,4.75595247350183e-06,4.80392459573413e-06,0.01005889437
1737768720.0,4.80392459573413e-06,4.80392459573413e-06,4.80392459573413e-06,4.80392459573413e-06,0.0
1737768780.0,4.80392459573413e-06,4.80392459573413e-06,4.80392459573413e-06,4.80392459573413e-06,0.0
1737768840.0,4.80392459573413e-06,4.80392459573413e-06,4.80392459573413e-06,4.80392459573413e-06,0.0
1737768900.0,4.80392459573413e-06,4.80392459573413e-06,4.80392459573413e-06,4.80392459573413e-06,0.0
1737768960.0,4.80392459573413e-06,4.84999078168332e-06,4.80392459573413e-06,4.84999078168332e-06,9.99528197976
1737769020.0,4.84999078168332e-06,4.84999078168332e-06,4.84999078168332e-06,4.84999078168332e-06,0.0
1737769080.0,4.84999078168332e-06,4.84999078168332e-06,4.84999078168332e-06,4.84999078168332e-06,0.0
1737769140.0,4.84999078168332e-06,4.84999078168332e-06,4.84999078168332e-06,4.84999078168332e-06,0.0
1737769200.0,4.84999078168332e-06,4.84999078168332e-06,4.84999078168332e-06,4.84999078168332e-06,0.0
1737769260.0,4.84999078168332e-06,4.84999078168332e-06,4.84999078168332e-06,4.84999078168332e-06,0.0
1737769320.0,4.84999078168332e-06,4.84999078168332e-06,4.84999078168332e-06,4.84999078168332e-06,0.0
1737769380.0,4.84999078168332e-06,4.84999078168332e-06,4.84999078168332e-06,4.84999078168332e-06,0.0
1737769440.0,4.84999078168332e-06,4.84999078168332e-06,4.84999078168332e-06,4.84999078168332e-06,0.0
1737769500.0,4.84999078168332e-06,4.84999078168332e-06,4.84999078168332e-06,4.84999078168332e-06,0.0
1737769560.0,4.84999078168332e-06,4.84999078168332e-06,4.84999078168332e-06,4.84999078168332e-06,0.0
1737769620.0,4.84999078168332e-06,4.84999078168332e-06,4.84999078168332e-06,4.84999078168332e-06,0.0
1737769680.0,4.84999078168332e-06,4.84999078168332e-06,4.84999078168332e-06,4.84999078168332e-06,0.0
1737769740.0,4.84999078168332e-06,4.84999078168332e-06,4.84999078168332e-06,4.84999078168332e-06,0.0
1737769800.0,4.84999078168332e-06,4.84999078168332e-06,4.84999078168332e-06,4.84999078168332e-06,0.0
1737769860.0,4.84999078168332e-06,4.84999078168332e-06,4.84999078168332e-06,4.84999078168332e-06,0.0
1737769920.0,4.84999078168332e-06,4.84999078168332e-06,4.84999078168332e-06,4.84999078168332e-06,0.0
1737769980.0,4.84999078168332e-06,4.84999078168332e-06,4.84999078168332e-06,4.84999078168332e-06,0.0
1737770040.0,4.84999078168332e-06,4.84999078168332e-06,4.84999078168332e-06,4.84999078168332e-06,0.0
1737770100.0,4.84999078168332e-06,4.84999078168332e-06,4.84999078168332e-06,4.84999078168332e-06,0.0
1737770160.0,4.84999078168332e-06,4.84999078168332e-06,4.84999078168332e-06,4.84999078168332e-06,0.0
1737770220.0,4.84999078168332e-06,4.84999078168332e-06,4.84999078168332e-06,4.84999078168332e-06,0.0
1737770280.0,4.84999078168332e-06,4.84999078168332e-06,4.84999078168332e-06,4.84999078168332e-06,0.0
1737770340.0,4.84999078168332e-06,4.84999078168332e-06,4.84999078168332e-06,4.84999078168332e-06,0.0
1737770400.0,4.84999078168332e-06,4.84999078168332e-06,4.84999078168332e-06,4.84999078168332e-06,0.0
1737770460.0,4.84999078168332e-06,4.84999078168332e-06,4.84999078168332e-06,4.84999078168332e-06,0.0
1737770520.0,4.84999078168332e-06,4.84999078168332e-06,4.84999078168332e-06,4.84999078168332e-06,0.0
1737770580.0,4.84999078168332e-06,4.84999078168332e-06,4.84999078168332e-06,4.84999078168332e-06,0.0
1737770640.0,4.84999078168332e-06,4.84999078168332e-06,4.84999078168332e-06,4.84999078168332e-06,0.0
1737770700.0,4.84999078168332e-06,4.84999078168332e-06,4.84999078168332e-06,4.84999078168332e-06,0.0
1737770760.0,4.84999078168332e-06,4.84999078168332e-06,4.79790704868792e-06,4.79790704868792e-06,12.98832847075
1737770820.0,4.79790704868792e-06,4.79790704868792e-06,4.79790704868792e-06,4.79790704868792e-06,0.0
1737770880.0,4.79790704868792e-06,4.79790704868792e-06,4.79790704868792e-06,4.79790704868792e-06,0.0
1737770940.0,4.79790704868792e-06,4.79790704868792e-06,4.79790704868792e-06,4.79790704868792e-06,0.0
1737771000.0,4.79790704868792e-06,4.79790704868792e-06,4.78225341373273e-06,4.78225341373273e-06,1.29815406512
1737771060.0,4.78225341373273e-06,4.78225341373273e-06,4.78225341373273e-06,4.78225341373273e-06,0.0
1737771120.0,4.78225341373273e-06,4.78225341373273e-06,4.78225341373273e-06,4.78225341373273e-06,0.0
1737771180.0,4.78225341373273e-06,4.78225341373273e-06,4.78225341373273e-06,4.78225341373273e-06,0.0
1737771240.0,4.78225341373273e-06,4.78225341373273e-06,4.78225341373273e-06,4.78225341373273e-06,0.0
1737771300.0,4.78225341373273e-06,4.78225341373273e-06,4.78225341373273e-06,4.78225341373273e-06,0.0
1737771360.0,4.78225341373273e-06,4.78225341373273e-06,4.78225341373273e-06,4.78225341373273e-06,0.0
1737771420.0,4.78225341373273e-06,4.78225341373273e-06,4.78225341373273e-06,4.78225341373273e-06,0.0
1737771480.0,4.78225341373273e-06,4.78225341373273e-06,4.78225341373273e-06,4.78225341373273e-06,0.0
1737771540.0,4.78225341373273e-06,4.78225341373273e-06,4.78225341373273e-06,4.78225341373273e-06,0.0
1737771600.0,4.78225341373273e-06,4.78225341373273e-06,4.78225341373273e-06,4.78225341373273e-06,0.0
1737771660.0,4.78225341373273e-06,4.78225341373273e-06,4.78225341373273e-06,4.78225341373273e-06,0.0
1737771720.0,4.78225341373273e-06,4.78225341373273e-06,4.78225341373273e-06,4.78225341373273e-06,0.0
1737771780.0,4.78225341373273e-06,4.78225341373273e-06,4.78225341373273e-06,4.78225341373273e-06,0.0
1737771840.0,4.78225341373273e-06,4.78225341373273e-06,4.78225341373273e-06,4.78225341373273e-06,0.0
1737771900.0,4.78225341373273e-06,4.78225341373273e-06,4.78225341373273e-06,4.78225341373273e-06,0.0
1737771960.0,4.78225341373273e-06,4.78225341373273e-06,4.78225341373273e-06,4.78225341373273e-06,0.0
1737772020.0,4.78225341373273e-06,4.78225341373273e-06,4.78225341373273e-06,4.78225341373273e-06,0.0
1737772080.0,4.78225341373273e-06,4.78225341373273e-06,4.78225341373273e-06,4.78225341373273e-06,0.0
1737772140.0,4.78225341373273e-06,4.78225341373273e-06,4.78225341373273e-06,4.78225341373273e-06,0.0
1737772200.0,4.78225341373273e-06,4.78225341373273e-06,4.78225341373273e-06,4.78225341373273e-06,0.0
1737772260.0,4.78225341373273e-06,4.78225341373273e-06,4.78225341373273e-06,4.78225341373273e-06,0.0
1737772320.0,4.78225341373273e-06,4.78225341373273e-06,4.78225341373273e-06,4.78225341373273e-06,0.0
1737772380.0,4.78225341373273e-06,4.78225341373273e-06,4.78225341373273e-06,4.78225341373273e-06,0.0
1737772440.0,4.78225341373273e-06,4.78225341373273e-06,4.78225341373273e-06,4.78225341373273e-06,0.0
1737772500.0,4.78225341373273e-06,4.78225341373273e-06,4.78225341373273e-06,4.78225341373273e-06,0.0
1737772560.0,4.78225341373273e-06,4.78225341373273e-06,4.78225341373273e-06,4.78225341373273e-06,0.0
1737772620.0,4.78225341373273e-06,4.78225341373273e-06,4.78225341373273e-06,4.78225341373273e-06,0.0
1737772680.0,4.78225341373273e-06,4.78225341373273e-06,4.78225341373273e-06,4.78225341373273e-06,0.0
1737772740.0,4.78225341373273e-06,4.78225341373273e-06,4.78225341373273e-06,4.78225341373273e-06,0.0
1737772800.0,4.78225341373273e-06,4.78225341373273e-06,4.78225341373273e-06,4.78225341373273e-06,0.0
1737772860.0,4.78225341373273e-06,4.78225341373273e-06,4.78225341373273e-06,4.78225341373273e-06,0.0
1737772920.0,4.78225341373273e-06,4.78225341373273e-06,4.78225341373273e-06,4.78225341373273e-06,0.0
1737772980.0,4.78225341373273e-06,4.78225341373273e-06,4.78225341373273e-06,4.78225341373273e-06,0.0
1737773040.0,4.78225341373273e-06,4.78225341373273e-06,4.78225341373273e-06,4.78225341373273e-06,0.0
1737773100.0,4.78225341373273e-06,4.78225341373273e-06,4.78225341373273e-06,4.78225341373273e-06,0.0
1737773160.0,4.78225341373273e-06,4.78225341373273e-06,4.78225341373273e-06,4.78225341373273e-06,0.0
1737773220.0,4.78225341373273e-06,4.78225341373273e-06,4.78225341373273e-06,4.78225341373273e-06,0.0
1737773280.0,4.78225341373273e-06,4.78225341373273e-06,4.78225341373273e-06,4.78225341373273e-06,0.0
1737773340.0,4.78225341373273e-06,4.78225341373273e-06,4.78225341373273e-06,4.78225341373273e-06,0.0
1737773400.0,4.78225341373273e-06,4.78225341373273e-06,4.78225341373273e-06,4.78225341373273e-06,0.0
1737773460.0,4.78225341373273e-06,4.78225341373273e-06,4.78225341373273e-06,4.78225341373273e-06,0.0
1737773520.0,4.78225341373273e-06,4.78225341373273e-06,4.78225341373273e-06,4.78225341373273e-06,0.0
1737773580.0,4.78225341373273e-06,4.78225341373273e-06,4.78225341373273e-06,4.78225341373273e-06,0.0
1737773640.0,4.78225341373273e-06,4.78225341373273e-06,4.78225341373273e-06,4.78225341373273e-06,0.0
1737773700.0,4.78225341373273e-06,4.78225341373273e-06,4.78225341373273e-06,4.78225341373273e-06,0.0
1737773760.0,4.78225341373273e-06,4.78225341373273e-06,4.78225341373273e-06,4.78225341373273e-06,0.0
1737773820.0,4.78225341373273e-06,4.78225341373273e-06,4.78225341373273e-06,4.78225341373273e-06,0.0
1737773880.0,4.78225341373273e-06,4.78225341373273e-06,4.78225341373273e-06,4.78225341373273e-06,0.0
1737773940.0,4.78225341373273e-06,4.78225341373273e-06,4.78225341373273e-06,4.78225341373273e-06,0.0
1737774000.0,4.78225341373273e-06,4.78225341373273e-06,4.78225341373273e-06,4.78225341373273e-06,0.0
1737774060.0,4.78225341373273e-06,4.78225341373273e-06,4.78225341373273e-06,4.78225341373273e-06,0.0
1737774120.0,4.78225341373273e-06,4.78225341373273e-06,4.78225341373273e-06,4.78225341373273e-06,0.0
1737774180.0,4.78225341373273e-06,4.78225341373273e-06,4.78225341373273e-06,4.78225341373273e-06,0.0
1737774240.0,4.78225341373273e-06,4.78225341373273e-06,4.78225341373273e-06,4.78225341373273e-06,0.0
1737774300.0,4.78225341373273e-06,4.78225341373273e-06,4.78225341373273e-06,4.78225341373273e-06,0.0
1737774360.0,4.78225341373273e-06,4.78225341373273e-06,4.78225341373273e-06,4.78225341373273e-06,0.0
1737774420.0,4.78225341373273e-06,4.78225341373273e-06,4.78225341373273e-06,4.78225341373273e-06,0.0
1737774480.0,4.78225341373273e-06,4.78225341373273e-06,4.78225341373273e-06,4.78225341373273e-06,0.0
1737774540.0,4.78225341373273e-06,4.78225341373273e-06,4.78225341373273e-06,4.78225341373273e-06,0.0
1737774600.0,4.78225341373273e-06,4.78225341373273e-06,4.78225341373273e-06,4.78225341373273e-06,0.0
1737774660.0,4.78225341373273e-06,4.78225341373273e-06,4.78225341373273e-06,4.78225341373273e-06,0.0
1737774720.0,4.78225341373273e-06,4.78225341373273e-06,4.78225341373273e-06,4.78225341373273e-06,0.0
1737774780.0,4.78225341373273e-06,4.78225341373273e-06,4.78225341373273e-06,4.78225341373273e-06,0.0
1737774840.0,4.78225341373273e-06,4.78225341373273e-06,4.78225341373273e-06,4.78225341373273e-06,0.0
1737774900.0,4.78225341373273e-06,4.78225341373273e-06,4.78225341373273e-06,4.78225341373273e-06,0.0
1737774960.0,4.78225341373273e-06,4.78225341373273e-06,4.78225341373273e-06,4.78225341373273e-06,0.0
1737775020.0,4.78225341373273e-06,4.78225341373273e-06,4.78225341373273e-06,4.78225341373273e-06,0.0
1737775080.0,4.78225341373273e-06,4.78225341373273e-06,4.78225341373273e-06,4.78225341373273e-06,0.0
