time,open,high,low,close,volume,usd_vol,price_change,vol_change,norm_open,mov_in_min
1729853880.0,6.91033929425382e-05,9.479214195081195e-05,5.3279927365669394e-05,8.313437923867162e-05,11246.674238397718,0.8560843152507366,0.20304337744748152,0.0,1.0,0.6007261411847226
1729853940.0,8.313437923867162e-05,9.837983584464002e-05,6.675187351772596e-05,8.322229811407281e-05,27472.47277846829,2.285114645044852,0.0010575513548827988,1.6692635343699407,1.2030433774474816,0.3804438382358387
1729854000.0,8.322229811407281e-05,0.0001485282086691,8.322229811407281e-05,0.0001306082215134,55346.813759458746,5.917418972955013,0.5693897485788642,1.5895501504865928,1.204315657601284,0.7847165006848569
1729854060.0,0.0001306082215134,0.0001533044218434,0.0001014550963412,0.0001259075318491,39645.94765410801,5.084905065131878,-0.035990763903157016,-0.14068868735306037,1.8900406470924684,0.3969836270749649
1729854120.0,0.0001259075318491,0.0001840631304119,0.0001185507624709,0.0001776800417191,40247.13298453573,6.109264722925936,0.41119470066373226,0.20145108800915068,1.8220166403955933,0.5203212784721765
1729854180.0,0.0001776800417191,0.0001901990546151,0.0001436249966647,0.0001514696081094,44283.24615917199,7.287907483280364,-0.14751478757044037,0.19292710560264215,2.571220227447398,0.26212318220878406
1729854240.0,0.0001514696081094,0.0002292624771922,9.701502830918408e-05,0.000126677197191,40518.67207590806,5.635069596464177,-0.16367911178916827,-0.22679183162081346,2.191927221798676,0.8730956033602416
1729854300.0,0.000126677197191,0.0002668013539215,0.0001250264753484,0.0001594368393469,65828.59417198776,9.41724239908135,0.25860725436248816,0.6711847543090439,1.8331545210281694,1.1191823131304066
1729854360.0,0.0001594368393469,0.000252085797193,0.0001590043004358,0.0002333522564424,21349.301909251415,4.19288649633382,0.46360312584142527,-0.5547649387528949,2.3072215785334462,0.5838142372772134
1729854420.0,0.0002333522564424,0.0003648346548712,0.0001892937731903,0.0002373922529758,53855.842197894715,12.67617100737597,0.017312866800571283,2.02325641737733,3.3768567143503394,0.7522570570224163
1729854480.0,0.0002373922529758,0.000297789177313,0.0002373922529758,0.0002854338992494,28534.301782403218,7.45923960366327,0.20237242652774107,-0.4115541988726003,3.4353197848505017,0.25441826167493736
1729854540.0,0.0002854338992494,0.0002856504028833,0.0002143307914705,0.0002424780837466,25885.03113123975,6.8325090572029845,-0.15049304100094657,-0.08402070180886732,4.1305337856094555,0.24986384448500265
1729854600.0,0.0002424780837466,0.0003312248888604,0.0002424780837466,0.0002996655703068,28678.02074257382,7.773803478199085,0.2358460017358244,0.1377670213263408,3.508917195255936,0.36599928431694567
1729854660.0,0.0002996655703068,0.0003568787251836,0.0002672784748772,0.000273223849327,25233.464917089328,7.2279925358505785,-0.0882374339925963,-0.07021156939189198,4.336481286179132,0.2990008168594963
1729854720.0,0.000273223849327,0.0003950457223954,0.0002509336342446,0.0003231023349615,49688.508408227906,14.8152793110328,0.18255538730370638,1.049708717538038,3.953841304929772,0.527450617893622
1729854780.0,0.0003231023349615,0.0003971280517224,0.0002973330507372,0.0003713743143339,26037.481515773343,9.041211459582593,0.14940151818510358,-0.38973736034462153,4.675636335688618,0.30886499473020285
1729854840.0,0.0003713743143339,0.0004851443847881,0.0003132039254154,0.0004569401766133,44949.73151042789,18.616256987136698,0.23040328578693345,1.059044528530047,5.374183502721932,0.4629842526430344
1729854900.0,0.0004569401766133,0.0005941421747548,0.0003563586735744,0.0005766422726847,73316.02022437341,37.88907587814479,0.26196448068671707,1.0352682015683956,6.612413040170996,0.5203821273558787
1729854960.0,0.0005766422726847,0.0006157195404238,0.0004588587163822,0.0004991541976808,58607.18428359044,31.5247009951735,-0.1343780688209609,-0.1679738746714166,8.344630388325468,0.2720244967669399
1729855020.0,0.0004991541976808,0.0006246743685412,0.0004647407346277,0.0006227578531567,34377.43305932889,19.284228213060274,0.24762619657451462,-0.3882819628959294,7.223295071717587,0.32040927364047667
1729855080.0,0.0006227578531567,0.0006970088262542,0.000483769865343,0.0005641687751743,54081.338108392265,32.09529014831142,-0.09408003076222575,0.6643284757735254,9.011972157062448,0.3424107136189646
1729855140.0,0.0005641687751743,0.0005950529942281,0.0003303043650185,0.0003898524769581,107629.13802438031,51.340242511975106,-0.3089789897754354,0.5996192050214629,8.164125539297691,0.46927203500017517
1729855200.0,0.0003898524769581,0.0005786808170703,0.00035610836705,0.0005512732535926,71721.83876606429,33.749633952575884,0.41405604985254174,-0.3426280768988618,5.641582277765659,0.5709145463354882
1729855260.0,0.0005512732535926,0.000573760329378,0.0004640377356044,0.0005055265874161,41321.57481766958,21.834316848771156,-0.08298364899507261,-0.3530502618353676,7.977513550615413,0.19903485804643598
1729855320.0,0.0005055265874161,0.0008559866470339,0.0004927836916905,0.0006957709038413,134237.77242780192,80.62974962475012,0.37632900259034163,2.6927992839532324,7.3155103662777075,0.7184645958975978
1729855380.0,0.0006957709038413,0.0011323892138355,0.0005145802795097,0.0009173945390213,241636.15927220092,194.89955094197887,0.3185296107618645,1.4172163729769598,10.068549085858303,0.8879487930796218
1729855440.0,0.0009173945390213,0.0010864426922825,0.000682943205444,0.0009250561688955,149891.92338657967,138.08424017730724,0.008351510226312852,-0.2915107320159266,13.275680107113473,0.4398320130278555
1729855500.0,0.0009250561688955,0.0009458700020041,0.0007843659220307,0.000904186536921,51947.76988440048,47.512539572236804,-0.022560394358991074,-0.6559162760990808,13.38655208528929,0.17458840382225968
1729855560.0,0.000904186536921,0.0010872432497814,0.0006589256805741,0.0009977969107251,106873.5488670515,101.63586046816428,0.10352993545211212,1.1391376125799342,13.08454619113799,0.47370487362689273
1729855620.0,0.0009977969107251,0.0017516127871406,0.0007768133439981,0.0012225263454631,199194.78219103024,221.13840370504374,0.2252256269010584,1.1757911300835753,14.439188413726685,0.9769517550762031
1729855680.0,0.0012225263454631,0.0020596641299719,0.0010467586744562,0.0012593333890784,421346.7239411607,522.86173421527,0.03010736230911839,1.3644094623775405,17.691263676150776,0.8285346645286452
1729855740.0,0.0012593333890784,0.0014248014115464,0.0010988678897253,0.0012522533721777,146657.1231123088,184.17104442639038,-0.005622035405478538,-0.647763390635574,18.223900961354794,0.2588143256168435
1729855800.0,0.0012522533721777,0.0014285484088745,0.000975372963138,0.0010833941871125,125601.72865194811,146.6806854842763,-0.13484426460082077,-0.20356272105031287,18.12144554492412,0.3618879819412397
1729855860.0,0.0010833941871125,0.0013647063096586,0.0009642961795076,0.0012233548844978,144856.63814451,167.0739577782188,0.12918723309595004,0.1390317493173197,15.67787254691501,0.3695885901125121
1729855920.0,0.0012233548844978,0.00132257217935,0.0009527706736102,0.0009932753927706,87489.89170241654,96.96637145125493,-0.18807256556763577,-0.4196200728064856,17.703253522081916,0.3022847339115399
1729855980.0,0.0009932753927706,0.001163100535106,0.0006724038149182,0.0008410511239177,218863.234165246,200.7333169787357,-0.15325484750839552,1.0701333253420182,14.373757213289684,0.49401880259921815
1729856040.0,0.0008410511239177,0.0011509858313877,0.0007122509252956,0.0009395763655101,186635.84115633077,166.16445463772146,0.1171453658292014,-0.17221287856602413,12.170909243444274,0.5216506982933796
1729856100.0,0.0009395763655101,0.0010249535895275,0.0008049716120209,0.0009256691295247,50532.254441062,47.12752997507158,-0.014801602611459488,-0.716380196487745,13.596674859241562,0.23412889636402348
1729856160.0,0.0009256691295247,0.0010083265914236,0.0006952645590749,0.0008601188284257,124962.264784861,111.57805382550706,-0.07081396473992595,1.367576953099961,13.395422281137847,0.33820079158245964
1729856220.0,0.0008601188284257,0.0009364901724436,0.0006833995886481,0.0007091623856962,93767.61421194058,73.57387773791402,-0.17550649717295447,-0.34060619256745966,12.446839320044933,0.2942507191230064
1729856280.0,0.0007091623856962,0.0008902268109016,0.0006631969990986,0.0008746620612375,51847.60039070453,41.05874850682354,0.2333734542037582,-0.4419385008754923,10.26233815010925,0.32013797739726424
1729856340.0,0.0008746620612375,0.0012349419021797,0.0007960922373912,0.0010838412602855,76275.29584368927,74.69271013000746,0.2391543069240326,0.8191667512124559,12.657295452407249,0.5017362524763007
1729856400.0,0.0010838412602855,0.0013378289874358,0.0008557440423977,0.0011160738945162,141473.46827896734,155.61481343462893,0.029739257409530057,1.0834002831571028,15.684342173860415,0.4447929440434031
1729856460.0,0.0011160738945162,0.001215282265075,0.0009520295357886,0.0011136073186099,41021.34299875497,45.73225891076291,-0.0022100471289755535,-0.7061188591150789,16.150782863068,0.23587392428035941
1729856520.0,0.0011136073186099,0.0015215408746097,0.0010214540568392,0.0011727994323855,59800.42914012159,68.36405244919801,0.0531534884751734,0.49487591642031925,16.115088871770766,0.44906926293799077
1729856580.0,0.0011727994323855,0.0015012840201758,0.001001603772706,0.0010892110995845,61562.77831504061,69.6278264629781,-0.07127248742863002,0.018485943540564917,16.97166206239283,0.42605771598425757
1729856640.0,0.0010892110995845,0.0012661730314836,0.0009537359961084,0.001145727427334,77110.74017941489,86.16888203308835,0.05188739608975636,0.23756386505767646,15.76204949140798,0.28684709097656547
1729856700.0,0.001145727427334,0.0013594271238215,0.0010052893047676,0.0012985058927484,44971.31359550166,54.96019156899991,0.13334625825437485,-0.3621805195535029,16.57990119655501,0.3090943016681947
1729856760.0,0.0012985058927484,0.0017096893914897,0.0012563778470141,0.0015894055602415,114979.21956070632,166.02490251260204,0.22402645156841422,2.0208210301480785,18.79076898334285,0.349102416097725
1729856820.0,0.0015894055602415,0.0017595620716807,0.0014200566579461,0.0017544548304295,60358.25624486927,100.91479115359444,0.10384339549115573,-0.39217075495084514,23.00039828092297,0.21360527622856323
1729856880.0,0.0017544548304295,0.001888627268962,0.0014911311717751,0.0015343636540279,85474.74756366097,140.55546487084916,-0.12544704633274634,0.3928133157102886,25.38883773606295,0.22656388200635
1729856940.0,0.0015343636540279,0.0019959654369269,0.001327469735962,0.0015329016568535,147921.28992773223,226.85692066808164,-0.0009528361614680514,0.6140028484593713,22.203883032252484,0.43568270090992695
1729857000.0,0.0015329016568535,0.0019324731859879,0.0012899367422999,0.0016631137424642,78507.74082294402,125.45597431788596,0.08494483976094011,-0.4469819393279925,22.182726369574347,0.4191635130768259
1729857060.0,0.0016631137424642,0.0019131081680234,0.0014675563628802,0.0017266494437801,75156.5133990309,127.3813911632557,0.03820285990888415,0.015347350780529841,24.06703450649862,0.26790218477963845
1729857120.0,0.0017266494437801,0.0018493893136488,0.0015307665154053,0.0017463365501488,53883.73176600116,93.56872286197189,0.011401912785260987,-0.26544433211557966,24.986464054172668,0.18453241877861953
1729857180.0,0.0017463365501488,0.0018387495776364,0.0015387953987734,0.0017738567801551,44724.37519334286,78.71922362880737,0.015758835262283756,-0.15870152737971846,25.271357538130403,0.17176195438241376
1729857240.0,0.0017738567801551,0.0019778474435641,0.001701835029222,0.001809238284077,57699.94344255393,103.37219127774314,0.01994608827371416,0.31317595007268334,25.669604698428074,0.15560016875655897
1729857300.0,0.001809238284077,0.0018732074395479,0.0014901601222089,0.0015265136097432,88196.0972625506,147.10014923555184,-0.15626724065151798,0.4230147142795809,26.181612899694265,0.2117174507692972
1729857360.0,0.0015265136097432,0.0021422384645351,0.0013506436444662,0.0015642563820444,131832.53530551065,203.73202203177584,0.024724818737482095,0.38498854753396095,22.090284496052856,0.5185638798215938
1729857420.0,0.0015642563820444,0.0016768650254194,0.0013821119441914,0.0014110640568708,54316.773581396184,80.80490330632863,-0.09793300313941232,-0.6033765212730006,22.636462776077174,0.18843016056151435
1729857480.0,0.0014110640568708,0.0022416813514083,0.0011902193884992,0.0017191382487877,176585.55810550656,276.3742605639248,0.2183275737319045,2.4202659647546314,20.419605995962417,0.7451553724930393
1729857540.0,0.0017191382487877,0.0023626323901655,0.0016121086012584,0.0019914567474592,149905.7890500413,278.11983537876324,0.15840407184444494,0.006315981854738245,24.877769029622343,0.43656976943905107
1729857600.0,0.0019914567474592,0.0023502056366596,0.0018874315242332,0.0022194979952138,148677.44110170222,313.0369878678493,0.11450976680540326,0.12554714927661814,28.818508942320147,0.2323796954248846
1729857660.0,0.0022194979952138,0.0023305286286148,0.0017753678093401,0.0019099205542961,102738.0445430464,212.12419343821506,-0.13948083827301624,-0.32236699923855405,32.11850968098465,0.250129002356329
1729857720.0,0.0019099205542961,0.0022314698035321,0.0016658125928246,0.001951954425652,66468.67916382827,128.346864506493,0.022008177911563273,-0.39494471410270177,27.638593026600926,0.2961679266894809
1729857780.0,0.001951954425652,0.0020750197714126,0.001656212702908,0.0018588681398586,84925.23819457201,161.81750704661886,-0.047688759824557364,0.26078270527935327,28.246868099155652,0.21455781087957945
1729857840.0,0.0018588681398586,0.0018744241518229,0.0014930930887481,0.0017295063283632,80031.66843382182,143.59179782855938,-0.06959170945026814,-0.11263125696781831,26.899809990579065,0.20514153473188632
1729857900.0,0.0017295063283632,0.0018202541912911,0.0014624657922234,0.0018165515145708,96309.668523375,170.75982770884386,0.05032949852804497,0.18920321558144704,25.02780622944727,0.20687313668653068
1729857960.0,0.0018165515145708,0.0021047610147792,0.001607181809053,0.0020684692775858,63169.87538675474,122.70813965774181,0.13867911864559546,-0.28139925353539924,26.28744316623243,0.27391417294530407
1729858020.0,0.0020684692775858,0.0024308649686724,0.0017485600748632,0.0020693331585387,101979.28126572394,210.98505922776909,0.0004176426318055494,0.7194055733894241,29.93296261597172,0.32985981527632247
1729858080.0,0.0020693331585387,0.0022635264384757,0.0018806589038151,0.0021241808743411,77760.15759587914,163.04415603863197,0.026505019540271613,-0.227224161580951,29.945463897256396,0.18501976498118328
1729858140.0,0.0021241808743411,0.0023834630813965,0.0017067085116453,0.0018937156170998,147666.8608636591,296.6550810830937,-0.10849606077579817,0.8194769336768116,30.739169002995673,0.31859554801853796
1729858200.0,0.0018937156170998,0.0019609915367217,0.001597852895018,0.0019519227957217,67541.18098667871,129.8694800248504,0.030737022019728253,-0.5622206113891787,27.404090254649123,0.1917598600469072
1729858260.0,0.0019519227957217,0.0019879038162458,0.0016942030147234,0.0017082275193285,61017.41109015494,111.66644821258909,-0.1248488295373878,-0.14016404630847965,28.246410380236895,0.1504674273829605
1729858320.0,0.0017082275193285,0.0017993595491528,0.0012278228641346,0.0014172929241821,122048.14474317676,190.7319857436699,-0.17031372686278087,0.7080509749943591,24.7198791056316,0.3345787833009912
1729858380.0,0.0014172929241821,0.0015984367011606,0.0012938284661105,0.0015644510467509,96789.12849415126,144.30020016964747,0.10383042210820513,-0.24343995262768048,20.50974436755409,0.21492256812464172
1729858440.0,0.0015644510467509,0.0016973587528319,0.0013872507223932,0.0015126831048983,75762.31564223855,116.5654044353793,-0.03309016409309397,-0.1922020600225195,22.639279782568618,0.19822162609865102
1729858500.0,0.0015126831048983,0.0017222580861354,0.0011368139020833,0.0012727038616071,166150.13013039736,231.39620347419248,-0.15864475679943174,0.9851190376341228,21.890142299613956,0.3870236814018362
1729858560.0,0.0012727038616071,0.0013921883466752,0.0010018182518898,0.0013559473137224,132853.55104312775,174.61282154810775,0.06540677264087565,-0.24539461353961997,18.41738599818675,0.30672500222672555
1729858620.0,0.0013559473137224,0.0015767145114074,0.0011110322991418,0.0014239025064312,123503.76182747204,171.66095505219562,0.050116396132123146,-0.016905210452136565,19.622007776809394,0.3434368043306867
1729858680.0,0.0014239025064312,0.0016278086645832,0.00126791149517,0.0013796188402018,79915.16181482663,112.02193103374842,-0.031100209480205504,-0.34742334970880956,20.605392091459574,0.25275408097653307
1729858740.0,0.0013796188402018,0.0017138909831866,0.0013561670963251,0.0015305786772305,72663.19490039685,105.73212470391714,0.10942140874693969,-0.056147990592452596,19.96456008099341,0.25929182498636727
1729858800.0,0.0015305786772305,0.001894050788232,0.0015305786772305,0.0016825259124779,47491.58352726932,76.29771250199444,0.09927437086889267,-0.27838665196928764,22.149110370068627,0.23747365385958677
1729858860.0,0.0016825259124779,0.0022269438008637,0.0015891880641486,0.0016050955425903,76438.43222854633,125.65031489317273,-0.04602031345452878,0.6468424907219624,24.347949367362858,0.3790466060495083
1729858920.0,0.0016050955425903,0.0018718073258255,0.0015698467137513,0.0016965759941158,41777.73342177377,68.9681766533828,0.0569937733288257,-0.45111019648443224,23.227449105501822,0.18812625420845447
1729858980.0,0.0016965759941158,0.0018425053511002,0.0016207988810204,0.0016644885699917,35591.16059954812,59.81209434330012,-0.018913048537400046,-0.13275807414916757,24.55126907482763,0.13067877351131935
1729859040.0,0.0016644885699917,0.0019643323008944,0.001464229624214,0.0014984484019405,44858.66325849518,70.9425622658755,-0.09975446575282158,0.18609058995143116,24.086929731160645,0.30045425705920825
1729859100.0,0.0014984484019405,0.0018203266005269,0.0013192200615166,0.0016484392864981,62382.02569479803,98.15461431941017,0.10009746372538474,0.38357864706874434,21.68415092420296,0.3344169464636646
1729859160.0,0.0016484392864981,0.0021925894909273,0.0016376506756745,0.0019441670695334,126707.82650459168,227.60567142966633,0.1793986502612032,1.3188484108246055,23.854679434754136,0.3366449828017004
1729859220.0,0.0019441670695334,0.0020223922990701,0.0016413851991257,0.0019721713430665,60909.21060915843,119.27054059489227,0.014404252582994912,-0.47597729069880096,28.134176727762707,0.19597446429119977
1729859280.0,0.0019721713430665,0.0020118639243128,0.001540294864303,0.0016387743180617,50455.66862963224,91.09633885874638,-0.16905074002667841,-0.23622096114949984,28.53942851556402,0.23911160745118834
1729859340.0,0.0016387743180617,0.0021945734913217,0.0016084497427053,0.0018422866689723,75406.93260813513,131.2480656270406,0.12418570920205113,0.44076114662031957,23.714817005069435,0.3576598328131308
1729859400.0,0.0018422866689723,0.0019737431800235,0.0015929018823512,0.0019459519246223,67675.29750072992,128.18508691263062,0.05626988318155101,-0.023337324628569033,26.659858373440844,0.2067220612765701
1729859460.0,0.0019459519246223,0.0021875821160779,0.0018686646859517,0.0021474366470763,67660.735632353,138.480840995097,0.10354044203487058,0.08031943754489813,28.160005489751054,0.16388762029056814
1729859520.0,0.0021474366470763,0.0024159144347702,0.0019325819428219,0.002315483250807,62251.58001068267,138.911907552175,0.07825451053910834,0.0031128245176764895,31.07570490586426,0.22507415648622234
1729859580.0,0.002315483250807,0.002931125029831,0.002201567790314,0.0025508183610664,183355.66918620712,446.1319942534828,0.10163541894651171,2.2116180831072136,33.507518982930435,0.31507774425175905
1729859640.0,0.0025508183610664,0.0029935323148068,0.00234670569642,0.002498426709223,116093.06013515742,293.0911557911272,-0.020539154274198185,-0.34303937048594857,36.913069712618764,0.253576118260489
1729859700.0,0.002498426709223,0.0027841627711065,0.0024583413995967,0.0025972579637703,73242.78129652324,186.6110590300469,0.03955739593339369,-0.3633002724823394,36.154906479057054,0.13041061813301258
1729859760.0,0.0025972579637703,0.0030283092008635,0.0024481651808557,0.0027512215073315,65547.37812141057,175.28940313345583,0.05927926517460721,-0.06066980143319442,37.58510042958394,0.22336788570883273
1729859820.0,0.0027512215073315,0.0033027521769559,0.0024401414721135,0.0028654170898189,236675.66275347632,664.6608312136633,0.04150722949173294,2.7917912853387183,39.813117564563484,0.31353735151593604
1729859880.0,0.0028654170898189,0.0033641995096392,0.0024874348343454,0.0029733342588097,207903.4245680092,606.948200290484,0.03766194086516758,-0.08683019701611823,41.465649772097166,0.30598151955225955
1729859940.0,0.0029733342588097,0.0029733342588097,0.0023671638030811,0.0024417078623821,57782.9383740853,156.44852259095094,-0.17879805973796675,-0.7422374388521541,43.02732662174964,0.2038689238966577
1729860000.0,0.0024417078623821,0.0026966745199783,0.0022067558318812,0.0024100966392499,104173.6994393556,252.71521194576223,-0.012946357596342693,0.6153250140080223,35.33412410606904,0.20064590676263017
1729860060.0,0.0024100966392499,0.0030532751449297,0.0023207506592213,0.0026947206471201,71511.94290663007,182.52770116583483,0.11809651249452975,-0.27773362054275963,34.876675900038315,0.3039398809901604
1729860120.0,0.0026947206471201,0.0029341392010895,0.0025708187010874,0.0027908949269285,83068.83529247834,227.84184829924857,0.0356898886388032,0.24825901407832748,38.99548969123486,0.13482677708740903
1729860180.0,0.0027908949269285,0.0032555451134226,0.0022678151891559,0.0026104741771738,94031.86396968816,253.95040242351195,-0.06464619932978297,0.11459068787913043,40.38723437573063,0.35391154096716193
1729860240.0,0.0026104741771738,0.002882512528499,0.0021627511867934,0.0022426716914123,131285.1817773636,318.5730687746937,-0.1408948952560401,0.2544696355448605,37.776353171898485,0.27572053690446446
1729860300.0,0.0022426716914123,0.0024319246108652,0.0019719206801316,0.0021928683202862,87673.71033203916,194.44012507591194,-0.022207160912945265,-0.38965297404525123,32.45385784858867,0.20511425390308322
1729860360.0,0.0021928683202862,0.0023099933177091,0.0018706776597831,0.0021628343185739,99561.25882945128,216.82961890583718,-0.013696217613458938,0.11514852616549232,31.73314980509921,0.20033836681477676
1729860420.0,0.0021628343185739,0.0022272010716307,0.0019303788752317,0.0021077615440553,88188.99938453083,188.30978795049322,-0.025463242397093636,-0.13153106618579308,31.298525679808076,0.1372376024598659
1729860480.0,0.0021077615440553,0.0023073069003207,0.0012617339804261,0.0015580754310791,291531.56261229614,534.3535908214322,-0.2607914137756838,1.8376304632763656,30.501563733751464,0.49605844780853814
1729860540.0,0.0015580754310791,0.0018198139071382,0.0011183065779234,0.0013527997775491,191115.71264226403,278.1569949548387,-0.13174949648479417,-0.4794514349061577,22.547017805257294,0.4502396451556562
1729860600.0,0.0013527997775491,0.0019487815176409,0.0011682251704931,0.0014025804223312,373490.9327481416,514.554760464527,0.03679823548780354,0.8498717263898743,19.576459562180958,0.5769932551008788
1729860660.0,0.0014025804223312,0.0016923160253292,0.00122025991668,0.0014682342062918,164043.16463789708,235.4687583840431,0.04680928302954502,-0.5423834808729243,20.296838731167554,0.33656259643536546
1729860720.0,0.0014682342062918,0.0015451661359776,0.0011430654062121,0.0012546593082287,93872.5749667811,127.80251278419384,-0.14546378033413948,-0.45724216808519696,21.246919199939807,0.27386688584313346
1729860780.0,0.0012546593082287,0.0013187376218789,0.0004016473206367,0.0007757182042276,204748.6101249491,207.8584868521895,-0.38173000499813636,0.6264037562639903,18.156262012662552,0.7309476725892448
1729860840.0,0.0007757182042276,0.0008652979776659,0.0005953933417528,0.0006859091232466,181027.4042914166,132.29730056702738,-0.11577539432689345,-0.3635222570387252,11.225472023821403,0.3479416035902496
1729860900.0,0.0006859091232466,0.0010785277565436,0.0006859091232466,0.0008842622980177,105725.42088217166,83.00351718516288,0.2891828786767537,-0.3725985577225757,9.92583857375797,0.572406197833652
1729860960.0,0.0008842622980177,0.0010478352849869,0.000767483133014,0.0009036498038485,114176.14429027236,102.06845506049969,0.02192506213853298,0.22968831348203064,12.796221145798063,0.317046370292368
1729861020.0,0.0009036498038485,0.0009694017432022,0.0006603374786603,0.0007393434116116,97369.36118729472,79.9885999122046,-0.18182529508349954,-0.21632398702623204,13.076779089558094,0.3420177409718287
1729861080.0,0.0007393434116116,0.0007530218208852,0.0005427563365454,0.0006038556867197,65504.70546879505,43.99293066107144,-0.1832541181324219,-0.450009992556964,10.699089872857458,0.2843948847552035
1729861140.0,0.0006038556867197,0.0006150581801964,0.0004885046611171,0.000556681082363,71621.32744473891,41.55959197506571,-0.07812231530510974,-0.05531203876260399,8.738437593387438,0.20957576762549243
1729861200.0,0.000556681082363,0.000665033771751,0.0005465027932842,0.0006633068241353,44793.47939049947,27.323751573195104,0.19153828852903534,-0.342540427500145,8.055770616442802,0.2129243874493807
1729861260.0,0.0006633068241353,0.0007686341482907,0.0006092630703674,0.0007545137245645,33666.416288443346,23.866468407418317,0.13750333497337242,-0.12653032496344385,9.598759133098747,0.24026750837526695
1729861320.0,0.0007545137245645,0.0008617645778304,0.0006703007147051,0.0008282238628164,66169.79168591673,52.36470822523229,0.09769224316555006,1.194070246645959,10.918620525505942,0.25375795945370183
1729861380.0,0.0008282238628164,0.0009293780650751,0.0006671204579136,0.0007550007789333,118560.6881263764,93.85410149224009,-0.0884097732153028,0.7923159447113247,11.985285056916034,0.316650629057807
1729861440.0,0.0007550007789333,0.0008245742028991,0.0006415308643185,0.0008047747180198,47619.0138560626,37.1374855008783,0.0659256791189314,-0.6043062060111583,10.925668723113331,0.24244125792719323
1729861500.0,0.0008047747180198,0.0009367720668464,0.0007700405546498,0.0008539100123778,48060.37583632513,39.85850576844115,0.06105471911307118,0.07326883419445555,11.645950853513044,0.20717787035712762
1729861560.0,0.0008539100123778,0.0008965200572446,0.0007222756178714,0.0008033923965576,59053.228729377515,48.93452911430526,-0.05916035072539846,0.2277060609996639,12.356991111678916,0.20405480302075224
1729861620.0,0.0008033923965576,0.0009170290647685,0.0005984317914415,0.0006548857635576,76162.20681820136,55.53284141458001,-0.1848494380035531,0.134839599352471,11.625947183601358,0.3965649596537573
1729861680.0,0.0006548857635576,0.0006720626527262,0.0005390362148819,0.0005427035754436,33835.23851468212,20.26036046387305,-0.17130039215478093,-0.6351643469380671,9.476897380453657,0.20312922535015485
1729861740.0,0.0005427035754436,0.0006759024267877,0.0004026260328001,0.0005421455412721,99388.91879651784,53.9109903838654,-0.0010282485628435604,1.6609097345526482,7.8535011427713295,0.5035463305437539
1729861800.0,0.0005421455412721,0.0005833975146087,0.0004920642335228,0.0005258879290021,27425.593893085552,14.645726109981537,-0.02998754214938822,-0.7283350573658772,7.845425791507984,0.16846635106800645
1729861860.0,0.0005258879290021,0.0005268527999385,0.0004127841816916,0.0004323414790074,36198.88567294016,17.34341839449251,-0.17788286217599508,0.18419655428844928,7.610160754905241,0.21690670569935147
1729861920.0,0.0004323414790074,0.0005155180482971,0.000366462610768,0.000367710263466,38319.59738987038,15.328830331322475,-0.14949112837793146,-0.11615864977401323,6.256443578203266,0.3447632132621464
1729861980.0,0.000367710263466,0.0005036649289995,0.0003328177880998,0.0004540352622691,58300.55603819587,23.954110536127963,0.2347636369716995,0.5626835197712932,5.3211607680647965,0.46462434659645335
1729862040.0,0.0004540352622691,0.0004549200583785,0.000343110582606,0.0003555300205013,24750.289599285952,10.01848759904761,-0.21695504722586367,-0.5817633226690855,6.57037582288681,0.24625725150447053
1729862100.0,0.0003555300205013,0.0005014350827181,0.00034386241574,0.0003581759493477,45547.253847275344,16.25367349051412,0.007442209360180768,0.6223679801788893,5.144899625940729,0.44320495567693935
1729862160.0,0.0003581759493477,0.0003581759493477,0.0002480346300607,0.0002906189040384,75868.69300505334,24.611608777404307,-0.1886141306593394,0.5142182345282128,5.183189046094095,0.3075061837278195
1729862220.0,0.0002906189040384,0.0003177414408858,0.0002269465210624,0.0003163569382619,33923.16483847629,10.295270775663033,0.08856283560996148,-0.5816904588084048,4.205566350122047,0.3124191804515343
1729862280.0,0.0003163569382619,0.000323244710254,0.0002689146042756,0.0002784472863089,22737.169474486185,6.76208222910331,-0.11983189672172134,-0.3431855872029922,4.578023231434692,0.17173672964751655
1729862340.0,0.0002784472863089,0.0003126773881169,0.000269468332011,0.0002944511944158,16316.85010190406,4.673949316796751,0.057475539873445974,-0.30880028393021436,4.029430024375769,0.15517858578792296
1729862400.0,0.0002944511944158,0.0003030031950775,0.0002520167629475,0.0002761655170589,14707.133264611426,4.19606800933637,-0.06210087683012912,-0.10224357926668584,4.261023690409038,0.1731574980742006
1729862460.0,0.0002761655170589,0.000334152454963,0.0002632723784068,0.0002954461207826,15451.457631787409,4.416116501972272,0.06981539161381925,0.05244159345041309,3.9964103830406845,0.25665795393667074
1729862520.0,0.0002954461207826,0.0004069578672104,0.0002904555435301,0.0003590831270352,47873.61892292984,15.667341891970631,0.21539293216656055,2.547764621919162,4.275421338982203,0.3943268010143435
1729862580.0,0.0003590831270352,0.0003843290347729,0.0002996300416352,0.0003078145610257,21929.75264068561,7.3124506679103245,-0.1427763159823276,-0.5332679456201892,5.196316877433063,0.23587572559319153
1729862640.0,0.0003078145610257,0.0003367596071323,0.0002520060628343,0.000257987750748,17803.884758542903,5.036739577468058,-0.16187281755504698,-0.3112104537578501,4.454405896996378,0.27533962011278534
1729862700.0,0.000257987750748,0.0002795667403297,0.0002425964291022,0.0002574906028794,19626.296692232205,5.058465553357372,-0.00192702121383115,0.0043134999447868565,3.7333586639157574,0.14330258363162476
1729862760.0,0.0002574906028794,0.0003593333588531,0.0002568498166969,0.0003104962384103,22653.74946308341,6.433515800452493,0.20585464066712394,0.27183149367943815,3.7261644025715515,0.3980088632756817
1729862820.0,0.0003104962384103,0.0003320871069825,0.0002968016686849,0.0003320871069825,11992.852489882647,3.8532036368755813,0.06953665101626481,-0.401073416714921,4.493212636729547,0.11364207978253399
1729862880.0,0.0003320871069825,0.0004356778787075,0.0003299095990646,0.0003584623843194,29648.132325185128,10.236751347604004,0.07942276825065028,1.6566857898807037,4.805655595791681,0.3184955917257988
1729862940.0,0.0003584623843194,0.0003641590658895,0.0003026841236336,0.0003450738248275,23782.991917081737,8.366097987757525,-0.03734997053406422,-0.18273896633079015,5.187334066468684,0.17149621534940215
1729863000.0,0.0003450738248275,0.0003450738248275,0.0002492024156024,0.0002492024156024,11657.775745756897,3.4639695709816416,-0.27782869150688394,-0.5859515898510131,4.9935872919357305,0.27782869150688394
1729863060.0,0.0002492024156024,0.0002765868941921,0.0002444658215755,0.000275271105675,7995.257746041209,2.096650491793321,0.10460849670972826,-0.3947260653334322,3.6062254686918225,0.12889551065929009
1729863120.0,0.000275271105675,0.0003165141892844,0.0002728295594096,0.0002941297904162,13176.800469819282,3.7514409975650223,0.06850949610187418,0.789254342699872,3.9834672937680096,0.15869675012813164
1729863180.0,0.0002941297904162,0.0003108525363532,0.0002747373430717,0.0003104915009588,11303.36860878666,3.4171286625661135,0.055627519128367754,-0.0891157118600302,4.256372630802352,0.1227865876162908
1729863240.0,0.0003104915009588,0.0003262999270804,0.0002920725825494,0.00031981066944,7051.280371456938,2.2222186611098826,0.030014246613586343,-0.3496824730500215,4.493144080739771,0.11023601105120673
1729863300.0,0.00031981066944,0.0003786950650787,0.0003176046177083,0.0003496848524553,11724.095466948766,3.924614706697592,0.09341208993311818,0.7660794481572084,4.62800241524947,0.19102066693825928
1729863360.0,0.0003496848524553,0.000442948841624,0.000348667075527,0.0003690259409181,36783.918579816826,13.218499652941349,0.055310055116763616,2.3681012381631197,5.060313793073441,0.26961924554353406
1729863420.0,0.0003690259409181,0.000470306220209,0.0003116104374681,0.0003398773562694,34332.94103937428,12.16936755247823,-0.07898790143636301,-0.07936847055328769,5.340200027876453,0.4300396398856965
1729863480.0,0.0003398773562694,0.0003476656155484,0.0003148050228914,0.0003287753475246,9217.808734379618,3.08175636664944,-0.032664749622214065,-0.7467611728087007,4.918388834424085,0.09668367736435315
1729863540.0,0.0003287753475246,0.0003287753475246,0.0002643056455629,0.0002960247838225,11354.071059128986,3.5470125445340486,-0.09961380604927954,0.15097110950092602,4.757730894602929,0.1960904381885754
1729863600.0,0.0002960247838225,0.0003323759923351,0.0002855559072066,0.0002965909140844,11000.717638327413,3.259598980357072,0.0019124421090344701,-0.08102975689214331,4.283795212033287,0.15816272044496746
1729863660.0,0.0002965909140844,0.000306196538489,0.0002372891489101,0.0002475789282323,11221.38344086519,3.053169228795419,-0.16525113725551555,-0.06332980001700687,4.29198772238326,0.23233142455365713
1729863720.0,0.0002475789282323,0.0002916014706734,0.0002433310852424,0.0002526378991352,28174.93814947535,7.0467890862030504,0.020433770107257495,1.3080244028868497,3.5827318701727164,0.19496968411507357
1729863780.0,0.0002526378991352,0.0002626052333043,0.0002371947736973,0.0002586455275746,13013.629425877478,3.326826523397062,0.023779601001926488,-0.5278946932141512,3.6559405895637704,0.10058055301275878
1729863840.0,0.0002586455275746,0.0003051219517692,0.0002564878408672,0.0002814747539078,12645.942623729374,3.4151650447694943,0.08826453156672295,0.026553389769848484,3.7428773980703447,0.18803383672649315
1729863900.0,0.0002814747539078,0.000303157554208,0.0002795994075984,0.000300435894745,8124.81895367764,2.3639593337605596,0.06736355773992755,-0.3078052443230853,4.073240718322698,0.08369541595661786
1729863960.0,0.000300435894745,0.0003158657122158,0.0002715721191481,0.0002715721191481,14076.56464816682,4.025953893417863,-0.09607299294712635,0.7030554781217074,4.347628704640053,0.14743109542651323
1729864020.0,0.0002715721191481,0.0003086123873573,0.0002679060209685,0.0003066921807775,7469.596689596265,2.1597005502179814,0.12932130787051646,-0.46355556784966356,3.929939002762446,0.14989155188865708
1729864080.0,0.0003066921807775,0.0003796167548517,0.0002937283388207,0.0003434059750478,19328.62807064226,6.28275273167883,0.11970893479327151,1.9090851187886688,4.438163854451038,0.28004762238562125
1729864140.0,0.0003434059750478,0.0003934648160888,0.0003306681654818,0.0003765828182326,18823.391964020157,6.776315632809426,0.09661114131803315,0.07855838391378321,4.969451721905372,0.1828641758439384
1729864200.0,0.0003765828182326,0.0004544312714707,0.0003360185420168,0.0003549548807452,19148.025714440035,7.003751335554604,-0.05743208781777522,0.033563327783018966,5.449556124483515,0.314440074588749
1729864260.0,0.0003549548807452,0.0003549548807452,0.0002732184778441,0.000274997236829,11591.9163991848,3.65117614120478,-0.22526142970153046,-0.47868278494275596,5.136576738574283,0.2302726553005859
1729864320.0,0.000274997236829,0.0003800750066452,0.0002682194377798,0.0003087194953167,32412.30885234035,9.459803502292626,0.12262762665018809,1.5908921225507273,3.9795041186714157,0.4067516101441942
1729864380.0,0.0003087194953167,0.0003087194953167,0.0002741635172061,0.0002770752224032,7482.833324857786,2.1917021176400633,-0.10250169941822972,-0.7683142026037968,4.46750126398874,0.11193325538172026
1729864440.0,0.0002770752224032,0.000291236505246,0.0002658480005107,0.0002860018746937,7308.740248560223,2.057692121297283,0.03221743255522825,-0.061144256449903275,4.009574792276805,0.09163036851543017
1729864500.0,0.0002860018746937,0.0003197908263516,0.0002860018746937,0.0003152401249295,7142.286598286212,2.1471213381177923,0.10223097407005942,0.04346093173750792,4.1387529977221265,0.11814241320651152
1729864560.0,0.0003152401249295,0.0003471855328713,0.0003152401249295,0.0003371298391845,9314.53088699223,3.0382600902429333,0.06943822351261728,0.415038841217204,4.561861748114637,0.10133674432765889
1729864620.0,0.0003371298391845,0.0003970861470643,0.0003371298391845,0.0003461611241076,11904.18272002357,4.067010238985038,0.026788743900410007,0.33859844719872145,4.878629323813881,0.17784337341610346
1729864680.0,0.0003461611241076,0.0003731263407677,0.0003420268234607,0.0003681912361812,6118.09995079944,2.1852395701681857,0.06364120792129217,-0.4626914018506298,5.009321675354561,0.08984116106964425
1729864740.0,0.0003681912361812,0.0003971582161966,0.0003488405729098,0.0003783513927434,8645.804329546972,3.227230746673843,0.027594781091421258,0.476831552352615,5.3281209576404365,0.1312297483990661
1729864800.0,0.0003783513927434,0.0003791364427705,0.0003489314704962,0.0003553500085129,5865.985364984704,2.1519408410191128,-0.06079370836649636,-0.3331927556661331,5.475149289095138,0.07983312035746921
1729864860.0,0.0003553500085129,0.0003705622567512,0.0003376322483782,0.000342258194482,7144.676904701204,2.492092608233886,-0.036842025375735235,0.15806743416500454,5.142294659950858,0.09266922072355764
1729864920.0,0.000342258194482,0.0003429880459719,0.0002847545816763,0.0003060044947473,13726.737566422566,4.449265904576976,-0.10592500141470436,0.785353357205338,4.952842109599441,0.1701448357832163
1729864980.0,0.0003060044947473,0.0004576436568863,0.0002923421225675,0.0003094054432632,24950.68399819025,7.677449446322918,0.011114047585178578,0.7255541950021686,4.428212302133312,0.5401931578008579
1729865040.0,0.0003094054432632,0.0003673551323473,0.0003094054432632,0.0003627110176612,16987.59148639808,5.708819934733673,0.17228389337887268,-0.2564171246392397,4.477427664376496,0.18729369617070457
1729865100.0,0.0003627110176612,0.0003654605956841,0.0003488586363683,0.0003637619421311,1966.963181750104,0.7144727822242389,0.0028974153492123435,-0.8748475533661108,5.248816334717551,0.0457718638459103
1729865160.0,0.0003637619421311,0.0003641042877274,0.0003212020406992,0.0003212020406992,4110.284913342736,1.4076985624052676,-0.11699932429039371,0.9702619853802327,5.264024335730958,0.11794044967116976
1729865220.0,0.0003212020406992,0.0003212020406992,0.0002918179090505,0.0003078367159787,3897.549003438869,1.2258546896071871,-0.04161033563611877,-0.12917813348290452,4.6481370454022475,0.09148177136339465
1729865280.0,0.0003078367159787,0.0003142022917097,0.0002728232085403,0.0002931041644542,9520.25400664382,2.860554912348691,-0.047858331250906994,1.3335187576476353,4.454726502860383,0.13441893387487644
1729865340.0,0.0002931041644542,0.0003135592285074,0.0002931041644542,0.0003051971839464,3886.9611397314247,1.1627870455410223,0.04125843627885271,-0.5935099723059317,4.241530726254296,0.06978769507178481
1729865400.0,0.0003051971839464,0.0003065035175009,0.0002769802227896,0.0003026187523165,5060.842632594754,1.5380304015048898,-0.008448412257803893,0.3227102997086401,4.416529651448254,0.09673514784620363
1729865460.0,0.0003026187523165,0.0003176245275407,0.0003026187523165,0.0003145719731463,3899.5395586831064,1.2033798245972567,0.03949927338705863,-0.21758385047538292,4.379216988204004,0.04958640239354997
1729865520.0,0.0003145719731463,0.0003433920639822,0.0003145719731463,0.0003428423786293,4496.813496276413,1.478134864855164,0.08986943496664303,0.22831946708917233,4.552192877242326,0.09161684223691613
1729865580.0,0.0003428423786293,0.0003567340733099,0.0003245142297695,0.0003543702028751,7943.439374688955,2.7691329362252914,0.033624268656310116,0.8733966717554063,4.9612958789792705,0.09397859059669482
1729865640.0,0.0003543702028751,0.0003809747814904,0.0003455821654981,0.0003575251633631,7264.135659557604,2.5856522578823644,0.008903007257390648,-0.0662592524694883,5.128115824497514,0.09987469517795308
1729865700.0,0.0003575251633631,0.0003629791800724,0.0003487767021969,0.0003487767021969,3939.600493908504,1.3912735892043369,-0.02446949771005384,-0.4619254832265099,5.173771476899756,0.03972441475700015
1729865760.0,0.0003487767021969,0.0003496632634669,0.0003081793660197,0.0003128675773725,5478.1908615354405,1.8123068229621437,-0.10295734949672093,0.3026243271092308,5.047171887593414,0.1189411367958301
1729865820.0,0.0003128675773725,0.0003146777656609,0.0002827386036955,0.0003122386593406,6261.749985364605,1.9571294842947886,-0.0020101732406461177,0.07991067489109707,4.527528447592435,0.10208524077064479
1729865880.0,0.0003122386593406,0.0003445589964384,0.0003052528383368,0.0003165600975968,10872.95112018832,3.418449074307763,0.013840176822838682,0.7466647463744744,4.5184273310608205,0.1258849822908175
1729865940.0,0.0003165600975968,0.0003381428848805,0.0003000923680985,0.0003263489988459,9397.259886446423,3.0207919313162503,0.03092272627982323,-0.11632677110219589,4.580963164283849,0.12019997804797453
1729866000.0,0.0003263489988459,0.0003263489988459,0.0003088677829265,0.000316111824703,3210.884580166915,1.03143377584725,-0.03136879285397753,-0.6585551738421709,4.722619034310951,0.05356601669139645
1729866060.0,0.000316111824703,0.0003180925181965,0.0002860514881988,0.000293531503669,9162.12971293996,2.792815626586357,-0.0714314342882148,1.707702318835018,4.5744761760954,0.10135979578683535
1729866120.0,0.000293531503669,0.0002990848825696,0.0002725690017769,0.0002973022765674,4992.569518755857,1.4748893609297737,0.012846228943970911,-0.47189877237527394,4.247714781719638,0.09033402023723007
1729866180.0,0.0002973022765674,0.0003866465749666,0.0002759156666123,0.0002845824302073,21864.23641543406,6.361232397723782,-0.042784221187140356,3.3130234485613523,4.302281898294297,0.37245227191927244
1729866240.0,0.0002845824302073,0.0003059370908791,0.0002845824302073,0.0003036023267366,3189.8666035610927,0.9381154564495225,0.06683440195322406,-0.8525261462251866,4.118212117948244,0.0750385772454206
1729866300.0,0.0003036023267366,0.0003235040439002,0.0003026523439872,0.0003096962107589,6578.291682480276,2.0172283340419828,0.02007192793218266,1.1502985801732437,4.393450361967835,0.06868096215576958
1729866360.0,0.0003096962107589,0.0003156826796643,0.0002804685331264,0.0003110742865734,12985.78029523286,4.030594646059842,0.004449766469932111,0.9980854809745879,4.481635381006876,0.11370544848323769
1729866420.0,0.0003110742865734,0.0003124235846416,0.0003005555585101,0.0003052783126578,2113.9014700226935,0.6514543327835708,-0.01863212154062878,-0.8383726496981263,4.501577611855741,0.03815174266645669
1729866480.0,0.0003052783126578,0.000327119872108,0.0003052783126578,0.0003073323917779,4433.980562862323,1.3581519780346447,0.006728545838113621,1.0847999770474415,4.417703670667072,0.07154638421591099
1729866540.0,0.0003073323917779,0.0003093163359775,0.0003010156966478,0.0003041416297409,1653.5597403051895,0.5055544121129985,-0.01038212086445434,-0.6277630042224167,4.447428392314357,0.02700867058522953
1729866600.0,0.0003041416297409,0.0003041416297409,0.0002971098056567,0.0002980866538583,809.0811832725154,0.24362578614730837,-0.019908408749431238,-0.5181017506522037,4.401254653209344,0.02312022885584746
1729866660.0,0.0002980866538583,0.0002980866538583,0.0002914087599587,0.0002925965627333,1008.765445934128,0.29793040919541525,-0.018417768974017163,0.22290178682182507,4.313632676562916,0.022402525618521695
1729866720.0,0.0002925965627333,0.0002955726263385,0.0002804595244031,0.0002948057059349,2745.8976574797043,0.8064732567671371,0.007550133812110401,1.7069182328352526,4.234185186487209,0.05165167285022257
1729866780.0,0.0002948057059349,0.000319957185888,0.0002938746346675,0.0003145158883369,5004.405916465004,1.5246462957018423,0.06685821205357702,0.8905106684053035,4.2661538512304435,0.08847369876300708
1729866840.0,0.0003145158883369,0.0003513663773836,0.0003141533039999,0.0003295621743583,8894.667768931655,2.864430192465468,0.0478395101149321,0.878750632550405,4.551381270069193,0.11831858028055625
1729866900.0,0.0003295621743583,0.0003387190507798,0.0003219130111981,0.0003235785984627,2928.544325666928,0.9563758520533259,-0.018156136720637796,-0.6661200351228823,4.76911712037558,0.05099505006733097
1729866960.0,0.0003235785984627,0.0003254077318707,0.0003067735762262,0.0003125581194147,2328.15560412644,0.7405126323584345,-0.034058120964605,-0.22570960907412713,4.682528377901307,0.05758772592819681
1729867020.0,0.0003125581194147,0.0003140275032155,0.0002999888289979,0.0003008067623797,2670.182520543803,0.8188980930414115,-0.037597350076861755,0.105852968953858,4.523050259986548,0.044915404033940926
1729867080.0,0.0003008067623797,0.0003273077845723,0.0002936163861873,0.0003025791807887,6718.187827607624,2.0268300493717453,0.005892215969409474,1.4750699343358333,4.352995555946594,0.11200346068840143
1729867140.0,0.0003025791807887,0.0003217256606322,0.0002953268948617,0.0003166298268831,4510.1929056366525,1.3963760367538318,0.04643626193241615,-0.31105420645077503,4.37864434587611,0.0872458101766594
1729867200.0,0.0003166298268831,0.0003437936463277,0.0003166298268831,0.000324240941992,9013.978744352687,2.8883977442585573,0.024037896820472363,1.0684956403099284,4.581972221630107,0.08579046298954313
1729867260.0,0.000324240941992,0.0003457665637594,0.000304099179991,0.0003068091252269,6680.362793589741,2.1078216949707222,-0.05376192364235755,-0.2702453465210715,4.692113197127922,0.1285074719818327
1729867320.0,0.0003068091252269,0.0003136613241232,0.0003053635359994,0.0003106445270941,1035.4288501034398,0.3196646626074511,0.012500938048578344,-0.8483435940667214,4.439856165702632,0.027045441095219648
1729867380.0,0.0003106445270941,0.0003136024049857,0.0002932121690423,0.0002945866286677,2484.0293894296196,0.7517059891553834,-0.05169219807801654,1.351545469630092,4.495358532574679,0.06563848439288099
1729867440.0,0.0002945866286677,0.000306754471979,0.0002832595676741,0.0003001662953958,5321.298514833545,1.5824289257560054,0.01894066527504879,1.1051168257073778,4.262983568877127,0.07975550150106354
1729867500.0,0.0003001662953958,0.0003277054200482,0.0002960338259156,0.0003275439377148,7371.034164432518,2.313436786811066,0.09120824935690988,0.46195304519337044,4.3437273137282615,0.10551349241538861
1729867560.0,0.0003275439377148,0.0003278429070207,0.0002857433892779,0.0002865993663267,3266.742316560113,1.003123959872206,-0.12500482125775553,-0.5663923191716199,4.73991107769721,0.1285309019501897
1729867620.0,0.0002865993663267,0.0002979495387923,0.0002722337130628,0.0002979495387923,4279.7653739873895,1.250866081765268,0.039602922403749206,0.24697059566259724,4.147399340652014,0.08972743401039507
1729867680.0,0.0002979495387923,0.0003151997894024,0.0002979495387923,0.0003062845642709,3382.592245201502,1.0219387956539328,0.027974621180435345,-0.18301502410894746,4.311648474917217,0.05789655080528629
1729867740.0,0.0003062845642709,0.0003062845642709,0.000286949864395,0.0002961630660762,5312.40898388324,1.6002241018875516,-0.03304606034846671,0.5658707827640279,4.4322652076662274,0.06312658922895964
1729867800.0,0.0002961630660762,0.0002961630660762,0.0002881082598778,0.000291365107209,2770.394879486116,0.8138425214115749,-0.01620039571701875,-0.4914196577519341,4.28579630413328,0.02719720019486685
1729867860.0,0.000291365107209,0.00029329130152,0.0002856047043061,0.0002897074741468,2236.6958107695195,0.6498413042357744,-0.005689195518566214,-0.20151468233847927,4.216364708043785,0.026381323719680317
1729867920.0,0.0002897074741468,0.0002922318015196,0.0002880397743049,0.0002886424964889,686.9738049140639,0.19865563994977195,-0.003676044813950371,-0.6943013030182889,4.1923769848421415,0.014469862149900224
1729867980.0,0.0002886424964889,0.0002901388580011,0.0002740078318216,0.0002798990589295,4357.014576485063,1.2385719221477294,-0.03029158098948265,5.234768479067041,4.176965619168888,0.055885832390312536
1729868040.0,0.0002798990589295,0.0002824781154173,0.000243550378175,0.00025643984138,6290.134737467609,1.6868219739459815,-0.08381313477516503,0.36190877879822275,4.050438726825549,0.1390777710764113
1729868100.0,0.00025643984138,0.0002644757708812,0.0002190110529829,0.0002348875192467,10256.760628455406,2.5197135640794235,-0.08404435916556008,0.49376377768251334,3.710958759915571,0.17729194361389836
1729868160.0,0.0002348875192467,0.0002846835116771,0.0002310088597951,0.0002543384871247,16593.307553127648,4.058938793354513,0.08280971224175965,0.6108730973305869,3.3990736090486453,0.22851214936467543
1729868220.0,0.0002543384871247,0.0002719982879869,0.0002062290938885,0.0002298205505518,15719.732382020433,3.805425251305564,-0.09639884568818355,-0.062458084478636024,3.680549916502523,0.2585892321760723
1729868280.0,0.0002298205505518,0.0002513945009165,0.0002108159543557,0.0002226108366219,8386.350200698416,1.8971240273132108,-0.03137105847405486,-0.5014685870751643,3.3257491530539394,0.1765662229220614
1729868340.0,0.0002226108366219,0.0002297526568154,0.0001754801554973,0.0001928171321612,16590.633925663507,3.4461066762811896,-0.13383761955534987,0.8164899219381639,3.221416881903446,0.2437999072357863
1729868400.0,0.0001928171321612,0.000195894132353,0.0001839309549219,0.000190807959795,5907.540917675636,1.133140463889165,-0.0104200925699916,-0.6711824182088364,2.790270114834071,0.06204416224331401
1729868460.0,0.000190807959795,0.0002070343829043,0.0001881583307661,0.0002068923179648,4518.999461778162,0.8986036705727809,0.08429605445748015,-0.20697945293684666,2.761195241942219,0.0989269638356807
1729868520.0,0.0002068923179648,0.0002108058979096,0.0001930598266883,0.0001965957434557,6934.194118102146,1.3989322711132341,-0.04976779520084362,0.5567845057004249,2.993953106424715,0.08577443278642789
1729868580.0,0.0001965957434557,0.0002137783162971,0.0001801930963428,0.0001948131831836,8656.402427339914,1.6940965913214734,-0.009067135639697545,0.21099257362427926,2.8449506613832405,0.17083391208756232
1729868640.0,0.0001948131831836,0.0002086796992776,0.0001946076382206,0.0001951391035897,7268.142367843931,1.4171143684673244,0.0016729894803518312,-0.16349848306942763,2.8191551078482315,0.07223361800796559
1729868700.0,0.0001951391035897,0.0002041978723999,0.0001840142005427,0.0001863897076727,6381.445755416763,1.217352706599823,-0.04483671266317034,-0.14096368388639863,2.8238715246871418,0.10343222596552584
1729868760.0,0.0001863897076727,0.0002126506548836,0.0001769691330561,0.0001775182641081,10371.065618172775,1.8870567271574217,-0.04759620944402279,0.5501314589656953,2.6972584085370355,0.19143504366752204
1729868820.0,0.0001775182641081,0.0001818201746112,0.0001678769120624,0.0001714320105005,8930.557781215663,1.5581602950815874,-0.034285224893218634,-0.17429069690515836,2.568879132399655,0.07854550977531667
1729868880.0,0.0001714320105005,0.0001806012812694,0.0001637954263192,0.0001742025412269,5660.053902234916,0.9781550966259432,0.016161105025318034,-0.37223718271249767,2.4808045336218365,0.09803218722766482
1729868940.0,0.0001742025412269,0.0001774615499179,0.0001506539162613,0.0001587076629926,10825.525782813971,1.8019639995700307,-0.0889474867884838,0.8422068297611914,2.5208970762369844,0.15388773015476773
1729869000.0,0.0001587076629926,0.0001732059964686,0.0001505248424023,0.0001708616709131,4660.3629326411,0.767956353734671,0.07658110321406901,-0.5738225880661799,2.2966696168532676,0.14291152448862868
1729869060.0,0.0001708616709131,0.0001735695812708,0.0001566559710141,0.0001590560284357,3845.53982313655,0.6343558256017009,-0.06909473853503588,-0.17396890784645958,2.4725511098301243,0.0989900787362793
1729869120.0,0.0001590560284357,0.0001657057104207,0.0001554981162077,0.0001625661973174,3914.5079030433417,0.6294963722524499,0.022068757256308663,-0.0076604535705834705,2.301710837381899,0.06417609136472649
1729869180.0,0.0001625661973174,0.0001797039166183,0.0001549886010926,0.0001549886010926,7133.215498701515,1.1325934048526236,-0.04661237298923354,0.7992056106693722,2.352506735126295,0.15203231627202876
1729869240.0,0.0001549886010926,0.0001559976546056,0.0001326654132291,0.0001341087539764,7956.6741616213,1.1501267276352856,-0.1347185984582509,0.015480685926246799,2.242850813728904,0.15054166056095866
1729869300.0,0.0001341087539764,0.0001445113690573,0.0001284996640731,0.0001389668019533,5743.955482958859,0.7842669183722193,0.03622468953633622,-0.3181039101797862,1.9406970955523986,0.11939343636745504
1729869360.0,0.0001389668019533,0.0001406011066895,0.0001287074190079,0.0001287074190079,3756.058365789841,0.5026999984737969,-0.07382614265562264,-0.3590192488073155,2.0109982453228534,0.08558653947866547
1729869420.0,0.0001287074190079,0.0001354381642189,0.0001165864497766,0.000125161914219,7242.657977476086,0.919344375766171,-0.027547011790224646,0.8288131660181249,1.8625340019834418,0.1464695243491977
1729869480.0,0.000125161914219,0.0001302718879896,0.0001135516318827,0.0001178325438953,7617.184975821382,0.9254668677780521,-0.05855911016889329,0.006659628506215282,1.8112267558711097,0.1335890091745003
1729869540.0,0.0001178325438953,0.0001226890577097,0.0001065878623358,0.0001130060755618,5831.645227293816,0.6730844667160454,-0.040960401718803226,-0.2727081971804675,1.7051629287332062,0.13664472344929335
1729869600.0,0.0001130060755618,0.0001179837726046,0.0001092729270584,0.0001117861378989,5059.347989735149,0.5686510166402535,-0.010795328099265368,-0.15515652973737287,1.635318770176283,0.07708298428110867
1729869660.0,0.0001117861378989,0.000151583696576,0.0001101972459615,0.0001193940293538,11254.91180059798,1.300956196238314,0.06805755702715686,1.2877936698763344,1.617664967505343,0.37022882615311514
1729869720.0,0.0001193940293538,0.000129281330485,0.0001193940293538,0.0001268807676464,4252.033610512034,0.5235843571334393,0.0627061364217349,-0.5975388267127119,1.7277592932821717,0.08281235824532707
1729869780.0,0.0001268807676464,0.0001278434042398,0.0001213168221782,0.0001248507135661,4776.168038787783,0.6011559274619249,-0.015999698913845617,0.1481548661101728,1.8361004032306438,0.05143870251312412
1729869840.0,0.0001248507135661,0.0001405447269134,0.0001248507135661,0.0001328117073024,6477.343911240486,0.834484056484031,0.0637641028145602,0.38813246008771035,1.806723349603363,0.12570223188184734
1729869900.0,0.0001328117073024,0.0001354124729687,0.0001158057152081,0.0001197218584334,4819.111365021153,0.608493688343355,-0.09855945032914636,-0.2708144827749631,1.9219274430249382,0.14762823367639735
1729869960.0,0.0001197218584334,0.000127794932106,0.0001085624978156,0.0001237787578365,9386.587263575151,1.1428198916758716,0.03388603765582883,0.8781129756452166,1.7325033306678987,0.1606426306947014
1729870020.0,0.0001237787578365,0.0001304731158547,0.0001226359270237,0.0001275155925532,3948.298748979498,0.49609258463463407,0.030189628511509328,-0.5659048392068621,1.79121100376976,0.06331610502467788
1729870080.0,0.0001275155925532,0.0001299651245312,0.0001224233009596,0.0001253177424662,2679.485555289631,0.33873163454009314,-0.017235932037747155,-0.3172007705183404,1.8452869985592968,0.059144324396669626
1729870140.0,0.0001253177424662,0.0001310298249992,0.0001191107996508,0.0001301451776577,3389.6959575053415,0.4329708138182468,0.03852156204299663,0.2782119225625479,1.8134817572619903,0.09511043778669043
1729870200.0,0.0001301451776577,0.0001450009220672,0.0001301451776577,0.0001385037955698,5045.217638236757,0.6776962691107887,0.06422533713914741,0.5652239076679962,1.8833399072882007,0.11414748265642764
1729870260.0,0.0001385037955698,0.0001464952125127,0.000131599945354,0.0001346748708186,4760.610027612882,0.6502485492692656,-0.027644908469460605,-0.04050150648982849,2.004298047781396,0.10754410806881756
1729870320.0,0.0001346748708186,0.0001411647195162,0.0001251102450734,0.0001260765704697,8389.755383326203,1.0938204041292905,-0.06384487541466788,0.6821573925209073,1.9488894117049607,0.11920913192799379
1729870380.0,0.0001260765704697,0.0001412510002643,0.0001232726306211,0.0001306495991049,10898.42578672326,1.3989555533092546,0.03627183558501898,0.2789627511317634,1.824462810017692,0.14259881575316768
1729870440.0,0.0001306495991049,0.0001332566333604,0.0001242446992755,0.0001248509708736,2402.643546308287,0.306938397768466,-0.044383054146566764,-0.7805946035652114,1.8906394250936356,0.06897789313279261
1729870500.0,0.0001248509708736,0.0001310867396196,0.0001231690090201,0.0001266874596166,3463.456891496789,0.43559625527878454,0.014709447032328418,0.41916507822318644,1.806727073118071,0.06341745317716409
1729870560.0,0.0001266874596166,0.0001407783296256,0.0001266874596166,0.0001348409226247,3217.9420449203976,0.42079158857714616,0.06435887997734906,-0.03398713033509274,1.8333030293019748,0.11122545239792356
1729870620.0,0.0001348409226247,0.0001348409226247,0.0001271203874784,0.0001282738270128,3233.9319390329565,0.42544759624168565,-0.04870254136556209,0.011064878174687856,1.951292358926931,0.0572566176203675
1729870680.0,0.0001282738270128,0.0001363868330239,0.00012367938086,0.0001321617055341,4686.856189959307,0.6103119439013933,0.030309211254077935,0.43451731609899863,1.856259462099987,0.09906504280590281
1729870740.0,0.0001321617055341,0.0001325604040395,0.000126332019702,0.0001273260226033,1861.0254346272336,0.2414566310186691,-0.03658913836846876,-0.6043717750710108,1.9125212222791566,0.04712699728207555
1729870800.0,0.0001273260226033,0.0001413570008739,0.0001260940132412,0.000128700854923,6504.47900937066,0.8326607253522655,0.010797732400575095,2.4484897840220645,1.8425437186445515,0.11987327743876607
1729870860.0,0.000128700854923,0.0001369106567122,0.0001229522124553,0.0001229522124553,4456.640851304695,0.5607636702171324,-0.04466669993093157,-0.326540026275533,1.8624390126548358,0.10845649988301274
1729870920.0,0.0001229522124553,0.0001428271049562,0.0001229522124553,0.0001419213976329,6092.271178981498,0.806840930406562,0.15428095842111314,0.43882525430748126,1.7792500081369218,0.1616472945383202
1729870980.0,0.0001419213976329,0.0001445242965251,0.0001337166703091,0.0001357236557821,4245.554157970163,0.5893785554829507,-0.043670242501637015,-0.2695232315668882,2.0537544046630596,0.07615219689391357
1729871040.0,0.0001357236557821,0.0001484832842295,0.0001344349085541,0.0001390268336305,5231.125865076308,0.7186271958043131,0.024337524872621516,0.21929647612552347,1.9640664517726185,0.10350720067512936
1729871100.0,0.0001390268336305,0.0001412876348297,0.0001299769334561,0.0001321304748836,4390.39054855453,0.5952432422358946,-0.04960451566658609,-0.1716939663413695,2.011866967894116,0.08135624669163594
1729871160.0,0.0001321304748836,0.0001360275083132,0.0001294353033409,0.0001360275083132,1639.5213058747008,0.2198253633957718,0.029493827468894604,-0.630696582845614,1.9120692813661253,0.04989163157180358
1729871220.0,0.0001360275083132,0.0001387237167235,0.0001255232909319,0.0001355385578905,4591.659107348159,0.6234694005654661,-0.0035944966482382617,1.8362032066471639,1.9684635228593113,0.09704232588901314
1729871280.0,0.0001355385578905,0.0001441285912442,0.000129964671348,0.0001441285912442,4144.952300905653,0.5796034966467996,0.06337704552412138,-0.07035774952047621,1.961387887324214,0.10450103731842016
1729871340.0,0.0001441285912442,0.000150157881042,0.0001379311607251,0.00014026399542,5515.385252962899,0.7842673392698509,-0.02681352666281276,0.3531100895821027,2.085694856749621,0.0848320254250181
1729871400.0,0.00014026399542,0.0001410640496902,0.0001377777966271,0.0001377777966271,637.1769313604324,0.08858090792326333,-0.017725138838769132,-0.8870526624177264,2.0297700220976735,0.02342905642506319
1729871460.0,0.0001377777966271,0.0001491803439214,0.0001349336617445,0.000139719965823,7364.563678405777,1.0218249710894407,0.01409638739655954,10.535498958473495,1.993792066645221,0.10340332423415868
1729871520.0,0.000139719965823,0.0001419985411896,0.000133074209519,0.0001384217550458,2014.0273181402267,0.2800925120721484,-0.009291519429976103,-0.7258899322322082,2.021897332004839,0.06387298778691027
1729871580.0,0.0001384217550458,0.0001417200092215,0.0001301464334889,0.0001387395094787,3285.733377929079,0.4553390089585902,0.0022955526954188876,0.62567362329665,2.003110833659099,0.08361095933779054
1729871640.0,0.0001387395094787,0.0001445553710966,0.0001312684707274,0.0001395341782998,4994.043353596223,0.6948554304654642,0.005727775916794573,0.5260177950812386,2.007709080132528,0.09576868491984888
1729871700.0,0.0001395341782998,0.0001411958214354,0.0001295305977909,0.0001295305977909,1416.1251650877423,0.19051470023036948,-0.07169268942413905,-0.7258210961915501,2.019208787849641,0.08360119209958988
1729871760.0,0.0001295305977909,0.0001330230262754,0.0001222363164131,0.000130284114189,2445.6693235213447,0.3177104354443875,0.0058172849577704695,0.6676426284177206,1.8744462793398444,0.08327538084640733
1729871820.0,0.000130284114189,0.000136240796003,0.0001219511184472,0.0001235164181404,7802.977232003936,0.9901998876183935,-0.05194567342862913,2.1166741068274404,1.885350467484797,0.1096808896829148
1729871880.0,0.0001235164181404,0.000130751893081,0.0001179453551643,0.0001257895434873,5841.105752905413,0.7281112433485873,0.01840342669519575,-0.2646825631339707,1.7874146678023184,0.10368287964878416
1729871940.0,0.0001257895434873,0.0001350819362453,0.0001199043708544,0.0001267835416788,8245.354792143198,1.0412773490703473,0.007902073287994532,0.4301074987957986,1.820309222615136,0.12065840267901422
1729872000.0,0.0001267835416788,0.0001317105297314,0.0001245410434358,0.0001311110201002,2346.7019170681706,0.3026008312641175,0.03413280907046644,-0.7093945896986239,1.8346934394990533,0.05654902995030333
1729872060.0,0.0001311110201002,0.0001311110201002,0.0001261911546058,0.0001265564999895,1463.438578432291,0.18854029465412217,-0.034737889364443046,-0.3769339830743574,1.8973166803723118,0.03752442388626114
1729872120.0,0.0001265564999895,0.0001303464006876,0.0001210948481872,0.0001303464006876,2152.87968510745,0.27654051795645274,0.02994631408433738,0.4667449123476087,1.831407903440226,0.07310215201248117
1729872180.0,0.0001303464006876,0.0001303464006876,0.00011908513027,0.00011908513027,2060.9765326074657,0.25703626589798306,-0.08639494729578136,-0.07052945515036982,1.8862518197331848,0.08639494729578136
1729872240.0,0.00011908513027,0.0001272006899955,0.0001168960816548,0.0001225588325572,2941.314606538899,0.3553754587227931,0.029169907941689523,0.3825887855989962,1.7232891931807648,0.08653144449971638
1729872300.0,0.0001225588325572,0.000123204784048,0.0001208940498521,0.0001214263588265,265.18156762431664,0.03235018776412424,-0.009240245742153748,-0.9089689876718283,1.773557380302756,0.01885408132311918
1729872360.0,0.0001214263588265,0.0001214263588265,0.0001161820098637,0.000117504016374,580.7149894900325,0.06937522516170394,-0.03230223231929774,1.1445076506987013,1.7571692742709482,0.043189543139421534
1729872420.0,0.000117504016374,0.000117504016374,0.0001153607065072,0.000117222345166,631.4471648068877,0.07410864774993474,-0.002397119832087026,0.06822929334208074,1.7004087841491162,0.018240311547973967
1729872480.0,0.000117222345166,0.0001180443505112,0.000112377355162,0.0001130237297447,1952.9656634757723,0.22483133922533383,-0.03581753474863761,2.0338070664031487,1.6963327005299773,0.04834398545068264
1729872540.0,0.0001130237297447,0.0001130237297447,0.0001016892526784,0.0001052714843286,3221.532610999732,0.3516225754811518,-0.06858953808736369,0.5639393364496368,1.6355742450834945,0.10028404735804176
1729872600.0,0.0001052714843286,0.0001159643026781,0.0001052714843286,0.0001124097647673,2086.056710004461,0.22704771515932734,0.06780830045502341,-0.3542857285296862,1.523390963105629,0.10157373972350255
1729872660.0,0.0001124097647673,0.000116652265126,0.0001098677880651,0.0001162120037519,2538.2398275544665,0.29014843915068567,0.033824810437696716,0.2779183395308706,1.626689515242363,0.060354872861308625
1729872720.0,0.0001162120037519,0.0001195287036454,0.0001098466056677,0.0001179232001402,3140.1198539522184,0.36760630112536696,0.014724781718360353,0.26695943015035256,1.6817119797364248,0.08331409549025787
1729872780.0,0.0001179232001402,0.0001381210125063,0.0001178278965162,0.0001272744456442,9262.53588540049,1.1355759965468617,0.07929945500870249,2.089109172150968,1.7064748215511953,0.17208756178574974
1729872840.0,0.0001272744456442,0.0001438321785355,0.0001262236858681,0.0001432303161194,7045.400007787767,0.9529071253179477,0.12536586110777614,-0.1608601025245216,1.8417973448862779,0.13835057444779708
1729872900.0,0.0001432303161194,0.0001620575874015,0.0001355678066193,0.0001620575874015,6634.260594804491,1.012679754199591,0.13144753004947068,0.06272660503162843,2.072695855013962,0.1849453488611833
1729872960.0,0.0001620575874015,0.0001777893060102,0.0001433408829562,0.0001495570670857,12178.048373327783,1.8974291680914726,-0.0771362854170461,0.87367147434598,2.345146605699323,0.21256902318713122
1729873020.0,0.0001495570670857,0.00016547170592,0.0001457361771799,0.0001651465743329,7794.412488550008,1.2264649964326497,0.10423785081494547,-0.35361750675189185,2.164250707777283,0.13195985401874075
1729873080.0,0.0001651465743329,0.0001697879420589,0.0001636572708198,0.0001670683557726,2289.500132533974,0.3803030632531536,0.01163682290996907,-0.689919350035003,2.3898475501807117,0.03712260616888052
1729873140.0,0.0001670683557726,0.0002208585802774,0.0001568255530477,0.0001636224771979,11855.578417825473,1.960265551168894,-0.020625561069088725,4.154482676002055,2.417657782903988,0.38327442042259985
1729873200.0,0.0001636224771979,0.0001691501138037,0.0001586856056537,0.0001683872073372,2950.5869644865356,0.4898117236362765,0.02912026648720821,-0.7501299130904969,2.3677922346585443,0.06395519936630252
1729873260.0,0.0001683872073372,0.0001698078445251,0.0001506588165628,0.0001522544111358,2104.584792773598,0.3374087370842949,-0.09580773062584047,-0.3111460571432805,2.4367429755181433,0.11372020633345113
1729873320.0,0.0001522544111358,0.0001584609021763,0.0001522544111358,0.0001554146171249,1478.489327965823,0.22744268741453005,0.020756088217906088,-0.3259134621706373,2.203284160915292,0.04076394893389504
1729873380.0,0.0001554146171249,0.000157547242041,0.0001519229632273,0.0001564047709989,1092.3021944933917,0.17030050096660668,0.006371047281892753,-0.25123773860347415,2.249015721328365,0.03618886638687275
1729873440.0,0.0001564047709989,0.0001639347804327,0.0001541010478666,0.0001562515780567,2036.755151340345,0.31840221476912917,-0.0009794646366706966,0.8696493137830696,2.263344306826668,0.06287360994997507
1729873500.0,0.0001562515780567,0.0001570983959759,0.0001559647322636,0.000156227274308,139.97340326259962,0.021869364206539243,-0.00015554242076948847,-0.9313152886753739,2.2611274411175213,0.0072553744826093355
1729873560.0,0.000156227274308,0.0001625212893375,0.0001549845880581,0.0001569236802045,2341.160770942749,0.3665683650439711,0.004457646077387601,15.761729402922564,2.260775739881662,0.04824190470443391
1729873620.0,0.0001569236802045,0.0001569236802045,0.0001460743784561,0.0001464595815196,2060.965649376212,0.3126312405045415,-0.06668272545777273,-0.1471406964781581,2.270853477990398,0.0691374414254203
1729873680.0,0.0001464595815196,0.0001606569349054,0.0001418966940507,0.0001448483845879,8465.63282475925,1.2330531399967537,-0.011000966375725863,2.944113640104504,2.1194267789627363,0.12809159127762085
1729873740.0,0.0001448483845879,0.000145717325699,0.0001416438755498,0.0001440518717297,1299.900823724608,0.1877708405807493,-0.005498941948618373,-0.8477187766771807,2.0961110362315543,0.028122164846982243
1729873800.0,0.0001440518717297,0.0001440518717297,0.0001382292088215,0.000139684019724,956.334916761326,0.1356732700677874,-0.030321383216011782,-0.27745293332996385,2.0845846433254587,0.04042059876268529
1729873860.0,0.000139684019724,0.0001435873221812,0.000132470618238,0.0001355492486503,2969.884183648144,0.40870546527930923,-0.02960088836124445,2.012424371249435,2.021377153508974,0.07958465087964503
1729873920.0,0.0001355492486503,0.0001422292261968,0.0001349371092401,0.0001422292261968,1107.4088098729285,0.15380716511937212,0.04928081574050984,-0.6236723553127425,1.9615425940519848,0.05379680838742777
1729873980.0,0.0001422292261968,0.0001586676275311,0.0001422292261968,0.0001586676275311,2987.7220630717993,0.4494980842958674,0.11557681760536684,1.9224781819949999,2.058209013196622,0.11557681760536684
1729874040.0,0.0001586676275311,0.0001661382805946,0.0001527114899332,0.000159558494576,4062.8260379448047,0.6464486874254644,0.0056146742644486314,0.4381567130327538,2.2960902609085703,0.084622117758509
1729874100.0,0.000159558494576,0.0002003810004926,0.000155994058667,0.0001749544399948,15940.678373121687,2.666181550821111,0.0964909167619823,3.124351402799502,2.308982059805345,0.278186015376686
1729874160.0,0.0001749544399948,0.0001972870985206,0.0001749544399948,0.0001942574951298,3857.004996326199,0.7120261392394233,0.11033189632440137,-0.7329416149398608,2.531777855542933,0.12764842393518996
1729874220.0,0.0001942574951298,0.0001960014329879,0.0001767759155616,0.0001767759155616,5114.648877294411,0.9488528087157426,-0.08999178928215382,0.33260951589402943,2.811113707417111,0.09896924395866312
1729874280.0,0.0001767759155616,0.0001946853114706,0.0001714843450559,0.0001714843450559,4914.617552007246,0.8557829947486916,-0.029933775134973598,-0.0980866717283786,2.5581365550110564,0.131245064357284
1729874340.0,0.0001714843450559,0.0001734849093675,0.0001605979035919,0.000164594508116,1978.3713229156008,0.33244438267682486,-0.04017764384063205,-0.6115319132107198,2.4815618706087994,0.0751497506749036
1729874400.0,0.000164594508116,0.0001760454591447,0.0001644255343734,0.0001747000342729,2166.9245333219656,0.3676128339623785,0.06139649659378678,0.1057874733884179,2.381858561602986,0.07059728118699266
1729874460.0,0.0001747000342729,0.0001747000342729,0.0001633366606843,0.0001692302596362,2429.972660649592,0.4178706056841459,-0.03130952240201412,0.13671386599878832,2.528096332667326,0.06504505643570278
1729874520.0,0.0001692302596362,0.0001696477728152,0.0001598560471804,0.0001598560471804,3852.448558090296,0.6338940340914357,-0.05539324040483106,0.5169624890308139,2.4489428439052285,0.05786037116441004
1729874580.0,0.0001598560471804,0.0001618619007624,0.0001560401624283,0.0001563122645027,1335.019206279831,0.21104538425700317,-0.022168586926841653,-0.6670651987449356,2.3132879642150956,0.03641863061664527
1729874640.0,0.0001563122645027,0.000157432688746,0.000155000418596,0.0001563285147298,927.8856955755016,0.14504745345170755,0.00010396002611635719,-0.31271913876555485,2.2620056388935765,0.015560328280945475
1729874700.0,0.0001563285147298,0.0001605349255019,0.0001563285147298,0.0001569436548942,1141.052249358462,0.17872995690543544,0.003934919777516083,0.23221713068504318,2.262240797058871,0.026907508072794
1729874760.0,0.0001569436548942,0.0001727405463521,0.0001536566633746,0.00015438892141,3467.4222733893816,0.5397607547544412,-0.016278029754832914,2.0199792138931927,2.271142533112722,0.121597034237319
1729874820.0,0.00015438892141,0.0001545779016738,0.0001496103522365,0.0001537814171141,1170.9103781858214,0.18041992381345326,-0.003934895654116723,-0.665740937583479,2.2341728073812464,0.032175556328345754
1729874880.0,0.0001537814171141,0.0001578895886495,0.000150857265523,0.00015673104381,2532.3684109777214,0.39316597362957245,0.01918064452294305,1.1791715976783685,2.2253815705109363,0.04572934271559145
1729874940.0,0.00015673104381,0.0001604870508484,0.0001500571812265,0.0001571999490295,3418.7539902576136,0.5366264172177875,0.002991782662204644,0.3648851966100672,2.2680658233428153,0.06654629081998452
1729875000.0,0.0001571999490295,0.0001579325196432,0.0001528365938982,0.0001579325196432,1465.0284095750028,0.23083900969250504,0.004660119918757355,-0.569832937242782,2.2748513833498314,0.03241684094976197
1729875060.0,0.0001579325196432,0.000161061217735,0.0001524700420078,0.0001536925713161,1952.6814442883613,0.304252266345449,-0.026846581924222145,0.31802794835559184,2.2854524635935927,0.05439776270656053
1729875120.0,0.0001536925713161,0.0001544876201388,0.0001516168915396,0.0001540976336377,642.5036054522149,0.09887815820284632,0.0026355361103751005,-0.6750125828460395,2.2240958767958117,0.018678382270641978
1729875180.0,0.0001540976336377,0.0001598831546824,0.0001540976336377,0.0001598831546824,1234.6248796441926,0.1938242464951461,0.0375445158249631,0.9602331800873557,2.2299575617920437,0.0375445158249631
1729875240.0,0.0001598831546824,0.0001692867265066,0.0001598831546824,0.0001672218923571,2299.9955892405046,0.37617008270457886,0.04590063092811782,0.9407792859083769,2.313680238759741,0.05881527571106371
1729875300.0,0.0001672218923571,0.0001803229552453,0.0001667787098009,0.0001780584692732,3289.6662684370817,0.5679285794044776,0.06480357782914362,0.5097654106918817,2.4198796214847316,0.0809956474806329
1729875360.0,0.0001780584692732,0.0002501290849637,0.0001780584692732,0.0001889149182247,11893.203867544646,2.182244655737992,0.06097125846253714,2.8424631808919796,2.5766964788727758,0.4047581448087149
1729875420.0,0.0001889149182247,0.0002134344694187,0.000188312927125,0.0002094821899299,2513.587192832948,0.5007029343595427,0.10887055346649105,-0.7705560038637305,2.733800905865637,0.13297807568494846
1729875480.0,0.0002094821899299,0.0002094821899299,0.0001908701662817,0.0001915860486341,1997.5697567131176,0.40058089186682405,-0.08543037144011466,-0.1999629633103437,3.0314313235544237,0.08884776149432196
1729875540.0,0.0001915860486341,0.0002034640396621,0.0001845474185798,0.0002034640396621,3876.600111336542,0.7657256081362798,0.061998204528374394,0.9115380281065695,2.7724550195879707,0.0987369446635849
1729875600.0,0.0002034640396621,0.0002206369392196,0.0002034640396621,0.0002174857956627,3457.364851461378,0.7276885824402093,0.06891515583729886,-0.04967448560150656,2.944342252938104,0.08440262754057005
1729875660.0,0.0002174857956627,0.0002209082010884,0.00021643296809,0.0002169547539949,1208.709907469938,0.2625562982889133,-0.0024417303492481708,-0.6391914005185229,3.1472520581376773,0.020577127737301328
1729875720.0,0.0002169547539949,0.0002259564053664,0.0002091951662806,0.000217132164884,5759.199870767232,1.2499966635545534,0.000817732203757896,3.760870989196665,3.1395673172705885,0.07725684170162968
1729875780.0,0.000217132164884,0.0002205635608873,0.0002167889898194,0.0002205635608873,574.4922037751737,0.1257263910406641,0.015803259757176846,-0.8994186187000354,3.1421346425717864,0.017383749063232964
1729875840.0,0.0002205635608873,0.0002208042919012,0.0002154811416677,0.0002163374134033,492.4612325996408,0.10757839616156642,-0.0191606785227747,-0.1443451508381245,3.1917906125203728,0.024134313991330255
1729875900.0,0.0002163374134033,0.0002163374134033,0.0002057438139866,0.0002091291831257,3625.163948274439,0.7711930834659787,-0.033319388284273735,6.1686612831424235,3.1306337386818597,0.048967948955510605
1729875960.0,0.0002091291831257,0.0002118632512867,0.0002059556733939,0.0002066463033153,1203.0501936710164,0.250099389743253,-0.01187246931915591,-0.675698090263946,3.026322937566871,0.028248462526863936
1729876020.0,0.0002066463033153,0.0002066463033153,0.0001975322840857,0.0001975322840857,791.4444759267009,0.15994245514318933,-0.04410443876024175,-0.3604844245826308,2.9903930113407506,0.04410443876024175
1729876080.0,0.0001975322840857,0.0002057040751687,0.0001910075413412,0.0001910075413412,5362.807337365109,1.041832113328969,-0.03303127270916994,5.513793428994592,2.8585034059030177,0.0744006676960403
1729876140.0,0.0001910075413412,0.0001939500846609,0.0001888302129293,0.000188831094698,854.1091660544628,0.16221183033135286,-0.01139455870651827,-0.844301372307447,2.764083400362544,0.026804552823672514
1729876200.0,0.000188831094698,0.000189269117226,0.0001830551616027,0.0001830551616027,1389.4360744185883,0.2583560900423348,-0.030587828262805535,0.5927080627509499,2.7325878897874003,0.032907480800437365
1729876260.0,0.0001830551616027,0.0001830551616027,0.0001735884873989,0.0001743560071285,1493.557303256909,0.2669070306620356,-0.04752203870153914,0.033097499727216116,2.649003960701561,0.05171487174093624
1729876320.0,0.0001743560071285,0.0001745854464642,0.0001630547494818,0.0001710952178378,1631.0907396487178,0.28173114702141894,-0.01870190390570707,0.055540374199262006,2.5231178919605712,0.066133064024011
1729876380.0,0.0001710952178378,0.0001811749146843,0.0001682029233258,0.0001793885542823,2569.239378179796,0.4502383543719775,0.04847205286802434,0.5981135175577431,2.475930783602354,0.07581738123620473
1729876440.0,0.0001793885542823,0.0001808317310811,0.0001754674807489,0.0001808317310811,713.8381425732484,0.12856948971050747,0.008044977030858552,-0.7144412765770594,2.5959442314426964,0.029902968746592387
1729876500.0,0.0001808317310811,0.0001882993452687,0.0001707906925015,0.0001874439795417,2831.2972012456344,0.5213489943865404,0.03656575326171328,3.054997772491996,2.616828543158043,0.09682290084005038
1729876560.0,0.0001874439795417,0.0001888847394212,0.0001709511948848,0.0001739555035577,5222.501929351584,0.9437047488766409,-0.0719600384977916,0.8101209727796197,2.7125148499953684,0.09567415598114949
1729876620.0,0.0001739555035577,0.0001765382749036,0.0001505545456448,0.000160707671758,5525.6183031114015,0.9246104834509059,-0.07615643959954263,-0.0202333043766753,2.5173221769638703,0.14936997523726725
1729876680.0,0.000160707671758,0.0001703417375201,0.000157020805317,0.0001674358865951,1450.026410193895,0.23790841297349824,0.04186617081499138,-0.7426933641444803,2.325611882641332,0.0828892115564911
1729876740.0,0.0001674358865951,0.0001674358865951,0.0001640914519462,0.0001652991154882,352.6784845819627,0.05867423815105723,-0.01276172719213552,-0.7533746813838262,2.4229763469693677,0.01997441956387548
1729876800.0,0.0001652991154882,0.0001659384843681,0.000157187234251,0.000157187234251,1408.2485266503274,0.22707046344253531,-0.04907395428730565,2.870019800818561,2.392054983836348,0.052941905292437516
1729876860.0,0.000157187234251,0.0001580674783807,0.0001514294760015,0.0001538467362005,1505.7173099680713,0.2341646166484606,-0.02125171338765231,0.031242078332748956,2.2746673869068412,0.04222990760560296
1729876920.0,0.0001538467362005,0.0001543824971332,0.0001521705808548,0.0001521705808548,331.85592192254165,0.050776829437824654,-0.010894968506290284,-0.7831575488876984,2.2263268075480567,0.014377401386775845
1729876980.0,0.0001521705808548,0.0001537051340935,0.0001517277427357,0.0001517277427357,390.41047323307293,0.059322544163852325,-0.0029101427924662178,0.16829949448678655,2.202071047095111,0.012994570610772686
1729877040.0,0.0001517277427357,0.0001517277427357,0.0001452351303341,0.0001463556282512,906.0871191882052,0.13504475144771463,-0.03540627697769071,1.2764490861132516,2.1956627059089087,0.04279120142787412
1729877100.0,0.0001463556282512,0.0001590964752859,0.0001463556282512,0.0001584118002356,3149.7292702173727,0.479967445056877,0.0823758684818541,2.5541362393688165,2.117922463993912,0.08705402851219374
1729877160.0,0.0001584118002356,0.0001667309700648,0.0001573404857065,0.0001639579607273,2089.870765772155,0.3368555696026612,0.035011031270722255,-0.298169963250855,2.2923881663426386,0.05927894477768617
1729877220.0,0.0001639579607273,0.0001648254311167,0.0001576623961948,0.0001606513135689,2749.3837388053817,0.446237730107694,-0.020167652389259137,0.32471530939522475,2.3726470401190944,0.04368824112062337
1729877280.0,0.0001606513135689,0.0001632727246067,0.0001563102642609,0.0001613713810642,2163.819698955575,0.34839952507892874,0.00448217620698862,-0.21925130581215807,2.324796319371568,0.043338956844656926
1729877340.0,0.0001613713810642,0.0001613713810642,0.0001531497563157,0.0001534137992194,1287.8361332353145,0.20269586468810638,-0.04931222495787,-0.4182085505363811,2.33521646612035,0.05094846864593109
1729877400.0,0.0001534137992194,0.0001534137992194,0.0001518198912425,0.0001520560872783,252.31425353079436,0.03853720319390183,-0.008849998813720165,-0.8098767172522238,2.2200617464177013,0.010389599794869328
1729877460.0,0.0001520560872783,0.0001520560872783,0.0001310208004578,0.0001395400069712,6124.790677399947,0.8929825198127869,-0.08231226076594034,22.171959711754415,2.200414202595519,0.13833899843812406
1729877520.0,0.0001395400069712,0.0001439040788753,0.000138562748942,0.0001430173637114,1526.4769334085904,0.21565865435578477,0.024920141654555816,-0.7584962196113341,2.019293134958398,0.038278125744987235
1729877580.0,0.0001430173637114,0.000144859055951,0.0001367981720076,0.0001367981720076,1065.5827756459466,0.14908330761015476,-0.043485570859423395,-0.30870704885228833,2.0696142059236333,0.05636297393697144
1729877640.0,0.0001367981720076,0.0001369285129054,0.0001316373610013,0.0001316373610013,1549.0475109224,0.20790969712528212,-0.03772573076497895,0.3945873649983362,1.979615850720272,0.03867852783738997
1729877700.0,0.0001316373610013,0.000134606229356,0.0001298742329551,0.0001335222287307,886.9956834556069,0.11759770575957183,0.01431863807556424,-0.43438085194886383,1.9049333961179142,0.03594721411084251
1729877760.0,0.0001335222287307,0.0001377016927564,0.0001335222287307,0.0001368694949929,431.3628153904044,0.058318467601838245,0.02506898135254364,-0.5040849885195023,1.932209447974982,0.031301634682338306
1729877820.0,0.0001368694949929,0.0001368694949929,0.0001090259883752,0.0001094124509484,6369.851005318088,0.7843896504729424,-0.20060747682253305,12.45010736270131,1.9806479705954754,0.20343106123935326
1729877880.0,0.0001094124509484,0.000126835208271,0.0001094124509484,0.0001198061368958,4955.211830760404,0.5679133291578865,0.0949954585360835,-0.2759805935538963,1.5833151787406465,0.15923925633305433
1729877940.0,0.0001198061368958,0.0001266279872277,0.0001198061368958,0.0001223022650466,1518.674043883165,0.18384187291797768,0.020834726963702865,-0.6762853353158972,1.7337229301522552,0.056940742007508614
1729878000.0,0.0001223022650466,0.0001223022650466,0.0001168370511809,0.000117732375938,1951.7220288568503,0.2342404482491946,-0.037365531266806654,0.2741408936456092,1.7698445740326885,0.044686121419072876
1729878060.0,0.000117732375938,0.0001177789098168,0.0001108409738854,0.0001108409738854,1460.5170199454592,0.16691763386151157,-0.058534468515518134,-0.28740900596323254,1.703713391264282,0.05892971985083913
1729878120.0,0.0001108409738854,0.0001116195174453,0.0001053608839526,0.0001088886168605,2633.161188964846,0.28929171520961655,-0.01761403708811298,0.7331405227660756,1.6039874334038562,0.05646498107433535
1729878180.0,0.0001088886168605,0.0001115702157365,0.0001085468200357,0.0001106660283579,539.2103415428006,0.059193067617760935,0.016323207591819187,-0.7953862329763902,1.5757347392630134,0.027765948250342322
1729878240.0,0.0001106660283579,0.0001158974419837,0.0001052785312018,0.0001105225542777,5209.04062052975,0.576090155873121,-0.0012964600097149542,8.732392306362994,1.6014557845216446,0.09595456654103333
1729878300.0,0.0001105225542777,0.0001143386093713,0.0001101771323719,0.0001143386093713,445.1644325187315,0.050050096155654346,0.0345273878127332,-0.9131210702953281,1.5993795611396857,0.037652739991367236
1729878360.0,0.0001143386093713,0.0001169634295943,0.0001134058315075,0.0001144678327024,959.5128892091328,0.10977136515189898,0.0011301810631643586,1.1932298553535885,1.6546019595069146,0.031114582435117468
1729878420.0,0.0001144678327024,0.0001480731641968,0.0001138006257378,0.0001342720641999,6156.135254237439,0.7656382242278176,0.17301132580179263,5.974844698053502,1.6564719593086241,0.299407594691722
1729878480.0,0.0001342720641999,0.0001342720641999,0.0001213402326138,0.0001257679519393,2747.2597906872097,0.35719874015443864,-0.06333493352674878,-0.533462764983174,1.9430603691421022,0.09631066345153907
1729878540.0,0.0001257679519393,0.0001285377323737,0.0001250488803036,0.0001258163937021,478.2538862647638,0.06016059551318857,0.00038516777965329934,-0.8315766861686648,1.8199967698240271,0.027740390268769288
1729878600.0,0.0001258163937021,0.0001324478273477,0.0001245906619322,0.0001308984281515,1824.7956706435511,0.23422604775423989,0.040392466354050034,2.893346562749569,1.8206977739388364,0.06244945657959093
1729878660.0,0.0001308984281515,0.0001315424463249,0.0001307249056233,0.0001307249056233,29.58794420906707,0.0038704483017594576,-0.0013256272871296076,-0.9834755854915825,1.8942402475135547,0.006245611296827865
1729878720.0,0.0001307249056233,0.0001360260867387,0.0001301346071845,0.0001360260867387,1787.7166168378071,0.23843759080176116,0.040552189271996976,60.60464427166497,1.8917291909530716,0.0450677667435233
1729878780.0,0.0001360260867387,0.0001363445461751,0.0001349744912519,0.0001352639044686,420.0712707332997,0.05698056567183811,-0.005603206622889247,-0.7610252415307611,1.9684429511559622,0.010072001305395218
1729878840.0,0.0001352639044686,0.0001361141070998,0.000127654287145,0.000127654287145,1004.6566741214984,0.1320712579762791,-0.056257560754994294,1.3178298849629284,1.9574133585752655,0.06254307080691929
1729878900.0,0.000127654287145,0.0001308643957585,0.000125912670837,0.0001308643957585,1252.863178193712,0.16194426934246575,0.0251468923237472,0.22618858806926814,1.84729405763258,0.03879011846954626
1729878960.0,0.0001308643957585,0.0001334306965149,0.0001308643957585,0.0001321524725478,139.86594118452405,0.018393550916533333,0.00984283602758568,-0.8864204890286285,1.8937477623901646,0.019610381735425612
1729879020.0,0.0001321524725478,0.0001371828421389,0.0001170477731613,0.0001238721533855,6447.826733110786,0.8254012137137103,-0.06265731546797203,43.87448983935915,1.9123876110929783,0.15236240828045855
1729879080.0,0.0001238721533855,0.0001245146763574,0.0001234492657248,0.0001234492657248,211.28538491734895,0.026127700617512354,-0.0034139041676617458,-0.9683454540853453,1.792562537247684,0.008600888928477525
1729879140.0,0.0001234492657248,0.0001234664839593,0.0001210805572005,0.0001212391281943,495.9369061018371,0.06067500251963301,-0.01790320515495776,1.3222480771601073,1.78644290053098,0.019327184692364482
1729879200.0,0.0001212391281943,0.0001212391281943,0.0001150396768625,0.0001154605924689,1198.5601096094467,0.1418494215713052,-0.04766230021168761,1.337856047478631,1.754459846785156,0.051134080425460096
1729879260.0,0.0001154605924689,0.0001160023820399,0.0001144282547478,0.0001144282547478,285.739955516959,0.03284421448877242,-0.008941039527214157,-0.7684571842102139,1.6708382548583305,0.013633459333962854
1729879320.0,0.0001144282547478,0.0001212116451953,0.0001139754885291,0.000115394685585,1609.5971167920766,0.18496117106617616,0.008445736058196589,4.631468858218665,1.6558992239780606,0.06323749918364556
1729879380.0,0.000115394685585,0.0001154629913708,0.0001147787798672,0.0001154629913708,67.76981742499508,0.00782259130922653,0.0005919318160426652,-0.9577068459064432,1.6698845117627519,0.005929315549770365
1729879440.0,0.0001154629913708,0.0001154629913708,9.25462426103788e-05,9.824140310116848e-05,5325.14892494922,0.5690038632396635,-0.14915245192570661,71.73853902715575,1.6708729695343811,0.1984770053880375
1729879500.0,9.824140310116848e-05,0.0001016264091478,9.3702958635275e-05,9.477287958973436e-05,5824.61215453892,0.5621166684805219,-0.03530612757904371,-0.012103950788539188,1.4216581692719417,0.08065286388841042
1729879560.0,9.477287958973436e-05,9.477287958973436e-05,8.331196391358848e-05,9.069068372860002e-05,3283.0251797921956,0.304440774154038,-0.04307346024311911,-0.45840287039168764,1.3714649245738368,0.1209303307629719
1729879620.0,9.069068372860002e-05,9.5182720942379e-05,8.426546672559079e-05,8.59948466243476e-05,4187.8098956093645,0.36996270621153143,-0.05177860515756097,0.21522061964124856,1.3123911846703733,0.120379004413056
1729879680.0,8.59948466243476e-05,8.87189719728013e-05,8.59948466243476e-05,8.624957607680393e-05,839.1585164399795,0.07227018710947952,0.0029621478781055727,-0.8046554804144015,1.2444373997070624,0.031677774371219374
1729879740.0,8.624957607680393e-05,8.745347026721146e-05,8.240333015646508e-05,8.240333015646508e-05,979.1413591082012,0.08256751791339552,-0.04459437478178244,0.14248379886324272,1.24812360731004,0.05855263689933167
1729879800.0,8.240333015646508e-05,8.769247736368774e-05,8.097791303087213e-05,8.206315640902982e-05,4756.258701566692,0.3911225789216183,-0.004128155340194995,3.7370029862332057,1.1924643153916656,0.08148413808114527
1729879860.0,8.206315640902982e-05,8.321001814720463e-05,8.16268824668393e-05,8.230104892437442e-05,742.5838504650301,0.061027102237552075,0.0028988955062716937,-0.8439693704060434,1.1875416374600896,0.01929167423775973
1729879920.0,8.230104892437442e-05,8.742584576884047e-05,8.230104892437442e-05,8.61621121271187e-05,1085.007667399737,0.0913919107076334,0.046913900286886585,0.4975626788223416,1.1909841965764332,0.062268912868597474
1729879980.0,8.61621121271187e-05,8.655008997142254e-05,8.498421247604977e-05,8.655008997142254e-05,511.4845581792418,0.04416981219126814,0.004502882238209774,-0.516698886703778,1.2468579104178776,0.018173620129721985
1729880040.0,8.655008997142254e-05,9.552354074930489e-05,8.655008997142254e-05,8.976136593755087e-05,2490.642636697807,0.21956441471257734,0.03710309217689601,3.9709157413167055,1.2524723647562697,0.10367927729301303
1729880100.0,8.976136593755087e-05,8.976136593755087e-05,8.339315967206227e-05,8.404737635487178e-05,1163.022017484973,0.10107169705872956,-0.06365756049940746,-0.5396717760888606,1.2989429623548365,0.07094595986784694
1729880160.0,8.404737635487178e-05,8.919230494706601e-05,7.901999970659535e-05,8.783278026459081e-05,3797.5914277500538,0.3263653046892039,0.04503893011170254,2.229047440447778,1.216255422143454,0.12103061013493523
1729880220.0,8.783278026459081e-05,9.106681484756792e-05,8.391467126410307e-05,8.949661921198056e-05,2268.2343290815925,0.20111231572409127,0.018943257202806717,-0.3837815698099111,1.2710342650993522,0.0814290924404244
1729880280.0,8.949661921198056e-05,9.014823300293222e-05,8.455688244415961e-05,9.014823300293222e-05,1421.8398706300702,0.12771310671630484,0.007280876045253269,-0.3649662565095407,1.2951117940967096,0.062475550562742586
1729880340.0,9.014823300293222e-05,9.021010114898446e-05,8.958469129188813e-05,9.021010114898446e-05,102.69996261993658,0.009261397087797937,0.0006862934967369204,-0.9274827985480714,1.3045413425342733,0.006937571999619635
1729880400.0,9.021010114898446e-05,9.746263710783224e-05,8.978158695070943e-05,9.027249215014756e-05,2281.0070087837207,0.20584103013939098,0.0006916187917809907,21.225699663670653,1.305436640773879,0.08514623151167233
1729880460.0,9.027249215014756e-05,9.027249215014756e-05,8.897068328990866e-05,8.949320730488687e-05,337.6253043851402,0.03034672449825682,-0.008632583710711409,-0.8525720334876545,1.3063395052861178,0.014420880926535618
1729880520.0,8.949320730488687e-05,9.288738695505312e-05,8.712107629491855e-05,9.22445108296162e-05,1244.225530738818,0.11306135440058189,0.030743154788900877,2.7256526452163357,1.2950624201521261,0.06443294227337061
1729880580.0,9.22445108296162e-05,9.22445108296162e-05,8.755730811956944e-05,8.821268658814494e-05,686.5203130884425,0.06194376583515213,-0.043708012598369116,-0.4521225562566467,1.3348767245961515,0.050812808999599376
1729880640.0,8.821268658814494e-05,9.09158753809238e-05,8.821268658814494e-05,9.08066789937132e-05,373.2141444566745,0.033406279683404906,0.02940611499204542,-0.46069989073141954,1.2765319159002333,0.030643991214095338
1729880700.0,9.08066789937132e-05,9.35032666770297e-05,9.032376201507412e-05,9.18323339482266e-05,771.2545947450677,0.07043058895558747,0.011294928587625304,1.1083038764886763,1.3140697602102116,0.035013995635449977
1729880760.0,9.18323339482266e-05,9.18323339482266e-05,9.043073246810827e-05,9.101503196539329e-05,356.64346947558784,0.03260565948195287,-0.008899936957870351,-0.5370525794905174,1.3289120843109437,0.015262614156235237
1729880820.0,9.101503196539329e-05,9.185071152585144e-05,9.060389848858452e-05,9.120122659024304e-05,366.47289686931134,0.03338866006478574,0.0020457568472925405,0.024014253821986322,1.3170848505380242,0.013698979282246521
1729880880.0,9.120122659024304e-05,9.15727727346549e-05,9.120122659024304e-05,9.15727727346549e-05,17.08492263157199,0.0015613398187644366,0.004073916089760316,-0.9532374220548269,1.3197792858894777,0.004073916089760316
1729880940.0,9.15727727346549e-05,9.15727727346549e-05,8.993957188543952e-05,9.012413409663104e-05,336.41181463640777,0.03056249307046761,-0.015819534505321857,18.574529966611102,1.3251559559571953,0.01783500488674524
1729881000.0,9.012413409663104e-05,9.077574237500036e-05,9.012413409663104e-05,9.019913275675696e-05,41.192772295986984,0.0037140076355800544,0.0008321706596981894,-0.8784782502194206,1.3041926055869977,0.0072301197110052106
1729881060.0,9.019913275675696e-05,9.083090089665466e-05,8.79311470035617e-05,8.8416729748151e-05,437.63580038952375,0.03908434797480026,-0.019760755498754324,9.52349693640198,1.3052779164079624,0.03214835669110948
1729881120.0,8.8416729748151e-05,8.8416729748151e-05,8.38885298420458e-05,8.415796717213071e-05,745.9901877787304,0.06436951528070922,-0.048166931622002765,0.6469384450832247,1.2794846386439012,0.05121428850629816
1729881180.0,8.415796717213071e-05,8.630855420177686e-05,8.065474546658506e-05,8.138360779680922e-05,2861.027803646899,0.23680952432281732,-0.03296609303367575,2.6789079937935516,1.2178557895429374,0.06718090901159611
1729881240.0,8.138360779680922e-05,8.138360779680922e-05,7.378275640647689e-05,7.407939654321795e-05,1189.9348898134654,0.09249542646971026,-0.08975039877597624,-0.6094100237977715,1.1777078422832643,0.09339536051669534
1729881300.0,7.407939654321795e-05,7.817617606136044e-05,7.407939654321795e-05,7.533942502622243e-05,1541.2844324265836,0.11514845179825194,0.017009162355546264,0.24490968032846383,1.0720080937967469,0.055302549822371094
1729881360.0,7.533942502622243e-05,8.105555999779854e-05,7.477700962250007e-05,7.810897588697298e-05,1744.589822884771,0.13385225928555147,0.036760976869501985,0.16243212301342883,1.0902420535105954,0.08333685016992337
1729881420.0,7.810897588697298e-05,7.810897588697298e-05,7.547087886897692e-05,7.67097584796306e-05,594.2625416083912,0.04600148728664611,-0.01791365705994027,-0.656326403960731,1.1303204164218568,0.033774569286550246
1729881480.0,7.67097584796306e-05,8.28866287620605e-05,7.628346716006737e-05,7.681654145519205e-05,1662.979409254128,0.12765553778529173,0.0013920390010066974,1.7750306634618136,1.1100722441142268,0.08607981217600268
1729881540.0,7.681654145519205e-05,7.686308083237337e-05,6.566626178762408e-05,7.253908182456797e-05,3925.396701291906,0.2931400354708833,-0.05568409550329945,1.296336222905783,1.1116175079719688,0.14576052022962427
1729881600.0,7.253908182456797e-05,7.297691045110544e-05,7.210715277307692e-05,7.247698752607158e-05,240.78198370919245,0.01745862842397841,-0.0008560116413737553,-0.9404427020828668,1.0497180924949179,0.01199019419810117
1729881660.0,7.247698752607158e-05,7.283477271342416e-05,7.014123064293375e-05,7.014123064293375e-05,687.6048978351828,0.04903249266676736,-0.03222756578145033,1.80849626190704,1.0488195215875815,0.037164100805396734
1729881720.0,7.014123064293375e-05,7.079375570530263e-05,6.904649417231273e-05,6.910466210494704e-05,429.9440309275834,0.029933970209066914,-0.014778305548466228,-0.38950747594043506,1.0150186214627486,0.024910619859018955
1729881780.0,6.910466210494704e-05,7.547250156413849e-05,6.870043204474939e-05,6.870043204474939e-05,1763.59745279125,0.12151635651203148,-0.005849533850317631,3.059480104487594,1.0000183661373891,0.09799728865043254
1729881840.0,6.870043204474939e-05,7.291889585768951e-05,6.480889209874379e-05,7.249009184744766e-05,1849.4206163901208,0.1305603328625756,0.05516209563616437,0.07442600000641611,0.9941687248537291,0.11804880286143053
1729881900.0,7.249009184744766e-05,7.45446003144101e-05,7.151892310864308e-05,7.353501022946305e-05,1276.5953942284862,0.09320748637656438,0.014414637302631273,-0.2860964403738756,1.0490091551325942,0.04173918295116025
1729881960.0,7.353501022946305e-05,7.524134116198083e-05,7.069076268286778e-05,7.524134116198083e-05,1750.3224181885714,0.13020329156837232,0.023204333924660488,0.3969188166103144,1.0641302416309701,0.0618831555868852
1729882020.0,7.524134116198083e-05,7.563772101098663e-05,7.38507318144707e-05,7.509055610532498e-05,605.6356232580927,0.04552317614852816,-0.002004018725971894,-0.6503684691824935,1.0888226750971048,0.023750097604837622
1729882080.0,7.509055610532498e-05,7.560542280452074e-05,7.392898096720859e-05,7.532542924827053e-05,713.6469947692829,0.05367195795642696,0.0031278652753097425,0.17900292768043735,1.0866406540669473,0.022325601570465287
1729882140.0,7.532542924827053e-05,7.532542924827053e-05,7.354185998451888e-05,7.386580057914643e-05,329.49393673887243,0.02457880282137475,-0.019377634932729045,-0.5420550366109467,1.0900395196355432,0.023678182541423756
1729882200.0,7.386580057914643e-05,7.386580057914643e-05,7.324414997670837e-05,7.324414997670837e-05,98.80820369666228,0.00726783498016441,-0.008415946182996657,-0.7043047607736209,1.0689171317617983,0.008415946182996657
1729882260.0,7.324414997670837e-05,7.355962804556295e-05,7.171189495934763e-05,7.171189495934763e-05,451.3079414968132,0.0327099071238055,-0.020919827970534155,3.5006397659108037,1.0599211827068078,0.025227039795026607
1729882320.0,7.171189495934763e-05,7.171368516323871e-05,6.931817471395389e-05,7.124102111327988e-05,1061.6433127607054,0.07588250369407368,-0.006566188863572441,1.3198630129661293,1.0377478139022565,0.03340464577937586
1729882380.0,7.124102111327988e-05,7.232665452696798e-05,6.64874991633009e-05,6.785575458282601e-05,3005.5796846160515,0.20903322161390578,-0.04751850096408614,1.754695897444815,1.0309337657634148,0.08196338671763666
1729882440.0,6.785575458282601e-05,7.384565561318407e-05,6.662749875160153e-05,6.921219647264642e-05,4838.916944953889,0.3316302154862179,0.019990078927863218,0.586495261020062,0.9819453386210769,0.10637501426311495
1729882500.0,6.921219647264642e-05,6.954919731254847e-05,6.899236932167565e-05,6.954919731254847e-05,224.6536895327149,0.015586629539272983,0.004869096157571527,-0.9529999716207381,1.0015745034429597,0.008045229298464523
1729882560.0,6.954919731254847e-05,7.087650188775064e-05,6.903356655838926e-05,6.938517737131567e-05,706.370645406757,0.049069581957312654,-0.002358329751754037,2.1481842712482555,1.0064512660091953,0.02649829761628129
1729882620.0,6.938517737131567e-05,6.938517737131567e-05,6.803448805792367e-05,6.845379784804892e-05,564.1264461926729,0.03887930561867003,-0.013423321212864653,-0.2076699236506132,1.0040777220448753,0.019466539750468193
1729882680.0,6.845379784804892e-05,7.710434324153873e-05,6.812446630942745e-05,7.709891766271089e-05,2107.096289375949,0.15334679338065757,0.1262913101454513,2.9441752094209135,0.9905996642591856,0.13118157376811246
1729882740.0,7.709891766271089e-05,7.875045838131033e-05,7.709891766271089e-05,7.833607602120289e-05,829.0901632032048,0.0644348121404426,0.01604637777023364,-0.5798098498186784,1.1157037936881222,0.02142106230108874
1729882800.0,7.833607602120289e-05,8.212306223385671e-05,7.833607602120289e-05,8.212306223385671e-05,634.6417214585902,0.05091703186297647,0.04834281221373431,-0.20979001611741604,1.1336067982413247,0.04834281221373431
1729882860.0,8.212306223385671e-05,8.24978720580256e-05,8.069626083159086e-05,8.079389093064893e-05,637.4346813048651,0.05192445805978814,-0.016185116178726828,0.019785642641597188,1.1884085388129177,0.02193794504769436
1729882920.0,8.079389093064893e-05,8.106154167024384e-05,7.938715881552973e-05,7.976327429947926e-05,180.18108012633337,0.014464681726593338,-0.012756120782130849,-0.7214283544387107,1.1691740085444395,0.020724126978255774
1729882980.0,7.976327429947926e-05,7.98375276357667e-05,7.651673861254688e-05,7.833006901835381e-05,1314.7859054686264,0.1039294497713498,-0.01796823530268257,6.185049193324134,1.1542598836761186,0.041633057975423444
1729883040.0,7.833006901835381e-05,7.943466923801612e-05,7.464505196664345e-05,7.464505196664345e-05,1742.683194712412,0.13329358627482638,-0.04704473132593451,0.282539131767552,1.1335198704857792,0.0611465983803793
1729883100.0,7.464505196664345e-05,7.539848774636592e-05,7.297036201417913e-05,7.297036201417913e-05,432.1112211846462,0.03189313840046517,-0.022435377943238355,-0.7607301349465719,1.0801937327261677,0.032528957622962595
1729883160.0,7.297036201417913e-05,7.415453234682806e-05,7.204419806258476e-05,7.415453234682806e-05,692.5378935316432,0.05094478221341873,0.016228100011602326,0.5973587037353365,1.0559591780805386,0.028920430514422238
1729883220.0,7.415453234682806e-05,8.555532441895236e-05,7.415453234682806e-05,8.555532441895236e-05,3760.2620548409063,0.30027545709022013,0.15374369861577267,4.894135651268489,1.073095389230599,0.15374369861577267
1729883280.0,8.555532441895236e-05,8.555532441895236e-05,7.972787018845807e-05,8.244252391803044e-05,1198.9172070450209,0.1007077555588742,-0.03638348077179828,-0.6646154283311414,1.2380770433384436,0.06811328541001226
1729883340.0,8.244252391803044e-05,8.602009067706851e-05,8.244252391803044e-05,8.458097479833174e-05,1074.7599027365775,0.08975507961756014,0.025938687690195947,-0.10875702551936112,1.1930314910381343,0.043394677758714785
1729883400.0,8.458097479833174e-05,8.707422341435684e-05,8.458097479833174e-05,8.704097178535423e-05,529.3027692556016,0.04541998579589096,0.02908451921827475,-0.4939563756232827,1.2239771622887414,0.029477652887895937
1729883460.0,8.704097178535423e-05,8.763295326770787e-05,8.646252243680825e-05,8.659240004750928e-05,574.1078083259431,0.049842137277604406,-0.005153569964167519,0.09736135765400235,1.2595759495880576,0.013446895259693774
1729883520.0,8.659240004750928e-05,8.92642866284498e-05,8.599880246373737e-05,8.809157876749901e-05,1392.7867609230043,0.12164876651944904,0.017313051944133642,1.44068118190649,1.2530846368066728,0.03771097882632656
1729883580.0,8.809157876749901e-05,8.972719370466336e-05,8.725009908395836e-05,8.891552948544281e-05,791.7418583416703,0.07007196841393468,0.009353342617669054,-0.4239812665693436,1.2747793562141025,0.028119539408446973
1729883640.0,8.891552948544281e-05,9.171480715187424e-05,8.891552948544281e-05,9.031096382854564e-05,1472.0323055080737,0.1319135940805589,0.01569393278292623,0.8825444334788551,1.2867028042947046,0.03148243824932434
1729883700.0,9.031096382854564e-05,9.430363615969928e-05,9.031096382854564e-05,9.161185303424292e-05,958.4913896890722,0.08718572677548239,0.014404554558480876,-0.3390694311441582,1.3068962316169084,0.04421027261688496
1729883760.0,9.161185303424292e-05,9.364532107047464e-05,9.161185303424292e-05,9.262879629402775e-05,380.67908925781506,0.03506828129527728,0.011100564240357826,-0.5977749731262334,1.3257214896875074,0.022196560476422666
1729883820.0,9.262879629402775e-05,9.460588444445536e-05,9.170521005471244e-05,9.278958402084016e-05,1157.4050438065751,0.10730208429543696,0.001735828740578958,2.0598044823453483,1.3404377462486063,0.03131503922965195
1729883880.0,9.278958402084016e-05,9.741883829077556e-05,9.190193952338452e-05,9.500027471182849e-05,1694.7854877860068,0.15913176366675555,0.02382477208316628,0.4830258397275388,1.3427645166135016,0.059456013577471906
1729883940.0,9.500027471182849e-05,0.0001019961389733,9.496041801309842e-05,9.9475729476126e-05,2443.4418144760743,0.23759540027253603,0.04710991392259911,0.49307338018382335,1.3747555751831813,0.074060006474124
1729884000.0,9.9475729476126e-05,0.000100065476576,9.76936707200748e-05,9.76936707200748e-05,669.8832458915457,0.06604023889696008,-0.0179145080456925,-0.7220474856785611,1.439520191994674,0.023843060698483513
1729884060.0,9.76936707200748e-05,0.0001056980192326,9.307615363450184e-05,0.0001056980192326,2616.1750081228115,0.26605412805702566,0.08193313296068425,3.0286669536756095,1.4137318959332486,0.12919839642697067
1729884120.0,0.0001056980192326,0.0001313076491632,0.0001056980192326,0.0001296863703127,3348.476404522788,0.3940895371927187,0.22695175609025386,0.4812381979213272,1.5295633793335077,0.24229053785996896
1729884180.0,0.0001296863703127,0.0001306697101269,0.0001226960813405,0.0001226960813405,1002.9582499799108,0.12656453101786644,-0.053901492927475717,-0.6788432092883159,1.8767004743245905,0.06148393826717463
1729884240.0,0.0001226960813405,0.0001229306902356,0.0001133471152672,0.0001133471152672,1163.3680470545778,0.13730255632900984,-0.07619612599815004,0.08484229526855017,1.7755435169807932,0.07810823999997318
1729884300.0,0.0001133471152672,0.0001133471152672,0.0001068394358094,0.0001106071372405,1117.684639926667,0.12515511403705726,-0.024173337100294772,-0.08847207668038166,1.6402539794457263,0.057413719285744964
1729884360.0,0.0001106071372405,0.0001106071372405,0.00010234386914,0.0001043268806996,1208.0797904362269,0.12982872167534612,-0.05677984891015168,0.03734252231119418,1.6006035670704848,0.07470827205782092
1729884420.0,0.0001043268806996,0.0001131885579644,0.0001019155659375,0.0001131885579644,1806.1098616075171,0.1964283894114677,0.08494145713333853,0.512981002020977,1.5097215383671727,0.10805452967926431
1729884480.0,0.0001131885579644,0.0001197267495863,0.0001121306713754,0.0001121306713754,2030.8838480364896,0.22879859175911466,-0.009346232587685431,0.1647939101096002,1.637959485701666,0.06710994775009953
1729884540.0,0.0001121306713754,0.0001121306713754,0.0001081788123242,0.0001081788123242,1269.6791597338129,0.13986118007254913,-0.03524333710595247,-0.38871485616572865,1.6226507353790924,0.03524333710595247
1729884600.0,0.0001081788123242,0.0001091017701592,0.0001015485843511,0.0001015485843511,3654.7383745629168,0.38324938241319906,-0.061289524544140286,1.7402127038710742,1.5654631085069055,0.06982130461428927
1729884660.0,0.0001015485843511,0.0001244886925764,0.0001015485843511,0.0001192489613095,3369.5073694134635,0.3719894786258987,0.17430451710879277,-0.02938009636545356,1.4695166188951254,0.22590278704413574
1729884720.0,0.0001192489613095,0.0001290450926397,0.0001192489613095,0.0001290450926397,1958.871143428371,0.24318802868296752,0.08214856735544232,-0.3462502499229658,1.725660003534986,0.08214856735544232
1729884780.0,0.0001290450926397,0.0001307586443747,0.0001277122294376,0.0001277122294376,860.6580336041526,0.11049012596625854,-0.010328662445315962,-0.545659683313198,1.8674205005679727,0.023607367585885074
1729884840.0,0.0001277122294376,0.0001277122294376,0.0001250853374995,0.0001255342691384,790.0055898762117,0.10003307474580904,-0.017053654992877247,-0.09464240473074376,1.8481325445741432,0.02056883627878011
1729884900.0,0.0001255342691384,0.000128217118358,0.0001213129939804,0.000128217118358,1656.5469482776464,0.21017554328918994,0.021371448912027254,1.1010605124681065,1.8166151297778674,0.05499792546677654
1729884960.0,0.000128217118358,0.0001513797774602,0.000128217118358,0.0001513797774602,3068.052598481714,0.42890899137122485,0.18065184585982227,1.0407178906685148,1.8554388272167308,0.18065184585982227
1729885020.0,0.0001513797774602,0.0001728920890878,0.0001511510958329,0.0001657398774247,4187.156298706877,0.66391478019753,0.09486141547721245,0.5479152770264623,2.190627276233417,0.14361887446040167
1729885080.0,0.0001657398774247,0.0001687790361505,0.0001574642371257,0.000158322234198,2897.1724079298097,0.46943190412437824,-0.044754728565972485,-0.29293349368617555,2.3984332804399093,0.06826841675408268
1729885140.0,0.000158322234198,0.0001684710044451,0.000158322234198,0.0001664689906997,2486.2803155238184,0.40376101455901053,0.05145680607002784,-0.13989438934250173,2.2910920499902265,0.06410198983427572
1729885200.0,0.0001664689906997,0.0001767435440255,0.0001655254526745,0.0001723707747047,3087.37044340695,0.5230619383802446,0.035452752973353804,0.2954741035400237,2.408984329295156,0.06738847459727067
1729885260.0,0.0001723707747047,0.0001755897040674,0.0001641260358446,0.0001641260358446,1780.0448756039707,0.29948971163768084,-0.04783141964886227,-0.427429736973207,2.4943894556383377,0.06650586935308023
1729885320.0,0.0001641260358446,0.0001641304868409,0.0001557909757986,0.0001557909757986,788.4105840283642,0.12611297899511215,-0.050784508399946526,-0.5789071407311576,2.375079266818003,0.05081162777973955
1729885380.0,0.0001557909757986,0.0001565065911704,0.0001551588962024,0.0001551588962024,125.12929452964912,0.01945446905878491,-0.0040572285587139635,-0.8457377724814595,2.2544620338417456,0.008650661317779152
1729885440.0,0.0001551588962024,0.0001566639181106,0.0001549956898886,0.0001549956898886,347.0559251579316,0.05382049340889367,-0.0010518656538204246,1.7664848239376831,2.2453151660935062,0.010751740717617935
1729885500.0,0.0001549956898886,0.0001584627884647,0.0001537225191704,0.0001570488358528,1274.9905160313729,0.1989269054498963,0.01324647134172347,2.6961182042419596,2.2429533961882906,0.030583232977039417
1729885560.0,0.0001570488358528,0.0001699506702201,0.0001544899582031,0.0001553047760123,3928.33904031834,0.613515443937057,-0.01110520705887101,2.084125008376924,2.27266461407172,0.09844525069572069
1729885620.0,0.0001553047760123,0.0001564754262878,0.000153160657949,0.0001555537747979,398.14696742929806,0.061883694652273745,0.0016032912315605155,-0.8991326212504887,2.2474262029570844,0.02134363426490809
1729885680.0,0.0001555537747979,0.0001579319965159,0.0001539378881275,0.0001549310152122,1142.5974057716028,0.17737955779854053,-0.0040035003104818175,1.8663375513572897,2.251029481681865,0.02567670500821515
1729885740.0,0.0001549310152122,0.0001549310152122,0.000150568360213,0.0001507468075789,536.0985877914858,0.08193672455874237,-0.02700690773612457,-0.5380712096948493,2.2420174844530476,0.028158693681989377
1729885800.0,0.0001507468075789,0.0001507468075789,0.0001440293221715,0.0001452833358234,846.4871166154413,0.12529285125993425,-0.03624270286878509,0.52914156545407,2.1814675251076463,0.044561377552782264
1729885860.0,0.0001452833358234,0.0001457963965661,0.0001425439703632,0.0001425439703632,904.7276263519008,0.13020265776273218,-0.018855331512554557,0.03918664515513323,2.1024052457772657,0.02238678086834074
1729885920.0,0.0001425439703632,0.0001425439703632,0.0001379278217247,0.0001379278217247,1357.4817563420647,0.19036767046394446,-0.03238403298812362,0.46208743918922723,2.0627636978944017,0.03238403298812362
1729885980.0,0.0001379278217247,0.0001468305549564,0.0001372692191899,0.0001446114242624,1717.7757173487696,0.24266952797733557,0.048457247088555304,0.2747412803125994,1.9959630902550856,0.06932129897319883
1729886040.0,0.0001446114242624,0.0001446114242624,0.0001405705568906,0.0001407142888493,393.9673910224902,0.05620451339312399,-0.026949014802790237,-0.76839072519079,2.0926819668992125,0.027942933225439903
1729886100.0,0.0001407142888493,0.0001426110284152,0.0001407142888493,0.0001426110284152,198.40591460192024,0.028106709350871173,0.013479367173090196,-0.49992077763794457,2.0362862495957135,0.013479367173090196
1729886160.0,0.0001426110284152,0.0001433279812964,0.000142479554243,0.000142479554243,343.353179111544,0.0489433789452277,-0.0009219074685950104,0.7413414830687282,2.0637340996235287,0.005949238728787927
1729886220.0,0.000142479554243,0.000142479554243,0.0001405078756767,0.0001405078756767,124.29857134877976,0.01758746662434082,-0.01383832632531475,-0.6406568773271074,2.061831527743892,0.01383832632531475
1729886280.0,0.0001405078756767,0.0001405078756767,0.0001384071785834,0.0001384071785834,315.8644716955164,0.044049678130896386,-0.01495074267675619,1.5046062103073,2.0332992302351496,0.01495074267675619
1729886340.0,0.0001384071785834,0.0001389496873746,0.0001324291968909,0.0001339827600624,779.4093219030623,0.10615162868656987,-0.0319666838547249,1.409816216389451,2.0028998966590574,0.04711092697963602
1729886400.0,0.0001339827600624,0.0001339827600624,0.0001142261928845,0.0001170817690382,3257.2875917828824,0.40889468768809833,-0.12614302777707131,2.851986943087111,1.9388738288698961,0.14745603963300014
1729886460.0,0.0001170817690382,0.0001314171326857,0.0001150466993847,0.0001182364320519,5390.797196716871,0.6342763493864841,0.009862022270292821,0.5511973338971455,1.6942984136185242,0.13982051548656452
1729886520.0,0.0001182364320519,0.0001189911449523,0.0001108753178648,0.0001108753178648,1164.1057939305315,0.13335515776779674,-0.062257580505041224,-0.7897522776991653,1.7110076223061519,0.0686406630059468
1729886580.0,0.0001108753178648,0.0001162252451493,0.000109942667291,0.000109942667291,1975.5903979363363,0.21812294558272347,-0.008411705975330457,0.6356543626346102,1.6044844275156875,0.05666344845081654
1729886640.0,0.000109942667291,0.0001109906108736,0.000109942667291,0.0001106962932554,173.34310980285406,0.0191231217823911,0.00685471785403634,-0.9123287019102784,1.5909879762694292,0.009531727839804603
1729886700.0,0.0001106962932554,0.0001131162139159,0.0001106962932554,0.0001115791025752,821.5112564717704,0.09130086985577815,0.007975057645003274,3.774370570596353,1.6018937499559203,0.02186090057159123
1729886760.0,0.0001115791025752,0.0001461476057585,0.0001112047597012,0.0001446499953322,3692.97544428459,0.4731238833416101,0.29638966431650127,4.1820304022182055,1.6146689449529892,0.31316658093525973
1729886820.0,0.0001446499953322,0.0001478996012028,0.0001446233665851,0.0001478996012028,694.7700995586193,0.10162735615522794,0.02246530228457344,-0.7851992686620518,2.093240131529885,0.02264939317955641
1729886880.0,0.0001478996012028,0.0001512410903062,0.0001478996012028,0.0001496462644663,878.1804276283968,0.1306494777761759,0.01180979021779095,0.2855739115816306,2.140265403838904,0.022592955465905205
1729886940.0,0.0001496462644663,0.0001517933526516,0.0001496380374736,0.0001507354574778,454.89480609548,0.0683210425791939,0.007278451055123294,-0.4770660875029358,2.1655414892686373,0.01440273290941643
1729887000.0,0.0001507354574778,0.000155172754813,0.0001499581494276,0.000155172754813,1066.2283478608774,0.16308400389394712,0.02943764797909941,1.3870245203724656,2.181303277006118,0.0345944177478481
1729887060.0,0.000155172754813,0.0002117526027986,0.000155172754813,0.0002041743696095,6637.488250963546,1.1925811581859396,0.3157874902430665,6.3126801507857895,2.24551571501028,0.36462488568811485
1729887120.0,0.0002041743696095,0.0002815753793733,0.0002029657744179,0.0002160985168671,11188.474585270322,2.3511062546108192,0.05840178314450491,0.971443401124278,2.9546214869547414,0.3850121105099881
1729887180.0,0.0002160985168671,0.0002228145056898,0.0002021941256861,0.0002032070343215,5037.592414775752,1.0561452320705287,-0.05965558085494974,-0.5507879620500804,3.1271766503099667,0.09542120095336648
1729887240.0,0.0002032070343215,0.0002122496090588,0.0002026869072368,0.0002122496090588,2375.4294171372917,0.49344396611534086,0.044499319462501824,-0.5327877728066199,2.9406231107996894,0.047058911390196065
1729887300.0,0.0002122496090588,0.0002145094011749,0.0002024533047547,0.0002039113181524,1684.5019462263997,0.35051194591532475,-0.03928530631163626,-0.2896621096114614,3.071478838025981,0.056801501183731666
1729887360.0,0.0002039113181524,0.0002662266258815,0.000199909930518,0.000199909930518,9982.390176298264,2.0155506328539494,-0.01962317575432196,4.750305107549338,2.9508148510444214,0.32522321940921395
1729887420.0,0.000199909930518,0.0002007092926862,0.0001924398592084,0.0001932770781952,1068.9465211775869,0.21014794256809835,-0.0331792037824893,-0.8957367087967737,2.8929104926039138,0.04136579636825703
1729887480.0,0.0001932770781952,0.0001987450571103,0.0001868501476693,0.0001868501476693,1653.2906228449874,0.3142303890049282,-0.03325241971740234,0.4952817770419142,2.796926025845307,0.06154330121333242
1729887540.0,0.0001868501476693,0.0001868501476693,0.0001612127381385,0.0001678282747478,6120.13744825976,1.0853403475622938,-0.10180282519854468,2.4539636697750193,2.7039214677153725,0.13720839855141476
1729887600.0,0.0001678282747478,0.0001707135297759,0.0001655906740547,0.0001662728760385,1028.3215805465795,0.17178171171949955,-0.00926779895483836,-0.8417254899761847,2.428654623186952,0.03052439005822034
1729887660.0,0.0001662728760385,0.0001729519054419,0.000127480278191,0.0001479503400916,10260.401582654693,1.612028192044063,-0.11019557960047241,8.38416654431949,2.4061463404085166,0.27347591702432084
1729887720.0,0.0001479503400916,0.0001726523626409,0.0001266306566899,0.0001299879653149,12402.356390849438,1.7235449591600842,-0.1214081344157709,0.06917792608491374,2.1409996498236445,0.3110618463094221
1729887780.0,0.0001299879653149,0.0001435833951843,0.0001230992100391,0.000123220163679,5127.155923905486,0.6491187792760493,-0.05206483245971889,-0.6233815800242443,1.8810648765537372,0.15758524333830742
1729887840.0,0.000123220163679,0.0001299790845488,0.000122379110109,0.000123690859346,2956.5640817678745,0.3650041310341378,0.00381995651479741,-0.4376928496180307,1.783127548910105,0.061678009612116974
1729887900.0,0.000123690859346,0.0001277791776685,0.0001187881073062,0.0001256271497368,4937.675375824501,0.6155256970988654,0.0156542722804087,0.686352686899582,1.789939018607279,0.07268985283018625
1729887960.0,0.0001256271497368,0.0001256271497368,0.0001185088682978,0.0001185088682978,818.6917814005325,0.0999360757543896,-0.05666196720942433,-0.8376410989412553,1.8179592113698848,0.05666196720942433
1729888020.0,0.0001185088682978,0.0001251638665986,0.0001185088682978,0.0001195289132107,2383.267270404369,0.2836538268944372,0.008607329793553753,1.8383526644728987,1.7149500661471735,0.056156120604212545
1729888080.0,0.0001195289132107,0.0001209761226019,0.0001189736589032,0.0001209761226019,545.8783557776774,0.06564324675281676,0.012107609383588486,-0.7685797245483802,1.729711206945979,0.016752964993249384
1729888140.0,0.0001209761226019,0.0001254201550605,0.0001209761226019,0.0001235449131783,726.0486364715472,0.08876708230841232,0.021233864345720464,0.3522652626045393,1.7506538745860962,0.036734789998387724
1729888200.0,0.0001235449131783,0.0001250207518299,0.0001187089458357,0.0001189310744634,814.1416369743088,0.09870489875278796,-0.037345436539676126,0.1119538480474968,1.7878270214753673,0.051089161276035716
1729888260.0,0.0001189310744634,0.0001282766165994,0.0001162107634861,0.0001182316135829,3128.662998588435,0.3710010633681153,-0.005881228969433475,2.7586894678582126,1.7210598409009408,0.10145248554878859
1729888320.0,0.0001182316135829,0.0001189341828294,0.0001143526820055,0.0001143526820055,678.3117387350387,0.0788823289715159,-0.03280790526199004,-0.7873797766093001,1.7109378939065056,0.03875021819513278
1729888380.0,0.0001143526820055,0.000115221997038,0.0001137947199466,0.0001146378026014,257.3295116892042,0.029463004792683906,0.002493344195340172,-0.6264942329057895,1.6548056055740723,0.012481360877319403
1729888440.0,0.0001146378026014,0.0001194013230687,0.0001142445257225,0.0001165163971724,1865.4962404759735,0.21560864532412802,0.016387217203839368,6.3179448885562,1.6589316055251468,0.04498339316682806
1729888500.0,0.0001165163971724,0.0001165163971724,0.0001107369080096,0.0001107369080096,595.3395267820756,0.06764643758335724,-0.04960236758993288,-0.6862535939518416,1.6861168780712013,0.04960236758993288
1729888560.0,0.0001107369080096,0.0001112100878016,0.0001089502110258,0.0001089502110258,383.7085629223736,0.042147914368814876,-0.016134611449013014,-0.37693815262809427,1.6024814888855234,0.020407620335616442
1729888620.0,0.0001089502110258,0.0001089795811748,0.0001070355142857,0.0001070355142857,219.26773740338325,0.023679350650240627,-0.0175740526068976,-0.4381845221797994,1.5766260727081198,0.017843626651073124
1729888680.0,0.0001070355142857,0.0001070355142857,0.0001059204173125,0.0001059204173125,123.133080134769,0.013110959895327774,-0.010418009206024568,-0.4463125239798524,1.5489183631649408,0.010418009206024568
1729888740.0,0.0001059204173125,0.0001059204173125,0.0001006464794163,0.0001006464794163,588.924571153507,0.06082616053525966,-0.04979151357230918,3.639336938017459,1.532781717398108,0.04979151357230918
1729888800.0,0.0001006464794163,0.0001042863368599,0.0001004193793025,0.0001005112194635,1214.392431681514,0.12214219354704903,-0.0013439114173138236,1.0080536478419633,1.4564621957128927,0.03842119048601049
1729888860.0,0.0001005112194635,0.0001005112194635,9.963383565648452e-05,9.963383565648452e-05,183.03684342764564,0.018316959558407057,-0.008729212636148492,-0.8500357736628383,1.4545048395391882,0.008729212636148492
1729888920.0,9.963383565648452e-05,9.963383565648452e-05,9.919081147300372e-05,9.919081147300372e-05,21.49657694566108,0.002137024662856478,-0.004446523418091137,-0.8833308193948796,1.4418081575145436,0.004446523418091137
1729888980.0,9.919081147300372e-05,9.960880667935852e-05,9.562470887324204e-05,9.94653094469176e-05,995.2079360222888,0.09885207403945456,0.0027673730039863066,45.25687094660051,1.4353971237777603,0.040165996698200396
1729889040.0,9.94653094469176e-05,0.0001006325619236,9.94653094469176e-05,0.0001004812732913,178.42708794064802,0.017837943250832003,0.01021425309016506,-0.8195491250521219,1.4393694030281026,0.011735272158433594
1729889100.0,0.0001004812732913,0.0001098654412816,0.0001004812732913,0.0001016423146252,2024.048571439585,0.2045539796883176,0.011554803157540382,10.467352306930156,1.4540714864008715,0.09339220814902337
1729889160.0,0.0001016423146252,0.0001016423146252,9.968714298614609e-05,9.968714298614609e-05,341.0014916492808,0.03432682267920484,-0.01923580396868658,-0.8321869722040647,1.4708729962032256,0.01923580396868658
1729889220.0,9.968714298614609e-05,0.0001009623032355,9.922411625756098e-05,0.000100797519933,354.19385922677213,0.035505218237555446,0.011138617414366397,0.034328710506157004,1.4425795715854257,0.01743642084496878
1729889280.0,0.000100797519933,0.0001035505134239,0.0001000804486243,0.0001023902696506,1074.3733012092605,0.10914976813017248,0.015801477245260525,2.0741894726539076,1.4586479135230963,0.03442609304183825
1729889340.0,0.0001023902696506,0.0001035039290976,0.000102038637321,0.0001035039290976,438.01045798858235,0.04509190614544564,0.010876614064991665,-0.5868804220301335,1.4816967053374783,0.014310849864935573
1729889400.0,0.0001035039290976,0.0001035039290976,0.0001034937787936,0.0001034937787936,19.379842346715886,0.0020057914725315016,-9.806684720574025e-05,-0.9555177049721131,1.4978125485628038,9.806684720574025e-05
1729889460.0,0.0001034937787936,0.0001042021245449,0.0001026419461981,0.0001026419461981,232.4254779978339,0.023955597206812954,-0.008230761360050725,10.943214204903706,1.497665662808461,0.01507509306343434
1729889520.0,0.0001026419461981,0.0001026419461981,9.916731212180892e-05,9.916731212180892e-05,362.2200323945047,0.03654967804307419,-0.03385198941556507,0.5257260225046483,1.4853387341407422,0.03385198941556507
1729889580.0,9.916731212180892e-05,9.916731212180892e-05,9.755193357634808e-05,9.812299845431874e-05,297.49201574761366,0.029346146090382483,-0.010530825583004865,-0.1970887936195298,1.435057063034081,0.016289425526393612
1729889640.0,9.812299845431874e-05,0.0001030066108668,9.79442493646616e-05,0.0001003327332329,1354.9523607766691,0.13444903107962913,0.022520049462308313,3.581488508424337,1.41994472740161,0.05159199761404742
1729889700.0,0.0001003327332329,0.0001080236234645,0.0001003327332329,0.0001073719125146,864.6146481857324,0.08979223960475845,0.0701583526620382,-0.33214662178132126,1.4519219528964382,0.07665384948446803
1729889760.0,0.0001073719125146,0.0001102051487526,0.0001072024482026,0.0001072024482026,671.8049960772731,0.07207606377995097,-0.0015782927586109267,-0.1973018593008635,1.5537864053055017,0.02796541925796199
1729889820.0,0.0001072024482026,0.0001072024482026,0.0001061385610132,0.0001061385610132,1.665042798473008,0.00017761095550686572,-0.009924094153049384,-0.9975357844727882,1.5513340754735798,0.009924094153049384
