0,1,2,3,4,5
1734443460.0,0.0001051643782223,0.0001359629721473,8.51792683082328e-05,0.0001289461820309,20992.30924355992
1734443520.0,0.0001289461820309,0.0001361354861123,7.27094004298228e-05,8.25409065580089e-05,20046.18516766268
1734443580.0,8.25409065580089e-05,9.13704244256493e-05,5.01870329483459e-05,6.02925952422023e-05,9888.30109854888
1734443640.0,6.02925952422023e-05,7.31022563663446e-05,5.54335143909524e-05,6.62689062074121e-05,7241.37072723304
1734443700.0,6.62689062074121e-05,7.11741424569799e-05,1.98688085292344e-05,1.98937485700742e-05,10086.65087182868
1734443760.0,1.98937485700742e-05,1.99669709401452e-05,6.98818994800696e-06,6.98818994800696e-06,4099.40013430252
1734443820.0,6.98818994800696e-06,7.06260187618545e-06,6.52420732361034e-06,6.56419787871515e-06,759.98231425891
1734443880.0,6.56419787871515e-06,6.56419787871515e-06,5.93631716572944e-06,6.07191634707928e-06,498.3383172327
1734443940.0,6.07191634707928e-06,7.04331690953018e-06,6.07191634707928e-06,6.37110069506924e-06,656.80281413589
1734444000.0,6.37110069506924e-06,6.76956893965667e-06,6.37110069506924e-06,6.73793053339098e-06,220.06192555398
1734444060.0,6.73793053339098e-06,6.73793053339098e-06,6.56357996132487e-06,6.56465697219671e-06,63.34441538154
1734444120.0,6.56465697219671e-06,6.94972407916289e-06,6.384786420753e-06,6.384786420753e-06,459.71119444203
1734444180.0,6.384786420753e-06,6.41934708506101e-06,6.32132574525219e-06,6.32132574525219e-06,106.38271036459
1734444240.0,6.32132574525219e-06,6.35745336612328e-06,6.2505811534049e-06,6.35745336612328e-06,77.75832284344
1734444300.0,6.35745336612328e-06,6.51795156934765e-06,6.35210681606902e-06,6.49242198231612e-06,55.03059877537
1734444360.0,6.49242198231612e-06,6.52400304567295e-06,6.49242198231612e-06,6.52400304567295e-06,1.3110882102
1734444420.0,6.52400304567295e-06,6.5247507798071e-06,6.46505151083839e-06,6.5247507798071e-06,32.64989398451
1734444480.0,6.5247507798071e-06,6.5247507798071e-06,6.51099840835703e-06,6.51099840835703e-06,8.58878718922
1734444540.0,6.51099840835703e-06,7.52373992622426e-06,6.47132518812617e-06,7.18068449748158e-06,581.45139511608
1734444600.0,7.18068449748158e-06,7.18068449748158e-06,7.18068449748158e-06,7.18068449748158e-06,0.0
1734444660.0,7.18068449748158e-06,7.18068449748158e-06,7.1687176180619e-06,7.1687176180619e-06,3.77839325193
1734444720.0,7.1687176180619e-06,7.22890756467915e-06,7.1687176180619e-06,7.22890756467915e-06,22.336
1734444780.0,7.22890756467915e-06,7.22890756467915e-06,6.65891025060444e-06,6.65891025060444e-06,446.56316202225
1734444840.0,6.65891025060444e-06,6.65891025060444e-06,6.14475117190865e-06,6.206325359092e-06,44.676
1734444900.0,6.206325359092e-06,6.206325359092e-06,6.05139874987894e-06,6.05139874987894e-06,86.5593453824
1734444960.0,6.05139874987894e-06,6.05139874987894e-06,5.44774390558688e-06,5.50811197715048e-06,288.4344189003
1734445020.0,5.50811197715048e-06,5.50811197715048e-06,5.3147659319447e-06,5.3147659319447e-06,154.80971435244
1734445080.0,5.3147659319447e-06,5.3147659319447e-06,5.14779438873389e-06,5.23330853262279e-06,165.26335590954
1734445140.0,5.23330853262279e-06,5.32170074762759e-06,5.23330853262279e-06,5.32170074762759e-06,9.05669964402
1734445200.0,5.32170074762759e-06,5.54550504150888e-06,5.32170074762759e-06,5.39056463607906e-06,205.99001768704
1734445260.0,5.39056463607906e-06,5.39056463607906e-06,5.39056463607906e-06,5.39056463607906e-06,0.0
1734445320.0,5.39056463607906e-06,5.39056463607906e-06,5.23142506400072e-06,5.23142506400072e-06,19.06112793121
1734445380.0,5.23142506400072e-06,5.23142506400072e-06,5.23142506400072e-06,5.23142506400072e-06,0.0
1734445440.0,5.23142506400072e-06,5.23142506400072e-06,5.16148784611674e-06,5.16148784611674e-06,37.52539090566
1734445500.0,5.16148784611674e-06,5.16148784611674e-06,5.09584775190136e-06,5.09584775190136e-06,18.09542711345
1734445560.0,5.09584775190136e-06,5.09584775190136e-06,5.09584775190136e-06,5.09584775190136e-06,0.0
1734445620.0,5.09584775190136e-06,5.09584775190136e-06,5.09584775190136e-06,5.09584775190136e-06,0.0
1734445680.0,5.09584775190136e-06,5.09584775190136e-06,4.93661665597329e-06,4.93661665597329e-06,107.42896077258
1734445740.0,4.93661665597329e-06,4.93661665597329e-06,4.79116669615994e-06,4.79116669615994e-06,20.55610529401
1734445800.0,4.79116669615994e-06,4.79116669615994e-06,4.74296421957729e-06,4.74296421957729e-06,21.78879238327
1734445860.0,4.74296421957729e-06,4.74296421957729e-06,4.71692018212684e-06,4.71692018212684e-06,4.75581438594
1734445920.0,4.71692018212684e-06,5.82557662098569e-06,4.69885190658083e-06,5.53936460707003e-06,747.3771499527
1734445980.0,5.53936460707003e-06,5.53936460707003e-06,5.20343987720023e-06,5.20343987720023e-06,30.2175280708
1734446040.0,5.20343987720023e-06,5.20343987720023e-06,5.05256137092527e-06,5.05256137092527e-06,67.79952160465
1734446100.0,5.05256137092527e-06,5.05256137092527e-06,5.05256137092527e-06,5.05256137092527e-06,0.0
1734446160.0,5.05256137092527e-06,5.05256137092527e-06,4.89006850817695e-06,4.93603734461408e-06,49.91104242963
1734446220.0,4.93603734461408e-06,4.93603734461408e-06,4.77165491546094e-06,4.79309079900238e-06,48.69495229281
1734446280.0,4.79309079900238e-06,4.79309079900238e-06,4.66284175757893e-06,4.66284175757893e-06,47.58146805797
1734446340.0,4.66284175757893e-06,4.66284175757893e-06,4.55499577100626e-06,4.55499577100626e-06,46.47409451834
1734446400.0,4.55499577100626e-06,4.55499577100626e-06,4.55499577100626e-06,4.55499577100626e-06,0.0
1734446460.0,4.55499577100626e-06,4.55499577100626e-06,4.55499577100626e-06,4.55499577100626e-06,0.0
1734446520.0,4.55499577100626e-06,4.55499577100626e-06,4.55499577100626e-06,4.55499577100626e-06,0.0
1734446580.0,4.55499577100626e-06,4.55499577100626e-06,4.55499577100626e-06,4.55499577100626e-06,0.0
1734446640.0,4.55499577100626e-06,4.55499577100626e-06,4.55499577100626e-06,4.55499577100626e-06,0.0
1734446700.0,4.55499577100626e-06,4.55499577100626e-06,4.55499577100626e-06,4.55499577100626e-06,0.0
1734446760.0,4.55499577100626e-06,4.55499577100626e-06,4.55499577100626e-06,4.55499577100626e-06,0.0
1734446820.0,4.55499577100626e-06,4.55499577100626e-06,4.55499577100626e-06,4.55499577100626e-06,0.0
1734446880.0,4.55499577100626e-06,4.55499577100626e-06,4.55499577100626e-06,4.55499577100626e-06,0.0
1734446940.0,4.55499577100626e-06,4.55499577100626e-06,4.55499577100626e-06,4.55499577100626e-06,0.0
1734447000.0,4.55499577100626e-06,4.55499577100626e-06,4.55499577100626e-06,4.55499577100626e-06,0.0
1734447060.0,4.55499577100626e-06,4.59405761322112e-06,4.55499577100626e-06,4.59405761322112e-06,6.6858102597
1734447120.0,4.59405761322112e-06,4.60142361578306e-06,4.57051257753077e-06,4.57051257753077e-06,7.14709264896
1734447180.0,4.57051257753077e-06,4.57051257753077e-06,4.57051257753077e-06,4.57051257753077e-06,0.0
1734447240.0,4.57051257753077e-06,4.57051257753077e-06,4.56737996022913e-06,4.56737996022913e-06,0.76346362512
1734447300.0,4.56737996022913e-06,4.56737996022913e-06,4.56172696158255e-06,4.56172696158255e-06,3.9460950358
1734447360.0,4.56172696158255e-06,4.56172696158255e-06,4.56172696158255e-06,4.56172696158255e-06,0.0
1734447420.0,4.56172696158255e-06,4.56172696158255e-06,4.56172696158255e-06,4.56172696158255e-06,0.0
1734447480.0,4.56172696158255e-06,4.56172696158255e-06,4.54832843404582e-06,4.54832843404582e-06,7.17506429725
1734447540.0,4.54832843404582e-06,4.54832843404582e-06,4.54832843404582e-06,4.54832843404582e-06,0.0
1734447600.0,4.54832843404582e-06,4.54832843404582e-06,4.54832843404582e-06,4.54832843404582e-06,0.0
1734447660.0,4.54832843404582e-06,4.54832843404582e-06,4.54832843404582e-06,4.54832843404582e-06,0.0
1734447720.0,4.54832843404582e-06,4.54832843404582e-06,4.54832843404582e-06,4.54832843404582e-06,0.0
1734447780.0,4.54832843404582e-06,4.54832843404582e-06,4.54832843404582e-06,4.54832843404582e-06,0.0
1734447840.0,4.54832843404582e-06,4.54832843404582e-06,4.54832843404582e-06,4.54832843404582e-06,0.0
1734447900.0,4.54832843404582e-06,4.54832843404582e-06,4.54832843404582e-06,4.54832843404582e-06,0.0
1734447960.0,4.54832843404582e-06,4.54832843404582e-06,4.54832843404582e-06,4.54832843404582e-06,0.0
1734448020.0,4.54832843404582e-06,4.54832843404582e-06,4.54832843404582e-06,4.54832843404582e-06,0.0
1734448080.0,4.54832843404582e-06,4.54832843404582e-06,4.54832843404582e-06,4.54832843404582e-06,0.0
1734448140.0,4.54832843404582e-06,4.54832843404582e-06,4.54832843404582e-06,4.54832843404582e-06,0.0
1734448200.0,4.54832843404582e-06,4.54832843404582e-06,4.54832843404582e-06,4.54832843404582e-06,0.0
1734448260.0,4.54832843404582e-06,4.54832843404582e-06,4.54832843404582e-06,4.54832843404582e-06,0.0
1734448320.0,4.54832843404582e-06,4.54832843404582e-06,4.54832843404582e-06,4.54832843404582e-06,0.0
1734448380.0,4.54832843404582e-06,4.54832843404582e-06,4.52299790937147e-06,4.52299790937147e-06,0.13124130554
1734448440.0,4.52299790937147e-06,4.52299790937147e-06,4.44485430051091e-06,4.44485430051091e-06,65.51135767785
1734448500.0,4.44485430051091e-06,4.44485430051091e-06,4.44485430051091e-06,4.44485430051091e-06,0.0
1734448560.0,4.44485430051091e-06,4.44485430051091e-06,4.44485430051091e-06,4.44485430051091e-06,0.0
1734448620.0,4.44485430051091e-06,4.44485430051091e-06,4.44485430051091e-06,4.44485430051091e-06,0.0
1734448680.0,4.44485430051091e-06,4.44485430051091e-06,4.33153353618819e-06,4.33153353618819e-06,2.37190321676
1734448740.0,4.33153353618819e-06,4.33153353618819e-06,4.25692786761211e-06,4.25692786761211e-06,62.92798364995
1734448800.0,4.25692786761211e-06,4.25692786761211e-06,4.25692786761211e-06,4.25692786761211e-06,0.0
1734448860.0,4.25692786761211e-06,4.25692786761211e-06,4.25692786761211e-06,4.25692786761211e-06,0.0
1734448920.0,4.25692786761211e-06,4.25692786761211e-06,4.23173850183837e-06,4.23173850183837e-06,43.44
1734448980.0,4.23173850183837e-06,4.23173850183837e-06,4.23173850183837e-06,4.23173850183837e-06,0.0
1734449040.0,4.23173850183837e-06,4.23173850183837e-06,4.23173850183837e-06,4.23173850183837e-06,0.0
1734449100.0,4.23173850183837e-06,4.23173850183837e-06,4.23173850183837e-06,4.23173850183837e-06,0.0
1734449160.0,4.23173850183837e-06,4.23173850183837e-06,4.23173850183837e-06,4.23173850183837e-06,0.0
1734449220.0,4.23173850183837e-06,4.23173850183837e-06,4.23173850183837e-06,4.23173850183837e-06,0.0
1734449280.0,4.23173850183837e-06,4.23173850183837e-06,4.23173850183837e-06,4.23173850183837e-06,0.0
1734449340.0,4.23173850183837e-06,4.23173850183837e-06,4.23173850183837e-06,4.23173850183837e-06,0.0
1734449400.0,4.23173850183837e-06,4.23173850183837e-06,4.23173850183837e-06,4.23173850183837e-06,0.0
1734449460.0,4.23173850183837e-06,4.23173850183837e-06,4.23173850183837e-06,4.23173850183837e-06,0.0
1734449520.0,4.23173850183837e-06,4.23173850183837e-06,4.23173850183837e-06,4.23173850183837e-06,0.0
1734449580.0,4.23173850183837e-06,4.23173850183837e-06,4.23173850183837e-06,4.23173850183837e-06,0.0
1734449640.0,4.23173850183837e-06,4.23173850183837e-06,4.23173850183837e-06,4.23173850183837e-06,0.0
1734449700.0,4.23173850183837e-06,4.23173850183837e-06,4.23173850183837e-06,4.23173850183837e-06,0.0
1734449760.0,4.23173850183837e-06,4.23173850183837e-06,4.23173850183837e-06,4.23173850183837e-06,0.0
1734449820.0,4.23173850183837e-06,4.23173850183837e-06,4.23173850183837e-06,4.23173850183837e-06,0.0
1734449880.0,4.23173850183837e-06,4.23173850183837e-06,4.23173850183837e-06,4.23173850183837e-06,0.0
1734449940.0,4.23173850183837e-06,4.23173850183837e-06,4.23173850183837e-06,4.23173850183837e-06,0.0
1734450000.0,4.23173850183837e-06,4.23173850183837e-06,4.23173850183837e-06,4.23173850183837e-06,0.0
1734450060.0,4.23173850183837e-06,4.23173850183837e-06,4.23173850183837e-06,4.23173850183837e-06,0.0
1734450120.0,4.23173850183837e-06,4.23173850183837e-06,4.23173850183837e-06,4.23173850183837e-06,0.0
1734450180.0,4.23173850183837e-06,4.23173850183837e-06,4.23173850183837e-06,4.23173850183837e-06,0.0
1734450240.0,4.23173850183837e-06,4.23173850183837e-06,4.23173850183837e-06,4.23173850183837e-06,0.0
1734450300.0,4.23173850183837e-06,4.23173850183837e-06,4.23173850183837e-06,4.23173850183837e-06,0.0
1734450360.0,4.23173850183837e-06,4.23173850183837e-06,4.23173850183837e-06,4.23173850183837e-06,0.0
1734450420.0,4.23173850183837e-06,4.23173850183837e-06,4.23173850183837e-06,4.23173850183837e-06,0.0
1734450480.0,4.23173850183837e-06,4.23173850183837e-06,4.23173850183837e-06,4.23173850183837e-06,0.0
1734450540.0,4.23173850183837e-06,4.23173850183837e-06,4.23173850183837e-06,4.23173850183837e-06,0.0
1734450600.0,4.23173850183837e-06,4.23173850183837e-06,4.23173850183837e-06,4.23173850183837e-06,0.0
1734450660.0,4.23173850183837e-06,4.23173850183837e-06,4.23173850183837e-06,4.23173850183837e-06,0.0
1734450720.0,4.23173850183837e-06,4.32505765409058e-06,4.23173850183837e-06,4.32505765409058e-06,2.1941
1734450780.0,4.32505765409058e-06,4.32505765409058e-06,4.32505765409058e-06,4.32505765409058e-06,0.0
1734450840.0,4.32505765409058e-06,4.32505765409058e-06,4.32505765409058e-06,4.32505765409058e-06,0.0
1734450900.0,4.32505765409058e-06,4.33337123657846e-06,4.32505765409058e-06,4.33337123657846e-06,4.34313
1734450960.0,4.33337123657846e-06,4.33337123657846e-06,4.31705641021522e-06,4.31705641021522e-06,0.348718496
1734451020.0,4.31705641021522e-06,4.31705641021522e-06,4.31705641021522e-06,4.31705641021522e-06,0.0
1734451080.0,4.31705641021522e-06,4.32058617503066e-06,4.31705641021522e-06,4.32058617503066e-06,2.19183162048
1734451140.0,4.32058617503066e-06,4.32058617503066e-06,4.32058617503066e-06,4.32058617503066e-06,0.0
1734451200.0,4.32058617503066e-06,4.32058617503066e-06,4.32058617503066e-06,4.32058617503066e-06,0.0
1734451260.0,4.32058617503066e-06,4.32058617503066e-06,4.32058617503066e-06,4.32058617503066e-06,0.0
1734451320.0,4.32058617503066e-06,4.32058617503066e-06,4.32058617503066e-06,4.32058617503066e-06,0.0
1734451380.0,4.32058617503066e-06,4.32058617503066e-06,4.32058617503066e-06,4.32058617503066e-06,0.0
1734451440.0,4.32058617503066e-06,4.32058617503066e-06,4.31627336167853e-06,4.31627336167853e-06,4.48343557821
1734451500.0,4.31627336167853e-06,4.31627336167853e-06,4.311184859367e-06,4.311184859367e-06,0.37329732
1734451560.0,4.311184859367e-06,4.311184859367e-06,4.311184859367e-06,4.311184859367e-06,0.0
1734451620.0,4.311184859367e-06,4.43707203362355e-06,4.311184859367e-06,4.43707203362355e-06,35.44
1734451680.0,4.43707203362355e-06,4.43707203362355e-06,4.43707203362355e-06,4.43707203362355e-06,0.0
1734451740.0,4.43707203362355e-06,4.43707203362355e-06,4.43707203362355e-06,4.43707203362355e-06,0.0
1734451800.0,4.43707203362355e-06,4.43707203362355e-06,4.43707203362355e-06,4.43707203362355e-06,0.0
1734451860.0,4.43707203362355e-06,4.43707203362355e-06,4.43707203362355e-06,4.43707203362355e-06,0.0
1734451920.0,4.43707203362355e-06,4.43707203362355e-06,4.43707203362355e-06,4.43707203362355e-06,0.0
1734451980.0,4.43707203362355e-06,4.43707203362355e-06,4.43707203362355e-06,4.43707203362355e-06,0.0
1734452040.0,4.43707203362355e-06,4.43707203362355e-06,4.43707203362355e-06,4.43707203362355e-06,0.0
1734452100.0,4.43707203362355e-06,4.43707203362355e-06,4.43707203362355e-06,4.43707203362355e-06,0.0
1734452160.0,4.43707203362355e-06,4.43707203362355e-06,4.43707203362355e-06,4.43707203362355e-06,0.0
1734452220.0,4.43707203362355e-06,4.50136465750064e-06,4.43707203362355e-06,4.50136465750064e-06,15.42250582656
1734452280.0,4.50136465750064e-06,4.50136465750064e-06,4.50136465750064e-06,4.50136465750064e-06,0.0
1734452340.0,4.50136465750064e-06,4.50136465750064e-06,4.50136465750064e-06,4.50136465750064e-06,0.0
1734452400.0,4.50136465750064e-06,4.50136465750064e-06,4.50136465750064e-06,4.50136465750064e-06,0.0
1734452460.0,4.50136465750064e-06,4.50136465750064e-06,4.50136465750064e-06,4.50136465750064e-06,0.0
1734452520.0,4.50136465750064e-06,4.50136465750064e-06,4.50136465750064e-06,4.50136465750064e-06,0.0
1734452580.0,4.50136465750064e-06,4.50136465750064e-06,4.50136465750064e-06,4.50136465750064e-06,0.0
1734452640.0,4.50136465750064e-06,4.50136465750064e-06,4.50136465750064e-06,4.50136465750064e-06,0.0
1734452700.0,4.50136465750064e-06,4.50136465750064e-06,4.50136465750064e-06,4.50136465750064e-06,0.0
1734452760.0,4.50136465750064e-06,4.50136465750064e-06,4.476817047684e-06,4.476817047684e-06,2.226708
1734452820.0,4.476817047684e-06,4.476817047684e-06,4.476817047684e-06,4.476817047684e-06,0.0
1734452880.0,4.476817047684e-06,4.476817047684e-06,4.476817047684e-06,4.476817047684e-06,0.0
1734452940.0,4.476817047684e-06,4.476817047684e-06,4.476817047684e-06,4.476817047684e-06,0.0
1734453000.0,4.476817047684e-06,4.476817047684e-06,4.4551776192e-06,4.4551776192e-06,0.11137944048
1734453060.0,4.4551776192e-06,4.4551776192e-06,4.4551776192e-06,4.4551776192e-06,0.0
1734453120.0,4.4551776192e-06,4.4551776192e-06,4.4551776192e-06,4.4551776192e-06,0.0
1734453180.0,4.4551776192e-06,4.4551776192e-06,4.4551776192e-06,4.4551776192e-06,0.0
1734453240.0,4.4551776192e-06,4.4551776192e-06,4.4551776192e-06,4.4551776192e-06,0.0
1734453300.0,4.4551776192e-06,4.4551776192e-06,4.4551776192e-06,4.4551776192e-06,0.0
1734453360.0,4.4551776192e-06,4.4551776192e-06,4.4551776192e-06,4.4551776192e-06,0.0
1734453420.0,4.4551776192e-06,4.4551776192e-06,4.4551776192e-06,4.4551776192e-06,0.0
1734453480.0,4.4551776192e-06,4.4551776192e-06,4.4551776192e-06,4.4551776192e-06,0.0
1734453540.0,4.4551776192e-06,4.4551776192e-06,4.4551776192e-06,4.4551776192e-06,0.0
1734453600.0,4.4551776192e-06,4.4551776192e-06,4.4551776192e-06,4.4551776192e-06,0.0
1734453660.0,4.4551776192e-06,4.4551776192e-06,4.4551776192e-06,4.4551776192e-06,0.0
1734453720.0,4.4551776192e-06,4.4551776192e-06,4.4551776192e-06,4.4551776192e-06,0.0
1734453780.0,4.4551776192e-06,4.4551776192e-06,4.4551776192e-06,4.4551776192e-06,0.0
1734453840.0,4.4551776192e-06,4.4551776192e-06,4.4551776192e-06,4.4551776192e-06,0.0
1734453900.0,4.4551776192e-06,4.4551776192e-06,4.4551776192e-06,4.4551776192e-06,0.0
1734453960.0,4.4551776192e-06,4.4551776192e-06,4.4551776192e-06,4.4551776192e-06,0.0
1734454020.0,4.4551776192e-06,4.4551776192e-06,4.4551776192e-06,4.4551776192e-06,0.0
1734454080.0,4.4551776192e-06,4.4551776192e-06,4.4551776192e-06,4.4551776192e-06,0.0
1734454140.0,4.4551776192e-06,4.4551776192e-06,4.4551776192e-06,4.4551776192e-06,0.0
1734454200.0,4.4551776192e-06,4.4551776192e-06,4.4551776192e-06,4.4551776192e-06,0.0
1734454260.0,4.4551776192e-06,4.4551776192e-06,4.4551776192e-06,4.4551776192e-06,0.0
1734454320.0,4.4551776192e-06,4.4551776192e-06,4.4551776192e-06,4.4551776192e-06,0.0
1734454380.0,4.4551776192e-06,4.4551776192e-06,4.4551776192e-06,4.4551776192e-06,0.0
1734454440.0,4.4551776192e-06,4.4551776192e-06,4.4551776192e-06,4.4551776192e-06,0.0
1734454500.0,4.4551776192e-06,4.4551776192e-06,4.4551776192e-06,4.4551776192e-06,0.0
1734454560.0,4.4551776192e-06,4.4551776192e-06,4.4551776192e-06,4.4551776192e-06,0.0
1734454620.0,4.4551776192e-06,4.4551776192e-06,4.4551776192e-06,4.4551776192e-06,0.0
1734454680.0,4.4551776192e-06,4.4551776192e-06,4.4551776192e-06,4.4551776192e-06,0.0
1734454740.0,4.4551776192e-06,4.4551776192e-06,4.4551776192e-06,4.4551776192e-06,0.0
1734454800.0,4.4551776192e-06,4.4551776192e-06,4.4551776192e-06,4.4551776192e-06,0.0
1734454860.0,4.4551776192e-06,4.4551776192e-06,4.4551776192e-06,4.4551776192e-06,0.0
1734454920.0,4.4551776192e-06,4.4551776192e-06,4.4551776192e-06,4.4551776192e-06,0.0
1734454980.0,4.4551776192e-06,4.4551776192e-06,4.4551776192e-06,4.4551776192e-06,0.0
1734455040.0,4.4551776192e-06,4.4551776192e-06,4.4551776192e-06,4.4551776192e-06,0.0
1734455100.0,4.4551776192e-06,4.4551776192e-06,4.4551776192e-06,4.4551776192e-06,0.0
1734455160.0,4.4551776192e-06,4.4551776192e-06,4.4551776192e-06,4.4551776192e-06,0.0
1734455220.0,4.4551776192e-06,4.4551776192e-06,4.4551776192e-06,4.4551776192e-06,0.0
1734455280.0,4.4551776192e-06,4.4551776192e-06,4.4551776192e-06,4.4551776192e-06,0.0
1734455340.0,4.4551776192e-06,4.4551776192e-06,4.4551776192e-06,4.4551776192e-06,0.0
1734455400.0,4.4551776192e-06,4.4551776192e-06,4.4551776192e-06,4.4551776192e-06,0.0
1734455460.0,4.4551776192e-06,4.4551776192e-06,4.4551776192e-06,4.4551776192e-06,0.0
1734455520.0,4.4551776192e-06,4.4551776192e-06,4.4551776192e-06,4.4551776192e-06,0.0
1734455580.0,4.4551776192e-06,4.4551776192e-06,4.4551776192e-06,4.4551776192e-06,0.0
1734455640.0,4.4551776192e-06,4.4551776192e-06,4.4551776192e-06,4.4551776192e-06,0.0
1734455700.0,4.4551776192e-06,4.45841982596924e-06,4.4551776192e-06,4.45841982596924e-06,34.3252112263
1734455760.0,4.45841982596924e-06,4.45841982596924e-06,4.45841982596924e-06,4.45841982596924e-06,0.0
1734455820.0,4.45841982596924e-06,4.45841982596924e-06,4.45841982596924e-06,4.45841982596924e-06,0.0
1734455880.0,4.45841982596924e-06,4.45841982596924e-06,4.45841982596924e-06,4.45841982596924e-06,0.0
1734455940.0,4.45841982596924e-06,4.45841982596924e-06,4.45841982596924e-06,4.45841982596924e-06,0.0
1734456000.0,4.45841982596924e-06,4.45841982596924e-06,4.45841982596924e-06,4.45841982596924e-06,0.0
1734456060.0,4.45841982596924e-06,4.45841982596924e-06,4.45841982596924e-06,4.45841982596924e-06,0.0
1734456120.0,4.45841982596924e-06,4.45841982596924e-06,4.45841982596924e-06,4.45841982596924e-06,0.0
1734456180.0,4.45841982596924e-06,4.45841982596924e-06,4.42362700903215e-06,4.42362700903215e-06,1.15853914866
1734456240.0,4.42362700903215e-06,4.42362700903215e-06,4.42362700903215e-06,4.42362700903215e-06,0.0
1734456300.0,4.42362700903215e-06,4.42362700903215e-06,4.42362700903215e-06,4.42362700903215e-06,0.0
1734456360.0,4.42362700903215e-06,4.42362700903215e-06,4.42362700903215e-06,4.42362700903215e-06,0.0
1734456420.0,4.42362700903215e-06,4.42362700903215e-06,4.42362700903215e-06,4.42362700903215e-06,0.0
1734456480.0,4.42362700903215e-06,4.42362700903215e-06,4.42362700903215e-06,4.42362700903215e-06,0.0
1734456540.0,4.42362700903215e-06,4.42362700903215e-06,4.42362700903215e-06,4.42362700903215e-06,0.0
1734456600.0,4.42362700903215e-06,4.42362700903215e-06,4.42362700903215e-06,4.42362700903215e-06,0.0
1734456660.0,4.42362700903215e-06,4.42362700903215e-06,4.42362700903215e-06,4.42362700903215e-06,0.0
1734456720.0,4.42362700903215e-06,4.42362700903215e-06,4.42362700903215e-06,4.42362700903215e-06,0.0
1734456780.0,4.42362700903215e-06,4.42362700903215e-06,4.42362700903215e-06,4.42362700903215e-06,0.0
1734456840.0,4.42362700903215e-06,4.42362700903215e-06,4.42362700903215e-06,4.42362700903215e-06,0.0
1734456900.0,4.42362700903215e-06,4.42362700903215e-06,4.42362700903215e-06,4.42362700903215e-06,0.0
1734456960.0,4.42362700903215e-06,4.42362700903215e-06,4.42362700903215e-06,4.42362700903215e-06,0.0
1734457020.0,4.42362700903215e-06,4.42362700903215e-06,4.42362700903215e-06,4.42362700903215e-06,0.0
1734457080.0,4.42362700903215e-06,4.42362700903215e-06,4.42362700903215e-06,4.42362700903215e-06,0.0
1734457140.0,4.42362700903215e-06,4.42362700903215e-06,4.42362700903215e-06,4.42362700903215e-06,0.0
1734457200.0,4.42362700903215e-06,4.42362700903215e-06,4.42362700903215e-06,4.42362700903215e-06,0.0
1734457260.0,4.42362700903215e-06,4.42362700903215e-06,4.42362700903215e-06,4.42362700903215e-06,0.0
1734457320.0,4.42362700903215e-06,4.42362700903215e-06,4.42362700903215e-06,4.42362700903215e-06,0.0
1734457380.0,4.42362700903215e-06,4.42362700903215e-06,4.42362700903215e-06,4.42362700903215e-06,0.0
1734457440.0,4.42362700903215e-06,4.42362700903215e-06,4.39355751980615e-06,4.39355751980615e-06,8.8124598079
1734457500.0,4.39355751980615e-06,4.39355751980615e-06,4.39355751980615e-06,4.39355751980615e-06,0.0
1734457560.0,4.39355751980615e-06,4.39355751980615e-06,4.39355751980615e-06,4.39355751980615e-06,0.0
1734457620.0,4.39355751980615e-06,4.39355751980615e-06,4.39355751980615e-06,4.39355751980615e-06,0.0
1734457680.0,4.39355751980615e-06,4.39355751980615e-06,4.39355751980615e-06,4.39355751980615e-06,0.0
1734457740.0,4.39355751980615e-06,4.39355751980615e-06,4.39355751980615e-06,4.39355751980615e-06,0.0
1734457800.0,4.39355751980615e-06,4.39355751980615e-06,4.39355751980615e-06,4.39355751980615e-06,0.0
1734457860.0,4.39355751980615e-06,4.39355751980615e-06,4.39355751980615e-06,4.39355751980615e-06,0.0
1734457920.0,4.39355751980615e-06,4.39355751980615e-06,4.39355751980615e-06,4.39355751980615e-06,0.0
1734457980.0,4.39355751980615e-06,4.39355751980615e-06,4.39355751980615e-06,4.39355751980615e-06,0.0
1734458040.0,4.39355751980615e-06,4.39355751980615e-06,4.39207355380585e-06,4.39207355380585e-06,0.26300857896
1734458100.0,4.39207355380585e-06,4.39207355380585e-06,4.39207355380585e-06,4.39207355380585e-06,0.0
1734458160.0,4.39207355380585e-06,4.39207355380585e-06,4.39207355380585e-06,4.39207355380585e-06,0.0
1734458220.0,4.39207355380585e-06,4.39207355380585e-06,4.39207355380585e-06,4.39207355380585e-06,0.0
1734458280.0,4.39207355380585e-06,4.39207355380585e-06,4.39207355380585e-06,4.39207355380585e-06,0.0
1734458340.0,4.39207355380585e-06,4.39207355380585e-06,4.39207355380585e-06,4.39207355380585e-06,0.0
1734458400.0,4.39207355380585e-06,4.39207355380585e-06,4.39207355380585e-06,4.39207355380585e-06,0.0
1734458460.0,4.39207355380585e-06,4.39207355380585e-06,4.39207355380585e-06,4.39207355380585e-06,0.0
1734458520.0,4.39207355380585e-06,4.39207355380585e-06,4.39207355380585e-06,4.39207355380585e-06,0.0
1734458580.0,4.39207355380585e-06,4.39207355380585e-06,4.39207355380585e-06,4.39207355380585e-06,0.0
1734458640.0,4.39207355380585e-06,4.39207355380585e-06,4.39207355380585e-06,4.39207355380585e-06,0.0
1734458700.0,4.39207355380585e-06,4.39207355380585e-06,4.39207355380585e-06,4.39207355380585e-06,0.0
1734458760.0,4.39207355380585e-06,4.39207355380585e-06,4.39207355380585e-06,4.39207355380585e-06,0.0
1734458820.0,4.39207355380585e-06,4.39207355380585e-06,4.39207355380585e-06,4.39207355380585e-06,0.0
1734458880.0,4.39207355380585e-06,4.39207355380585e-06,4.39207355380585e-06,4.39207355380585e-06,0.0
1734458940.0,4.39207355380585e-06,4.39207355380585e-06,4.39207355380585e-06,4.39207355380585e-06,0.0
1734459000.0,4.39207355380585e-06,4.39207355380585e-06,4.39207355380585e-06,4.39207355380585e-06,0.0
1734459060.0,4.39207355380585e-06,4.39207355380585e-06,4.39207355380585e-06,4.39207355380585e-06,0.0
1734459120.0,4.39207355380585e-06,4.39207355380585e-06,4.39207355380585e-06,4.39207355380585e-06,0.0
1734459180.0,4.39207355380585e-06,4.39207355380585e-06,4.39207355380585e-06,4.39207355380585e-06,0.0
1734459240.0,4.39207355380585e-06,4.39207355380585e-06,4.39207355380585e-06,4.39207355380585e-06,0.0
1734459300.0,4.39207355380585e-06,4.39207355380585e-06,4.39207355380585e-06,4.39207355380585e-06,0.0
1734459360.0,4.39207355380585e-06,4.39207355380585e-06,4.39207355380585e-06,4.39207355380585e-06,0.0
1734459420.0,4.39207355380585e-06,4.39207355380585e-06,4.39207355380585e-06,4.39207355380585e-06,0.0
1734459480.0,4.39207355380585e-06,4.39207355380585e-06,4.39207355380585e-06,4.39207355380585e-06,0.0
1734459540.0,4.39207355380585e-06,4.39207355380585e-06,4.39207355380585e-06,4.39207355380585e-06,0.0
1734459600.0,4.39207355380585e-06,4.39207355380585e-06,4.39207355380585e-06,4.39207355380585e-06,0.0
1734459660.0,4.39207355380585e-06,4.39207355380585e-06,4.39207355380585e-06,4.39207355380585e-06,0.0
1734459720.0,4.39207355380585e-06,4.39207355380585e-06,4.39207355380585e-06,4.39207355380585e-06,0.0
1734459780.0,4.39207355380585e-06,4.39207355380585e-06,4.39207355380585e-06,4.39207355380585e-06,0.0
1734459840.0,4.39207355380585e-06,4.39850606003301e-06,4.39207355380585e-06,4.39850606003301e-06,0.00924150304
1734459900.0,4.39850606003301e-06,4.39850606003301e-06,4.39850606003301e-06,4.39850606003301e-06,0.0
1734459960.0,4.39850606003301e-06,4.39850606003301e-06,4.39850606003301e-06,4.39850606003301e-06,0.0
1734460020.0,4.39850606003301e-06,4.39850606003301e-06,4.39850606003301e-06,4.39850606003301e-06,0.0
1734460080.0,4.39850606003301e-06,4.39850606003301e-06,4.39850606003301e-06,4.39850606003301e-06,0.0
1734460140.0,4.39850606003301e-06,4.39850606003301e-06,4.39850606003301e-06,4.39850606003301e-06,0.0
1734460200.0,4.39850606003301e-06,4.39850606003301e-06,4.39850606003301e-06,4.39850606003301e-06,0.0
1734460260.0,4.39850606003301e-06,4.39850606003301e-06,4.39850606003301e-06,4.39850606003301e-06,0.0
1734460320.0,4.39850606003301e-06,4.39850606003301e-06,4.39850606003301e-06,4.39850606003301e-06,0.0
1734460380.0,4.39850606003301e-06,4.39850606003301e-06,4.39850606003301e-06,4.39850606003301e-06,0.0
1734460440.0,4.39850606003301e-06,4.39850606003301e-06,4.39850606003301e-06,4.39850606003301e-06,0.0
1734460500.0,4.39850606003301e-06,4.39850606003301e-06,4.39850606003301e-06,4.39850606003301e-06,0.0
1734460560.0,4.39850606003301e-06,4.39850606003301e-06,4.39850606003301e-06,4.39850606003301e-06,0.0
1734460620.0,4.39850606003301e-06,4.39850606003301e-06,4.39850606003301e-06,4.39850606003301e-06,0.0
1734460680.0,4.39850606003301e-06,4.39850606003301e-06,4.39850606003301e-06,4.39850606003301e-06,0.0
1734460740.0,4.39850606003301e-06,4.39850606003301e-06,4.39850606003301e-06,4.39850606003301e-06,0.0
1734460800.0,4.39850606003301e-06,4.39850606003301e-06,4.39850606003301e-06,4.39850606003301e-06,0.0
1734460860.0,4.39850606003301e-06,4.39850606003301e-06,4.39850606003301e-06,4.39850606003301e-06,0.0
1734460920.0,4.39850606003301e-06,4.39850606003301e-06,4.39850606003301e-06,4.39850606003301e-06,0.0
1734460980.0,4.39850606003301e-06,4.39850606003301e-06,4.39850606003301e-06,4.39850606003301e-06,0.0
1734461040.0,4.39850606003301e-06,4.39850606003301e-06,4.39850606003301e-06,4.39850606003301e-06,0.0
1734461100.0,4.39850606003301e-06,4.39850606003301e-06,4.39850606003301e-06,4.39850606003301e-06,0.0
1734461160.0,4.39850606003301e-06,4.39850606003301e-06,4.39850606003301e-06,4.39850606003301e-06,0.0
1734461220.0,4.39850606003301e-06,4.39850606003301e-06,4.39850606003301e-06,4.39850606003301e-06,0.0
1734461280.0,4.39850606003301e-06,4.39850606003301e-06,4.39850606003301e-06,4.39850606003301e-06,0.0
1734461340.0,4.39850606003301e-06,4.39850606003301e-06,4.39850606003301e-06,4.39850606003301e-06,0.0
1734461400.0,4.39850606003301e-06,4.39850606003301e-06,4.39850606003301e-06,4.39850606003301e-06,0.0
1734461460.0,4.39850606003301e-06,4.4195449217996e-06,4.39850606003301e-06,4.4195449217996e-06,0.49012081853
1734461520.0,4.4195449217996e-06,4.4195449217996e-06,4.4195449217996e-06,4.4195449217996e-06,0.0
1734461580.0,4.4195449217996e-06,4.4195449217996e-06,4.4195449217996e-06,4.4195449217996e-06,0.0
1734461640.0,4.4195449217996e-06,4.4195449217996e-06,4.4195449217996e-06,4.4195449217996e-06,0.0
1734461700.0,4.4195449217996e-06,4.4195449217996e-06,4.4195449217996e-06,4.4195449217996e-06,0.0
1734461760.0,4.4195449217996e-06,4.4195449217996e-06,4.4195449217996e-06,4.4195449217996e-06,0.0
1734461820.0,4.4195449217996e-06,4.4195449217996e-06,4.4195449217996e-06,4.4195449217996e-06,0.0
1734461880.0,4.4195449217996e-06,4.4195449217996e-06,4.4195449217996e-06,4.4195449217996e-06,0.0
1734461940.0,4.4195449217996e-06,4.4195449217996e-06,4.4195449217996e-06,4.4195449217996e-06,0.0
1734462000.0,4.4195449217996e-06,4.4195449217996e-06,4.4195449217996e-06,4.4195449217996e-06,0.0
1734462060.0,4.4195449217996e-06,4.4195449217996e-06,4.4195449217996e-06,4.4195449217996e-06,0.0
1734462120.0,4.4195449217996e-06,4.4195449217996e-06,4.4195449217996e-06,4.4195449217996e-06,0.0
1734462180.0,4.4195449217996e-06,4.4195449217996e-06,4.4195449217996e-06,4.4195449217996e-06,0.0
1734462240.0,4.4195449217996e-06,4.4195449217996e-06,4.4195449217996e-06,4.4195449217996e-06,0.0
1734462300.0,4.4195449217996e-06,4.4195449217996e-06,4.4195449217996e-06,4.4195449217996e-06,0.0
1734462360.0,4.4195449217996e-06,4.4195449217996e-06,4.4195449217996e-06,4.4195449217996e-06,0.0
1734462420.0,4.4195449217996e-06,4.4195449217996e-06,4.4195449217996e-06,4.4195449217996e-06,0.0
1734462480.0,4.4195449217996e-06,4.4195449217996e-06,4.4195449217996e-06,4.4195449217996e-06,0.0
1734462540.0,4.4195449217996e-06,4.4195449217996e-06,4.4195449217996e-06,4.4195449217996e-06,0.0
1734462600.0,4.4195449217996e-06,4.4195449217996e-06,4.38728780050629e-06,4.38728780050629e-06,1.56057896556
1734462660.0,4.38728780050629e-06,4.38728780050629e-06,4.38728780050629e-06,4.38728780050629e-06,0.0
1734462720.0,4.38728780050629e-06,4.38728780050629e-06,4.38728780050629e-06,4.38728780050629e-06,0.0
1734462780.0,4.38728780050629e-06,4.38728780050629e-06,4.38728780050629e-06,4.38728780050629e-06,0.0
1734462840.0,4.38728780050629e-06,4.38728780050629e-06,4.38728780050629e-06,4.38728780050629e-06,0.0
1734462900.0,4.38728780050629e-06,4.38728780050629e-06,4.38728780050629e-06,4.38728780050629e-06,0.0
1734462960.0,4.38728780050629e-06,4.38728780050629e-06,4.38728780050629e-06,4.38728780050629e-06,0.0
1734463020.0,4.38728780050629e-06,4.38728780050629e-06,4.38728780050629e-06,4.38728780050629e-06,0.0
1734463080.0,4.38728780050629e-06,4.38728780050629e-06,4.38728780050629e-06,4.38728780050629e-06,0.0
1734463140.0,4.38728780050629e-06,4.38728780050629e-06,4.38728780050629e-06,4.38728780050629e-06,0.0
1734463200.0,4.38728780050629e-06,4.38728780050629e-06,4.38728780050629e-06,4.38728780050629e-06,0.0
1734463260.0,4.38728780050629e-06,4.38728780050629e-06,4.38728780050629e-06,4.38728780050629e-06,0.0
1734463320.0,4.38728780050629e-06,4.38728780050629e-06,4.38728780050629e-06,4.38728780050629e-06,0.0
1734463380.0,4.38728780050629e-06,4.38728780050629e-06,4.38728780050629e-06,4.38728780050629e-06,0.0
1734463440.0,4.38728780050629e-06,4.38728780050629e-06,4.38728780050629e-06,4.38728780050629e-06,0.0
1734463500.0,4.38728780050629e-06,4.38728780050629e-06,4.38728780050629e-06,4.38728780050629e-06,0.0
1734463560.0,4.38728780050629e-06,4.38728780050629e-06,4.38728780050629e-06,4.38728780050629e-06,0.0
1734463620.0,4.38728780050629e-06,4.38728780050629e-06,4.38728780050629e-06,4.38728780050629e-06,0.0
1734463680.0,4.38728780050629e-06,4.38728780050629e-06,4.38728780050629e-06,4.38728780050629e-06,0.0
1734463740.0,4.38728780050629e-06,4.38728780050629e-06,4.38728780050629e-06,4.38728780050629e-06,0.0
1734463800.0,4.38728780050629e-06,4.38728780050629e-06,4.38728780050629e-06,4.38728780050629e-06,0.0
1734463860.0,4.38728780050629e-06,4.38728780050629e-06,4.38728780050629e-06,4.38728780050629e-06,0.0
1734463920.0,4.38728780050629e-06,4.38728780050629e-06,4.38728780050629e-06,4.38728780050629e-06,0.0
1734463980.0,4.38728780050629e-06,4.38728780050629e-06,4.38728780050629e-06,4.38728780050629e-06,0.0
1734464040.0,4.38728780050629e-06,4.38728780050629e-06,4.38728780050629e-06,4.38728780050629e-06,0.0
1734464100.0,4.38728780050629e-06,4.38728780050629e-06,4.38728780050629e-06,4.38728780050629e-06,0.0
1734464160.0,4.38728780050629e-06,4.38728780050629e-06,4.38728780050629e-06,4.38728780050629e-06,0.0
1734464220.0,4.38728780050629e-06,4.38728780050629e-06,4.38728780050629e-06,4.38728780050629e-06,0.0
1734464280.0,4.38728780050629e-06,4.38728780050629e-06,4.38728780050629e-06,4.38728780050629e-06,0.0
1734464340.0,4.38728780050629e-06,4.38728780050629e-06,4.38728780050629e-06,4.38728780050629e-06,0.0
1734464400.0,4.38728780050629e-06,4.38728780050629e-06,4.38728780050629e-06,4.38728780050629e-06,0.0
1734464460.0,4.38728780050629e-06,4.38728780050629e-06,4.38728780050629e-06,4.38728780050629e-06,0.0
1734464520.0,4.38728780050629e-06,4.38728780050629e-06,4.38728780050629e-06,4.38728780050629e-06,0.0
1734464580.0,4.38728780050629e-06,4.38728780050629e-06,4.38728780050629e-06,4.38728780050629e-06,0.0
1734464640.0,4.38728780050629e-06,4.38728780050629e-06,4.38728780050629e-06,4.38728780050629e-06,0.0
1734464700.0,4.38728780050629e-06,4.38728780050629e-06,4.38728780050629e-06,4.38728780050629e-06,0.0
1734464760.0,4.38728780050629e-06,4.38728780050629e-06,4.38728780050629e-06,4.38728780050629e-06,0.0
1734464820.0,4.38728780050629e-06,4.38728780050629e-06,4.38728780050629e-06,4.38728780050629e-06,0.0
1734464880.0,4.38728780050629e-06,4.38728780050629e-06,4.38728780050629e-06,4.38728780050629e-06,0.0
1734464940.0,4.38728780050629e-06,4.38728780050629e-06,4.38728780050629e-06,4.38728780050629e-06,0.0
1734465000.0,4.38728780050629e-06,4.38728780050629e-06,4.38728780050629e-06,4.38728780050629e-06,0.0
1734465060.0,4.38728780050629e-06,4.4104560192e-06,4.38728780050629e-06,4.4104560192e-06,0.11026140048
1734465120.0,4.4104560192e-06,4.4104560192e-06,4.4104560192e-06,4.4104560192e-06,0.0
1734465180.0,4.4104560192e-06,4.4104560192e-06,4.4104560192e-06,4.4104560192e-06,0.0
1734465240.0,4.4104560192e-06,4.4104560192e-06,4.4104560192e-06,4.4104560192e-06,0.0
1734465300.0,4.4104560192e-06,4.4104560192e-06,4.4104560192e-06,4.4104560192e-06,0.0
1734465360.0,4.4104560192e-06,4.4104560192e-06,4.4104560192e-06,4.4104560192e-06,0.0
1734465420.0,4.4104560192e-06,4.4104560192e-06,4.4104560192e-06,4.4104560192e-06,0.0
1734465480.0,4.4104560192e-06,4.4104560192e-06,4.4104560192e-06,4.4104560192e-06,0.0
1734465540.0,4.4104560192e-06,4.4104560192e-06,4.4104560192e-06,4.4104560192e-06,0.0
1734465600.0,4.4104560192e-06,4.4104560192e-06,4.4104560192e-06,4.4104560192e-06,0.0
1734465660.0,4.4104560192e-06,4.4104560192e-06,4.4104560192e-06,4.4104560192e-06,0.0
1734465720.0,4.4104560192e-06,4.4104560192e-06,4.4104560192e-06,4.4104560192e-06,0.0
1734465780.0,4.4104560192e-06,4.4104560192e-06,4.4104560192e-06,4.4104560192e-06,0.0
1734465840.0,4.4104560192e-06,4.4104560192e-06,4.4104560192e-06,4.4104560192e-06,0.0
1734465900.0,4.4104560192e-06,4.4104560192e-06,4.4104560192e-06,4.4104560192e-06,0.0
1734465960.0,4.4104560192e-06,4.4104560192e-06,4.4104560192e-06,4.4104560192e-06,0.0
1734466020.0,4.4104560192e-06,4.4104560192e-06,4.4104560192e-06,4.4104560192e-06,0.0
1734466080.0,4.4104560192e-06,4.4104560192e-06,4.4104560192e-06,4.4104560192e-06,0.0
1734466140.0,4.4104560192e-06,4.4104560192e-06,4.4104560192e-06,4.4104560192e-06,0.0
1734466200.0,4.4104560192e-06,4.4104560192e-06,4.4104560192e-06,4.4104560192e-06,0.0
1734466260.0,4.4104560192e-06,4.4104560192e-06,4.4104560192e-06,4.4104560192e-06,0.0
1734466320.0,4.4104560192e-06,4.4104560192e-06,4.4104560192e-06,4.4104560192e-06,0.0
1734466380.0,4.4104560192e-06,4.4104560192e-06,4.4104560192e-06,4.4104560192e-06,0.0
1734466440.0,4.4104560192e-06,4.4104560192e-06,4.4104560192e-06,4.4104560192e-06,0.0
1734466500.0,4.4104560192e-06,4.4104560192e-06,4.4104560192e-06,4.4104560192e-06,0.0
1734466560.0,4.4104560192e-06,4.4104560192e-06,4.4104560192e-06,4.4104560192e-06,0.0
1734466620.0,4.4104560192e-06,4.4104560192e-06,4.4104560192e-06,4.4104560192e-06,0.0
1734466680.0,4.4104560192e-06,4.4104560192e-06,4.4104560192e-06,4.4104560192e-06,0.0
1734466740.0,4.4104560192e-06,4.4104560192e-06,4.4104560192e-06,4.4104560192e-06,0.0
1734466800.0,4.4104560192e-06,4.4104560192e-06,4.4104560192e-06,4.4104560192e-06,0.0
1734466860.0,4.4104560192e-06,4.4104560192e-06,4.4104560192e-06,4.4104560192e-06,0.0
1734466920.0,4.4104560192e-06,4.4104560192e-06,4.4104560192e-06,4.4104560192e-06,0.0
1734466980.0,4.4104560192e-06,4.4104560192e-06,4.4104560192e-06,4.4104560192e-06,0.0
1734467040.0,4.4104560192e-06,4.4104560192e-06,4.4104560192e-06,4.4104560192e-06,0.0
1734467100.0,4.4104560192e-06,4.4104560192e-06,4.4104560192e-06,4.4104560192e-06,0.0
1734467160.0,4.4104560192e-06,4.4104560192e-06,4.4104560192e-06,4.4104560192e-06,0.0
1734467220.0,4.4104560192e-06,4.4104560192e-06,4.4104560192e-06,4.4104560192e-06,0.0
1734467280.0,4.4104560192e-06,4.4104560192e-06,4.4104560192e-06,4.4104560192e-06,0.0
1734467340.0,4.4104560192e-06,4.4104560192e-06,4.4104560192e-06,4.4104560192e-06,0.0
1734467400.0,4.4104560192e-06,4.4104560192e-06,4.4104560192e-06,4.4104560192e-06,0.0
1734467460.0,4.4104560192e-06,4.4104560192e-06,4.4104560192e-06,4.4104560192e-06,0.0
1734467520.0,4.4104560192e-06,4.4104560192e-06,4.4104560192e-06,4.4104560192e-06,0.0
1734467580.0,4.4104560192e-06,4.4104560192e-06,4.4104560192e-06,4.4104560192e-06,0.0
1734467640.0,4.4104560192e-06,4.4104560192e-06,4.4104560192e-06,4.4104560192e-06,0.0
1734467700.0,4.4104560192e-06,4.4104560192e-06,4.4104560192e-06,4.4104560192e-06,0.0
1734467760.0,4.4104560192e-06,4.4104560192e-06,4.4104560192e-06,4.4104560192e-06,0.0
1734467820.0,4.4104560192e-06,4.4104560192e-06,4.4104560192e-06,4.4104560192e-06,0.0
1734467880.0,4.4104560192e-06,4.4104560192e-06,4.4104560192e-06,4.4104560192e-06,0.0
1734467940.0,4.4104560192e-06,4.4104560192e-06,4.4104560192e-06,4.4104560192e-06,0.0
1734468000.0,4.4104560192e-06,4.4104560192e-06,4.4104560192e-06,4.4104560192e-06,0.0
1734468060.0,4.4104560192e-06,4.4104560192e-06,4.4104560192e-06,4.4104560192e-06,0.0
1734468120.0,4.4104560192e-06,4.4104560192e-06,4.4104560192e-06,4.4104560192e-06,0.0
1734468180.0,4.4104560192e-06,4.4104560192e-06,4.4104560192e-06,4.4104560192e-06,0.0
1734468240.0,4.4104560192e-06,4.4104560192e-06,4.4104560192e-06,4.4104560192e-06,0.0
1734468300.0,4.4104560192e-06,4.4104560192e-06,4.4104560192e-06,4.4104560192e-06,0.0
1734468360.0,4.4104560192e-06,4.4104560192e-06,4.4104560192e-06,4.4104560192e-06,0.0
1734468420.0,4.4104560192e-06,4.4104560192e-06,4.4104560192e-06,4.4104560192e-06,0.0
1734468480.0,4.4104560192e-06,4.4104560192e-06,4.4104560192e-06,4.4104560192e-06,0.0
1734468540.0,4.4104560192e-06,4.4104560192e-06,4.4104560192e-06,4.4104560192e-06,0.0
1734468600.0,4.4104560192e-06,4.4104560192e-06,4.4104560192e-06,4.4104560192e-06,0.0
1734468660.0,4.4104560192e-06,4.4104560192e-06,4.4104560192e-06,4.4104560192e-06,0.0
1734468720.0,4.4104560192e-06,4.4104560192e-06,4.4104560192e-06,4.4104560192e-06,0.0
1734468780.0,4.4104560192e-06,4.4104560192e-06,4.4104560192e-06,4.4104560192e-06,0.0
1734468840.0,4.4104560192e-06,4.4104560192e-06,4.4104560192e-06,4.4104560192e-06,0.0
1734468900.0,4.4104560192e-06,4.4104560192e-06,4.4104560192e-06,4.4104560192e-06,0.0
1734468960.0,4.4104560192e-06,4.4104560192e-06,4.4104560192e-06,4.4104560192e-06,0.0
1734469020.0,4.4104560192e-06,4.4104560192e-06,4.4104560192e-06,4.4104560192e-06,0.0
1734469080.0,4.4104560192e-06,4.4104560192e-06,4.4104560192e-06,4.4104560192e-06,0.0
1734469140.0,4.4104560192e-06,4.4104560192e-06,4.4104560192e-06,4.4104560192e-06,0.0
1734469200.0,4.4104560192e-06,4.4104560192e-06,4.4104560192e-06,4.4104560192e-06,0.0
1734469260.0,4.4104560192e-06,4.4104560192e-06,4.4104560192e-06,4.4104560192e-06,0.0
1734469320.0,4.4104560192e-06,4.4104560192e-06,4.4104560192e-06,4.4104560192e-06,0.0
1734469380.0,4.4104560192e-06,4.4104560192e-06,4.4104560192e-06,4.4104560192e-06,0.0
1734469440.0,4.4104560192e-06,4.4104560192e-06,4.4104560192e-06,4.4104560192e-06,0.0
1734469500.0,4.4104560192e-06,4.4104560192e-06,4.4104560192e-06,4.4104560192e-06,0.0
1734469560.0,4.4104560192e-06,4.4104560192e-06,4.4104560192e-06,4.4104560192e-06,0.0
1734469620.0,4.4104560192e-06,4.4104560192e-06,4.4104560192e-06,4.4104560192e-06,0.0
1734469680.0,4.4104560192e-06,4.4104560192e-06,4.4104560192e-06,4.4104560192e-06,0.0
1734469740.0,4.4104560192e-06,4.4104560192e-06,4.4104560192e-06,4.4104560192e-06,0.0
1734469800.0,4.4104560192e-06,4.4104560192e-06,4.4104560192e-06,4.4104560192e-06,0.0
1734469860.0,4.4104560192e-06,4.4104560192e-06,4.4104560192e-06,4.4104560192e-06,0.0
1734469920.0,4.4104560192e-06,4.4104560192e-06,4.4104560192e-06,4.4104560192e-06,0.0
1734469980.0,4.4104560192e-06,4.4104560192e-06,4.4104560192e-06,4.4104560192e-06,0.0
1734470040.0,4.4104560192e-06,4.4104560192e-06,4.4104560192e-06,4.4104560192e-06,0.0
1734470100.0,4.4104560192e-06,4.4104560192e-06,4.4104560192e-06,4.4104560192e-06,0.0
1734470160.0,4.4104560192e-06,4.4104560192e-06,4.4104560192e-06,4.4104560192e-06,0.0
1734470220.0,4.4104560192e-06,4.4104560192e-06,4.4104560192e-06,4.4104560192e-06,0.0
1734470280.0,4.4104560192e-06,4.4104560192e-06,4.4104560192e-06,4.4104560192e-06,0.0
1734470340.0,4.4104560192e-06,4.4104560192e-06,4.4104560192e-06,4.4104560192e-06,0.0
1734470400.0,4.4104560192e-06,4.4104560192e-06,4.4104560192e-06,4.4104560192e-06,0.0
1734470460.0,4.4104560192e-06,4.4104560192e-06,4.4104560192e-06,4.4104560192e-06,0.0
1734470520.0,4.4104560192e-06,4.4104560192e-06,4.4104560192e-06,4.4104560192e-06,0.0
1734470580.0,4.4104560192e-06,4.4104560192e-06,4.4104560192e-06,4.4104560192e-06,0.0
1734470640.0,4.4104560192e-06,4.4104560192e-06,4.4104560192e-06,4.4104560192e-06,0.0
1734470700.0,4.4104560192e-06,4.4104560192e-06,4.4104560192e-06,4.4104560192e-06,0.0
1734470760.0,4.4104560192e-06,4.4104560192e-06,4.4104560192e-06,4.4104560192e-06,0.0
1734470820.0,4.4104560192e-06,4.4104560192e-06,4.4104560192e-06,4.4104560192e-06,0.0
1734470880.0,4.4104560192e-06,4.4104560192e-06,4.4104560192e-06,4.4104560192e-06,0.0
1734470940.0,4.4104560192e-06,4.4104560192e-06,4.4104560192e-06,4.4104560192e-06,0.0
1734471000.0,4.4104560192e-06,4.4104560192e-06,4.4104560192e-06,4.4104560192e-06,0.0
1734471060.0,4.4104560192e-06,4.4104560192e-06,4.4104560192e-06,4.4104560192e-06,0.0
1734471120.0,4.4104560192e-06,4.4104560192e-06,4.4104560192e-06,4.4104560192e-06,0.0
1734471180.0,4.4104560192e-06,4.4104560192e-06,4.4104560192e-06,4.4104560192e-06,0.0
1734471240.0,4.4104560192e-06,4.4104560192e-06,4.4104560192e-06,4.4104560192e-06,0.0
1734471300.0,4.4104560192e-06,4.4104560192e-06,4.4104560192e-06,4.4104560192e-06,0.0
1734471360.0,4.4104560192e-06,4.4104560192e-06,4.4104560192e-06,4.4104560192e-06,0.0
1734471420.0,4.4104560192e-06,4.4104560192e-06,4.4104560192e-06,4.4104560192e-06,0.0
1734471480.0,4.4104560192e-06,4.4104560192e-06,4.4104560192e-06,4.4104560192e-06,0.0
1734471540.0,4.4104560192e-06,4.4104560192e-06,4.4104560192e-06,4.4104560192e-06,0.0
1734471600.0,4.4104560192e-06,4.4104560192e-06,4.4104560192e-06,4.4104560192e-06,0.0
1734471660.0,4.4104560192e-06,4.4104560192e-06,4.4104560192e-06,4.4104560192e-06,0.0
1734471720.0,4.4104560192e-06,4.4104560192e-06,4.4104560192e-06,4.4104560192e-06,0.0
1734471780.0,4.4104560192e-06,4.4104560192e-06,4.4104560192e-06,4.4104560192e-06,0.0
1734471840.0,4.4104560192e-06,4.4104560192e-06,4.4104560192e-06,4.4104560192e-06,0.0
1734471900.0,4.4104560192e-06,4.4104560192e-06,4.4104560192e-06,4.4104560192e-06,0.0
1734471960.0,4.4104560192e-06,4.4104560192e-06,4.4104560192e-06,4.4104560192e-06,0.0
1734472020.0,4.4104560192e-06,4.4104560192e-06,4.4104560192e-06,4.4104560192e-06,0.0
1734472080.0,4.4104560192e-06,4.4104560192e-06,4.4104560192e-06,4.4104560192e-06,0.0
1734472140.0,4.4104560192e-06,4.4104560192e-06,4.4104560192e-06,4.4104560192e-06,0.0
1734472200.0,4.4104560192e-06,4.4104560192e-06,4.4104560192e-06,4.4104560192e-06,0.0
1734472260.0,4.4104560192e-06,4.4104560192e-06,4.4104560192e-06,4.4104560192e-06,0.0
1734472320.0,4.4104560192e-06,4.4104560192e-06,4.4104560192e-06,4.4104560192e-06,0.0
1734472380.0,4.4104560192e-06,4.4104560192e-06,4.4104560192e-06,4.4104560192e-06,0.0
1734472440.0,4.4104560192e-06,4.4104560192e-06,4.4104560192e-06,4.4104560192e-06,0.0
1734472500.0,4.4104560192e-06,4.4104560192e-06,4.4104560192e-06,4.4104560192e-06,0.0
1734472560.0,4.4104560192e-06,4.4104560192e-06,4.4104560192e-06,4.4104560192e-06,0.0
1734472620.0,4.4104560192e-06,4.4104560192e-06,4.4104560192e-06,4.4104560192e-06,0.0
1734472680.0,4.4104560192e-06,4.4104560192e-06,4.4104560192e-06,4.4104560192e-06,0.0
1734472740.0,4.4104560192e-06,4.4104560192e-06,4.4104560192e-06,4.4104560192e-06,0.0
1734472800.0,4.4104560192e-06,4.4104560192e-06,4.4104560192e-06,4.4104560192e-06,0.0
1734472860.0,4.4104560192e-06,4.4104560192e-06,4.4104560192e-06,4.4104560192e-06,0.0
1734472920.0,4.4104560192e-06,4.4104560192e-06,4.4104560192e-06,4.4104560192e-06,0.0
1734472980.0,4.4104560192e-06,4.4104560192e-06,4.4104560192e-06,4.4104560192e-06,0.0
1734473040.0,4.4104560192e-06,4.4104560192e-06,4.4104560192e-06,4.4104560192e-06,0.0
1734473100.0,4.4104560192e-06,4.4104560192e-06,4.4104560192e-06,4.4104560192e-06,0.0
1734473160.0,4.4104560192e-06,4.4104560192e-06,4.4104560192e-06,4.4104560192e-06,0.0
1734473220.0,4.4104560192e-06,4.4104560192e-06,4.4104560192e-06,4.4104560192e-06,0.0
1734473280.0,4.4104560192e-06,4.4104560192e-06,4.4104560192e-06,4.4104560192e-06,0.0
1734473340.0,4.4104560192e-06,4.4104560192e-06,4.4104560192e-06,4.4104560192e-06,0.0
1734473400.0,4.4104560192e-06,4.4104560192e-06,4.4104560192e-06,4.4104560192e-06,0.0
1734473460.0,4.4104560192e-06,4.4104560192e-06,4.4104560192e-06,4.4104560192e-06,0.0
1734473520.0,4.4104560192e-06,4.4104560192e-06,4.4104560192e-06,4.4104560192e-06,0.0
1734473580.0,4.4104560192e-06,4.4104560192e-06,4.4104560192e-06,4.4104560192e-06,0.0
1734473640.0,4.4104560192e-06,4.4104560192e-06,4.4104560192e-06,4.4104560192e-06,0.0
1734473700.0,4.4104560192e-06,4.4104560192e-06,4.4104560192e-06,4.4104560192e-06,0.0
1734473760.0,4.4104560192e-06,4.4104560192e-06,4.4104560192e-06,4.4104560192e-06,0.0
1734473820.0,4.4104560192e-06,4.4104560192e-06,4.4104560192e-06,4.4104560192e-06,0.0
1734473880.0,4.4104560192e-06,4.4104560192e-06,4.4104560192e-06,4.4104560192e-06,0.0
1734473940.0,4.4104560192e-06,4.4104560192e-06,4.4104560192e-06,4.4104560192e-06,0.0
1734474000.0,4.4104560192e-06,4.4104560192e-06,4.4104560192e-06,4.4104560192e-06,0.0
1734474060.0,4.4104560192e-06,4.4104560192e-06,4.4104560192e-06,4.4104560192e-06,0.0
1734474120.0,4.4104560192e-06,4.4104560192e-06,4.4104560192e-06,4.4104560192e-06,0.0
1734474180.0,4.4104560192e-06,4.4104560192e-06,4.4104560192e-06,4.4104560192e-06,0.0
1734474240.0,4.4104560192e-06,4.4104560192e-06,4.4104560192e-06,4.4104560192e-06,0.0
1734474300.0,4.4104560192e-06,4.4104560192e-06,4.4104560192e-06,4.4104560192e-06,0.0
1734474360.0,4.4104560192e-06,4.4104560192e-06,4.4104560192e-06,4.4104560192e-06,0.0
1734474420.0,4.4104560192e-06,4.4104560192e-06,4.4104560192e-06,4.4104560192e-06,0.0
1734474480.0,4.4104560192e-06,4.4104560192e-06,4.4104560192e-06,4.4104560192e-06,0.0
1734474540.0,4.4104560192e-06,4.4104560192e-06,4.4104560192e-06,4.4104560192e-06,0.0
1734474600.0,4.4104560192e-06,4.4104560192e-06,4.4104560192e-06,4.4104560192e-06,0.0
1734474660.0,4.4104560192e-06,4.4104560192e-06,4.33605997538191e-06,4.33605997538191e-06,0.64125356162
1734474720.0,4.33605997538191e-06,4.33605997538191e-06,4.33605997538191e-06,4.33605997538191e-06,0.0
1734474780.0,4.33605997538191e-06,4.33605997538191e-06,4.33605997538191e-06,4.33605997538191e-06,0.0
1734474840.0,4.33605997538191e-06,4.33605997538191e-06,4.33605997538191e-06,4.33605997538191e-06,0.0
1734474900.0,4.33605997538191e-06,4.33605997538191e-06,4.33605997538191e-06,4.33605997538191e-06,0.0
1734474960.0,4.33605997538191e-06,4.33605997538191e-06,4.33605997538191e-06,4.33605997538191e-06,0.0
1734475020.0,4.33605997538191e-06,4.33605997538191e-06,4.33605997538191e-06,4.33605997538191e-06,0.0
1734475080.0,4.33605997538191e-06,4.33605997538191e-06,4.33605997538191e-06,4.33605997538191e-06,0.0
1734475140.0,4.33605997538191e-06,4.33605997538191e-06,4.33605997538191e-06,4.33605997538191e-06,0.0
1734475200.0,4.33605997538191e-06,4.33605997538191e-06,4.33605997538191e-06,4.33605997538191e-06,0.0
1734475260.0,4.33605997538191e-06,4.33605997538191e-06,4.33605997538191e-06,4.33605997538191e-06,0.0
1734475320.0,4.33605997538191e-06,4.33605997538191e-06,4.33605997538191e-06,4.33605997538191e-06,0.0
1734475380.0,4.33605997538191e-06,4.33605997538191e-06,4.33605997538191e-06,4.33605997538191e-06,0.0
1734475440.0,4.33605997538191e-06,4.33605997538191e-06,4.33605997538191e-06,4.33605997538191e-06,0.0
1734475500.0,4.33605997538191e-06,4.33605997538191e-06,4.33605997538191e-06,4.33605997538191e-06,0.0
1734475560.0,4.33605997538191e-06,4.33605997538191e-06,4.33605997538191e-06,4.33605997538191e-06,0.0
1734475620.0,4.33605997538191e-06,4.33605997538191e-06,4.33605997538191e-06,4.33605997538191e-06,0.0
1734475680.0,4.33605997538191e-06,4.33605997538191e-06,4.33605997538191e-06,4.33605997538191e-06,0.0
1734475740.0,4.33605997538191e-06,4.33605997538191e-06,4.33605997538191e-06,4.33605997538191e-06,0.0
1734475800.0,4.33605997538191e-06,4.33605997538191e-06,4.33605997538191e-06,4.33605997538191e-06,0.0
1734475860.0,4.33605997538191e-06,4.33605997538191e-06,4.33605997538191e-06,4.33605997538191e-06,0.0
1734475920.0,4.33605997538191e-06,4.33605997538191e-06,4.33605997538191e-06,4.33605997538191e-06,0.0
1734475980.0,4.33605997538191e-06,4.33605997538191e-06,4.33605997538191e-06,4.33605997538191e-06,0.0
1734476040.0,4.33605997538191e-06,4.33605997538191e-06,4.33605997538191e-06,4.33605997538191e-06,0.0
1734476100.0,4.33605997538191e-06,4.33605997538191e-06,4.33605997538191e-06,4.33605997538191e-06,0.0
1734476160.0,4.33605997538191e-06,4.33605997538191e-06,4.33605997538191e-06,4.33605997538191e-06,0.0
1734476220.0,4.33605997538191e-06,4.33605997538191e-06,4.33605997538191e-06,4.33605997538191e-06,0.0
1734476280.0,4.33605997538191e-06,4.33605997538191e-06,4.33605997538191e-06,4.33605997538191e-06,0.0
1734476340.0,4.33605997538191e-06,4.33605997538191e-06,4.33605997538191e-06,4.33605997538191e-06,0.0
1734476400.0,4.33605997538191e-06,4.33605997538191e-06,4.33605997538191e-06,4.33605997538191e-06,0.0
1734476460.0,4.33605997538191e-06,4.33605997538191e-06,4.33605997538191e-06,4.33605997538191e-06,0.0
1734476520.0,4.33605997538191e-06,4.33605997538191e-06,4.33605997538191e-06,4.33605997538191e-06,0.0
1734476580.0,4.33605997538191e-06,4.33605997538191e-06,4.33605997538191e-06,4.33605997538191e-06,0.0
1734476640.0,4.33605997538191e-06,4.33605997538191e-06,4.33605997538191e-06,4.33605997538191e-06,0.0
1734476700.0,4.33605997538191e-06,4.33605997538191e-06,4.33605997538191e-06,4.33605997538191e-06,0.0
1734476760.0,4.33605997538191e-06,4.33605997538191e-06,4.33605997538191e-06,4.33605997538191e-06,0.0
1734476820.0,4.33605997538191e-06,4.33605997538191e-06,4.33605997538191e-06,4.33605997538191e-06,0.0
1734476880.0,4.33605997538191e-06,4.33605997538191e-06,4.33605997538191e-06,4.33605997538191e-06,0.0
1734476940.0,4.33605997538191e-06,4.33605997538191e-06,4.33605997538191e-06,4.33605997538191e-06,0.0
1734477000.0,4.33605997538191e-06,4.33605997538191e-06,4.33605997538191e-06,4.33605997538191e-06,0.0
1734477060.0,4.33605997538191e-06,4.33605997538191e-06,4.33605997538191e-06,4.33605997538191e-06,0.0
1734477120.0,4.33605997538191e-06,4.33605997538191e-06,4.33605997538191e-06,4.33605997538191e-06,0.0
1734477180.0,4.33605997538191e-06,4.33605997538191e-06,4.33605997538191e-06,4.33605997538191e-06,0.0
1734477240.0,4.33605997538191e-06,4.33605997538191e-06,4.33605997538191e-06,4.33605997538191e-06,0.0
1734477300.0,4.33605997538191e-06,4.33605997538191e-06,4.33605997538191e-06,4.33605997538191e-06,0.0
1734477360.0,4.33605997538191e-06,4.33605997538191e-06,4.33605997538191e-06,4.33605997538191e-06,0.0
1734477420.0,4.33605997538191e-06,4.33605997538191e-06,4.33605997538191e-06,4.33605997538191e-06,0.0
1734477480.0,4.33605997538191e-06,4.33605997538191e-06,4.33605997538191e-06,4.33605997538191e-06,0.0
1734477540.0,4.33605997538191e-06,4.33605997538191e-06,4.33605997538191e-06,4.33605997538191e-06,0.0
1734477600.0,4.33605997538191e-06,4.33605997538191e-06,4.33605997538191e-06,4.33605997538191e-06,0.0
1734477660.0,4.33605997538191e-06,4.33605997538191e-06,4.33605997538191e-06,4.33605997538191e-06,0.0
1734477720.0,4.33605997538191e-06,4.33605997538191e-06,4.33605997538191e-06,4.33605997538191e-06,0.0
1734477780.0,4.33605997538191e-06,4.33605997538191e-06,4.33605997538191e-06,4.33605997538191e-06,0.0
1734477840.0,4.33605997538191e-06,4.33605997538191e-06,4.33605997538191e-06,4.33605997538191e-06,0.0
1734477900.0,4.33605997538191e-06,4.33605997538191e-06,4.33605997538191e-06,4.33605997538191e-06,0.0
1734477960.0,4.33605997538191e-06,4.33605997538191e-06,4.33605997538191e-06,4.33605997538191e-06,0.0
1734478020.0,4.33605997538191e-06,4.33605997538191e-06,4.33605997538191e-06,4.33605997538191e-06,0.0
1734478080.0,4.33605997538191e-06,4.33605997538191e-06,4.33605997538191e-06,4.33605997538191e-06,0.0
1734478140.0,4.33605997538191e-06,4.33605997538191e-06,4.33605997538191e-06,4.33605997538191e-06,0.0
1734478200.0,4.33605997538191e-06,4.33605997538191e-06,4.33605997538191e-06,4.33605997538191e-06,0.0
1734478260.0,4.33605997538191e-06,4.33605997538191e-06,4.33605997538191e-06,4.33605997538191e-06,0.0
1734478320.0,4.33605997538191e-06,4.33605997538191e-06,4.33605997538191e-06,4.33605997538191e-06,0.0
1734478380.0,4.33605997538191e-06,4.33605997538191e-06,4.33605997538191e-06,4.33605997538191e-06,0.0
1734478440.0,4.33605997538191e-06,4.33605997538191e-06,4.33605997538191e-06,4.33605997538191e-06,0.0
1734478500.0,4.33605997538191e-06,4.33605997538191e-06,4.33605997538191e-06,4.33605997538191e-06,0.0
1734478560.0,4.33605997538191e-06,4.33605997538191e-06,4.33605997538191e-06,4.33605997538191e-06,0.0
1734478620.0,4.33605997538191e-06,4.33605997538191e-06,4.33605997538191e-06,4.33605997538191e-06,0.0
1734478680.0,4.33605997538191e-06,4.33605997538191e-06,4.33605997538191e-06,4.33605997538191e-06,0.0
1734478740.0,4.33605997538191e-06,4.33605997538191e-06,4.33605997538191e-06,4.33605997538191e-06,0.0
1734478800.0,4.33605997538191e-06,4.33605997538191e-06,4.33605997538191e-06,4.33605997538191e-06,0.0
1734478860.0,4.33605997538191e-06,4.33605997538191e-06,4.33605997538191e-06,4.33605997538191e-06,0.0
1734478920.0,4.33605997538191e-06,4.33605997538191e-06,4.33605997538191e-06,4.33605997538191e-06,0.0
1734478980.0,4.33605997538191e-06,4.33605997538191e-06,4.33605997538191e-06,4.33605997538191e-06,0.0
1734479040.0,4.33605997538191e-06,4.33605997538191e-06,4.33605997538191e-06,4.33605997538191e-06,0.0
1734479100.0,4.33605997538191e-06,4.33605997538191e-06,4.33605997538191e-06,4.33605997538191e-06,0.0
1734479160.0,4.33605997538191e-06,4.33605997538191e-06,4.33605997538191e-06,4.33605997538191e-06,0.0
1734479220.0,4.33605997538191e-06,4.33605997538191e-06,4.33605997538191e-06,4.33605997538191e-06,0.0
1734479280.0,4.33605997538191e-06,4.33605997538191e-06,4.33605997538191e-06,4.33605997538191e-06,0.0
1734479340.0,4.33605997538191e-06,4.33605997538191e-06,4.33605997538191e-06,4.33605997538191e-06,0.0
1734479400.0,4.33605997538191e-06,4.33605997538191e-06,4.33605997538191e-06,4.33605997538191e-06,0.0
