0,1,2,3,4,5
1737651720.0,7.58946647018369e-05,0.000414793915203,7.18343440805687e-05,0.0001914738832852,267871.19926106336
1737651780.0,0.0001914738832852,0.0002754114517983,2.38582137414865e-05,5.16481519846577e-05,139688.21893258605
1737651840.0,5.16481519846577e-05,5.29612903507766e-05,2.2753131939424e-05,3.38370872018706e-05,32175.92473547464
1737651900.0,3.38370872018706e-05,3.60185412116459e-05,2.75039333329239e-05,3.17375331447542e-05,7785.88304090616
1737651960.0,3.17375331447542e-05,5.58390105367707e-05,3.13472802423643e-05,4.95565098282328e-05,7031.9930430571
1737652020.0,4.95565098282328e-05,4.95565098282328e-05,3.22236938907293e-05,3.83284669813284e-05,5970.23481753245
1737652080.0,3.83284669813284e-05,3.83284669813284e-05,2.22519861429095e-05,2.23770293455121e-05,3769.86586910996
1737652140.0,2.23770293455121e-05,2.23771816576094e-05,1.15300171997616e-05,1.19365388099571e-05,3596.97040238398
1737652200.0,1.19365388099571e-05,1.33809112325479e-05,1.19365388099571e-05,1.33809112325479e-05,636.98869130304
1737652260.0,1.33809112325479e-05,1.35094996949054e-05,1.31207416509463e-05,1.31861096145655e-05,136.32744791857
1737652320.0,1.31861096145655e-05,1.36181734486111e-05,1.31559324222444e-05,1.36181734486111e-05,149.86046185373
1737652380.0,1.36181734486111e-05,1.36181734486111e-05,1.33618020187787e-05,1.34268822867936e-05,166.38343166444
1737652440.0,1.34268822867936e-05,1.34268822867936e-05,1.14811821374654e-05,1.14811821374654e-05,632.71703339254
1737652500.0,1.14811821374654e-05,1.14811821374654e-05,1.07581327908235e-05,1.07581327908235e-05,196.41072920132
1737652560.0,1.07581327908235e-05,1.07581327908235e-05,1.050937104533e-05,1.05954577666959e-05,65.9232132211
1737652620.0,1.05954577666959e-05,1.05954577666959e-05,1.02497459922187e-05,1.02497459922187e-05,93.33831871184
1737652680.0,1.02497459922187e-05,1.02497459922187e-05,9.73060071932994e-06,9.73060071932994e-06,183.46529128588
1737652740.0,9.73060071932994e-06,9.73060071932994e-06,9.59298113635749e-06,9.63011586869649e-06,74.20437689835
1737652800.0,9.63011586869649e-06,9.63011586869649e-06,9.51698298924221e-06,9.51698298924221e-06,72.79453684023
1737652860.0,9.51698298924221e-06,9.51698298924221e-06,8.88307617742113e-06,8.88307617742113e-06,340.68149548602
1737652920.0,8.88307617742113e-06,8.88307617742113e-06,8.59332831202799e-06,8.59332831202799e-06,22.736396811
1737652980.0,8.59332831202799e-06,8.59332831202799e-06,8.55456625238091e-06,8.55456625238091e-06,11.41529236995
1737653040.0,8.55456625238091e-06,8.55456625238091e-06,8.53387570841961e-06,8.53387570841961e-06,1.25623940656
1737653100.0,8.53387570841961e-06,8.53387570841961e-06,8.52872556676091e-06,8.52872556676091e-06,5.07614552325
1737653160.0,8.52872556676091e-06,8.52872556676091e-06,8.45286886917566e-06,8.45860594069099e-06,26.77417027951
1737653220.0,8.45860594069099e-06,8.45975557182389e-06,8.44222724097638e-06,8.44222724097638e-06,10.31401187702
1737653280.0,8.44222724097638e-06,8.44222724097638e-06,8.20264048749226e-06,8.20264048749226e-06,92.36928394198
1737653340.0,8.20264048749226e-06,8.20264048749226e-06,8.15925932816747e-06,8.15925932816747e-06,20.37203532489
1737653400.0,8.15925932816747e-06,8.15925932816747e-06,8.14601834614394e-06,8.14601834614394e-06,2.3713400675
1737653460.0,8.14601834614394e-06,8.14601834614394e-06,8.06074100222317e-06,8.06074100222317e-06,60.4357993557
1737653520.0,8.06074100222317e-06,8.06074100222317e-06,7.92961717875126e-06,7.92961717875126e-06,39.92212307315
1737653580.0,7.92961717875126e-06,7.92961717875126e-06,7.86150668535704e-06,7.86150668535704e-06,8.33613921608
1737653640.0,7.86150668535704e-06,7.86150668535704e-06,7.85881855560512e-06,7.85881855560512e-06,1.66936015001
1737653700.0,7.85881855560512e-06,7.85881855560512e-06,7.77972840000167e-06,7.77972840000167e-06,57.32425739315
1737653760.0,7.77972840000167e-06,7.77972840000167e-06,7.71982128122329e-06,7.71982128122329e-06,0.9668118193
1737653820.0,7.71982128122329e-06,7.71982128122329e-06,7.70169863326044e-06,7.70169863326044e-06,6.80945785299
1737653880.0,7.70169863326044e-06,7.70169863326044e-06,7.69716782634989e-06,7.69716782634989e-06,1.4551418832
1737653940.0,7.69716782634989e-06,7.69716782634989e-06,7.6873542028136e-06,7.6873542028136e-06,0.92462099008
1737654000.0,7.6873542028136e-06,7.6873542028136e-06,7.6670501828098e-06,7.6670501828098e-06,8.16369000356
1737654060.0,7.6670501828098e-06,7.6670501828098e-06,7.66352247065842e-06,7.66352247065842e-06,0.9033194616
1737654120.0,7.66352247065842e-06,7.66352247065842e-06,7.65780144271864e-06,7.65780144271864e-06,0.88459220688
1737654180.0,7.65780144271864e-06,7.78183422375187e-06,7.65780144271864e-06,7.78183422375187e-06,62.96
1737654240.0,7.78183422375187e-06,7.79161384065071e-06,7.66392310458871e-06,7.66392310458871e-06,63.85833009324
1737654300.0,7.66392310458871e-06,7.66392310458871e-06,7.66392310458871e-06,7.66392310458871e-06,0.0
1737654360.0,7.66392310458871e-06,7.66711516976074e-06,7.66392310458871e-06,7.66711516976074e-06,0.85059562749
1737654420.0,7.66711516976074e-06,7.66711516976074e-06,7.58910694744527e-06,7.58910694744527e-06,32.42936729553
1737654480.0,7.58910694744527e-06,7.58910694744527e-06,7.58910694744527e-06,7.58910694744527e-06,0.0
1737654540.0,7.58910694744527e-06,7.60858829983281e-06,7.58910694744527e-06,7.59699812438143e-06,8.78910878629
1737654600.0,7.59699812438143e-06,7.59699812438143e-06,7.57802622229342e-06,7.57802622229342e-06,2.23426156626
1737654660.0,7.57802622229342e-06,7.57802622229342e-06,7.55143432083575e-06,7.55143432083575e-06,17.32476999208
1737654720.0,7.55143432083575e-06,7.55143432083575e-06,7.52948344007957e-06,7.52948344007957e-06,0.77047871256
1737654780.0,7.52948344007957e-06,7.53402399009748e-06,7.52948344007957e-06,7.53402399009748e-06,0.75552447222
1737654840.0,7.53402399009748e-06,7.53402399009748e-06,7.53402399009748e-06,7.53402399009748e-06,0.0
1737654900.0,7.53402399009748e-06,7.53402399009748e-06,7.52789648123319e-06,7.52789648123319e-06,0.73981179552
1737654960.0,7.52789648123319e-06,7.52789648123319e-06,7.50783674172012e-06,7.50783674172012e-06,0.72308359584
1737655020.0,7.50783674172012e-06,7.50783674172012e-06,7.45963414579013e-06,7.45963414579013e-06,18.52690258455
1737655080.0,7.45963414579013e-06,7.45963414579013e-06,7.44784521900704e-06,7.44804936854689e-06,0.7610472022
1737655140.0,7.44804936854689e-06,7.44804936854689e-06,7.43356889638222e-06,7.43356889638222e-06,9.48532973824
1737655200.0,7.43356889638222e-06,7.43356889638222e-06,7.4188105567781e-06,7.4188105567781e-06,0.67249056739
1737655260.0,7.4188105567781e-06,7.4188105567781e-06,7.37944471691077e-06,7.37944471691077e-06,16.3204463761
1737655320.0,7.37944471691077e-06,7.37944471691077e-06,7.37944471691077e-06,7.37944471691077e-06,0.0
1737655380.0,7.37944471691077e-06,7.38331021339733e-06,7.37944471691077e-06,7.38331021339733e-06,0.64276938489
1737655440.0,7.38331021339733e-06,7.3845766613045e-06,7.38331021339733e-06,7.3845766613045e-06,0.63002204538
1737655500.0,7.3845766613045e-06,7.3845766613045e-06,7.3845766613045e-06,7.3845766613045e-06,0.0
1737655560.0,7.3845766613045e-06,7.3845766613045e-06,7.37875608879578e-06,7.37875608879578e-06,2.6790291858
1737655620.0,7.37875608879578e-06,7.37875608879578e-06,7.36956920984827e-06,7.36956920984827e-06,0.6038435005
1737655680.0,7.36956920984827e-06,7.36956920984827e-06,7.32484696305671e-06,7.32484696305671e-06,20.09576863008
1737655740.0,7.32484696305671e-06,7.32484696305671e-06,7.21362066207619e-06,7.21362066207619e-06,47.62285181562
1737655800.0,7.21362066207619e-06,7.21362066207619e-06,7.16838297258302e-06,7.16838297258302e-06,0.5640994097
1737655860.0,7.16838297258302e-06,7.16838297258302e-06,7.02861371138816e-06,7.02861371138816e-06,64.36985492399
1737655920.0,7.02861371138816e-06,7.02861371138816e-06,7.02861371138816e-06,7.02861371138816e-06,0.0
1737655980.0,7.02861371138816e-06,7.02861371138816e-06,7.02861371138816e-06,7.02861371138816e-06,0.0
1737656040.0,7.02861371138816e-06,7.02861371138816e-06,6.98543808540104e-06,6.98543808540104e-06,5.67068523684
1737656100.0,6.98543808540104e-06,6.98543808540104e-06,6.98543808540104e-06,6.98543808540104e-06,0.0
1737656160.0,6.98543808540104e-06,6.98543808540104e-06,6.97371328849784e-06,6.97371328849784e-06,1.36978584402
1737656220.0,6.97371328849784e-06,6.97371328849784e-06,6.97371328849784e-06,6.97371328849784e-06,0.0
1737656280.0,6.97371328849784e-06,6.97371328849784e-06,6.86654053759632e-06,6.86654053759632e-06,83.613213372
1737656340.0,6.86654053759632e-06,6.86654053759632e-06,6.86654053759632e-06,6.86654053759632e-06,0.0
1737656400.0,6.86654053759632e-06,6.86654053759632e-06,6.86654053759632e-06,6.86654053759632e-06,0.0
1737656460.0,6.86654053759632e-06,6.86654053759632e-06,6.76749767619986e-06,6.76749767619986e-06,5.44750421292
1737656520.0,6.76749767619986e-06,6.76749767619986e-06,6.76749767619986e-06,6.76749767619986e-06,0.0
1737656580.0,6.76749767619986e-06,6.76749767619986e-06,6.76749767619986e-06,6.76749767619986e-06,0.0
1737656640.0,6.76749767619986e-06,6.76749767619986e-06,6.76472522702311e-06,6.76472522702311e-06,1.72040459459
1737656700.0,6.76472522702311e-06,6.76472522702311e-06,6.7556464622345e-06,6.7556464622345e-06,17.14254509066
1737656760.0,6.7556464622345e-06,6.7556464622345e-06,6.7556464622345e-06,6.7556464622345e-06,0.0
1737656820.0,6.7556464622345e-06,6.7556464622345e-06,6.7556464622345e-06,6.7556464622345e-06,0.0
1737656880.0,6.7556464622345e-06,6.7556464622345e-06,6.7556464622345e-06,6.7556464622345e-06,0.0
1737656940.0,6.7556464622345e-06,6.7556464622345e-06,6.74005789320137e-06,6.74005789320137e-06,5.3848290279
1737657000.0,6.74005789320137e-06,6.74005789320137e-06,6.74005789320137e-06,6.74005789320137e-06,0.0
1737657060.0,6.74005789320137e-06,6.74005789320137e-06,6.74005789320137e-06,6.74005789320137e-06,0.0
1737657120.0,6.74005789320137e-06,6.74005789320137e-06,6.74005789320137e-06,6.74005789320137e-06,0.0
1737657180.0,6.74005789320137e-06,6.74005789320137e-06,6.74005789320137e-06,6.74005789320137e-06,0.0
1737657240.0,6.74005789320137e-06,6.74005789320137e-06,6.74005789320137e-06,6.74005789320137e-06,0.0
1737657300.0,6.74005789320137e-06,6.74005789320137e-06,6.72842132601776e-06,6.72842132601776e-06,5.22895682888
1737657360.0,6.72842132601776e-06,6.72842132601776e-06,6.72842132601776e-06,6.72842132601776e-06,0.0
1737657420.0,6.72842132601776e-06,6.72842132601776e-06,6.72842132601776e-06,6.72842132601776e-06,0.0
1737657480.0,6.72842132601776e-06,6.72842132601776e-06,6.72842132601776e-06,6.72842132601776e-06,0.0
1737657540.0,6.72842132601776e-06,6.72842132601776e-06,6.72842132601776e-06,6.72842132601776e-06,0.0
1737657600.0,6.72842132601776e-06,6.72842132601776e-06,6.72842132601776e-06,6.72842132601776e-06,0.0
1737657660.0,6.72842132601776e-06,6.72842132601776e-06,6.72842132601776e-06,6.72842132601776e-06,0.0
1737657720.0,6.72842132601776e-06,6.72842132601776e-06,6.72842132601776e-06,6.72842132601776e-06,0.0
1737657780.0,6.72842132601776e-06,6.72842132601776e-06,6.72842132601776e-06,6.72842132601776e-06,0.0
1737657840.0,6.72842132601776e-06,6.72842132601776e-06,6.72842132601776e-06,6.72842132601776e-06,0.0
1737657900.0,6.72842132601776e-06,6.72842132601776e-06,6.72842132601776e-06,6.72842132601776e-06,0.0
1737657960.0,6.72842132601776e-06,6.72842132601776e-06,6.72842132601776e-06,6.72842132601776e-06,0.0
1737658020.0,6.72842132601776e-06,6.72842132601776e-06,6.72842132601776e-06,6.72842132601776e-06,0.0
1737658080.0,6.72842132601776e-06,6.72842132601776e-06,6.72842132601776e-06,6.72842132601776e-06,0.0
1737658140.0,6.72842132601776e-06,6.72842132601776e-06,6.72842132601776e-06,6.72842132601776e-06,0.0
1737658200.0,6.72842132601776e-06,6.72842132601776e-06,6.72842132601776e-06,6.72842132601776e-06,0.0
1737658260.0,6.72842132601776e-06,6.72842132601776e-06,6.72842132601776e-06,6.72842132601776e-06,0.0
1737658320.0,6.72842132601776e-06,6.72842132601776e-06,6.72842132601776e-06,6.72842132601776e-06,0.0
1737658380.0,6.72842132601776e-06,6.72842132601776e-06,6.72842132601776e-06,6.72842132601776e-06,0.0
1737658440.0,6.72842132601776e-06,6.72842132601776e-06,6.72842132601776e-06,6.72842132601776e-06,0.0
1737658500.0,6.72842132601776e-06,6.72842132601776e-06,6.72842132601776e-06,6.72842132601776e-06,0.0
1737658560.0,6.72842132601776e-06,6.72842132601776e-06,6.72842132601776e-06,6.72842132601776e-06,0.0
1737658620.0,6.72842132601776e-06,6.72842132601776e-06,6.72842132601776e-06,6.72842132601776e-06,0.0
1737658680.0,6.72842132601776e-06,6.72842132601776e-06,6.72842132601776e-06,6.72842132601776e-06,0.0
1737658740.0,6.72842132601776e-06,6.72842132601776e-06,6.72842132601776e-06,6.72842132601776e-06,0.0
1737658800.0,6.72842132601776e-06,6.72842132601776e-06,6.72842132601776e-06,6.72842132601776e-06,0.0
1737658860.0,6.72842132601776e-06,6.72842132601776e-06,6.72842132601776e-06,6.72842132601776e-06,0.0
1737658920.0,6.72842132601776e-06,6.72842132601776e-06,6.6637648428605e-06,6.6637648428605e-06,0.98267701008
1737658980.0,6.6637648428605e-06,6.6637648428605e-06,6.6637648428605e-06,6.6637648428605e-06,0.0
1737659040.0,6.6637648428605e-06,6.6637648428605e-06,6.64865350222179e-06,6.64865350222179e-06,5.3930917728
1737659100.0,6.64865350222179e-06,6.64865350222179e-06,6.64865350222179e-06,6.64865350222179e-06,0.0
1737659160.0,6.64865350222179e-06,6.64865350222179e-06,6.64865350222179e-06,6.64865350222179e-06,0.0
1737659220.0,6.64865350222179e-06,6.64865350222179e-06,6.64865350222179e-06,6.64865350222179e-06,0.0
1737659280.0,6.64865350222179e-06,6.64865350222179e-06,6.64865350222179e-06,6.64865350222179e-06,0.0
1737659340.0,6.64865350222179e-06,6.64865350222179e-06,6.60457066305932e-06,6.60457066305932e-06,4.87481071732
1737659400.0,6.60457066305932e-06,6.60457066305932e-06,6.60457066305932e-06,6.60457066305932e-06,0.0
1737659460.0,6.60457066305932e-06,6.60457066305932e-06,6.60457066305932e-06,6.60457066305932e-06,0.0
1737659520.0,6.60457066305932e-06,6.60457066305932e-06,6.60457066305932e-06,6.60457066305932e-06,0.0
1737659580.0,6.60457066305932e-06,6.60457066305932e-06,6.60457066305932e-06,6.60457066305932e-06,0.0
1737659640.0,6.60457066305932e-06,6.60457066305932e-06,6.60457066305932e-06,6.60457066305932e-06,0.0
1737659700.0,6.60457066305932e-06,6.60457066305932e-06,6.60457066305932e-06,6.60457066305932e-06,0.0
1737659760.0,6.60457066305932e-06,6.60457066305932e-06,6.59274774989632e-06,6.59274774989632e-06,2.71595736048
1737659820.0,6.59274774989632e-06,6.59274774989632e-06,6.59274774989632e-06,6.59274774989632e-06,0.0
1737659880.0,6.59274774989632e-06,6.59274774989632e-06,6.59274774989632e-06,6.59274774989632e-06,0.0
1737659940.0,6.59274774989632e-06,6.59274774989632e-06,6.59274774989632e-06,6.59274774989632e-06,0.0
1737660000.0,6.59274774989632e-06,6.59274774989632e-06,6.59274774989632e-06,6.59274774989632e-06,0.0
1737660060.0,6.59274774989632e-06,6.59274774989632e-06,6.59274774989632e-06,6.59274774989632e-06,0.0
1737660120.0,6.59274774989632e-06,6.59274774989632e-06,6.59274774989632e-06,6.59274774989632e-06,0.0
1737660180.0,6.59274774989632e-06,6.59274774989632e-06,6.59274774989632e-06,6.59274774989632e-06,0.0
1737660240.0,6.59274774989632e-06,6.59274774989632e-06,6.59274774989632e-06,6.59274774989632e-06,0.0
1737660300.0,6.59274774989632e-06,6.59274774989632e-06,6.59274774989632e-06,6.59274774989632e-06,0.0
1737660360.0,6.59274774989632e-06,6.59274774989632e-06,6.59274774989632e-06,6.59274774989632e-06,0.0
1737660420.0,6.59274774989632e-06,6.59274774989632e-06,6.59274774989632e-06,6.59274774989632e-06,0.0
1737660480.0,6.59274774989632e-06,6.59274774989632e-06,6.55094373718704e-06,6.55094373718704e-06,1.1190021408
1737660540.0,6.55094373718704e-06,6.55094373718704e-06,6.55094373718704e-06,6.55094373718704e-06,0.0
1737660600.0,6.55094373718704e-06,6.55094373718704e-06,6.55094373718704e-06,6.55094373718704e-06,0.0
1737660660.0,6.55094373718704e-06,6.55094373718704e-06,6.54231383706028e-06,6.54231383706028e-06,0.50533668106
1737660720.0,6.54231383706028e-06,6.54231383706028e-06,6.54231383706028e-06,6.54231383706028e-06,0.0
1737660780.0,6.54231383706028e-06,6.54231383706028e-06,6.54231383706028e-06,6.54231383706028e-06,0.0
1737660840.0,6.54231383706028e-06,6.54231383706028e-06,6.54231383706028e-06,6.54231383706028e-06,0.0
1737660900.0,6.54231383706028e-06,6.54231383706028e-06,6.54231383706028e-06,6.54231383706028e-06,0.0
1737660960.0,6.54231383706028e-06,6.54231383706028e-06,6.54231383706028e-06,6.54231383706028e-06,0.0
1737661020.0,6.54231383706028e-06,6.54231383706028e-06,6.54231383706028e-06,6.54231383706028e-06,0.0
1737661080.0,6.54231383706028e-06,6.54231383706028e-06,6.54231383706028e-06,6.54231383706028e-06,0.0
1737661140.0,6.54231383706028e-06,6.54231383706028e-06,6.54231383706028e-06,6.54231383706028e-06,0.0
1737661200.0,6.54231383706028e-06,6.54231383706028e-06,6.54231383706028e-06,6.54231383706028e-06,0.0
1737661260.0,6.54231383706028e-06,6.54231383706028e-06,6.54231383706028e-06,6.54231383706028e-06,0.0
1737661320.0,6.54231383706028e-06,6.54231383706028e-06,6.54231383706028e-06,6.54231383706028e-06,0.0
1737661380.0,6.54231383706028e-06,6.54231383706028e-06,6.54231383706028e-06,6.54231383706028e-06,0.0
1737661440.0,6.54231383706028e-06,6.54231383706028e-06,6.54231383706028e-06,6.54231383706028e-06,0.0
1737661500.0,6.54231383706028e-06,6.54231383706028e-06,6.54231383706028e-06,6.54231383706028e-06,0.0
1737661560.0,6.54231383706028e-06,6.54231383706028e-06,6.54231383706028e-06,6.54231383706028e-06,0.0
1737661620.0,6.54231383706028e-06,6.56643879016787e-06,6.54231383706028e-06,6.56643879016787e-06,0.07119848931
1737661680.0,6.56643879016787e-06,6.56643879016787e-06,6.56643879016787e-06,6.56643879016787e-06,0.0
1737661740.0,6.56643879016787e-06,6.56643879016787e-06,6.56643879016787e-06,6.56643879016787e-06,0.0
1737661800.0,6.56643879016787e-06,6.56643879016787e-06,6.56643879016787e-06,6.56643879016787e-06,0.0
1737661860.0,6.56643879016787e-06,6.56643879016787e-06,6.56643879016787e-06,6.56643879016787e-06,0.0
1737661920.0,6.56643879016787e-06,6.56643879016787e-06,6.56643879016787e-06,6.56643879016787e-06,0.0
1737661980.0,6.56643879016787e-06,6.56643879016787e-06,6.56643879016787e-06,6.56643879016787e-06,0.0
1737662040.0,6.56643879016787e-06,6.56643879016787e-06,6.56643879016787e-06,6.56643879016787e-06,0.0
1737662100.0,6.56643879016787e-06,6.56643879016787e-06,6.56643879016787e-06,6.56643879016787e-06,0.0
1737662160.0,6.56643879016787e-06,6.56643879016787e-06,6.56643879016787e-06,6.56643879016787e-06,0.0
1737662220.0,6.56643879016787e-06,6.56643879016787e-06,6.48066206755114e-06,6.48066206755114e-06,5.99994491437
1737662280.0,6.48066206755114e-06,6.48066206755114e-06,6.48066206755114e-06,6.48066206755114e-06,0.0
1737662340.0,6.48066206755114e-06,6.48066206755114e-06,6.48066206755114e-06,6.48066206755114e-06,0.0
1737662400.0,6.48066206755114e-06,6.48066206755114e-06,6.48066206755114e-06,6.48066206755114e-06,0.0
1737662460.0,6.48066206755114e-06,6.48066206755114e-06,6.48066206755114e-06,6.48066206755114e-06,0.0
1737662520.0,6.48066206755114e-06,6.48066206755114e-06,6.48066206755114e-06,6.48066206755114e-06,0.0
1737662580.0,6.48066206755114e-06,6.4937063761749e-06,6.48066206755114e-06,6.4937063761749e-06,0.2732002616
1737662640.0,6.4937063761749e-06,6.4937063761749e-06,6.4937063761749e-06,6.4937063761749e-06,0.0
1737662700.0,6.4937063761749e-06,6.4937063761749e-06,6.4937063761749e-06,6.4937063761749e-06,0.0
1737662760.0,6.4937063761749e-06,6.4937063761749e-06,6.4937063761749e-06,6.4937063761749e-06,0.0
1737662820.0,6.4937063761749e-06,6.4937063761749e-06,6.4937063761749e-06,6.4937063761749e-06,0.0
1737662880.0,6.4937063761749e-06,6.4937063761749e-06,6.4937063761749e-06,6.4937063761749e-06,0.0
1737662940.0,6.4937063761749e-06,6.4937063761749e-06,6.4937063761749e-06,6.4937063761749e-06,0.0
1737663000.0,6.4937063761749e-06,6.4937063761749e-06,6.4937063761749e-06,6.4937063761749e-06,0.0
1737663060.0,6.4937063761749e-06,6.4937063761749e-06,6.4937063761749e-06,6.4937063761749e-06,0.0
1737663120.0,6.4937063761749e-06,6.4937063761749e-06,6.4937063761749e-06,6.4937063761749e-06,0.0
1737663180.0,6.4937063761749e-06,6.4937063761749e-06,6.4937063761749e-06,6.4937063761749e-06,0.0
1737663240.0,6.4937063761749e-06,6.4937063761749e-06,6.4937063761749e-06,6.4937063761749e-06,0.0
1737663300.0,6.4937063761749e-06,6.4937063761749e-06,6.4937063761749e-06,6.4937063761749e-06,0.0
1737663360.0,6.4937063761749e-06,6.4937063761749e-06,6.4937063761749e-06,6.4937063761749e-06,0.0
1737663420.0,6.4937063761749e-06,6.4937063761749e-06,6.4937063761749e-06,6.4937063761749e-06,0.0
1737663480.0,6.4937063761749e-06,6.4937063761749e-06,6.4937063761749e-06,6.4937063761749e-06,0.0
1737663540.0,6.4937063761749e-06,6.4937063761749e-06,6.4937063761749e-06,6.4937063761749e-06,0.0
1737663600.0,6.4937063761749e-06,6.4937063761749e-06,6.4937063761749e-06,6.4937063761749e-06,0.0
1737663660.0,6.4937063761749e-06,6.4937063761749e-06,6.4937063761749e-06,6.4937063761749e-06,0.0
1737663720.0,6.4937063761749e-06,6.4937063761749e-06,6.4937063761749e-06,6.4937063761749e-06,0.0
1737663780.0,6.4937063761749e-06,6.4937063761749e-06,6.4937063761749e-06,6.4937063761749e-06,0.0
1737663840.0,6.4937063761749e-06,6.4937063761749e-06,6.4937063761749e-06,6.4937063761749e-06,0.0
1737663900.0,6.4937063761749e-06,6.4937063761749e-06,6.4937063761749e-06,6.4937063761749e-06,0.0
1737663960.0,6.4937063761749e-06,6.4937063761749e-06,6.4937063761749e-06,6.4937063761749e-06,0.0
1737664020.0,6.4937063761749e-06,6.4937063761749e-06,6.4937063761749e-06,6.4937063761749e-06,0.0
1737664080.0,6.4937063761749e-06,6.4937063761749e-06,6.4937063761749e-06,6.4937063761749e-06,0.0
1737664140.0,6.4937063761749e-06,6.4937063761749e-06,6.4937063761749e-06,6.4937063761749e-06,0.0
1737664200.0,6.4937063761749e-06,6.4937063761749e-06,6.4937063761749e-06,6.4937063761749e-06,0.0
1737664260.0,6.4937063761749e-06,6.4937063761749e-06,6.4937063761749e-06,6.4937063761749e-06,0.0
1737664320.0,6.4937063761749e-06,6.4937063761749e-06,6.4937063761749e-06,6.4937063761749e-06,0.0
1737664380.0,6.4937063761749e-06,6.4937063761749e-06,6.4937063761749e-06,6.4937063761749e-06,0.0
1737664440.0,6.4937063761749e-06,6.4937063761749e-06,6.4937063761749e-06,6.4937063761749e-06,0.0
1737664500.0,6.4937063761749e-06,6.4937063761749e-06,6.4937063761749e-06,6.4937063761749e-06,0.0
1737664560.0,6.4937063761749e-06,6.73570980785154e-06,6.4937063761749e-06,6.73570980785154e-06,1.09544115712
1737664620.0,6.73570980785154e-06,6.73570980785154e-06,6.73570980785154e-06,6.73570980785154e-06,0.0
1737664680.0,6.73570980785154e-06,6.73570980785154e-06,6.73570980785154e-06,6.73570980785154e-06,0.0
1737664740.0,6.73570980785154e-06,6.73570980785154e-06,6.73570980785154e-06,6.73570980785154e-06,0.0
1737664800.0,6.73570980785154e-06,6.73570980785154e-06,6.73570980785154e-06,6.73570980785154e-06,0.0
1737664860.0,6.73570980785154e-06,6.73570980785154e-06,6.73570980785154e-06,6.73570980785154e-06,0.0
1737664920.0,6.73570980785154e-06,6.73570980785154e-06,6.73570980785154e-06,6.73570980785154e-06,0.0
1737664980.0,6.73570980785154e-06,6.73570980785154e-06,6.73570980785154e-06,6.73570980785154e-06,0.0
1737665040.0,6.73570980785154e-06,6.73570980785154e-06,6.73570980785154e-06,6.73570980785154e-06,0.0
1737665100.0,6.73570980785154e-06,6.73570980785154e-06,6.73570980785154e-06,6.73570980785154e-06,0.0
1737665160.0,6.73570980785154e-06,6.73570980785154e-06,6.72505611698321e-06,6.72505611698321e-06,1.33086826845
1737665220.0,6.72505611698321e-06,6.72505611698321e-06,6.72186454870463e-06,6.72186454870463e-06,1.2423488238
1737665280.0,6.72186454870463e-06,6.72186454870463e-06,6.72186454870463e-06,6.72186454870463e-06,0.0
1737665340.0,6.72186454870463e-06,6.72186454870463e-06,6.72186454870463e-06,6.72186454870463e-06,0.0
1737665400.0,6.72186454870463e-06,6.72186454870463e-06,6.72186454870463e-06,6.72186454870463e-06,0.0
1737665460.0,6.72186454870463e-06,6.72186454870463e-06,6.67007866897169e-06,6.67007866897169e-06,0.15467218425
1737665520.0,6.67007866897169e-06,6.67007866897169e-06,6.67007866897169e-06,6.67007866897169e-06,0.0
1737665580.0,6.67007866897169e-06,6.67007866897169e-06,6.67007866897169e-06,6.67007866897169e-06,0.0
1737665640.0,6.67007866897169e-06,6.67007866897169e-06,6.67007866897169e-06,6.67007866897169e-06,0.0
1737665700.0,6.67007866897169e-06,6.67007866897169e-06,6.67007866897169e-06,6.67007866897169e-06,0.0
1737665760.0,6.67007866897169e-06,6.67007866897169e-06,6.67007866897169e-06,6.67007866897169e-06,0.0
1737665820.0,6.67007866897169e-06,6.67007866897169e-06,6.67007866897169e-06,6.67007866897169e-06,0.0
1737665880.0,6.67007866897169e-06,6.67007866897169e-06,6.67007866897169e-06,6.67007866897169e-06,0.0
1737665940.0,6.67007866897169e-06,6.67007866897169e-06,6.67007866897169e-06,6.67007866897169e-06,0.0
1737666000.0,6.67007866897169e-06,6.67007866897169e-06,6.67007866897169e-06,6.67007866897169e-06,0.0
1737666060.0,6.67007866897169e-06,6.67007866897169e-06,6.67007866897169e-06,6.67007866897169e-06,0.0
1737666120.0,6.67007866897169e-06,6.67007866897169e-06,6.67007866897169e-06,6.67007866897169e-06,0.0
1737666180.0,6.67007866897169e-06,6.67007866897169e-06,6.67007866897169e-06,6.67007866897169e-06,0.0
1737666240.0,6.67007866897169e-06,6.67007866897169e-06,6.67007866897169e-06,6.67007866897169e-06,0.0
1737666300.0,6.67007866897169e-06,6.67007866897169e-06,6.57069529127093e-06,6.57069529127093e-06,8.64817387847
1737666360.0,6.57069529127093e-06,6.57069529127093e-06,6.57069529127093e-06,6.57069529127093e-06,0.0
1737666420.0,6.57069529127093e-06,6.57069529127093e-06,6.57069529127093e-06,6.57069529127093e-06,0.0
1737666480.0,6.57069529127093e-06,6.57069529127093e-06,6.57069529127093e-06,6.57069529127093e-06,0.0
1737666540.0,6.57069529127093e-06,6.57069529127093e-06,6.57069529127093e-06,6.57069529127093e-06,0.0
1737666600.0,6.57069529127093e-06,6.57069529127093e-06,6.57069529127093e-06,6.57069529127093e-06,0.0
1737666660.0,6.57069529127093e-06,6.57069529127093e-06,6.50575506717115e-06,6.50575506717115e-06,23.47782896712
1737666720.0,6.50575506717115e-06,6.50575506717115e-06,6.47406112376215e-06,6.47406112376215e-06,1.79437924668
1737666780.0,6.47406112376215e-06,6.47406112376215e-06,6.47406112376215e-06,6.47406112376215e-06,0.0
1737666840.0,6.47406112376215e-06,6.47406112376215e-06,6.47406112376215e-06,6.47406112376215e-06,0.0
1737666900.0,6.47406112376215e-06,6.47406112376215e-06,6.4535603656947e-06,6.4535603656947e-06,0.0707224753
1737666960.0,6.4535603656947e-06,6.4535603656947e-06,6.42374453721053e-06,6.42374453721053e-06,19.51655360246
1737667020.0,6.42374453721053e-06,6.42374453721053e-06,6.42374453721053e-06,6.42374453721053e-06,0.0
1737667080.0,6.42374453721053e-06,6.42374453721053e-06,6.42374453721053e-06,6.42374453721053e-06,0.0
1737667140.0,6.42374453721053e-06,6.42374453721053e-06,6.3326472793991e-06,6.3326472793991e-06,8.649969922
1737667200.0,6.3326472793991e-06,6.3326472793991e-06,6.3326472793991e-06,6.3326472793991e-06,0.0
1737667260.0,6.3326472793991e-06,6.3326472793991e-06,6.3326472793991e-06,6.3326472793991e-06,0.0
1737667320.0,6.3326472793991e-06,6.3326472793991e-06,6.28649272144679e-06,6.28649272144679e-06,14.54572229661
1737667380.0,6.28649272144679e-06,6.28649272144679e-06,6.28649272144679e-06,6.28649272144679e-06,0.0
1737667440.0,6.28649272144679e-06,6.28649272144679e-06,6.28649272144679e-06,6.28649272144679e-06,0.0
1737667500.0,6.28649272144679e-06,6.28649272144679e-06,6.28649272144679e-06,6.28649272144679e-06,0.0
1737667560.0,6.28649272144679e-06,6.28649272144679e-06,6.28649272144679e-06,6.28649272144679e-06,0.0
1737667620.0,6.28649272144679e-06,6.28649272144679e-06,6.28649272144679e-06,6.28649272144679e-06,0.0
1737667680.0,6.28649272144679e-06,6.28649272144679e-06,6.28649272144679e-06,6.28649272144679e-06,0.0
1737667740.0,6.28649272144679e-06,6.28649272144679e-06,6.28649272144679e-06,6.28649272144679e-06,0.0
1737667800.0,6.28649272144679e-06,6.28649272144679e-06,6.28649272144679e-06,6.28649272144679e-06,0.0
1737667860.0,6.28649272144679e-06,6.28649272144679e-06,6.28649272144679e-06,6.28649272144679e-06,0.0
1737667920.0,6.28649272144679e-06,6.28649272144679e-06,6.28649272144679e-06,6.28649272144679e-06,0.0
1737667980.0,6.28649272144679e-06,6.28649272144679e-06,6.28649272144679e-06,6.28649272144679e-06,0.0
1737668040.0,6.28649272144679e-06,6.28649272144679e-06,6.28649272144679e-06,6.28649272144679e-06,0.0
1737668100.0,6.28649272144679e-06,6.28649272144679e-06,6.28649272144679e-06,6.28649272144679e-06,0.0
1737668160.0,6.28649272144679e-06,6.28649272144679e-06,6.28649272144679e-06,6.28649272144679e-06,0.0
1737668220.0,6.28649272144679e-06,6.28649272144679e-06,6.28649272144679e-06,6.28649272144679e-06,0.0
1737668280.0,6.28649272144679e-06,6.30821386137574e-06,6.28649272144679e-06,6.30821386137574e-06,0.31282122059
1737668340.0,6.30821386137574e-06,6.30821386137574e-06,6.30821386137574e-06,6.30821386137574e-06,0.0
1737668400.0,6.30821386137574e-06,6.30821386137574e-06,6.30821386137574e-06,6.30821386137574e-06,0.0
1737668460.0,6.30821386137574e-06,6.30821386137574e-06,6.30821386137574e-06,6.30821386137574e-06,0.0
1737668520.0,6.30821386137574e-06,6.30821386137574e-06,6.30821386137574e-06,6.30821386137574e-06,0.0
1737668580.0,6.30821386137574e-06,6.30821386137574e-06,6.30821386137574e-06,6.30821386137574e-06,0.0
1737668640.0,6.30821386137574e-06,6.30821386137574e-06,6.30821386137574e-06,6.30821386137574e-06,0.0
1737668700.0,6.30821386137574e-06,6.30821386137574e-06,6.30821386137574e-06,6.30821386137574e-06,0.0
1737668760.0,6.30821386137574e-06,6.30821386137574e-06,6.30821386137574e-06,6.30821386137574e-06,0.0
1737668820.0,6.30821386137574e-06,6.30821386137574e-06,6.30821386137574e-06,6.30821386137574e-06,0.0
1737668880.0,6.30821386137574e-06,6.30821386137574e-06,6.30821386137574e-06,6.30821386137574e-06,0.0
1737668940.0,6.30821386137574e-06,6.30821386137574e-06,6.30821386137574e-06,6.30821386137574e-06,0.0
1737669000.0,6.30821386137574e-06,6.30821386137574e-06,6.30821386137574e-06,6.30821386137574e-06,0.0
1737669060.0,6.30821386137574e-06,6.30821386137574e-06,6.30821386137574e-06,6.30821386137574e-06,0.0
1737669120.0,6.30821386137574e-06,6.30821386137574e-06,6.30821386137574e-06,6.30821386137574e-06,0.0
1737669180.0,6.30821386137574e-06,6.30821386137574e-06,6.30821386137574e-06,6.30821386137574e-06,0.0
1737669240.0,6.30821386137574e-06,6.30821386137574e-06,6.30821386137574e-06,6.30821386137574e-06,0.0
1737669300.0,6.30821386137574e-06,6.30821386137574e-06,6.30821386137574e-06,6.30821386137574e-06,0.0
1737669360.0,6.30821386137574e-06,6.30821386137574e-06,6.30821386137574e-06,6.30821386137574e-06,0.0
1737669420.0,6.30821386137574e-06,6.30821386137574e-06,6.30821386137574e-06,6.30821386137574e-06,0.0
1737669480.0,6.30821386137574e-06,6.30821386137574e-06,6.30821386137574e-06,6.30821386137574e-06,0.0
1737669540.0,6.30821386137574e-06,6.30821386137574e-06,6.30821386137574e-06,6.30821386137574e-06,0.0
1737669600.0,6.30821386137574e-06,6.30821386137574e-06,6.30821386137574e-06,6.30821386137574e-06,0.0
1737669660.0,6.30821386137574e-06,6.30821386137574e-06,6.30821386137574e-06,6.30821386137574e-06,0.0
1737669720.0,6.30821386137574e-06,6.30821386137574e-06,6.30821386137574e-06,6.30821386137574e-06,0.0
1737669780.0,6.30821386137574e-06,6.30821386137574e-06,6.30821386137574e-06,6.30821386137574e-06,0.0
1737669840.0,6.30821386137574e-06,6.32012094223152e-06,6.30821386137574e-06,6.32012094223152e-06,0.40833991737
1737669900.0,6.32012094223152e-06,6.32012094223152e-06,6.32012094223152e-06,6.32012094223152e-06,0.0
1737669960.0,6.32012094223152e-06,6.32012094223152e-06,6.32012094223152e-06,6.32012094223152e-06,0.0
1737670020.0,6.32012094223152e-06,6.32012094223152e-06,6.32012094223152e-06,6.32012094223152e-06,0.0
1737670080.0,6.32012094223152e-06,6.32012094223152e-06,6.32012094223152e-06,6.32012094223152e-06,0.0
1737670140.0,6.32012094223152e-06,6.32012094223152e-06,6.32012094223152e-06,6.32012094223152e-06,0.0
1737670200.0,6.32012094223152e-06,6.32012094223152e-06,6.32012094223152e-06,6.32012094223152e-06,0.0
1737670260.0,6.32012094223152e-06,6.32012094223152e-06,6.32012094223152e-06,6.32012094223152e-06,0.0
1737670320.0,6.32012094223152e-06,6.32012094223152e-06,6.32012094223152e-06,6.32012094223152e-06,0.0
1737670380.0,6.32012094223152e-06,6.32012094223152e-06,6.32012094223152e-06,6.32012094223152e-06,0.0
1737670440.0,6.32012094223152e-06,6.32012094223152e-06,6.32012094223152e-06,6.32012094223152e-06,0.0
1737670500.0,6.32012094223152e-06,6.32012094223152e-06,6.32012094223152e-06,6.32012094223152e-06,0.0
1737670560.0,6.32012094223152e-06,6.32012094223152e-06,6.32012094223152e-06,6.32012094223152e-06,0.0
1737670620.0,6.32012094223152e-06,6.32012094223152e-06,6.32012094223152e-06,6.32012094223152e-06,0.0
1737670680.0,6.32012094223152e-06,6.32012094223152e-06,6.32012094223152e-06,6.32012094223152e-06,0.0
1737670740.0,6.32012094223152e-06,6.32012094223152e-06,6.32012094223152e-06,6.32012094223152e-06,0.0
1737670800.0,6.32012094223152e-06,6.32012094223152e-06,6.32012094223152e-06,6.32012094223152e-06,0.0
1737670860.0,6.32012094223152e-06,6.32012094223152e-06,6.32012094223152e-06,6.32012094223152e-06,0.0
1737670920.0,6.32012094223152e-06,6.32012094223152e-06,6.32012094223152e-06,6.32012094223152e-06,0.0
1737670980.0,6.32012094223152e-06,6.32012094223152e-06,6.32012094223152e-06,6.32012094223152e-06,0.0
1737671040.0,6.32012094223152e-06,6.32012094223152e-06,6.32012094223152e-06,6.32012094223152e-06,0.0
1737671100.0,6.32012094223152e-06,6.32012094223152e-06,6.32012094223152e-06,6.32012094223152e-06,0.0
1737671160.0,6.32012094223152e-06,6.32012094223152e-06,6.32012094223152e-06,6.32012094223152e-06,0.0
1737671220.0,6.32012094223152e-06,6.32012094223152e-06,6.32012094223152e-06,6.32012094223152e-06,0.0
1737671280.0,6.32012094223152e-06,6.32012094223152e-06,6.32012094223152e-06,6.32012094223152e-06,0.0
1737671340.0,6.32012094223152e-06,6.32012094223152e-06,6.32012094223152e-06,6.32012094223152e-06,0.0
1737671400.0,6.32012094223152e-06,6.32012094223152e-06,6.32012094223152e-06,6.32012094223152e-06,0.0
1737671460.0,6.32012094223152e-06,6.32012094223152e-06,6.32012094223152e-06,6.32012094223152e-06,0.0
1737671520.0,6.32012094223152e-06,6.32012094223152e-06,6.32012094223152e-06,6.32012094223152e-06,0.0
1737671580.0,6.32012094223152e-06,6.32012094223152e-06,6.32012094223152e-06,6.32012094223152e-06,0.0
1737671640.0,6.32012094223152e-06,6.32012094223152e-06,6.32012094223152e-06,6.32012094223152e-06,0.0
1737671700.0,6.32012094223152e-06,6.32012094223152e-06,6.32012094223152e-06,6.32012094223152e-06,0.0
1737671760.0,6.32012094223152e-06,6.32012094223152e-06,6.32012094223152e-06,6.32012094223152e-06,0.0
1737671820.0,6.32012094223152e-06,6.38722969905422e-06,6.32012094223152e-06,6.3799749136222e-06,32.22065075625
1737671880.0,6.3799749136222e-06,6.3799749136222e-06,6.3799749136222e-06,6.3799749136222e-06,0.0
1737671940.0,6.3799749136222e-06,6.3799749136222e-06,6.3799749136222e-06,6.3799749136222e-06,0.0
1737672000.0,6.3799749136222e-06,6.3799749136222e-06,6.3799749136222e-06,6.3799749136222e-06,0.0
1737672060.0,6.3799749136222e-06,6.3799749136222e-06,6.3799749136222e-06,6.3799749136222e-06,0.0
1737672120.0,6.3799749136222e-06,6.3799749136222e-06,6.3799749136222e-06,6.3799749136222e-06,0.0
1737672180.0,6.3799749136222e-06,6.3799749136222e-06,6.3799749136222e-06,6.3799749136222e-06,0.0
1737672240.0,6.3799749136222e-06,6.3799749136222e-06,6.3799749136222e-06,6.3799749136222e-06,0.0
1737672300.0,6.3799749136222e-06,6.3799749136222e-06,6.3799749136222e-06,6.3799749136222e-06,0.0
1737672360.0,6.3799749136222e-06,6.3799749136222e-06,6.3799749136222e-06,6.3799749136222e-06,0.0
1737672420.0,6.3799749136222e-06,6.3799749136222e-06,6.3799749136222e-06,6.3799749136222e-06,0.0
1737672480.0,6.3799749136222e-06,6.3799749136222e-06,6.3799749136222e-06,6.3799749136222e-06,0.0
1737672540.0,6.3799749136222e-06,6.3799749136222e-06,6.3799749136222e-06,6.3799749136222e-06,0.0
1737672600.0,6.3799749136222e-06,6.3799749136222e-06,6.3799749136222e-06,6.3799749136222e-06,0.0
1737672660.0,6.3799749136222e-06,6.3799749136222e-06,6.3799749136222e-06,6.3799749136222e-06,0.0
1737672720.0,6.3799749136222e-06,6.3799749136222e-06,6.3799749136222e-06,6.3799749136222e-06,0.0
1737672780.0,6.3799749136222e-06,6.3799749136222e-06,6.3799749136222e-06,6.3799749136222e-06,0.0
1737672840.0,6.3799749136222e-06,6.3799749136222e-06,6.3799749136222e-06,6.3799749136222e-06,0.0
1737672900.0,6.3799749136222e-06,6.3799749136222e-06,6.3799749136222e-06,6.3799749136222e-06,0.0
1737672960.0,6.3799749136222e-06,6.3799749136222e-06,6.3799749136222e-06,6.3799749136222e-06,0.0
1737673020.0,6.3799749136222e-06,6.3799749136222e-06,6.3799749136222e-06,6.3799749136222e-06,0.0
1737673080.0,6.3799749136222e-06,6.3799749136222e-06,6.3799749136222e-06,6.3799749136222e-06,0.0
1737673140.0,6.3799749136222e-06,6.3799749136222e-06,6.3799749136222e-06,6.3799749136222e-06,0.0
1737673200.0,6.3799749136222e-06,6.3799749136222e-06,6.3799749136222e-06,6.3799749136222e-06,0.0
1737673260.0,6.3799749136222e-06,6.3799749136222e-06,6.3799749136222e-06,6.3799749136222e-06,0.0
1737673320.0,6.3799749136222e-06,6.3799749136222e-06,6.3799749136222e-06,6.3799749136222e-06,0.0
1737673380.0,6.3799749136222e-06,6.3799749136222e-06,6.3799749136222e-06,6.3799749136222e-06,0.0
1737673440.0,6.3799749136222e-06,6.3799749136222e-06,6.3799749136222e-06,6.3799749136222e-06,0.0
1737673500.0,6.3799749136222e-06,6.3799749136222e-06,6.3799749136222e-06,6.3799749136222e-06,0.0
1737673560.0,6.3799749136222e-06,6.3799749136222e-06,6.3799749136222e-06,6.3799749136222e-06,0.0
1737673620.0,6.3799749136222e-06,6.3799749136222e-06,6.32378294551024e-06,6.32378294551024e-06,19.30546733016
1737673680.0,6.32378294551024e-06,6.34366979921327e-06,6.32378294551024e-06,6.34366979921327e-06,0.0075531
1737673740.0,6.34366979921327e-06,6.34366979921327e-06,6.31340479613301e-06,6.31340479613301e-06,0.01277004747
1737673800.0,6.31340479613301e-06,6.31340479613301e-06,6.31340479613301e-06,6.31340479613301e-06,0.0
1737673860.0,6.31340479613301e-06,6.31340479613301e-06,6.31340479613301e-06,6.31340479613301e-06,0.0
1737673920.0,6.31340479613301e-06,6.31340479613301e-06,6.31340479613301e-06,6.31340479613301e-06,0.0
1737673980.0,6.31340479613301e-06,6.31340479613301e-06,6.31340479613301e-06,6.31340479613301e-06,0.0
1737674040.0,6.31340479613301e-06,6.31340479613301e-06,6.31340479613301e-06,6.31340479613301e-06,0.0
1737674100.0,6.31340479613301e-06,6.31340479613301e-06,6.31340479613301e-06,6.31340479613301e-06,0.0
1737674160.0,6.31340479613301e-06,6.31340479613301e-06,6.31340479613301e-06,6.31340479613301e-06,0.0
1737674220.0,6.31340479613301e-06,6.31340479613301e-06,6.31340479613301e-06,6.31340479613301e-06,0.0
1737674280.0,6.31340479613301e-06,6.31340479613301e-06,6.31340479613301e-06,6.31340479613301e-06,0.0
1737674340.0,6.31340479613301e-06,6.31340479613301e-06,6.31340479613301e-06,6.31340479613301e-06,0.0
1737674400.0,6.31340479613301e-06,6.31340479613301e-06,6.31340479613301e-06,6.31340479613301e-06,0.0
1737674460.0,6.31340479613301e-06,6.31340479613301e-06,6.31340479613301e-06,6.31340479613301e-06,0.0
1737674520.0,6.31340479613301e-06,6.31340479613301e-06,6.31340479613301e-06,6.31340479613301e-06,0.0
1737674580.0,6.31340479613301e-06,6.31340479613301e-06,6.31340479613301e-06,6.31340479613301e-06,0.0
1737674640.0,6.31340479613301e-06,6.31340479613301e-06,6.31340479613301e-06,6.31340479613301e-06,0.0
1737674700.0,6.31340479613301e-06,6.31340479613301e-06,6.31340479613301e-06,6.31340479613301e-06,0.0
1737674760.0,6.31340479613301e-06,6.31340479613301e-06,6.31340479613301e-06,6.31340479613301e-06,0.0
1737674820.0,6.31340479613301e-06,6.31340479613301e-06,6.31340479613301e-06,6.31340479613301e-06,0.0
1737674880.0,6.31340479613301e-06,6.31340479613301e-06,6.31340479613301e-06,6.31340479613301e-06,0.0
1737674940.0,6.31340479613301e-06,6.31340479613301e-06,6.31340479613301e-06,6.31340479613301e-06,0.0
1737675000.0,6.31340479613301e-06,6.31340479613301e-06,6.31340479613301e-06,6.31340479613301e-06,0.0
1737675060.0,6.31340479613301e-06,6.31340479613301e-06,6.31340479613301e-06,6.31340479613301e-06,0.0
1737675120.0,6.31340479613301e-06,6.31340479613301e-06,6.31340479613301e-06,6.31340479613301e-06,0.0
1737675180.0,6.31340479613301e-06,6.31340479613301e-06,6.31340479613301e-06,6.31340479613301e-06,0.0
1737675240.0,6.31340479613301e-06,6.31340479613301e-06,6.31340479613301e-06,6.31340479613301e-06,0.0
1737675300.0,6.31340479613301e-06,6.31340479613301e-06,6.31340479613301e-06,6.31340479613301e-06,0.0
1737675360.0,6.31340479613301e-06,6.31340479613301e-06,6.31340479613301e-06,6.31340479613301e-06,0.0
1737675420.0,6.31340479613301e-06,6.31340479613301e-06,6.31340479613301e-06,6.31340479613301e-06,0.0
1737675480.0,6.31340479613301e-06,6.31340479613301e-06,6.31340479613301e-06,6.31340479613301e-06,0.0
1737675540.0,6.31340479613301e-06,6.31340479613301e-06,6.31340479613301e-06,6.31340479613301e-06,0.0
1737675600.0,6.31340479613301e-06,6.34729428644953e-06,6.31340479613301e-06,6.34729428644953e-06,4.37825967521
1737675660.0,6.34729428644953e-06,6.34729428644953e-06,6.34729428644953e-06,6.34729428644953e-06,0.0
1737675720.0,6.34729428644953e-06,6.34729428644953e-06,6.34729428644953e-06,6.34729428644953e-06,0.0
1737675780.0,6.34729428644953e-06,6.34729428644953e-06,6.34729428644953e-06,6.34729428644953e-06,0.0
1737675840.0,6.34729428644953e-06,6.34729428644953e-06,6.34729428644953e-06,6.34729428644953e-06,0.0
1737675900.0,6.34729428644953e-06,6.34729428644953e-06,6.34729428644953e-06,6.34729428644953e-06,0.0
1737675960.0,6.34729428644953e-06,6.34729428644953e-06,6.34729428644953e-06,6.34729428644953e-06,0.0
1737676020.0,6.34729428644953e-06,6.34729428644953e-06,6.34729428644953e-06,6.34729428644953e-06,0.0
1737676080.0,6.34729428644953e-06,6.34729428644953e-06,6.34729428644953e-06,6.34729428644953e-06,0.0
1737676140.0,6.34729428644953e-06,6.34729428644953e-06,6.34729428644953e-06,6.34729428644953e-06,0.0
1737676200.0,6.34729428644953e-06,6.34729428644953e-06,6.34729428644953e-06,6.34729428644953e-06,0.0
1737676260.0,6.34729428644953e-06,6.34729428644953e-06,6.34035206548945e-06,6.34035206548945e-06,2.6068924166
1737676320.0,6.34035206548945e-06,6.34035206548945e-06,6.34035206548945e-06,6.34035206548945e-06,0.0
1737676380.0,6.34035206548945e-06,6.34077328406891e-06,6.34035206548945e-06,6.34077328406891e-06,0.76818338428
1737676440.0,6.34077328406891e-06,6.34077328406891e-06,6.27303474722741e-06,6.27303474722741e-06,54.7674194816
1737676500.0,6.27303474722741e-06,6.27303474722741e-06,6.27303474722741e-06,6.27303474722741e-06,0.0
1737676560.0,6.27303474722741e-06,6.27303474722741e-06,6.27303474722741e-06,6.27303474722741e-06,0.0
1737676620.0,6.27303474722741e-06,6.27303474722741e-06,6.27303474722741e-06,6.27303474722741e-06,0.0
1737676680.0,6.27303474722741e-06,6.27303474722741e-06,6.27303474722741e-06,6.27303474722741e-06,0.0
1737676740.0,6.27303474722741e-06,6.27303474722741e-06,6.27303474722741e-06,6.27303474722741e-06,0.0
1737676800.0,6.27303474722741e-06,6.27303474722741e-06,6.27303474722741e-06,6.27303474722741e-06,0.0
1737676860.0,6.27303474722741e-06,6.27303474722741e-06,6.27303474722741e-06,6.27303474722741e-06,0.0
1737676920.0,6.27303474722741e-06,6.27303474722741e-06,6.27303474722741e-06,6.27303474722741e-06,0.0
1737676980.0,6.27303474722741e-06,6.27303474722741e-06,6.27303474722741e-06,6.27303474722741e-06,0.0
1737677040.0,6.27303474722741e-06,6.27303474722741e-06,6.27303474722741e-06,6.27303474722741e-06,0.0
1737677100.0,6.27303474722741e-06,6.27303474722741e-06,6.27303474722741e-06,6.27303474722741e-06,0.0
1737677160.0,6.27303474722741e-06,6.27303474722741e-06,6.27303474722741e-06,6.27303474722741e-06,0.0
1737677220.0,6.27303474722741e-06,6.27303474722741e-06,6.27303474722741e-06,6.27303474722741e-06,0.0
1737677280.0,6.27303474722741e-06,6.27303474722741e-06,6.27303474722741e-06,6.27303474722741e-06,0.0
1737677340.0,6.27303474722741e-06,6.27303474722741e-06,6.27303474722741e-06,6.27303474722741e-06,0.0
1737677400.0,6.27303474722741e-06,6.27303474722741e-06,6.27303474722741e-06,6.27303474722741e-06,0.0
1737677460.0,6.27303474722741e-06,6.27303474722741e-06,6.2465968053607e-06,6.2465968053607e-06,1.69795484104
1737677520.0,6.2465968053607e-06,6.2465968053607e-06,6.2465968053607e-06,6.2465968053607e-06,0.0
1737677580.0,6.2465968053607e-06,6.2465968053607e-06,6.2465968053607e-06,6.2465968053607e-06,0.0
1737677640.0,6.2465968053607e-06,6.2465968053607e-06,6.2465968053607e-06,6.2465968053607e-06,0.0
1737677700.0,6.2465968053607e-06,6.2465968053607e-06,6.2465968053607e-06,6.2465968053607e-06,0.0
1737677760.0,6.2465968053607e-06,6.2465968053607e-06,6.2465968053607e-06,6.2465968053607e-06,0.0
1737677820.0,6.2465968053607e-06,6.2465968053607e-06,6.2465968053607e-06,6.2465968053607e-06,0.0
1737677880.0,6.2465968053607e-06,6.2465968053607e-06,6.2465968053607e-06,6.2465968053607e-06,0.0
1737677940.0,6.2465968053607e-06,6.2465968053607e-06,6.2465968053607e-06,6.2465968053607e-06,0.0
1737678000.0,6.2465968053607e-06,6.2465968053607e-06,6.2465968053607e-06,6.2465968053607e-06,0.0
1737678060.0,6.2465968053607e-06,6.2465968053607e-06,6.2465968053607e-06,6.2465968053607e-06,0.0
1737678120.0,6.2465968053607e-06,6.2465968053607e-06,6.2465968053607e-06,6.2465968053607e-06,0.0
1737678180.0,6.2465968053607e-06,6.2465968053607e-06,6.2465968053607e-06,6.2465968053607e-06,0.0
1737678240.0,6.2465968053607e-06,6.2465968053607e-06,6.2465968053607e-06,6.2465968053607e-06,0.0
1737678300.0,6.2465968053607e-06,6.2465968053607e-06,6.2465968053607e-06,6.2465968053607e-06,0.0
1737678360.0,6.2465968053607e-06,6.2465968053607e-06,6.2465968053607e-06,6.2465968053607e-06,0.0
1737678420.0,6.2465968053607e-06,6.2465968053607e-06,6.2465968053607e-06,6.2465968053607e-06,0.0
1737678480.0,6.2465968053607e-06,6.2465968053607e-06,6.2465968053607e-06,6.2465968053607e-06,0.0
1737678540.0,6.2465968053607e-06,6.2465968053607e-06,6.2465968053607e-06,6.2465968053607e-06,0.0
1737678600.0,6.2465968053607e-06,6.2465968053607e-06,6.2465968053607e-06,6.2465968053607e-06,0.0
1737678660.0,6.2465968053607e-06,6.2465968053607e-06,6.2465968053607e-06,6.2465968053607e-06,0.0
1737678720.0,6.2465968053607e-06,6.2465968053607e-06,6.2465968053607e-06,6.2465968053607e-06,0.0
1737678780.0,6.2465968053607e-06,6.2465968053607e-06,6.2465968053607e-06,6.2465968053607e-06,0.0
1737678840.0,6.2465968053607e-06,6.2465968053607e-06,6.2465968053607e-06,6.2465968053607e-06,0.0
1737678900.0,6.2465968053607e-06,6.2465968053607e-06,6.2465968053607e-06,6.2465968053607e-06,0.0
1737678960.0,6.2465968053607e-06,6.2465968053607e-06,6.2465968053607e-06,6.2465968053607e-06,0.0
1737679020.0,6.2465968053607e-06,6.2465968053607e-06,6.2465968053607e-06,6.2465968053607e-06,0.0
1737679080.0,6.2465968053607e-06,6.2465968053607e-06,6.2465968053607e-06,6.2465968053607e-06,0.0
1737679140.0,6.2465968053607e-06,6.2465968053607e-06,6.2465968053607e-06,6.2465968053607e-06,0.0
1737679200.0,6.2465968053607e-06,6.2465968053607e-06,6.2465968053607e-06,6.2465968053607e-06,0.0
1737679260.0,6.2465968053607e-06,6.2465968053607e-06,6.2465968053607e-06,6.2465968053607e-06,0.0
1737679320.0,6.2465968053607e-06,6.2465968053607e-06,6.2465968053607e-06,6.2465968053607e-06,0.0
1737679380.0,6.2465968053607e-06,6.2465968053607e-06,6.2465968053607e-06,6.2465968053607e-06,0.0
1737679440.0,6.2465968053607e-06,6.2465968053607e-06,6.2465968053607e-06,6.2465968053607e-06,0.0
1737679500.0,6.2465968053607e-06,6.2465968053607e-06,6.19592993762368e-06,6.19592993762368e-06,26.41019742744
1737679560.0,6.19592993762368e-06,6.19592993762368e-06,6.19592993762368e-06,6.19592993762368e-06,0.0
1737679620.0,6.19592993762368e-06,6.19592993762368e-06,6.19592993762368e-06,6.19592993762368e-06,0.0
1737679680.0,6.19592993762368e-06,6.19592993762368e-06,6.19592993762368e-06,6.19592993762368e-06,0.0
1737679740.0,6.19592993762368e-06,6.19592993762368e-06,6.19592993762368e-06,6.19592993762368e-06,0.0
1737679800.0,6.19592993762368e-06,6.19592993762368e-06,6.19592993762368e-06,6.19592993762368e-06,0.0
1737679860.0,6.19592993762368e-06,6.19592993762368e-06,6.19592993762368e-06,6.19592993762368e-06,0.0
1737679920.0,6.19592993762368e-06,6.19592993762368e-06,6.19592993762368e-06,6.19592993762368e-06,0.0
1737679980.0,6.19592993762368e-06,6.19592993762368e-06,6.19592993762368e-06,6.19592993762368e-06,0.0
1737680040.0,6.19592993762368e-06,6.19592993762368e-06,6.19592993762368e-06,6.19592993762368e-06,0.0
1737680100.0,6.19592993762368e-06,6.19592993762368e-06,6.19592993762368e-06,6.19592993762368e-06,0.0
1737680160.0,6.19592993762368e-06,6.19592993762368e-06,6.19592993762368e-06,6.19592993762368e-06,0.0
1737680220.0,6.19592993762368e-06,6.19592993762368e-06,6.19592993762368e-06,6.19592993762368e-06,0.0
1737680280.0,6.19592993762368e-06,6.19592993762368e-06,6.19592993762368e-06,6.19592993762368e-06,0.0
1737680340.0,6.19592993762368e-06,6.19592993762368e-06,6.19592993762368e-06,6.19592993762368e-06,0.0
1737680400.0,6.19592993762368e-06,6.19592993762368e-06,6.19592993762368e-06,6.19592993762368e-06,0.0
1737680460.0,6.19592993762368e-06,6.19592993762368e-06,6.19592993762368e-06,6.19592993762368e-06,0.0
1737680520.0,6.19592993762368e-06,6.19592993762368e-06,6.19592993762368e-06,6.19592993762368e-06,0.0
1737680580.0,6.19592993762368e-06,6.19592993762368e-06,6.19592993762368e-06,6.19592993762368e-06,0.0
1737680640.0,6.19592993762368e-06,6.19592993762368e-06,6.19592993762368e-06,6.19592993762368e-06,0.0
1737680700.0,6.19592993762368e-06,6.19592993762368e-06,6.19592993762368e-06,6.19592993762368e-06,0.0
1737680760.0,6.19592993762368e-06,6.19592993762368e-06,6.19592993762368e-06,6.19592993762368e-06,0.0
1737680820.0,6.19592993762368e-06,6.19592993762368e-06,6.19592993762368e-06,6.19592993762368e-06,0.0
1737680880.0,6.19592993762368e-06,6.19592993762368e-06,6.19592993762368e-06,6.19592993762368e-06,0.0
1737680940.0,6.19592993762368e-06,6.19592993762368e-06,6.19592993762368e-06,6.19592993762368e-06,0.0
1737681000.0,6.19592993762368e-06,6.19592993762368e-06,6.19592993762368e-06,6.19592993762368e-06,0.0
1737681060.0,6.19592993762368e-06,6.19592993762368e-06,6.19592993762368e-06,6.19592993762368e-06,0.0
1737681120.0,6.19592993762368e-06,6.19592993762368e-06,6.19592993762368e-06,6.19592993762368e-06,0.0
1737681180.0,6.19592993762368e-06,6.19592993762368e-06,6.19592993762368e-06,6.19592993762368e-06,0.0
1737681240.0,6.19592993762368e-06,6.19592993762368e-06,6.19592993762368e-06,6.19592993762368e-06,0.0
1737681300.0,6.19592993762368e-06,6.19592993762368e-06,6.19592993762368e-06,6.19592993762368e-06,0.0
1737681360.0,6.19592993762368e-06,6.19592993762368e-06,6.19592993762368e-06,6.19592993762368e-06,0.0
1737681420.0,6.19592993762368e-06,6.19592993762368e-06,6.19592993762368e-06,6.19592993762368e-06,0.0
1737681480.0,6.19592993762368e-06,6.19592993762368e-06,6.19592993762368e-06,6.19592993762368e-06,0.0
1737681540.0,6.19592993762368e-06,6.19592993762368e-06,6.19592993762368e-06,6.19592993762368e-06,0.0
1737681600.0,6.19592993762368e-06,6.19592993762368e-06,6.19592993762368e-06,6.19592993762368e-06,0.0
1737681660.0,6.19592993762368e-06,6.19592993762368e-06,6.19592993762368e-06,6.19592993762368e-06,0.0
1737681720.0,6.19592993762368e-06,6.19592993762368e-06,6.19592993762368e-06,6.19592993762368e-06,0.0
1737681780.0,6.19592993762368e-06,6.19592993762368e-06,6.19592993762368e-06,6.19592993762368e-06,0.0
1737681840.0,6.19592993762368e-06,6.19592993762368e-06,6.19592993762368e-06,6.19592993762368e-06,0.0
1737681900.0,6.19592993762368e-06,6.19592993762368e-06,6.19592993762368e-06,6.19592993762368e-06,0.0
1737681960.0,6.19592993762368e-06,6.19592993762368e-06,6.19592993762368e-06,6.19592993762368e-06,0.0
1737682020.0,6.19592993762368e-06,6.19592993762368e-06,6.19592993762368e-06,6.19592993762368e-06,0.0
1737682080.0,6.19592993762368e-06,6.19592993762368e-06,6.19592993762368e-06,6.19592993762368e-06,0.0
1737682140.0,6.19592993762368e-06,6.19592993762368e-06,6.19592993762368e-06,6.19592993762368e-06,0.0
1737682200.0,6.19592993762368e-06,6.19592993762368e-06,6.19592993762368e-06,6.19592993762368e-06,0.0
1737682260.0,6.19592993762368e-06,6.19592993762368e-06,6.19592993762368e-06,6.19592993762368e-06,0.0
1737682320.0,6.19592993762368e-06,6.19592993762368e-06,6.19592993762368e-06,6.19592993762368e-06,0.0
1737682380.0,6.19592993762368e-06,6.19592993762368e-06,6.19592993762368e-06,6.19592993762368e-06,0.0
1737682440.0,6.19592993762368e-06,6.19592993762368e-06,6.19592993762368e-06,6.19592993762368e-06,0.0
1737682500.0,6.19592993762368e-06,6.19592993762368e-06,6.19592993762368e-06,6.19592993762368e-06,0.0
1737682560.0,6.19592993762368e-06,6.19592993762368e-06,6.19592993762368e-06,6.19592993762368e-06,0.0
1737682620.0,6.19592993762368e-06,6.19592993762368e-06,6.09957054365886e-06,6.09957054365886e-06,1.046983264
1737682680.0,6.09957054365886e-06,6.09957054365886e-06,6.09957054365886e-06,6.09957054365886e-06,0.0
1737682740.0,6.09957054365886e-06,6.09957054365886e-06,6.09957054365886e-06,6.09957054365886e-06,0.0
1737682800.0,6.09957054365886e-06,6.09957054365886e-06,6.09957054365886e-06,6.09957054365886e-06,0.0
1737682860.0,6.09957054365886e-06,6.09957054365886e-06,6.09957054365886e-06,6.09957054365886e-06,0.0
1737682920.0,6.09957054365886e-06,6.09957054365886e-06,6.09957054365886e-06,6.09957054365886e-06,0.0
1737682980.0,6.09957054365886e-06,6.09957054365886e-06,6.09957054365886e-06,6.09957054365886e-06,0.0
1737683040.0,6.09957054365886e-06,6.09957054365886e-06,6.09957054365886e-06,6.09957054365886e-06,0.0
1737683100.0,6.09957054365886e-06,6.09957054365886e-06,6.09957054365886e-06,6.09957054365886e-06,0.0
1737683160.0,6.09957054365886e-06,6.09957054365886e-06,6.09957054365886e-06,6.09957054365886e-06,0.0
1737683220.0,6.09957054365886e-06,6.09957054365886e-06,6.09957054365886e-06,6.09957054365886e-06,0.0
1737683280.0,6.09957054365886e-06,6.09957054365886e-06,6.09957054365886e-06,6.09957054365886e-06,0.0
1737683340.0,6.09957054365886e-06,6.09957054365886e-06,6.09957054365886e-06,6.09957054365886e-06,0.0
1737683400.0,6.09957054365886e-06,6.09957054365886e-06,6.09957054365886e-06,6.09957054365886e-06,0.0
1737683460.0,6.09957054365886e-06,6.09957054365886e-06,6.09957054365886e-06,6.09957054365886e-06,0.0
1737683520.0,6.09957054365886e-06,6.09957054365886e-06,6.09957054365886e-06,6.09957054365886e-06,0.0
1737683580.0,6.09957054365886e-06,6.09957054365886e-06,6.09957054365886e-06,6.09957054365886e-06,0.0
1737683640.0,6.09957054365886e-06,6.09957054365886e-06,6.09957054365886e-06,6.09957054365886e-06,0.0
1737683700.0,6.09957054365886e-06,6.09957054365886e-06,6.09957054365886e-06,6.09957054365886e-06,0.0
1737683760.0,6.09957054365886e-06,6.09957054365886e-06,6.09957054365886e-06,6.09957054365886e-06,0.0
1737683820.0,6.09957054365886e-06,6.09957054365886e-06,6.09957054365886e-06,6.09957054365886e-06,0.0
1737683880.0,6.09957054365886e-06,6.09957054365886e-06,6.09957054365886e-06,6.09957054365886e-06,0.0
1737683940.0,6.09957054365886e-06,6.09957054365886e-06,6.09957054365886e-06,6.09957054365886e-06,0.0
1737684000.0,6.09957054365886e-06,6.09957054365886e-06,6.09957054365886e-06,6.09957054365886e-06,0.0
1737684060.0,6.09957054365886e-06,6.09957054365886e-06,6.09957054365886e-06,6.09957054365886e-06,0.0
1737684120.0,6.09957054365886e-06,6.09957054365886e-06,6.09957054365886e-06,6.09957054365886e-06,0.0
1737684180.0,6.09957054365886e-06,6.09957054365886e-06,6.09957054365886e-06,6.09957054365886e-06,0.0
1737684240.0,6.09957054365886e-06,6.09957054365886e-06,6.09957054365886e-06,6.09957054365886e-06,0.0
1737684300.0,6.09957054365886e-06,6.09957054365886e-06,6.09957054365886e-06,6.09957054365886e-06,0.0
1737684360.0,6.09957054365886e-06,6.09957054365886e-06,6.09957054365886e-06,6.09957054365886e-06,0.0
1737684420.0,6.09957054365886e-06,6.09957054365886e-06,6.09957054365886e-06,6.09957054365886e-06,0.0
1737684480.0,6.09957054365886e-06,6.09957054365886e-06,6.09957054365886e-06,6.09957054365886e-06,0.0
1737684540.0,6.09957054365886e-06,6.09957054365886e-06,6.09957054365886e-06,6.09957054365886e-06,0.0
1737684600.0,6.09957054365886e-06,6.09957054365886e-06,6.09957054365886e-06,6.09957054365886e-06,0.0
1737684660.0,6.09957054365886e-06,6.09957054365886e-06,6.09957054365886e-06,6.09957054365886e-06,0.0
1737684720.0,6.09957054365886e-06,6.09957054365886e-06,6.09957054365886e-06,6.09957054365886e-06,0.0
1737684780.0,6.09957054365886e-06,6.09957054365886e-06,6.09957054365886e-06,6.09957054365886e-06,0.0
1737684840.0,6.09957054365886e-06,6.09957054365886e-06,6.09957054365886e-06,6.09957054365886e-06,0.0
1737684900.0,6.09957054365886e-06,6.09957054365886e-06,6.09957054365886e-06,6.09957054365886e-06,0.0
1737684960.0,6.09957054365886e-06,6.09957054365886e-06,6.00740355234701e-06,6.00740355234701e-06,18.4847492249
1737685020.0,6.00740355234701e-06,6.00740355234701e-06,6.00740355234701e-06,6.00740355234701e-06,0.0
1737685080.0,6.00740355234701e-06,6.00740355234701e-06,6.00740355234701e-06,6.00740355234701e-06,0.0
1737685140.0,6.00740355234701e-06,6.00740355234701e-06,6.00740355234701e-06,6.00740355234701e-06,0.0
1737685200.0,6.00740355234701e-06,6.00740355234701e-06,6.00740355234701e-06,6.00740355234701e-06,0.0
1737685260.0,6.00740355234701e-06,6.00740355234701e-06,6.00740355234701e-06,6.00740355234701e-06,0.0
1737685320.0,6.00740355234701e-06,6.00740355234701e-06,6.00740355234701e-06,6.00740355234701e-06,0.0
1737685380.0,6.00740355234701e-06,6.00740355234701e-06,6.00740355234701e-06,6.00740355234701e-06,0.0
1737685440.0,6.00740355234701e-06,6.00740355234701e-06,6.00740355234701e-06,6.00740355234701e-06,0.0
1737685500.0,6.00740355234701e-06,6.00740355234701e-06,6.00740355234701e-06,6.00740355234701e-06,0.0
1737685560.0,6.00740355234701e-06,6.00740355234701e-06,6.00740355234701e-06,6.00740355234701e-06,0.0
1737685620.0,6.00740355234701e-06,6.00740355234701e-06,6.00740355234701e-06,6.00740355234701e-06,0.0
1737685680.0,6.00740355234701e-06,6.00740355234701e-06,5.93444351728079e-06,5.93444351728079e-06,55.3561612978
1737685740.0,5.93444351728079e-06,5.93444351728079e-06,5.93444351728079e-06,5.93444351728079e-06,0.0
1737685800.0,5.93444351728079e-06,5.93444351728079e-06,5.87502221067311e-06,5.87502221067311e-06,0.93519067876
1737685860.0,5.87502221067311e-06,5.87502221067311e-06,5.87502221067311e-06,5.87502221067311e-06,0.0
1737685920.0,5.87502221067311e-06,5.87502221067311e-06,5.87502221067311e-06,5.87502221067311e-06,0.0
1737685980.0,5.87502221067311e-06,5.87502221067311e-06,5.87502221067311e-06,5.87502221067311e-06,0.0
1737686040.0,5.87502221067311e-06,5.87502221067311e-06,5.87502221067311e-06,5.87502221067311e-06,0.0
1737686100.0,5.87502221067311e-06,5.87502221067311e-06,5.87502221067311e-06,5.87502221067311e-06,0.0
1737686160.0,5.87502221067311e-06,5.87502221067311e-06,5.87502221067311e-06,5.87502221067311e-06,0.0
1737686220.0,5.87502221067311e-06,5.87502221067311e-06,5.87502221067311e-06,5.87502221067311e-06,0.0
1737686280.0,5.87502221067311e-06,5.87502221067311e-06,5.87502221067311e-06,5.87502221067311e-06,0.0
1737686340.0,5.87502221067311e-06,5.87502221067311e-06,5.87502221067311e-06,5.87502221067311e-06,0.0
1737686400.0,5.87502221067311e-06,5.87502221067311e-06,5.87502221067311e-06,5.87502221067311e-06,0.0
1737686460.0,5.87502221067311e-06,5.87502221067311e-06,5.87502221067311e-06,5.87502221067311e-06,0.0
1737686520.0,5.87502221067311e-06,5.87502221067311e-06,5.87502221067311e-06,5.87502221067311e-06,0.0
1737686580.0,5.87502221067311e-06,5.87502221067311e-06,5.87502221067311e-06,5.87502221067311e-06,0.0
1737686640.0,5.87502221067311e-06,5.87502221067311e-06,5.87502221067311e-06,5.87502221067311e-06,0.0
1737686700.0,5.87502221067311e-06,5.87502221067311e-06,5.87502221067311e-06,5.87502221067311e-06,0.0
1737686760.0,5.87502221067311e-06,5.87502221067311e-06,5.87502221067311e-06,5.87502221067311e-06,0.0
1737686820.0,5.87502221067311e-06,5.87502221067311e-06,5.87502221067311e-06,5.87502221067311e-06,0.0
1737686880.0,5.87502221067311e-06,5.87502221067311e-06,5.87502221067311e-06,5.87502221067311e-06,0.0
1737686940.0,5.87502221067311e-06,5.87502221067311e-06,5.87502221067311e-06,5.87502221067311e-06,0.0
1737687000.0,5.87502221067311e-06,5.87502221067311e-06,5.87502221067311e-06,5.87502221067311e-06,0.0
1737687060.0,5.87502221067311e-06,5.87502221067311e-06,5.87502221067311e-06,5.87502221067311e-06,0.0
1737687120.0,5.87502221067311e-06,5.87502221067311e-06,5.87502221067311e-06,5.87502221067311e-06,0.0
1737687180.0,5.87502221067311e-06,5.87502221067311e-06,5.87502221067311e-06,5.87502221067311e-06,0.0
1737687240.0,5.87502221067311e-06,5.87502221067311e-06,5.87502221067311e-06,5.87502221067311e-06,0.0
1737687300.0,5.87502221067311e-06,5.87502221067311e-06,5.87502221067311e-06,5.87502221067311e-06,0.0
1737687360.0,5.87502221067311e-06,5.87502221067311e-06,5.87502221067311e-06,5.87502221067311e-06,0.0
1737687420.0,5.87502221067311e-06,5.87502221067311e-06,5.87502221067311e-06,5.87502221067311e-06,0.0
1737687480.0,5.87502221067311e-06,5.87502221067311e-06,5.87502221067311e-06,5.87502221067311e-06,0.0
1737687540.0,5.87502221067311e-06,5.87502221067311e-06,5.87502221067311e-06,5.87502221067311e-06,0.0
1737687600.0,5.87502221067311e-06,5.87502221067311e-06,5.83801511881705e-06,5.83801511881705e-06,2.37619323221
1737687660.0,5.83801511881705e-06,5.83801511881705e-06,5.83801511881705e-06,5.83801511881705e-06,0.0
