0,1,2,3,4,5
1737647820.0,5.34476724637086e-05,0.0001785671336223,3.53344549366253e-05,0.0001697334849599,124900.73968852678
1737647880.0,0.0001697334849599,0.0001898953385654,4.62251541734221e-05,6.13129247610736e-05,157307.50598494132
1737647940.0,6.13129247610736e-05,0.0001147332138683,3.43311805248726e-05,4.13591037528381e-05,46573.23471423164
1737648000.0,4.13591037528381e-05,8.8108016436376e-05,4.13591037528381e-05,5.65512618797039e-05,50541.59037116572
1737648060.0,5.65512618797039e-05,5.65512618797039e-05,2.09896581489631e-05,3.43977920568281e-05,26046.16378657881
1737648120.0,3.43977920568281e-05,3.50811621928093e-05,1.62984158735166e-05,1.88641962134424e-05,10482.49941940856
1737648180.0,1.88641962134424e-05,2.09652837428113e-05,1.19852135667903e-05,1.48581329294147e-05,8980.07876177616
1737648240.0,1.48581329294147e-05,1.70740599615143e-05,1.33876364702332e-05,1.3853959326924e-05,2608.4584801992
1737648300.0,1.3853959326924e-05,1.3853959326924e-05,1.12139448853725e-05,1.12139448853725e-05,869.30843528744
1737648360.0,1.12139448853725e-05,1.12139448853725e-05,9.76547025667514e-06,1.02458430497532e-05,812.32855962917
1737648420.0,1.02458430497532e-05,1.04423641557192e-05,1.02458430497532e-05,1.03471336565589e-05,69.89341370455
1737648480.0,1.03471336565589e-05,1.03471336565589e-05,9.06077789260092e-06,9.06077789260092e-06,469.50203065994
1737648540.0,9.06077789260092e-06,9.16429469870557e-06,8.9514931203266e-06,9.16429469870557e-06,113.51791519614
1737648600.0,9.16429469870557e-06,9.16429469870557e-06,9.10449930201357e-06,9.10449930201357e-06,13.5036300532
1737648660.0,9.10449930201357e-06,9.10449930201357e-06,8.62678467544982e-06,8.62678467544982e-06,177.86906800984
1737648720.0,8.62678467544982e-06,8.68638005127672e-06,8.58883924904001e-06,8.68315068743616e-06,92.62013202292
1737648780.0,8.68315068743616e-06,9.02091777933396e-06,8.63893648826291e-06,9.02091777933396e-06,269.03937787756
1737648840.0,9.02091777933396e-06,9.02091777933396e-06,8.97763965566007e-06,8.97763965566007e-06,252.5923389107
1737648900.0,8.97763965566007e-06,8.97763965566007e-06,8.64436912277528e-06,8.64436912277528e-06,6.84715931072
1737648960.0,8.64436912277528e-06,8.64436912277528e-06,8.31211768648533e-06,8.31211768648533e-06,152.35803382504
1737649020.0,8.31211768648533e-06,8.31211768648533e-06,8.30300605316e-06,8.30300605316e-06,0.41884079398
1737649080.0,8.30300605316e-06,8.30300605316e-06,8.2595082123514e-06,8.2595082123514e-06,15.17481676063
1737649140.0,8.2595082123514e-06,8.2595082123514e-06,8.21007844748601e-06,8.21007844748601e-06,17.4896389556
1737649200.0,8.21007844748601e-06,8.21007844748601e-06,8.1658412836216e-06,8.1658412836216e-06,6.02052068352
1737649260.0,8.1658412836216e-06,8.1658412836216e-06,8.0869762896601e-06,8.0869762896601e-06,38.58723831345
1737649320.0,8.0869762896601e-06,8.0869762896601e-06,7.98911553123e-06,7.98911553123e-06,5.61211312322
1737649380.0,7.98911553123e-06,7.99120523647286e-06,7.98911553123e-06,7.99120523647286e-06,4.38699677185
1737649440.0,7.99120523647286e-06,7.99120523647286e-06,7.88119588959381e-06,7.88119588959381e-06,40.80945118962
1737649500.0,7.88119588959381e-06,7.88119588959381e-06,7.88119588959381e-06,7.88119588959381e-06,0.0
1737649560.0,7.88119588959381e-06,7.88119588959381e-06,7.86807409799673e-06,7.86807409799673e-06,6.73510027646
1737649620.0,7.86807409799673e-06,7.86807409799673e-06,7.8171973119922e-06,7.8171973119922e-06,26.00425339029
1737649680.0,7.8171973119922e-06,7.8171973119922e-06,7.77451947962335e-06,7.77451947962335e-06,0.92131047387
1737649740.0,7.77451947962335e-06,7.78619597099311e-06,7.77451947962335e-06,7.78619597099311e-06,3.50432042856
1737649800.0,7.78619597099311e-06,7.79333256834194e-06,7.78619597099311e-06,7.79333256834194e-06,4.0857916988
1737649860.0,7.79333256834194e-06,7.83998737650488e-06,7.79333256834194e-06,7.83998737650488e-06,5.82638971437
1737649920.0,7.83998737650488e-06,7.83998737650488e-06,7.83998737650488e-06,7.83998737650488e-06,0.0
1737649980.0,7.83998737650488e-06,7.83998737650488e-06,7.83998737650488e-06,7.83998737650488e-06,0.0
1737650040.0,7.83998737650488e-06,7.83998737650488e-06,7.81259183021429e-06,7.81259183021429e-06,0.68799295468
1737650100.0,7.81259183021429e-06,7.83026124421988e-06,7.78927526550104e-06,7.83026124421988e-06,24.9591501075
1737650160.0,7.83026124421988e-06,7.83026124421988e-06,7.78643360695056e-06,7.78643360695056e-06,0.51770932521
1737650220.0,7.78643360695056e-06,7.78643360695056e-06,7.78643360695056e-06,7.78643360695056e-06,0.0
1737650280.0,7.78643360695056e-06,7.83070592362478e-06,7.682121928135e-06,7.682121928135e-06,128.08724336318
1737650340.0,7.682121928135e-06,7.682121928135e-06,7.51067022493166e-06,7.51067022493166e-06,14.69959681035
1737650400.0,7.51067022493166e-06,7.51067022493166e-06,7.27824470911212e-06,7.37023767120872e-06,112.73878161576
1737650460.0,7.37023767120872e-06,7.37023767120872e-06,7.37023767120872e-06,7.37023767120872e-06,0.0
1737650520.0,7.37023767120872e-06,7.37023767120872e-06,7.37023767120872e-06,7.37023767120872e-06,0.0
1737650580.0,7.37023767120872e-06,7.37023767120872e-06,7.20245232418247e-06,7.20245232418247e-06,30.78114255752
1737650640.0,7.20245232418247e-06,7.20245232418247e-06,7.18286981890852e-06,7.19209422815757e-06,0.77507539258
1737650700.0,7.19209422815757e-06,7.23529931742043e-06,7.19209422815757e-06,7.23529931742043e-06,6.68937798144
1737650760.0,7.23529931742043e-06,7.23529931742043e-06,7.20019302018874e-06,7.20019302018874e-06,9.4390226856
1737650820.0,7.20019302018874e-06,7.20019302018874e-06,7.20019302018874e-06,7.20019302018874e-06,0.0
1737650880.0,7.20019302018874e-06,7.20019302018874e-06,7.20019302018874e-06,7.20019302018874e-06,0.0
1737650940.0,7.20019302018874e-06,7.20019302018874e-06,7.20019302018874e-06,7.20019302018874e-06,0.0
1737651000.0,7.20019302018874e-06,7.20019302018874e-06,7.20019302018874e-06,7.20019302018874e-06,0.0
1737651060.0,7.20019302018874e-06,7.20019302018874e-06,7.20019302018874e-06,7.20019302018874e-06,0.0
1737651120.0,7.20019302018874e-06,7.20019302018874e-06,7.20019302018874e-06,7.20019302018874e-06,0.0
1737651180.0,7.20019302018874e-06,7.20019302018874e-06,7.20019302018874e-06,7.20019302018874e-06,0.0
1737651240.0,7.20019302018874e-06,7.20019302018874e-06,7.20019302018874e-06,7.20019302018874e-06,0.0
1737651300.0,7.20019302018874e-06,7.20019302018874e-06,7.20019302018874e-06,7.20019302018874e-06,0.0
1737651360.0,7.20019302018874e-06,7.20019302018874e-06,7.20019302018874e-06,7.20019302018874e-06,0.0
1737651420.0,7.20019302018874e-06,7.20019302018874e-06,7.20019302018874e-06,7.20019302018874e-06,0.0
1737651480.0,7.20019302018874e-06,7.20019302018874e-06,7.09309285628069e-06,7.09309285628069e-06,2.685668916
1737651540.0,7.09309285628069e-06,7.09309285628069e-06,7.09309285628069e-06,7.09309285628069e-06,0.0
1737651600.0,7.09309285628069e-06,7.09309285628069e-06,7.09309285628069e-06,7.09309285628069e-06,0.0
1737651660.0,7.09309285628069e-06,7.09309285628069e-06,7.09309285628069e-06,7.09309285628069e-06,0.0
1737651720.0,7.09309285628069e-06,7.09309285628069e-06,7.09309285628069e-06,7.09309285628069e-06,0.0
1737651780.0,7.09309285628069e-06,7.09309285628069e-06,7.0438665496016e-06,7.0438665496016e-06,12.54589808448
1737651840.0,7.0438665496016e-06,7.0438665496016e-06,7.0438665496016e-06,7.0438665496016e-06,0.0
1737651900.0,7.0438665496016e-06,7.0438665496016e-06,6.9650742734491e-06,6.9650742734491e-06,29.9413435444
1737651960.0,6.9650742734491e-06,6.9650742734491e-06,6.9650742734491e-06,6.9650742734491e-06,0.0
1737652020.0,6.9650742734491e-06,6.9650742734491e-06,6.9650742734491e-06,6.9650742734491e-06,0.0
1737652080.0,6.9650742734491e-06,6.9650742734491e-06,6.9650742734491e-06,6.9650742734491e-06,0.0
1737652140.0,6.9650742734491e-06,6.9650742734491e-06,6.9650742734491e-06,6.9650742734491e-06,0.0
1737652200.0,6.9650742734491e-06,6.9650742734491e-06,6.9650742734491e-06,6.9650742734491e-06,0.0
1737652260.0,6.9650742734491e-06,6.9650742734491e-06,6.9650742734491e-06,6.9650742734491e-06,0.0
1737652320.0,6.9650742734491e-06,6.9650742734491e-06,6.9650742734491e-06,6.9650742734491e-06,0.0
1737652380.0,6.9650742734491e-06,6.9650742734491e-06,6.9650742734491e-06,6.9650742734491e-06,0.0
1737652440.0,6.9650742734491e-06,6.9650742734491e-06,6.9444411956914e-06,6.9444411956914e-06,1.17315018044
1737652500.0,6.9444411956914e-06,6.9444411956914e-06,6.9444411956914e-06,6.9444411956914e-06,0.0
1737652560.0,6.9444411956914e-06,6.9444411956914e-06,6.9444411956914e-06,6.9444411956914e-06,0.0
1737652620.0,6.9444411956914e-06,6.95297115542517e-06,6.9444411956914e-06,6.95297115542517e-06,1.54571324824
1737652680.0,6.95297115542517e-06,6.95297115542517e-06,6.95297115542517e-06,6.95297115542517e-06,0.0
1737652740.0,6.95297115542517e-06,6.9683291292043e-06,6.95297115542517e-06,6.9683291292043e-06,1.71253743858
1737652800.0,6.9683291292043e-06,6.9683291292043e-06,6.9683291292043e-06,6.9683291292043e-06,0.0
1737652860.0,6.9683291292043e-06,6.9683291292043e-06,6.9683291292043e-06,6.9683291292043e-06,0.0
1737652920.0,6.9683291292043e-06,6.9683291292043e-06,6.94732969536816e-06,6.94732969536816e-06,6.72001988968
1737652980.0,6.94732969536816e-06,6.94732969536816e-06,6.94732969536816e-06,6.94732969536816e-06,0.0
1737653040.0,6.94732969536816e-06,6.94732969536816e-06,6.94732969536816e-06,6.94732969536816e-06,0.0
1737653100.0,6.94732969536816e-06,6.94732969536816e-06,6.94732969536816e-06,6.94732969536816e-06,0.0
1737653160.0,6.94732969536816e-06,6.94732969536816e-06,6.94732969536816e-06,6.94732969536816e-06,0.0
1737653220.0,6.94732969536816e-06,6.94732969536816e-06,6.94466065838259e-06,6.94466065838259e-06,1.28790448168
1737653280.0,6.94466065838259e-06,6.94466065838259e-06,6.94466065838259e-06,6.94466065838259e-06,0.0
1737653340.0,6.94466065838259e-06,6.94466065838259e-06,6.94466065838259e-06,6.94466065838259e-06,0.0
1737653400.0,6.94466065838259e-06,6.94466065838259e-06,6.93348721170278e-06,6.93348721170278e-06,27.91234678281
1737653460.0,6.93348721170278e-06,6.93348721170278e-06,6.93348721170278e-06,6.93348721170278e-06,0.0
1737653520.0,6.93348721170278e-06,6.93348721170278e-06,6.93348721170278e-06,6.93348721170278e-06,0.0
1737653580.0,6.93348721170278e-06,6.93348721170278e-06,6.93348721170278e-06,6.93348721170278e-06,0.0
1737653640.0,6.93348721170278e-06,6.93348721170278e-06,6.93348721170278e-06,6.93348721170278e-06,0.0
1737653700.0,6.93348721170278e-06,6.93348721170278e-06,6.93348721170278e-06,6.93348721170278e-06,0.0
1737653760.0,6.93348721170278e-06,6.93348721170278e-06,6.93348721170278e-06,6.93348721170278e-06,0.0
1737653820.0,6.93348721170278e-06,6.93348721170278e-06,6.93348721170278e-06,6.93348721170278e-06,0.0
1737653880.0,6.93348721170278e-06,6.93348721170278e-06,6.47615314894744e-06,6.48547501920634e-06,205.731922094
1737653940.0,6.48547501920634e-06,6.48547501920634e-06,6.48547501920634e-06,6.48547501920634e-06,0.0
1737654000.0,6.48547501920634e-06,6.48547501920634e-06,6.42795749147155e-06,6.42795749147155e-06,16.0407795422
1737654060.0,6.42795749147155e-06,6.42795749147155e-06,6.42795749147155e-06,6.42795749147155e-06,0.0
1737654120.0,6.42795749147155e-06,6.42795749147155e-06,6.42795749147155e-06,6.42795749147155e-06,0.0
1737654180.0,6.42795749147155e-06,6.42795749147155e-06,6.42795749147155e-06,6.42795749147155e-06,0.0
1737654240.0,6.42795749147155e-06,6.42795749147155e-06,6.42795749147155e-06,6.42795749147155e-06,0.0
1737654300.0,6.42795749147155e-06,6.42795749147155e-06,6.42795749147155e-06,6.42795749147155e-06,0.0
1737654360.0,6.42795749147155e-06,6.42795749147155e-06,6.42795749147155e-06,6.42795749147155e-06,0.0
1737654420.0,6.42795749147155e-06,6.42795749147155e-06,6.42795749147155e-06,6.42795749147155e-06,0.0
1737654480.0,6.42795749147155e-06,6.42795749147155e-06,6.42795749147155e-06,6.42795749147155e-06,0.0
1737654540.0,6.42795749147155e-06,6.42795749147155e-06,6.42795749147155e-06,6.42795749147155e-06,0.0
1737654600.0,6.42795749147155e-06,6.42795749147155e-06,6.42795749147155e-06,6.42795749147155e-06,0.0
1737654660.0,6.42795749147155e-06,6.42795749147155e-06,6.42795749147155e-06,6.42795749147155e-06,0.0
1737654720.0,6.42795749147155e-06,6.42795749147155e-06,6.42795749147155e-06,6.42795749147155e-06,0.0
1737654780.0,6.42795749147155e-06,6.42795749147155e-06,6.42795749147155e-06,6.42795749147155e-06,0.0
1737654840.0,6.42795749147155e-06,6.42795749147155e-06,6.42795749147155e-06,6.42795749147155e-06,0.0
1737654900.0,6.42795749147155e-06,6.42795749147155e-06,6.42795749147155e-06,6.42795749147155e-06,0.0
1737654960.0,6.42795749147155e-06,6.42795749147155e-06,6.42795749147155e-06,6.42795749147155e-06,0.0
1737655020.0,6.42795749147155e-06,6.42795749147155e-06,6.42795749147155e-06,6.42795749147155e-06,0.0
1737655080.0,6.42795749147155e-06,6.42795749147155e-06,6.42795749147155e-06,6.42795749147155e-06,0.0
1737655140.0,6.42795749147155e-06,6.42795749147155e-06,6.42795749147155e-06,6.42795749147155e-06,0.0
1737655200.0,6.42795749147155e-06,6.42795749147155e-06,6.42795749147155e-06,6.42795749147155e-06,0.0
1737655260.0,6.42795749147155e-06,6.42795749147155e-06,6.42795749147155e-06,6.42795749147155e-06,0.0
1737655320.0,6.42795749147155e-06,6.42795749147155e-06,6.15890365319859e-06,6.15890365319859e-06,213.36049209198
1737655380.0,6.15890365319859e-06,6.15890365319859e-06,6.15890365319859e-06,6.15890365319859e-06,0.0
1737655440.0,6.15890365319859e-06,6.15890365319859e-06,6.15890365319859e-06,6.15890365319859e-06,0.0
1737655500.0,6.15890365319859e-06,6.15890365319859e-06,6.15890365319859e-06,6.15890365319859e-06,0.0
1737655560.0,6.15890365319859e-06,6.15890365319859e-06,6.15890365319859e-06,6.15890365319859e-06,0.0
1737655620.0,6.15890365319859e-06,6.15890365319859e-06,6.15890365319859e-06,6.15890365319859e-06,0.0
1737655680.0,6.15890365319859e-06,6.15890365319859e-06,6.15890365319859e-06,6.15890365319859e-06,0.0
1737655740.0,6.15890365319859e-06,6.15890365319859e-06,6.15890365319859e-06,6.15890365319859e-06,0.0
1737655800.0,6.15890365319859e-06,6.15890365319859e-06,6.15890365319859e-06,6.15890365319859e-06,0.0
1737655860.0,6.15890365319859e-06,6.15890365319859e-06,6.15890365319859e-06,6.15890365319859e-06,0.0
1737655920.0,6.15890365319859e-06,6.15890365319859e-06,6.15890365319859e-06,6.15890365319859e-06,0.0
1737655980.0,6.15890365319859e-06,6.15890365319859e-06,6.15890365319859e-06,6.15890365319859e-06,0.0
1737656040.0,6.15890365319859e-06,6.15890365319859e-06,6.15890365319859e-06,6.15890365319859e-06,0.0
1737656100.0,6.15890365319859e-06,6.15890365319859e-06,5.8751752890375e-06,5.8751752890375e-06,10.61512519198
1737656160.0,5.8751752890375e-06,5.8751752890375e-06,5.8751752890375e-06,5.8751752890375e-06,0.0
1737656220.0,5.8751752890375e-06,5.8751752890375e-06,5.8751752890375e-06,5.8751752890375e-06,0.0
1737656280.0,5.8751752890375e-06,5.8751752890375e-06,5.8751752890375e-06,5.8751752890375e-06,0.0
1737656340.0,5.8751752890375e-06,5.8751752890375e-06,5.8751752890375e-06,5.8751752890375e-06,0.0
1737656400.0,5.8751752890375e-06,5.8751752890375e-06,5.8751752890375e-06,5.8751752890375e-06,0.0
1737656460.0,5.8751752890375e-06,5.8751752890375e-06,5.8751752890375e-06,5.8751752890375e-06,0.0
1737656520.0,5.8751752890375e-06,5.8751752890375e-06,5.8751752890375e-06,5.8751752890375e-06,0.0
1737656580.0,5.8751752890375e-06,5.8751752890375e-06,5.85370661032895e-06,5.85370661032895e-06,12.26901662408
1737656640.0,5.85370661032895e-06,5.85370661032895e-06,5.85370661032895e-06,5.85370661032895e-06,0.0
1737656700.0,5.85370661032895e-06,5.85370661032895e-06,5.85370661032895e-06,5.85370661032895e-06,0.0
1737656760.0,5.85370661032895e-06,6.36829435697716e-06,5.85370661032895e-06,6.36829435697716e-06,202.45688
1737656820.0,6.36829435697716e-06,8.27446298479844e-06,6.36829435697716e-06,8.27446298479844e-06,779.8198078612
1737656880.0,8.27446298479844e-06,8.27446298479844e-06,6.35037708625309e-06,6.62976374523141e-06,1283.16765544467
1737656940.0,6.62976374523141e-06,6.62976374523141e-06,6.62976374523141e-06,6.62976374523141e-06,0.0
1737657000.0,6.62976374523141e-06,6.62976374523141e-06,6.62976374523141e-06,6.62976374523141e-06,0.0
1737657060.0,6.62976374523141e-06,6.62976374523141e-06,6.37330124068366e-06,6.37330124068366e-06,12.52809825
1737657120.0,6.37330124068366e-06,6.37330124068366e-06,6.37330124068366e-06,6.37330124068366e-06,0.0
1737657180.0,6.37330124068366e-06,6.37330124068366e-06,6.34226453591987e-06,6.34226453591987e-06,14.98922628901
1737657240.0,6.34226453591987e-06,6.34226453591987e-06,6.34226453591987e-06,6.34226453591987e-06,0.0
1737657300.0,6.34226453591987e-06,6.34226453591987e-06,6.34226453591987e-06,6.34226453591987e-06,0.0
1737657360.0,6.34226453591987e-06,6.34226453591987e-06,6.34226453591987e-06,6.34226453591987e-06,0.0
1737657420.0,6.34226453591987e-06,6.3597477704274e-06,6.34226453591987e-06,6.3597477704274e-06,12.51322575
1737657480.0,6.3597477704274e-06,6.3597477704274e-06,6.3597477704274e-06,6.3597477704274e-06,0.0
1737657540.0,6.3597477704274e-06,6.3597477704274e-06,6.3597477704274e-06,6.3597477704274e-06,0.0
1737657600.0,6.3597477704274e-06,6.3597477704274e-06,6.3597477704274e-06,6.3597477704274e-06,0.0
1737657660.0,6.3597477704274e-06,6.3597477704274e-06,6.3597477704274e-06,6.3597477704274e-06,0.0
1737657720.0,6.3597477704274e-06,6.87097476850916e-06,6.3597477704274e-06,6.87097476850916e-06,226.602
1737657780.0,6.87097476850916e-06,7.29078356118124e-06,6.87097476850916e-06,7.29078356118124e-06,276.923
1737657840.0,7.29078356118124e-06,7.56852857981469e-06,7.23021239906892e-06,7.23021239906892e-06,256.92793499454
1737657900.0,7.23021239906892e-06,7.23021239906892e-06,7.23021239906892e-06,7.23021239906892e-06,0.0
1737657960.0,7.23021239906892e-06,7.23021239906892e-06,7.23021239906892e-06,7.23021239906892e-06,0.0
1737658020.0,7.23021239906892e-06,7.23021239906892e-06,7.23021239906892e-06,7.23021239906892e-06,0.0
1737658080.0,7.23021239906892e-06,7.23021239906892e-06,6.90494460195155e-06,6.90494460195155e-06,13.58593669347
1737658140.0,6.90494460195155e-06,6.90494460195155e-06,6.88602052654287e-06,6.88602052654287e-06,2.08450775176
1737658200.0,6.88602052654287e-06,6.88602052654287e-06,6.88602052654287e-06,6.88602052654287e-06,0.0
1737658260.0,6.88602052654287e-06,6.88602052654287e-06,6.88602052654287e-06,6.88602052654287e-06,0.0
1737658320.0,6.88602052654287e-06,6.88602052654287e-06,6.88602052654287e-06,6.88602052654287e-06,0.0
1737658380.0,6.88602052654287e-06,6.88602052654287e-06,6.88602052654287e-06,6.88602052654287e-06,0.0
1737658440.0,6.88602052654287e-06,6.88602052654287e-06,6.88602052654287e-06,6.88602052654287e-06,0.0
1737658500.0,6.88602052654287e-06,6.88602052654287e-06,6.88285665617168e-06,6.88285665617168e-06,1.29861857792
1737658560.0,6.88285665617168e-06,6.88285665617168e-06,6.88285665617168e-06,6.88285665617168e-06,0.0
1737658620.0,6.88285665617168e-06,6.88285665617168e-06,6.88285665617168e-06,6.88285665617168e-06,0.0
1737658680.0,6.88285665617168e-06,6.88285665617168e-06,6.88285665617168e-06,6.88285665617168e-06,0.0
1737658740.0,6.88285665617168e-06,7.19774357029111e-06,6.88285665617168e-06,7.19774357029111e-06,149.7134554488
1737658800.0,7.19774357029111e-06,7.19774357029111e-06,6.96969698729897e-06,6.96969698729897e-06,147.63867435768
1737658860.0,6.96969698729897e-06,6.96969698729897e-06,6.96969698729897e-06,6.96969698729897e-06,0.0
1737658920.0,6.96969698729897e-06,6.96969698729897e-06,6.96969698729897e-06,6.96969698729897e-06,0.0
1737658980.0,6.96969698729897e-06,6.96969698729897e-06,6.58414866002277e-06,6.58414866002277e-06,214.9785717315
1737659040.0,6.58414866002277e-06,6.58414866002277e-06,6.3619463650273e-06,6.37012964877916e-06,6.74132691315
1737659100.0,6.37012964877916e-06,6.37012964877916e-06,6.37012964877916e-06,6.37012964877916e-06,0.0
1737659160.0,6.37012964877916e-06,6.37012964877916e-06,6.37012964877916e-06,6.37012964877916e-06,0.0
1737659220.0,6.37012964877916e-06,6.37012964877916e-06,6.37012964877916e-06,6.37012964877916e-06,0.0
1737659280.0,6.37012964877916e-06,6.37012964877916e-06,6.37012964877916e-06,6.37012964877916e-06,0.0
1737659340.0,6.37012964877916e-06,6.37012964877916e-06,6.37012964877916e-06,6.37012964877916e-06,0.0
1737659400.0,6.37012964877916e-06,6.37012964877916e-06,6.37012964877916e-06,6.37012964877916e-06,0.0
1737659460.0,6.37012964877916e-06,6.37012964877916e-06,6.37012964877916e-06,6.37012964877916e-06,0.0
1737659520.0,6.37012964877916e-06,6.37012964877916e-06,6.37012964877916e-06,6.37012964877916e-06,0.0
1737659580.0,6.37012964877916e-06,6.37012964877916e-06,6.37012964877916e-06,6.37012964877916e-06,0.0
1737659640.0,6.37012964877916e-06,6.37012964877916e-06,6.30119402418082e-06,6.30119402418082e-06,11.3617369783
1737659700.0,6.30119402418082e-06,6.30119402418082e-06,6.30119402418082e-06,6.30119402418082e-06,0.0
1737659760.0,6.30119402418082e-06,6.30119402418082e-06,6.30119402418082e-06,6.30119402418082e-06,0.0
1737659820.0,6.30119402418082e-06,6.30119402418082e-06,6.30119402418082e-06,6.30119402418082e-06,0.0
1737659880.0,6.30119402418082e-06,6.30119402418082e-06,6.30119402418082e-06,6.30119402418082e-06,0.0
1737659940.0,6.30119402418082e-06,6.30119402418082e-06,6.30119402418082e-06,6.30119402418082e-06,0.0
1737660000.0,6.30119402418082e-06,6.30119402418082e-06,6.30119402418082e-06,6.30119402418082e-06,0.0
1737660060.0,6.30119402418082e-06,6.30119402418082e-06,6.30119402418082e-06,6.30119402418082e-06,0.0
1737660120.0,6.30119402418082e-06,6.30119402418082e-06,6.21988872625932e-06,6.21988872625932e-06,5.6371969427
1737660180.0,6.21988872625932e-06,6.21988872625932e-06,6.21988872625932e-06,6.21988872625932e-06,0.0
1737660240.0,6.21988872625932e-06,6.21988872625932e-06,6.21512136978399e-06,6.21512136978399e-06,7.9127097358
1737660300.0,6.21512136978399e-06,6.21512136978399e-06,6.20397683091177e-06,6.20397683091177e-06,0.28770985215
1737660360.0,6.20397683091177e-06,6.20397683091177e-06,6.20397683091177e-06,6.20397683091177e-06,0.0
1737660420.0,6.20397683091177e-06,6.20397683091177e-06,6.20397683091177e-06,6.20397683091177e-06,0.0
1737660480.0,6.20397683091177e-06,6.20397683091177e-06,5.73466516088199e-06,5.73466516088199e-06,204.3627232848
1737660540.0,5.73466516088199e-06,5.73466516088199e-06,5.73466516088199e-06,5.73466516088199e-06,0.0
1737660600.0,5.73466516088199e-06,5.73466516088199e-06,5.73466516088199e-06,5.73466516088199e-06,0.0
1737660660.0,5.73466516088199e-06,5.73466516088199e-06,5.73466516088199e-06,5.73466516088199e-06,0.0
1737660720.0,5.73466516088199e-06,5.73466516088199e-06,5.73466516088199e-06,5.73466516088199e-06,0.0
1737660780.0,5.73466516088199e-06,5.73466516088199e-06,5.73466516088199e-06,5.73466516088199e-06,0.0
1737660840.0,5.73466516088199e-06,5.73466516088199e-06,5.73466516088199e-06,5.73466516088199e-06,0.0
1737660900.0,5.73466516088199e-06,5.73466516088199e-06,5.73466516088199e-06,5.73466516088199e-06,0.0
1737660960.0,5.73466516088199e-06,5.73466516088199e-06,5.73466516088199e-06,5.73466516088199e-06,0.0
1737661020.0,5.73466516088199e-06,5.73466516088199e-06,5.73466516088199e-06,5.73466516088199e-06,0.0
1737661080.0,5.73466516088199e-06,5.73466516088199e-06,5.73466516088199e-06,5.73466516088199e-06,0.0
1737661140.0,5.73466516088199e-06,5.73466516088199e-06,5.73466516088199e-06,5.73466516088199e-06,0.0
1737661200.0,5.73466516088199e-06,5.73466516088199e-06,5.73466516088199e-06,5.73466516088199e-06,0.0
1737661260.0,5.73466516088199e-06,5.73466516088199e-06,5.73466516088199e-06,5.73466516088199e-06,0.0
1737661320.0,5.73466516088199e-06,5.73466516088199e-06,5.73466516088199e-06,5.73466516088199e-06,0.0
1737661380.0,5.73466516088199e-06,5.73466516088199e-06,5.73466516088199e-06,5.73466516088199e-06,0.0
1737661440.0,5.73466516088199e-06,5.73466516088199e-06,5.73466516088199e-06,5.73466516088199e-06,0.0
1737661500.0,5.73466516088199e-06,5.73466516088199e-06,5.73466516088199e-06,5.73466516088199e-06,0.0
1737661560.0,5.73466516088199e-06,5.73466516088199e-06,5.73466516088199e-06,5.73466516088199e-06,0.0
1737661620.0,5.73466516088199e-06,5.73466516088199e-06,5.73466516088199e-06,5.73466516088199e-06,0.0
1737661680.0,5.73466516088199e-06,5.73466516088199e-06,5.73466516088199e-06,5.73466516088199e-06,0.0
1737661740.0,5.73466516088199e-06,5.73466516088199e-06,5.73466516088199e-06,5.73466516088199e-06,0.0
1737661800.0,5.73466516088199e-06,5.73466516088199e-06,5.73466516088199e-06,5.73466516088199e-06,0.0
1737661860.0,5.73466516088199e-06,5.73466516088199e-06,5.73466516088199e-06,5.73466516088199e-06,0.0
1737661920.0,5.73466516088199e-06,5.73466516088199e-06,5.73466516088199e-06,5.73466516088199e-06,0.0
1737661980.0,5.73466516088199e-06,5.73466516088199e-06,5.69904476010163e-06,5.69904476010163e-06,0.47634430866
1737662040.0,5.69904476010163e-06,5.69904476010163e-06,5.69904476010163e-06,5.69904476010163e-06,0.0
1737662100.0,5.69904476010163e-06,5.69904476010163e-06,5.69904476010163e-06,5.69904476010163e-06,0.0
1737662160.0,5.69904476010163e-06,5.69904476010163e-06,5.69904476010163e-06,5.69904476010163e-06,0.0
1737662220.0,5.69904476010163e-06,5.69904476010163e-06,5.69904476010163e-06,5.69904476010163e-06,0.0
1737662280.0,5.69904476010163e-06,5.69904476010163e-06,5.69904476010163e-06,5.69904476010163e-06,0.0
1737662340.0,5.69904476010163e-06,5.69904476010163e-06,5.69904476010163e-06,5.69904476010163e-06,0.0
1737662400.0,5.69904476010163e-06,5.69904476010163e-06,5.69904476010163e-06,5.69904476010163e-06,0.0
1737662460.0,5.69904476010163e-06,5.69904476010163e-06,5.69904476010163e-06,5.69904476010163e-06,0.0
1737662520.0,5.69904476010163e-06,5.69904476010163e-06,5.69904476010163e-06,5.69904476010163e-06,0.0
1737662580.0,5.69904476010163e-06,5.69904476010163e-06,5.69904476010163e-06,5.69904476010163e-06,0.0
1737662640.0,5.69904476010163e-06,5.69904476010163e-06,5.69904476010163e-06,5.69904476010163e-06,0.0
1737662700.0,5.69904476010163e-06,5.69904476010163e-06,5.69904476010163e-06,5.69904476010163e-06,0.0
1737662760.0,5.69904476010163e-06,5.69904476010163e-06,5.69904476010163e-06,5.69904476010163e-06,0.0
1737662820.0,5.69904476010163e-06,5.69904476010163e-06,5.69904476010163e-06,5.69904476010163e-06,0.0
1737662880.0,5.69904476010163e-06,5.69904476010163e-06,5.69904476010163e-06,5.69904476010163e-06,0.0
1737662940.0,5.69904476010163e-06,5.69904476010163e-06,5.69904476010163e-06,5.69904476010163e-06,0.0
1737663000.0,5.69904476010163e-06,5.71367700482879e-06,5.69904476010163e-06,5.71367700482879e-06,5.47617699972
1737663060.0,5.71367700482879e-06,5.71367700482879e-06,5.71367700482879e-06,5.71367700482879e-06,0.0
1737663120.0,5.71367700482879e-06,5.71367700482879e-06,5.71367700482879e-06,5.71367700482879e-06,0.0
1737663180.0,5.71367700482879e-06,5.71367700482879e-06,5.71367700482879e-06,5.71367700482879e-06,0.0
1737663240.0,5.71367700482879e-06,5.71367700482879e-06,5.71367700482879e-06,5.71367700482879e-06,0.0
1737663300.0,5.71367700482879e-06,5.71367700482879e-06,5.71367700482879e-06,5.71367700482879e-06,0.0
1737663360.0,5.71367700482879e-06,5.71367700482879e-06,5.71367700482879e-06,5.71367700482879e-06,0.0
1737663420.0,5.71367700482879e-06,5.71367700482879e-06,5.71367700482879e-06,5.71367700482879e-06,0.0
1737663480.0,5.71367700482879e-06,5.71367700482879e-06,5.71367700482879e-06,5.71367700482879e-06,0.0
1737663540.0,5.71367700482879e-06,5.71367700482879e-06,5.71367700482879e-06,5.71367700482879e-06,0.0
1737663600.0,5.71367700482879e-06,5.71367700482879e-06,5.71367700482879e-06,5.71367700482879e-06,0.0
1737663660.0,5.71367700482879e-06,5.71367700482879e-06,5.71367700482879e-06,5.71367700482879e-06,0.0
1737663720.0,5.71367700482879e-06,5.71367700482879e-06,5.71367700482879e-06,5.71367700482879e-06,0.0
1737663780.0,5.71367700482879e-06,5.71367700482879e-06,5.71367700482879e-06,5.71367700482879e-06,0.0
1737663840.0,5.71367700482879e-06,5.71367700482879e-06,5.71367700482879e-06,5.71367700482879e-06,0.0
1737663900.0,5.71367700482879e-06,5.71367700482879e-06,5.71367700482879e-06,5.71367700482879e-06,0.0
1737663960.0,5.71367700482879e-06,5.71367700482879e-06,5.71367700482879e-06,5.71367700482879e-06,0.0
1737664020.0,5.71367700482879e-06,5.71367700482879e-06,5.71367700482879e-06,5.71367700482879e-06,0.0
1737664080.0,5.71367700482879e-06,7.32761691329591e-06,5.71367700482879e-06,6.2819578516753e-06,1530.24328484112
1737664140.0,6.2819578516753e-06,6.2819578516753e-06,6.2819578516753e-06,6.2819578516753e-06,0.0
1737664200.0,6.2819578516753e-06,6.2819578516753e-06,6.2819578516753e-06,6.2819578516753e-06,0.0
1737664260.0,6.2819578516753e-06,6.2819578516753e-06,6.2819578516753e-06,6.2819578516753e-06,0.0
1737664320.0,6.2819578516753e-06,6.2819578516753e-06,5.89421242226757e-06,5.89421242226757e-06,1.0875210681
1737664380.0,5.89421242226757e-06,5.89421242226757e-06,5.89421242226757e-06,5.89421242226757e-06,0.0
1737664440.0,5.89421242226757e-06,5.89421242226757e-06,5.89103541554996e-06,5.89103541554996e-06,3.666067788
1737664500.0,5.89103541554996e-06,5.89103541554996e-06,5.89103541554996e-06,5.89103541554996e-06,0.0
1737664560.0,5.89103541554996e-06,5.89103541554996e-06,5.89103541554996e-06,5.89103541554996e-06,0.0
1737664620.0,5.89103541554996e-06,5.89103541554996e-06,5.89103541554996e-06,5.89103541554996e-06,0.0
1737664680.0,5.89103541554996e-06,5.89103541554996e-06,5.89103541554996e-06,5.89103541554996e-06,0.0
1737664740.0,5.89103541554996e-06,5.89103541554996e-06,5.89103541554996e-06,5.89103541554996e-06,0.0
1737664800.0,5.89103541554996e-06,5.89520124209742e-06,5.89103541554996e-06,5.89520124209742e-06,0.0993231641
1737664860.0,5.89520124209742e-06,5.89520124209742e-06,5.89520124209742e-06,5.89520124209742e-06,0.0
1737664920.0,5.89520124209742e-06,5.89520124209742e-06,5.89520124209742e-06,5.89520124209742e-06,0.0
1737664980.0,5.89520124209742e-06,5.89520124209742e-06,5.89520124209742e-06,5.89520124209742e-06,0.0
1737665040.0,5.89520124209742e-06,5.89520124209742e-06,5.89520124209742e-06,5.89520124209742e-06,0.0
1737665100.0,5.89520124209742e-06,5.89520124209742e-06,5.89520124209742e-06,5.89520124209742e-06,0.0
1737665160.0,5.89520124209742e-06,5.89520124209742e-06,5.89520124209742e-06,5.89520124209742e-06,0.0
1737665220.0,5.89520124209742e-06,5.89520124209742e-06,5.89520124209742e-06,5.89520124209742e-06,0.0
1737665280.0,5.89520124209742e-06,5.89520124209742e-06,5.89520124209742e-06,5.89520124209742e-06,0.0
1737665340.0,5.89520124209742e-06,5.89520124209742e-06,5.89520124209742e-06,5.89520124209742e-06,0.0
1737665400.0,5.89520124209742e-06,5.89520124209742e-06,5.89520124209742e-06,5.89520124209742e-06,0.0
1737665460.0,5.89520124209742e-06,5.89520124209742e-06,5.89520124209742e-06,5.89520124209742e-06,0.0
1737665520.0,5.89520124209742e-06,5.89520124209742e-06,5.89520124209742e-06,5.89520124209742e-06,0.0
1737665580.0,5.89520124209742e-06,5.89520124209742e-06,5.89520124209742e-06,5.89520124209742e-06,0.0
1737665640.0,5.89520124209742e-06,5.89520124209742e-06,5.89520124209742e-06,5.89520124209742e-06,0.0
1737665700.0,5.89520124209742e-06,5.89520124209742e-06,5.89520124209742e-06,5.89520124209742e-06,0.0
1737665760.0,5.89520124209742e-06,5.89520124209742e-06,5.89520124209742e-06,5.89520124209742e-06,0.0
1737665820.0,5.89520124209742e-06,5.89520124209742e-06,5.89520124209742e-06,5.89520124209742e-06,0.0
1737665880.0,5.89520124209742e-06,5.89520124209742e-06,5.89520124209742e-06,5.89520124209742e-06,0.0
1737665940.0,5.89520124209742e-06,5.89520124209742e-06,5.89520124209742e-06,5.89520124209742e-06,0.0
1737666000.0,5.89520124209742e-06,5.89520124209742e-06,5.89520124209742e-06,5.89520124209742e-06,0.0
1737666060.0,5.89520124209742e-06,5.89520124209742e-06,5.89520124209742e-06,5.89520124209742e-06,0.0
1737666120.0,5.89520124209742e-06,5.89520124209742e-06,5.89520124209742e-06,5.89520124209742e-06,0.0
1737666180.0,5.89520124209742e-06,5.89520124209742e-06,5.89520124209742e-06,5.89520124209742e-06,0.0
1737666240.0,5.89520124209742e-06,5.89520124209742e-06,5.89520124209742e-06,5.89520124209742e-06,0.0
1737666300.0,5.89520124209742e-06,5.89520124209742e-06,5.89520124209742e-06,5.89520124209742e-06,0.0
1737666360.0,5.89520124209742e-06,5.89520124209742e-06,5.89520124209742e-06,5.89520124209742e-06,0.0
1737666420.0,5.89520124209742e-06,5.89520124209742e-06,5.89520124209742e-06,5.89520124209742e-06,0.0
1737666480.0,5.89520124209742e-06,5.89520124209742e-06,5.89520124209742e-06,5.89520124209742e-06,0.0
1737666540.0,5.89520124209742e-06,5.89520124209742e-06,5.89520124209742e-06,5.89520124209742e-06,0.0
1737666600.0,5.89520124209742e-06,5.89520124209742e-06,5.89520124209742e-06,5.89520124209742e-06,0.0
1737666660.0,5.89520124209742e-06,5.89520124209742e-06,5.89520124209742e-06,5.89520124209742e-06,0.0
1737666720.0,5.89520124209742e-06,5.89520124209742e-06,5.89520124209742e-06,5.89520124209742e-06,0.0
1737666780.0,5.89520124209742e-06,5.89520124209742e-06,5.89520124209742e-06,5.89520124209742e-06,0.0
1737666840.0,5.89520124209742e-06,5.89520124209742e-06,5.89520124209742e-06,5.89520124209742e-06,0.0
1737666900.0,5.89520124209742e-06,5.89520124209742e-06,5.89520124209742e-06,5.89520124209742e-06,0.0
1737666960.0,5.89520124209742e-06,5.89520124209742e-06,5.89520124209742e-06,5.89520124209742e-06,0.0
1737667020.0,5.89520124209742e-06,5.89520124209742e-06,5.89520124209742e-06,5.89520124209742e-06,0.0
1737667080.0,5.89520124209742e-06,5.89520124209742e-06,5.89520124209742e-06,5.89520124209742e-06,0.0
1737667140.0,5.89520124209742e-06,5.89520124209742e-06,5.89520124209742e-06,5.89520124209742e-06,0.0
1737667200.0,5.89520124209742e-06,5.89520124209742e-06,5.89520124209742e-06,5.89520124209742e-06,0.0
1737667260.0,5.89520124209742e-06,5.89520124209742e-06,5.89520124209742e-06,5.89520124209742e-06,0.0
1737667320.0,5.89520124209742e-06,5.89520124209742e-06,5.89520124209742e-06,5.89520124209742e-06,0.0
1737667380.0,5.89520124209742e-06,5.89520124209742e-06,5.89520124209742e-06,5.89520124209742e-06,0.0
1737667440.0,5.89520124209742e-06,5.89520124209742e-06,5.89520124209742e-06,5.89520124209742e-06,0.0
1737667500.0,5.89520124209742e-06,5.89520124209742e-06,5.89520124209742e-06,5.89520124209742e-06,0.0
1737667560.0,5.89520124209742e-06,5.89520124209742e-06,5.89520124209742e-06,5.89520124209742e-06,0.0
1737667620.0,5.89520124209742e-06,5.89520124209742e-06,5.89520124209742e-06,5.89520124209742e-06,0.0
1737667680.0,5.89520124209742e-06,5.89520124209742e-06,5.89520124209742e-06,5.89520124209742e-06,0.0
1737667740.0,5.89520124209742e-06,5.89520124209742e-06,5.89520124209742e-06,5.89520124209742e-06,0.0
1737667800.0,5.89520124209742e-06,5.89520124209742e-06,5.89520124209742e-06,5.89520124209742e-06,0.0
1737667860.0,5.89520124209742e-06,5.89520124209742e-06,5.89520124209742e-06,5.89520124209742e-06,0.0
1737667920.0,5.89520124209742e-06,5.89520124209742e-06,5.89520124209742e-06,5.89520124209742e-06,0.0
1737667980.0,5.89520124209742e-06,5.89520124209742e-06,5.89520124209742e-06,5.89520124209742e-06,0.0
1737668040.0,5.89520124209742e-06,5.89520124209742e-06,5.89520124209742e-06,5.89520124209742e-06,0.0
1737668100.0,5.89520124209742e-06,5.89520124209742e-06,5.89520124209742e-06,5.89520124209742e-06,0.0
1737668160.0,5.89520124209742e-06,5.89520124209742e-06,5.89520124209742e-06,5.89520124209742e-06,0.0
1737668220.0,5.89520124209742e-06,5.89520124209742e-06,5.59118514652921e-06,5.59118514652921e-06,79.34520396735
1737668280.0,5.59118514652921e-06,5.59118514652921e-06,5.59118514652921e-06,5.59118514652921e-06,0.0
1737668340.0,5.59118514652921e-06,5.59118514652921e-06,5.59118514652921e-06,5.59118514652921e-06,0.0
1737668400.0,5.59118514652921e-06,5.59118514652921e-06,5.59118514652921e-06,5.59118514652921e-06,0.0
1737668460.0,5.59118514652921e-06,5.59118514652921e-06,5.59118514652921e-06,5.59118514652921e-06,0.0
1737668520.0,5.59118514652921e-06,5.59118514652921e-06,5.59118514652921e-06,5.59118514652921e-06,0.0
1737668580.0,5.59118514652921e-06,5.59118514652921e-06,5.59118514652921e-06,5.59118514652921e-06,0.0
1737668640.0,5.59118514652921e-06,5.59118514652921e-06,5.59118514652921e-06,5.59118514652921e-06,0.0
1737668700.0,5.59118514652921e-06,5.59118514652921e-06,5.59118514652921e-06,5.59118514652921e-06,0.0
1737668760.0,5.59118514652921e-06,5.59118514652921e-06,5.59118514652921e-06,5.59118514652921e-06,0.0
1737668820.0,5.59118514652921e-06,5.59118514652921e-06,5.59118514652921e-06,5.59118514652921e-06,0.0
1737668880.0,5.59118514652921e-06,5.59118514652921e-06,5.59118514652921e-06,5.59118514652921e-06,0.0
1737668940.0,5.59118514652921e-06,5.59118514652921e-06,5.59118514652921e-06,5.59118514652921e-06,0.0
1737669000.0,5.59118514652921e-06,5.59118514652921e-06,5.59118514652921e-06,5.59118514652921e-06,0.0
1737669060.0,5.59118514652921e-06,5.59118514652921e-06,5.59118514652921e-06,5.59118514652921e-06,0.0
1737669120.0,5.59118514652921e-06,5.59118514652921e-06,5.59118514652921e-06,5.59118514652921e-06,0.0
1737669180.0,5.59118514652921e-06,5.59118514652921e-06,5.59118514652921e-06,5.59118514652921e-06,0.0
1737669240.0,5.59118514652921e-06,5.59118514652921e-06,5.59118514652921e-06,5.59118514652921e-06,0.0
1737669300.0,5.59118514652921e-06,5.59118514652921e-06,5.59118514652921e-06,5.59118514652921e-06,0.0
1737669360.0,5.59118514652921e-06,5.59118514652921e-06,5.59118514652921e-06,5.59118514652921e-06,0.0
1737669420.0,5.59118514652921e-06,5.59118514652921e-06,5.59118514652921e-06,5.59118514652921e-06,0.0
1737669480.0,5.59118514652921e-06,5.59118514652921e-06,5.59118514652921e-06,5.59118514652921e-06,0.0
1737669540.0,5.59118514652921e-06,5.59118514652921e-06,5.50469492707471e-06,5.50469492707471e-06,0.01873151384
1737669600.0,5.50469492707471e-06,5.50469492707471e-06,5.50469492707471e-06,5.50469492707471e-06,0.0
1737669660.0,5.50469492707471e-06,5.50469492707471e-06,5.50469492707471e-06,5.50469492707471e-06,0.0
1737669720.0,5.50469492707471e-06,5.50469492707471e-06,5.50469492707471e-06,5.50469492707471e-06,0.0
1737669780.0,5.50469492707471e-06,5.50469492707471e-06,5.50469492707471e-06,5.50469492707471e-06,0.0
1737669840.0,5.50469492707471e-06,5.50469492707471e-06,5.50469492707471e-06,5.50469492707471e-06,0.0
1737669900.0,5.50469492707471e-06,5.50469492707471e-06,5.50469492707471e-06,5.50469492707471e-06,0.0
1737669960.0,5.50469492707471e-06,5.50469492707471e-06,5.50469492707471e-06,5.50469492707471e-06,0.0
1737670020.0,5.50469492707471e-06,5.50469492707471e-06,5.50469492707471e-06,5.50469492707471e-06,0.0
1737670080.0,5.50469492707471e-06,5.50469492707471e-06,5.50469492707471e-06,5.50469492707471e-06,0.0
1737670140.0,5.50469492707471e-06,5.50469492707471e-06,5.50469492707471e-06,5.50469492707471e-06,0.0
1737670200.0,5.50469492707471e-06,5.50469492707471e-06,5.50469492707471e-06,5.50469492707471e-06,0.0
1737670260.0,5.50469492707471e-06,5.50469492707471e-06,5.50469492707471e-06,5.50469492707471e-06,0.0
1737670320.0,5.50469492707471e-06,5.50469492707471e-06,5.50469492707471e-06,5.50469492707471e-06,0.0
1737670380.0,5.50469492707471e-06,5.50469492707471e-06,5.50469492707471e-06,5.50469492707471e-06,0.0
1737670440.0,5.50469492707471e-06,5.50469492707471e-06,5.50469492707471e-06,5.50469492707471e-06,0.0
1737670500.0,5.50469492707471e-06,5.50469492707471e-06,5.50469492707471e-06,5.50469492707471e-06,0.0
1737670560.0,5.50469492707471e-06,5.50469492707471e-06,5.50469492707471e-06,5.50469492707471e-06,0.0
1737670620.0,5.50469492707471e-06,5.50469492707471e-06,5.50469492707471e-06,5.50469492707471e-06,0.0
1737670680.0,5.50469492707471e-06,5.50469492707471e-06,5.50469492707471e-06,5.50469492707471e-06,0.0
1737670740.0,5.50469492707471e-06,5.50469492707471e-06,5.50469492707471e-06,5.50469492707471e-06,0.0
1737670800.0,5.50469492707471e-06,5.50469492707471e-06,5.50469492707471e-06,5.50469492707471e-06,0.0
1737670860.0,5.50469492707471e-06,5.50469492707471e-06,5.50469492707471e-06,5.50469492707471e-06,0.0
1737670920.0,5.50469492707471e-06,5.50469492707471e-06,5.50469492707471e-06,5.50469492707471e-06,0.0
1737670980.0,5.50469492707471e-06,5.50469492707471e-06,5.50469492707471e-06,5.50469492707471e-06,0.0
1737671040.0,5.50469492707471e-06,5.50469492707471e-06,5.50469492707471e-06,5.50469492707471e-06,0.0
1737671100.0,5.50469492707471e-06,5.50469492707471e-06,5.50469492707471e-06,5.50469492707471e-06,0.0
1737671160.0,5.50469492707471e-06,5.50469492707471e-06,5.50469492707471e-06,5.50469492707471e-06,0.0
1737671220.0,5.50469492707471e-06,5.50469492707471e-06,5.50469492707471e-06,5.50469492707471e-06,0.0
1737671280.0,5.50469492707471e-06,5.50469492707471e-06,5.50469492707471e-06,5.50469492707471e-06,0.0
1737671340.0,5.50469492707471e-06,5.50469492707471e-06,5.50469492707471e-06,5.50469492707471e-06,0.0
1737671400.0,5.50469492707471e-06,5.50469492707471e-06,5.50469492707471e-06,5.50469492707471e-06,0.0
1737671460.0,5.50469492707471e-06,5.50469492707471e-06,5.50469492707471e-06,5.50469492707471e-06,0.0
1737671520.0,5.50469492707471e-06,5.50469492707471e-06,5.50469492707471e-06,5.50469492707471e-06,0.0
1737671580.0,5.50469492707471e-06,5.50469492707471e-06,5.50469492707471e-06,5.50469492707471e-06,0.0
1737671640.0,5.50469492707471e-06,5.50469492707471e-06,5.50469492707471e-06,5.50469492707471e-06,0.0
1737671700.0,5.50469492707471e-06,5.50469492707471e-06,5.50469492707471e-06,5.50469492707471e-06,0.0
1737671760.0,5.50469492707471e-06,5.50469492707471e-06,5.50469492707471e-06,5.50469492707471e-06,0.0
1737671820.0,5.50469492707471e-06,5.50469492707471e-06,5.50469492707471e-06,5.50469492707471e-06,0.0
1737671880.0,5.50469492707471e-06,5.50469492707471e-06,5.50469492707471e-06,5.50469492707471e-06,0.0
1737671940.0,5.50469492707471e-06,5.50469492707471e-06,5.50469492707471e-06,5.50469492707471e-06,0.0
1737672000.0,5.50469492707471e-06,5.50469492707471e-06,5.50469492707471e-06,5.50469492707471e-06,0.0
1737672060.0,5.50469492707471e-06,5.50469492707471e-06,5.50469492707471e-06,5.50469492707471e-06,0.0
1737672120.0,5.50469492707471e-06,5.50469492707471e-06,5.50469492707471e-06,5.50469492707471e-06,0.0
1737672180.0,5.50469492707471e-06,5.50469492707471e-06,5.50469492707471e-06,5.50469492707471e-06,0.0
1737672240.0,5.50469492707471e-06,5.50469492707471e-06,5.50469492707471e-06,5.50469492707471e-06,0.0
1737672300.0,5.50469492707471e-06,5.50469492707471e-06,5.50469492707471e-06,5.50469492707471e-06,0.0
1737672360.0,5.50469492707471e-06,5.50469492707471e-06,5.50469492707471e-06,5.50469492707471e-06,0.0
1737672420.0,5.50469492707471e-06,5.50469492707471e-06,5.50469492707471e-06,5.50469492707471e-06,0.0
1737672480.0,5.50469492707471e-06,5.50469492707471e-06,5.50469492707471e-06,5.50469492707471e-06,0.0
1737672540.0,5.50469492707471e-06,5.50469492707471e-06,5.50469492707471e-06,5.50469492707471e-06,0.0
1737672600.0,5.50469492707471e-06,5.50469492707471e-06,5.50469492707471e-06,5.50469492707471e-06,0.0
1737672660.0,5.50469492707471e-06,5.50469492707471e-06,5.50469492707471e-06,5.50469492707471e-06,0.0
1737672720.0,5.50469492707471e-06,5.50469492707471e-06,5.50469492707471e-06,5.50469492707471e-06,0.0
1737672780.0,5.50469492707471e-06,5.50469492707471e-06,5.50469492707471e-06,5.50469492707471e-06,0.0
1737672840.0,5.50469492707471e-06,5.50469492707471e-06,5.50469492707471e-06,5.50469492707471e-06,0.0
1737672900.0,5.50469492707471e-06,5.50469492707471e-06,5.50469492707471e-06,5.50469492707471e-06,0.0
1737672960.0,5.50469492707471e-06,5.50469492707471e-06,5.50469492707471e-06,5.50469492707471e-06,0.0
1737673020.0,5.50469492707471e-06,5.50469492707471e-06,5.50469492707471e-06,5.50469492707471e-06,0.0
1737673080.0,5.50469492707471e-06,5.50469492707471e-06,5.50469492707471e-06,5.50469492707471e-06,0.0
1737673140.0,5.50469492707471e-06,5.61513898695687e-06,5.50469492707471e-06,5.61513898695687e-06,1.40053405388
1737673200.0,5.61513898695687e-06,5.61513898695687e-06,5.61513898695687e-06,5.61513898695687e-06,0.0
1737673260.0,5.61513898695687e-06,5.61513898695687e-06,5.61513898695687e-06,5.61513898695687e-06,0.0
1737673320.0,5.61513898695687e-06,5.62255695810427e-06,5.61513898695687e-06,5.62255695810427e-06,0.007527
1737673380.0,5.62255695810427e-06,5.62255695810427e-06,5.62255695810427e-06,5.62255695810427e-06,0.0
1737673440.0,5.62255695810427e-06,5.62255695810427e-06,5.62255695810427e-06,5.62255695810427e-06,0.0
1737673500.0,5.62255695810427e-06,5.62255695810427e-06,5.62255695810427e-06,5.62255695810427e-06,0.0
1737673560.0,5.62255695810427e-06,5.62255695810427e-06,5.62255695810427e-06,5.62255695810427e-06,0.0
1737673620.0,5.62255695810427e-06,5.62255695810427e-06,5.62255695810427e-06,5.62255695810427e-06,0.0
1737673680.0,5.62255695810427e-06,5.62255695810427e-06,5.62255695810427e-06,5.62255695810427e-06,0.0
1737673740.0,5.62255695810427e-06,5.62255695810427e-06,5.62255695810427e-06,5.62255695810427e-06,0.0
1737673800.0,5.62255695810427e-06,5.62255695810427e-06,5.62255695810427e-06,5.62255695810427e-06,0.0
1737673860.0,5.62255695810427e-06,5.62255695810427e-06,5.62255695810427e-06,5.62255695810427e-06,0.0
1737673920.0,5.62255695810427e-06,5.62255695810427e-06,5.62255695810427e-06,5.62255695810427e-06,0.0
1737673980.0,5.62255695810427e-06,5.62255695810427e-06,5.62255695810427e-06,5.62255695810427e-06,0.0
1737674040.0,5.62255695810427e-06,5.62255695810427e-06,5.62255695810427e-06,5.62255695810427e-06,0.0
1737674100.0,5.62255695810427e-06,5.62255695810427e-06,5.62255695810427e-06,5.62255695810427e-06,0.0
1737674160.0,5.62255695810427e-06,5.62255695810427e-06,5.62255695810427e-06,5.62255695810427e-06,0.0
1737674220.0,5.62255695810427e-06,5.62255695810427e-06,5.62255695810427e-06,5.62255695810427e-06,0.0
1737674280.0,5.62255695810427e-06,5.62255695810427e-06,5.62255695810427e-06,5.62255695810427e-06,0.0
1737674340.0,5.62255695810427e-06,5.62255695810427e-06,5.62255695810427e-06,5.62255695810427e-06,0.0
1737674400.0,5.62255695810427e-06,5.62255695810427e-06,5.62255695810427e-06,5.62255695810427e-06,0.0
1737674460.0,5.62255695810427e-06,5.62255695810427e-06,5.62255695810427e-06,5.62255695810427e-06,0.0
1737674520.0,5.62255695810427e-06,5.62255695810427e-06,5.62255695810427e-06,5.62255695810427e-06,0.0
1737674580.0,5.62255695810427e-06,5.62255695810427e-06,5.62255695810427e-06,5.62255695810427e-06,0.0
1737674640.0,5.62255695810427e-06,5.6737658847215e-06,5.62255695810427e-06,5.6737658847215e-06,1.07313225264
1737674700.0,5.6737658847215e-06,5.6737658847215e-06,5.6737658847215e-06,5.6737658847215e-06,0.0
1737674760.0,5.6737658847215e-06,5.6737658847215e-06,5.6737658847215e-06,5.6737658847215e-06,0.0
1737674820.0,5.6737658847215e-06,5.6737658847215e-06,5.6737658847215e-06,5.6737658847215e-06,0.0
1737674880.0,5.6737658847215e-06,5.6737658847215e-06,5.6737658847215e-06,5.6737658847215e-06,0.0
1737674940.0,5.6737658847215e-06,5.6737658847215e-06,5.6737658847215e-06,5.6737658847215e-06,0.0
1737675000.0,5.6737658847215e-06,5.6737658847215e-06,5.6737658847215e-06,5.6737658847215e-06,0.0
1737675060.0,5.6737658847215e-06,5.6737658847215e-06,5.6737658847215e-06,5.6737658847215e-06,0.0
1737675120.0,5.6737658847215e-06,5.6737658847215e-06,5.6737658847215e-06,5.6737658847215e-06,0.0
1737675180.0,5.6737658847215e-06,5.6737658847215e-06,5.6737658847215e-06,5.6737658847215e-06,0.0
1737675240.0,5.6737658847215e-06,5.6737658847215e-06,5.6737658847215e-06,5.6737658847215e-06,0.0
1737675300.0,5.6737658847215e-06,5.6737658847215e-06,5.6737658847215e-06,5.6737658847215e-06,0.0
1737675360.0,5.6737658847215e-06,5.6737658847215e-06,5.60088154456796e-06,5.60088154456796e-06,42.58090411882
1737675420.0,5.60088154456796e-06,5.60088154456796e-06,5.60088154456796e-06,5.60088154456796e-06,0.0
1737675480.0,5.60088154456796e-06,5.60088154456796e-06,5.60088154456796e-06,5.60088154456796e-06,0.0
1737675540.0,5.60088154456796e-06,5.60088154456796e-06,5.60088154456796e-06,5.60088154456796e-06,0.0
1737675600.0,5.60088154456796e-06,5.60088154456796e-06,5.60088154456796e-06,5.60088154456796e-06,0.0
1737675660.0,5.60088154456796e-06,5.60088154456796e-06,5.60088154456796e-06,5.60088154456796e-06,0.0
1737675720.0,5.60088154456796e-06,5.60088154456796e-06,5.60088154456796e-06,5.60088154456796e-06,0.0
1737675780.0,5.60088154456796e-06,5.60088154456796e-06,5.55498471945388e-06,5.55498471945388e-06,5.75942774735
1737675840.0,5.55498471945388e-06,5.55498471945388e-06,5.54795212333675e-06,5.54795212333675e-06,0.08836786854
1737675900.0,5.54795212333675e-06,5.54795212333675e-06,5.54795212333675e-06,5.54795212333675e-06,0.0
1737675960.0,5.54795212333675e-06,5.54795212333675e-06,5.54795212333675e-06,5.54795212333675e-06,0.0
1737676020.0,5.54795212333675e-06,5.54795212333675e-06,5.54795212333675e-06,5.54795212333675e-06,0.0
1737676080.0,5.54795212333675e-06,5.54795212333675e-06,5.54795212333675e-06,5.54795212333675e-06,0.0
1737676140.0,5.54795212333675e-06,5.54795212333675e-06,5.54795212333675e-06,5.54795212333675e-06,0.0
1737676200.0,5.54795212333675e-06,5.54795212333675e-06,5.54795212333675e-06,5.54795212333675e-06,0.0
1737676260.0,5.54795212333675e-06,5.54795212333675e-06,5.54795212333675e-06,5.54795212333675e-06,0.0
1737676320.0,5.54795212333675e-06,5.54795212333675e-06,5.54795212333675e-06,5.54795212333675e-06,0.0
1737676380.0,5.54795212333675e-06,5.54795212333675e-06,5.54795212333675e-06,5.54795212333675e-06,0.0
1737676440.0,5.54795212333675e-06,5.54795212333675e-06,5.54795212333675e-06,5.54795212333675e-06,0.0
1737676500.0,5.54795212333675e-06,5.54795212333675e-06,5.54795212333675e-06,5.54795212333675e-06,0.0
1737676560.0,5.54795212333675e-06,5.54795212333675e-06,5.54795212333675e-06,5.54795212333675e-06,0.0
1737676620.0,5.54795212333675e-06,5.54795212333675e-06,5.54795212333675e-06,5.54795212333675e-06,0.0
1737676680.0,5.54795212333675e-06,5.54795212333675e-06,5.54795212333675e-06,5.54795212333675e-06,0.0
1737676740.0,5.54795212333675e-06,5.54795212333675e-06,5.54795212333675e-06,5.54795212333675e-06,0.0
1737676800.0,5.54795212333675e-06,5.54795212333675e-06,5.54795212333675e-06,5.54795212333675e-06,0.0
1737676860.0,5.54795212333675e-06,5.54795212333675e-06,5.54795212333675e-06,5.54795212333675e-06,0.0
1737676920.0,5.54795212333675e-06,5.54795212333675e-06,5.54795212333675e-06,5.54795212333675e-06,0.0
1737676980.0,5.54795212333675e-06,5.54795212333675e-06,5.54795212333675e-06,5.54795212333675e-06,0.0
1737677040.0,5.54795212333675e-06,5.54795212333675e-06,5.54795212333675e-06,5.54795212333675e-06,0.0
1737677100.0,5.54795212333675e-06,5.54795212333675e-06,5.54795212333675e-06,5.54795212333675e-06,0.0
1737677160.0,5.54795212333675e-06,5.54795212333675e-06,5.54795212333675e-06,5.54795212333675e-06,0.0
1737677220.0,5.54795212333675e-06,5.54795212333675e-06,5.54795212333675e-06,5.54795212333675e-06,0.0
1737677280.0,5.54795212333675e-06,5.54795212333675e-06,5.54795212333675e-06,5.54795212333675e-06,0.0
1737677340.0,5.54795212333675e-06,5.54795212333675e-06,5.54795212333675e-06,5.54795212333675e-06,0.0
1737677400.0,5.54795212333675e-06,5.54795212333675e-06,5.54795212333675e-06,5.54795212333675e-06,0.0
1737677460.0,5.54795212333675e-06,5.54795212333675e-06,5.54795212333675e-06,5.54795212333675e-06,0.0
1737677520.0,5.54795212333675e-06,5.54795212333675e-06,5.54795212333675e-06,5.54795212333675e-06,0.0
1737677580.0,5.54795212333675e-06,5.54795212333675e-06,5.54795212333675e-06,5.54795212333675e-06,0.0
1737677640.0,5.54795212333675e-06,5.54795212333675e-06,5.54795212333675e-06,5.54795212333675e-06,0.0
1737677700.0,5.54795212333675e-06,5.54795212333675e-06,5.54795212333675e-06,5.54795212333675e-06,0.0
1737677760.0,5.54795212333675e-06,5.54795212333675e-06,5.54795212333675e-06,5.54795212333675e-06,0.0
1737677820.0,5.54795212333675e-06,5.54795212333675e-06,5.54795212333675e-06,5.54795212333675e-06,0.0
1737677880.0,5.54795212333675e-06,5.54795212333675e-06,5.54795212333675e-06,5.54795212333675e-06,0.0
1737677940.0,5.54795212333675e-06,5.54795212333675e-06,5.54795212333675e-06,5.54795212333675e-06,0.0
1737678000.0,5.54795212333675e-06,5.54795212333675e-06,5.54795212333675e-06,5.54795212333675e-06,0.0
1737678060.0,5.54795212333675e-06,5.54795212333675e-06,5.54795212333675e-06,5.54795212333675e-06,0.0
1737678120.0,5.54795212333675e-06,5.54795212333675e-06,5.54795212333675e-06,5.54795212333675e-06,0.0
1737678180.0,5.54795212333675e-06,5.54795212333675e-06,5.54795212333675e-06,5.54795212333675e-06,0.0
1737678240.0,5.54795212333675e-06,5.54795212333675e-06,5.54795212333675e-06,5.54795212333675e-06,0.0
1737678300.0,5.54795212333675e-06,5.54795212333675e-06,5.54795212333675e-06,5.54795212333675e-06,0.0
1737678360.0,5.54795212333675e-06,5.54795212333675e-06,5.54795212333675e-06,5.54795212333675e-06,0.0
1737678420.0,5.54795212333675e-06,5.54795212333675e-06,5.54795212333675e-06,5.54795212333675e-06,0.0
1737678480.0,5.54795212333675e-06,5.54795212333675e-06,5.54795212333675e-06,5.54795212333675e-06,0.0
1737678540.0,5.54795212333675e-06,5.54795212333675e-06,5.54795212333675e-06,5.54795212333675e-06,0.0
1737678600.0,5.54795212333675e-06,5.54795212333675e-06,5.54795212333675e-06,5.54795212333675e-06,0.0
1737678660.0,5.54795212333675e-06,5.54795212333675e-06,5.54795212333675e-06,5.54795212333675e-06,0.0
1737678720.0,5.54795212333675e-06,5.54795212333675e-06,5.54795212333675e-06,5.54795212333675e-06,0.0
1737678780.0,5.54795212333675e-06,5.54795212333675e-06,5.54795212333675e-06,5.54795212333675e-06,0.0
1737678840.0,5.54795212333675e-06,5.54795212333675e-06,5.54795212333675e-06,5.54795212333675e-06,0.0
1737678900.0,5.54795212333675e-06,5.54795212333675e-06,5.54795212333675e-06,5.54795212333675e-06,0.0
1737678960.0,5.54795212333675e-06,5.54795212333675e-06,5.54795212333675e-06,5.54795212333675e-06,0.0
1737679020.0,5.54795212333675e-06,5.54795212333675e-06,5.54795212333675e-06,5.54795212333675e-06,0.0
1737679080.0,5.54795212333675e-06,5.54795212333675e-06,5.54795212333675e-06,5.54795212333675e-06,0.0
1737679140.0,5.54795212333675e-06,5.54795212333675e-06,5.54795212333675e-06,5.54795212333675e-06,0.0
1737679200.0,5.54795212333675e-06,5.54795212333675e-06,5.54795212333675e-06,5.54795212333675e-06,0.0
1737679260.0,5.54795212333675e-06,5.54795212333675e-06,5.54795212333675e-06,5.54795212333675e-06,0.0
1737679320.0,5.54795212333675e-06,5.54795212333675e-06,5.54795212333675e-06,5.54795212333675e-06,0.0
1737679380.0,5.54795212333675e-06,5.54795212333675e-06,5.54795212333675e-06,5.54795212333675e-06,0.0
1737679440.0,5.54795212333675e-06,5.54795212333675e-06,5.54795212333675e-06,5.54795212333675e-06,0.0
1737679500.0,5.54795212333675e-06,5.54795212333675e-06,5.54795212333675e-06,5.54795212333675e-06,0.0
1737679560.0,5.54795212333675e-06,5.54795212333675e-06,5.54795212333675e-06,5.54795212333675e-06,0.0
1737679620.0,5.54795212333675e-06,5.54795212333675e-06,5.54795212333675e-06,5.54795212333675e-06,0.0
1737679680.0,5.54795212333675e-06,5.54795212333675e-06,5.54795212333675e-06,5.54795212333675e-06,0.0
1737679740.0,5.54795212333675e-06,5.54795212333675e-06,5.54795212333675e-06,5.54795212333675e-06,0.0
1737679800.0,5.54795212333675e-06,5.54795212333675e-06,5.54795212333675e-06,5.54795212333675e-06,0.0
1737679860.0,5.54795212333675e-06,5.54795212333675e-06,5.54795212333675e-06,5.54795212333675e-06,0.0
1737679920.0,5.54795212333675e-06,5.54795212333675e-06,5.54795212333675e-06,5.54795212333675e-06,0.0
1737679980.0,5.54795212333675e-06,5.54795212333675e-06,5.46999640879828e-06,5.46999640879828e-06,66.45947148624
1737680040.0,5.46999640879828e-06,5.46999640879828e-06,5.46999640879828e-06,5.46999640879828e-06,0.0
1737680100.0,5.46999640879828e-06,5.46999640879828e-06,5.46999640879828e-06,5.46999640879828e-06,0.0
1737680160.0,5.46999640879828e-06,5.46999640879828e-06,5.46999640879828e-06,5.46999640879828e-06,0.0
1737680220.0,5.46999640879828e-06,5.46999640879828e-06,5.46999640879828e-06,5.46999640879828e-06,0.0
1737680280.0,5.46999640879828e-06,5.46999640879828e-06,5.46999640879828e-06,5.46999640879828e-06,0.0
1737680340.0,5.46999640879828e-06,5.46999640879828e-06,5.46999640879828e-06,5.46999640879828e-06,0.0
1737680400.0,5.46999640879828e-06,5.46999640879828e-06,5.46999640879828e-06,5.46999640879828e-06,0.0
1737680460.0,5.46999640879828e-06,5.46999640879828e-06,5.46999640879828e-06,5.46999640879828e-06,0.0
1737680520.0,5.46999640879828e-06,5.46999640879828e-06,5.46999640879828e-06,5.46999640879828e-06,0.0
1737680580.0,5.46999640879828e-06,5.46999640879828e-06,5.46999640879828e-06,5.46999640879828e-06,0.0
1737680640.0,5.46999640879828e-06,5.46999640879828e-06,5.46999640879828e-06,5.46999640879828e-06,0.0
1737680700.0,5.46999640879828e-06,5.46999640879828e-06,5.46999640879828e-06,5.46999640879828e-06,0.0
1737680760.0,5.46999640879828e-06,5.46999640879828e-06,5.46999640879828e-06,5.46999640879828e-06,0.0
1737680820.0,5.46999640879828e-06,5.46999640879828e-06,5.46999640879828e-06,5.46999640879828e-06,0.0
1737680880.0,5.46999640879828e-06,5.46999640879828e-06,5.46999640879828e-06,5.46999640879828e-06,0.0
1737680940.0,5.46999640879828e-06,5.46999640879828e-06,5.46999640879828e-06,5.46999640879828e-06,0.0
1737681000.0,5.46999640879828e-06,5.46999640879828e-06,5.46999640879828e-06,5.46999640879828e-06,0.0
1737681060.0,5.46999640879828e-06,5.46999640879828e-06,5.46999640879828e-06,5.46999640879828e-06,0.0
1737681120.0,5.46999640879828e-06,5.46999640879828e-06,5.46999640879828e-06,5.46999640879828e-06,0.0
1737681180.0,5.46999640879828e-06,5.46999640879828e-06,5.46999640879828e-06,5.46999640879828e-06,0.0
1737681240.0,5.46999640879828e-06,5.46999640879828e-06,5.46999640879828e-06,5.46999640879828e-06,0.0
1737681300.0,5.46999640879828e-06,5.46999640879828e-06,5.46999640879828e-06,5.46999640879828e-06,0.0
1737681360.0,5.46999640879828e-06,5.46999640879828e-06,5.46999640879828e-06,5.46999640879828e-06,0.0
1737681420.0,5.46999640879828e-06,5.46999640879828e-06,5.35284717957983e-06,5.35284717957983e-06,1.1365349895
1737681480.0,5.35284717957983e-06,5.35284717957983e-06,5.35284717957983e-06,5.35284717957983e-06,0.0
1737681540.0,5.35284717957983e-06,5.35284717957983e-06,5.35284717957983e-06,5.35284717957983e-06,0.0
1737681600.0,5.35284717957983e-06,5.35284717957983e-06,5.35284717957983e-06,5.35284717957983e-06,0.0
1737681660.0,5.35284717957983e-06,5.35284717957983e-06,5.35284717957983e-06,5.35284717957983e-06,0.0
1737681720.0,5.35284717957983e-06,5.35284717957983e-06,5.35284717957983e-06,5.35284717957983e-06,0.0
1737681780.0,5.35284717957983e-06,5.35284717957983e-06,5.35284717957983e-06,5.35284717957983e-06,0.0
1737681840.0,5.35284717957983e-06,5.35284717957983e-06,5.35284717957983e-06,5.35284717957983e-06,0.0
1737681900.0,5.35284717957983e-06,5.35284717957983e-06,5.35284717957983e-06,5.35284717957983e-06,0.0
1737681960.0,5.35284717957983e-06,5.35284717957983e-06,5.35284717957983e-06,5.35284717957983e-06,0.0
1737682020.0,5.35284717957983e-06,5.35284717957983e-06,5.35284717957983e-06,5.35284717957983e-06,0.0
1737682080.0,5.35284717957983e-06,5.35284717957983e-06,5.35284717957983e-06,5.35284717957983e-06,0.0
1737682140.0,5.35284717957983e-06,5.35284717957983e-06,5.35284717957983e-06,5.35284717957983e-06,0.0
1737682200.0,5.35284717957983e-06,5.35284717957983e-06,5.35284717957983e-06,5.35284717957983e-06,0.0
1737682260.0,5.35284717957983e-06,5.35284717957983e-06,5.35284717957983e-06,5.35284717957983e-06,0.0
1737682320.0,5.35284717957983e-06,5.35284717957983e-06,5.35284717957983e-06,5.35284717957983e-06,0.0
1737682380.0,5.35284717957983e-06,5.35284717957983e-06,5.35284717957983e-06,5.35284717957983e-06,0.0
1737682440.0,5.35284717957983e-06,5.35284717957983e-06,5.35284717957983e-06,5.35284717957983e-06,0.0
1737682500.0,5.35284717957983e-06,5.35284717957983e-06,5.35284717957983e-06,5.35284717957983e-06,0.0
1737682560.0,5.35284717957983e-06,5.35284717957983e-06,5.35284717957983e-06,5.35284717957983e-06,0.0
1737682620.0,5.35284717957983e-06,5.35284717957983e-06,5.35284717957983e-06,5.35284717957983e-06,0.0
1737682680.0,5.35284717957983e-06,5.35284717957983e-06,5.35284717957983e-06,5.35284717957983e-06,0.0
1737682740.0,5.35284717957983e-06,5.35284717957983e-06,5.33705334052207e-06,5.33705334052207e-06,12.36032972204
1737682800.0,5.33705334052207e-06,5.33705334052207e-06,5.33705334052207e-06,5.33705334052207e-06,0.0
1737682860.0,5.33705334052207e-06,5.33705334052207e-06,5.33705334052207e-06,5.33705334052207e-06,0.0
1737682920.0,5.33705334052207e-06,5.33705334052207e-06,5.33705334052207e-06,5.33705334052207e-06,0.0
1737682980.0,5.33705334052207e-06,5.33705334052207e-06,5.33705334052207e-06,5.33705334052207e-06,0.0
1737683040.0,5.33705334052207e-06,5.33705334052207e-06,5.33705334052207e-06,5.33705334052207e-06,0.0
1737683100.0,5.33705334052207e-06,5.33705334052207e-06,5.33705334052207e-06,5.33705334052207e-06,0.0
1737683160.0,5.33705334052207e-06,5.33705334052207e-06,5.33705334052207e-06,5.33705334052207e-06,0.0
1737683220.0,5.33705334052207e-06,5.33705334052207e-06,5.33705334052207e-06,5.33705334052207e-06,0.0
1737683280.0,5.33705334052207e-06,5.33705334052207e-06,5.33705334052207e-06,5.33705334052207e-06,0.0
1737683340.0,5.33705334052207e-06,5.33705334052207e-06,5.33705334052207e-06,5.33705334052207e-06,0.0
1737683400.0,5.33705334052207e-06,5.33705334052207e-06,5.33705334052207e-06,5.33705334052207e-06,0.0
1737683460.0,5.33705334052207e-06,5.33705334052207e-06,5.33705334052207e-06,5.33705334052207e-06,0.0
1737683520.0,5.33705334052207e-06,5.33705334052207e-06,5.33705334052207e-06,5.33705334052207e-06,0.0
1737683580.0,5.33705334052207e-06,5.33705334052207e-06,5.33705334052207e-06,5.33705334052207e-06,0.0
1737683640.0,5.33705334052207e-06,5.33705334052207e-06,5.33705334052207e-06,5.33705334052207e-06,0.0
1737683700.0,5.33705334052207e-06,5.33705334052207e-06,5.33705334052207e-06,5.33705334052207e-06,0.0
1737683760.0,5.33705334052207e-06,5.33705334052207e-06,5.33705334052207e-06,5.33705334052207e-06,0.0
