time,open,high,low,close,volume,usd_vol,price_change,vol_change,norm_open,mov_in_min
1736401080.0,8.60018222354786e-05,0.002250848014714,6.93712996604802e-05,0.0016877294184328,358114.2153120318,317.5991857131786,18.62434486343425,0.0,1.0,25.365470851076786
1736401140.0,0.0016877294184328,0.0025687121989154,0.0008469973850948,0.0017724925331122,683694.5991916835,1182.867530137912,0.05022316596111118,2.724403535486865,19.62434486343425,1.020136755937666
1736401200.0,0.0017724925331122,0.0019835554402602,0.0003719929501324,0.0007470288743648,749052.9262632353,943.6274415267561,-0.578543288386585,-0.20225433746014018,20.609941592388587,0.9092069275452269
1736401260.0,0.0007470288743648,0.0009353429063614,0.000371649193165,0.0006101994551113,316029.4412553229,214.46205531011356,-0.18316483331363378,-0.772725923524308,8.686198210072645,0.754580890431725
1736401320.0,0.0006101994551113,0.0009362821845528,0.0006101994551113,0.0007202369450191,258715.4903847917,172.10225284275668,0.18033036409009795,-0.19751653692819607,7.095192162795505,0.5343871199983664
1736401380.0,0.0007202369450191,0.0007639133792011,0.0003245349860265,0.0005454632477943,213670.85767457465,135.22162287865686,-0.2426613886353264,-0.21429487037451078,8.374670748801627,0.6100470077426368
1736401440.0,0.0005454632477943,0.0006467136425625,0.0002992918113428,0.0003447879080213,221762.41890904013,98.71212487511812,-0.3678989200179382,-0.26999748432468584,6.342461515533776,0.6369298621393398
1736401500.0,0.0003447879080213,0.0004710037569183,0.000150636078222,0.0002098223228936,103253.9233238748,28.632841128761793,-0.3914452391972001,-0.7099359256526435,4.009076773713564,0.9291731851469356
1736401560.0,0.0002098223228936,0.0002967201122772,0.0002040316638309,0.0002788826112522,36597.47427106104,8.942683126770746,0.3291369927003437,-0.6876774090787733,2.439742757067319,0.4417473182455516
1736401620.0,0.0002788826112522,0.0005989431266713,0.0002384415273563,0.0004376221529148,62628.5802960701,22.436838077574865,0.5691984199009388,1.5089604271460904,3.2427523510909015,1.2926643138355802
1736401680.0,0.0004376221529148,0.0006806814667201,0.0003287652202356,0.000511505087619,155227.01300975354,73.66509325712583,0.16882814138201135,2.2832207908454136,5.088521865461897,0.804155466400747
1736401740.0,0.000511505087619,0.0005658709325885,0.0004498635803244,0.0005293059261851,39078.74068651404,20.336791856059104,0.03480090227246978,-0.7239290557187766,5.9476075543895535,0.22679608682701763
1736401800.0,0.0005293059261851,0.0007832064197714,0.0004181692746258,0.0005279708099259,64100.71718014968,33.886098521301484,-0.0025223905366460204,0.6662460215525845,6.154589663644868,0.6896524808942822
1736401860.0,0.0005279708099259,0.0006315715336814,0.0005272227129293,0.0005768791529606,32514.98462897677,17.96208978029005,0.09263455879608992,-0.46992747574647115,6.13906538492035,0.19764126877913057
1736401920.0,0.0005768791529606,0.000603019045656,0.0002737601099022,0.0003208227283007,68049.31996037866,30.544001273492025,-0.44386492967512087,0.7004703599137007,6.707754998272795,0.5707589432968952
1736401980.0,0.0003208227283007,0.0004349913173257,0.0002183975586435,0.0002509289800305,60596.47687054286,17.323069584792464,-0.2178578451732701,-0.43284871455834784,3.7304177976865005,0.6751197455037895
1736402040.0,0.0002509289800305,0.0003300273374427,0.0002241323992621,0.0002824450770888,28190.91615118102,7.518151660732712,0.12559767729685625,-0.5660034947078473,2.9177170146865037,0.4220115913583543
1736402100.0,0.0002824450770888,0.0003876048912157,0.0002824450770888,0.0003486569360479,22257.73994469339,7.023452243484569,0.23442383787161258,-0.06580067010778146,3.2841754947406456,0.3723195150391593
1736402160.0,0.0003486569360479,0.0003569512448347,0.0002177049185129,0.0002296612814484,36247.23973075392,10.481219535125337,-0.3412972532494,0.49231733508951064,4.05406451846165,0.39937919463236987
1736402220.0,0.0002296612814484,0.0002690664614099,0.0002184760861273,0.0002561190335741,15109.61386731944,3.669976492167386,0.11520336366164755,-0.6498521493736178,2.6704234338148374,0.2202825611855109
1736402280.0,0.0002561190335741,0.0002818795272225,0.0002516358045077,0.0002516358045077,6289.58697706123,1.596784108569561,-0.017504474399412176,-0.5649061752909091,2.9780651957911934,0.11808463546325984
1736402340.0,0.0002516358045077,0.0002524144486722,0.00021885312272,0.0002443677236801,14682.47789938347,3.6412804203167997,-0.028883333362751173,1.2803836791554426,2.925935729811686,0.13337261769190337
1736402400.0,0.0002443677236801,0.0002519304124351,0.0002306190055196,0.0002462544924218,5766.39658013352,1.4145611345337625,0.007721022700076219,-0.6115209565731023,2.8414249527295508,0.08721039994381015
1736402460.0,0.0002462544924218,0.0002462544924218,0.000146489058601,0.0001690534224626,18688.92778343582,3.880829814581931,-0.31350116377558396,1.7434868100352885,2.8633636592901386,0.40513142659714635
1736402520.0,0.0001690534224626,0.0001698143228381,0.0001342545622101,0.0001632215240232,8589.65154989982,1.4270630045373158,-0.03449736985177084,-0.6322789009775095,1.9656958197899654,0.2103462923731517
1736402580.0,0.0001632215240232,0.000216542447569,0.0001567614133182,0.0002015975443665,10293.72639379758,1.8776738366218497,0.23511617461582643,0.3157609934893039,1.8978844840785911,0.36625705223964716
1736402640.0,0.0002015975443665,0.0002015975443665,0.0001770321506745,0.0001770321506745,4126.7092407753,0.7812473306788142,-0.12185363551522553,-0.583928094730037,2.3441078238378807,0.12185363551522553
1736402700.0,0.0001770321506745,0.0001965289210723,0.0001726423649898,0.0001965289210723,5339.00771730052,0.9972227224696093,0.1101312407012876,0.2764494460456425,2.058469763463551,0.13492778566769478
1736402760.0,0.0001965289210723,0.0002633775975816,0.0001906300176194,0.0002233370710081,24508.10268590292,5.145059424112472,0.13640816725360083,4.1593884778024295,2.285171592459878,0.3701622110642803
1736402820.0,0.0002233370710081,0.0002390360054943,0.0002205789442433,0.0002216417634155,5212.595105641,1.159747247215147,-0.0075908024805184365,-0.7745901161452173,2.5968876612473224,0.08264217475266612
1736402880.0,0.0002216417634155,0.0002414580127577,0.0001917613890498,0.0001938022682575,9682.2517739036,2.011216856311784,-0.12560581872745152,0.7341854970048304,2.5771751999466987,0.2242204850840155
1736402940.0,0.0001938022682575,0.000212938411262,0.0001799087750435,0.000212938411262,4929.58909694752,1.0025322095221763,0.09874055229877024,-0.5015295310518414,2.25346699895331,0.17042956470774828
1736403000.0,0.000212938411262,0.0002227710964761,0.0001715926786731,0.0001798345164566,6892.31780944723,1.353557922391818,-0.15546229827303848,0.3501390873385968,2.4759755750170123,0.2403437571440783
1736403060.0,0.0001798345164566,0.000209377656448,0.0001798345164566,0.0002090508007248,3843.02106229304,0.7472472323723148,0.16246205035533795,-0.4479384886227224,2.0910547216569593,0.16427958644151455
1736403120.0,0.0002090508007248,0.0002099836417264,0.0001782742481483,0.0001785385439161,2804.36114156955,0.543470248498674,-0.1459561824346569,-0.2727035645574787,2.4307717591425595,0.15168271763686325
1736403180.0,0.0001785385439161,0.000213959598167,0.0001772649306732,0.0001849877192263,10190.49332743692,1.8522559794503524,0.03612203375664724,2.408201248490002,2.075985592808136,0.20552798678051176
1736403240.0,0.0001849877192263,0.0002171124395388,0.0001784520482776,0.0001851574989064,7272.53554919156,1.3459471286166624,0.0009177889257194719,-0.27334712720643206,2.150974414469865,0.20898896112074225
1736403300.0,0.0001851574989064,0.000186912476062,0.0001748241028793,0.0001756958355576,1450.2825661179,0.26166964994932534,-0.05110062192827,-0.8055869770915413,2.1529485549669714,0.06528697597503667
1736403360.0,0.0001756958355576,0.0001985275042576,0.000172134794784,0.0001819699179375,8754.58203019938,1.5656070891829619,0.03570990945794568,4.983143591494679,2.0429315448285887,0.15021818468171616
1736403420.0,0.0001819699179375,0.0002002093755498,0.0001812843862827,0.0002002093755498,4711.00198907219,0.9002237059004371,0.10023336724570366,-0.4250002365726168,2.115884445323199,0.10400064736853937
1736403480.0,0.0002002093755498,0.0002311595032359,0.0002002093755498,0.0002129023497615,5071.05089315522,1.047455291806381,0.06339850057892406,0.16354999867358247,2.327966667980751,0.1545888028525491
1736403540.0,0.0002129023497615,0.0002555867872207,0.0002129023497615,0.0002329659793201,7552.81756806656,1.6837810744659953,0.09423864781706683,0.6074968427170228,2.4755562641284445,0.20048833423875528
1736403600.0,0.0002329659793201,0.0002436312957307,0.0002321436107129,0.0002405392200156,2944.8110286683,0.6971916665677755,0.032507925481661135,-0.5859368672445215,2.7088493390549786,0.04931056908534992
1736403660.0,0.0002405392200156,0.0002565503008733,0.0002397091095887,0.0002555297664787,5812.98626534899,1.4418211025784797,0.062320591469980625,1.0680412169532396,2.796908411510025,0.07001432566176849
1736403720.0,0.0002555297664787,0.0002788801099161,0.0002433867571793,0.0002547505860951,11082.09783996762,2.8274883965180124,-0.0030492744322409408,0.9610535533579552,2.971213398002694,0.1389010494781577
1736403780.0,0.0002547505860951,0.0003517074148256,0.0002498498992244,0.0002748129123711,19688.61732146264,5.213186534357989,0.0787528169552889,0.8437516987789976,2.9621533529554327,0.3998323111342165
1736403840.0,0.0002748129123711,0.0003201386572428,0.0002616217058241,0.0003139578204641,11940.699573215,3.515167219143378,0.14244202630529884,-0.32571620141033847,3.195431273754227,0.2129337770696898
1736403900.0,0.0003139578204641,0.0003949239624786,0.0003139578204641,0.0003571905237908,18722.87673129527,6.282913858948708,0.1377022660648886,0.7873726816557566,3.650594979307101,0.2578885975664308
1736403960.0,0.0003571905237908,0.0004414692904272,0.0003469181220178,0.0004392685439751,13904.59151390268,5.5372189974142865,0.2297877875180461,-0.11868615076941316,4.153290180442794,0.2647079418735556
1736404020.0,0.0004392685439751,0.00051153609938,0.0004319966963416,0.0004693847648626,21805.91949521284,9.907010450786826,0.06855993059500107,0.7891671713567948,5.107665541927171,0.18107238528536368
1736404080.0,0.0004693847648626,0.0005097992954316,0.0004646315380166,0.0004980466175716,15199.65250713982,7.352310418750864,0.06106259694515226,-0.2578679052299844,5.457846736984176,0.09622757446808414
1736404140.0,0.0004980466175716,0.0005309273978559,0.0004451603386327,0.0005011672458763,22237.85528914329,11.110186649130092,0.006265735364122453,0.511115012336174,5.791117032473054,0.17220689027341893
1736404200.0,0.0005011672458763,0.0005442448489391,0.0003547715993707,0.0003804112200078,27337.67241291669,12.05015165331059,-0.2409495569834295,0.08460388955338517,5.827402639261193,0.3780639120521586
1736404260.0,0.0003804112200078,0.000550583906721,0.0003655194404473,0.0004587327197776,24357.72489117177,10.219818614693391,0.20588640831412405,-0.15189294635261646,4.423292554967141,0.48648529943440005
1736404320.0,0.0004587327197776,0.0004587327197776,0.0003286939392472,0.0003487352400183,17224.35337597243,6.95405673965004,-0.23978555489267972,-0.31955184315581203,5.33398837203193,0.2834739597241823
1736404380.0,0.0003487352400183,0.0003673854502969,0.0003185541705843,0.0003305681952858,12613.08031766055,4.28405439477667,-0.05209408929119608,-0.3839488869352735,4.054975010453153,0.14002393251120113
1736404440.0,0.0003305681952858,0.0003383091923985,0.0003138870955618,0.0003375008686473,3637.09471561002,1.2149152310468054,0.020971991438880542,-0.7164099427570085,3.8437347801850374,0.07387914864460966
1736404500.0,0.0003375008686473,0.0003625961157126,0.000319135695108,0.0003625961157126,5221.45183735611,1.827761342656736,0.07435609622541567,0.5044352856469542,3.9243455530884055,0.12877128517858025
1736404560.0,0.0003625961157126,0.0004131496853916,0.0003449553579688,0.000347181268702,8806.10391400811,3.125186701483924,-0.042512443853143976,0.7098439651542908,4.216144568655629,0.18807241574769662
1736404620.0,0.000347181268702,0.0004172878506865,0.000347181268702,0.0003881590832761,13885.90423989987,5.105432855651081,0.11803002715930778,0.6336409127899085,4.036905959403919,0.2019307730702354
1736404680.0,0.0003881590832761,0.0004095599043472,0.0003644363867979,0.0003644363867979,6537.41915813191,2.460016022192529,-0.06111591226457499,-0.518157207871298,4.513382079431935,0.11625006213548614
1736404740.0,0.0003644363867979,0.000385682160488,0.0003220611944306,0.0003220611944306,8870.15748064465,3.0446708277892185,-0.11627596448210699,0.23766300720090688,4.237542616248867,0.17457358365448103
1736404800.0,0.0003220611944306,0.0003225459500195,0.0002574676683251,0.0002595140964272,7896.50733528686,2.296206775140104,-0.19420873760957894,-0.2458275770956119,3.7448182615104995,0.20206806290170276
1736404860.0,0.0002595140964272,0.0002799031945886,0.0002576700244169,0.0002719237227745,5361.76335517393,1.4247219122746118,0.0478186985529751,-0.3795323976484296,3.017541834365247,0.08567230249836116
1736404920.0,0.0002719237227745,0.0003044079979554,0.0002668257171152,0.0002701074138652,5700.04437662108,1.5448007661783272,-0.006679479417124053,0.08428231002077162,3.1618367577137505,0.1382089082068286
1736404980.0,0.0002701074138652,0.0002715810407304,0.0002090339872646,0.0002096263667709,6731.92471373338,1.6147658469384547,-0.2239147982975532,0.045290682327413456,3.1407173341702954,0.23156363081916292
1736405040.0,0.0002096263667709,0.0002454979013969,0.0002081198452332,0.0002364936657655,14149.9652952495,3.1562914889528186,0.1281675554867732,0.9546434518274263,2.4374642457799247,0.17830799025654237
1736405100.0,0.0002364936657655,0.0002377021259625,0.000196898309004,0.000203173616057,4327.71181132892,0.951376644299057,-0.14089193298538133,-0.6985776986603032,2.749868079747949,0.1725366166845239
1736405160.0,0.000203173616057,0.000203173616057,0.0001744973480261,0.0001884422344399,8613.77190012338,1.6866448043265578,-0.07250637116665347,0.7728465528699437,2.3624338505374616,0.1411416924471872
1736405220.0,0.0001884422344399,0.0002056699468863,0.0001884422344399,0.0002042186069304,3231.8519009939,0.6345108433142341,0.08371993962707736,-0.6238029241921027,2.191142344913726,0.09142171603730609
1736405280.0,0.0002042186069304,0.0002042186069304,0.0001935135418698,0.0001935135418698,2226.69016210033,0.44281313144221496,-0.05241963610224995,-0.3021188903104105,2.3745846497442358,0.05241963610224995
1736405340.0,0.0001935135418698,0.0001935135418698,0.0001786036210537,0.0001794661770385,1902.53865192844,0.3548041658042228,-0.07259112047440781,-0.19874967427310117,2.2501097865106545,0.07704846220080927
1736405400.0,0.0001794661770385,0.0002054717468809,0.0001794661770385,0.0002034720693019,2423.84406497663,0.4640912978223686,0.1337627661074551,0.30802099454054677,2.0867717959174152,0.144905130713411
1736405460.0,0.0002034720693019,0.0002257230454523,0.0001960060024225,0.0002039825825408,6543.12481609532,1.3330133219527245,0.0025090089300784505,1.87230837597592,2.3659041635743505,0.1460497410369754
1736405520.0,0.0002039825825408,0.0002041643284538,0.0001918955827001,0.0001931720931381,1670.12530626875,0.33164903717714445,-0.0529971199895841,-0.7512035088356707,2.3718402382484687,0.06014604580881816
1736405580.0,0.0001931720931381,0.0001950228367652,0.0001874393264964,0.0001924985456173,1905.98788297935,0.36754178214434924,-0.0034867744603174528,0.10822508418148466,2.2461395365458907,0.039257794154451194
1736405640.0,0.0001924985456173,0.0001942991310873,0.0001866821126042,0.0001876313923457,894.35074008722,0.16998474567325902,-0.025284104126564337,-0.5375090562996214,2.2383077545755534,0.0395692261397296
1736405700.0,0.0001876313923457,0.0001876313923457,0.0001768549401698,0.0001768549401698,885.92794865529,0.1614543144391734,-0.05743416408723865,-0.050183510292639,2.1817141482415687,0.05743416408723865
1736405760.0,0.0001768549401698,0.0001773973810521,0.0001735201020666,0.0001749086942581,1137.47198151577,0.2000606391389462,-0.011004758531661012,0.23911609196617295,2.0564092198600123,0.02192349833019878
1736405820.0,0.0001749086942581,0.0001847432907556,0.0001749086942581,0.0001783631965122,1638.47354622002,0.2894133238251325,0.019750317551410254,0.446628007741838,2.0337789329531715,0.056227030561372855
1736405880.0,0.0001783631965122,0.0001853834891769,0.0001783631965122,0.0001827976213273,961.20342232344,0.17357450705822997,0.024861770263220676,-0.40025391794641063,2.0739467127083646,0.03935953605888545
1736405940.0,0.0001827976213273,0.0002215690276367,0.0001825385529266,0.000205157365636,5515.51998516206,1.0698867419696838,0.12231966776342656,5.163847215252429,2.125508699417882,0.2135174102742603
1736406000.0,0.000205157365636,0.0002128707658133,0.0002050720200266,0.0002128707658133,939.85883159655,0.19644371559921406,0.03759748110133898,-0.8163883073851751,2.38550021735895,0.038013481809553475
1736406060.0,0.0002128707658133,0.0002128707658133,0.0002023151592173,0.000205105921742,1968.8881908191,0.4114746820826574,-0.036476798688788566,1.0946187096264823,2.4751890166983435,0.04958692451577819
1736406120.0,0.000205105921742,0.0002176213499047,0.000205105921742,0.000215047602726,1662.39850668156,0.34923129582629875,0.04847096027049629,-0.15126905485731723,2.3849020452195373,0.061019340916168174
1736406180.0,0.000215047602726,0.0002320442591487,0.0002140111107653,0.0002316156674881,1225.3062936188,0.27364965806084574,0.07704370823984476,-0.21642286550128068,2.5005005375023988,0.0838565422483537
1736406240.0,0.0002316156674881,0.0002355286091582,0.0002170990957519,0.0002351525993814,3072.42332827777,0.7170548560148178,0.01527069360919526,1.620338943947744,2.693148371367309,0.07956937285879792
1736406300.0,0.0002351525993814,0.0002453809841835,0.0002351525993814,0.0002453809841835,730.13711169741,0.17542770138884103,0.0434967966716384,-0.7553496780374418,2.734274614990562,0.0434967966716384
1736406360.0,0.0002453809841835,0.0002591949663454,0.0002453809841835,0.0002566821153757,1208.68011758994,0.3034168431063918,0.04605544814242328,0.7295834164403646,2.853206801963229,0.05629605818016305
1736406420.0,0.0002566821153757,0.0002570952041535,0.0002330657142695,0.0002330657142695,2037.76776477264,0.49899617005917546,-0.09200641451638795,0.6445895519524757,2.9846125198706557,0.09361575444720224
1736406480.0,0.0002330657142695,0.0002330657142695,0.0002052906751954,0.0002084900923706,2604.43365513913,0.5750014017177913,-0.10544503285662418,0.15231626256691008,2.710009023196635,0.11917256539064772
1736406540.0,0.0002084900923706,0.0002133098829974,0.000199676601815,0.0002014368259012,1796.82710210965,0.36828389831752883,-0.03383022372527183,-0.35950782516825713,2.424252032703918,0.06539054699139507
1736406600.0,0.0002014368259012,0.0002014368259012,0.0001945588975215,0.0001945588975215,603.85625743704,0.11956224775355241,-0.034144344505673836,-0.6753530406847501,2.3422390440710994,0.034144344505673836
1736406660.0,0.0001945588975215,0.0001966149530485,0.0001871642419144,0.0001871642419144,1492.50395087683,0.2848616468745939,-0.0380072857181093,1.3825384034412331,2.2622648272356956,0.04857506520901021
1736406720.0,0.0001871642419144,0.0001871642419144,0.0001711595154911,0.0001721436271137,1608.6735780914,0.2890045376529149,-0.08025365661230152,0.014543519016250086,2.176282281576919,0.08551166750441466
1736406780.0,0.0001721436271137,0.0001921851436111,0.0001688439472658,0.0001832428486107,3022.55860063556,0.537088224375173,0.06447651698235117,0.858407583275383,2.001627670659809,0.13559140548306947
1736406840.0,0.0001832428486107,0.0001832428486107,0.0001553944113866,0.0001553944113866,2721.06875612223,0.4607276339187466,-0.15197557468266665,-0.1421751343464312,2.13068565115945,0.15197557468266665
1736406900.0,0.0001553944113866,0.0001585503444283,0.0001517368611539,0.0001585503444283,1307.49453850625,0.20524052681033,0.02030917980601304,-0.5545295925389924,1.806873474856381,0.04384638555275322
1736406960.0,0.0001585503444283,0.0001672063207595,0.0001585503444283,0.0001663705599131,602.75193367424,0.09792335169148082,0.049323232396612494,-0.5228849135532806,1.8435695931439549,0.054594497176349004
1736407020.0,0.0001663705599131,0.0001789061732233,0.0001625866298632,0.000178001257269,1764.15434599516,0.3037625189600262,0.06990838620712118,2.1020437282116955,1.9345004046259224,0.09809153355391807
1736407080.0,0.000178001257269,0.0001832097361378,0.0001772230010595,0.0001832097361378,921.22858019395,0.1663789453032963,0.029260910561596902,-0.45227296022920116,2.0697382060303435,0.03363310557550004
1736407140.0,0.0001832097361378,0.0001899208736442,0.0001832097361378,0.0001887011114044,567.17940295716,0.10547008623113818,0.02997316290259642,-0.36608513752221383,2.1303006305629175,0.036630899906718146
1736407200.0,0.0001887011114044,0.000192008023172,0.0001887011114044,0.0001910698436124,401.56657216134,0.07625166030626741,0.012552825949835773,-0.27703045450098956,2.1941524783942836,0.017524601434450848
1736407260.0,0.0001910698436124,0.0001911030598785,0.0001786195738347,0.0001786195738347,913.3973132104,0.16883666030924954,-0.06516083094178028,1.2142030695608632,2.221695292562968,0.06533467452416886
1736407320.0,0.0001786195738347,0.000180240681355,0.0001457186965027,0.000146668402475,3958.07962180732,0.643757855125183,-0.17887833160585523,2.8129032755448042,2.0769277812001232,0.1932710067052769
1736407380.0,0.000146668402475,0.000149262427485,0.000146668402475,0.000149262427485,480.92513014682,0.07116028645648473,0.01768632484043157,-0.8894610980045484,1.7054104048331946,0.01768632484043157
1736407440.0,0.000149262427485,0.0001606174874582,0.000149262427485,0.0001606174874582,1007.4072567623,0.15608763751933197,0.07607446940618133,1.1934655591188663,1.7355728472393264,0.07607446940618133
1736407500.0,0.0001606174874582,0.0001630396435568,0.0001557143495084,0.0001557143495084,888.08288628212,0.14046444539811156,-0.030526800209572557,-0.10009243761720348,1.8676056307088336,0.045607076566344454
1736407560.0,0.0001557143495084,0.0001576269754381,0.0001522357069382,0.0001568297173059,737.98109246851,0.11532580593608405,0.007162909526458421,-0.1789679900189567,1.8105936067499122,0.034622811044200855
1736407620.0,0.0001568297173059,0.0001591892278185,0.0001565858936701,0.0001591892278185,291.15086106732,0.04600459399327761,0.015045047285252218,-0.601090201626041,1.8235627249442459,0.016599750309580306
1736407680.0,0.0001591892278185,0.0001607417031939,0.0001591892278185,0.0001597607795462,246.99902088901,0.03939016976581172,0.0035903919852646056,-0.14377747205925598,1.8509983123686553,0.009752389635120668
1736407740.0,0.0001597607795462,0.0001597607795462,0.0001582146552297,0.0001582146552297,95.51821211502,0.015186222513145064,-0.00967774644622889,-0.6144666904602736,1.8576441218741222,0.00967774644622889
1736407800.0,0.0001582146552297,0.0001582146552297,0.0001222052889962,0.0001228227043212,5489.0225989639,0.7713102088640166,-0.22369578126069983,49.79012955304567,1.8396663130752968,0.2275981714918931
1736407860.0,0.0001228227043212,0.0001228227043212,0.0001100077625421,0.0001124188399973,1923.88065385386,0.22628832804853377,-0.08470636094033815,-0.7066182640291893,1.428140719912927,0.10433691270619623
1736407920.0,0.0001124188399973,0.000112991845248,0.0001053524338968,0.0001053524338968,1002.31324803198,0.10913751643242867,-0.06285784571936259,-0.5177059401445526,1.3071681166183884,0.06795490285599348
1736407980.0,0.0001053524338968,0.0001053524338968,9.13092967263449e-05,9.14028313600966e-05,1716.01583170587,0.1688175750761612,-0.132408925173651,0.5468335783569239,1.2250023448147198,0.13329675120948156
1736408040.0,9.14028313600966e-05,9.14028313600966e-05,8.25692867053393e-05,8.30268192567061e-05,944.98534548878,0.08241673182580325,-0.09163843153164278,-0.5118000493217525,1.0628011010026006,0.09664410306893112
1736408100.0,8.30268192567061e-05,8.30268192567061e-05,7.82635217452616e-05,7.82635217452616e-05,759.72202198811,0.061267911996583324,-0.05737058885415228,-0.25660832892428037,0.9654076750766193,0.05737058885415228
1736408160.0,7.82635217452616e-05,7.82635217452616e-05,7.73134474769691e-05,7.73134474769691e-05,185.37484792193,0.014420028504862901,-0.012139426480000121,-0.7646397921041107,0.9100216682731556,0.012139426480000121
1736408220.0,7.73134474769691e-05,7.73134474769691e-05,7.54640885813536e-05,7.54640885813536e-05,292.62584132981,0.022353327512681036,-0.023920274621907198,0.5501583443571397,0.8989745271359465,0.023920274621907198
1736408280.0,7.54640885813536e-05,7.63000930481367e-05,7.5268110791444e-05,7.5268110791444e-05,291.07738755338,0.021937367406804575,-0.0025969675589248647,-0.018608419960763616,0.8774708095687554,0.013675143715280934
1736408340.0,7.5268110791444e-05,7.55663347024009e-05,7.45803221361352e-05,7.45803221361352e-05,116.81393873852,0.00875219283203273,-0.009137849323926202,-0.6010372315997243,0.8751920463424019,0.013100004183681286
1736408400.0,7.45803221361352e-05,7.50189214490724e-05,7.45429005466699e-05,7.47672561244398e-05,104.8252491004,0.007827698546853128,0.002506478692373826,-0.10563001786203613,0.8671946732934264,0.0063826608516600195
1736408460.0,7.47672561244398e-05,7.94325573413558e-05,7.47672561244398e-05,7.83748923911865e-05,1164.58631470707,0.08917362518306801,0.04825155360445882,10.392061747053019,0.8693682782641764,0.06239765184309094
1736408520.0,7.83748923911865e-05,8.10511943043506e-05,7.80598144078456e-05,8.00386643445525e-05,416.59743268568,0.03299734051935809,0.021228379428729995,-0.6299652453108577,0.9113166483448564,0.03816757899423145
1736408580.0,8.00386643445525e-05,8.51856237339047e-05,8.00386643445525e-05,8.51856237339047e-05,868.35438331753,0.07173661739172331,0.06430591304216973,1.1740120949940975,0.9306624239356395,0.06430591304216973
1736408640.0,8.51856237339047e-05,9.05822022692291e-05,8.51856237339047e-05,9.05822022692291e-05,562.49138509697,0.04943394395199298,0.06335081318629246,-0.31089664177981613,0.9905095208408596,0.06335081318629246
1736408700.0,9.05822022692291e-05,9.49057305424469e-05,8.96684498866778e-05,9.39493145422496e-05,1457.57558661224,0.13448431693246873,0.03717189678180656,1.7204852815925658,1.053259104454893,0.057817987690372386
1736408760.0,9.39493145422496e-05,9.89505320547059e-05,9.38995061040164e-05,9.60886724817031e-05,1212.25351698858,0.11518710906560839,0.022771405516656674,-0.143490395809873,1.0924107431701884,0.053763308176325346
1736408820.0,9.60886724817031e-05,0.0001023028043103,9.60886724817031e-05,0.0001023028043103,950.7643904527,0.0943117757515799,0.06467080528956391,-0.18122977027002474,1.117286471193669,0.06467080528956391
1736408880.0,0.0001023028043103,0.0001064355309473,0.0001021648980856,0.0001064355309473,478.39485220662,0.04992967252270772,0.04039700245620642,-0.4705892013503806,1.1895422870248986,0.04174502244089537
1736408940.0,0.0001064355309473,0.0001092700645645,0.000105932480078,0.000105932480078,695.44672126766,0.07384531848483958,-0.004726343400767802,0.47898663768033256,1.237596229715605,0.031357803703281686
1736409000.0,0.000105932480078,0.0001359615159031,9.76481697506696e-05,9.76481697506696e-05,6991.97342446008,0.7117152466681858,-0.07820368522695323,8.637919657890036,1.2317469249424735,0.3616770430015383
1736409060.0,9.76481697506696e-05,9.76481697506696e-05,9.0849168402379e-05,9.0849168402379e-05,665.90912483957,0.06276104874204254,-0.06962753491080138,-0.9118171922888384,1.1354197761450047,0.06962753491080138
1736409120.0,9.0849168402379e-05,9.0849168402379e-05,8.65406177143036e-05,8.88220444838228e-05,943.93014626835,0.08479853712994215,-0.022313070710541647,0.35113320809021276,1.056363296043054,0.04742531785202968
1736409180.0,8.88220444838228e-05,9.48300100776229e-05,8.88220444838228e-05,9.47473112966463e-05,458.44501452473,0.04207822798853625,0.06670941709636811,-0.5037859211644521,1.0327925871224246,0.06764047854014806
1736409240.0,9.47473112966463e-05,9.78732780506897e-05,8.87767042565758e-05,9.36368862257236e-05,3004.7769764628,0.28302624972231877,-0.01171985838675735,5.726192219867865,1.1016895785908114,0.09600878029808402
1736409300.0,9.36368862257236e-05,9.9396360621515e-05,9.36368862257236e-05,9.89563158897562e-05,272.44234337906,0.026235271651609125,0.056809125959287506,-0.9073044578820907,1.0887779327435607,0.061508606575270575
1736409360.0,9.89563158897562e-05,9.90558379550947e-05,9.81007417727827e-05,9.81007417727827e-05,165.79369301847,0.01633540866261296,-0.008645977866907135,-0.37734936083228865,1.1506304554664823,0.009651695030522755
1736409420.0,9.81007417727827e-05,9.89330631265512e-05,9.74924459841195e-05,9.89330631265512e-05,200.12367053896,0.019715564128356008,0.008484353316066584,0.20692200210939618,1.1406821300155299,0.014685078995308706
1736409480.0,9.89330631265512e-05,0.0001008507976195,9.89330631265512e-05,0.0001008507976195,326.44956005964,0.0326096767237824,0.019384161698255672,0.6540067791862658,1.150360080227905,0.019384161698255672
1736409540.0,0.0001008507976195,0.0001078988353747,0.0001008507976195,0.0001078988353747,717.60543527526,0.07489993562417684,0.06988579090659791,1.29686225529344,1.172658846034261,0.06988579090659791
1736409600.0,0.0001078988353747,0.0001103593271197,0.0001078988353747,0.0001098800245979,244.76917313846,0.02665277574126488,0.018361544091925783,-0.6441548912004449,1.254611036952984,0.0228036914064499
1736409660.0,0.0001098800245979,0.000110930890412,0.0001071670071705,0.0001071670071705,381.81084777848,0.041435455603647746,-0.024690724609210186,0.5546394118904373,1.277647632826213,0.034254481242370696
1736409720.0,0.0001071670071705,0.0001073954983428,0.0001065259607297,0.0001073954983428,175.77366101119,0.01885721855490319,0.002132103698076258,-0.5449013826399653,1.2461015869764915,0.008113855523804779
1736409780.0,0.0001073954983428,0.0001078383101162,0.0001002196941166,0.0001002196941166,1000.24812544347,0.10383335353555005,-0.0668166202208519,4.506292098871159,1.248758404778263,0.07093980769363203
1736409840.0,0.0001002196941166,0.0001002196941166,9.68827723130018e-05,9.68827723130018e-05,147.88034604288,0.014573790470757327,-0.03329606853235729,-0.8596424946848354,1.165320588698597,0.03329606853235729
1736409900.0,9.68827723130018e-05,9.68827723130018e-05,9.65584844203194e-05,9.65584844203194e-05,30.14152854516,0.0029153075808195125,-0.003347219375955825,-0.7999622962420689,1.1265199945151214,0.003347219375955825
1736409960.0,9.65584844203194e-05,0.0001004036321535,9.6466039010903e-05,0.000100114322403,511.3315818261,0.050282508707573455,0.03682574352764309,16.247754246719555,1.1227492849620786,0.04077935943419175
1736410020.0,0.000100114322403,0.000104722497793,9.05883557620898e-05,9.05883557620898e-05,1998.97563966087,0.1906050040350507,-0.09515088762789004,2.790682066870346,1.164095362175937,0.14118001991777607
1736410080.0,9.05883557620898e-05,9.11507434815068e-05,9.01133537499097e-05,9.01133537499097e-05,182.57821907801,0.016496098153526387,-0.005243521732832647,-0.9134540132509172,1.0533306551813864,0.011451689600389295
1736410140.0,9.01133537499097e-05,9.01133537499097e-05,8.79514730134177e-05,8.79514730134177e-05,194.76972410308,0.017340818590578008,-0.02399068114246244,0.05120728727423606,1.047807492999084,0.02399068114246244
1736410200.0,8.79514730134177e-05,9.54885735050842e-05,8.79514730134177e-05,9.43980035680285e-05,1084.64654953432,0.09889236529172744,0.07329644784490791,4.702866031103041,1.02266987753586,0.08569612575467211
1736410260.0,9.43980035680285e-05,9.44324239222795e-05,9.36099693414331e-05,9.39237882550443e-05,101.77351519568,0.009583085370891593,-0.005023573540328613,-0.9030958017575776,1.0976279468772254,0.00871262685395355
1736410320.0,9.39237882550443e-05,9.4160965063463e-05,9.3595742662873e-05,9.3595742662873e-05,29.3370732231,0.002750637104650152,-0.0034926784605462673,-0.712969571052226,1.092113932166168,0.006017883340215951
1736410380.0,9.3595742662873e-05,9.83479827615989e-05,9.3595742662873e-05,9.83479827615989e-05,507.10917514504,0.04866821213713499,0.050774105354804734,16.69343257053351,1.0882995293588285,0.050774105354804734
1736410440.0,9.83479827615989e-05,0.0001052321392532,9.83479827615989e-05,0.0001052321392532,602.34447545229,0.06131268090375862,0.06999794300091225,0.25980960079229204,1.143556964320078,0.06999794300091225
1736410500.0,0.0001052321392532,0.0001056977933275,6.41127316534953e-05,6.4384382421072e-05,5522.92606987746,0.46838975471838606,-0.3881680741455218,6.639361838599242,1.2236035995268513,0.3951745347868154
1736410560.0,6.4384382421072e-05,6.4384382421072e-05,5.93960054826211e-05,6.3952925810135e-05,1231.95825341034,0.07905310304795111,-0.006701261932051743,-0.8312236716290243,0.7486397467809851,0.07747805835624935
1736410620.0,6.3952925810135e-05,6.44263044746598e-05,5.98907624169185e-05,6.02198451937174e-05,599.51483636012,0.037221709244378606,-0.058372319469799726,-0.5291556205984591,0.7436229157450608,0.07092000874528431
1736410680.0,6.02198451937174e-05,6.04865968520162e-05,5.44935900596321e-05,5.47785471094749e-05,941.4522947328,0.054132750162211585,-0.09035722471120167,0.45433273380337746,0.7002159213421262,0.09951880103818894
1736410740.0,5.47785471094749e-05,5.47785471094749e-05,5.42253477850034e-05,5.444708788193e-05,159.99433802859,0.008737741583101111,-0.006050894830826381,-0.8385867786706196,0.6369463539910546,0.010098831635054692
1736410800.0,5.444708788193e-05,5.47231926002735e-05,5.42021042046077e-05,5.42021042046077e-05,44.56922589383,0.0024212051926435127,-0.004499481732678816,-0.7229026322629922,0.6330922585901764,0.009570546670848569
1736410860.0,5.42021042046077e-05,5.79082800496239e-05,4.92529156289495e-05,4.92529156289495e-05,1714.43191383176,0.0886832938243741,-0.0913098974345256,35.62774807101259,0.6302436715375495,0.15968687097462558
1736410920.0,4.92529156289495e-05,5.21758522188012e-05,4.92529156289495e-05,5.0153508977681e-05,879.34164644882,0.04370610454059248,0.018285076877807293,-0.5071664272287086,0.572696186530697,0.05934545300570343
1736410980.0,5.0153508977681e-05,5.0153508977681e-05,4.8918506747286e-05,4.94638008571679e-05,346.87121973792,0.017277188884712164,-0.013751941480705354,-0.6046962073989961,0.5831679803290379,0.024624443146033723
1736411040.0,4.94638008571679e-05,5.2571458343675e-05,4.9447155132677e-05,4.98176344151102e-05,1779.52638610957,0.08833696685892412,0.0071533839254293505,4.1129247615675295,0.5751482883901319,0.06316342773616948
1736411100.0,4.98176344151102e-05,5.12306291441437e-05,4.95975826630394e-05,5.12306291441437e-05,514.89879597724,0.026014814621125322,0.028363344538995642,-0.705504778507151,0.57926254491104,0.03278049028777209
1736411160.0,5.12306291441437e-05,5.14363203763232e-05,5.08984701397861e-05,5.14363203763232e-05,185.48127722619,0.009521398462986488,0.00401500500024633,-0.6340009105713695,0.5956923680508872,0.010498606898302778
1736411220.0,5.14363203763232e-05,5.16343869124379e-05,5.10438033662746e-05,5.16343869124379e-05,251.0729735088,0.012939134480322198,0.0038507135554329314,0.3589531548986031,0.5980840758872201,0.01148183893875804
1736411280.0,5.16343869124379e-05,5.61376820925841e-05,5.05021054007322e-05,5.56699371729213e-05,994.751771977,0.053370583262352674,0.07815625403525991,3.1247413684059406,0.6003871263455276,0.10914386765952636
1736411340.0,5.56699371729213e-05,5.56699371729213e-05,5.5616710852338e-05,5.5616710852338e-05,6.22800728286,0.0003465470271931962,-0.0009561052748804691,-0.9935067783409883,0.6473111351116884,0.0009561052748804691
1736411400.0,5.5616710852338e-05,5.5616710852338e-05,5.47833885265597e-05,5.47833885265597e-05,155.48525896966,0.008582794021102055,-0.014983308308014961,23.76660697573158,0.6466922375209192,0.014983308308014961
1736411460.0,5.47833885265597e-05,6.05593009469208e-05,5.42799970032698e-05,5.68347919387337e-05,1345.5408703576,0.07509341184550127,0.037445719721762936,7.749296751252928,0.6370026483457433,0.1146205832194318
1736411520.0,5.68347919387337e-05,6.43063331899825e-05,5.68347919387337e-05,6.31911442486054e-05,274.82044261726,0.01649279045427777,0.1118391058196125,-0.7803696749295348,0.6608556709777187,0.13146069504930907
1736411580.0,6.31911442486054e-05,6.41365258217247e-05,6.31127348663187e-05,6.36168568703899e-05,511.16520907811,0.03240991920238422,0.006736903198170913,0.9650961607881217,0.7347651782956868,0.016201494174218737
1736411640.0,6.36168568703899e-05,6.36168568703899e-05,6.06818057182244e-05,6.11162422690834e-05,492.86645333324,0.030738380093067806,-0.03930742140249303,-0.051574923679336124,0.7397152201752516,0.04613637479992516
1736411700.0,6.11162422690834e-05,6.15505001986847e-05,6.02320208714113e-05,6.11023218280709e-05,363.16350716842,0.022192661189305445,-0.00022776991018542134,-0.2780146148849793,0.7106389222979851,0.0215733048748053
1736411760.0,6.11023218280709e-05,6.13667419800219e-05,6.099111578e-05,6.13667419800219e-05,15.25619111578,0.0009342057216134598,0.004327497614493659,-0.9579047454631692,0.710477060134479,0.006147494706974291
1736411820.0,6.13667419800219e-05,6.13667419800219e-05,6.08053157679718e-05,6.08053157679718e-05,59.18621874618,0.0036154510672718456,-0.009148704883711766,2.870080201422474,0.7135516479173635,0.009148704883711766
1736411880.0,6.08053157679718e-05,6.08443769717737e-05,5.81027895986533e-05,5.81027895986533e-05,697.61054088712,0.041475773850336996,-0.04444555768168563,10.471811698902032,0.7070235744712813,0.045087955526488414
1736411940.0,5.81027895986533e-05,5.81027895986533e-05,5.46740292673136e-05,5.5001889987246e-05,134.0617379029,0.007581504955118158,-0.053369203661766576,-0.8172064255515619,0.6755995174098064,0.05901197438236547
1736412000.0,5.5001889987246e-05,5.57224372597184e-05,5.17691709374678e-05,5.21440899344345e-05,1140.12735757143,0.061080031481253544,-0.05195821549903421,7.056452095308511,0.6395433091713713,0.07187509962234567
1736412060.0,5.21440899344345e-05,5.74830821912956e-05,5.21440899344345e-05,5.74830821912956e-05,698.7552771542,0.03830128252117286,0.10238921157842235,-0.37293282939894773,0.6063137800924796,0.10238921157842235
1736412120.0,5.74830821912956e-05,5.86716269747264e-05,5.74830821912956e-05,5.86716269747264e-05,161.19403583502,0.00936172317585704,0.020676427535244134,-0.7555767702900836,0.6683937700052816,0.020676427535244134
1736412180.0,5.86716269747264e-05,5.86716269747264e-05,5.86716269747264e-05,5.86716269747264e-05,0.0,0.0,0.0,-1.0,0.6822137653558045,0.0
1736412240.0,5.86716269747264e-05,5.86716269747264e-05,5.84122797408442e-05,5.84122797408442e-05,3.93212319746,0.00023019417282276893,-0.004420317745644256,0.0,0.6822137653558045,0.004420317745644256
1736412300.0,5.84122797408442e-05,5.84122797408442e-05,5.84092220381922e-05,5.84092220381922e-05,0.8228001969,4.806037733297242e-05,-5.2346915161826945e-05,-0.7912180975581208,0.6791981637424794,5.2346915161826945e-05
1736412360.0,5.84092220381922e-05,5.85601308655616e-05,5.72962525984204e-05,5.72962525984204e-05,206.70476112255,0.011958436247666137,-0.01905468693015732,247.82110610192612,0.6791626098138239,0.021638334205423684
1736412420.0,5.72962525984204e-05,5.75041728531678e-05,5.71271439141155e-05,5.71271439141155e-05,71.17383143239,0.004071975767652376,-0.002951478964778982,-0.6594892774172642,0.6662213789091529,0.006580342028558662
1736412480.0,5.71271439141155e-05,5.71271439141155e-05,5.65365958469465e-05,5.65365958469465e-05,57.08745236823,0.003244386664802258,-0.01033743377853486,-0.2032401836534625,0.6642550405234164,0.01033743377853486
1736412540.0,5.65365958469465e-05,5.65365958469465e-05,5.15163779782376e-05,5.15163779782376e-05,681.2911416689,0.03680776694903972,-0.08879589924903543,10.345061717938949,0.6573883480299476,0.08879589924903543
1736412600.0,5.15163779782376e-05,5.15163779782376e-05,4.93616028369419e-05,4.93616028369419e-05,291.37785952294,0.014696805061461607,-0.041826992227713605,-0.6007145697860643,0.5990149585107906,0.041826992227713605
1736412660.0,4.93616028369419e-05,4.99354579969162e-05,4.93616028369419e-05,4.99354579969162e-05,74.4623,0.003696943766464496,0.011625537401407617,-0.7484525547556775,0.5739599644968756,0.011625537401407617
1736412720.0,4.99354579969162e-05,5.07883289506631e-05,4.99354579969162e-05,5.07883289506631e-05,193.89330033941,0.009764833736974869,0.01707946593379736,1.6413260124627993,0.5806325575310446,0.01707946593379736
1736412780.0,5.07883289506631e-05,5.1601973514795e-05,5.07883289506631e-05,5.0899276829789e-05,100.7303203354,0.005121512552202406,0.0021845152502197726,-0.47551461805134193,0.5905494515174496,0.01602030586441016
1736412840.0,5.0899276829789e-05,5.11599233544548e-05,5.08270701418608e-05,5.08270701418608e-05,17.52079288983,0.0008911631283646306,-0.0014186191322455581,-0.8259961057829677,0.5918395158002985,0.006539448756945799
1736412900.0,5.08270701418608e-05,5.10848631850631e-05,5.06076210108123e-05,5.06076210108123e-05,65.80416979252,0.0033374128197311633,-0.004317564054666278,2.745007747185001,0.5909999209399652,0.009389527527728758
1736412960.0,5.06076210108123e-05,5.06076210108123e-05,5.06076210108123e-05,5.06076210108123e-05,0.0,0.0,0.0,-1.0,0.5884482409250043,0.0
1736413020.0,5.06076210108123e-05,5.06076210108123e-05,5.06076210108123e-05,5.06076210108123e-05,0.0,0.0,0.0,0.0,0.5884482409250043,0.0
1736413080.0,5.06076210108123e-05,5.06076210108123e-05,4.99141443169666e-05,4.99141443169666e-05,78.51399378389,0.00394618262904544,-0.01370300915147819,0.0,0.5884482409250043,0.01370300915147819
1736413140.0,4.99141443169666e-05,4.99141443169666e-05,4.84783343205393e-05,4.84783343205393e-05,263.7253674146,0.012974296289754711,-0.028765593722483992,2.287809386787839,0.5803847292944376,0.028765593722483992
1736413200.0,4.84783343205393e-05,4.84783343205393e-05,4.49517331023784e-05,4.49517331023784e-05,503.93409934244,0.023541298439135737,-0.07274592387690085,0.8144566698176432,0.56368961796882,0.07274592387690085
1736413260.0,4.49517331023784e-05,4.49819066964873e-05,4.46867232685557e-05,4.46867232685557e-05,35.02549716062,0.0015698157495512561,-0.005895430843992915,-0.9333165180497628,0.5226834959298609,0.006566675132620885
1736413320.0,4.46867232685557e-05,4.47845651108376e-05,4.45238696782301e-05,4.45238696782301e-05,56.00485066851,0.002498112968016985,-0.0036443394908795175,0.5913415117226908,0.51960205152631,0.005833845346878198
1736413380.0,4.45238696782301e-05,4.54936060704393e-05,4.45238696782301e-05,4.54936060704393e-05,51.72257735799,0.0023279679264907706,0.021780146227571708,-0.06810942647692844,0.5177084452503906,0.021780146227571708
1736413440.0,4.54936060704393e-05,4.54936060704393e-05,4.51092876748205e-05,4.51092876748205e-05,2.00209817556,9.06979441339206e-05,-0.00844774527268172,-0.9610398652396209,0.528984210891193,0.00844774527268172
1736413500.0,4.51092876748205e-05,4.56986915923046e-05,4.51092876748205e-05,4.56986915923046e-05,72.6446,0.003298354665334298,0.013066132228310443,35.366366369496674,0.5245154870243136,0.013066132228310443
1736413560.0,4.56986915923046e-05,4.65087888109338e-05,4.56986915923046e-05,4.64611685991415e-05,137.93540190052,0.0063560536773014245,0.01668487609315485,0.9270376664169981,0.53136887573357,0.017726923690865884
1736413620.0,4.64611685991415e-05,4.66856357719904e-05,4.64611685991415e-05,4.66856357719904e-05,36.3622,0.0016935113649519861,0.004831285557743071,-0.7335593041009376,0.5402346995849435,0.004831285557743071
1736413680.0,4.66856357719904e-05,4.66856357719904e-05,4.62523993300868e-05,4.62523993300868e-05,61.04542990176,0.002836721153515582,-0.009279865953191514,0.6750529179920843,0.5428447276868399,0.009279865953191514
1736413740.0,4.62523993300868e-05,4.62523993300868e-05,4.62523993300868e-05,4.62523993300868e-05,0.0,0.0,0.0,-1.0,0.5378072013805093,0.0
1736413800.0,4.62523993300868e-05,4.62523993300868e-05,4.62523993300868e-05,4.62523993300868e-05,0.0,0.0,0.0,0.0,0.5378072013805093,0.0
1736413860.0,4.62523993300868e-05,4.67302301132347e-05,4.62523993300868e-05,4.67302301132347e-05,26.67478475,0.0012401458129448067,0.010330940449981674,0.0,0.5378072013805093,0.010330940449981674
1736413920.0,4.67302301132347e-05,4.67302301132347e-05,4.64694682008406e-05,4.64694682008406e-05,4.83512511745,0.00022531610112857392,-0.005580154682787519,-0.8183148313878138,0.5433632555515426,0.005580154682787519
1736413980.0,4.64694682008406e-05,4.67451038861704e-05,4.64694682008406e-05,4.65105460257239e-05,13.15262994348,0.0006114658596307543,0.0008839744992511606,1.7138134228668758,0.540331204536622,0.00593154378566387
1736414040.0,4.65105460257239e-05,4.7276636902009e-05,4.65105460257239e-05,4.7276636902009e-05,157.51075605598,0.007386245045653855,0.016471336970789223,11.079570640483812,0.5408088435425821,0.016471336970789223
1736414100.0,4.7276636902009e-05,4.79919660419603e-05,4.7276636902009e-05,4.79260210945594e-05,56.50044639588,0.0026894963374402047,0.013735837299433718,-0.635877726664006,0.5497166882413548,0.015130711210147465
1736414160.0,4.79260210945594e-05,4.96749226269226e-05,4.79260210945594e-05,4.96749226269226e-05,221.59257570922,0.010813822255446909,0.03649169057686983,3.020761101217648,0.5572675072318215,0.03649169057686983
1736414220.0,4.96749226269226e-05,4.96749226269226e-05,4.90976710114455e-05,4.90976710114455e-05,116.50059061012,0.005753532747481633,-0.011620584088524495,-0.46794642897116373,0.5776031406742688,0.011620584088524495
1736414280.0,4.90976710114455e-05,4.90976710114455e-05,4.89620235886442e-05,4.89620235886442e-05,0.95213745,4.6683153782154085e-05,-0.0027628076853111706,-0.9918861757061194,0.5708910548082675,0.0027628076853111706
1736414340.0,4.89620235886442e-05,4.89620235886442e-05,4.84767638465563e-05,4.84767638465563e-05,70.5796619366,0.0034385983383443397,-0.00991094130759016,72.65822699962568,0.5693137926145678,0.00991094130759016
1736414400.0,4.84767638465563e-05,4.84767638465563e-05,4.84767638465563e-05,4.84767638465563e-05,0.0,0.0,0.0,-1.0,0.5636713570303633,0.0
1736414460.0,4.84767638465563e-05,5.23075066331499e-05,4.84767638465563e-05,5.23075066331499e-05,581.7767607622,0.029316973207732445,0.07902224659053288,0.0,0.5636713570303633,0.07902224659053288
1736414520.0,5.23075066331499e-05,5.23075066331499e-05,5.23075066331499e-05,5.23075066331499e-05,0.0,0.0,0.0,-1.0,0.608213934001637,0.0
1736414580.0,5.23075066331499e-05,5.27751678456998e-05,5.23075066331499e-05,5.27751678456998e-05,24.899932,0.0013082757244507464,0.008940613740772648,0.0,0.608213934001637,0.008940613740772648
1736414640.0,5.27751678456998e-05,5.27751678456998e-05,5.17843696754699e-05,5.20006593178106e-05,315.98203336864,0.016553639457503596,-0.014675624152511512,11.653020420793418,0.6136517398573015,0.018773946359142257
1736414700.0,5.20006593178106e-05,5.52996294242313e-05,5.20006593178106e-05,5.52996294242313e-05,427.23473706133,0.02292120532365553,0.06344092843628206,0.3846625923259178,0.6046460175626209,0.06344092843628206
1736414760.0,5.52996294242313e-05,5.58878757092634e-05,5.52996294242313e-05,5.58878757092634e-05,122.6740129,0.006819908719532572,0.010637436293096356,-0.7024629105130796,0.6430053222920941,0.010637436293096356
1736414820.0,5.58878757092634e-05,5.58878757092634e-05,5.55823939478145e-05,5.55823939478145e-05,115.51881844772,0.006438456921417187,-0.005465975537128311,-0.05593209730547967,0.6498452504440981,0.005465975537128311
1736414880.0,5.55823939478145e-05,5.70785086347183e-05,5.55823939478145e-05,5.70785086347183e-05,382.41714,0.021541730077715406,0.026917060972733213,2.3457908223409834,0.6462932122022517,0.026917060972733213
1736414940.0,5.70785086347183e-05,5.86507297514313e-05,5.70785086347183e-05,5.86239242283014e-05,158.23495953728,0.009154084891222389,0.027075262310604465,-0.5750534029440768,0.6636895260013633,0.027544887810132666
1736415000.0,5.86239242283014e-05,5.99049605184898e-05,5.86239242283014e-05,5.99049605184898e-05,241.6713910621,0.014322520228898178,0.021851766272070288,0.5646042612770246,0.681659094010651,0.021851766272070288
1736415060.0,5.99049605184898e-05,6.03128924351812e-05,5.99049605184898e-05,6.0288014212756e-05,5.56753754359,0.00033458944964598764,0.006394356843753737,-0.9766389263691948,0.6965545492102029,0.006809651707649391
1736415120.0,6.0288014212756e-05,6.12808658684025e-05,6.0288014212756e-05,6.12808658684025e-05,180.75831865234,0.010987293181959078,0.016468475013005586,31.83813399849931,0.7010085675589929,0.016468475013005586
1736415180.0,6.12808658684025e-05,6.36819704037582e-05,6.12808658684025e-05,6.36819704037582e-05,227.18527065,0.014194857889841234,0.039181961634027075,0.2919340236728109,0.712553109637741,0.039181961634027075
1736415240.0,6.36819704037582e-05,6.36819704037582e-05,6.32303157156839e-05,6.33769579413076e-05,80.74131302694,0.005129452353188249,-0.0047896203669069316,-0.6386401052412635,0.7404723382417737,0.007092347884506516
1736415300.0,6.33769579413076e-05,6.33769579413076e-05,6.31209339716129e-05,6.31209339716129e-05,9.7837447656,0.0006188115439312354,-0.004039701147091929,-0.8793610893867435,0.7369257568493996,0.004039701147091929
1736415360.0,6.31209339716129e-05,6.31209339716129e-05,6.31209339716129e-05,6.31209339716129e-05,0.0,0.0,0.0,-1.0,0.7339487970241336,0.0
1736415420.0,6.31209339716129e-05,6.35002544858615e-05,6.31209339716129e-05,6.35002544858615e-05,15.3288,0.0009704754368134666,0.006009424930549764,0.0,0.7339487970241336,0.006009424930549764
1736415480.0,6.35002544858615e-05,6.35002544858615e-05,6.35002544858615e-05,6.35002544858615e-05,0.0,0.0,0.0,-1.0,0.7383594072227174,0.0
1736415540.0,6.35002544858615e-05,6.53689235155348e-05,6.35002544858615e-05,6.53689235155348e-05,248.20219494322,0.01599280642023754,0.02942774079888708,0.0,0.7383594072227174,0.02942774079888708
1736415600.0,6.53689235155348e-05,6.53689235155348e-05,6.42865807797308e-05,6.46351031018293e-05,136.99654216842,0.008905051057275059,-0.011225829862887489,-0.4431839651353204,0.7600876564748875,0.016557450812950625
1736415660.0,6.46351031018293e-05,6.46351031018293e-05,6.40990864646137e-05,6.40990864646137e-05,64.35513338834,0.0041423529705941434,-0.0082929648363232,-0.5348310813771233,0.7515550417624195,0.0082929648363232
1736415720.0,6.40990864646137e-05,6.51652857549302e-05,6.40990864646137e-05,6.51652857549302e-05,211.276,0.013655229752528178,0.016633611321513968,2.296491112530565,0.7453224222285224,0.016633611321513968
1736415780.0,6.51652857549302e-05,6.5526593830774e-05,6.4470988020506e-05,6.4470988020506e-05,256.67658889936,0.016637298275151265,-0.010654410954864581,0.21838288894926688,0.7577198257090809,0.016198897895389714
1736415840.0,6.4470988020506e-05,6.4470988020506e-05,5.93641493440129e-05,5.96348914484854e-05,567.00892156512,0.03518457043880179,-0.07501198167588807,1.114800724066594,0.749646767297328,0.07921142258388823
1736415900.0,5.96348914484854e-05,6.00336434103794e-05,5.94685340276362e-05,6.00336434103794e-05,60.6541218624,0.0036291949482122237,0.006686554669734765,-0.8968526572031152,0.6934142777254321,0.009476153456762107
1736415960.0,6.00336434103794e-05,6.29950860936652e-05,6.00336434103794e-05,6.29950860936652e-05,438.740295,0.026988830538039865,0.049329717722476074,6.436588809133778,0.6980508302022178,0.049329717722476074
1736416020.0,6.29950860936652e-05,6.3641776081914e-05,6.29950860936652e-05,6.3641776081914e-05,7.78932834816,0.000493208050233135,0.010265721159381442,-0.9817254753021635,0.7324854806120333,0.010265721159381442
1736416080.0,6.3641776081914e-05,6.56060361855847e-05,6.3641776081914e-05,6.56060361855847e-05,497.81304348384,0.032170623394255755,0.030864319392068643,64.2272877116442,0.740004972309292,0.030864319392068643
1736416140.0,6.56060361855847e-05,6.84928069252199e-05,6.56060361855847e-05,6.84928069252199e-05,196.74083118504,0.013191358927285988,0.04400160271029292,-0.5899563783510213,0.7628447221263649,0.04400160271029292
1736416200.0,6.84928069252199e-05,7.04099827387665e-05,6.84928069252199e-05,7.04099827387665e-05,206.26122037091,0.014325129454508829,0.02799090736111547,0.0859479704458398,0.796411112519013,0.02799090736111547
1736416260.0,7.04099827387665e-05,7.46011108857026e-05,7.04099827387665e-05,7.46011108857026e-05,765.76866932208,0.05552247610087462,0.05952462966062532,2.875879535831974,0.8187033821908956,0.05952462966062532
1736416320.0,7.46011108857026e-05,7.94279304267273e-05,7.43292717173185e-05,7.47264209377433e-05,2584.49767458336,0.1929683293744843,0.0016797343974232274,2.4754993459566648,0.86743639781771,0.06834561374321266
1736416380.0,7.47264209377433e-05,8.11130716768008e-05,7.47264209377433e-05,8.02181420648466e-05,1377.83542504586,0.10674405391160924,0.07349102309715352,-0.4468312273955784,0.8688934605727013,0.08546710332050299
1736416440.0,8.02181420648466e-05,8.02181420648466e-05,7.91130645804e-05,7.98432992102093e-05,132.79497951576,0.010627677907692035,-0.004672794021261251,-0.9004377525656613,0.9327493299526154,0.013775904751736625
1736416500.0,7.98432992102093e-05,8.2003678502278e-05,7.98432992102093e-05,8.03211841127976e-05,634.24705140108,0.05079192564339729,0.005985285018472721,3.7792119863395017,0.9283907844602773,0.027057740767711818
1736416560.0,8.03211841127976e-05,8.03211841127976e-05,7.64560327526802e-05,7.64560327526802e-05,689.91154471981,0.05408120593226722,-0.04812119496009241,0.06475990518578664,0.9339474679137956,0.04812119496009241
1736416620.0,7.64560327526802e-05,7.64560327526802e-05,7.51501511292969e-05,7.51501511292969e-05,427.4234733219,0.032400020845956654,-0.017080164590903606,-0.4009005478440084,0.8890047997278312,0.017080164590903606
1736416680.0,7.51501511292969e-05,7.51501511292969e-05,7.41145908677176e-05,7.41145908677176e-05,24.92038571944,0.001859867472439148,-0.013779882621893872,-0.9425967198823192,0.8738204514263765,0.013779882621893872
1736416740.0,7.41145908677176e-05,7.41145908677176e-05,7.41145908677176e-05,7.41145908677176e-05,0.0,0.0,0.0,-1.0,0.8617793081731108,0.0
1736416800.0,7.41145908677176e-05,7.41380836157165e-05,7.41145908677176e-05,7.41380836157165e-05,2.83718536524,0.00021031015920104437,0.000316978718007426,0.0,0.8617793081731108,0.000316978718007426
1736416860.0,7.41380836157165e-05,7.67261509548116e-05,7.41380836157165e-05,7.6346318671931e-05,260.52996213356,0.019602847814846103,0.02978543480649636,92.20922911815646,0.8620524738734208,0.03490874342679199
1736416920.0,7.6346318671931e-05,7.6346318671931e-05,7.6346318671931e-05,7.6346318671931e-05,0.0,0.0,0.0,-1.0,0.8877290816337565,0.0
1736416980.0,7.6346318671931e-05,7.6346318671931e-05,7.58199053257207e-05,7.58199053257207e-05,63.23131778226,0.004810835432661036,-0.00689507176465654,0.0,0.8877290816337565,0.00689507176465654
1736417040.0,7.58199053257207e-05,7.58199053257207e-05,6.70141643281627e-05,6.70141643281627e-05,1106.3038736916,0.07900894227661352,-0.1161402267614121,15.42312304848703,0.881608125908319,0.1161402267614121
1736417100.0,6.70141643281627e-05,6.70141643281627e-05,6.59454175894198e-05,6.6402489872034e-05,152.5102922014,0.01017370645830257,-0.009127539860578966,-0.8712334811079484,0.7792179582506233,0.01594807231362817
1736417160.0,6.6402489872034e-05,6.6402489872034e-05,6.6402489872034e-05,6.6402489872034e-05,0.0,0.0,0.0,-1.0,0.7721056152766118,0.0
1736417220.0,6.6402489872034e-05,6.6402489872034e-05,6.6402489872034e-05,6.6402489872034e-05,0.0,0.0,0.0,0.0,0.7721056152766118,0.0
1736417280.0,6.6402489872034e-05,6.6402489872034e-05,6.1938521968766e-05,6.1938521968766e-05,713.7918176852,0.04580438206270121,-0.06722591143601148,0.0,0.7721056152766118,0.06722591143601148
1736417340.0,6.1938521968766e-05,6.1938521968766e-05,6.1938521968766e-05,6.1938521968766e-05,0.0,0.0,0.0,-1.0,0.7202001115647791,0.0
1736417400.0,6.1938521968766e-05,6.1938521968766e-05,6.1938521968766e-05,6.1938521968766e-05,0.0,0.0,0.0,0.0,0.7202001115647791,0.0
1736417460.0,6.1938521968766e-05,6.41170467458582e-05,6.1938521968766e-05,6.33456051795911e-05,600.03978714605,0.03758773049343943,0.02271741665929101,0.0,0.7202001115647791,0.03517237266641229
1736417520.0,6.33456051795911e-05,6.63337989561404e-05,6.33456051795911e-05,6.36903324445507e-05,766.04206897202,0.048657436245699036,0.005442007602299453,0.2945031691709005,0.7365611975772641,0.04717286650080096
1736417580.0,6.36903324445507e-05,6.40871495637807e-05,6.36903324445507e-05,6.40871495637807e-05,19.183,0.0012255777186829105,0.0062304136907351225,-0.9748121189021495,0.7405695692140384,0.0062304136907351225
1736417640.0,6.40871495637807e-05,6.42000316105037e-05,6.40871495637807e-05,6.42000316105037e-05,3.0517929922,0.00019575296024838644,0.001761383483137445,-0.8402769916062476,0.7451836239970113,0.001761383483137445
1736417700.0,6.42000316105037e-05,6.43507023780118e-05,6.38951220135639e-05,6.43507023780118e-05,26.19258612599,0.0016835380857767109,0.0023468955346035293,7.6003199320230355,0.7464961781242242,0.007096263864975476
1736417760.0,6.43507023780118e-05,6.47284364854115e-05,6.43507023780118e-05,6.47284364854115e-05,81.61432988562,0.005267353710275591,0.005869929828905419,2.1287404513010846,0.7482481266712625,0.005869929828905419
1736417820.0,6.47284364854115e-05,6.6596492829804e-05,6.47284364854115e-05,6.6596492829804e-05,192.43214650497,0.012635569018870188,0.028859902167009944,1.3988457418799558,0.7526402906694328,0.028859902167009944
1736417880.0,6.6596492829804e-05,6.75934974551393e-05,6.65867471618368e-05,6.75934974551393e-05,239.572063804,0.01607408645720129,0.014970827786431298,0.27213000326269093,0.7743614158251025,0.015117166843536065
1736417940.0,6.75934974551393e-05,7.3510454922732e-05,6.75934974551393e-05,7.3510454922732e-05,822.40130148224,0.05802203703992468,0.08753737697209256,2.6096631179889203,0.7859542472258773,0.08753737697209256
1736418000.0,7.3510454922732e-05,7.39267012688575e-05,7.3510454922732e-05,7.39267012688575e-05,58.43152476064,0.004307488921323604,0.005662410150542792,-0.9257611566040047,0.8547546204481061,0.005662410150542792
1736418060.0,7.39267012688575e-05,7.4562153103149e-05,7.39267012688575e-05,7.4562153103149e-05,66.93147669137,0.004969289147664093,0.008595701193003003,0.15363944943986782,0.8595945916871548,0.008595701193003003
1736418120.0,7.4562153103149e-05,7.4562153103149e-05,7.45142641502398e-05,7.45142641502398e-05,19.071,0.0014215181767196889,-0.0006422689114535126,-0.7139393312647343,0.866983409944419,0.0006422689114535126
1736418180.0,7.45142641502398e-05,7.46251649574783e-05,7.42220533778567e-05,7.42220533778567e-05,8.28465694875,0.0006161146832703155,-0.003921541408420001,-0.5665798064629264,0.8664265734534657,0.005409857887193611
1736418240.0,7.42220533778567e-05,7.51386388324755e-05,7.42220533778567e-05,7.51386388324755e-05,62.17689630395,0.004643392135724009,0.012349233319544003,6.536571131655301,0.8630288457683125,0.012349233319544003
1736418300.0,7.51386388324755e-05,7.57328453594344e-05,7.51386388324755e-05,7.57328453594344e-05,90.66209239905,0.006839162220094373,0.007908135364066328,0.47288060542575605,0.8736865903462022,0.007908135364066328
1736418360.0,7.57328453594344e-05,8.18004044177059e-05,7.37098614994127e-05,7.37098614994127e-05,1734.00249731233,0.12956701344917768,-0.026712106885994538,17.944866239390034,0.8805958221684296,0.10683004025393229
1736418420.0,7.37098614994127e-05,7.37098614994127e-05,7.11381856033255e-05,7.12129545801634e-05,331.43976526144,0.024016592071220776,-0.03387480139640727,-0.8146396105622885,0.8570732524433062,0.03488917010253357
1736418480.0,7.12129545801634e-05,7.12129545801634e-05,7.05751797439667e-05,7.05751797439667e-05,63.62873023029,0.004510899474383098,-0.008955882254243173,-0.8121757049873644,0.8280400662346163,0.008955882254243173
1736418540.0,7.05751797439667e-05,7.05751797439667e-05,7.02759876976088e-05,7.02759876976088e-05,18.79381599872,0.0013235654620509356,-0.004239338071023056,-0.706585023770244,0.8206242368996234,0.004239338071023056
1736418600.0,7.02759876976088e-05,7.02759876976088e-05,6.98857115716442e-05,7.01372435942455e-05,57.457792678,0.004033917166407713,-0.0019742746834138835,2.0477655107114554,0.8171453333301306,0.005553477635119404
1736418660.0,7.01372435942455e-05,7.01372435942455e-05,6.93074537761416e-05,6.93074537761416e-05,86.92580147988,0.0060606710405201065,-0.011830944239901478,0.5024282330311854,0.8155320639858671,0.011830944239901478
1736418720.0,6.93074537761416e-05,6.94039699871496e-05,6.90467439926613e-05,6.90467439926613e-05,11.1498107596,0.0007713115614592123,-0.003761641342681135,-0.8727349568550381,0.8058835496109986,0.005154221876944335
1736418780.0,6.90467439926613e-05,6.90467439926613e-05,6.85642707560158e-05,6.85642707560158e-05,95.15395232304,0.006547115968260388,-0.006987631983005435,7.4882896813761874,0.8028521047333952,0.006987631983005435
1736418840.0,6.85642707560158e-05,6.85642707560158e-05,6.62464580688987e-05,6.62464580688987e-05,414.91654667642,0.027967601029482418,-0.03380496374511103,3.2717436448454413,0.7972420696887369,0.03380496374511103
1736418900.0,6.62464580688987e-05,6.62464580688987e-05,6.26504754740476e-05,6.26504754740476e-05,571.06675044942,0.036804376490632604,-0.05428188464221211,0.3159647283238481,0.7702913304268318,0.05428188464221211
1736418960.0,6.26504754740476e-05,6.26504754740476e-05,6.03005761039607e-05,6.03005761039607e-05,23.96569658136,0.0014733037982388453,-0.037508085171042746,-0.959969331402372,0.7284784652877065,0.037508085171042746
1736419020.0,6.03005761039607e-05,6.21701151770318e-05,6.03005761039607e-05,6.21701151770318e-05,584.29445134446,0.03577947268390212,0.031003668519649454,23.285196798292457,0.7011546329664247,0.031003668519649454
1736419080.0,6.21701151770318e-05,6.21701151770318e-05,6.17486333160037e-05,6.17486333160037e-05,179.99855574315,0.011152597879122518,-0.006779493006051293,-0.6882961921308502,0.7228929987879322,0.006779493006051293
1736419140.0,6.17486333160037e-05,6.17486333160037e-05,6.17486333160037e-05,6.17486333160037e-05,0.0,0.0,0.0,-1.0,0.717992150758526,0.0
1736419200.0,6.17486333160037e-05,6.17486333160037e-05,6.12487133627031e-05,6.12487133627031e-05,72.4389008049,0.0044548962976623694,-0.008096048875158397,0.0,0.717992150758526,0.008096048875158397
1736419260.0,6.12487133627031e-05,6.16338462971507e-05,6.12487133627031e-05,6.16338462971507e-05,38.092,0.0023404212312815756,0.006288016732154185,-0.4746406930931992,0.7121792512140048,0.006288016732154185
1736419320.0,6.16338462971507e-05,6.18486240307411e-05,6.14740245158354e-05,6.18486240307411e-05,16.20048353726,0.0010002378638436036,0.0034847368206570965,-0.5726248546737503,0.7166574462619315,0.006077821479770614
1736419380.0,6.18486240307411e-05,6.18486240307411e-05,5.6692785544337e-05,5.81432726754685e-05,1504.75102248257,0.0902789646291459,-0.05991000468225294,89.25749563432029,0.7191548088527185,0.08336221811242639
1736419440.0,5.81432726754685e-05,6.04421781194463e-05,5.81432726754685e-05,6.04421781194463e-05,47.2885854194,0.0028038691097066917,0.03953863169707238,-0.9689421658608446,0.6760702408870874,0.03953863169707238
1736419500.0,6.04421781194463e-05,6.04421781194463e-05,6.00105836716164e-05,6.00105836716164e-05,0.67968647789,4.0935056706945285e-05,-0.007140617053491656,-0.9854005108279724,0.7028011331428731,0.007140617053491656
1736419560.0,6.00105836716164e-05,6.03548526867107e-05,6.00105836716164e-05,6.03548526867107e-05,13.3413,0.0008029156980436747,0.005736804977238247,18.614378545796598,0.6977826993863397,0.005736804977238247
1736419620.0,6.03548526867107e-05,6.12560869184962e-05,6.00189136925093e-05,6.100782232304e-05,342.63240374626,0.02079139253183352,0.010818842350899688,24.894863660646187,0.7017857426492101,0.020498322353776695
1736419680.0,6.100782232304e-05,6.13315202400495e-05,6.08839514867168e-05,6.11714028856885e-05,40.29766551536,0.0024617687751935908,0.002681304731421749,-0.8815967342531581,0.7093782519630409,0.007336251914759294
1736419740.0,6.11714028856885e-05,6.18685124719645e-05,6.11714028856885e-05,6.18685124719645e-05,90.47082125338,0.005565761094676614,0.011396004560802458,1.26087890575301,0.7112803112263971,0.011396004560802458
1736419800.0,6.18685124719645e-05,6.18685124719645e-05,5.70308117054928e-05,5.70308117054928e-05,677.50939024615,0.040277704312074204,-0.07819326137288142,6.23669299255369,0.7193860648971422,0.07819326137288142
1736419860.0,5.70308117054928e-05,5.71678808791856e-05,5.66366710984317e-05,5.66366710984317e-05,70.37966821723,0.0039999398634139515,-0.006911011701822558,-0.9006909670813866,0.6631349222966313,0.009314434861931568
1736419920.0,5.66366710984317e-05,5.75422261529932e-05,5.41563321558575e-05,5.41563321558575e-05,728.72331413774,0.04036872225736952,-0.043793868786240885,9.092332293944736,0.6585519890887521,0.059782715535155434
1736419980.0,5.41563321558575e-05,5.41563321558575e-05,5.39756932527155e-05,5.39756932527155e-05,39.73478977781,0.0021483016489292285,-0.0033355084428934056,-0.9467830159391026,0.6297114496896813,0.0033355084428934056
1736420040.0,5.39756932527155e-05,5.45819352411273e-05,5.39756932527155e-05,5.45819352411273e-05,103.25639758884,0.005604634824530909,0.011231759184145342,1.6088677199146637,0.6276110418326547,0.011231759184145342
1736420100.0,5.45819352411273e-05,5.45819352411273e-05,5.45819352411273e-05,5.45819352411273e-05,0.0,0.0,0.0,-1.0,0.6346602179158297,0.0
1736420160.0,5.45819352411273e-05,5.48871763160104e-05,5.45819352411273e-05,5.48871763160104e-05,3.8248,0.00020934872894187012,0.005592346140433392,0.0,0.6346602179158297,0.005592346140433392
1736420220.0,5.48871763160104e-05,5.48871763160104e-05,5.48871763160104e-05,5.48871763160104e-05,0.0,0.0,0.0,-1.0,0.6382094575359779,0.0
1736420280.0,5.48871763160104e-05,5.48871763160104e-05,5.48871763160104e-05,5.48871763160104e-05,0.0,0.0,0.0,0.0,0.6382094575359779,0.0
1736420340.0,5.48871763160104e-05,5.48871763160104e-05,5.43483346302156e-05,5.43483346302156e-05,82.16589265685,0.004487716633361885,-0.009817260095371691,0.0,0.6382094575359779,0.009817260095371691
1736420400.0,5.43483346302156e-05,5.43483346302156e-05,5.43483346302156e-05,5.43483346302156e-05,0.0,0.0,0.0,-1.0,0.6319439892960211,0.0
1736420460.0,5.43483346302156e-05,5.43483346302156e-05,5.37555846538319e-05,5.37555846538319e-05,75.33647965327,0.004072084357790694,-0.010906497511225558,0.0,0.6319439892960211,0.010906497511225558
1736420520.0,5.37555846538319e-05,5.37555846538319e-05,5.37555846538319e-05,5.37555846538319e-05,0.0,0.0,0.0,-1.0,0.6250516937495302,0.0
1736420580.0,5.37555846538319e-05,5.37555846538319e-05,5.37090351662483e-05,5.37090351662483e-05,9.5515,0.0005132241581057481,-0.0008659470059411276,0.0,0.6250516937495302,0.0008659470059411276
1736420640.0,5.37090351662483e-05,5.37090351662483e-05,5.31232066497612e-05,5.31976425708128e-05,182.510481789,0.009755794630126192,-0.009521537556065943,18.008837514846768,0.6245104321067693,0.010907448154184056
1736420700.0,5.31976425708128e-05,5.3417326174315e-05,5.31976425708128e-05,5.3417326174315e-05,0.56890287,3.032678085203175e-05,0.004129574035348911,-0.9968914084396179,0.6185641325733097,0.004129574035348911
1736420760.0,5.3417326174315e-05,5.36522042884199e-05,5.3417326174315e-05,5.36522042884199e-05,55.88278291648,0.0029916716639092284,0.004397039891858854,97.64784787102785,0.6211185389543826,0.004397039891858854
1736420820.0,5.36522042884199e-05,5.40422557663738e-05,5.36522042884199e-05,5.40422557663738e-05,40.7058900329,0.0021918994240714873,0.0072699991198327514,-0.2673328926720106,0.6238496219477381,0.0072699991198327514
1736420880.0,5.40422557663738e-05,5.48841963390122e-05,5.40422557663738e-05,5.48841963390122e-05,174.77661730204,0.009518898416846019,0.015579301061712361,3.34276240611648,0.6283850081502061,0.015579301061712361
1736420940.0,5.48841963390122e-05,5.59965771868771e-05,5.48841963390122e-05,5.59965771868771e-05,114.00043244075,0.006320228065658123,0.020267780564625134,-0.3360336680898986,0.6381748073748448,0.020267780564625134
1736421000.0,5.59965771868771e-05,6.20275913445678e-05,5.59965771868771e-05,6.06780324244357e-05,881.59855216648,0.05143008345396132,0.08360252488174771,7.137377784421127,0.6511091943325901,0.10770326438995421
1736421060.0,6.06780324244357e-05,6.5981710725438e-05,6.06780324244357e-05,6.58785097157057e-05,594.3166895125,0.037607332580439023,0.08570609631659237,-0.26876780952331164,0.7055435669525151,0.08740689322131774
1736421120.0,6.58785097157057e-05,6.72936996826003e-05,6.42353788792452e-05,6.45246829991837e-05,767.24651497838,0.05002569757627648,-0.020550354316822828,0.3302112684880158,0.7660129518572995,0.046423648873556614
1736421180.0,6.45246829991837e-05,6.76361268361059e-05,6.45075882957107e-05,6.45075882957107e-05,899.0513563611,0.05800331926101411,-0.000264932777325058,0.15947047360156819,0.7502711142853566,0.048485918798466233
1736421240.0,6.45075882957107e-05,6.63996257549581e-05,6.45075882957107e-05,6.63996257549581e-05,287.835,0.018839838978137124,0.029330463426629292,-0.6751937782498598,0.7500723428753022,0.029330463426629292
1736421300.0,6.63996257549581e-05,6.63996257549581e-05,6.44147434343222e-05,6.48976675361395e-05,379.80665268271,0.02493379273559591,-0.022619980184247577,0.32346103194037773,0.7720723122953325,0.029892974517069366
1736421360.0,6.48976675361395e-05,6.56544391144373e-05,6.48976675361395e-05,6.56544391144373e-05,127.07997482853,0.008295279213483431,0.01166099810715657,-0.6673077657519408,0.7546080518904058,0.01166099810715657
1736421420.0,6.56544391144373e-05,6.56544391144373e-05,6.56259959761496e-05,6.56259959761496e-05,9.54527753682,0.0006265540940470675,-0.00043322490712499286,-0.9244685949776537,0.763407534955145,0.00043322490712499286
1736421480.0,6.56259959761496e-05,6.58890354513668e-05,6.52293025826508e-05,6.53199807211583e-05,432.82673395391,0.02833845970915029,-0.004663018830259215,44.22907116623433,0.7630768077967155,0.010052919714251115
1736421540.0,6.53199807211583e-05,6.53199807211583e-05,6.43035903857517e-05,6.43035903857517e-05,53.30219952126,0.0034546107248993752,-0.015560175067188394,-0.8780946191022547,0.7595185662730253,0.015560175067188394
1736421600.0,6.43035903857517e-05,6.43035903857517e-05,6.43035903857517e-05,6.43035903857517e-05,0.0,0.0,0.0,-1.0,0.7477003244150371,0.0
1736421660.0,6.43035903857517e-05,6.43035903857517e-05,6.34265750251391e-05,6.34265750251391e-05,193.12989014844,0.012334256407223708,-0.01363866862412288,0.0,0.7477003244150371,0.01363866862412288
1736421720.0,6.34265750251391e-05,6.34265750251391e-05,6.22985335945985e-05,6.22985335945985e-05,126.52511280948,0.007953691775548213,-0.01778499674771192,-0.3551543349714997,0.7375026874601912,0.01778499674771192
1736421780.0,6.22985335945985e-05,6.24190728874521e-05,6.18852854251589e-05,6.24190728874521e-05,147.76523041453,0.009214462929284444,0.001934865652504688,0.15851395670274535,0.724386204562283,0.00856821872833743
1736421840.0,6.24190728874521e-05,6.24190728874521e-05,6.22215655423979e-05,6.22215655423979e-05,35.77585588245,0.0022295627587814366,-0.003164214652952575,-0.7580366022532173,0.7257877945486387,0.003164214652952575
1736421900.0,6.22215655423979e-05,6.22215655423979e-05,6.22215655423979e-05,6.22215655423979e-05,0.0,0.0,0.0,-1.0,0.7234912461741938,0.0
1736421960.0,6.22215655423979e-05,6.22215655423979e-05,6.20574203660725e-05,6.20574203660725e-05,12.6576525506,0.0007865401114851658,-0.00263807531833252,0.0,0.7234912461741938,0.00263807531833252
1736422020.0,6.20574203660725e-05,6.20574203660725e-05,6.197207651224e-05,6.197207651224e-05,8.9798801802,0.0005568850103888681,-0.001375240113576506,-0.2919814231249528,0.7215826217746321,0.001375240113576506
1736422080.0,6.197207651224e-05,6.197207651224e-05,6.197207651224e-05,6.197207651224e-05,0.0,0.0,0.0,-1.0,0.7205902724079079,0.0
1736422140.0,6.197207651224e-05,6.197207651224e-05,6.17561388060709e-05,6.17561388060709e-05,34.74427925588,0.002149423832425522,-0.0034844355445544724,0.0,0.7205902724079079,0.0034844355445544724
1736422200.0,6.17561388060709e-05,6.20459580364826e-05,6.17561388060709e-05,6.20459580364826e-05,9.6155,0.0005952095310947867,0.0046929622870660785,-0.7230841483584364,0.7180794220496696,0.0046929622870660785
1736422260.0,6.20459580364826e-05,6.90672100405493e-05,6.16215814303015e-05,6.90672100405493e-05,947.5665260151,0.06211922459479352,0.11316211766668594,103.36530557656859,0.7214493416964669,0.12000183164018237
1736422320.0,6.90672100405493e-05,6.90672100405493e-05,6.90672100405493e-05,6.90672100405493e-05,0.0,0.0,0.0,-1.0,0.8030900769920756,0.0
1736422380.0,6.90672100405493e-05,6.9179714913274e-05,6.88428372459514e-05,6.88428372459514e-05,26.49334907516,0.0018268495118665428,-0.003248615290326234,0.0,0.8030900769920756,0.004877534029893756
1736422440.0,6.88428372459514e-05,6.94733624926788e-05,6.88428372459514e-05,6.90916354555444e-05,133.1856442546,0.009185445805833628,0.003614002843957935,4.028025431853226,0.8004811462884498,0.009158908492901657
1736422500.0,6.90916354555444e-05,0.0001006918264334,6.87041363544141e-05,7.06238061504658e-05,7098.18576257804,0.4958630792100427,0.022175921655628518,52.983561570318415,0.803374087427671,0.46297485749295547
1736422560.0,7.06238061504658e-05,7.10835173536302e-05,7.04038146020258e-05,7.10835173536302e-05,109.41801256668,0.007752666851980882,0.0065092952110931525,-0.9843653073257004,0.8211896482506291,0.009624272446549736
1736422620.0,7.10835173536302e-05,7.10835173536302e-05,7.06642026914962e-05,7.10509336865303e-05,30.6744874992,0.002179950720818529,-0.00045838568929837815,-0.7188127953335787,0.8265350140953862,0.005898901429539233
1736422680.0,7.10509336865303e-05,7.1172526029013e-05,7.10509336865303e-05,7.1172526029013e-05,9.585,0.0006816059306867413,0.0017113405295860304,-0.6873296610893976,0.8261561422732208,0.0017113405295860304
1736422740.0,7.1172526029013e-05,7.36651557971111e-05,7.1172526029013e-05,7.36651557971111e-05,331.79646767823,0.024028315608305668,0.03502235914855688,34.252503721756526,0.8275699767632594,0.03502235914855688
1736422800.0,7.36651557971111e-05,7.41575599457132e-05,7.33714865582126e-05,7.41575599457132e-05,181.33140027852,0.013402450019309977,0.006684356304876077,-0.442222657726484,0.8565534297100251,0.010670898323565726
1736422860.0,7.41575599457132e-05,8.23753384786036e-05,7.41575599457132e-05,7.7619429672665e-05,1911.68193485509,0.14507466459007107,0.04668262722622019,9.824488386903173,0.8622789380283706,0.11081511499173105
1736422920.0,7.7619429672665e-05,8.0052879337422e-05,7.7619429672665e-05,8.0052879337422e-05,325.96476130689,0.025697808285589607,0.03135103768501368,-0.8228649477963476,0.90253238425737,0.03135103768501368
1736422980.0,8.0052879337422e-05,8.17387253922267e-05,8.0052879337422e-05,8.17387253922267e-05,133.427113,0.010793693363357084,0.021059155757519713,-0.5799761114487809,0.9308277110481681,0.021059155757519713
1736423040.0,8.17387253922267e-05,8.44984030852387e-05,8.17387253922267e-05,8.44984030852387e-05,306.95285215826,0.02551348036037855,0.03376218163140643,1.3637395932510796,0.950430156798547,0.03376218163140643
1736423100.0,8.44984030852387e-05,9.55883649507141e-05,8.44984030852387e-05,8.68501711188123e-05,2615.87554843347,0.22411327275965753,0.027832100343970066,7.784112147541297,0.9825187523803457,0.13124463256765073
1736423160.0,8.68501711188123e-05,9.84061841492319e-05,8.68501711188123e-05,9.80506229151759e-05,1238.7725402881,0.11452501316338515,0.12896292145517158,-0.4889860303534833,1.0098643128864278,0.13305688269296326
1736423220.0,9.80506229151759e-05,0.0001012713883675,9.702535693032e-05,0.0001011814040894,922.69153854351,0.09191485276199714,0.03193025277292271,-0.19742552108797065,1.140099364949581,0.04330448202101946
1736423280.0,0.0001011814040894,0.0001044333302339,0.0001001971873549,0.000104378080233,1240.09743759119,0.12745689489038733,0.03159351436530313,0.3866844265139846,1.1765030258586697,0.041866812554381024
1736423340.0,0.000104378080233,0.0001068667739659,0.000104378080233,0.0001065353046168,1132.5275017872,0.11943260441871313,0.020667408128071527,-0.0629568959652993,1.213672891106958,0.023843068653347226
1736423400.0,0.0001065353046168,0.0001078963033793,0.000106481484325,0.000106481484325,146.65157238295,0.015619623521140984,-0.0005051873835963533,-0.8692180950322336,1.238756364081442,0.013280283558478679
1736423460.0,0.000106481484325,0.0001080375356134,0.000106481484325,0.0001075064658923,331.76233931125,0.035496571474255376,0.009625913592372316,1.2725625509610503,1.2381305599949586,0.014613350839951269
1736423520.0,0.0001075064658923,0.000121503000924,0.0001075064658923,0.0001174954879614,2356.74546034014,0.2651361666561846,0.09291554685749798,6.469345788746953,1.2500486977815455,0.13019249507952144
1736423580.0,0.0001174954879614,0.0001203342153173,0.000115319012109,0.0001203342153173,1196.14349989469,0.14223922682934992,0.02416030951616276,-0.4635238616322055,1.3661976561344211,0.04268421958422451
1736423640.0,0.0001203342153173,0.0001211620770892,0.00011713290547,0.000117462659037,438.7967778746,0.052172251127658976,-0.02386317368446054,-0.6332077142808706,1.3992054143668848,0.03348317524301628
1736423700.0,0.000117462659037,0.0001490418258543,0.0001168616703804,0.0001469975302824,3654.61474599302,0.4832500538073925,0.25144051298972125,8.262587742762719,1.3658159325436103,0.27396072707466507
1736423760.0,0.0001469975302824,0.0001590030199507,0.0001467801768307,0.0001540715893651,2040.77808905526,0.3072076313338872,0.04812365941869827,-0.3642884694714799,1.70923739127191,0.08314998963940713
1736423820.0,0.0001540715893651,0.000186419129839,0.0001531063621005,0.0001798613632177,4764.99871513261,0.7955950449987403,0.16738825087009743,1.589763286622433,1.7914921493551839,0.21621616208267622
1736423880.0,0.0001798613632177,0.0001838051038238,0.0001700726690367,0.0001702350168798,4460.62949965543,0.7808251203927442,-0.05352092392543749,-0.018564626186201947,2.0913668866832595,0.07635010955898623
1736423940.0,0.0001702350168798,0.0001702350168798,0.0001566261097351,0.0001566261097351,1367.44893764277,0.22348295017313197,-0.0799418791394076,-0.7137861675598716,1.9794349986409057,0.0799418791394076
1736424000.0,0.0001566261097351,0.0001625648817983,0.0001507200005351,0.0001625648817983,2989.33417052389,0.4770842689570971,0.03791687141591004,1.1347680822519146,1.821195245215241,0.07562520248528883
1736424060.0,0.0001625648817983,0.0001630289628496,0.0001491858067989,0.0001565542295,2959.71618809404,0.472250999819881,-0.036973866875858484,-0.010130849939323285,1.890249271151334,0.08515465269968767
1736424120.0,0.0001565542295,0.0001568540622674,0.0001521469786672,0.0001521469786672,551.51005736092,0.08512591051183888,-0.028151592242993385,-0.8197443508974965,1.820359446237596,0.03006679292685614
1736424180.0,0.0001521469786672,0.000156541746209,0.0001439403800271,0.0001461748866075,2122.45039669918,0.3165866806481632,-0.039252123913436944,2.719040169375151,1.769113429371434,0.0828236373294255
1736424240.0,0.0001461748866075,0.0001480040589558,0.0001426146356461,0.0001428371485645,503.08880087341,0.07269935910633264,-0.022833867844634016,-0.7703650736111458,1.699671969824821,0.0368696937947443
1736424300.0,0.0001428371485645,0.0001482161992626,0.0001419213448652,0.0001419213448652,1247.73272717294,0.17765124579634864,-0.006411523252205315,1.443642529730003,1.6608618846866123,0.044070148841969345
1736424360.0,0.0001419213448652,0.0001424119581093,0.0001406501204944,0.0001406501204944,131.93612783654,0.01864069248832131,-0.008957245804057408,-0.8950714226361792,1.6502132300942425,0.012414183480105999
1736424420.0,0.0001406501204944,0.0001412738070086,0.0001351655600743,0.0001384442595909,872.43606550658,0.12174600143330856,-0.015683320396357673,5.531195206915427,1.635431864563181,0.04342866478058366
1736424480.0,0.0001384442595909,0.0001384442595909,0.0001352338910216,0.0001352338910216,182.74226550333,0.025006282630844902,-0.023188889006930235,-0.7946028425044979,1.6097828626448238,0.023188889006930235
1736424540.0,0.0001352338910216,0.0001352338910216,0.0001295142739414,0.0001310415278551,638.23146968698,0.08497267596559623,-0.031000832223561307,2.3980530900975907,1.5724537865176946,0.04229425802209913
1736424600.0,0.0001310415278551,0.0001311851327542,0.000125500798513,0.000125500798513,514.4579885828,0.06599012460484247,-0.042282240086720296,-0.2233959463444393,1.523706410502556,0.04337811329157783
1736424660.0,0.000125500798513,0.000125500798513,0.0001210000440034,0.0001211063522093,507.27781676831,0.06254916850893096,-0.03501528560589047,-0.05214350050884745,1.459280690232012,0.03586235755411387
1736424720.0,0.0001211063522093,0.0001291100972011,0.0001211063522093,0.0001291100972011,725.53873867059,0.09077086354992756,0.0660885646854234,0.45119216951648244,1.408183560084377,0.0660885646854234
1736424780.0,0.0001291100972011,0.0001296036431526,0.0001218197510087,0.0001224952661216,1076.18811752181,0.13538735115632375,-0.051234033765746784,0.49152873357710614,1.5012483903839633,0.06028879470035496
1736424840.0,0.0001224952661216,0.0001600250189621,0.0001206224968001,0.0001232461769166,7050.1868517483,0.8662615453187856,0.006130120932629261,5.398393482996537,1.4243333796602582,0.32166567255656614
1736424900.0,0.0001232461769166,0.0001249857029251,0.0001230309183609,0.0001249857029251,251.92567317126,0.031267991715843796,0.014114239094630313,-0.9639046753433604,1.4330647155259562,0.015860812993191708
1736424960.0,0.0001249857029251,0.0001265818944116,0.0001232874496063,0.000123562388535,502.9091223632,0.06249855127062364,-0.011387817620651674,0.9988028600811933,1.453291333558968,0.026358573246367686
1736425020.0,0.000123562388535,0.0001242136587151,0.000123562388535,0.0001237614408261,79.84060605715,0.009873242214282686,0.0016109456401743499,-0.8420244627506521,1.4367415169027247,0.005270780112149576
1736425080.0,0.0001237614408261,0.0001243832676714,0.0001224199808646,0.0001224199808646,150.68031223622,0.01854734674355561,-0.01083907841203062,0.8785467165714739,1.4390560293854366,0.0158634772970901
1736425140.0,0.0001224199808646,0.0001226020774905,0.0001221373603621,0.0001226020774905,34.41880568585,0.004216683307635594,0.0014874747129832193,-0.7726530179255582,1.4234579882436225,0.0037960888828596473
1736425200.0,0.0001226020774905,0.0001234875758516,0.0001187147566002,0.0001230969220479,956.8766659344,0.11755181975086093,0.004036184113098332,26.877791898195778,1.425575346006129,0.03892935053869561
1736425260.0,0.0001230969220479,0.0001230969220479,0.0001214562092738,0.0001214562092738,110.6505433926,0.013529968434553985,-0.013328625499357,-0.8849020928537783,1.4313292305697034,0.013328625499357
1736425320.0,0.0001214562092738,0.0001215492223299,0.000120957910204,0.000120957910204,61.11620476192,0.0074077154815928815,-0.004102705598827686,-0.45249573068667126,1.412251579289157,0.0048685211685390506
1736425380.0,0.000120957910204,0.0001216130029894,0.000120957910204,0.0001216130029894,13.61541778808,0.001651352163182114,0.005415873871292673,-0.7770767293525934,1.4064575268278543,0.005415873871292673
1736425440.0,0.0001216130029894,0.0001216130029894,0.0001206932517424,0.0001206932517424,42.3492550632,0.0051307446925228555,-0.007562935084171622,2.1069960768610616,1.414074723398484,0.007562935084171622
1736425500.0,0.0001206932517424,0.0001212929144842,0.0001206932517424,0.0001212929144842,9.50402325,0.0011499210749979856,0.0049684860847056984,-0.7758763797633917,1.4033801680612534,0.0049684860847056984
1736425560.0,0.0001212929144842,0.0001212929144842,0.0001206652623873,0.0001206652623873,5.46597984336,0.0006612692588578765,-0.00517468064452984,-0.42494378680812084,1.4103528428978176,0.00517468064452984
1736425620.0,0.0001206652623873,0.0001210702181012,0.0001200657486972,0.0001200657486972,128.1138041402,0.015420482802275974,-0.004968403318725883,22.319521655837665,1.4030547173397168,0.00832442895434102
1736425680.0,0.0001200657486972,0.0001200657486972,0.0001182816054369,0.0001182816054369,139.78763669021,0.016659006672885196,-0.01485971877624759,0.08031680243023409,1.396083775625732,0.01485971877624759
1736425740.0,0.0001182816054369,0.0001182816054369,0.000105366757607,0.000105366757607,1216.62013948424,0.1360475513209458,-0.10918728894654477,7.166606448533436,1.3753383633318517,0.10918728894654477
1736425800.0,0.000105366757607,0.0001053985569812,0.000104897733878,0.0001050532859787,125.73674671062,0.01322876586158639,-0.0029750524303802698,-0.9027636606969957,1.225168896055469,0.00475314145157598
1736425860.0,0.0001050532859787,0.0001054338933849,0.0001049131657533,0.0001054338933849,15.9555649178,0.0016792209273502664,0.003622993823126735,-0.8730629187242342,1.2215239543536327,0.004956795275357438
1736425920.0,0.0001054338933849,0.0001058247100948,0.0001019339561472,0.0001019339561472,713.82478980866,0.07401215580266256,-0.03319556098457849,43.075293844420074,1.2259495280950572,0.03690230743349576
1736425980.0,0.0001019339561472,0.0001019339561472,9.61919183723128e-05,9.61919183723128e-05,482.8567057191,0.04783320354410386,-0.05633096165320309,-0.35371152177162934,1.1852534457711625,0.05633096165320309
1736426040.0,9.61919183723128e-05,9.61919183723128e-05,9.33015712919111e-05,9.33015712919111e-05,44.00243310335,0.004169087301235178,-0.030047712212314465,-0.9128411439683078,1.1184869793681005,0.030047712212314465
1736426100.0,9.33015712919111e-05,9.33015712919111e-05,8.11006546150785e-05,8.11006546150785e-05,1341.66737316754,0.11699488815360133,-0.13076860880145083,27.06247020035757,1.0848790044988268,0.13076860880145083
1736426160.0,8.11006546150785e-05,8.11006546150785e-05,8.05123519656644e-05,8.07293419806862e-05,60.58330174606,0.004902097757662538,-0.004578417229239684,-0.9580998979098417,0.9430108863626123,0.007253981514777129
1736426220.0,8.07293419806862e-05,8.28446906014586e-05,8.03168274161891e-05,8.28446906014586e-05,385.98401932581,0.03156848127669363,0.026202971173460925,5.4397902362001025,0.9386933890731292,0.03131281790794569
1736426280.0,8.28446906014586e-05,8.50369318856819e-05,8.25987949717402e-05,8.50369318856819e-05,320.9861245825,0.026943835695384756,0.02646206133799855,-0.14649566258111868,0.9632899448877307,0.029430213285132168
1736426340.0,8.50369318856819e-05,8.78027643878104e-05,8.50369318856819e-05,8.78027643878104e-05,240.76771620713,0.02080710947085137,0.03252507399780951,-0.22775993343756007,0.9887805824956271,0.03252507399780951
1736426400.0,8.78027643878104e-05,8.84963635052761e-05,8.78027643878104e-05,8.7876943879905e-05,58.5618952587,0.005144068337326461,0.0008448423305554442,-0.752773524619901,1.0209407441088945,0.007899513441310298
1736426460.0,8.7876943879905e-05,9.26447826704441e-05,8.7876943879905e-05,9.26447826704441e-05,435.6624,0.0393232643205344,0.05425585574590473,6.64438995399738,1.0218032780665065,0.05425585574590473
1736426520.0,9.26447826704441e-05,9.3571345922005e-05,9.21599165161174e-05,9.3571345922005e-05,114.2423472721,0.0106368838151623,0.010001245886202556,-0.7295015050516095,1.0772420893219754,0.015234850416869518
1736426580.0,9.3571345922005e-05,9.38036385302537e-05,9.31566265473979e-05,9.35475643531126e-05,51.74402052319,0.004841142366776317,-0.00025415439585777097,-0.5448721212997051,1.088015852336251,0.006914637985384097
1736426640.0,9.35475643531126e-05,9.35475643531126e-05,9.33150731159806e-05,9.33150731159806e-05,21.97711997208,0.0020533513009787763,-0.0024852730131424065,-0.5758539730063571,1.0877393283246168,0.0024852730131424065
1736426700.0,9.33150731159806e-05,9.33150731159806e-05,9.20275456073363e-05,9.20275456073363e-05,188.70312847856,0.017487365996749413,-0.013797637033880416,7.516499825633181,1.085035999126598,0.013797637033880416
1736426760.0,9.20275456073363e-05,9.20275456073363e-05,8.49633447600712e-05,8.49633447600712e-05,1419.92061398192,0.12565650685984797,-0.07676180865897113,6.1855593851701425,1.0700650662419555,0.07676180865897113
1736426820.0,8.49633447600712e-05,8.49633447600712e-05,7.08331678457163e-05,7.16326377978296e-05,1116.36145348334,0.08740885934899495,-0.15689950766281996,-0.3043825462497764,0.9879249363744412,0.1663090942836261
1736426880.0,7.16326377978296e-05,7.16326377978296e-05,7.15043526533772e-05,7.15043526533772e-05,46.4913533029,0.00332731619689044,-0.0017908756175426658,-0.9619338792237803,0.8329200002494687,0.0017908756175426658
1736426940.0,7.15043526533772e-05,7.15043526533772e-05,7.11292182659762e-05,7.11292182659762e-05,51.18937647555,0.0036506617799214208,-0.005246315412706263,0.09717909687488221,0.8314283441296583,0.005246315412706263
1736427000.0,7.11292182659762e-05,7.11292182659762e-05,7.06865215381442e-05,7.06865215381442e-05,106.25145523876,0.007534064364974568,-0.006223837947671767,1.0637530451086423,0.82706640879329,0.006223837947671767
1736427060.0,7.06865215381442e-05,7.06865215381442e-05,6.9816620792833e-05,6.9816620792833e-05,63.61435114712,0.004469008116758281,-0.012306458521116673,-0.4068263953870048,0.8219188814929977,0.012306458521116673
1736427120.0,6.9816620792833e-05,6.9966405096056e-05,6.96771726961562e-05,6.9966405096056e-05,19.3270663071,0.0013507979049808168,0.0021453960607381787,-0.6977410043370752,0.8118039708701815,0.0041427441863455955
1736427180.0,6.9966405096056e-05,7.20446399912868e-05,6.9966405096056e-05,7.19676696739e-05,303.32839129599,0.021526317285027755,0.028603221433150583,14.936001385294906,0.8135456119113781,0.029703325365618295
1736427240.0,7.19676696739e-05,7.19676696739e-05,7.18632562022556e-05,7.18632562022556e-05,10.16145096967,0.0007307654506063975,-0.0014508385795665895,-0.9660524630883023,0.8368156371948472,0.0014508385795665895
1736427300.0,7.18632562022556e-05,7.25524917158722e-05,7.18632562022556e-05,7.25524917158722e-05,49.20503685097,0.0035529910990859358,0.009590930748765002,3.8620129702870094,0.8356015527844203,0.009590930748765002
1736427360.0,7.25524917158722e-05,7.26198208777861e-05,7.03640387445183e-05,7.03640387445183e-05,646.8498842672,0.04622277059408668,-0.030163718979139203,12.009537402437688,0.8436157494107361,0.0310917251760536
1736427420.0,7.03640387445183e-05,7.03640387445183e-05,6.96199917340907e-05,6.96199917340907e-05,21.41210732661,0.0014986765423097106,-0.010574251047884469,-0.9675770940805215,0.8181691610191348,0.010574251047884469
1736427480.0,6.96199917340907e-05,6.96199917340907e-05,6.90967752415028e-05,6.90967752415028e-05,36.86697652694,0.0025570338959911053,-0.00751531965970756,0.7061946482796678,0.8095176349108815,0.00751531965970756
1736427540.0,6.90967752415028e-05,6.90967752415028e-05,6.89520378514459e-05,6.89520378514459e-05,15.26784383124,0.0010538538596955903,-0.002094705426570678,-0.5878608174307689,0.8034338511143557,0.002094705426570678
1736427600.0,6.89520378514459e-05,6.94036301122959e-05,6.87400232464065e-05,6.87400232464065e-05,131.90878742296,0.009081396408592915,-0.0030748127487713515,7.6173204425290155,0.801750893866536,0.009624180612603664
1736427660.0,6.87400232464065e-05,6.87546383029052e-05,6.84301450950037e-05,6.84301450950037e-05,43.25961634974,0.002966964428539328,-0.004507972746706972,-0.6732920472745849,0.7992856599967363,0.004720586240396181
1736427720.0,6.84301450950037e-05,6.84301450950037e-05,6.81756267625812e-05,6.81756267625812e-05,28.63164075778,0.001955623692632812,-0.0037193890509679257,-0.3408671590998519,0.7956825020246373,0.0037193890509679257
1736427780.0,6.81756267625812e-05,6.93217828711559e-05,6.81655048857396e-05,6.93217828711559e-05,115.80317710032,0.007961318439325451,0.016811816231131243,3.070986902703816,0.7927230492385601,0.01696028390678377
1736427840.0,6.93217828711559e-05,7.05713261152325e-05,6.93217828711559e-05,7.05713261152325e-05,215.20419724764,0.015052792109946166,0.0180252612140551,0.8907411158925534,0.8060501634645407,0.0180252612140551
1736427900.0,7.05713261152325e-05,7.05713261152325e-05,7.00589305967116e-05,7.00710843362548e-05,91.63392031185,0.006443807715889044,-0.007088456551898658,-0.5719194373493482,0.820579428212621,0.00726067578330942
1736427960.0,7.00710843362548e-05,7.00710843362548e-05,6.96029920439442e-05,6.96029920439442e-05,38.2425069173,0.002670743416068624,-0.0066802490177594225,-0.5855333470793759,0.8147627865883539,0.0066802490177594225
1736428020.0,6.96029920439442e-05,7.12190877211449e-05,6.92331030416107e-05,6.92331030416107e-05,406.19877456364,0.0281975258444767,-0.005314268704137954,9.557931426443016,0.8093199682835401,0.028533036026387203
1736428080.0,6.92331030416107e-05,7.03806706794404e-05,6.92331030416107e-05,6.9797236928027e-05,222.71012067353,0.015481731895959958,0.008148325896605212,-0.4509542439521338,0.8050190245044571,0.016575418223562472
1736428140.0,6.9797236928027e-05,7.11773935549413e-05,6.9797236928027e-05,7.11773935549413e-05,299.99170888854,0.02114561015425806,0.0197738003344957,0.3658426780905644,0.8115785818690865,0.0197738003344957
1736428200.0,7.11773935549413e-05,7.25369349861243e-05,7.11773935549413e-05,7.25369349861243e-05,18.982,0.0013639926921832535,0.019100747629000884,-0.9354952312923168,0.827626574702719,0.019100747629000884
1736428260.0,7.25369349861243e-05,7.35048885352911e-05,7.25369349861243e-05,7.35048885352911e-05,118.13823910596,0.008626561933321694,0.013344285216241338,5.324492779733096,0.8434348610371701,0.013344285216241338
1736428320.0,7.35048885352911e-05,7.36754100751394e-05,7.35048885352911e-05,7.36754100751394e-05,23.9435815764,0.0017620117431088771,0.0023198666543985274,-0.7957457725652232,0.854689896384171,0.0023198666543985274
1736428380.0,7.36754100751394e-05,7.36754100751394e-05,7.36754100751394e-05,7.36754100751394e-05,0.0,0.0,0.0,-1.0,0.856672662974644,0.0
1736428440.0,7.36754100751394e-05,7.36754100751394e-05,7.36754100751394e-05,7.36754100751394e-05,0.0,0.0,0.0,0.0,0.856672662974644,0.0
1736428500.0,7.36754100751394e-05,7.36754100751394e-05,7.32756131551532e-05,7.32756131551532e-05,2.95410634435,0.0002170544750166658,-0.005426463450674491,0.0,0.856672662974644,0.005426463450674491
1736428560.0,7.32756131551532e-05,7.32756131551532e-05,7.17136621538683e-05,7.17136621538683e-05,240.7996512811,0.01745668346695589,-0.02131610960358177,79.4253561951005,0.8520239600798201,0.02131610960358177
1736428620.0,7.17136621538683e-05,7.17136621538683e-05,7.11641874893499e-05,7.11641874893499e-05,59.87490729746,0.0042773990011240595,-0.007662063936149941,-0.7549706959388457,0.8338621239618809,0.007662063936149941
1736428680.0,7.11641874893499e-05,7.11641874893499e-05,6.93191713930795e-05,6.93191713930795e-05,269.4008840552,0.018923170538985207,-0.025926187895372477,3.4239900308604314,0.8274730190541512,0.025926187895372477
1736428740.0,6.93191713930795e-05,6.93191713930795e-05,6.89892564156062e-05,6.89892564156062e-05,0.19584915168,1.3543794128262807e-05,-0.004759361239367676,-0.9992842745828263,0.8060197980838021,0.004759361239367676
1736428800.0,6.89892564156062e-05,6.93206419082809e-05,6.4922983293172e-05,6.4922983293172e-05,975.73694939758,0.06533156013022036,-0.058940671833569144,4822.726609509539,0.8021836586986391,0.06374410804801926
1736428860.0,6.4922983293172e-05,6.4922983293172e-05,6.4922983293172e-05,6.4922983293172e-05,0.0,0.0,0.0,-1.0,0.7549024149210307,0.0
1736428920.0,6.4922983293172e-05,6.4922983293172e-05,5.99236160339181e-05,6.03643578840452e-05,362.2920932194,0.02269530654449357,-0.07021589547944003,0.0,0.7549024149210307,0.07700458305617763
1736428980.0,6.03643578840452e-05,6.03643578840452e-05,5.9036540663898e-05,5.9036540663898e-05,239.89889731686,0.014322071950146922,-0.021996709096083242,-0.3689412424516556,0.7018962658577588,0.021996709096083242
1736429040.0,5.9036540663898e-05,5.9036540663898e-05,5.80706522369107e-05,5.83747748087175e-05,19.33530251156,0.001135091651471613,-0.011209428054872198,-0.9207452905262099,0.6864568578820586,0.01636085746429855
1736429100.0,5.83747748087175e-05,5.83747748087175e-05,5.38360360007713e-05,5.38360360007713e-05,570.03177682576,0.03198186393239604,-0.07775171420906964,27.175578501465054,0.678762069120856,0.07775171420906964
1736429160.0,5.38360360007713e-05,5.49438524989385e-05,5.37562604302783e-05,5.49438524989385e-05,307.18025843367,0.016707517130863332,0.020577601555793048,-0.47759401496485493,0.6259871547066145,0.022059426304031467
1736429220.0,5.49438524989385e-05,5.6011194966578e-05,5.49438524989385e-05,5.6011194966578e-05,18.91,0.0010490799737864584,0.01942605804098142,-0.937209103808218,0.6388684689552118,0.01942605804098142
1736429280.0,5.6011194966578e-05,5.71664736901101e-05,5.6011194966578e-05,5.71664736901101e-05,146.3554842084,0.00828208624891372,0.020625853889056592,6.894618576142556,0.6512791649136886,0.020625853889056592
1736429340.0,5.71664736901101e-05,5.71664736901101e-05,5.71664736901101e-05,5.71664736901101e-05,0.0,0.0,0.0,-1.0,0.6647123538101851,0.0
1736429400.0,5.71664736901101e-05,5.71664736901101e-05,5.71664736901101e-05,5.71664736901101e-05,0.0,0.0,0.0,0.0,0.6647123538101851,0.0
1736429460.0,5.71664736901101e-05,5.89334888387978e-05,5.71664736901101e-05,5.89334888387978e-05,378.4187285381,0.021967200101755194,0.030909990325210475,0.0,0.6647123538101851,0.030909990325210475
1736429520.0,5.89334888387978e-05,5.97407435632058e-05,5.89334888387978e-05,5.97407435632058e-05,3.43234109988,0.0002036652226850539,0.013697725017028943,-0.9907286672064876,0.6852586062355058,0.013697725017028943
1736429580.0,5.97407435632058e-05,5.97407435632058e-05,5.97407435632058e-05,5.97407435632058e-05,0.0,0.0,0.0,-1.0,0.6946450901892723,0.0
1736429640.0,5.97407435632058e-05,6.02896994797648e-05,5.97407435632058e-05,5.99452854458784e-05,105.55295086772,0.006316606769774188,0.003423825524638666,0.0,0.6946450901892723,0.00918897027082032
1736429700.0,5.99452854458784e-05,5.99452854458784e-05,5.79002696335758e-05,5.79002696335758e-05,0.1868328,1.1008707511524324e-05,-0.034114706387526325,-0.9982571801739817,0.6970234337796273,0.034114706387526325
1736429760.0,5.79002696335758e-05,5.79002696335758e-05,5.79002696335758e-05,5.79002696335758e-05,0.0,0.0,0.0,-1.0,0.6732446839910099,0.0
1736429820.0,5.79002696335758e-05,5.79002696335758e-05,5.79002696335758e-05,5.79002696335758e-05,0.0,0.0,0.0,0.0,0.6732446839910099,0.0
1736429880.0,5.79002696335758e-05,5.79002696335758e-05,5.79002696335758e-05,5.79002696335758e-05,0.0,0.0,0.0,0.0,0.6732446839910099,0.0
1736429940.0,5.79002696335758e-05,5.79002696335758e-05,5.79002696335758e-05,5.79002696335758e-05,0.0,0.0,0.0,0.0,0.6732446839910099,0.0
1736430000.0,5.79002696335758e-05,5.79002696335758e-05,5.79002696335758e-05,5.79002696335758e-05,0.0,0.0,0.0,0.0,0.6732446839910099,0.0
1736430060.0,5.79002696335758e-05,5.79002696335758e-05,5.70837481927945e-05,5.70837481927945e-05,8.7967205424,0.0005057411358304597,-0.01410220446206365,0.0,0.6732446839910099,0.01410220446206365
1736430120.0,5.70837481927945e-05,5.70837481927945e-05,5.70837481927945e-05,5.70837481927945e-05,0.0,0.0,0.0,-1.0,0.6637504498043713,0.0
1736430180.0,5.70837481927945e-05,5.73844778131385e-05,5.70837481927945e-05,5.73844778131385e-05,3.7442,0.00021429596590570718,0.005268217835456734,0.0,0.6637504498043713,0.005268217835456734
1736430240.0,5.73844778131385e-05,5.73844778131385e-05,5.71372559651749e-05,5.71372559651749e-05,11.0296988329,0.0006315701166981739,-0.004308165855732398,1.9471862152368862,0.667247231762323,0.004308165855732398
1736430300.0,5.71372559651749e-05,5.71607819117887e-05,5.71372559651749e-05,5.71607819117887e-05,1.95788097491,0.0001118909769144248,0.00041174442518096814,-0.8228368094751113,0.6643726200211126,0.00041174442518096814
1736430360.0,5.71607819117887e-05,5.71607819117887e-05,5.64561545533687e-05,5.64561545533687e-05,176.64180845181,0.0100347505639799,-0.012327111961263765,88.68328671984484,0.6646461717436493,0.012327111961263765
1736430420.0,5.64561545533687e-05,5.64561545533687e-05,5.54056595531354e-05,5.54056595531354e-05,83.91524193945,0.004693455597266536,-0.018607271581705997,-0.5322797943664026,0.6564530039699399,0.018607271581705997
1736430480.0,5.54056595531354e-05,5.54056595531354e-05,5.4129906568874e-05,5.4129906568874e-05,141.99942738616,0.007776993833872101,-0.02302567994949904,0.6569867707710744,0.6442382046444445,0.02302567994949904
1736430540.0,5.4129906568874e-05,5.4129906568874e-05,5.39214717514512e-05,5.39214717514512e-05,17.55506762424,0.0009484246266528243,-0.0038506406279788558,-0.878047398916271,0.6294041819330617,0.0038506406279788558
1736430600.0,5.39214717514512e-05,5.39214717514512e-05,5.35370255329112e-05,5.35370255329112e-05,69.15906949381,0.0037158648406948056,-0.007129742680468492,2.9179337358718938,0.6269805726186904,0.007129742680468492
1736430660.0,5.35370255329112e-05,5.35994467793556e-05,5.35370255329112e-05,5.35994467793556e-05,3.6944554086,0.00019790545979618912,0.001165945358806396,-0.9467404041102895,0.6225103624702664,0.001165945358806396
1736430720.0,5.35994467793556e-05,5.35994467793556e-05,5.35994467793556e-05,5.35994467793556e-05,0.0,0.0,0.0,-1.0,0.6232361755381974,0.0
1736430780.0,5.35994467793556e-05,5.35994467793556e-05,5.35994467793556e-05,5.35994467793556e-05,0.0,0.0,0.0,0.0,0.6232361755381974,0.0
1736430840.0,5.35994467793556e-05,5.35994467793556e-05,5.35994467793556e-05,5.35994467793556e-05,0.0,0.0,0.0,0.0,0.6232361755381974,0.0
1736430900.0,5.35994467793556e-05,5.78136457830614e-05,5.31983559306e-05,5.78136457830614e-05,598.14791779653,0.033320754665740894,0.07862392724040108,0.0,0.6232361755381974,0.08610704269878833
1736430960.0,5.78136457830614e-05,5.78136457830614e-05,5.66383818803544e-05,5.66383818803544e-05,153.48468957358,0.008783316968493082,-0.02032848623864743,-0.7364010192265018,0.6722374512572985,0.02032848623864743
1736431020.0,5.66383818803544e-05,5.66383818803544e-05,5.66383818803544e-05,5.66383818803544e-05,0.0,0.0,0.0,-1.0,0.6585718814803111,0.0
1736431080.0,5.66383818803544e-05,5.80450817780511e-05,5.66383818803544e-05,5.80450817780511e-05,272.37277461604,0.015618326599608847,0.02483651282037464,0.0,0.6585718814803111,0.02483651282037464
1736431140.0,5.80450817780511e-05,5.88787307603296e-05,5.80450817780511e-05,5.88787307603296e-05,7.0477350895,0.00041202402821243286,0.01436209506028703,-0.9736191950152489,0.6749285104578351,0.01436209506028703
1736431200.0,5.88787307603296e-05,5.88787307603296e-05,5.85639086513109e-05,5.85639086513109e-05,8.34914342073,0.000490272720078432,-0.005346958145212241,0.18991293348953772,0.6846218978839285,0.005346958145212241
1736431260.0,5.85639086513109e-05,5.87408468473878e-05,5.63696289629343e-05,5.63696289629343e-05,610.67850708334,0.03509372058203708,-0.03746812224302384,70.57999852902873,0.6809612532506474,0.04048940617286511
1736431320.0,5.63696289629343e-05,5.63696289629343e-05,5.45731093175658e-05,5.45731093175658e-05,4.95922989024,0.00027509527189286477,-0.031870347178438965,-0.9921611254854045,0.6554469137710894,0.031870347178438965
1736431380.0,5.45731093175658e-05,5.45731093175658e-05,5.35728668385163e-05,5.35728668385163e-05,206.246709428,0.011152375860035441,-0.01832848616392732,39.540049210219465,0.6345575930721684,0.01832848616392732
1736431440.0,5.35728668385163e-05,5.35728668385163e-05,5.18713929216134e-05,5.18713929216134e-05,251.91281186148,0.01328137998541329,-0.031759993767584205,0.19090139644657594,0.6229271130073302,0.031759993767584205
1736431500.0,5.18713929216134e-05,5.18713929216134e-05,5.18713929216134e-05,5.18713929216134e-05,0.0,0.0,0.0,-1.0,0.6031429517805581,0.0
1736431560.0,5.18713929216134e-05,5.18713929216134e-05,5.08324098245253e-05,5.08324098245253e-05,14.46533148984,0.000742822275995018,-0.020029982589019463,0.0,0.6031429517805581,0.020029982589019463
1736431620.0,5.08324098245253e-05,5.08324098245253e-05,5.07023912778e-05,5.07023912778e-05,10.14047825556,0.0005148057213803696,-0.002557788371122416,-0.30695976949428166,0.5910620089577038,0.002557788371122416
1736431680.0,5.07023912778e-05,5.15464288876232e-05,5.07023912778e-05,5.15464288876232e-05,159.17322159317,0.008137637054915547,0.016646899456845995,14.807200108607512,0.5895501974245795,0.016646899456845995
1736431740.0,5.15464288876232e-05,5.15464288876232e-05,5.03411496791732e-05,5.03411496791732e-05,254.39329155638,0.012959758240158306,-0.023382399798784103,0.5925701960779821,0.5993643802858701,0.023382399798784103
1736431800.0,5.03411496791732e-05,5.04597757339855e-05,5.02240643411848e-05,5.02240643411848e-05,6.61155674326,0.0003324463094468415,-0.0023258375848504696,-0.9743478000680065,0.5853498027208754,0.004682280684944632
1736431860.0,5.02240643411848e-05,5.02240643411848e-05,5.02092513011263e-05,5.02092513011263e-05,14.39355237176,0.0007227960942835538,-0.0002949390944920523,1.1741739154398092,0.5839883741494225,0.0002949390944920523
1736431920.0,5.02092513011263e-05,5.02092513011263e-05,5.00754163032886e-05,5.00754163032886e-05,20.66188650195,0.0010360352099641013,-0.002665544583308625,0.43337134519388176,0.583816133147157,0.002665544583308625
1736431980.0,5.00754163032886e-05,5.06024604831638e-05,4.99989251520261e-05,5.06024604831638e-05,42.50142135398,0.0021394764311625475,0.010525008452912049,1.065061506197922,0.5822599452157984,0.012052527481395433
1736432040.0,5.06024604831638e-05,5.06024604831638e-05,5.06024604831638e-05,5.06024604831638e-05,0.0,0.0,0.0,-1.0,0.5883882360609868,0.0
1736432100.0,5.06024604831638e-05,5.06024604831638e-05,4.91013092031332e-05,4.91013092031332e-05,370.55807647698,0.018473018556229022,-0.029665578821608026,0.0,0.5883882360609868,0.029665578821608026
1736432160.0,4.91013092031332e-05,4.91013092031332e-05,4.84225597364714e-05,4.84225597364714e-05,111.038085,0.005414431824422337,-0.013823449469622103,-0.7069005366967158,0.5709333584664126,0.013823449469622103
1736432220.0,4.84225597364714e-05,4.92194564119993e-05,4.84225597364714e-05,4.90931058521553e-05,84.20256879628,0.004105534770220687,0.013847803985026722,-0.2417422726236461,0.5630410900351305,0.016457136505480623
1736432280.0,4.90931058521553e-05,4.90931058521553e-05,4.90882106368266e-05,4.90882106368266e-05,2.228851653,0.00010941579477509174,-9.971288725229907e-05,-0.9733491978758201,0.5708379726854528,9.971288725229907e-05
1736432340.0,4.90882106368266e-05,5.01492629341141e-05,4.90882106368266e-05,5.01492629341141e-05,195.59630299699,0.009705241474618752,0.021615216434299738,87.70055273617707,0.570781052783043,0.021615216434299738
1736432400.0,5.01492629341141e-05,5.08415546110539e-05,5.01492629341141e-05,5.08415546110539e-05,12.24044271563,0.000618086158483135,0.01380462316762912,-0.9363141906258015,0.583118608775546,0.01380462316762912
1736432460.0,5.08415546110539e-05,5.08415546110539e-05,5.06273516912027e-05,5.06273516912027e-05,1.71121337768,8.681747494148996e-05,-0.0042131465390837335,-0.8595382314424391,0.5911683414317246,0.0042131465390837335
1736432520.0,5.06273516912027e-05,5.06273516912027e-05,5.05650574359274e-05,5.05650574359274e-05,7.38707374272,0.0003737578942128012,-0.001230446649772566,3.305099802369197,0.5886776625800056,0.001230446649772566
1736432580.0,5.05650574359274e-05,5.05650574359274e-05,5.0420492944488e-05,5.0420492944488e-05,9.63130561492,0.00048631134920234067,-0.0028589800698354657,0.3011400072942848,0.5879533261222881,0.0028589800698354657
1736432640.0,5.0420492944488e-05,5.10324756178474e-05,5.0420492944488e-05,5.10324756178474e-05,99.0229288096,0.005023085041735363,0.012137578147702452,9.328948830773424,0.586272379280911,0.012137578147702452
1736432700.0,5.10324756178474e-05,5.49582483264e-05,5.10324756178474e-05,5.49582483264e-05,791.024378764,0.041920623281372464,0.07692695016307721,7.345592983806986,0.5933883061002725,0.07692695016307721
1736432760.0,5.49582483264e-05,5.99762932185192e-05,5.49582483264e-05,5.99762932185192e-05,703.9531135861,0.04045426418956842,0.09130649256353215,-0.034979420080703434,0.639035858751001,0.09130649256353215
1736432820.0,5.99762932185192e-05,6.24634048167621e-05,5.89686859038391e-05,6.18210435198159e-05,718.30362084975,0.04374373399450119,0.030757991237896146,0.08131330209142688,0.6973839816358797,0.05826833779457251
1736432880.0,6.18210435198159e-05,6.23590790712696e-05,6.18210435198159e-05,6.23590790712696e-05,96.31259084976,0.005980054669394128,0.008703113386968874,-0.8632934566092174,0.7188341120324852,0.008703113386968874
1736432940.0,6.23590790712696e-05,6.58731436293078e-05,6.23590790712696e-05,6.5699621041645e-05,417.5328904368,0.0267343596018623,0.05356945644687167,3.4705878256746607,0.725090206815925,0.056352091954757905
1736433000.0,6.5699621041645e-05,6.5699621041645e-05,6.5699621041645e-05,6.5699621041645e-05,0.0,0.0,0.0,-1.0,0.7639328950700038,0.0
1736433060.0,6.5699621041645e-05,6.64541263143609e-05,5.9435049479223e-05,5.9435049479223e-05,1514.15755265335,0.09473680323398039,-0.09535171532345789,0.0,0.7639328950700038,0.10683588008352017
1736433120.0,5.9435049479223e-05,5.9435049479223e-05,5.79333532149878e-05,5.83314662879374e-05,108.73365579632,0.006402591894879155,-0.018567885464138217,-0.9324170578242326,0.6910905831330638,0.025266173367284872
1736433180.0,5.83314662879374e-05,5.84654318697859e-05,5.8104103908711e-05,5.84654318697859e-05,19.3652899893,0.0011309029013375253,0.002296626338642264,-0.8233679547431361,0.6782584923401046,0.006194391879184121
1736433240.0,5.84654318697859e-05,5.85381537586918e-05,5.82303048828448e-05,5.85381537586918e-05,33.05401367492,0.0019337190596891874,0.001243844209820703,0.7098895558603369,0.6798161986580207,0.00526548536462785
1736433300.0,5.85381537586918e-05,5.85381537586918e-05,5.74890423308419e-05,5.74890423308419e-05,224.22351765216,0.013008013025256096,-0.01792184003914076,5.72694048294012,0.6806617841004637,0.01792184003914076
1736433360.0,5.74890423308419e-05,5.9180995694392e-05,5.65028256703654e-05,5.9180995694392e-05,436.9988811615,0.025492338041048435,0.02943088447730839,0.9597411219955749,0.6684630724850591,0.046585747743267014
1736433420.0,5.9180995694392e-05,5.9180995694392e-05,5.9180995694392e-05,5.9180995694392e-05,0.0,0.0,0.0,-1.0,0.6881365319487135,0.0
1736433480.0,5.9180995694392e-05,6.02814736062838e-05,5.9180995694392e-05,6.02814736062838e-05,93.491,0.00558433285869474,0.01859512329894923,0.0,0.6881365319487135,0.01859512329894923
1736433540.0,6.02814736062838e-05,6.05047369041436e-05,6.00210230985784e-05,6.00210230985784e-05,180.3747307698,0.010849765227037136,-0.004320573007330255,0.9428937174015657,0.7009325156068111,0.008024253168137083
1736433600.0,6.00210230985784e-05,6.00210230985784e-05,6.00210230985784e-05,6.00210230985784e-05,0.0,0.0,0.0,-1.0,0.6979040854999202,0.0
1736433660.0,6.00210230985784e-05,6.00210230985784e-05,6.00210230985784e-05,6.00210230985784e-05,0.0,0.0,0.0,0.0,0.6979040854999202,0.0
1736433720.0,6.00210230985784e-05,6.00210230985784e-05,6.00210230985784e-05,6.00210230985784e-05,0.0,0.0,0.0,0.0,0.6979040854999202,0.0
1736433780.0,6.00210230985784e-05,6.38682138845198e-05,6.00210230985784e-05,6.38682138845198e-05,407.80623,0.025261401335826928,0.06409738767069634,0.0,0.6979040854999202,0.06409738767069634
1736433840.0,6.38682138845198e-05,6.38682138845198e-05,6.38682138845198e-05,6.38682138845198e-05,0.0,0.0,0.0,-1.0,0.7426379142251714,0.0
1736433900.0,6.38682138845198e-05,6.40639633703217e-05,6.38682138845198e-05,6.40639633703217e-05,18.672,0.0011943748068512002,0.0030648968226327303,0.0,0.7426379142251714,0.0030648968226327303
1736433960.0,6.40639633703217e-05,6.80380355670788e-05,6.40639633703217e-05,6.74625800802519e-05,782.97678353025,0.05149111496989089,0.053050366089348905,42.11135388533513,0.7449140228088468,0.062032880697452046
1736434020.0,6.74625800802519e-05,6.78538753014436e-05,6.74625800802519e-05,6.78538753014436e-05,28.062,0.0018986251854605698,0.005800181681848396,-0.9631271300578599,0.7844319844239457,0.005800181681848396
1736434080.0,6.78538753014436e-05,6.78538753014436e-05,6.47116634396296e-05,6.47116634396296e-05,377.14155547504,0.02499798674159751,-0.046308509983469553,12.166362130360913,0.7889818324506574,0.046308509983469553
1736434140.0,6.47116634396296e-05,6.47116634396296e-05,6.47116634396296e-05,6.47116634396296e-05,0.0,0.0,0.0,-1.0,0.7524452593858401,0.0
1736434200.0,6.47116634396296e-05,6.47116634396296e-05,6.47116634396296e-05,6.47116634396296e-05,0.0,0.0,0.0,0.0,0.7524452593858401,0.0
1736434260.0,6.47116634396296e-05,6.49584277418324e-05,6.47116634396296e-05,6.49584277418324e-05,3.15737226,0.00020470837442400938,0.003813289430165951,0.0,0.7524452593858401,0.003813289430165951
1736434320.0,6.49584277418324e-05,6.50276203243351e-05,6.45918985302273e-05,6.50276203243351e-05,35.02182624413,0.002276174394767224,0.0010651825314752185,10.119107370041531,0.7553145509402346,0.006707702283674462
1736434380.0,6.50276203243351e-05,6.50276203243351e-05,6.50276203243351e-05,6.50276203243351e-05,0.0,0.0,0.0,-1.0,0.7561190988056652,0.0
1736434440.0,6.50276203243351e-05,6.50276203243351e-05,6.47073604721725e-05,6.47073604721725e-05,18.66781402883,0.0012109342472715176,-0.004924981885624192,0.0,0.7561190988056652,0.004924981885624192
1736434500.0,6.47073604721725e-05,6.57207107781319e-05,6.4615448394916e-05,6.57207107781319e-05,119.3380819074,0.007782517924946515,0.01566051062143369,5.426870775586799,0.7523952259406728,0.017080937549465023
1736434560.0,6.57207107781319e-05,6.60541433362312e-05,6.57207107781319e-05,6.57827348426794e-05,21.62018393339,0.0014215643410982449,0.0009437521872958723,-0.8173387642909908,0.7641781193680327,0.005073477662543124
1736434620.0,6.57827348426794e-05,6.57827348426794e-05,6.5767103584525e-05,6.5767103584525e-05,1.10837299671,7.290314431713843e-05,-0.00023761946340144724,-0.9487162541930277,0.7648993141396699,0.00023761946340144724
1736434680.0,6.5767103584525e-05,6.5767103584525e-05,6.5767103584525e-05,6.5767103584525e-05,0.0,0.0,0.0,-1.0,0.7647175591750879,0.0
1736434740.0,6.5767103584525e-05,6.58840916842105e-05,6.31153537653371e-05,6.31153537653371e-05,365.04689458104,0.023524070410770252,-0.04032030718488043,0.0,0.7647175591750879,0.04209913114563374
1736434800.0,6.31153537653371e-05,6.31153537653371e-05,6.24500687433732e-05,6.27871423881173e-05,80.2706281038,0.0050531362230370235,-0.005200182802430223,-0.7851929476999229,0.7338839122794764,0.010540779418545717
1736434860.0,6.27871423881173e-05,6.27871423881173e-05,6.27871423881173e-05,6.27871423881173e-05,0.0,0.0,0.0,-1.0,0.7300675817798604,0.0
1736434920.0,6.27871423881173e-05,6.27871423881173e-05,6.23992181829778e-05,6.23992181829778e-05,10.61028451956,0.0006641314518137733,-0.006178401984622139,0.0,0.7300675817798604,0.006178401984622139
1736434980.0,6.23992181829778e-05,6.2637143899478e-05,6.23992181829778e-05,6.2637143899478e-05,2.6137923,0.00016340954021556745,0.0038129598964287935,-0.7539500052748765,0.7255569307836834,0.0038129598964287935
1736435040.0,6.2637143899478e-05,6.2637143899478e-05,6.23140153345803e-05,6.23140153345803e-05,2.71392598198,0.0001695540987619155,-0.005158737208967748,0.03760220203938064,0.7283234502633377,0.005158737208967748
1736435100.0,6.23140153345803e-05,6.26275452029085e-05,6.2277208392773e-05,6.26275452029085e-05,8.44383279601,0.0005274928232255584,0.0050314502547264975,2.1110591078441185,0.7245662209803003,0.005622119008933356
1736435160.0,6.26275452029085e-05,6.55246813093192e-05,6.22603164802434e-05,6.48479480602401e-05,685.7695325754,0.043709404714943986,0.03545409372405809,81.86255810584485,0.7282118398774179,0.0521234676930017
1736435220.0,6.48479480602401e-05,6.48479480602401e-05,6.35735726603267e-05,6.415054435829e-05,97.49964905844,0.006288653869937259,-0.010754445172301499,-0.8561258404009514,0.7540299306994007,0.019651745938507978
1736435280.0,6.415054435829e-05,6.415054435829e-05,6.415054435829e-05,6.415054435829e-05,0.0,0.0,0.0,-1.0,0.7459207571514197,0.0
1736435340.0,6.415054435829e-05,6.415054435829e-05,6.415054435829e-05,6.415054435829e-05,0.0,0.0,0.0,0.0,0.7459207571514197,0.0
1736435400.0,6.415054435829e-05,6.415054435829e-05,6.28846935425075e-05,6.28846935425075e-05,210.5965539705,0.013376591667365302,-0.019732503105703084,0.0,0.7459207571514197,0.019732503105703084
1736435460.0,6.28846935425075e-05,7.04790037241357e-05,6.28846935425075e-05,7.04790037241357e-05,1117.23413095428,0.07449923720827391,0.12076563872406824,4.569373653681059,0.7312018734943209,0.12076563872406824
1736435520.0,7.04790037241357e-05,7.04790037241357e-05,7.01087774177338e-05,7.01087774177338e-05,9.53712487728,0.00067040161248486,-0.0052530014165782235,-0.9910012285010296,0.8195059347830979,0.0052530014165782235
1736435580.0,7.01087774177338e-05,7.26570708964084e-05,7.01087774177338e-05,7.26570708964084e-05,270.46959615585,0.019306910669186692,0.03634770955269894,27.79902182458237,0.815201068946788,0.03634770955269894
1736435640.0,7.26570708964084e-05,7.26570708964084e-05,7.23781136413373e-05,7.23781136413373e-05,0.83176224153,6.031739509591629e-05,-0.0038393683041370403,-0.9968758650138585,0.8448317606279155,0.0038393683041370403
1736435700.0,7.23781136413373e-05,7.29534903441228e-05,7.23680617795838e-05,7.2506409922689e-05,47.36737279229,0.0034313996197452793,0.0017725839331412079,55.889055210171,0.8415881403438324,0.008088475024922997
1736435760.0,7.2506409922689e-05,7.2506409922689e-05,7.2506409922689e-05,7.2506409922689e-05,0.0,0.0,0.0,-1.0,0.8430799259597281,0.0
1736435820.0,7.2506409922689e-05,7.28943601357728e-05,7.2506409922689e-05,7.28943601357728e-05,0.95961114717,6.976409987760096e-05,0.005350564363860525,0.0,0.8430799259597281,0.005350564363860525
1736435880.0,7.28943601357728e-05,7.29390651017238e-05,7.28943601357728e-05,7.29390651017238e-05,3.22108354566,0.00023487082321986904,0.0006132842906876865,2.3666430675941195,0.8475908793674545,0.0006132842906876865
1736435940.0,7.29390651017238e-05,7.29390651017238e-05,7.29390651017238e-05,7.29390651017238e-05,0.0,0.0,0.0,-1.0,0.8481106935387006,0.0
1736436000.0,7.29390651017238e-05,7.29390651017238e-05,7.29390651017238e-05,7.29390651017238e-05,0.0,0.0,0.0,0.0,0.8481106935387006,0.0
1736436060.0,7.29390651017238e-05,7.29390651017238e-05,7.2734809775426e-05,7.2734809775426e-05,2.42014393104,0.00017627587209750724,-0.0028003556943447835,0.0,0.8481106935387006,0.0028003556943447835
1736436120.0,7.2734809775426e-05,7.50538443869823e-05,7.2734809775426e-05,7.39263509472214e-05,400.96110685303,0.029402710667851415,0.01638199337393412,165.7994054886154,0.8457356819286148,0.03188342168923638
1736436180.0,7.39263509472214e-05,7.39263509472214e-05,7.38102915007522e-05,7.38102915007522e-05,28.03728605207,0.0020710672523431115,-0.0015699333861622176,-0.9295620299863171,0.859590518266069,0.0015699333861622176
1736436240.0,7.38102915007522e-05,7.41449933965509e-05,7.38102915007522e-05,7.41449933965509e-05,18.974,0.0014036517878207146,0.004534623681784103,-0.32225678029881133,0.8582410184130147,0.004534623681784103
1736436300.0,7.41449933965509e-05,7.41449933965509e-05,7.41449933965509e-05,7.41449933965509e-05,0.0,0.0,0.0,-1.0,0.8621328184597888,0.0
1736436360.0,7.41449933965509e-05,7.41449933965509e-05,7.3792707818711e-05,7.3792707818711e-05,9.3642825196,0.0006926652147399424,-0.004751306348572507,0.0,0.8621328184597888,0.004751306348572507
1736436420.0,7.3792707818711e-05,7.3792707818711e-05,7.3792707818711e-05,7.3792707818711e-05,0.0,0.0,0.0,-1.0,0.8580365613261282,0.0
1736436480.0,7.3792707818711e-05,7.3792707818711e-05,7.36363880641278e-05,7.36363880641278e-05,23.65220553361,0.0017435116387275998,-0.002118363171700416,0.0,0.8580365613261282,0.002118363171700416
1736436540.0,7.36363880641278e-05,7.36363880641278e-05,6.96263672140103e-05,6.96263672140103e-05,605.7444594068,0.04339031012454223,-0.05445705520788567,23.88673385410155,0.8562189282746424,0.05445705520788567
1736436600.0,6.96263672140103e-05,6.96263672140103e-05,6.71907632902276e-05,6.71907632902276e-05,344.95248273885,0.023597704424321058,-0.03498105705122304,-0.4561526673446422,0.8095917668275535,0.03498105705122304
1736436660.0,6.71907632902276e-05,6.71907632902276e-05,6.71907632902276e-05,6.71907632902276e-05,0.0,0.0,0.0,-1.0,0.7812713910439584,0.0
1736436720.0,6.71907632902276e-05,6.71907632902276e-05,6.5792565195454e-05,6.5792565195454e-05,25.49287518064,0.0016950636970957645,-0.020809379538287667,0.0,0.7812713910439584,0.020809379538287667
1736436780.0,6.5792565195454e-05,6.5792565195454e-05,6.52615156759209e-05,6.52615156759209e-05,105.63036608888,0.006921645269942507,-0.008071573405832274,3.083413078695332,0.7650136181453187,0.008071573405832274
1736436840.0,6.52615156759209e-05,6.52615156759209e-05,6.49878172917943e-05,6.49878172917943e-05,0.23939414376,1.559046377055866e-05,-0.004193871093735135,-0.9977475783339749,0.7588387545699974,0.004193871093735135
1736436900.0,6.49878172917943e-05,6.49878172917943e-05,6.30139361258513e-05,6.30139361258513e-05,284.97096916877,0.018238391863364196,-0.030373095269230342,1168.842804664088,0.7556562826524004,0.030373095269230342
1736436960.0,6.30139361258513e-05,6.30139361258513e-05,6.30139361258513e-05,6.30139361258513e-05,0.0,0.0,0.0,-1.0,0.7327046623886065,0.0
1736437020.0,6.30139361258513e-05,6.30139361258513e-05,6.30139361258513e-05,6.30139361258513e-05,0.0,0.0,0.0,0.0,0.7327046623886065,0.0
