time,open,high,low,close,volume,usd_vol,price_change,vol_change,norm_open,mov_in_min
1732053480.0,9.40189959326232e-05,0.0001097939826492,6.85173329310631e-05,7.48248295222364e-05,16592.57431783826,1.4007768609839346,-0.20415200375190046,0.0,1.0,0.439024574860563
1732053540.0,7.48248295222364e-05,0.0001531390104416,7.48248295222364e-05,9.82070243195766e-05,77401.051025676,6.69642367413874,0.3124924566703022,3.7805070605142874,0.7958479962480995,1.0466336030353434
1732053600.0,9.82070243195766e-05,0.0001290340473119,7.66282665075191e-05,8.03208029558524e-05,19496.3027841369,1.740316287977929,-0.18212771935254285,-0.7401125775988541,1.0445444917318056,0.5336255850075107
1732053660.0,8.03208029558524e-05,0.0001088684206152,7.55207732726225e-05,0.000104914877353,12218.40907647783,1.131642658786614,0.3061980644125969,-0.3497488550765287,0.8543039856904309,0.4151807018277287
1732053720.0,0.000104914877353,0.0001382220009116,9.53468916822672e-05,0.0001171691621839,20444.65404271236,2.270215678369987,0.11680216514640568,1.0061241600808777,1.1158902125288075,0.4086656755559444
1732053780.0,0.0001171691621839,0.0001753272728791,0.0001003759956145,0.0001262362097046,22669.85247256754,2.758981935871367,0.07738424813919055,0.2152950762159803,1.246228605417855,0.6396843321876968
1732053840.0,0.0001262362097046,0.0001479216568215,0.0001107776286427,0.0001479216568215,13038.58710600835,1.7873156117489828,0.17178468180916712,-0.3521829235230218,1.3426670690576679,0.2942422642894551
1732053900.0,0.0001479216568215,0.0001776728916341,0.0001268066010446,0.0001493620493352,17926.89276146688,2.664686560001296,0.009737536373312618,0.49088753127029394,1.5733167042913863,0.343873180455796
1732053960.0,0.0001493620493352,0.0001535907429959,0.0001205300033333,0.0001345384706019,14287.866189271,2.0281663199628746,-0.0992459516944145,-0.23887246237250206,1.588636932926164,0.22134631795527057
1732054020.0,0.0001345384706019,0.0001345384706019,9.92856991445238e-05,0.0001206964551892,10177.91311325766,1.2988794490852913,-0.10288518481571411,-0.3595794209278324,1.430971148621011,0.26202744315185
1732054080.0,0.0001206964551892,0.0001316148067309,0.0001015793608722,0.000103201529218,8546.9653467214,0.9568241569645533,-0.14494979114155002,-0.26334645017412767,1.2837454175291836,0.24885110181253764
1732054140.0,0.000103201529218,0.0001405100429919,0.000103201529218,0.0001369022935141,7363.45233679863,0.8839965272854831,0.326552954703912,-0.07611391199623338,1.0976667873794066,0.36151124946114443
1732054200.0,0.0001369022935141,0.0001369022935141,9.92569168738527e-05,9.92569168738527e-05,5466.17913032665,0.6454442736285239,-0.27497988290729464,-0.26985655066936676,1.4561131200785025,0.27497988290729464
1732054260.0,9.92569168738527e-05,0.0001153553834842,9.54981360002808e-05,0.000103107350386,8635.03953118157,0.8737117237437103,0.03879259635921268,0.3536594241233636,1.0557113048195403,0.2000590801057835
1732054320.0,0.000103107350386,0.0001328335861048,9.82787692856744e-05,0.0001320706233197,8691.53315379486,1.0220285777526936,0.28090405606652713,0.1697549088313364,1.0966650873392627,0.33513436908002914
1732054380.0,0.0001320706233197,0.0001325487712983,0.0001171174144763,0.0001210491708606,3102.41879513043,0.39264180344225436,-0.08345120347028764,-0.615821111083193,1.4047227585194138,0.11684170509777708
1732054440.0,0.0001210491708606,0.0001301375980597,0.0001098991784454,0.0001106321717739,2901.38494699062,0.3360983800091572,-0.08605593092988795,-0.1440076500703343,1.2874969537788663,0.16719172440765015
1732054500.0,0.0001106321717739,0.0001109821377176,9.09605020414245e-05,9.77405108650099e-05,5025.21184858301,0.5235584368590386,-0.11652723346367008,0.5577535269428371,1.1767002048520312,0.18097480466255236
1732054560.0,9.77405108650099e-05,0.0001118418586501,9.77405108650099e-05,0.000108805963147,2401.11028616667,0.24797043166084687,0.11321254804236353,-0.5263748720229109,1.03958258536449,0.14427331779108013
1732054620.0,0.000108805963147,0.000108805963147,9.88934243674468e-05,9.88934243674468e-05,1478.22172807554,0.1535128737659184,-0.09110289999603302,-0.3809226659092951,1.1572763787540719,0.09110289999603302
1732054680.0,9.88934243674468e-05,0.0001050830661786,9.33584239888424e-05,0.0001032908319453,2156.92571275692,0.21804821057779958,0.044466127105825204,0.4203903896052837,1.0518451445526684,0.11855835981767313
1732054740.0,0.0001032908319453,0.0001243239806117,0.0001030451463485,0.0001195044332069,3759.23804341672,0.4187702183266328,0.1569703811678686,0.9205395779994977,1.0986166244459925,0.20600893479557492
1732054800.0,0.0001195044332069,0.0001234234534927,0.0001110797052482,0.0001118405251472,1844.71815718428,0.21338312262442466,-0.06413074271840062,-0.4904529661228443,1.2710668947426371,0.10329113249823166
1732054860.0,0.0001118405251472,0.000120845338212,0.0001003181342952,0.0001195740490794,4210.78294625489,0.48721827133410184,0.0691477791437535,1.2833027530094498,1.1895524307380205,0.183539945737763
1732054920.0,0.0001195740490794,0.0001276017676852,0.0001160798191538,0.0001264865341384,2886.38630435856,0.35511294872116883,0.05780924132133338,-0.27114197144372687,1.2718073394986085,0.09635827021086443
1732054980.0,0.0001264865341384,0.000132251313914,0.0001264865341384,0.0001316034743708,896.93685266814,0.11574521996866766,0.04045442676768363,-0.6740608294192346,1.3453295569019263,0.04557623319247763
1732055040.0,0.0001316034743708,0.0001316034743708,0.0001119461674163,0.0001160169914223,3565.96819684098,0.44150335295257215,-0.11843519347053283,2.814441348611092,1.3997540929400156,0.14936768993738322
1732055100.0,0.0001160169914223,0.0001160169914223,8.93148104916241e-05,9.67808962476394e-05,4716.87862320394,0.5018709037066452,-0.16580412005894488,0.13673180588632577,1.2339739461314947,0.23015750196003956
1732055160.0,9.67808962476394e-05,9.98511617482149e-05,9.30005642889085e-05,9.96274619234753e-05,2102.78906779187,0.20650267419258497,0.029412474839582155,-0.5885342771070659,1.0293759818174983,0.07078460445104105
1732055220.0,9.96274619234753e-05,0.0001056962470649,9.96274619234753e-05,0.0001056962470649,704.05259247276,0.07227934480469408,0.06091478217207009,-0.6499834925271419,1.0596524769831757,0.06091478217207009
1732055280.0,0.0001056962470649,0.000109845471743,0.0001056962470649,0.0001089690724233,563.19423278584,0.06044913495744201,0.030964442440330028,-0.1636734516509311,1.1242009767967003,0.0392561211331588
1732055340.0,0.0001089690724233,0.0001089690724233,8.664122921938e-05,9.13631008836198e-05,2956.76841866724,0.2961679216384364,-0.1615685180037896,3.8994567390740573,1.1590112332340845,0.20490073657950877
1732055400.0,9.13631008836198e-05,0.0001096952473372,7.17040807228728e-05,7.54810145502221e-05,7044.98271765227,0.5877069548866983,-0.17383479960502468,0.9843707300758066,0.971751505930709,0.4158261513334702
1732055460.0,7.54810145502221e-05,8.54282291677277e-05,5.71292973213182e-05,5.76569500470196e-05,5590.271079812,0.3721386565564971,-0.23613970492332303,-0.36679555437923955,0.8028272776313633,0.37491456646466387
1732055520.0,5.76569500470196e-05,5.76569500470196e-05,5.08518579756325e-05,5.23257591470457e-05,3317.81674825284,0.18245123729114573,-0.0924639769468604,-0.5097224271742743,0.6132478811870984,0.1180272641171187
1732055580.0,5.23257591470457e-05,5.7469422827028e-05,4.79571841515172e-05,5.70306832889985e-05,3177.32797983845,0.17373064216381803,0.08991602259856449,-0.0477968538706693,0.5565445432383036,0.18178883270053536
1732055640.0,5.70306832889985e-05,5.73942891392592e-05,5.23329397902591e-05,5.23329397902591e-05,849.85056392038,0.04647136837314148,-0.08237221137495329,-0.7325090853614549,0.6065868149652266,0.08874782936322378
1732055700.0,5.23329397902591e-05,5.23329397902591e-05,5.14740440507374e-05,5.17543881899175e-05,422.652687952,0.02199639447628153,-0.011055209255591824,-0.5266678118952371,0.5566209176256512,0.016412143918610376
1732055760.0,5.17543881899175e-05,5.17543881899175e-05,5.03553615398617e-05,5.03553615398617e-05,303.6407902316,0.015502342549150531,-0.027032039194858987,-0.2952325634154936,0.5504673569052602,0.027032039194858987
1732055820.0,5.03553615398617e-05,5.03553615398617e-05,4.93574460360836e-05,4.93574460360836e-05,245.99147062329,0.01226425008779196,-0.01981746279367186,-0.20887762292002804,0.5355871017379067,0.01981746279367186
1732055880.0,4.93574460360836e-05,4.93574460360836e-05,3.98137462338991e-05,3.98137462338991e-05,1600.61213401686,0.07136424617604238,-0.19335886616190417,4.818883801715651,0.5249731242764453,0.19335886616190417
1732055940.0,3.98137462338991e-05,4.09668127960074e-05,3.73996001540892e-05,4.09668127960074e-05,1124.6179865681,0.0454236348250295,0.028961518851660525,-0.36349590643782875,0.4234649162008794,0.0895975129032426
1732056000.0,4.09668127960074e-05,4.83698389493809e-05,4.04929704081948e-05,4.462392023876e-05,3331.1531359542,0.14255791937869208,0.08927000157329837,2.138408450310526,0.435729103354448,0.19227438025039073
1732056060.0,4.462392023876e-05,4.470042834696e-05,4.03529259987e-05,4.03529259987e-05,732.5952470697,0.031126816832267958,-0.09571087025093424,-0.7816549444048604,0.47462664109643143,0.0974253791464021
1732056120.0,4.03529259987e-05,4.03529259987e-05,3.93539340101328e-05,3.94784739669095e-05,191.26412213703,0.007634441316696214,-0.021670102232950215,-0.7547310617132592,0.42919971223281417,0.024756370544217445
1732056180.0,3.94784739669095e-05,4.63618263207072e-05,3.92167337711276e-05,4.62069231240457e-05,1263.27744623782,0.054122214808467704,0.17043336484525534,6.08921747687085,0.41989891059037626,0.18098705019774958
1732056240.0,4.62069231240457e-05,4.73215695087773e-05,4.62069231240457e-05,4.73215695087773e-05,182.69373858604,0.008543534991703667,0.024122930274739388,-0.842143655392924,0.49146369481715113,0.024122930274739388
1732056300.0,4.73215695087773e-05,4.79967497693155e-05,4.72945027320732e-05,4.72945027320732e-05,413.5023026351,0.019561981868940325,-0.0005719754645728344,1.2896824192721505,0.503319239259791,0.014839893193146235
1732056360.0,4.72945027320732e-05,4.73957983752815e-05,3.85065145215955e-05,3.87522171230443e-05,1348.44724107568,0.05801473099612257,-0.18061899619542612,1.9656878012056576,0.503031353004087,0.18795596401646159
1732056420.0,3.87522171230443e-05,3.87522171230443e-05,3.83578602014697e-05,3.83578602014697e-05,23.63776543978,0.0009113549604200803,-0.010176370562810825,-0.984290973261929,0.4121743349696617,0.010176370562810825
1732056480.0,3.83578602014697e-05,3.83578602014697e-05,3.81085247127728e-05,3.81085247127728e-05,42.51999886524,0.001625675299891298,-0.006500244992481249,0.7838003527648092,0.4079798962005303,0.006500244992481249
1732056540.0,3.81085247127728e-05,3.90815381200745e-05,3.80584107842966e-05,3.90815381200745e-05,385.6116955429,0.014882695504018618,0.02553269680827027,8.154777405434997,0.40532792692321984,0.026847728782189804
1732056600.0,3.90815381200745e-05,3.90815381200745e-05,3.86253171126628e-05,3.86253171126628e-05,37.04437155011,0.001439300808616065,-0.011673568374151616,-0.9032903140276285,0.41567704198927513,0.011673568374151616
1732056660.0,3.86253171126628e-05,3.87485604335243e-05,3.86253171126628e-05,3.87485604335243e-05,3.94485748692,0.00015261446006505373,0.003190739392560079,-0.8939662514246779,0.41082460761804823,0.003190739392560079
1732056720.0,3.87485604335243e-05,3.87485604335243e-05,3.85243121943226e-05,3.85243121943226e-05,16.49309255256,0.0006372343200266295,-0.0057872663317753955,3.175451787170107,0.4121354418770082,0.0057872663317753955
1732056780.0,3.85243121943226e-05,8.08325059796368e-05,3.85243121943226e-05,8.06738777041025e-05,5664.40532675784,0.3375934309002659,1.0941029990923905,528.7791099609295,0.409750304310102,1.0982206138270585
1732056840.0,8.06738777041025e-05,8.53040934892458e-05,8.05154329904524e-05,8.53040934892458e-05,493.78043200325,0.04097833715943725,0.05739423859264713,-0.8786163076391632,0.8580593411348042,0.059358253688478475
1732056900.0,8.53040934892458e-05,8.56918491918259e-05,8.37548071870214e-05,8.56061716577203e-05,434.17966867875,0.037102881147653526,0.003541191941891765,-0.0945732862879531,0.9073070036865448,0.022707491816306494
1732056960.0,8.56061716577203e-05,0.0001477319495537,7.94919066907621e-05,0.0001078738065935,19177.76972372211,1.8552572345263325,0.2601171680099483,49.00305035997625,0.9105199519368216,0.7971392896271836
1732057020.0,0.0001078738065935,0.0001146974230585,0.000102195693658,0.000105532611181,3863.33104485825,0.4122298194801077,-0.0217030944436986,-0.7778044942725397,1.1473618232511817,0.115892168778378
1732057080.0,0.000105532611181,0.0001182095399206,0.0001011528978444,0.0001011528978444,3215.58861900861,0.3323077852680388,-0.04150104207208802,-0.1938773723668614,1.1224605212400671,0.1616243726495688
1732057140.0,0.0001011528978444,0.0001011528978444,8.56871357964211e-05,8.66849343356868e-05,4185.34191306955,0.3930827759417208,-0.1430306379454277,0.18288765225485476,1.0758772399238252,0.15289489849089002
1732057200.0,8.66849343356868e-05,0.0001248068967314,8.66849343356868e-05,0.0001203557630413,8774.32750235052,0.9083214425503632,0.38842768889024193,1.310763783465884,0.9219938319465546,0.4397761005169154
1732057260.0,0.0001203557630413,0.0001483822167451,0.0001168424876435,0.000127104712718,6345.6973048146,0.7851546370369643,0.05607500219481891,-0.13559825821966073,1.280121765260613,0.2620541659544558
1732057320.0,0.000127104712718,0.0001331002266768,0.0001266878974181,0.000127471063126,1604.98729275178,0.20429544263602276,0.0028822724206363356,-0.7398022847995933,1.3519045960572371,0.0504491857270994
1732057380.0,0.000127471063126,0.0001407495712179,0.000127471063126,0.0001407495712179,1451.07072403002,0.1946035550385971,0.1041688032269312,-0.04744054724065933,1.3558011533897845,0.1041688032269312
1732057440.0,0.0001407495712179,0.0001418621563079,0.0001246685101445,0.0001246685101445,1664.58590091012,0.22090559804123308,-0.11425300222410113,0.13515705300152045,1.4970333369520912,0.1221577161097126
1732057500.0,0.0001246685101445,0.0001504661605562,0.0001162542217512,0.0001504661605562,4548.16266710208,0.6256786188531741,0.20692996476655257,1.832334827188889,1.3259927837757504,0.27442325865084793
1732057560.0,0.0001504661605562,0.0001514099229018,0.0001392102536572,0.0001464088386558,2114.81775984312,0.31391826039347487,-0.026965012501163392,-0.4982755508429144,1.6003804238031694,0.0810791556021885
1732057620.0,0.0001464088386558,0.0001559927337776,0.0001464088386558,0.0001520581883762,2360.28315174751,0.3522333476278991,0.03858612480139501,0.1220543436574824,1.5572261456686998,0.06545981246618085
1732057680.0,0.0001520581883762,0.0001520581883762,0.000126683286342,0.000126683286342,2299.8494601348,0.32053171507391515,-0.16687626168096362,-0.09000179218542845,1.6173134680694676,0.16687626168096362
1732057740.0,0.000126683286342,0.000126683286342,0.0001069681459014,0.0001104617167691,2544.84654686288,0.3017488211365349,-0.12804822199755297,-0.05859917460289034,1.3474222425517604,0.1556254262884853
1732057800.0,0.0001104617167691,0.0001104617167691,0.0001008783850757,0.0001059883279458,1008.66582726244,0.10916288170667336,-0.04049718720786143,-0.6382326158043895,1.1748872201130518,0.08675704102473988
1732057860.0,0.0001059883279458,0.0001076281125373,0.0001020664435477,0.0001020664435477,675.04107682657,0.0702227584939391,-0.03700298395220986,-0.3567157865744925,1.1273075924120097,0.052474353519796166
1732057920.0,0.0001020664435477,0.0001020664435477,8.46958057099028e-05,8.56435492974764e-05,1788.49611141861,0.16785929613900655,-0.16090395314448758,1.390383114236312,1.0855938476607838,0.17018950826555612
1732057980.0,8.56435492974764e-05,8.62930396663273e-05,8.47598683682738e-05,8.48134144919125e-05,643.76171339224,0.054866833534348,-0.009692905214384345,-0.6731379506744027,0.9109175060628291,0.017901772061409395
1732058040.0,8.48134144919125e-05,8.4818164044439e-05,8.32196675278076e-05,8.4818164044439e-05,488.38400510604,0.041422674859021555,5.600001550407634e-05,-0.24503252346265014,0.9020880690184386,0.018847213335383788
1732058100.0,8.4818164044439e-05,8.4818164044439e-05,6.05894097391343e-05,6.05894097391343e-05,2886.23808337419,0.20984043853259585,-0.2856552553131245,4.065835058860139,0.9021385859642898,0.2856552553131245
1732058160.0,6.05894097391343e-05,7.09767951219358e-05,6.05894097391343e-05,7.08351085714286e-05,2743.80029844172,0.18030131628154092,0.16910048928363583,-0.1407694458590565,0.6444379578628394,0.17143895983677743
1732058220.0,7.08351085714286e-05,7.79501097669209e-05,7.02200403115506e-05,7.76255262765355e-05,2825.4117076329,0.2097312079110253,0.09586231802354876,0.16322616072047721,0.7534127318503927,0.10912765733358726
1732058280.0,7.76255262765355e-05,7.77673986683042e-05,6.97401872714584e-05,6.97401872714584e-05,1359.44798593866,0.10016801123961691,-0.10158177835711067,-0.5223981579216795,0.8256366227540257,0.10340942962820529
1732058340.0,6.97401872714584e-05,7.05196931121458e-05,6.9457480894045e-05,7.05196931121458e-05,255.46639421104,0.017915842947035573,0.01117728344567288,-0.8211420719517113,0.7417669863379128,0.015230991766142184
1732058400.0,7.05196931121458e-05,7.25049352585787e-05,6.85935372641215e-05,6.85935372641215e-05,1326.39231909564,0.09225936012783159,-0.027313729867785724,4.149596387988944,0.7500579261948542,0.05546532921289086
1732058460.0,6.85935372641215e-05,6.85935372641215e-05,6.68094525238851e-05,6.68094525238851e-05,166.86313760946,0.011296883858864227,-0.026009516514168527,-0.8775529784380509,0.7295710466135764,0.026009516514168527
1732058520.0,6.68094525238851e-05,7.53895979850394e-05,6.59756937549512e-05,7.53895979850394e-05,1482.70348403082,0.10541951380772843,0.12842711827472028,8.33173387677256,0.7105952564284214,0.14090677103996066
1732058580.0,7.53895979850394e-05,8.36329155077624e-05,7.53895979850394e-05,8.36329155077624e-05,1203.69395856782,0.09570721938377758,0.1093429033055574,-0.09212994893587563,0.8018549574712095,0.1093429033055574
1732058640.0,8.36329155077624e-05,8.52008297436344e-05,8.36329155077624e-05,8.52008297436344e-05,161.18696377716,0.013606899390099578,0.018747573564220243,-0.8578278683916507,0.8895321065510657,0.018747573564220243
1732058700.0,8.52008297436344e-05,8.52008297436344e-05,7.44745040906999e-05,7.44745040906999e-05,1268.34684071023,0.1012618526040646,-0.12589461493754858,6.441949095158522,0.9062086751563677,0.12589461493754858
1732058760.0,7.44745040906999e-05,7.44745040906999e-05,7.25654391819703e-05,7.25654391819703e-05,129.63071974114,0.00953044683856632,-0.02563380491133749,-0.9058831475676183,0.7921218829444907,0.02563380491133749
1732058820.0,7.25654391819703e-05,7.29095032700923e-05,7.13884387760654e-05,7.28273486010101e-05,399.24057758185,0.029023350285356218,0.0036092859354578287,2.045329434912649,0.7718167851310903,0.020961280069050094
1732058880.0,7.28273486010101e-05,7.314470374083e-05,7.27191353625472e-05,7.314470374083e-05,32.98528807596,0.002407465098767354,0.004357636875654402,-0.9170507513744186,0.7746024925984143,0.00584352425919432
1732058940.0,7.314470374083e-05,7.314470374083e-05,4.69862167989551e-05,4.69862167989551e-05,3399.18921974233,0.20417386502828,-0.3576265348556332,83.80865003310704,0.7779779289841349,0.3576265348556332
1732059000.0,4.69862167989551e-05,5.03241450777237e-05,4.65324089193634e-05,5.00781923194652e-05,680.46934336289,0.033024677368359186,0.06580601144671992,-0.838252180984158,0.4997523780473769,0.0806989031397102
1732059060.0,5.00781923194652e-05,5.19135585672742e-05,4.99254962777789e-05,5.15534459781549e-05,431.44349809884,0.021924154772320625,0.029459003817042164,-0.33612811632412576,0.5326390887576881,0.039699162398131295
1732059120.0,5.15534459781549e-05,5.15534459781549e-05,5.07453274697804e-05,5.15212505185908e-05,263.0151800465,0.013555104928664958,-0.000624506450601578,-0.38172736557313686,0.5483301057065066,0.015675353859311878
1732059180.0,5.15212505185908e-05,5.1861615058008e-05,4.41485579125925e-05,4.41485579125925e-05,1132.79160326248,0.05418697783828723,-0.1431000321573708,2.997532894319255,0.5479876700184338,0.14970632637560574
1732059240.0,4.41485579125925e-05,4.44199617963451e-05,4.22906997003096e-05,4.22906997003096e-05,548.99653981834,0.02372742666697468,-0.04208196824823094,-0.5621193944828301,0.4695706168169533,0.048229482381986724
1732059300.0,4.22906997003096e-05,4.79810969822493e-05,4.22906997003096e-05,4.79810969822493e-05,1150.0885,0.051910277619474574,0.13455434226116725,1.187775284191545,0.44981016102976007,0.13455434226116725
1732059360.0,4.79810969822493e-05,5.25490345997602e-05,4.79810969822493e-05,5.22930266150933e-05,581.38195175053,0.029148782843548455,0.08986725823378329,-0.43847761598922663,0.5103340713895091,0.09520285914264981
1732059420.0,5.22930266150933e-05,5.27417396211957e-05,5.22930266150933e-05,5.27417396211957e-05,18.99104136571,0.000997359795215522,0.008580742694531471,-0.9657838270445563,0.5561963951685681,0.008580742694531471
1732059480.0,5.27417396211957e-05,5.29547276094303e-05,5.27417396211957e-05,5.29547276094303e-05,41.65236144498,0.0022012537282737592,0.0040383193608010785,1.2070808737563805,0.5609689733231356,0.0040383193608010785
1732059540.0,5.29547276094303e-05,5.29547276094303e-05,5.25245658440515e-05,5.25245658440515e-05,71.57627414847,0.003774907412606665,-0.008123198528212217,0.7148897303933144,0.5632343451889151,0.008123198528212217
1732059600.0,5.25245658440515e-05,5.26264591541433e-05,4.9951223378957e-05,4.9951223378957e-05,469.32998976855,0.02404748055377933,-0.04899312205140173,5.370349766320219,0.5586590807850379,0.050933039277834984
1732059660.0,4.9951223378957e-05,4.9951223378957e-05,4.54277209200908e-05,4.54277209200908e-05,818.96194927474,0.039055863071457524,-0.09055839182452974,0.6241145505498478,0.5312886282550127,0.09055839182452974
1732059720.0,4.54277209200908e-05,4.62789361265663e-05,4.37272450229738e-05,4.62789361265663e-05,717.0994396316,0.032881396189322565,0.01873779245876811,-0.15809321306862453,0.4831759844855783,0.05617035263734736
1732059780.0,4.62789361265663e-05,5.45946170087893e-05,4.62789361265663e-05,5.45946170087893e-05,1148.47434724069,0.05792534404548828,0.17968608568444183,0.7616449043699103,0.49222963580393003,0.17968608568444183
1732059840.0,5.45946170087893e-05,5.45946170087893e-05,5.44116189901965e-05,5.44116189901965e-05,0.8447554884,4.6041808064984455e-05,-0.003351942528754099,-0.9992051526180176,0.5806764523194167,0.003351942528754099
1732059900.0,5.44116189901965e-05,5.48275733371935e-05,5.43626249904446e-05,5.48275733371935e-05,44.73718136844,0.002443526779846173,0.007644586849583415,52.07191186752101,0.5787300582234411,0.008545019526668873
1732059960.0,5.48275733371935e-05,5.59448660825358e-05,4.33209809100015e-05,4.33209809100015e-05,2015.5390983216,0.09891112426448002,-0.2098687161736237,39.478837834020695,0.5831542104159947,0.23024701631233074
1732060020.0,4.33209809100015e-05,4.5005251274963e-05,4.33209809100015e-05,4.5005251274963e-05,475.56,0.02100221148894086,0.03887886030236811,-0.7876658298536501,0.46076838494474665,0.03887886030236811
1732060080.0,4.5005251274963e-05,4.665481652594e-05,4.5005251274963e-05,4.58084730676027e-05,221.46349493066,0.010055962390287077,0.017847290480223196,-0.521195070548535,0.47868253461476123,0.03665272838715759
1732060140.0,4.58084730676027e-05,4.58084730676027e-05,4.51260195301613e-05,4.51260195301613e-05,1.2171622467,5.534101565640948e-05,-0.014897976110975273,-0.9944966962376608,0.4872257208578404,0.014897976110975273
1732060200.0,4.51260195301613e-05,4.51260195301613e-05,4.47934616347136e-05,4.47934616347136e-05,74.88502246012,0.003366811183316997,-0.007369537550845337,59.837538729325075,0.47996704370784754,0.007369537550845337
1732060260.0,4.47934616347136e-05,4.47934616347136e-05,4.40036442985513e-05,4.40036442985513e-05,96.5636678724,0.0042872871226850556,-0.0176324246293619,0.2733969590956395,0.47642990855607437,0.0176324246293619
1732060320.0,4.40036442985513e-05,4.40036442985513e-05,4.39774620683011e-05,4.39774620683011e-05,5.1257534394,0.00022548472928105546,-0.0005950014065326389,-0.9474061981788059,0.4680292941022856,0.0005950014065326389
1732060380.0,4.39774620683011e-05,4.39774620683011e-05,4.39627558793182e-05,4.39627558793182e-05,6.68109931223,0.0002937686648235978,-0.00033440285753775064,0.30283175166789145,0.46775081601399626,0.00033440285753775064
1732060440.0,4.39627558793182e-05,4.39627558793182e-05,4.37400914143487e-05,4.37400914143487e-05,45.00485029548,0.0019735267564694107,-0.005064843195470655,5.717962100057452,0.46759439880450554,0.005064843195470655
1732060500.0,4.37400914143487e-05,4.389654965794e-05,4.37400914143487e-05,4.389654965794e-05,11.8875,0.0005208902853734159,0.0035769985505786526,-0.7360611992384256,0.46522610649548035,0.0035769985505786526
1732060560.0,4.389654965794e-05,5.27377484353462e-05,4.35891371608282e-05,5.12116008813771e-05,1490.6228280684,0.07088519016463599,0.1666429658011619,135.08468453931678,0.46689021960410604,0.20841299249730905
1732060620.0,5.12116008813771e-05,5.49956445890346e-05,5.12116008813771e-05,5.49955390812151e-05,190.3684479,0.01010924419528837,0.073888301375363,-0.8573856658660445,0.54469419050249,0.07389036160815568
1732060680.0,5.49955390812151e-05,5.57049311459434e-05,5.49955390812151e-05,5.57049311459434e-05,125.02909772896,0.006920389955336613,0.012899083754424173,-0.3154394313115902,0.5849407190077475,0.012899083754424173
1732060740.0,5.57049311459434e-05,5.64725503152596e-05,5.57049311459434e-05,5.60797626542717e-05,121.02702199922,0.006764484297867352,0.0067288748162396776,-0.02252844976590305,0.5924859183336014,0.013780093674383842
1732060800.0,5.60797626542717e-05,5.60797626542717e-05,5.4905072184616e-05,5.52676614062083e-05,144.4407336788,0.0080415518122701,-0.01448118197414564,0.18879007743507814,0.596472681908453,0.02094678033674277
1732060860.0,5.52676614062083e-05,5.53115615741967e-05,5.25605328412046e-05,5.28240775111371e-05,348.67695947472,0.018844549435017625,-0.04421362932495472,1.3433971296763778,0.58783505245913,0.049776463541174334
1732060920.0,5.28240775111371e-05,5.28241805596065e-05,5.09349694073493e-05,5.09438044414863e-05,261.47067910963,0.013566129281960179,-0.035595000580073956,-0.2801032824509401,0.5618447313454867,0.03576420528799373
1732060980.0,5.09438044414863e-05,5.09438044414863e-05,4.93547405315363e-05,4.95097042450554e-05,202.25026549919,0.010158374401089123,-0.028150630133603305,-0.2511958134884195,0.5418458678073327,0.031192486061287137
1732061040.0,4.95097042450554e-05,4.95097042450554e-05,4.92223191267208e-05,4.94321010880339e-05,5.53291636276,0.00027371836684423223,-0.001567433257879943,-0.9730549046494205,0.5265925651932671,0.005804621997177509
1732061100.0,4.94321010880339e-05,4.94325313671173e-05,4.90945675165309e-05,4.93135726437795e-05,40.47924638745,0.001998575228342412,-0.002397803080296193,6.301575160572846,0.5257671664932309,0.006836930722093304
1732061160.0,4.93135726437795e-05,4.93135726437795e-05,4.9051210483375e-05,4.92936854822055e-05,0.5485960023,2.7047773802839784e-05,-0.0004032796755095894,-0.986466472005023,0.5245064803618948,0.005320282963469215
1732061220.0,4.92936854822055e-05,4.92940981933214e-05,4.86450497552413e-05,4.86450497552413e-05,59.02188888012,0.002890264574122039,-0.01315859669690045,105.85776194337244,0.5242949575586918,0.013166969191508277
1732061280.0,4.86450497552413e-05,4.88943244232761e-05,4.86450497552413e-05,4.88942420216887e-05,0.35563752697,1.734431625497632e-05,0.005122664437619295,-0.9939990558614361,0.5173959716619585,0.005124358373339774
1732061340.0,4.88942420216887e-05,4.88945877082583e-05,4.84969686798263e-05,4.84969686798263e-05,23.92260695274,0.0011649258271319144,-0.008125155957754189,66.16470168131772,0.5200464176061587,0.00813222604525951
1732061400.0,4.84969686798263e-05,4.87385577156048e-05,4.84936619069028e-05,4.87355387996174e-05,0.5238774119,2.546895718543918e-05,0.004919279004140013,-0.9781368421986619,0.5158209593578372,0.0050497137319815335
1732061460.0,4.87355387996174e-05,5.26313684060751e-05,4.836663549795e-05,5.26309240647861e-05,644.04526869795,0.03264229540623276,0.079929048926392,1280.6502524451469,0.5183584265731016,0.08750765895212752
1732061520.0,5.26309240647861e-05,5.26319151190027e-05,5.23598409425542e-05,5.23598409425542e-05,0.1962788968,1.0303735764914397e-05,-0.005150643410672608,-0.9996843440194175,0.5597903226120706,0.005169473675088726
1732061580.0,5.23598409425542e-05,5.25962357732907e-05,5.22911407564839e-05,5.25487572772526e-05,0.29102047074,1.5265274819300848e-05,0.0036080387430067373,0.4815281726537628,0.5569070422755504,0.005826889679468828
1732061640.0,5.25487572772526e-05,5.25490975587025e-05,5.14167004607345e-05,5.14167004607345e-05,131.55309683591,0.006838488964697563,-0.02154297979960323,446.976800001742,0.558916384460334,0.02154945533713307
1732061700.0,5.14167004607345e-05,5.15901717043937e-05,4.87583185185982e-05,4.87583185185982e-05,442.83770253682,0.022180637628195016,-0.051702694228044264,2.243499805687845,0.5468756600802377,0.055076524950450796
1732061760.0,4.87583185185982e-05,4.88611218600824e-05,4.85718248124218e-05,4.88162451508867e-05,0.28284716663,1.379934443453617e-05,0.001188035889022846,-0.9993778652955858,0.5186007150463493,0.005933285979709356
1732061820.0,4.88162451508867e-05,4.88163114465855e-05,4.53962020533667e-05,4.56246472765825e-05,469.77838229884,0.022183144833717625,-0.06537983133359096,1606.5506295936048,0.5192168313078973,0.0700608861383654
1732061880.0,4.56246472765825e-05,4.56246472765825e-05,4.21429702456452e-05,4.21429702456452e-05,505.1584351674,0.022168276162949713,-0.07631131940222854,-0.0006702688405708512,0.4852705224514254,0.07631131940222854
1732061940.0,4.21429702456452e-05,4.22902294810031e-05,4.06145476939475e-05,4.06145476939475e-05,453.34643473968,0.018758912852909728,-0.036267556434412304,-0.15379469675400936,0.44823888861614836,0.03976183399718373
1732062000.0,4.06145476939475e-05,4.06145476939475e-05,3.83615710992007e-05,3.83615710992007e-05,134.72632052724,0.005320080947261534,-0.055472157703791096,-0.7163971607002627,0.43198235942716395,0.055472157703791096
1732062060.0,3.83615710992007e-05,3.8556619761644e-05,3.45487421324896e-05,3.45487421324896e-05,740.32592088472,0.02698869739262225,-0.0993918877006199,4.072986230879523,0.40801936585976456,0.10447636825901291
1732062120.0,3.45487421324896e-05,3.46844184846053e-05,3.4107842780712e-05,3.4107842780712e-05,68.50049516832,0.002351505031560059,-0.012761661483558749,-0.912870747433595,0.3674655508685527,0.01668876110401391
1732062180.0,3.4107842780712e-05,3.42795494071007e-05,3.39936165074153e-05,3.41326303781967e-05,24.40321034854,0.0008326433103903735,0.000726741871189717,-0.6459104704368959,0.3627760799014988,0.008383200940726034
1732062240.0,3.41326303781967e-05,3.42674632661412e-05,3.3886545958731e-05,3.42674632661412e-05,74.56163238098,0.0025500113185668643,0.003950263617263538,2.0625494575478256,0.36303972446862925,0.011159916572193705
1732062300.0,3.42674632661412e-05,3.42708889847523e-05,3.39364104289663e-05,3.39817708274213e-05,55.27210738554,0.0018861394979001222,-0.008337134164295774,-0.26034073489518694,0.36447382708381904,0.00976082043739994
1732062360.0,3.39817708274213e-05,3.91930544918016e-05,3.36632227868214e-05,3.90733625644162e-05,998.0111806063,0.03645491996286923,0.14983303144656251,18.327796275649412,0.3614351598880469,0.16272935666195318
1732062420.0,3.90733625644162e-05,3.92031379261079e-05,3.88681680129712e-05,3.92031379261079e-05,30.64148377504,0.0011992540598736526,0.0033213256595912193,-0.9671030944219563,0.415590085565446,0.008572845825195463
1732062480.0,3.92031379261079e-05,4.29745876070894e-05,3.89977181734184e-05,4.29745876070894e-05,603.58647160814,0.024800681699682355,0.09620275009847738,19.680089840425666,0.41697039558050625,0.10144263046409224
1732062540.0,4.29745876070894e-05,4.39693447268022e-05,4.29707916442008e-05,4.39693447268022e-05,157.85616513411,0.006862317869953839,0.023147566389879495,-0.7233012401412446,0.4570840943450009,0.023235896798615697
1732062600.0,4.39693447268022e-05,4.39842187070049e-05,4.04374165126811e-05,4.1079818510113e-05,643.03211061436,0.027344671471109406,-0.06571683600569658,2.9847573355405275,0.46766447876460976,0.08066534119080894
1732062660.0,4.1079818510113e-05,4.1079818510113e-05,3.78617088252185e-05,3.79928278591541e-05,488.53689957466,0.019314952749202623,-0.0751461608867368,-0.2936483888786325,0.4369310489079464,0.07833797230876921
1732062720.0,3.79928278591541e-05,3.83050371388644e-05,3.79920655656732e-05,3.83050371388644e-05,51.01430214212,0.0019461411689037987,0.008217584668025088,-0.8992417328598362,0.40409735801029917,0.008237648809702586
1732062780.0,3.83050371388644e-05,4.28654308215198e-05,3.82998589854096e-05,4.28654308215198e-05,731.4923881269,0.029687789726859728,0.11905467330896836,14.25469488093813,0.407418062263874,0.11918985535920447
1732062840.0,4.28654308215198e-05,4.28654308215198e-05,4.09549676114263e-05,4.11831628059231e-05,317.2839659418,0.01333363555897289,-0.03924533087282411,-0.5508713958954844,0.45592308656687247,0.044568855916744594
1732062900.0,4.11831628059231e-05,4.25413892970268e-05,4.11149043049299e-05,4.25373493842011e-05,220.8064507102,0.00924301457417068,0.03288204416595297,-0.30678961988348485,0.4380302341819963,0.03463757746871591
1732062960.0,4.25373493842011e-05,4.29412506718344e-05,4.25323972468689e-05,4.29276661022467e-05,65.81938503559,0.002812627380687585,0.009175858949748573,-0.6957023752242709,0.4524335636883915,0.009611633796753442
1732063020.0,4.29276661022467e-05,4.29653445662807e-05,4.29276661022467e-05,4.29617966084377e-05,2.80031608026,0.0001202588217768106,0.0007950701561483619,-0.9572432443051124,0.45658503025292824,0.0008777198356009784
1732063080.0,4.29617966084377e-05,4.32575832320804e-05,4.29358184739021e-05,4.30605870020622e-05,90.44503705741,0.0038901488367092006,0.0022994940021920456,31.34813695355308,0.45694804738422645,0.0074895554557675185
1732063140.0,4.30605870020622e-05,4.30605870020622e-05,3.94592909177252e-05,4.00712605599271e-05,746.3358942789,0.03102214089661724,-0.0694214048218139,6.9745383014342055,0.45799879667849985,0.0836332325001637
1732063200.0,4.00712605599271e-05,4.00755646695468e-05,3.97382651393934e-05,3.98433153511911e-05,45.0409827489,0.0017997155174991671,-0.005688496082999498,-0.9419860955600452,0.42620387680637806,0.008417492373342342
1732063260.0,3.98433153511911e-05,4.27602116128899e-05,3.95083313287855e-05,4.2115070904345e-05,836.42693567141,0.03427610093414593,0.057017231952962676,18.045288325220984,0.4237794177226058,0.08161670923820813
1732063320.0,4.2115070904345e-05,4.21483776126171e-05,4.1017480297002e-05,4.1017480297002e-05,245.88838025587,0.010220664180718698,-0.026061706267476843,-0.7018136864413056,0.447942147079787,0.026852556373077957
1732063380.0,4.1017480297002e-05,4.1017480297002e-05,3.93020384494925e-05,3.94977671143868e-05,184.39304967036,0.0074232260075747705,-0.037050378804625854,-0.2737041471748284,0.43626801041777075,0.041822214214237916
1732063440.0,3.94977671143868e-05,4.55919560845063e-05,3.93005539209306e-05,4.38776325127666e-05,1206.6872574063,0.05030401615562199,0.11088893672636153,5.7765707394993795,0.42010411537145187,0.15928500832352366
1732063500.0,4.38776325127666e-05,4.88673815776527e-05,4.38768890840123e-05,4.88673815776527e-05,1126.38340716975,0.05223322248458648,0.11371965120119648,0.038350940469568884,0.46668901403936086,0.11373659442971011
1732063560.0,4.88673815776527e-05,4.88733902817373e-05,4.6176306050844e-05,4.6424386572325e-05,389.07798462333,0.018537964551493476,-0.04999234512791846,-0.6450924589811808,0.5197607259353473,0.055191912147113796
1732063620.0,4.6424386572325e-05,4.64911687925533e-05,4.50393968263338e-05,4.57931304370289e-05,270.89439109609,0.012490604059321123,-0.013597511607668953,-0.32621491293579796,0.49377666834045,0.03127175334794724
1732063680.0,4.57931304370289e-05,4.57931304370289e-05,4.30421757839083e-05,4.39612307858934e-05,405.091042147,0.01817934386251594,-0.04000380916641162,0.45544152838225554,0.4870625343610946,0.06007352253202027
1732063740.0,4.39612307858934e-05,4.40625363747852e-05,4.39612307858934e-05,4.40625363747852e-05,16.4792644562,0.0007252834687358978,0.0023044302236485477,-0.9601039798674273,0.4675781776844046,0.0023044302236485477
1732063800.0,4.40625363747852e-05,4.40625363747852e-05,4.37007259909468e-05,4.37935716462425e-05,42.80323309612,0.0018802627352709736,-0.006104159012884648,1.592452215336023,0.46865567896897903,0.008211292712723826
1732063860.0,4.37935716462425e-05,4.38553524817966e-05,4.35656669026284e-05,4.38451892272198e-05,20.74046141715,0.00090883416927144,0.001178656570746492,-0.5166451197361716,0.4657949301822609,0.006614796836125508
1732063920.0,4.38451892272198e-05,4.68270243252502e-05,4.36278055614099e-05,4.67612806557557e-05,461.41033850394,0.020903380969675384,0.06650881156935545,22.00021464469411,0.4663439424373407,0.07296624373681958
1732063980.0,4.67612806557557e-05,4.8971247156722e-05,4.67612806557557e-05,4.82571326633132e-05,806.09383650851,0.03829687866565978,0.031989115494281954,0.8320901638456099,0.4973599238314161,0.047260606851970026
1732064040.0,4.82571326633132e-05,4.89281617987875e-05,4.82571326633132e-05,4.85892639092149e-05,148.11619691994,0.007172259972861587,0.006882531712336912,-0.8127194637589918,0.5132700278770865,0.013905284015857848
1732064100.0,4.85892639092149e-05,4.89155594859094e-05,4.85892639092149e-05,4.89155594859094e-05,41.0436126554,0.0020009751017313324,0.006715384231877952,-0.7210119112660965,0.5168026251209427,0.006715384231877952
1732064160.0,4.89155594859094e-05,4.90053175046451e-05,4.85288696105161e-05,4.85526462166105e-05,77.54354056932,0.0037790148815560897,-0.007419178541818343,0.8885866587177014,0.5202731533206729,0.009740211481507244
1732064220.0,4.85526462166105e-05,4.85929307492652e-05,4.447422250577e-05,4.52911159459882e-05,737.40246049408,0.03460031056036076,-0.06717512895324929,8.155907463934978,0.5164131539056721,0.08482973770616307
1732064280.0,4.52911159459882e-05,4.56774823304536e-05,4.52748842616885e-05,4.56761883265778e-05,60.471966045,0.0027504858675878974,0.008502161462499928,-0.9205069023068556,0.48172303369890435,0.008889117884514549
1732064340.0,4.56761883265778e-05,4.62155390670035e-05,4.56725433610025e-05,4.5817871897015e-05,118.327777525,0.00541314440149812,0.0031019131768217586,0.9680684293954592,0.48581872071161775,0.011887938242978312
1732064400.0,4.5817871897015e-05,4.59781851873508e-05,4.54251808559673e-05,4.56283189527168e-05,54.65386614848,0.002498943937244799,-0.004137096212680019,-0.5383563134666791,0.4873256882029398,0.012069620619361973
1732064460.0,4.56283189527168e-05,4.5630823969953e-05,4.55970239131807e-05,4.56007699198216e-05,1.43481154216,6.544827484752926e-05,-0.0006037704988375829,-0.973809626589827,0.48530957494393373,0.0007407692754871704
1732064520.0,4.56007699198216e-05,5.1036691133047e-05,4.56007699198216e-05,5.06528535419309e-05,840.05419658886,0.040429130162964566,0.11078943691065354,616.7264451530583,0.48501655933977916,0.11920678582364318
1732064580.0,5.06528535419309e-05,5.19106349875867e-05,5.03850372038471e-05,5.17497646247996e-05,297.60055297901,0.015237537896458707,0.021655464720475536,-0.6231049781422906,0.5387512708413759,0.030118693756842247
1732064640.0,5.17497646247996e-05,5.79561832607503e-05,5.17455155067667e-05,5.79511167179353e-05,1399.41146625463,0.07675833560463093,0.1198334357285922,4.037450021533335,0.5504181799801927,0.12001344931735815
1732064700.0,5.79511167179353e-05,5.85988089887713e-05,5.76334108069984e-05,5.85988089887713e-05,195.57202239813,0.011396952340406205,0.011176527865519932,-0.8515216327890438,0.6163766815746978,0.016658836558262915
1732064760.0,5.85988089887713e-05,6.0304479356267e-05,5.85988089887713e-05,6.0304479356267e-05,339.60877557287,0.02019030008322318,0.029107594453370852,0.7715525589803042,0.6232656327319741,0.029107594453370852
1732064820.0,6.0304479356267e-05,7.65189358513434e-05,5.98354330911544e-05,6.23991850125205e-05,4239.23031072516,0.26008454661460545,0.03473549027557966,11.881658298418195,0.64140739600626,0.2766544531729749
1732064880.0,6.23991850125205e-05,6.36597983585551e-05,6.2188526912523e-05,6.34026730668542e-05,663.92455566458,0.0417614713635637,0.016081749371123163,-0.8394311699516463,0.6636869963729203,0.023578375995405843
1732064940.0,6.34026730668542e-05,6.96433078710869e-05,6.33952261364514e-05,6.96433078710869e-05,954.60876348564,0.063503429674951,0.09842857567933025,0.5206224206543846,0.6743602443094632,0.09854603019729595
1732065000.0,6.96433078710869e-05,7.01369399846905e-05,6.8562497554949e-05,6.86617106225566e-05,286.41888503749,0.0198065845960194,-0.014094638502054996,-0.6881021277527608,0.7407365626516088,0.022607232164443925
1732065060.0,6.86617106225566e-05,7.29186277113996e-05,6.86617106225566e-05,7.17030908042577e-05,662.90265308655,0.04652409963290099,0.04429514141323973,1.3489208554538528,0.7302961485757795,0.06199841294726678
1732065120.0,7.17030908042577e-05,7.47431833229058e-05,7.16314200438216e-05,7.47431833229058e-05,370.84646362972,0.027154541435903574,0.04239834691292819,-0.4163338645956217,0.762644719750488,0.04339789602067512
1732065180.0,7.47431833229058e-05,7.47431833229058e-05,6.43936506491399e-05,6.43936506491399e-05,1247.51167464061,0.08678741237632963,-0.13846791391067473,2.1960551637811796,0.7949795951497821,0.13846791391067473
1732065240.0,6.43936506491399e-05,6.44008842652542e-05,5.85414024858712e-05,5.91415738623229e-05,982.60554816442,0.06069319849935031,-0.08156202876948021,-0.30066818634745063,0.684900429007839,0.09099471330348116
1732065300.0,5.91415738623229e-05,6.11857496415351e-05,5.87552276050499e-05,6.11854007686321e-05,351.40087076163,0.021141501830715073,0.0345582096118557,-0.6516660457276546,0.6290385605128723,0.04109667494042809
1732065360.0,6.11854007686321e-05,6.19347485517334e-05,6.11854007686321e-05,6.19347485517334e-05,100.27939433398,0.006173207002077715,0.01224716637772626,-0.7080052755235641,0.6507770069410161,0.01224716637772626
1732065420.0,6.19347485517334e-05,6.203626950583e-05,6.11476274233123e-05,6.12649682571653e-05,167.66757284912,0.010328298746523489,-0.01081428939698751,0.6730847909437179,0.6587471812198215,0.014348037302120285
1732065480.0,6.12649682571653e-05,6.12649682571653e-05,5.99968360916401e-05,5.99968360916401e-05,258.7177435281,0.015686290198634437,-0.0206991401709717,0.5187680549920627,0.6516232985626605,0.0206991401709717
1732065540.0,5.99968360916401e-05,5.99968360916401e-05,5.91912774644302e-05,5.9399054909699e-05,117.333368522,0.007004561039436332,-0.009963545094745367,-0.5534596803490152,0.6381352565670411,0.013426685133520707
1732065600.0,5.9399054909699e-05,6.47589780002032e-05,5.89488692131024e-05,6.47589780002032e-05,1305.66917273021,0.0810546580586411,0.09023583117025315,10.571697013174102,0.6317771671616885,0.09781483553793191
1732065660.0,6.47589780002032e-05,6.51856835076354e-05,6.47589780002032e-05,6.51856835076354e-05,23.674,0.0015381549582682852,0.006589132821565928,-0.9810232379593106,0.6887861049549114,0.006589132821565928
1732065720.0,6.51856835076354e-05,8.43259072443648e-05,6.4740000247754e-05,6.6665728147669e-05,4816.47552670172,0.3175295486994238,0.02270505669945523,205.43534449670202,0.6933246080861084,0.3004633217402199
1732065780.0,6.6665728147669e-05,6.82923171701231e-05,6.6665728147669e-05,6.82923171701231e-05,118.407,0.007989988635971904,0.024399178823204148,-0.974837023298467,0.709066582623831,0.024399178823204148
1732065840.0,6.82923171701231e-05,7.35445609838069e-05,6.82923171701231e-05,7.35445609838069e-05,1570.85482693644,0.11140257234284832,0.07690826774262087,12.942769810873116,0.7263672249708282,0.07690826774262087
1732065900.0,7.35445609838069e-05,7.47539587949527e-05,6.97052300960845e-05,6.97052300960845e-05,1004.14610072143,0.07192185957101621,-0.052204144485514685,-0.35439677865182295,0.7822308699883491,0.06864856668299142
1732065960.0,6.97052300960845e-05,6.97052300960845e-05,6.23102744723553e-05,6.35940136050516e-05,1643.46433253141,0.10953627628811471,-0.08767228058223112,0.522990046996181,0.7413951766304475,0.10608896367655189
1732066020.0,6.35940136050516e-05,6.35940136050516e-05,6.22851208106332e-05,6.26147805847185e-05,208.63759903702,0.013165949898555516,-0.015398194968705526,-0.8798028347802791,0.6763953706825901,0.020582012680426694
1732066080.0,6.26147805847185e-05,6.26147805847185e-05,6.20661144479823e-05,6.20661144479823e-05,70.2191344863,0.004377492268086735,-0.008762565828907698,-0.6675141329098475,0.6659801028888898,0.008762565828907698
1732066140.0,6.20661144479823e-05,6.20661144479823e-05,6.00692041156746e-05,6.04526359119599e-05,279.78903288662,0.01713970133684273,-0.02599612607253927,2.91541555922244,0.6601444083965832,0.03217392211625089
1732066200.0,6.04526359119599e-05,6.0664974412799e-05,5.94972112468368e-05,5.94972112468368e-05,121.83440745719,0.00730700927658625,-0.015804516225140827,-0.573679311384532,0.6429832111298237,0.019316993351007377
1732066260.0,5.94972112468368e-05,5.94972112468368e-05,5.71961684007805e-05,5.73663548834944e-05,350.46495451679,0.020478292194268204,-0.03581439060231052,1.8025545635868447,0.6328211725370293,0.038674801689610835
1732066320.0,5.73663548834944e-05,5.78862435679775e-05,5.73663548834944e-05,5.78862435679775e-05,70.782,0.004078904711796042,0.009062606218208263,-0.800818121301262,0.6101570678823759,0.009062606218208263
1732066380.0,5.78862435679775e-05,5.78862435679775e-05,5.76298758372507e-05,5.76298758372507e-05,12.93380160832,0.0007470312854751128,-0.004428819611100552,-0.8168549308556471,0.6156866811198505,0.004428819611100552
1732066440.0,5.76298758372507e-05,6.40573863996656e-05,5.76293985616971e-05,6.40573863996656e-05,806.71245352131,0.0490833149407169,0.11153087646009291,64.70449711420032,0.6129599158722134,0.1115391581984563
1732066500.0,6.40573863996656e-05,6.40573863996656e-05,6.40573863996656e-05,6.40573863996656e-05,0.0,0.0,0.0,-1.0,0.6813238725243462,0.0
1732066560.0,6.40573863996656e-05,6.40573863996656e-05,6.40573863996656e-05,6.40573863996656e-05,0.0,0.0,0.0,0.0,0.6813238725243462,0.0
1732066620.0,6.40573863996656e-05,6.43573563508854e-05,6.32596329214078e-05,6.32596329214078e-05,188.26045909583,0.011984380254048967,-0.01245373130399782,0.0,0.6813238725243462,0.017136562872370455
1732066680.0,6.32596329214078e-05,6.32596329214078e-05,5.92260694447295e-05,5.92260694447295e-05,606.25974248962,0.03712907518757731,-0.06376204366676456,2.0981222558449044,0.6728388480849288,0.06376204366676456
1732066740.0,5.92260694447295e-05,7.87434173176554e-05,5.92260694447295e-05,6.72075519720086e-05,4942.58943935256,0.31245474099673465,0.1347629954529992,7.415365570464737,0.6299372680726419,0.32953981339483834
1732066800.0,6.72075519720086e-05,6.79718849524114e-05,6.27200698343043e-05,6.79718849524114e-05,1609.62954423208,0.1087944077231017,0.011372724611679742,-0.6518074669757093,0.7148295012655902,0.07814322890818051
1732066860.0,6.79718849524114e-05,7.04758292723465e-05,6.79718849524114e-05,7.04758292723465e-05,26.15218511952,0.0018103551258901354,0.03683794147665856,-0.983359851266457,0.7229590603277881,0.03683794147665856
1732066920.0,7.04758292723465e-05,7.04758292723465e-05,7.04758292723465e-05,7.04758292723465e-05,0.0,0.0,0.0,-1.0,0.7495913838821633,0.0
1732066980.0,7.04758292723465e-05,7.35867612860534e-05,7.04758292723465e-05,7.35867612860534e-05,699.98455456644,0.05042079414085449,0.04414182913243948,0.0,0.7495913838821633,0.04414182913243948
1732067040.0,7.35867612860534e-05,7.35867612860534e-05,7.2250501333878e-05,7.2250501333878e-05,4.7308,0.00034496346100118574,-0.01815897219584058,-0.9931583096442809,0.7826797186686385,0.01815897219584058
1732067100.0,7.2250501333878e-05,7.22955641781841e-05,7.2250501333878e-05,7.22955641781841e-05,11.823,0.000854484066274555,0.0006237028598300907,1.4770277518511385,0.7684670594190864,0.0006237028598300907
1732067160.0,7.22955641781841e-05,7.56890834003619e-05,6.66158632073236e-05,7.05219265452671e-05,3032.55501116194,0.21655094858748788,-0.02453314602463818,252.4288901741881,0.7689463545217313,0.1255017551377826
1732067220.0,7.05219265452671e-05,7.05219265452671e-05,7.05219265452671e-05,7.05219265452671e-05,0.0,0.0,0.0,-1.0,0.7500816813211365,0.0
1732067280.0,7.05219265452671e-05,7.05219265452671e-05,7.05219265452671e-05,7.05219265452671e-05,0.0,0.0,0.0,0.0,0.7500816813211365,0.0
1732067340.0,7.05219265452671e-05,7.09180013953182e-05,6.73725696849271e-05,7.09180013953182e-05,583.46737098804,0.041262791454115565,0.005616336215614632,0.0,0.7500816813211365,0.05027417548094545
1732067400.0,7.09180013953182e-05,7.13448995064859e-05,7.09180013953182e-05,7.122353179703e-05,29.06362474092,0.0020655740904007166,0.004308220701379924,-0.9499409996849669,0.7542943922326095,0.006019601550642101
1732067460.0,7.122353179703e-05,7.21792509281159e-05,7.122353179703e-05,7.21792509281159e-05,188.304,0.01350165879913794,0.013418586624003356,5.536516342785191,0.7575440589481608,0.013418586624003356
1732067520.0,7.21792509281159e-05,7.26441654442291e-05,7.21792509281159e-05,7.23592209640764e-05,74.36577282694,0.005374357582743913,0.0024933763324826697,-0.6019483485179572,0.7677092295246558,0.006441110293264219
1732067580.0,7.23592209640764e-05,7.33812605448909e-05,7.23592209640764e-05,7.33812605448909e-05,84.243816,0.006138867153996422,0.014124524382620223,0.14225134064529132,0.7696234175477811,0.014124524382620223
1732067640.0,7.33812605448909e-05,7.33812605448909e-05,7.33812605448909e-05,7.33812605448909e-05,0.0,0.0,0.0,-1.0,0.7804939822743702,0.0
1732067700.0,7.33812605448909e-05,7.33812605448909e-05,7.33812605448909e-05,7.33812605448909e-05,0.0,0.0,0.0,0.0,0.7804939822743702,0.0
1732067760.0,7.33812605448909e-05,7.33812605448909e-05,6.62394669868432e-05,6.62394669868432e-05,981.58904439359,0.06852508825770634,-0.0973244872739508,0.0,0.7804939822743702,0.0973244872739508
1732067820.0,6.62394669868432e-05,6.62394669868432e-05,6.0201445846038e-05,6.0201445846038e-05,1175.42900626368,0.07431115826111306,-0.09115443428922061,0.08443724992584772,0.7045328056291131,0.09115443428922061
1732067880.0,6.0201445846038e-05,6.0201445846038e-05,5.57646025743419e-05,5.77723427998171e-05,483.6778656792,0.02853065514915812,-0.04034957984951398,-0.6160649918965376,0.6403115162937939,0.07369994539737618
1732067940.0,5.77723427998171e-05,5.92678120702297e-05,5.77723427998171e-05,5.87700894907626e-05,69.65425739204,0.004058838287931216,0.017270317293565953,-0.8577376416099936,0.614475215638534,0.02588555696268794
1732068000.0,5.87700894907626e-05,5.93724106538075e-05,5.87405465933855e-05,5.92585747182391e-05,88.99779879555,0.005252145654690133,0.008311799959965643,0.29400219523580595,0.6250873975816439,0.010751456495932643
1732068060.0,5.92585747182391e-05,5.92585747182391e-05,5.84570678034741e-05,5.84570678034741e-05,142.17897666846,0.00836834479580372,-0.013525585429213944,0.5933192538807144,0.630282998987838,0.013525585429213944
1732068120.0,5.84570678034741e-05,5.84570678034741e-05,5.84570678034741e-05,5.84570678034741e-05,0.0,0.0,0.0,-1.0,0.6217580524404469,0.0
1732068180.0,5.84570678034741e-05,5.84570678034741e-05,5.77858825213245e-05,5.77858825213245e-05,78.95563614936,0.004589018045386464,-0.011481678903328556,0.0,0.6217580524404469,0.011481678903328556
1732068240.0,5.77858825213245e-05,5.79543177700981e-05,5.77858825213245e-05,5.78220957028927e-05,53.58307604816,0.003097315544481128,0.0006266786970820621,-0.325059192653428,0.6146192261267668,0.002914816585373407
1732068300.0,5.78220957028927e-05,5.78220957028927e-05,5.78220957028927e-05,5.78220957028927e-05,0.0,0.0,0.0,-1.0,0.6150043949025974,0.0
1732068360.0,5.78220957028927e-05,5.80681196997653e-05,5.7018723063118e-05,5.7018723063118e-05,140.5210082213,0.008068773818979707,-0.0138938692900837,0.0,0.6150043949025974,0.018148713288418522
1732068420.0,5.7018723063118e-05,5.70855058908303e-05,5.66742946593776e-05,5.70855058908303e-05,59.9950989093,0.00342284725103077,0.0011712438322824263,-0.5757909035720636,0.6064596042269937,0.0072118632154827495
1732068480.0,5.70855058908303e-05,5.70855058908303e-05,5.70855058908303e-05,5.70855058908303e-05,0.0,0.0,0.0,-1.0,0.607169916297973,0.0
1732068540.0,5.70855058908303e-05,5.70855058908303e-05,5.25743933139394e-05,5.25743933139394e-05,605.96814833557,0.033225203033889775,-0.07902378207031918,0.0,0.607169916297973,0.07902378207031918
1732068600.0,5.25743933139394e-05,5.25743933139394e-05,5.23399607399739e-05,5.23399607399739e-05,36.31607546576,0.0019050387996316896,-0.00445906379871333,-0.9426628394809642,0.5591890531527881,0.00445906379871333
1732068660.0,5.23399607399739e-05,5.23399607399739e-05,5.23399607399739e-05,5.23399607399739e-05,0.0,0.0,0.0,-1.0,0.5566955934892377,0.0
1732068720.0,5.23399607399739e-05,5.25975421273064e-05,5.23399607399739e-05,5.25975421273064e-05,46.916,0.002461623942260661,0.004921314110497216,0.0,0.5566955934892377,0.004921314110497216
1732068780.0,5.25975421273064e-05,5.25975421273064e-05,5.25975421273064e-05,5.25975421273064e-05,0.0,0.0,0.0,-1.0,0.559435267368728,0.0
1732068840.0,5.25975421273064e-05,5.25975421273064e-05,5.24221144655854e-05,5.24221144655854e-05,6.3958042344,0.0003358425821660256,-0.003335282498493933,0.0,0.559435267368728,0.003335282498493933
1732068900.0,5.24221144655854e-05,5.24221144655854e-05,5.24221144655854e-05,5.24221144655854e-05,0.0,0.0,0.0,-1.0,0.5575693927124327,0.0
1732068960.0,5.24221144655854e-05,5.24221144655854e-05,5.24221144655854e-05,5.24221144655854e-05,0.0,0.0,0.0,0.0,0.5575693927124327,0.0
1732069020.0,5.24221144655854e-05,5.24221144655854e-05,5.24221144655854e-05,5.24221144655854e-05,0.0,0.0,0.0,0.0,0.5575693927124327,0.0
1732069080.0,5.24221144655854e-05,5.49869963614906e-05,5.24221144655854e-05,5.49869963614906e-05,421.304,0.02262594401394521,0.04892747883317483,0.0,0.5575693927124327,0.04892747883317483
1732069140.0,5.49869963614906e-05,5.5755125064661e-05,5.49869963614906e-05,5.5755125064661e-05,7.0278,0.0003891367404793541,0.013969279175036863,-0.982801303660987,0.5848498573723964,0.013969279175036863
1732069200.0,5.5755125064661e-05,5.5842197113924e-05,5.5755125064661e-05,5.5842197113924e-05,1.0354696905,5.7777822328444094e-05,0.001561686915095612,-0.8515230860564051,0.5930197883055119,0.001561686915095612
1732069260.0,5.5842197113924e-05,5.58796435904048e-05,5.5842197113924e-05,5.58796435904048e-05,5.86375,0.00032755447171500395,0.0006705767039288433,4.669207639100452,0.5939458995493014,0.0006705767039288433
1732069320.0,5.58796435904048e-05,5.58796435904048e-05,4.94119616779322e-05,4.94119616779322e-05,952.24930611002,0.05013192902799202,-0.115743077387544,152.0491364245835,0.5943441858329332,0.115743077387544
1732069380.0,4.94119616779322e-05,4.94119616779322e-05,4.89268208340131e-05,4.89268208340131e-05,41.87949050801,0.0020591890543891368,-0.009818287464101409,-0.9589245996650289,0.5255529607372352,0.009818287464101409
1732069440.0,4.89268208340131e-05,5.23220802998107e-05,4.89268208340131e-05,5.23220802998107e-05,455.76200368783,0.023072701025971268,0.06939464710605665,10.2047511989208,0.5203929306911075,0.06939464710605665
1732069500.0,5.23220802998107e-05,5.23220802998107e-05,5.23220802998107e-05,5.23220802998107e-05,0.0,0.0,0.0,-1.0,0.5565054144729035,0.0
1732069560.0,5.23220802998107e-05,5.23220802998107e-05,5.23220802998107e-05,5.23220802998107e-05,0.0,0.0,0.0,0.0,0.5565054144729035,0.0
1732069620.0,5.23220802998107e-05,5.25158344356195e-05,5.11439964244724e-05,5.11439964244724e-05,408.65104304929,0.021140760086798077,-0.02251599838132886,0.0,0.5565054144729035,0.026219102973091508
1732069680.0,5.11439964244724e-05,5.11439964244724e-05,5.05417588797774e-05,5.05417588797774e-05,374.86582749933,0.01905925740351099,-0.011775332136673405,-0.09845921692224002,0.5439751394614308,0.011775332136673405
1732069740.0,5.05417588797774e-05,5.05417588797774e-05,5.05417588797774e-05,5.05417588797774e-05,0.0,0.0,0.0,-1.0,0.5375696515201792,0.0
1732069800.0,5.05417588797774e-05,5.05417588797774e-05,5.05417588797774e-05,5.05417588797774e-05,0.0,0.0,0.0,0.0,0.5375696515201792,0.0
1732069860.0,5.05417588797774e-05,5.05417588797774e-05,5.05417588797774e-05,5.05417588797774e-05,0.0,0.0,0.0,0.0,0.5375696515201792,0.0
1732069920.0,5.05417588797774e-05,5.05417588797774e-05,5.05417588797774e-05,5.05417588797774e-05,0.0,0.0,0.0,0.0,0.5375696515201792,0.0
1732069980.0,5.05417588797774e-05,5.05417588797774e-05,4.97627242535244e-05,4.97627242535244e-05,6.45607109567,0.00032378643716151435,-0.015413682537366306,0.0,0.5375696515201792,0.015413682537366306
1732070040.0,4.97627242535244e-05,4.97627242535244e-05,4.92343301476621e-05,4.92343301476621e-05,127.00153792135,0.006286389079317118,-0.010618271282140938,18.415232875184575,0.5292837235699245,0.010618271282140938
1732070100.0,4.92343301476621e-05,4.92343301476621e-05,4.46826044889489e-05,4.46826044889489e-05,607.99739321604,0.02855062571895035,-0.09245024041277311,3.541657437794443,0.5236636454078374,0.09245024041277311
1732070160.0,4.46826044889489e-05,4.48557960380027e-05,4.46297512842628e-05,4.48556257015524e-05,0.64644852984,2.8940928635562535e-05,0.0038722275610925407,-0.9989863294443893,0.47525081549445364,0.005058898341429775
1732070220.0,4.48556257015524e-05,4.49515741416042e-05,4.46673912503132e-05,4.49515741416042e-05,18.03607010901,0.0008098844763325223,0.0021390503097691556,26.984052845399663,0.477091094800643,0.006335501664424746
1732070280.0,4.49515741416042e-05,4.49515741416042e-05,4.49515741416042e-05,4.49515741416042e-05,0.0,0.0,0.0,-1.0,0.47811161665476437,0.0
1732070340.0,4.49515741416042e-05,4.49515741416042e-05,4.49515741416042e-05,4.49515741416042e-05,0.0,0.0,0.0,0.0,0.47811161665476437,0.0
1732070400.0,4.49515741416042e-05,4.49515741416042e-05,4.49515741416042e-05,4.49515741416042e-05,0.0,0.0,0.0,0.0,0.47811161665476437,0.0
1732070460.0,4.49515741416042e-05,4.49515741416042e-05,4.49366283938115e-05,4.49368305839954e-05,0.196308,8.822906477436504e-06,-0.00032798757085467426,0.0,0.47811161665476437,0.0003324855264382399
1732070520.0,4.49368305839954e-05,4.49483444971881e-05,4.49368305839954e-05,4.49466393743483e-05,0.1589484,7.143416868163398e-06,0.00021827953207705493,-0.19035559467486068,0.4779548019870204,0.00025622441643224583
1732070580.0,4.49466393743483e-05,4.49466393743483e-05,4.47288446923141e-05,4.47288446923141e-05,0.30705062626,1.3767456771418671e-05,-0.004845627728032115,0.9272929223516452,0.4780591297375521,0.004845627728032115
1732070640.0,4.47288446923141e-05,4.47288446923141e-05,4.47288446923141e-05,4.47288446923141e-05,0.0,0.0,0.0,-1.0,0.4757426331628569,0.0
1732070700.0,4.47288446923141e-05,4.47288446923141e-05,4.45945573448812e-05,4.45945573448812e-05,33.83399224869,0.0015110836460765433,-0.0030022538779315654,0.0,0.4757426331628569,0.0030022538779315654
1732070760.0,4.45945573448812e-05,4.45945573448812e-05,4.44805726738742e-05,4.44805726738742e-05,3.40562269988,0.0001516781423933179,-0.002556022030345023,-0.8996229343179359,0.4743143329975464,0.002556022030345023
1732070820.0,4.44805726738742e-05,4.44805726738742e-05,4.44805726738742e-05,4.44805726738742e-05,0.0,0.0,0.0,-1.0,0.4731019751130962,0.0
1732070880.0,4.44805726738742e-05,4.44805726738742e-05,4.44805726738742e-05,4.44805726738742e-05,0.0,0.0,0.0,0.0,0.4731019751130962,0.0
1732070940.0,4.44805726738742e-05,4.4725745140351e-05,4.37860167503227e-05,4.37860167503227e-05,214.14396262096,0.00945087861316742,-0.01561481522829965,0.0,0.4731019751130962,0.021126715182339755
1732071000.0,4.37860167503227e-05,4.37860167503227e-05,4.30252580337848e-05,4.30252580337848e-05,16.9829002378,0.0007371536095873702,-0.017374467307129333,-0.9220015789261823,0.4657145751875616,0.017374467307129333
1732071060.0,4.30252580337848e-05,4.30252580337848e-05,4.25030924607626e-05,4.25030924607626e-05,152.06190134255,0.006502801797446451,-0.012136256628889397,7.821501669219886,0.4576230325265117,0.012136256628889397
1732071120.0,4.25030924607626e-05,4.25030924607626e-05,4.06542442501319e-05,4.06542442501319e-05,424.56139591746,0.017652697477377806,-0.04349914567598801,1.7146294823732355,0.45206920196447936,0.04349914567598801
1732071180.0,4.06542442501319e-05,4.06542442501319e-05,3.90583321217189e-05,3.90583321217189e-05,38.1964811877,0.0015223699619052494,-0.039255732282068544,-0.9137599245749162,0.4324045778925988,0.039255732282068544
1732071240.0,3.90583321217189e-05,3.90583321217189e-05,3.90466804235674e-05,3.90466804235674e-05,5.351547565,0.00020899134485051067,-0.0002983153022301304,-0.862719739563859,0.4154302195453061,0.0002983153022301304
1732071300.0,3.90466804235674e-05,3.90466804235674e-05,3.90466804235674e-05,3.90466804235674e-05,0.0,0.0,0.0,-1.0,0.4153062903538069,0.0
1732071360.0,3.90466804235674e-05,3.90466804235674e-05,3.90466804235674e-05,3.90466804235674e-05,0.0,0.0,0.0,0.0,0.4153062903538069,0.0
1732071420.0,3.90466804235674e-05,4.14258597019901e-05,3.90466804235674e-05,4.14258597019901e-05,444.136,0.017870376040602307,0.06093166570407605,0.0,0.4153062903538069,0.06093166570407605
1732071480.0,4.14258597019901e-05,4.14258597019901e-05,4.14258597019901e-05,4.14258597019901e-05,0.0,0.0,0.0,-1.0,0.440611594402445,0.0
1732071540.0,4.14258597019901e-05,4.20053839963119e-05,4.14258597019901e-05,4.19923531304639e-05,0.157670619,6.576300626583383e-06,0.013674874403308524,0.0,0.440611594402445,0.013989433134056591
1732071600.0,4.19923531304639e-05,4.19923531304639e-05,4.07639141674384e-05,4.07639141674384e-05,251.8561072859,0.01042133566758055,-0.02925387294226935,1583.6805459979093,0.44663690261654,0.02925387294226935
1732071660.0,4.07639141674384e-05,4.07639141674384e-05,3.83916009986877e-05,3.83916009986877e-05,387.92449324451,0.015353181554163795,-0.0581964028038718,0.4732450852653744,0.433571043416067,0.0581964028038718
1732071720.0,3.83916009986877e-05,3.83916009986877e-05,3.83916009986877e-05,3.83916009986877e-05,0.0,0.0,0.0,-1.0,0.4083387683293306,0.0
1732071780.0,3.83916009986877e-05,3.83916009986877e-05,3.83916009986877e-05,3.83916009986877e-05,0.0,0.0,0.0,0.0,0.4083387683293306,0.0
1732071840.0,3.83916009986877e-05,3.83916009986877e-05,3.83916009986877e-05,3.83916009986877e-05,0.0,0.0,0.0,0.0,0.4083387683293306,0.0
1732071900.0,3.83916009986877e-05,3.83916009986877e-05,3.83916009986877e-05,3.83916009986877e-05,0.0,0.0,0.0,0.0,0.4083387683293306,0.0
1732071960.0,3.83916009986877e-05,3.83916009986877e-05,3.74493083714343e-05,3.74493083714343e-05,57.43891174575,0.0021781096500139304,-0.02454423891531927,0.0,0.4083387683293306,0.02454423891531927
1732072020.0,3.74493083714343e-05,3.74493083714343e-05,3.74493083714343e-05,3.74493083714343e-05,0.0,0.0,0.0,-1.0,0.3983164040410683,0.0
1732072080.0,3.74493083714343e-05,3.74493083714343e-05,3.74493083714343e-05,3.74493083714343e-05,0.0,0.0,0.0,0.0,0.3983164040410683,0.0
1732072140.0,3.74493083714343e-05,3.74493083714343e-05,3.74493083714343e-05,3.74493083714343e-05,0.0,0.0,0.0,0.0,0.3983164040410683,0.0
1732072200.0,3.74493083714343e-05,3.74493083714343e-05,3.74493083714343e-05,3.74493083714343e-05,0.0,0.0,0.0,0.0,0.3983164040410683,0.0
1732072260.0,3.74493083714343e-05,3.74493083714343e-05,3.74493083714343e-05,3.74493083714343e-05,0.0,0.0,0.0,0.0,0.3983164040410683,0.0
1732072320.0,3.74493083714343e-05,3.74493083714343e-05,3.72581030883983e-05,3.74189489950088e-05,8.60938992062,0.00032228501017251963,-0.0008106792286890853,0.0,0.3983164040410683,0.005105709326846901
1732072380.0,3.74189489950088e-05,3.74189489950088e-05,3.74189489950088e-05,3.74189489950088e-05,0.0,0.0,0.0,-1.0,0.397993497205866,0.0
1732072440.0,3.74189489950088e-05,3.74906880289346e-05,3.71731863902787e-05,3.74906880289346e-05,83.42461252373,0.0031246537215078684,0.001917184631117451,0.0,0.397993497205866,0.00848504961211644
1732072500.0,3.74906880289346e-05,3.82688468348815e-05,3.72663951004729e-05,3.72663951004729e-05,641.08680286325,0.023962889707407026,-0.0059826303611338815,6.668974498666438,0.3987565242219938,0.026738685980767524
1732072560.0,3.72663951004729e-05,3.72663951004729e-05,3.53901726192906e-05,3.53901726192906e-05,172.26017451176,0.006257916517415984,-0.050346229521902236,-0.7388496715618719,0.3963709113334831,0.050346229521902236
1732072620.0,3.53901726192906e-05,3.53901726192906e-05,3.47397645169208e-05,3.486166791936e-05,78.73302012347,0.002765569787420192,-0.014933657024394318,-0.558068603228643,0.376415130455682,0.018378212205025286
1732072680.0,3.486166791936e-05,3.486166791936e-05,3.486166791936e-05,3.486166791936e-05,0.0,0.0,0.0,-1.0,0.3707938759986642,0.0
1732072740.0,3.486166791936e-05,3.486166791936e-05,3.486166791936e-05,3.486166791936e-05,0.0,0.0,0.0,0.0,0.3707938759986642,0.0
1732072800.0,3.486166791936e-05,3.486166791936e-05,3.43748144551038e-05,3.43748144551038e-05,124.70579864548,0.004317095414955604,-0.013965294643456536,0.0,0.3707938759986642,0.013965294643456536
1732072860.0,3.43748144551038e-05,3.43748144551038e-05,3.43748144551038e-05,3.43748144551038e-05,0.0,0.0,0.0,-1.0,0.3656156302683536,0.0
1732072920.0,3.43748144551038e-05,3.43748144551038e-05,3.43748144551038e-05,3.43748144551038e-05,0.0,0.0,0.0,0.0,0.3656156302683536,0.0
1732072980.0,3.43748144551038e-05,3.43748144551038e-05,3.39551573460191e-05,3.39551573460191e-05,9.54937120536,0.0003262541325903519,-0.012208272705960655,0.0,0.3656156302683536,0.012208272705960655
1732073040.0,3.39551573460191e-05,3.39551573460191e-05,3.27682138750641e-05,3.27682138750641e-05,399.9171020859,0.013341908630068667,-0.03495620588234902,39.894221091203484,0.36115209494847583,0.03495620588234902
1732073100.0,3.27682138750641e-05,3.27682138750641e-05,3.27682138750641e-05,3.27682138750641e-05,0.0,0.0,0.0,-1.0,0.34852758796261524,0.0
1732073160.0,3.27682138750641e-05,3.27682138750641e-05,3.27682138750641e-05,3.27682138750641e-05,0.0,0.0,0.0,0.0,0.34852758796261524,0.0
1732073220.0,3.27682138750641e-05,3.27682138750641e-05,3.27682138750641e-05,3.27682138750641e-05,0.0,0.0,0.0,0.0,0.34852758796261524,0.0
1732073280.0,3.27682138750641e-05,3.27682138750641e-05,3.27682138750641e-05,3.27682138750641e-05,0.0,0.0,0.0,0.0,0.34852758796261524,0.0
1732073340.0,3.27682138750641e-05,3.27682138750641e-05,3.27682138750641e-05,3.27682138750641e-05,0.0,0.0,0.0,0.0,0.34852758796261524,0.0
1732073400.0,3.27682138750641e-05,3.27682138750641e-05,3.27682138750641e-05,3.27682138750641e-05,0.0,0.0,0.0,0.0,0.34852758796261524,0.0
1732073460.0,3.27682138750641e-05,3.27682138750641e-05,3.27682138750641e-05,3.27682138750641e-05,0.0,0.0,0.0,0.0,0.34852758796261524,0.0
1732073520.0,3.27682138750641e-05,3.27682138750641e-05,3.13211098381004e-05,3.13211098381004e-05,125.2844590183,0.00401469812512626,-0.04416182226108186,0.0,0.34852758796261524,0.04416182226108186
1732073580.0,3.13211098381004e-05,3.13211098381004e-05,3.06385586053782e-05,3.06385586053782e-05,123.85676823472,0.003837062147152011,-0.02179205131141021,-0.0442464096771067,0.33313597456992666,0.02179205131141021
1732073640.0,3.06385586053782e-05,3.06385586053782e-05,3.02941496785268e-05,3.02941496785268e-05,0.68888368554,2.0987774326275084e-05,-0.01124102903427528,-0.9945302490495618,0.32587625831842215,0.01124102903427528
1732073700.0,3.02941496785268e-05,3.02941496785268e-05,3.02941496785268e-05,3.02941496785268e-05,0.0,0.0,0.0,-1.0,0.3222130738370838,0.0
1732073760.0,3.02941496785268e-05,3.02941496785268e-05,3.01584713080532e-05,3.01584713080532e-05,36.96901429063,0.0011174369045794574,-0.004478698755811962,0.0,0.3222130738370838,0.004478698755811962
1732073820.0,3.01584713080532e-05,3.01584713080532e-05,3.01584713080532e-05,3.01584713080532e-05,0.0,0.0,0.0,-1.0,0.3207699785441833,0.0
1732073880.0,3.01584713080532e-05,3.01584713080532e-05,2.99182047534875e-05,2.99182047534875e-05,21.2131510014,0.0006372078004778278,-0.007966801503680383,0.0,0.3207699785441833,0.007966801503680383
1732073940.0,2.99182047534875e-05,2.99182047534875e-05,2.99182047534875e-05,2.99182047534875e-05,0.0,0.0,0.0,-1.0,0.318214467796782,0.0
1732074000.0,2.99182047534875e-05,2.99182047534875e-05,2.99182047534875e-05,2.99182047534875e-05,0.0,0.0,0.0,0.0,0.318214467796782,0.0
1732074060.0,2.99182047534875e-05,2.99182047534875e-05,2.97914578284133e-05,2.97914578284133e-05,51.76560679164,0.0015454534574380885,-0.004236448213338302,0.0,0.318214467796782,0.004236448213338302
1732074120.0,2.97914578284133e-05,2.97914578284133e-05,2.97914578284133e-05,2.97914578284133e-05,0.0,0.0,0.0,-1.0,0.3168663686832259,0.0
1732074180.0,2.97914578284133e-05,2.97914578284133e-05,2.97914578284133e-05,2.97914578284133e-05,0.0,0.0,0.0,0.0,0.3168663686832259,0.0
1732074240.0,2.97914578284133e-05,2.97914578284133e-05,2.96855921280643e-05,2.96855921280643e-05,15.93361056943,0.0004738420759125238,-0.0035535589080179287,0.0,0.3168663686832259,0.0035535589080179287
1732074300.0,2.96855921280643e-05,2.96855921280643e-05,2.96626777443717e-05,2.96626777443717e-05,5.2074243753,0.00015452581358280294,-0.0007719025308219379,-0.6738875219444843,0.3157403653761403,0.0007719025308219379
1732074360.0,2.96626777443717e-05,2.96626777443717e-05,2.96626777443717e-05,2.96626777443717e-05,0.0,0.0,0.0,-1.0,0.3154966445890238,0.0
1732074420.0,2.96626777443717e-05,2.96626777443717e-05,2.9642413133396e-05,2.9642413133396e-05,4.62478826415,0.00013713674414792465,-0.0006831686319872855,0.0,0.3154966445890238,0.0006831686319872855
1732074480.0,2.9642413133396e-05,2.9642413133396e-05,2.9642413133396e-05,2.9642413133396e-05,0.0,0.0,0.0,-1.0,0.3152811071779434,0.0
1732074540.0,2.9642413133396e-05,2.9642413133396e-05,2.9642413133396e-05,2.9642413133396e-05,0.0,0.0,0.0,0.0,0.3152811071779434,0.0
1732074600.0,2.9642413133396e-05,2.9642413133396e-05,2.9642413133396e-05,2.9642413133396e-05,0.0,0.0,0.0,0.0,0.3152811071779434,0.0
1732074660.0,2.9642413133396e-05,2.9642413133396e-05,2.93481419536572e-05,2.93481419536572e-05,61.26941944864,0.0018071585315683834,-0.009927369219723325,0.0,0.3152811071779434,0.009927369219723325
1732074720.0,2.93481419536572e-05,2.93481419536572e-05,2.92781980692556e-05,2.92781980692556e-05,16.7485432943,0.0004909528970300539,-0.0023832474475571973,-0.7283288165073324,0.31215119521898477,0.0023832474475571973
1732074780.0,2.92781980692556e-05,2.95050834544032e-05,2.92380147097106e-05,2.95050834544032e-05,48.55843931094,0.0014272122041822433,0.007749294700818632,1.9070247121790096,0.3114072616797272,0.00912176166241069
1732074840.0,2.95050834544032e-05,2.95050834544032e-05,2.94504802238824e-05,2.94504802238824e-05,17.8659769419,0.0005266493706364839,-0.0018506380639521027,-0.6309943475166395,0.31382044832245837,0.0018506380639521027
1732074900.0,2.94504802238824e-05,2.94504802238824e-05,2.93984122479276e-05,2.93984122479276e-05,3.31137374232,9.743533864788236e-05,-0.0017679839363901391,-0.8149901166118806,0.31323968025554627,0.0017679839363901391
1732074960.0,2.93984122479276e-05,2.93984122479276e-05,2.93984122479276e-05,2.93984122479276e-05,0.0,0.0,0.0,-1.0,0.3126858775326145,0.0
1732075020.0,2.93984122479276e-05,2.93984122479276e-05,2.899568975277e-05,2.899568975277e-05,144.97844876385,0.004232943162509583,-0.013698783858165345,0.0,0.3126858775326145,0.013698783858165345
1732075080.0,2.899568975277e-05,2.899568975277e-05,2.899568975277e-05,2.899568975277e-05,0.0,0.0,0.0,-1.0,0.30840246128079446,0.0
1732075140.0,2.899568975277e-05,2.899568975277e-05,2.899568975277e-05,2.899568975277e-05,0.0,0.0,0.0,0.0,0.30840246128079446,0.0
1732075200.0,2.899568975277e-05,2.899568975277e-05,2.845783783436e-05,2.845783783436e-05,71.1445945859,0.0020437539638580924,-0.01854937485522709,0.0,0.30840246128079446,0.01854937485522709
1732075260.0,2.845783783436e-05,2.845783783436e-05,2.845783783436e-05,2.845783783436e-05,0.0,0.0,0.0,-1.0,0.30268178842022236,0.0
1732075320.0,2.845783783436e-05,2.845783783436e-05,2.845783783436e-05,2.845783783436e-05,0.0,0.0,0.0,0.0,0.30268178842022236,0.0
1732075380.0,2.845783783436e-05,2.845783783436e-05,2.79768285939485e-05,2.79768285939485e-05,96.87270824592,0.0027334894879326725,-0.016902522363478,0.0,0.30268178842022236,0.016902522363478
1732075440.0,2.79768285939485e-05,2.79768285939485e-05,2.73193944557571e-05,2.73193944557571e-05,124.05078591762,0.003429769963795997,-0.023499237448722336,0.25472220725089334,0.297565702722432,0.023499237448722336
1732075500.0,2.73193944557571e-05,2.73193944557571e-05,2.73193944557571e-05,2.73193944557571e-05,0.0,0.0,0.0,-1.0,0.29057313561756165,0.0
1732075560.0,2.73193944557571e-05,2.73193944557571e-05,2.66702278340357e-05,2.66702278340357e-05,123.6538726365,0.0033380129391573903,-0.02376211605907687,0.0,0.29057313561756165,0.02376211605907687
1732075620.0,2.66702278340357e-05,2.66702278340357e-05,2.64024026015162e-05,2.64024026015162e-05,2.7911982624,7.406811692635492e-05,-0.010042105158835885,-0.9778107160528108,0.2836685030453673,0.010042105158835885
1732075680.0,2.64024026015162e-05,2.64024026015162e-05,2.59463836919922e-05,2.61818626241733e-05,92.81809677466,0.0024403857092712184,-0.00835302683136252,31.94785679103555,0.28081987410753617,0.017271871670414354
1732075740.0,2.61818626241733e-05,2.61818626241733e-05,2.61818626241733e-05,2.61818626241733e-05,0.0,0.0,0.0,-1.0,0.27847417816433606,0.0
1732075800.0,2.61818626241733e-05,2.61818626241733e-05,2.61818626241733e-05,2.61818626241733e-05,0.0,0.0,0.0,0.0,0.27847417816433606,0.0
1732075860.0,2.61818626241733e-05,2.61818626241733e-05,2.59324381283117e-05,2.59324381283117e-05,19.17233846904,0.0004995765065519942,-0.009526613879308532,0.0,0.27847417816433606,0.009526613879308532
1732075920.0,2.59324381283117e-05,2.59324381283117e-05,2.59324381283117e-05,2.59324381283117e-05,0.0,0.0,0.0,-1.0,0.27582126219360664,0.0
1732075980.0,2.59324381283117e-05,2.59324381283117e-05,2.57611400144646e-05,2.57611400144646e-05,39.13843689288,0.0010116029229541056,-0.006605553746991727,0.0,0.27582126219360664,0.006605553746991727
1732076040.0,2.57611400144646e-05,2.58037402276864e-05,2.57611400144646e-05,2.58037402276864e-05,2.79204,7.198560411564764e-05,0.001653661802151625,-0.9288400591949323,0.2739993100216237,0.001653661802151625
1732076100.0,2.58037402276864e-05,2.58037402276864e-05,2.4792301555502e-05,2.4792301555502e-05,358.0703409722,0.009058470966574974,-0.039197366864636415,124.8372570163083,0.27445241221442235,0.039197366864636415
1732076160.0,2.4792301555502e-05,2.4792301555502e-05,2.4792301555502e-05,2.4792301555502e-05,0.0,0.0,0.0,-1.0,0.2636946003259692,0.0
1732076220.0,2.4792301555502e-05,2.4792301555502e-05,2.4792301555502e-05,2.4792301555502e-05,0.0,0.0,0.0,0.0,0.2636946003259692,0.0
1732076280.0,2.4792301555502e-05,2.4792301555502e-05,2.4792301555502e-05,2.4792301555502e-05,0.0,0.0,0.0,0.0,0.2636946003259692,0.0
1732076340.0,2.4792301555502e-05,2.4792301555502e-05,2.38633899157631e-05,2.38633899157631e-05,13.91697371385,0.000338569989617396,-0.0374677452861472,0.0,0.2636946003259692,0.0374677452861472
1732076400.0,2.38633899157631e-05,2.38633899157631e-05,2.38633899157631e-05,2.38633899157631e-05,0.0,0.0,0.0,-1.0,0.2538145582076234,0.0
1732076460.0,2.38633899157631e-05,2.38633899157631e-05,2.38633899157631e-05,2.38633899157631e-05,0.0,0.0,0.0,0.0,0.2538145582076234,0.0
1732076520.0,2.38633899157631e-05,2.38633899157631e-05,2.38633899157631e-05,2.38633899157631e-05,0.0,0.0,0.0,0.0,0.2538145582076234,0.0
1732076580.0,2.38633899157631e-05,2.38633899157631e-05,2.38633899157631e-05,2.38633899157631e-05,0.0,0.0,0.0,0.0,0.2538145582076234,0.0
1732076640.0,2.38633899157631e-05,2.38633899157631e-05,2.38633899157631e-05,2.38633899157631e-05,0.0,0.0,0.0,0.0,0.2538145582076234,0.0
1732076700.0,2.38633899157631e-05,2.38633899157631e-05,2.32260610377828e-05,2.32260610377828e-05,260.75014903086,0.006139290676959233,-0.02670739070308318,0.0,0.2538145582076234,0.02670739070308318
1732076760.0,2.32260610377828e-05,2.32260610377828e-05,2.32260610377828e-05,2.32260610377828e-05,0.0,0.0,0.0,-1.0,0.24703583363544196,0.0
1732076820.0,2.32260610377828e-05,2.32260610377828e-05,2.14890535913554e-05,2.14890535913554e-05,501.31600910011,0.011208201406166754,-0.07478700084365307,0.0,0.24703583363544196,0.07478700084365307
1732076880.0,2.14890535913554e-05,2.14890535913554e-05,2.14890535913554e-05,2.14890535913554e-05,0.0,0.0,0.0,-1.0,0.22856076453693563,0.0
1732076940.0,2.14890535913554e-05,2.14890535913554e-05,2.05097104168e-05,2.05097104168e-05,20.5097104168,0.0004306912438353949,-0.045574048684460015,0.0,0.22856076453693563,0.045574048684460015
1732077000.0,2.05097104168e-05,2.05097104168e-05,2.05097104168e-05,2.05097104168e-05,0.0,0.0,0.0,-1.0,0.21814432512657192,0.0
1732077060.0,2.05097104168e-05,2.05655718034748e-05,2.05097104168e-05,2.05655718034748e-05,4.6686,9.588203128678747e-05,0.002723655553373512,0.0,0.21814432512657192,0.002723655553373512
1732077120.0,2.05655718034748e-05,2.05655718034748e-05,2.04727307398713e-05,2.04727307398713e-05,0.27315114909,5.604829748209028e-06,-0.004514392524102496,-0.9415445243181725,0.21873847512913983,0.004514392524102496
1732077180.0,2.04727307398713e-05,2.04727307398713e-05,2.04727307398713e-05,2.04727307398713e-05,0.0,0.0,0.0,-1.0,0.21775100379228327,0.0
1732077240.0,2.04727307398713e-05,2.04727307398713e-05,2.036404702164e-05,2.036404702164e-05,40.72809404328,0.0008316020625476787,-0.005308706474590329,0.0,0.21775100379228327,0.005308706474590329
1732077300.0,2.036404702164e-05,2.036404702164e-05,2.036404702164e-05,2.036404702164e-05,0.0,0.0,0.0,-1.0,0.2165950276286026,0.0
1732077360.0,2.036404702164e-05,2.036404702164e-05,2.036404702164e-05,2.036404702164e-05,0.0,0.0,0.0,0.0,0.2165950276286026,0.0
1732077420.0,2.036404702164e-05,2.036404702164e-05,2.036404702164e-05,2.036404702164e-05,0.0,0.0,0.0,0.0,0.2165950276286026,0.0
1732077480.0,2.036404702164e-05,2.036404702164e-05,2.02051204275e-05,2.02051204275e-05,40.410240855,0.0008197049139532866,-0.0078042735793683255,0.0,0.2165950276286026,0.0078042735793683255
1732077540.0,2.02051204275e-05,2.02051204275e-05,2.02051204275e-05,2.02051204275e-05,0.0,0.0,0.0,-1.0,0.21490466077705817,0.0
1732077600.0,2.02051204275e-05,2.02051204275e-05,2.02051204275e-05,2.02051204275e-05,0.0,0.0,0.0,0.0,0.21490466077705817,0.0
1732077660.0,2.02051204275e-05,2.02051204275e-05,2.02051204275e-05,2.02051204275e-05,0.0,0.0,0.0,0.0,0.21490466077705817,0.0
1732077720.0,2.02051204275e-05,2.02051204275e-05,2.02051204275e-05,2.02051204275e-05,0.0,0.0,0.0,0.0,0.21490466077705817,0.0
1732077780.0,2.02051204275e-05,2.02051204275e-05,2.02051204275e-05,2.02051204275e-05,0.0,0.0,0.0,0.0,0.21490466077705817,0.0
1732077840.0,2.02051204275e-05,2.02051204275e-05,2.01087943433026e-05,2.01087943433026e-05,3.56576960208,7.187506591528591e-05,-0.00476740955556482,0.0,0.21490466077705817,0.00476740955556482
1732077900.0,2.01087943433026e-05,2.01087943433026e-05,2.01087943433026e-05,2.01087943433026e-05,0.0,0.0,0.0,-1.0,0.2138801222437342,0.0
1732077960.0,2.01087943433026e-05,2.01087943433026e-05,2.01087943433026e-05,2.01087943433026e-05,0.0,0.0,0.0,0.0,0.2138801222437342,0.0
1732078020.0,2.01087943433026e-05,2.01087943433026e-05,2.00782138131501e-05,2.00782138131501e-05,1.661224315,3.3379817548301274e-05,-0.0015207540357924894,0.0,0.2138801222437342,0.0015207540357924894
1732078080.0,2.00782138131501e-05,2.00782138131501e-05,2.00471792930421e-05,2.00471792930421e-05,12.2950366819,0.0002466715900581452,-0.0015456813238872446,6.389842371103629,0.21355486318465625,0.0015456813238872446
1732078140.0,2.00471792930421e-05,2.00471792930421e-05,2.00038410877846e-05,2.00038410877846e-05,7.96761924812,0.0001595556404465606,-0.0021618106280189685,-0.35316571961550053,0.21322477542100643,0.0021618106280189685
1732078200.0,2.00038410877846e-05,2.00038410877846e-05,2.00038410877846e-05,2.00038410877846e-05,0.0,0.0,0.0,-1.0,0.21276382383534434,0.0
1732078260.0,2.00038410877846e-05,2.02048432592209e-05,2.00038410877846e-05,2.02048432592209e-05,55.57264592034,0.001117251489069427,0.010048178774977483,0.0,0.21276382383534434,0.010048178774977483
1732078320.0,2.02048432592209e-05,2.02155630569085e-05,2.02048432592209e-05,2.02155630569085e-05,4.7831856268,9.666915326036304e-05,0.0005305558449560908,-0.9134759235444115,0.2149017127740897,0.0005305558449560908
1732078380.0,2.02155630569085e-05,2.02155630569085e-05,2.02155630569085e-05,2.02155630569085e-05,0.0,0.0,0.0,-1.0,0.21501573013389308,0.0
1732078440.0,2.02155630569085e-05,2.02155630569085e-05,2.02155630569085e-05,2.02155630569085e-05,0.0,0.0,0.0,0.0,0.21501573013389308,0.0
1732078500.0,2.02155630569085e-05,2.02155630569085e-05,2.02155630569085e-05,2.02155630569085e-05,0.0,0.0,0.0,0.0,0.21501573013389308,0.0
1732078560.0,2.02155630569085e-05,2.02155630569085e-05,2.01945627571495e-05,2.01945627571495e-05,5.00754511875,0.00010117776413412976,-0.001038818443982061,0.0,0.21501573013389308,0.001038818443982061
1732078620.0,2.01945627571495e-05,2.01945627571495e-05,2.01945627571495e-05,2.01945627571495e-05,0.0,0.0,0.0,-1.0,0.2147923678276837,0.0
1732078680.0,2.01945627571495e-05,2.04212731049999e-05,2.01945627571495e-05,2.04212731049999e-05,46.724,0.0009488671574115343,0.011226306336844934,0.0,0.2147923678276837,0.011226306336844934
1732078740.0,2.04212731049999e-05,2.05930765794165e-05,2.04212731049999e-05,2.05930765794165e-05,23.378,0.00047941673346114336,0.008412965907328075,-0.4947483114823259,0.21720369274773357,0.008412965907328075
1732078800.0,2.05930765794165e-05,2.05930765794165e-05,2.05930765794165e-05,2.05930765794165e-05,0.0,0.0,0.0,-1.0,0.21903102000976601,0.0
1732078860.0,2.05930765794165e-05,2.05930765794165e-05,2.05930765794165e-05,2.05930765794165e-05,0.0,0.0,0.0,0.0,0.21903102000976601,0.0
1732078920.0,2.05930765794165e-05,2.05930765794165e-05,2.05930765794165e-05,2.05930765794165e-05,0.0,0.0,0.0,0.0,0.21903102000976601,0.0
1732078980.0,2.05930765794165e-05,2.05930765794165e-05,2.05930765794165e-05,2.05930765794165e-05,0.0,0.0,0.0,0.0,0.21903102000976601,0.0
1732079040.0,2.05930765794165e-05,2.05930765794165e-05,2.05930765794165e-05,2.05930765794165e-05,0.0,0.0,0.0,0.0,0.21903102000976601,0.0
1732079100.0,2.05930765794165e-05,2.05930765794165e-05,2.05930765794165e-05,2.05930765794165e-05,0.0,0.0,0.0,0.0,0.21903102000976601,0.0
1732079160.0,2.05930765794165e-05,2.05930765794165e-05,2.05930765794165e-05,2.05930765794165e-05,0.0,0.0,0.0,0.0,0.21903102000976601,0.0
1732079220.0,2.05930765794165e-05,2.05930765794165e-05,2.05930765794165e-05,2.05930765794165e-05,0.0,0.0,0.0,0.0,0.21903102000976601,0.0
1732079280.0,2.05930765794165e-05,2.07118935713363e-05,2.05930765794165e-05,2.07118935713363e-05,55.59074314056,0.0011480869930394985,0.00576975428909741,0.0,0.21903102000976601,0.00576975428909741
1732079340.0,2.07118935713363e-05,2.10476502689736e-05,2.07118935713363e-05,2.10476502689736e-05,93.236,0.001946746414747567,0.016210816093703784,0.695643645952003,0.22029477517691273,0.016210816093703784
1732079400.0,2.10476502689736e-05,2.14215909496757e-05,2.10476502689736e-05,2.14215909496757e-05,62.72901849607,0.001332026908959355,0.0177663860774676,-0.31576763215352943,0.2238659332637095,0.0177663860774676
1732079460.0,2.14215909496757e-05,2.14215909496757e-05,2.14215909496757e-05,2.14215909496757e-05,0.0,0.0,0.0,-1.0,0.22784322186366515,0.0
1732079520.0,2.14215909496757e-05,2.14278232120368e-05,2.14215909496757e-05,2.14278232120368e-05,16.67987783475,0.00035736149675398554,0.00029093368348512196,0.0,0.22784322186366515,0.00029093368348512196
1732079580.0,2.14278232120368e-05,2.14278232120368e-05,2.09771594870456e-05,2.09771594870456e-05,128.76028784656,0.002730038889231123,-0.02103170819227437,6.639432098949746,0.22790950913145905,0.02103170819227437
1732079640.0,2.09771594870456e-05,2.09771594870456e-05,2.08719794446308e-05,2.08719794446308e-05,12.0038913036,0.00025117625744254925,-0.005014026921983949,-0.9079953555118442,0.22311618284116172,0.005014026921983949
1732079700.0,2.08719794446308e-05,2.08719794446308e-05,2.06518279889586e-05,2.06518279889586e-05,91.48260303512,0.0018993529959769123,-0.01054770374109547,6.56183333295881,0.22199747229366584,0.01054770374109547
1732079760.0,2.06518279889586e-05,2.06518279889586e-05,2.06518279889586e-05,2.06518279889586e-05,0.0,0.0,0.0,-1.0,0.21965590872464022,0.0
1732079820.0,2.06518279889586e-05,2.06518279889586e-05,2.06518279889586e-05,2.06518279889586e-05,0.0,0.0,0.0,0.0,0.21965590872464022,0.0
1732079880.0,2.06518279889586e-05,2.06518279889586e-05,2.06518279889586e-05,2.06518279889586e-05,0.0,0.0,0.0,0.0,0.21965590872464022,0.0
1732079940.0,2.06518279889586e-05,2.06518279889586e-05,2.06518279889586e-05,2.06518279889586e-05,0.0,0.0,0.0,0.0,0.21965590872464022,0.0
1732080000.0,2.06518279889586e-05,2.06518279889586e-05,2.06518279889586e-05,2.06518279889586e-05,0.0,0.0,0.0,0.0,0.21965590872464022,0.0
1732080060.0,2.06518279889586e-05,2.06518279889586e-05,2.06518279889586e-05,2.06518279889586e-05,0.0,0.0,0.0,0.0,0.21965590872464022,0.0
1732080120.0,2.06518279889586e-05,2.06518279889586e-05,2.06518279889586e-05,2.06518279889586e-05,0.0,0.0,0.0,0.0,0.21965590872464022,0.0
1732080180.0,2.06518279889586e-05,2.06518279889586e-05,2.06518279889586e-05,2.06518279889586e-05,0.0,0.0,0.0,0.0,0.21965590872464022,0.0
1732080240.0,2.06518279889586e-05,2.06518279889586e-05,2.06518279889586e-05,2.06518279889586e-05,0.0,0.0,0.0,0.0,0.21965590872464022,0.0
1732080300.0,2.06518279889586e-05,2.06518279889586e-05,2.06518279889586e-05,2.06518279889586e-05,0.0,0.0,0.0,0.0,0.21965590872464022,0.0
1732080360.0,2.06518279889586e-05,2.06518279889586e-05,2.06518279889586e-05,2.06518279889586e-05,0.0,0.0,0.0,0.0,0.21965590872464022,0.0
1732080420.0,2.06518279889586e-05,2.06518279889586e-05,2.06518279889586e-05,2.06518279889586e-05,0.0,0.0,0.0,0.0,0.21965590872464022,0.0
1732080480.0,2.06518279889586e-05,2.06518279889586e-05,2.06518279889586e-05,2.06518279889586e-05,0.0,0.0,0.0,0.0,0.21965590872464022,0.0
1732080540.0,2.06518279889586e-05,2.06518279889586e-05,2.06518279889586e-05,2.06518279889586e-05,0.0,0.0,0.0,0.0,0.21965590872464022,0.0
1732080600.0,2.06518279889586e-05,2.06518279889586e-05,1.95740620414779e-05,1.97243560374956e-05,422.34723450282,0.008526384831674933,-0.04490992041764384,0.0,0.21965590872464022,0.05218743580747052
1732080660.0,1.97243560374956e-05,1.97243560374956e-05,1.97243560374956e-05,1.97243560374956e-05,0.0,0.0,0.0,-1.0,0.20979117934455138,0.0
1732080720.0,1.97243560374956e-05,1.97243560374956e-05,1.97243560374956e-05,1.97243560374956e-05,0.0,0.0,0.0,0.0,0.20979117934455138,0.0
1732080780.0,1.97243560374956e-05,1.97243560374956e-05,1.96686292385064e-05,1.96686292385064e-05,26.24123024192,0.0005168601982720665,-0.002825278497471026,0.0,0.20979117934455138,0.002825278497471026
1732080840.0,1.96686292385064e-05,1.96686292385064e-05,1.96686292385064e-05,1.96686292385064e-05,0.0,0.0,0.0,-1.0,0.20919846083659013,0.0
1732080900.0,1.96686292385064e-05,1.96686292385064e-05,1.96686292385064e-05,1.96686292385064e-05,0.0,0.0,0.0,0.0,0.20919846083659013,0.0
1732080960.0,1.96686292385064e-05,1.96686292385064e-05,1.959491160704e-05,1.959491160704e-05,0.87704907185,1.721802602806552e-05,-0.0037479801247196453,0.0,0.20919846083659013,0.0037479801247196453
1732081020.0,1.959491160704e-05,1.959491160704e-05,1.959491160704e-05,1.959491160704e-05,0.0,0.0,0.0,-1.0,0.20841438916325264,0.0
1732081080.0,1.959491160704e-05,1.959491160704e-05,1.959491160704e-05,1.959491160704e-05,0.0,0.0,0.0,0.0,0.20841438916325264,0.0
1732081140.0,1.959491160704e-05,1.959491160704e-05,1.959491160704e-05,1.959491160704e-05,0.0,0.0,0.0,0.0,0.20841438916325264,0.0
1732081200.0,1.959491160704e-05,1.959491160704e-05,1.89705740415774e-05,1.89705740415774e-05,273.98827415436,0.00528324542739471,-0.0318622292349759,0.0,0.20841438916325264,0.0318622292349759
1732081260.0,1.89705740415774e-05,1.89705740415774e-05,1.89705740415774e-05,1.89705740415774e-05,0.0,0.0,0.0,-1.0,0.20177384211986563,0.0
1732081320.0,1.89705740415774e-05,1.89705740415774e-05,1.89705740415774e-05,1.89705740415774e-05,0.0,0.0,0.0,0.0,0.20177384211986563,0.0
1732081380.0,1.89705740415774e-05,1.89705740415774e-05,1.89705740415774e-05,1.89705740415774e-05,0.0,0.0,0.0,0.0,0.20177384211986563,0.0
1732081440.0,1.89705740415774e-05,1.89705740415774e-05,1.89705740415774e-05,1.89705740415774e-05,0.0,0.0,0.0,0.0,0.20177384211986563,0.0
1732081500.0,1.89705740415774e-05,1.89705740415774e-05,1.81847791567836e-05,1.81847791567836e-05,89.695228401,0.0016663289457234077,-0.04142177685670398,0.0,0.20177384211986563,0.04142177685670398
1732081560.0,1.81847791567836e-05,1.81847791567836e-05,1.81847791567836e-05,1.81847791567836e-05,0.0,0.0,0.0,-1.0,0.1934160110560567,0.0
1732081620.0,1.81847791567836e-05,1.81847791567836e-05,1.79975870088271e-05,1.79975870088271e-05,0.67610294456,1.2231502152858756e-05,-0.010293891740041958,0.0,0.1934160110560567,0.010293891740041958
1732081680.0,1.79975870088271e-05,1.79975870088271e-05,1.79975870088271e-05,1.79975870088271e-05,0.0,0.0,0.0,-1.0,0.19142500757745493,0.0
1732081740.0,1.79975870088271e-05,1.80019385005147e-05,1.79975870088271e-05,1.80019385005147e-05,1.6398632564,2.951714956530206e-05,0.00024178195029519444,0.0,0.19142500757745493,0.00024178195029519444
1732081800.0,1.80019385005147e-05,1.80020020173176e-05,1.80019385005147e-05,1.80020020173176e-05,3.81086880495,6.860314688734125e-05,3.52833129032559e-06,1.3241792618073622,0.19147129068912228,3.52833129032559e-06
1732081860.0,1.80020020173176e-05,1.80020020173176e-05,1.80020020173176e-05,1.80020020173176e-05,0.0,0.0,0.0,-1.0,0.1914719662632684,0.0
1732081920.0,1.80020020173176e-05,1.80020020173176e-05,1.80020020173176e-05,1.80020020173176e-05,0.0,0.0,0.0,0.0,0.1914719662632684,0.0
1732081980.0,1.80020020173176e-05,1.80020020173176e-05,1.80020020173176e-05,1.80020020173176e-05,0.0,0.0,0.0,0.0,0.1914719662632684,0.0
1732082040.0,1.80020020173176e-05,1.80020020173176e-05,1.80020020173176e-05,1.80020020173176e-05,0.0,0.0,0.0,0.0,0.1914719662632684,0.0
1732082100.0,1.80020020173176e-05,1.80020020173176e-05,1.80020020173176e-05,1.80020020173176e-05,0.0,0.0,0.0,0.0,0.1914719662632684,0.0
1732082160.0,1.80020020173176e-05,1.80020020173176e-05,1.80020020173176e-05,1.80020020173176e-05,0.0,0.0,0.0,0.0,0.1914719662632684,0.0
1732082220.0,1.80020020173176e-05,1.80020020173176e-05,1.80020020173176e-05,1.80020020173176e-05,0.0,0.0,0.0,0.0,0.1914719662632684,0.0
1732082280.0,1.80020020173176e-05,1.80020020173176e-05,1.80020020173176e-05,1.80020020173176e-05,0.0,0.0,0.0,0.0,0.1914719662632684,0.0
1732082340.0,1.80020020173176e-05,1.80020020173176e-05,1.79966313137835e-05,1.79966313137835e-05,11.53158069472,0.00020756057257861467,-0.0002983392363212497,0.0,0.1914719662632684,0.0002983392363212497
1732082400.0,1.79966313137835e-05,1.79966313137835e-05,1.79966313137835e-05,1.79966313137835e-05,0.0,0.0,0.0,-1.0,0.19141484266307648,0.0
1732082460.0,1.79966313137835e-05,1.79966313137835e-05,1.79966313137835e-05,1.79966313137835e-05,0.0,0.0,0.0,0.0,0.19141484266307648,0.0
1732082520.0,1.79966313137835e-05,1.79966313137835e-05,1.79966313137835e-05,1.79966313137835e-05,0.0,0.0,0.0,0.0,0.19141484266307648,0.0
1732082580.0,1.79966313137835e-05,1.79966313137835e-05,1.79966313137835e-05,1.79966313137835e-05,0.0,0.0,0.0,0.0,0.19141484266307648,0.0
1732082640.0,1.79966313137835e-05,1.80905548630911e-05,1.79966313137835e-05,1.80905548630911e-05,3.05786,5.517478156140888e-05,0.005218951684344685,0.0,0.19141484266307648,0.005218951684344685
1732082700.0,1.80905548630911e-05,1.80905548630911e-05,1.80107581049836e-05,1.80107581049836e-05,1.68040741272,3.0332456960238695e-05,-0.004410962444844808,-0.4502478106509759,0.19241382747860153,0.004410962444844808
1732082760.0,1.80107581049836e-05,1.80107581049836e-05,1.80107581049836e-05,1.80107581049836e-05,0.0,0.0,0.0,-1.0,0.19156509731172458,0.0
1732082820.0,1.80107581049836e-05,1.80107581049836e-05,1.80107581049836e-05,1.80107581049836e-05,0.0,0.0,0.0,0.0,0.19156509731172458,0.0
1732082880.0,1.80107581049836e-05,1.80107581049836e-05,1.80107581049836e-05,1.80107581049836e-05,0.0,0.0,0.0,0.0,0.19156509731172458,0.0
1732082940.0,1.80107581049836e-05,1.80107581049836e-05,1.80107581049836e-05,1.80107581049836e-05,0.0,0.0,0.0,0.0,0.19156509731172458,0.0
1732083000.0,1.80107581049836e-05,1.80107581049836e-05,1.80107581049836e-05,1.80107581049836e-05,0.0,0.0,0.0,0.0,0.19156509731172458,0.0
1732083060.0,1.80107581049836e-05,1.80107581049836e-05,1.80107581049836e-05,1.80107581049836e-05,0.0,0.0,0.0,0.0,0.19156509731172458,0.0
1732083120.0,1.80107581049836e-05,1.80107581049836e-05,1.80107581049836e-05,1.80107581049836e-05,0.0,0.0,0.0,0.0,0.19156509731172458,0.0
1732083180.0,1.80107581049836e-05,1.80107581049836e-05,1.80107581049836e-05,1.80107581049836e-05,0.0,0.0,0.0,0.0,0.19156509731172458,0.0
1732083240.0,1.80107581049836e-05,1.80107581049836e-05,1.80105713059088e-05,1.80105713059088e-05,4.61036175711,8.303567977812e-05,-1.0371527601020872e-05,0.0,0.19156509731172458,1.0371527601020872e-05
1732083300.0,1.80105713059088e-05,1.80105713059088e-05,1.80105713059088e-05,1.80105713059088e-05,0.0,0.0,0.0,-1.0,0.1915631104890304,0.0
1732083360.0,1.80105713059088e-05,1.80105713059088e-05,1.80105713059088e-05,1.80105713059088e-05,0.0,0.0,0.0,0.0,0.1915631104890304,0.0
1732083420.0,1.80105713059088e-05,1.80105713059088e-05,1.80105713059088e-05,1.80105713059088e-05,0.0,0.0,0.0,0.0,0.1915631104890304,0.0
1732083480.0,1.80105713059088e-05,1.80105713059088e-05,1.80105713059088e-05,1.80105713059088e-05,0.0,0.0,0.0,0.0,0.1915631104890304,0.0
1732083540.0,1.80105713059088e-05,1.80105713059088e-05,1.80105713059088e-05,1.80105713059088e-05,0.0,0.0,0.0,0.0,0.1915631104890304,0.0
1732083600.0,1.80105713059088e-05,1.80105713059088e-05,1.80105713059088e-05,1.80105713059088e-05,0.0,0.0,0.0,0.0,0.1915631104890304,0.0
1732083660.0,1.80105713059088e-05,1.80105713059088e-05,1.79633858882078e-05,1.79633858882078e-05,4.40093713008,7.915956196574814e-05,-0.0026198734565138428,0.0,0.1915631104890304,0.0026198734565138428
1732083720.0,1.79633858882078e-05,1.79633858882078e-05,1.79622906172435e-05,1.79622906172435e-05,0.48737046724,8.754556872187444e-06,-6.0972411944859895e-05,-0.8894061986349104,0.19106123938061298,6.0972411944859895e-05
1732083780.0,1.79622906172435e-05,1.79622906172435e-05,1.79098014850242e-05,1.79098014850242e-05,31.50925597521,0.0005651514662083309,-0.0029221847779764636,63.55511963189979,0.19104958991601875,0.0029221847779764636
1732083840.0,1.79098014850242e-05,1.79098014850242e-05,1.78296457519086e-05,1.78296457519086e-05,6.83559774989,0.00012215024255754508,-0.004475523259296081,-0.7838628228692995,0.1904913077125275,0.004475523259296081
1732083900.0,1.78296457519086e-05,1.78296457519086e-05,1.78296457519086e-05,1.78296457519086e-05,0.0,0.0,0.0,-1.0,0.1896387594341664,0.0
1732083960.0,1.78296457519086e-05,1.78296457519086e-05,1.76057703158883e-05,1.76057703158883e-05,105.63462189533,0.0018716033890127136,-0.012556359174793606,0.0,0.1896387594341664,0.012556359174793606
1732084020.0,1.76057703158883e-05,1.76057703158883e-05,1.76057703158883e-05,1.76057703158883e-05,0.0,0.0,0.0,-1.0,0.1872575870572487,0.0
1732084080.0,1.76057703158883e-05,1.76057703158883e-05,1.73782660905203e-05,1.73782660905203e-05,7.4827749579,0.00013088883577406807,-0.012922139803374044,0.0,0.1872575870572487,0.012922139803374044
1732084140.0,1.73782660905203e-05,1.73782660905203e-05,1.73782660905203e-05,1.73782660905203e-05,0.0,0.0,0.0,-1.0,0.18483781833805246,0.0
1732084200.0,1.73782660905203e-05,1.73782660905203e-05,1.73782660905203e-05,1.73782660905203e-05,0.0,0.0,0.0,0.0,0.18483781833805246,0.0
1732084260.0,1.73782660905203e-05,1.73782660905203e-05,1.73782660905203e-05,1.73782660905203e-05,0.0,0.0,0.0,0.0,0.18483781833805246,0.0
1732084320.0,1.73782660905203e-05,1.73782660905203e-05,1.73782660905203e-05,1.73782660905203e-05,0.0,0.0,0.0,0.0,0.18483781833805246,0.0
1732084380.0,1.73782660905203e-05,1.73782660905203e-05,1.73782660905203e-05,1.73782660905203e-05,0.0,0.0,0.0,0.0,0.18483781833805246,0.0
1732084440.0,1.73782660905203e-05,1.73782660905203e-05,1.73782660905203e-05,1.73782660905203e-05,0.0,0.0,0.0,0.0,0.18483781833805246,0.0
1732084500.0,1.73782660905203e-05,1.73782660905203e-05,1.73782660905203e-05,1.73782660905203e-05,0.0,0.0,0.0,0.0,0.18483781833805246,0.0
1732084560.0,1.73782660905203e-05,1.73782660905203e-05,1.73782660905203e-05,1.73782660905203e-05,0.0,0.0,0.0,0.0,0.18483781833805246,0.0
1732084620.0,1.73782660905203e-05,1.73782660905203e-05,1.73782660905203e-05,1.73782660905203e-05,0.0,0.0,0.0,0.0,0.18483781833805246,0.0
1732084680.0,1.73782660905203e-05,1.73782660905203e-05,1.73782660905203e-05,1.73782660905203e-05,0.0,0.0,0.0,0.0,0.18483781833805246,0.0
1732084740.0,1.73782660905203e-05,1.73782660905203e-05,1.73782660905203e-05,1.73782660905203e-05,0.0,0.0,0.0,0.0,0.18483781833805246,0.0
1732084800.0,1.73782660905203e-05,1.73782660905203e-05,1.73782660905203e-05,1.73782660905203e-05,0.0,0.0,0.0,0.0,0.18483781833805246,0.0
1732084860.0,1.73782660905203e-05,1.73782660905203e-05,1.73782660905203e-05,1.73782660905203e-05,0.0,0.0,0.0,0.0,0.18483781833805246,0.0
1732084920.0,1.73782660905203e-05,1.73782660905203e-05,1.73782660905203e-05,1.73782660905203e-05,0.0,0.0,0.0,0.0,0.18483781833805246,0.0
1732084980.0,1.73782660905203e-05,1.73782660905203e-05,1.73782660905203e-05,1.73782660905203e-05,0.0,0.0,0.0,0.0,0.18483781833805246,0.0
1732085040.0,1.73782660905203e-05,1.73782660905203e-05,1.73782660905203e-05,1.73782660905203e-05,0.0,0.0,0.0,0.0,0.18483781833805246,0.0
1732085100.0,1.73782660905203e-05,1.73782660905203e-05,1.73782660905203e-05,1.73782660905203e-05,0.0,0.0,0.0,0.0,0.18483781833805246,0.0
1732085160.0,1.73782660905203e-05,1.73782660905203e-05,1.73782660905203e-05,1.73782660905203e-05,0.0,0.0,0.0,0.0,0.18483781833805246,0.0
1732085220.0,1.73782660905203e-05,1.73782660905203e-05,1.73782660905203e-05,1.73782660905203e-05,0.0,0.0,0.0,0.0,0.18483781833805246,0.0
1732085280.0,1.73782660905203e-05,1.73782660905203e-05,1.73782660905203e-05,1.73782660905203e-05,0.0,0.0,0.0,0.0,0.18483781833805246,0.0
1732085340.0,1.73782660905203e-05,1.73782660905203e-05,1.73782660905203e-05,1.73782660905203e-05,0.0,0.0,0.0,0.0,0.18483781833805246,0.0
1732085400.0,1.73782660905203e-05,1.73782660905203e-05,1.73782660905203e-05,1.73782660905203e-05,0.0,0.0,0.0,0.0,0.18483781833805246,0.0
1732085460.0,1.73782660905203e-05,1.73782660905203e-05,1.73782660905203e-05,1.73782660905203e-05,0.0,0.0,0.0,0.0,0.18483781833805246,0.0
1732085520.0,1.73782660905203e-05,1.73782660905203e-05,1.73092120963181e-05,1.73092120963181e-05,2.42878426308,4.2124200573061935e-05,-0.00397358366148316,0.0,0.18483781833805246,0.00397358366148316
1732085580.0,1.73092120963181e-05,1.73092120963181e-05,1.73092120963181e-05,1.73092120963181e-05,0.0,0.0,0.0,-1.0,0.18410334980308019,0.0
1732085640.0,1.73092120963181e-05,1.73092120963181e-05,1.73092120963181e-05,1.73092120963181e-05,0.0,0.0,0.0,0.0,0.18410334980308019,0.0
1732085700.0,1.73092120963181e-05,1.73092120963181e-05,1.73092120963181e-05,1.73092120963181e-05,0.0,0.0,0.0,0.0,0.18410334980308019,0.0
1732085760.0,1.73092120963181e-05,1.73092120963181e-05,1.73092120963181e-05,1.73092120963181e-05,0.0,0.0,0.0,0.0,0.18410334980308019,0.0
1732085820.0,1.73092120963181e-05,1.73092120963181e-05,1.73092120963181e-05,1.73092120963181e-05,0.0,0.0,0.0,0.0,0.18410334980308019,0.0
1732085880.0,1.73092120963181e-05,1.73092120963181e-05,1.73092120963181e-05,1.73092120963181e-05,0.0,0.0,0.0,0.0,0.18410334980308019,0.0
1732085940.0,1.73092120963181e-05,1.73092120963181e-05,1.73092120963181e-05,1.73092120963181e-05,0.0,0.0,0.0,0.0,0.18410334980308019,0.0
1732086000.0,1.73092120963181e-05,1.73092120963181e-05,1.73092120963181e-05,1.73092120963181e-05,0.0,0.0,0.0,0.0,0.18410334980308019,0.0
1732086060.0,1.73092120963181e-05,1.73092120963181e-05,1.73092120963181e-05,1.73092120963181e-05,0.0,0.0,0.0,0.0,0.18410334980308019,0.0
1732086120.0,1.73092120963181e-05,1.73092120963181e-05,1.73092120963181e-05,1.73092120963181e-05,0.0,0.0,0.0,0.0,0.18410334980308019,0.0
1732086180.0,1.73092120963181e-05,1.73092120963181e-05,1.72724982811155e-05,1.72724982811155e-05,10.76508570452,0.0001861375380109807,-0.0021210564061672106,0.0,0.18410334980308019,0.0021210564061672106
1732086240.0,1.72724982811155e-05,1.72724982811155e-05,1.72724982811155e-05,1.72724982811155e-05,0.0,0.0,0.0,-1.0,0.18371285621358352,0.0
1732086300.0,1.72724982811155e-05,1.72724982811155e-05,1.72724982811155e-05,1.72724982811155e-05,0.0,0.0,0.0,0.0,0.18371285621358352,0.0
1732086360.0,1.72724982811155e-05,1.72724982811155e-05,1.72724982811155e-05,1.72724982811155e-05,0.0,0.0,0.0,0.0,0.18371285621358352,0.0
1732086420.0,1.72724982811155e-05,1.73005290620843e-05,1.721650023184e-05,1.73005290620843e-05,16.81995011592,0.00029075829763447946,0.0016228562025360407,0.0,0.18371285621358352,0.004864891510000752
1732086480.0,1.73005290620843e-05,1.73005290620843e-05,1.71965797347511e-05,1.71965797347511e-05,16.76065029584,0.000289096988380652,-0.00600844788966686,-0.005713712273539187,0.18401099576177535,0.00600844788966686
1732086540.0,1.71965797347511e-05,1.71965797347511e-05,1.71965797347511e-05,1.71965797347511e-05,0.0,0.0,0.0,-1.0,0.182905375282615,0.0
1732086600.0,1.71965797347511e-05,1.71965797347511e-05,1.71965797347511e-05,1.71965797347511e-05,0.0,0.0,0.0,0.0,0.182905375282615,0.0
1732086660.0,1.71965797347511e-05,1.71965797347511e-05,1.71965797347511e-05,1.71965797347511e-05,0.0,0.0,0.0,0.0,0.182905375282615,0.0
1732086720.0,1.71965797347511e-05,1.71965797347511e-05,1.71965797347511e-05,1.71965797347511e-05,0.0,0.0,0.0,0.0,0.182905375282615,0.0
1732086780.0,1.71965797347511e-05,1.71965797347511e-05,1.71965797347511e-05,1.71965797347511e-05,0.0,0.0,0.0,0.0,0.182905375282615,0.0
1732086840.0,1.71965797347511e-05,1.71965797347511e-05,1.71965797347511e-05,1.71965797347511e-05,0.0,0.0,0.0,0.0,0.182905375282615,0.0
1732086900.0,1.71965797347511e-05,1.71965797347511e-05,1.71965797347511e-05,1.71965797347511e-05,0.0,0.0,0.0,0.0,0.182905375282615,0.0
1732086960.0,1.71965797347511e-05,1.71965797347511e-05,1.71965797347511e-05,1.71965797347511e-05,0.0,0.0,0.0,0.0,0.182905375282615,0.0
1732087020.0,1.71965797347511e-05,1.71965797347511e-05,1.71965797347511e-05,1.71965797347511e-05,0.0,0.0,0.0,0.0,0.182905375282615,0.0
1732087080.0,1.71965797347511e-05,1.71965797347511e-05,1.71965797347511e-05,1.71965797347511e-05,0.0,0.0,0.0,0.0,0.182905375282615,0.0
1732087140.0,1.71965797347511e-05,1.71965797347511e-05,1.71965797347511e-05,1.71965797347511e-05,0.0,0.0,0.0,0.0,0.182905375282615,0.0
1732087200.0,1.71965797347511e-05,1.71965797347511e-05,1.71965797347511e-05,1.71965797347511e-05,0.0,0.0,0.0,0.0,0.182905375282615,0.0
1732087260.0,1.71965797347511e-05,1.71965797347511e-05,1.15404958013571e-05,1.15404958013571e-05,1556.42538419954,0.022363556916029204,-0.32890749327112423,0.0,0.182905375282615,0.32890749327112423
1732087320.0,1.15404958013571e-05,1.15404958013571e-05,1.04559526434319e-05,1.05126302541725e-05,311.70327278888,0.00343701578336715,-0.08906597817606145,-0.8463117563868541,0.12274642679259586,0.09397717191644957
1732087380.0,1.05126302541725e-05,1.05126302541725e-05,9.40916539654784e-06,9.40916539654784e-06,340.53589065784,0.003392043212710767,-0.10496563000365125,-0.013084772806112853,0.11181389622269698,0.10496563000365125
1732087440.0,9.40916539654784e-06,9.40916539654784e-06,9.38001901547018e-06,9.38001901547018e-06,14.67404593848,0.00013785667760426236,-0.0030976584903432236,-0.9593588085530038,0.10007728016251871,0.0030976584903432236
1732087500.0,9.38001901547018e-06,9.38001901547018e-06,9.38001901547018e-06,9.38001901547018e-06,0.0,0.0,0.0,-1.0,0.09976727492593283,0.0
1732087560.0,9.38001901547018e-06,9.38001901547018e-06,9.38001901547018e-06,9.38001901547018e-06,0.0,0.0,0.0,0.0,0.09976727492593283,0.0
1732087620.0,9.38001901547018e-06,9.38001901547018e-06,9.38001901547018e-06,9.38001901547018e-06,0.0,0.0,0.0,0.0,0.09976727492593283,0.0
1732087680.0,9.38001901547018e-06,9.38001901547018e-06,9.38001901547018e-06,9.38001901547018e-06,0.0,0.0,0.0,0.0,0.09976727492593283,0.0
1732087740.0,9.38001901547018e-06,9.38001901547018e-06,9.38001901547018e-06,9.38001901547018e-06,0.0,0.0,0.0,0.0,0.09976727492593283,0.0
1732087800.0,9.38001901547018e-06,9.38001901547018e-06,9.38001901547018e-06,9.38001901547018e-06,0.0,0.0,0.0,0.0,0.09976727492593283,0.0
1732087860.0,9.38001901547018e-06,9.38001901547018e-06,9.38001901547018e-06,9.38001901547018e-06,0.0,0.0,0.0,0.0,0.09976727492593283,0.0
1732087920.0,9.38001901547018e-06,9.38001901547018e-06,9.34119161708662e-06,9.34119161708662e-06,2.34653263128,2.196496582318031e-05,-0.004139373099300056,0.0,0.09976727492593283,0.004139373099300056
1732087980.0,9.34119161708662e-06,9.34119161708662e-06,9.34119161708662e-06,9.34119161708662e-06,0.0,0.0,0.0,-1.0,0.09935430095191396,0.0
1732088040.0,9.34119161708662e-06,9.34119161708662e-06,9.34119161708662e-06,9.34119161708662e-06,0.0,0.0,0.0,0.0,0.09935430095191396,0.0
1732088100.0,9.34119161708662e-06,9.39782266871279e-06,9.34119161708662e-06,9.39782266871279e-06,3.53595,3.3130108781936214e-05,0.006062508290974645,0.0,0.09935430095191396,0.006062508290974645
1732088160.0,9.39782266871279e-06,9.39782266871279e-06,9.35249225722704e-06,9.35249225722704e-06,2.73817879926,2.567085740482839e-05,-0.0048235014730234555,-0.2251502229046374,0.09995663722517892,0.0048235014730234555
1732088220.0,9.35249225722704e-06,9.35249225722704e-06,9.35249225722704e-06,9.35249225722704e-06,0.0,0.0,0.0,-1.0,0.09947449623828479,0.0
1732088280.0,9.35249225722704e-06,9.35249225722704e-06,9.35249225722704e-06,9.35249225722704e-06,0.0,0.0,0.0,0.0,0.09947449623828479,0.0
1732088340.0,9.35249225722704e-06,9.35249225722704e-06,9.35249225722704e-06,9.35249225722704e-06,0.0,0.0,0.0,0.0,0.09947449623828479,0.0
1732088400.0,9.35249225722704e-06,9.35249225722704e-06,9.35249225722704e-06,9.35249225722704e-06,0.0,0.0,0.0,0.0,0.09947449623828479,0.0
1732088460.0,9.35249225722704e-06,9.35249225722704e-06,9.35249225722704e-06,9.35249225722704e-06,0.0,0.0,0.0,0.0,0.09947449623828479,0.0
1732088520.0,9.35249225722704e-06,9.35249225722704e-06,9.35249225722704e-06,9.35249225722704e-06,0.0,0.0,0.0,0.0,0.09947449623828479,0.0
1732088580.0,9.35249225722704e-06,9.35249225722704e-06,9.35249225722704e-06,9.35249225722704e-06,0.0,0.0,0.0,0.0,0.09947449623828479,0.0
1732088640.0,9.35249225722704e-06,1.02704937075753e-05,9.35249225722704e-06,1.02704937075753e-05,455.51366001005,0.0044692690785764775,0.09815580971359625,0.0,0.09947449623828479,0.09815580971359625
1732088700.0,1.02704937075753e-05,1.02704937075753e-05,1.02704937075753e-05,1.02704937075753e-05,0.0,0.0,0.0,-1.0,0.10923849596240573,0.0
1732088760.0,1.02704937075753e-05,1.09331722355369e-05,1.02704937075753e-05,1.09331722355369e-05,58.51833,0.0006204015604344004,0.06452255819725808,0.0,0.10923849596240573,0.06452255819725808
1732088820.0,1.09331722355369e-05,1.09331722355369e-05,1.09331722355369e-05,1.09331722355369e-05,0.0,0.0,0.0,-1.0,0.11628684317552099,0.0
1732088880.0,1.09331722355369e-05,1.09331722355369e-05,1.09331722355369e-05,1.09331722355369e-05,0.0,0.0,0.0,0.0,0.11628684317552099,0.0
1732088940.0,1.09331722355369e-05,1.10395599210635e-05,1.09331722355369e-05,1.10395599210635e-05,4.04188477632,4.440562579896004e-05,0.009730724371175585,0.0,0.11628684317552099,0.009730724371175585
1732089000.0,1.10395599210635e-05,1.10395599210635e-05,1.09667147196704e-05,1.09667147196704e-05,17.16369071632,0.00018885444587597635,-0.006598560260913218,3.25293963271652,0.1174183983944561,0.006598560260913218
1732089060.0,1.09667147196704e-05,1.09667147196704e-05,1.09389407166021e-05,1.09389407166021e-05,0.1172409525,1.2841199542426954e-06,-0.0025325727693529523,-0.9932004780280047,0.11664360601691037,0.0025325727693529523
1732089120.0,1.09389407166021e-05,1.10168115177466e-05,1.09389407166021e-05,1.10168115177466e-05,14.175,0.0001556113939609464,0.007118678413378232,120.18135338276682,0.11634819759659282,0.007118678413378232
1732089180.0,1.10168115177466e-05,1.10168115177466e-05,1.09862397457353e-05,1.09862397457353e-05,2.33886232604,2.573105382904232e-05,-0.002775010896941743,-0.8346454383957256,0.11717644299925914,0.002775010896941743
1732089240.0,1.09862397457353e-05,1.09862397457353e-05,1.09862397457353e-05,1.09862397457353e-05,0.0,0.0,0.0,-1.0,0.11685127709307132,0.0
1732089300.0,1.09862397457353e-05,1.09862397457353e-05,1.09862397457353e-05,1.09862397457353e-05,0.0,0.0,0.0,0.0,0.11685127709307132,0.0
1732089360.0,1.09862397457353e-05,1.09862397457353e-05,1.096217430023e-05,1.096217430023e-05,14.10469993568,0.00015478789709120238,-0.0021905079501511235,0.0,0.11685127709307132,0.0021905079501511235
1732089420.0,1.096217430023e-05,1.096217430023e-05,1.096217430023e-05,1.096217430023e-05,0.0,0.0,0.0,-1.0,0.11659531344161364,0.0
