time,open,high,low,close,volume,usd_vol,price_change,vol_change,norm_open,mov_in_min
1728073800.0,5.0944097846248186e-05,5.352506951729192e-05,4.119662884693933e-05,4.9585320150474586e-05,3167.342097621799,0.15920552883521927,-0.026671935576805354,0.0,1.0,0.24199939132420087
1728073860.0,4.9585320150474586e-05,5.865988322450831e-05,4.588588404640699e-05,5.531663700630676e-05,5660.726109570225,0.29691062391120465,0.11558495212775836,0.8649517141990261,0.9733280644231946,0.25761655141756834
1728073920.0,5.531663700630676e-05,8.20640288772274e-05,5.0422473243894064e-05,7.332095632667645e-05,14797.952658429642,0.9517865081179051,0.32547747467578303,2.2056330473460943,1.0858301421541534,0.5720079409333184
1728073980.0,7.332095632667645e-05,7.3859062272242e-05,5.7491986370778806e-05,6.20835429622778e-05,6765.749578670558,0.45805646700717,-0.15326332234854032,-0.5187403234860448,1.4392433947493337,0.22322507399577296
1728074040.0,6.20835429622778e-05,6.605607554492179e-05,5.795488826415944e-05,6.605607554492179e-05,5528.064201174976,0.35418201891093426,0.06398688594588946,-0.2267721461830377,1.2186601704018591,0.13048848203918817
1728074100.0,6.605607554492179e-05,6.652723461598005e-05,5.3007985508967573e-05,5.770548055057955e-05,7398.863006128015,0.45784739948792097,-0.12641675917703246,0.29268956367617105,1.296638439732161,0.2046632197793622
1728074160.0,5.770548055057955e-05,7.129201187471429e-05,2.2714559086074457e-05,2.6103698557390028e-05,23183.45859831054,0.9714933170040027,-0.5476391790116049,1.1218714315961356,1.1327216103568574,0.8418169699853917
1728074220.0,2.6103698557390028e-05,2.872305241097156e-05,1.0331974281002156e-05,1.102650902665351e-05,16063.046788826832,0.2982121308506721,-0.5775882485613566,-0.6930373831388451,0.5123988776123248,0.7045391705522451
1728074280.0,1.102650902665351e-05,1.672222031684351e-05,1.083286010744698e-05,1.4465262469270118e-05,4005.6748657203743,0.05105587418195417,0.31186238856780346,-0.8287934362820402,0.2164433073274172,0.5341092266972843
1728074340.0,1.4465262469270118e-05,1.8911518247199684e-05,1.4465262469270118e-05,1.876373812283486e-05,2719.4162416469626,0.04518174195193341,0.2971584969644614,-0.11505301445013714,0.2839438341400607,0.30737470456378885
1728074400.0,1.876373812283486e-05,2.721529454838713e-05,1.876373812283486e-05,2.7080869827752934e-05,2527.275967004722,0.057930987945137076,0.4432555842802131,0.2821769467579835,0.36832015711544747,0.4504196536012727
1728074460.0,2.7080869827752934e-05,3.0537113940344494e-05,9.944619250133391e-06,9.944619250133391e-06,4772.217697152764,0.08834684711161274,-0.632780656109429,0.525036085959395,0.531580123559835,0.7604074323014383
1728074520.0,9.944619250133391e-06,1.9203646930639025e-05,9.944619250133391e-06,1.6282290021252786e-05,3768.278007383722,0.049415142704506386,0.6372964727668567,-0.44066886006607675,0.19520650419891122,0.931059042846858
1728074580.0,1.6282290021252786e-05,1.6470996622141547e-05,1.2536202186422156e-05,1.4095784961735766e-05,1515.22566513667,0.02301481943583523,-0.13428731810224728,-0.5342557326311959,0.319610920786026,0.24166099673838395
1728074640.0,1.4095784961735766e-05,1.4451819344558312e-05,9.588405722934538e-06,9.834112434297123e-06,1441.6538798430022,0.017249314712617887,-0.30233665872509574,-0.250512707227247,0.27669122739748075,0.34502609360357955
1728074700.0,9.834112434297123e-06,9.834112434297123e-06,8.478804124292724e-06,8.542392185802712e-06,606.1953709047214,0.005569876017056874,-0.13135097418547406,-0.6770958087405927,0.19303732620758077,0.1378170444012488
1728074760.0,8.542392185802712e-06,8.542392185802712e-06,7.058450402782196e-06,7.902530517943969e-06,1294.8429500165714,0.010646796113256923,-0.07490427200499891,0.9114960693295103,0.16768168535605588,0.17371501457013397
1728074820.0,7.902530517943969e-06,8.313031479044777e-06,7.565442408712407e-06,7.6438859757444e-06,658.9997701941052,0.005122542448341241,-0.032729331650447266,-0.5188653568783124,0.15512161078588924,0.09460122534608986
1728074880.0,7.6438859757444e-06,8.275655524353103e-06,7.5052189237154895e-06,8.275655524353103e-06,377.2363808211128,0.0030027151099141455,0.08265031040670097,-0.4138232840049043,0.15004458414032626,0.10079122099444772
1728074940.0,8.275655524353103e-06,8.716630838957424e-06,8.027658362440891e-06,8.121738245920964e-06,407.8780403279122,0.0033440684187522507,-0.018598801989667214,0.11368155031126656,0.1624458155943686,0.08325291869496813
1728075000.0,8.121738245920964e-06,9.785488996916522e-06,8.121738245920964e-06,9.785488996916522e-06,877.1152262074734,0.007853350836925016,0.2048515601732369,1.3484420333287568,0.15942451803607893,0.2048515601732369
1728075060.0,9.785488996916522e-06,1.3159268535063108e-05,9.785488996916522e-06,1.2229638187467417e-05,2046.7386327359193,0.022529605656436677,0.24977282089030645,1.8687888933353902,0.19208287928563605,0.34477372967356956
1728075120.0,1.2229638187467417e-05,1.3893048303765653e-05,1.1455293072306796e-05,1.3893048303765653e-05,731.589492534569,0.009555541476880421,0.13601466296875822,-0.5758673443913379,0.2400599618895416,0.19933175406260167
1728075180.0,1.3893048303765653e-05,1.4902675593151403e-05,1.1824526538875184e-05,1.1824526538875184e-05,904.9612705492434,0.011636704602520757,-0.14888897811791268,0.2177964619457409,0.2727116366982405,0.22156037947711585
1728075240.0,1.1824526538875184e-05,1.2703696071262451e-05,1.124062025724338e-05,1.124062025724338e-05,1073.9982589444862,0.012385963750665167,-0.04938094389759385,0.06438757137326533,0.23210787978937603,0.12373229568295661
1728075300.0,1.124062025724338e-05,1.158490245685666e-05,1.0545816612150064e-05,1.0545816612150064e-05,307.36624640886106,0.00334820766158454,-0.06181185995012939,-0.7296772597606924,0.2206461735993074,0.09244025871588497
1728075360.0,1.0545816612150064e-05,1.0727328275517285e-05,7.628659440964984e-06,7.628659440964984e-06,905.349037401094,0.008227122199978473,-0.2766174757698859,1.457172025012626,0.20700762321825508,0.29382919772967203
1728075420.0,7.628659440964984e-06,1.001355317793164e-05,7.628659440964984e-06,1.001355317793164e-05,723.4664491277496,0.006381774459074958,0.3126229130324083,-0.22430051432909834,0.14974569701849774,0.3126229130324083
1728075480.0,1.001355317793164e-05,1.0531670458106855e-05,9.738613034717596e-06,9.738613034717596e-06,491.7786449160188,0.004856846767106306,-0.027456801629612462,-0.23895042072509898,0.19655963303448892,0.0791984033336976
1728075540.0,9.738613034717596e-06,9.738613034717596e-06,8.855010785250886e-06,8.855010785250886e-06,223.87015291313836,0.002081278703892858,-0.0907318368967654,-0.5714753205745304,0.19116273418187155,0.0907318368967654
1728075600.0,8.855010785250886e-06,8.855010785250886e-06,7.39900191053932e-06,7.39900191053932e-06,561.2041862862562,0.0045609099844137095,-0.16442767942606334,1.1913979977227023,0.17381818816334224,0.16442767942606334
1728075660.0,7.39900191053932e-06,7.432613930125483e-06,7.367716775639398e-06,7.432613930125483e-06,51.22622565680037,0.0003798838499544351,0.004542777524936924,-0.916708759600028,0.14523766684160105,0.008771068756401271
1728075720.0,7.432613930125483e-06,7.473038881116951e-06,7.414622351077217e-06,7.473038881116951e-06,28.050431155928,0.00020905499400796027,0.005438860590837308,-0.44968707136922187,0.14589744925030335,0.007859486660939463
1728075780.0,7.473038881116951e-06,7.536070728698733e-06,7.30218965645112e-06,7.3873760327485485e-06,214.25348935896932,0.0015919478743088753,-0.01146292020303243,6.614971753548533,0.1466909651373345,0.03129664865501889
1728075840.0,7.3873760327485485e-06,8.27146172668107e-06,5.6809567465041505e-06,5.6809567465041505e-06,1439.0787757215676,0.009403180168344502,-0.2309912584224452,4.906713605448155,0.14500945830945944,0.3506664570333366
1728075900.0,5.6809567465041505e-06,5.6809567465041505e-06,5.615732317296113e-06,5.615732317296113e-06,18.574221563504853,0.00010491360280252414,-0.01148124024147414,-0.9888427530979664,0.1115135410514003,0.01148124024147414
1728075960.0,5.615732317296113e-06,5.615732317296113e-06,5.366186492887137e-06,5.477769227820602e-06,151.45155313829918,0.000840064019375024,-0.024567248166475687,7.00719827491057,0.11023322729641168,0.04443691584807034
1728076020.0,5.477769227820602e-06,5.477769227820602e-06,5.130602529293809e-06,5.130602529293809e-06,63.826981919145275,0.0003385501761664565,-0.06337738668573249,-0.5969947904466554,0.10752510024522921,0.06337738668573249
1728076080.0,5.130602529293809e-06,5.130602529293809e-06,4.98122560149986e-06,4.98122560149986e-06,72.31866554833856,0.0003656369583365744,-0.02911488990641216,0.08000817626749668,0.10071044038856518,0.02911488990641216
1728076140.0,4.98122560149986e-06,4.98122560149986e-06,4.817806032976361e-06,4.817806032976361e-06,42.849194371626616,0.00020994030557969483,-0.032807100420083994,-0.42582307178465917,0.09777826700422582,0.032807100420083994
1728076200.0,4.817806032976361e-06,4.817806032976361e-06,4.804559869156991e-06,4.804559869156991e-06,3.1919233739306336,1.5356927317766286e-05,-0.0027494182473731575,-0.926850981399869,0.09457044557971639,0.0027494182473731575
1728076260.0,4.804559869156991e-06,4.804559869156991e-06,4.39566518209899e-06,4.39566518209899e-06,159.4009268356406,0.0007332622001333413,-0.08510554518904277,46.74797620387491,0.0943104318709773,0.08510554518904277
1728076320.0,4.39566518209899e-06,4.39566518209899e-06,4.39566518209899e-06,4.39566518209899e-06,0.0,0.0,0.0,-1.0,0.08628409114958371,0.0
1728076380.0,4.39566518209899e-06,4.39566518209899e-06,4.39566518209899e-06,4.39566518209899e-06,0.0,0.0,0.0,0.0,0.08628409114958371,0.0
1728076440.0,4.39566518209899e-06,4.39566518209899e-06,4.39566518209899e-06,4.39566518209899e-06,0.0,0.0,0.0,0.0,0.08628409114958371,0.0
1728076500.0,4.39566518209899e-06,4.497069138988413e-06,4.39566518209899e-06,4.454361340147951e-06,128.71782671288213,0.0005695780901474964,0.01335319129582419,0.0,0.08628409114958371,0.023069081171692367
1728076560.0,4.454361340147951e-06,4.454361340147951e-06,4.433923554451296e-06,4.433923554451296e-06,2.5004234418950935,1.1112237954349011e-05,-0.004588263981290776,-0.9804904048337403,0.08743625912449043,0.004588263981290776
1728076620.0,4.433923554451296e-06,4.433923554451296e-06,4.398918091994457e-06,4.398918091994457e-06,13.03105678513472,5.755063053446873e-05,-0.007894917904413651,4.17903151200475,0.08703507848609073,0.007894917904413651
1728076680.0,4.398918091994457e-06,4.428826234170181e-06,4.398918091994457e-06,4.428826234170181e-06,9.12002129726242,4.0254608130704496e-05,0.006798976827996151,-0.3005357585683644,0.08634794368663884,0.006798976827996151
1728076740.0,4.428826234170181e-06,4.428826234170181e-06,4.428826234170181e-06,4.428826234170181e-06,0.0,0.0,0.0,-1.0,0.08693502135490941,0.0
1728076800.0,4.428826234170181e-06,4.428826234170181e-06,4.411911203889441e-06,4.411911203889441e-06,4.400377777904559,1.9451292281363223e-05,-0.003819303216331628,0.0,0.08693502135490941,0.003819303216331628
1728076860.0,4.411911203889441e-06,4.411911203889441e-06,4.373886357501676e-06,4.373886357501676e-06,13.679987980320425,6.0094802518679485e-05,-0.00861867898751976,2.089501800158432,0.08660299014823675,0.00861867898751976
1728076920.0,4.373886357501676e-06,5.767147382777624e-06,4.3442155932994464e-06,5.767147382777624e-06,1063.6509268028335,0.005393259968293441,0.31854074646597963,88.7458639059016,0.08585658677678976,0.32532436217454525
1728076980.0,5.767147382777624e-06,5.767147382777624e-06,4.352889710330996e-06,4.42765079997268e-06,1102.092220529916,0.005617803883540817,-0.2322632826768169,0.04163417238691483,0.11320540801768952,0.24522655284829578
1728077040.0,4.42765079997268e-06,4.5239118582202155e-06,4.42765079997268e-06,4.5239118582202155e-06,21.588721620517052,9.662639714817102e-05,0.021740887571379704,-0.9827999696765368,0.08691194833473251,0.021740887571379704
1728077100.0,4.5239118582202155e-06,4.5874548097653735e-06,4.5239118582202155e-06,4.5874548097653735e-06,28.808421072601583,0.00013124204375909785,0.014046018918272398,0.35824213292197715,0.08880149123208748,0.014046018918272398
1728077160.0,4.5874548097653735e-06,4.678515461588445e-06,4.5874548097653735e-06,4.678515461588445e-06,35.8782563944461,0.00016622342856947378,0.019849928903763723,0.2665409940932208,0.09004879865790419,0.019849928903763723
1728077220.0,4.678515461588445e-06,4.750493324815705e-06,4.678515461588445e-06,4.750493324815705e-06,12.673449115212382,5.974903153069173e-05,0.015384765492005473,-0.6405498788895492,0.09183626090913292,0.015384765492005473
1728077280.0,4.750493324815705e-06,4.750493324815705e-06,4.704926953240084e-06,4.704926953240084e-06,18.240501712333916,8.623580488635673e-05,-0.00959192413503467,0.44330046323946437,0.09324914024688256,0.00959192413503467
1728077340.0,4.704926953240084e-06,5.002186906836403e-06,4.704926953240084e-06,5.002186906836403e-06,215.7050277431417,0.001046936632246817,0.06318056721191152,11.140393814686266,0.09235470156797726,0.06318056721191152
1728077400.0,5.002186906836403e-06,5.649688186053864e-06,5.002186906836403e-06,5.649688186053864e-06,182.99975812888457,0.0009746452828090044,0.12944363960741487,-0.06905035816988186,0.09818972399772888,0.12944363960741487
1728077460.0,5.649688186053864e-06,6.1423320926445035e-06,5.649688186053864e-06,6.1423320926445035e-06,116.13179268112522,0.0006847142271487116,0.08719842411953292,-0.2974734098385914,0.11089975924404243,0.08719842411953292
1728077520.0,6.1423320926445035e-06,6.1423320926445035e-06,5.4087244164996165e-06,5.563002155187502e-06,321.2508323508786,0.0018801741850306387,-0.09431758633675216,1.7459253955625602,0.12057004348535853,0.1194347138969234
1728077580.0,5.563002155187502e-06,5.563002155187502e-06,5.563002155187502e-06,5.563002155187502e-06,0.0,0.0,0.0,-1.0,0.10919816799930226,0.0
1728077640.0,5.563002155187502e-06,6.1842701865579375e-06,5.563002155187502e-06,6.1842701865579375e-06,229.19613877680828,0.0013462147309438247,0.1116785530616958,0.0,0.10919816799930226,0.1116785530616958
1728077700.0,6.1842701865579375e-06,6.481364483324602e-06,6.1842701865579375e-06,6.481364483324602e-06,95.14105881569864,0.0006025109465327233,0.0480403164487259,-0.5524406822451677,0.12139326139845232,0.0480403164487259
1728077760.0,6.481364483324602e-06,6.624405250993052e-06,6.481364483324602e-06,6.624405250993052e-06,41.45958617445938,0.0002716798948412822,0.022069545392250103,-0.549087205129265,0.12722503209077687,0.022069545392250103
1728077820.0,6.624405250993052e-06,6.763677423840194e-06,6.624405250993052e-06,6.717599906408703e-06,56.24658919804612,0.0003752211415832946,0.014068380765455177,0.38111486609085327,0.13003283071153474,0.021024102175250244
1728077880.0,6.717599906408703e-06,6.717599906408703e-06,6.717599906408703e-06,6.717599906408703e-06,0.0,0.0,0.0,-1.0,0.1318621820859946,0.0
1728077940.0,6.717599906408703e-06,6.826952429286931e-06,6.631960706617725e-06,6.631960706617725e-06,159.89011176939889,0.0010672313692445803,-0.01274848174707113,0.0,0.1318621820859946,0.02902699258453614
1728078000.0,6.631960706617725e-06,6.631960706617725e-06,6.452067681125879e-06,6.592174360522644e-06,61.78310328108821,0.00040851405132809684,-0.00599918302522203,-0.617220723546333,0.13018113946454232,0.027125164555383913
1728078060.0,6.592174360522644e-06,6.650043127094073e-06,6.592174360522644e-06,6.650043127094073e-06,2.501012632772226,1.655947661122335e-05,0.008778403514017655,-0.9594641198818309,0.12940015898246257,0.008778403514017655
1728078120.0,6.650043127094073e-06,6.650043127094073e-06,6.650043127094073e-06,6.650043127094073e-06,0.0,0.0,0.0,-1.0,0.13053608579278866,0.0
1728078180.0,6.650043127094073e-06,6.72569286141168e-06,6.650043127094073e-06,6.72569286141168e-06,28.72689150356279,0.00019212165826105248,0.011375826121997518,0.0,0.13053608579278866,0.011375826121997518
1728078240.0,6.72569286141168e-06,7.508142788469384e-06,6.72569286141168e-06,7.508142788469384e-06,287.2692714197121,0.0020444717983246286,0.11633744555107037,9.641547740268962,0.13202104160741357,0.11633744555107037
1728078300.0,7.508142788469384e-06,9.014384702536347e-06,7.508142788469384e-06,8.869985932002499e-06,553.2555088112533,0.004530644969310436,0.1813821582648325,1.2160466938321857,0.14738003234701164,0.2006144470747375
1728078360.0,8.869985932002499e-06,1.0378395285750947e-05,8.869985932002499e-06,1.00705898242388e-05,707.1362202346241,0.006696783574668015,0.13535578313654126,0.478108220800904,0.17411214069925346,0.17005769403829352
1728078420.0,1.00705898242388e-05,1.00705898242388e-05,9.667510384729276e-06,9.667510384729276e-06,71.30205023058225,0.000703683506278054,-0.04002540531830194,-0.8949221669728309,0.19767922585718056,0.04002540531830194
1728078480.0,9.667510384729276e-06,9.713267948225284e-06,8.261193277719305e-06,8.261193277719305e-06,385.7703631217299,0.003458181261082339,-0.14546838338352114,3.914398632665793,0.18976703471923875,0.15020151132184603
1728078540.0,8.261193277719305e-06,8.261193277719305e-06,8.261193277719305e-06,8.261193277719305e-06,0.0,0.0,0.0,-1.0,0.16216193095914655,0.0
1728078600.0,8.261193277719305e-06,8.345967765464524e-06,8.261193277719305e-06,8.345967765464524e-06,35.50600769735297,0.0002948269939152327,0.01026177271192263,0.0,0.16216193095914655,0.01026177271192263
1728078660.0,8.345967765464524e-06,8.371183765762366e-06,8.345967765464524e-06,8.371183765762366e-06,0.0124191270434191,1.0380621433519744e-07,0.003021339287001009,-0.9996479080393669,0.1638259998371758,0.003021339287001009
1728078720.0,8.371183765762366e-06,8.771248465412066e-06,8.07371302568584e-06,8.771248465412066e-06,327.80153099605076,0.0028096577651875124,0.04779069613618335,27065.373465031036,0.1643209737667161,0.08332578273805244
1728078780.0,8.771248465412066e-06,9.773937990594042e-06,8.771248465412066e-06,9.773937990594042e-06,230.78219256198665,0.0021399493958939742,0.11431548531955421,-0.23835941074084618,0.17217398749280297,0.11431548531955421
1728078840.0,9.773937990594042e-06,1.170312072508153e-05,9.773937990594042e-06,1.170312072508153e-05,673.0348218368008,0.007227404193141609,0.1973802919912158,2.377371542994981,0.19185614043244562,0.1973802919912158
1728078900.0,1.170312072508153e-05,1.256907834997821e-05,1.170312072508153e-05,1.256907834997821e-05,20.363423852970072,0.00024713253880455485,0.07399373596486983,-0.9658061826625015,0.22972476145130943,0.07399373596486983
1728078960.0,1.256907834997821e-05,1.259644481839917e-05,1.256907834997821e-05,1.259644481839917e-05,4.9329467269989395,6.207009257333159e-05,0.0021772852120862363,-0.7488388503044521,0.24672295479473033,0.0021772852120862363
1728079020.0,1.259644481839917e-05,1.317859875792438e-05,1.259644481839917e-05,1.317859875792438e-05,160.12281494082688,0.002063586266331702,0.04621573371836467,32.24606393801839,0.2472601410356871,0.04621573371836467
1728079080.0,1.317859875792438e-05,1.4389013083422487e-05,1.317859875792438e-05,1.4389013083422487e-05,388.7974522766152,0.005359108624633156,0.0918469670206991,1.596987929251769,0.2586874498729577,0.0918469670206991
1728079140.0,1.4389013083422487e-05,1.47306952164846e-05,1.4178712992121536e-05,1.47306952164846e-05,373.7666409792008,0.005441987778775213,0.02374604367103976,0.01546510062533583,0.282447107550108,0.03836136788276331
1728079200.0,1.47306952164846e-05,1.526696084857009e-05,1.47306952164846e-05,1.5013175116445933e-05,81.89147103363858,0.0012178846478987412,0.01917627754902019,-0.776205920077821,0.2891541089007517,0.036404638355790185
1728079260.0,1.5013175116445933e-05,1.5948530565976845e-05,1.4971691476084224e-05,1.5948530565976845e-05,393.82568940015506,0.006096757542692424,0.062302307291832774,4.006022165737431,0.29469900834747215,0.06506545632859224
1728079320.0,1.5948530565976845e-05,1.7268988992476606e-05,1.5948530565976845e-05,1.7268988992476606e-05,98.49025850964762,0.0016358010441806779,0.08279498986048961,-0.7316932758558933,0.31305943652413476,0.08279498986048961
1728079380.0,1.7268988992476606e-05,1.729964412396467e-05,1.4072137486076204e-05,1.4072137486076204e-05,823.0480127408866,0.012897625932616836,-0.18512094181038274,6.884593287490446,0.3389791893968811,0.18689609677176583
1728079440.0,1.4072137486076204e-05,1.4072137486076204e-05,1.341708273767236e-05,1.341708273767236e-05,76.08930524098973,0.0010458178342207963,-0.04654976893538691,-0.9189139272851738,0.27622704260161035,0.04654976893538691
1728079500.0,1.341708273767236e-05,1.341708273767236e-05,1.1822017102092743e-05,1.1822017102092743e-05,365.7061375781471,0.0046150468591748635,-0.11888319292397345,3.4128592075630264,0.2633687375948001,0.11888319292397345
1728079560.0,1.1822017102092743e-05,1.2871167679629312e-05,1.182043201578385e-05,1.2871167679629312e-05,288.3394878811647,0.003560010127058354,0.08874547959762699,-0.22860802161067162,0.23205862115317416,0.08887955877338907
1728079620.0,1.2871167679629312e-05,1.2871167679629312e-05,1.284853877498704e-05,1.284853877498704e-05,8.273036092544428,0.00010639002989434449,-0.001758108137934227,-0.9701152451545819,0.2526527747821766,0.001758108137934227
1728079680.0,1.284853877498704e-05,1.2976167758935716e-05,1.284853877498704e-05,1.2958859486705084e-05,78.92941987805932,0.001018481486678698,0.008586245770827382,8.573091460639194,0.2522085838827604,0.009933346210320703
1728079740.0,1.2958859486705084e-05,1.4320234805229197e-05,1.2958859486705084e-05,1.4320234805229197e-05,298.94505039156627,0.004077475108869291,0.10505363685135963,3.0034847586342224,0.2543741087694901,0.10505363685135963
1728079800.0,1.4320234805229197e-05,1.4545549979579828e-05,1.4320234805229197e-05,1.4545549979579828e-05,57.35140356417671,0.000827746636195127,0.01573404189352782,-0.7969952938781603,0.2810970340165484,0.01573404189352782
1728079860.0,1.4545549979579828e-05,1.4598116864676112e-05,1.4401055550656507e-05,1.4401055550656507e-05,80.75063658418419,0.0011687284117589253,-0.009933926811029711,0.411939790092264,0.2855198265259112,0.013547876449928315
1728079920.0,1.4401055550656507e-05,1.4401055550656507e-05,1.2188726131729427e-05,1.2188726131729427e-05,450.39378335894736,0.005987936185309118,-0.15362272655258422,4.1234624957027695,0.2826834934661049,0.15362272655258422
1728079980.0,1.2188726131729427e-05,1.2188726131729427e-05,1.1210787751346536e-05,1.1210787751346536e-05,412.403568779308,0.004825021516540745,-0.08023302597940431,-0.19420959622473657,0.23925688444843224,0.08023302597940431
1728080040.0,1.1210787751346536e-05,1.1210787751346536e-05,9.544222135352724e-06,9.544222135352724e-06,230.89614700097556,0.002396125906903007,-0.14865731587806041,-0.5033958089743634,0.22006058062272985,0.14865731587806041
1728080100.0,9.544222135352724e-06,9.544222135352724e-06,8.665853025084992e-06,8.706160129692007e-06,202.285679647758,0.001845895490157981,-0.08780830891984942,-0.22963334904892324,0.1873469653767873,0.09203150322897112
1728080160.0,8.706160129692007e-06,9.008326562447384e-06,8.706160129692007e-06,9.008326562447384e-06,91.92835354673464,0.0008142317977669579,0.03470719906986908,-0.5588960468735574,0.17089634516578603,0.03470719906986908
1728080220.0,9.008326562447384e-06,9.073118686056543e-06,9.008326562447384e-06,9.025257652760874e-06,12.774397282821496,0.0001151840845991445,0.0018794933993700755,-0.8585364942574849,0.17682767863776802,0.007192470561541939
1728080280.0,9.025257652760874e-06,9.025257652760874e-06,9.000620520092224e-06,9.000620520092224e-06,5.715434913471129,5.151286672755088e-05,-0.002729798263555821,-0.5527779127921856,0.17716002509259365,0.002729798263555821
1728080340.0,9.000620520092224e-06,9.331859689601404e-06,9.000620520092224e-06,9.182485460359704e-06,138.94235653456363,0.001263201797020854,0.020205822460962617,23.522063656481567,0.17667641396372438,0.036801814804851465
1728080400.0,9.182485460359704e-06,9.255409286085838e-06,9.182485460359704e-06,9.255409286085838e-06,28.40378462559067,0.0002618529956636744,0.00794162169283488,-0.792706916439455,0.18024630621731494,0.00794162169283488
1728080460.0,9.255409286085838e-06,9.839794174025637e-06,9.255409286085838e-06,9.839794174025637e-06,233.97623403860268,0.0022339118968988892,0.06313982125224182,7.531167998429697,0.18167775419282373,0.06313982125224182
1728080520.0,9.839794174025637e-06,1.0937326247469677e-05,9.839794174025637e-06,1.0937326247469677e-05,179.40647345313965,0.0018637749516658424,0.11154014545763814,-0.1656900371706109,0.19314885511806734,0.11154014545763814
1728080580.0,1.0937326247469677e-05,1.1293870827201289e-05,1.0937326247469677e-05,1.1293870827201289e-05,107.06280419161476,0.0011900671496753482,0.03259887943948802,-0.3614748665810397,0.21469270651291283,0.03259887943948802
1728080640.0,1.1293870827201289e-05,1.1293870827201289e-05,9.83940962184697e-06,9.83940962184697e-06,386.7277808659515,0.004086413325239116,-0.1287832336324627,2.433767015881326,0.22169144816906466,0.1287832336324627
1728080700.0,9.83940962184697e-06,9.83940962184697e-06,9.766590145152043e-06,9.766590145152043e-06,31.289750030821185,0.00030673341590686874,-0.0074007973540650565,-0.9249382303027508,0.19314130660518902,0.0074007973540650565
1728080760.0,9.766590145152043e-06,9.766590145152043e-06,9.766590145152043e-06,9.766590145152043e-06,0.0,0.0,0.0,-1.0,0.19171190693430468,0.0
1728080820.0,9.766590145152043e-06,9.766590145152043e-06,9.766590145152043e-06,9.766590145152043e-06,0.0,0.0,0.0,0.0,0.19171190693430468,0.0
1728080880.0,9.766590145152043e-06,9.766590145152043e-06,9.766590145152043e-06,9.766590145152043e-06,0.0,0.0,0.0,0.0,0.19171190693430468,0.0
1728080940.0,9.766590145152043e-06,9.766590145152043e-06,9.766590145152043e-06,9.766590145152043e-06,0.0,0.0,0.0,0.0,0.19171190693430468,0.0
1728081000.0,9.766590145152043e-06,9.766590145152043e-06,9.150750487161512e-06,9.150750487161512e-06,158.78232419045793,0.0015018696565506668,-0.0630557491240915,0.0,0.19171190693430468,0.0630557491240915
1728081060.0,9.150750487161512e-06,9.150750487161512e-06,9.150750487161512e-06,9.150750487161512e-06,0.0,0.0,0.0,-1.0,0.179623369026554,0.0
1728081120.0,9.150750487161512e-06,9.150750487161512e-06,9.150750487161512e-06,9.150750487161512e-06,0.0,0.0,0.0,0.0,0.179623369026554,0.0
1728081180.0,9.150750487161512e-06,9.150750487161512e-06,9.150750487161512e-06,9.150750487161512e-06,0.0,0.0,0.0,0.0,0.179623369026554,0.0
1728081240.0,9.150750487161512e-06,9.155980510748162e-06,9.150750487161512e-06,9.155980510748162e-06,12.786070936606835,0.00011703558057832617,0.0005715403992260759,0.0,0.179623369026554,0.0005715403992260759
1728081300.0,9.155980510748162e-06,9.155980510748162e-06,9.155980510748162e-06,9.155980510748162e-06,0.0,0.0,0.0,-1.0,0.17972603103859774,0.0
1728081360.0,9.155980510748162e-06,9.155980510748162e-06,9.155980510748162e-06,9.155980510748162e-06,0.0,0.0,0.0,0.0,0.17972603103859774,0.0
1728081420.0,9.155980510748162e-06,9.155980510748162e-06,8.546769585832972e-06,8.546769585832972e-06,263.316233547744,0.002330710739434353,-0.06653693989409881,0.0,0.17972603103859774,0.06653693989409881
1728081480.0,8.546769585832972e-06,8.546769585832972e-06,8.546769585832972e-06,8.546769585832972e-06,0.0,0.0,0.0,-1.0,0.16776761091397763,0.0
1728081540.0,8.546769585832972e-06,8.546769585832972e-06,8.40386462886593e-06,8.40386462886593e-06,127.28487503130852,0.001078779678859686,-0.016720347440267912,0.0,0.16776761091397763,0.016720347440267912
1728081600.0,8.40386462886593e-06,8.595322394649378e-06,8.40386462886593e-06,8.595322394649378e-06,3.1563371811176033,2.6827583025546623e-05,0.02278210968865702,-0.9751315458093311,0.16496247817027224,0.02278210968865702
1728081660.0,8.595322394649378e-06,8.595322394649378e-06,8.531691733425694e-06,8.531691733425694e-06,27.805753972692187,0.00023811477056603935,-0.007402940611430079,7.875744428385295,0.16872067144246009,0.007402940611430079
1728081720.0,8.531691733425694e-06,8.531691733425694e-06,8.531691733425694e-06,8.531691733425694e-06,0.0,0.0,0.0,-1.0,0.16747164233185094,0.0
1728081780.0,8.531691733425694e-06,8.531691733425694e-06,8.420856058134477e-06,8.420856058134477e-06,31.82582945020024,0.00026976444738028134,-0.012991054852226019,0.0,0.16747164233185094,0.012991054852226019
1728081840.0,8.420856058134477e-06,8.427957493604386e-06,8.420856058134477e-06,8.427957493604386e-06,14.290376679939284,0.00012038794613220702,0.0008433151476385933,-0.5537293839076629,0.16529600904012548,0.0008433151476385933
1728081900.0,8.427957493604386e-06,8.427957493604386e-06,8.361567882964106e-06,8.361567882964106e-06,27.208691126530702,0.00022841050506605063,-0.007877307246822278,0.8972871654045493,0.16543540566839324,0.007877307246822278
1728081960.0,8.361567882964106e-06,8.361567882964106e-06,8.354903632284517e-06,8.354903632284517e-06,1.1431558372000072,9.554765995022056e-06,-0.0007970096963713642,-0.9581684476716207,0.16413222014844062,0.0007970096963713642
1728082020.0,8.354903632284517e-06,8.354903632284517e-06,8.354903632284517e-06,8.354903632284517e-06,0.0,0.0,0.0,-1.0,0.16400140517749534,0.0
1728082080.0,8.354903632284517e-06,8.354903632284517e-06,8.354903632284517e-06,8.354903632284517e-06,0.0,0.0,0.0,0.0,0.16400140517749534,0.0
1728082140.0,8.354903632284517e-06,8.354903632284517e-06,8.354903632284517e-06,8.354903632284517e-06,0.0,0.0,0.0,0.0,0.16400140517749534,0.0
1728082200.0,8.354903632284517e-06,8.354903632284517e-06,8.305379232932373e-06,8.305379232932373e-06,4.998000921627027,4.163405455746049e-05,-0.0059275847492453165,0.0,0.16400140517749534,0.0059275847492453165
1728082260.0,8.305379232932373e-06,8.305379232932373e-06,7.945125042347412e-06,7.945125042347412e-06,190.56800259177203,0.0015484130704245603,-0.043376007341902695,36.191022754883164,0.1630292729493104,0.043376007341902695
1728082320.0,7.945125042347412e-06,7.945125042347412e-06,7.608608653641378e-06,7.608608653641378e-06,0.1443249984122206,1.122396295488842e-06,-0.04235507772532289,-0.9992751312185829,0.15595771400891606,0.04235507772532289
1728082380.0,7.608608653641378e-06,7.608608653641378e-06,7.608171712904238e-06,7.608171712904238e-06,0.3734572141428475,2.8414082019568516e-06,-5.742715350859854e-05,1.5315552210721803,0.14935211291020475,5.742715350859854e-05
1728082440.0,7.608171712904238e-06,7.608171712904238e-06,7.608171712904238e-06,7.608171712904238e-06,0.0,0.0,0.0,-1.0,0.14934353604348982,0.0
1728082500.0,7.608171712904238e-06,7.905156414699902e-06,7.549540131474825e-06,7.905156414699902e-06,247.47728763946645,0.0019195981836402577,0.039034963063721013,0.0,0.14934353604348982,0.04674135871853624
1728082560.0,7.905156414699902e-06,7.905156414699902e-06,7.905156414699902e-06,7.905156414699902e-06,0.0,0.0,0.0,-1.0,0.15517315545675295,0.0
1728082620.0,7.905156414699902e-06,8.252125465596161e-06,7.905156414699902e-06,8.252125465596161e-06,4.199913774620423,3.392959536474021e-05,0.043891484582273176,0.0,0.15517315545675295,0.043891484582273176
1728082680.0,8.252125465596161e-06,8.252125465596161e-06,8.252125465596161e-06,8.252125465596161e-06,0.0,0.0,0.0,-1.0,0.1619839356170657,0.0
1728082740.0,8.252125465596161e-06,8.252125465596161e-06,8.252125465596161e-06,8.252125465596161e-06,0.0,0.0,0.0,0.0,0.1619839356170657,0.0
1728082800.0,8.252125465596161e-06,8.252125465596161e-06,8.252125465596161e-06,8.252125465596161e-06,0.0,0.0,0.0,0.0,0.1619839356170657,0.0
1728082860.0,8.252125465596161e-06,8.252125465596161e-06,8.242912906783468e-06,8.242912906783468e-06,1.4486900875660254,1.1948099292043796e-05,-0.00111638617845805,0.0,0.1619839356170657,0.00111638617845805
1728082920.0,8.242912906783468e-06,8.242912906783468e-06,8.14169646673938e-06,8.14169646673938e-06,53.65949008939512,0.0004395948921485798,-0.012279207749579876,35.792035402761066,0.16180309899021056,0.012279207749579876
1728082980.0,8.14169646673938e-06,8.14169646673938e-06,8.14169646673938e-06,8.14169646673938e-06,0.0,0.0,0.0,-1.0,0.15981628512318394,0.0
1728083040.0,8.14169646673938e-06,8.14169646673938e-06,8.14169646673938e-06,8.14169646673938e-06,0.0,0.0,0.0,0.0,0.15981628512318394,0.0
1728083100.0,8.14169646673938e-06,8.14169646673938e-06,8.14169646673938e-06,8.14169646673938e-06,0.0,0.0,0.0,0.0,0.15981628512318394,0.0
1728083160.0,8.14169646673938e-06,8.14169646673938e-06,8.14169646673938e-06,8.14169646673938e-06,0.0,0.0,0.0,0.0,0.15981628512318394,0.0
1728083220.0,8.14169646673938e-06,8.14169646673938e-06,8.14169646673938e-06,8.14169646673938e-06,0.0,0.0,0.0,0.0,0.15981628512318394,0.0
1728083280.0,8.14169646673938e-06,8.14169646673938e-06,8.14169646673938e-06,8.14169646673938e-06,0.0,0.0,0.0,0.0,0.15981628512318394,0.0
1728083340.0,8.14169646673938e-06,8.14169646673938e-06,8.040547492122589e-06,8.040547492122589e-06,1.7830582560046286,1.4426941845764932e-05,-0.012423574746369771,0.0,0.15981628512318394,0.012423574746369771
1728083400.0,8.040547492122589e-06,8.040547492122589e-06,8.040547492122589e-06,8.040547492122589e-06,0.0,0.0,0.0,-1.0,0.1578307955592689,0.0
1728083460.0,8.040547492122589e-06,8.040547492122589e-06,8.040547492122589e-06,8.040547492122589e-06,0.0,0.0,0.0,0.0,0.1578307955592689,0.0
1728083520.0,8.040547492122589e-06,8.040547492122589e-06,8.040547492122589e-06,8.040547492122589e-06,0.0,0.0,0.0,0.0,0.1578307955592689,0.0
1728083580.0,8.040547492122589e-06,8.040547492122589e-06,8.040547492122589e-06,8.040547492122589e-06,0.0,0.0,0.0,0.0,0.1578307955592689,0.0
1728083640.0,8.040547492122589e-06,8.040547492122589e-06,8.040547492122589e-06,8.040547492122589e-06,0.0,0.0,0.0,0.0,0.1578307955592689,0.0
1728083700.0,8.040547492122589e-06,8.040547492122589e-06,7.981282799347286e-06,7.981282799347286e-06,30.32887463751969,0.00024296204118680272,-0.007370728527300523,0.0,0.1578307955592689,0.007370728527300523
1728083760.0,7.981282799347286e-06,7.981282799347286e-06,7.82519966417343e-06,7.82519966417343e-06,56.27148220661098,0.0004447270983475573,-0.019556146436337407,0.8304385992774337,0.15666746761195366,0.019556146436337407
1728083820.0,7.82519966417343e-06,7.82519966417343e-06,7.82519966417343e-06,7.82519966417343e-06,0.0,0.0,0.0,-1.0,0.15360365567352416,0.0
1728083880.0,7.82519966417343e-06,7.82519966417343e-06,7.579282229218336e-06,7.579282229218336e-06,81.67048914197804,0.0006290457856060247,-0.03142634635650157,0.0,0.15360365567352416,0.03142634635650157
1728083940.0,7.579282229218336e-06,7.579282229218336e-06,7.579282229218336e-06,7.579282229218336e-06,0.0,0.0,0.0,-1.0,0.14877645398870318,0.0
1728084000.0,7.579282229218336e-06,7.579282229218336e-06,6.948357333106599e-06,6.948357333106599e-06,174.03676802216447,0.0012641717182089818,-0.08324335696057138,0.0,0.14877645398870318,0.08324335696057138
1728084060.0,6.948357333106599e-06,6.948357333106599e-06,6.552919826145356e-06,6.552919826145356e-06,125.7423985094331,0.0008488414864724831,-0.05691093419693819,-0.3285394110263112,0.13639180252199354,0.05691093419693819
1728084120.0,6.552919826145356e-06,6.552919826145356e-06,5.822676153877716e-06,5.822676153877716e-06,223.397137986447,0.0013823363614068667,-0.11143790732095576,0.6284976446561533,0.12862961762366257,0.11143790732095576
1728084180.0,5.822676153877716e-06,5.822676153877716e-06,5.594274229611986e-06,5.594274229611986e-06,50.96421045516665,0.0002909279310501824,-0.03922627984618755,-0.7895389724436593,0.11429540221618688,0.03922627984618755
1728084240.0,5.594274229611986e-06,5.594274229611986e-06,5.594274229611986e-06,5.594274229611986e-06,0.0,0.0,0.0,-1.0,0.10981201878372217,0.0
1728084300.0,5.594274229611986e-06,5.594274229611986e-06,5.481574764913896e-06,5.481574764913896e-06,46.374998359856384,0.0002568212394775774,-0.020145502360528176,0.0,0.10981201878372217,0.020145502360528176
1728084360.0,5.481574764913896e-06,5.481574764913896e-06,5.3526002739770125e-06,5.3526002739770125e-06,112.7935242657046,0.0006110123925740163,-0.02352872969322879,1.3791349727029207,0.10759980050010033,0.02352872969322879
1728084420.0,5.3526002739770125e-06,5.3526002739770125e-06,5.3526002739770125e-06,5.3526002739770125e-06,0.0,0.0,0.0,-1.0,0.10506811387908813,0.0
1728084480.0,5.3526002739770125e-06,5.3526002739770125e-06,5.3526002739770125e-06,5.3526002739770125e-06,0.0,0.0,0.0,0.0,0.10506811387908813,0.0
1728084540.0,5.3526002739770125e-06,5.3526002739770125e-06,5.3526002739770125e-06,5.3526002739770125e-06,0.0,0.0,0.0,0.0,0.10506811387908813,0.0
1728084600.0,5.3526002739770125e-06,5.3526002739770125e-06,5.3526002739770125e-06,5.3526002739770125e-06,0.0,0.0,0.0,0.0,0.10506811387908813,0.0
1728084660.0,5.3526002739770125e-06,5.3526002739770125e-06,5.239017418329956e-06,5.239017418329956e-06,36.77554698539939,0.00019475626704741118,-0.02122012663625704,0.0,0.10506811387908813,0.02122012663625704
1728084720.0,5.239017418329956e-06,5.239017418329956e-06,4.956295313499843e-06,4.956295313499843e-06,157.1256832790878,0.0008009727396163703,-0.05396471938439107,3.112693017582755,0.1028385551971412,0.05396471938439107
1728084780.0,4.956295313499843e-06,4.956295313499843e-06,4.956295313499843e-06,4.956295313499843e-06,0.0,0.0,0.0,-1.0,0.09728890142403127,0.0
1728084840.0,4.956295313499843e-06,4.956295313499843e-06,4.956295313499843e-06,4.956295313499843e-06,0.0,0.0,0.0,0.0,0.09728890142403127,0.0
1728084900.0,4.956295313499843e-06,4.956295313499843e-06,4.956295313499843e-06,4.956295313499843e-06,0.0,0.0,0.0,0.0,0.09728890142403127,0.0
1728084960.0,4.956295313499843e-06,4.956295313499843e-06,4.956295313499843e-06,4.956295313499843e-06,0.0,0.0,0.0,0.0,0.09728890142403127,0.0
1728085020.0,4.956295313499843e-06,4.956295313499843e-06,4.72240402461343e-06,4.72240402461343e-06,10.085205409051648,4.8805835458662285e-05,-0.0471907491568038,0.0,0.09728890142403127,0.0471907491568038
1728085080.0,4.72240402461343e-06,4.72240402461343e-06,4.536696310724574e-06,4.536696310724574e-06,63.44611282922055,0.0002937269622864644,-0.03932482543233008,5.018275469031693,0.0926977652811888,0.03932482543233008
1728085140.0,4.536696310724574e-06,4.536696310724574e-06,4.372333235556045e-06,4.372333235556045e-06,118.5674345061324,0.0005281603886209129,-0.03622968431454863,0.7981338332359545,0.08905244184353893,0.03622968431454863
1728085200.0,4.372333235556045e-06,4.372333235556045e-06,4.215095162694602e-06,4.215095162694602e-06,0.8938169833231311,3.837794672713891e-06,-0.03596205147008795,-0.9927336567538985,0.08582609998810782,0.03596205147008795
1728085260.0,4.215095162694602e-06,4.215095162694602e-06,4.211502286691012e-06,4.211502286691012e-06,1.8078273870598125,7.616916824363839e-06,-0.0008523831289477115,0.9847119176330364,0.08273961736285856,0.0008523831289477115
1728085320.0,4.211502286691012e-06,4.211502286691012e-06,4.211502286691012e-06,4.211502286691012e-06,0.0,0.0,0.0,-1.0,0.08266909150892288,0.0
1728085380.0,4.211502286691012e-06,4.211502286691012e-06,4.211502286691012e-06,4.211502286691012e-06,0.0,0.0,0.0,0.0,0.08266909150892288,0.0
1728085440.0,4.211502286691012e-06,4.211502286691012e-06,4.211502286691012e-06,4.211502286691012e-06,0.0,0.0,0.0,0.0,0.08266909150892288,0.0
1728085500.0,4.211502286691012e-06,4.211502286691012e-06,4.211502286691012e-06,4.211502286691012e-06,0.0,0.0,0.0,0.0,0.08266909150892288,0.0
1728085560.0,4.211502286691012e-06,4.211502286691012e-06,4.211502286691012e-06,4.211502286691012e-06,0.0,0.0,0.0,0.0,0.08266909150892288,0.0
1728085620.0,4.211502286691012e-06,4.211502286691012e-06,4.211502286691012e-06,4.211502286691012e-06,0.0,0.0,0.0,0.0,0.08266909150892288,0.0
1728085680.0,4.211502286691012e-06,4.211502286691012e-06,4.211502286691012e-06,4.211502286691012e-06,0.0,0.0,0.0,0.0,0.08266909150892288,0.0
1728085740.0,4.211502286691012e-06,4.211502286691012e-06,4.162919970753936e-06,4.162919970753936e-06,34.91605603107783,0.00014620089838442656,-0.011535626156633848,0.0,0.08266909150892288,0.011535626156633848
1728085800.0,4.162919970753936e-06,4.162919970753936e-06,4.162919970753936e-06,4.162919970753936e-06,0.0,0.0,0.0,-1.0,0.08171545177456739,0.0
1728085860.0,4.162919970753936e-06,4.162919970753936e-06,4.162919970753936e-06,4.162919970753936e-06,0.0,0.0,0.0,0.0,0.08171545177456739,0.0
1728085920.0,4.162919970753936e-06,4.162919970753936e-06,4.162919970753936e-06,4.162919970753936e-06,0.0,0.0,0.0,0.0,0.08171545177456739,0.0
1728085980.0,4.162919970753936e-06,4.162919970753936e-06,4.0466275142681435e-06,4.0466275142681435e-06,57.26514076084245,0.00023506044615630473,-0.027935309182686795,0.0,0.08171545177456739,0.027935309182686795
1728086040.0,4.0466275142681435e-06,4.0466275142681435e-06,4.0466275142681435e-06,4.0466275142681435e-06,0.0,0.0,0.0,-1.0,0.07943270536424192,0.0
1728086100.0,4.0466275142681435e-06,4.0466275142681435e-06,4.0466275142681435e-06,4.0466275142681435e-06,0.0,0.0,0.0,0.0,0.07943270536424192,0.0
1728086160.0,4.0466275142681435e-06,4.0466275142681435e-06,4.0466275142681435e-06,4.0466275142681435e-06,0.0,0.0,0.0,0.0,0.07943270536424192,0.0
1728086220.0,4.0466275142681435e-06,4.0466275142681435e-06,4.0466275142681435e-06,4.0466275142681435e-06,0.0,0.0,0.0,0.0,0.07943270536424192,0.0
1728086280.0,4.0466275142681435e-06,4.0466275142681435e-06,4.0466275142681435e-06,4.0466275142681435e-06,0.0,0.0,0.0,0.0,0.07943270536424192,0.0
1728086340.0,4.0466275142681435e-06,4.0466275142681435e-06,4.0466275142681435e-06,4.0466275142681435e-06,0.0,0.0,0.0,0.0,0.07943270536424192,0.0
1728086400.0,4.0466275142681435e-06,4.0466275142681435e-06,4.0466275142681435e-06,4.0466275142681435e-06,0.0,0.0,0.0,0.0,0.07943270536424192,0.0
1728086460.0,4.0466275142681435e-06,4.0466275142681435e-06,4.023724613517833e-06,4.023724613517833e-06,21.228820568484824,8.566202862262911e-05,-0.00565975016715927,0.0,0.07943270536424192,0.00565975016715927
1728086520.0,4.023724613517833e-06,4.023724613517833e-06,4.023724613517833e-06,4.023724613517833e-06,0.0,0.0,0.0,-1.0,0.07898313609677873,0.0
1728086580.0,4.023724613517833e-06,4.023724613517833e-06,4.023724613517833e-06,4.023724613517833e-06,0.0,0.0,0.0,0.0,0.07898313609677873,0.0
1728086640.0,4.023724613517833e-06,4.023724613517833e-06,4.023724613517833e-06,4.023724613517833e-06,0.0,0.0,0.0,0.0,0.07898313609677873,0.0
1728086700.0,4.023724613517833e-06,4.023724613517833e-06,4.023724613517833e-06,4.023724613517833e-06,0.0,0.0,0.0,0.0,0.07898313609677873,0.0
1728086760.0,4.023724613517833e-06,4.023724613517833e-06,4.023724613517833e-06,4.023724613517833e-06,0.0,0.0,0.0,0.0,0.07898313609677873,0.0
1728086820.0,4.023724613517833e-06,4.023724613517833e-06,4.023724613517833e-06,4.023724613517833e-06,0.0,0.0,0.0,0.0,0.07898313609677873,0.0
1728086880.0,4.023724613517833e-06,4.023724613517833e-06,4.023724613517833e-06,4.023724613517833e-06,0.0,0.0,0.0,0.0,0.07898313609677873,0.0
1728086940.0,4.023724613517833e-06,4.0307975139307175e-06,4.023724613517833e-06,4.0307975139307175e-06,3.6552918325011703,1.4720814473581318e-05,0.0017577993258094072,0.0,0.07898313609677873,0.0017577993258094072
1728087000.0,4.0307975139307175e-06,4.0307975139307175e-06,4.0307975139307175e-06,4.0307975139307175e-06,0.0,0.0,0.0,-1.0,0.07912197260015998,0.0
1728087060.0,4.0307975139307175e-06,4.0307975139307175e-06,4.0307975139307175e-06,4.0307975139307175e-06,0.0,0.0,0.0,0.0,0.07912197260015998,0.0
1728087120.0,4.0307975139307175e-06,4.0307975139307175e-06,4.023545636699763e-06,4.023545636699763e-06,3.775141184588749,1.5203141271377714e-05,-0.001799117223301662,0.0,0.07912197260015998,0.001799117223301662
1728087180.0,4.023545636699763e-06,4.023545636699763e-06,4.023545636699763e-06,4.023545636699763e-06,0.0,0.0,0.0,-1.0,0.07897962289651342,0.0
1728087240.0,4.023545636699763e-06,4.023545636699763e-06,4.023545636699763e-06,4.023545636699763e-06,0.0,0.0,0.0,0.0,0.07897962289651342,0.0
1728087300.0,4.023545636699763e-06,4.023545636699763e-06,4.023545636699763e-06,4.023545636699763e-06,0.0,0.0,0.0,0.0,0.07897962289651342,0.0
1728087360.0,4.023545636699763e-06,4.023545636699763e-06,4.023545636699763e-06,4.023545636699763e-06,0.0,0.0,0.0,0.0,0.07897962289651342,0.0
1728087420.0,4.023545636699763e-06,4.023545636699763e-06,4.023545636699763e-06,4.023545636699763e-06,0.0,0.0,0.0,0.0,0.07897962289651342,0.0
1728087480.0,4.023545636699763e-06,4.023545636699763e-06,3.98145750584054e-06,3.98145750584054e-06,29.719514686560593,0.00011895240423034513,-0.010460458177813872,0.0,0.07897962289651342,0.010460458177813872
1728087540.0,3.98145750584054e-06,3.98145750584054e-06,3.840872925991524e-06,3.840872925991524e-06,81.05899389295402,0.00031703511735127184,-0.035309828032268946,1.6652266459225982,0.07815345985430493,0.035309828032268946
1728087600.0,3.840872925991524e-06,3.840872925991524e-06,3.840872925991524e-06,3.840872925991524e-06,0.0,0.0,0.0,-1.0,0.07539387462672259,0.0
1728087660.0,3.840872925991524e-06,3.840872925991524e-06,3.5292717370784006e-06,3.5292717370784006e-06,89.22067041091337,0.000328784623932257,-0.08112770063401233,0.0,0.07539387462672259,0.08112770063401233
1728087720.0,3.5292717370784006e-06,3.5292717370784006e-06,3.5292717370784006e-06,3.5292717370784006e-06,0.0,0.0,0.0,-1.0,0.06927734293636759,0.0
1728087780.0,3.5292717370784006e-06,3.5292717370784006e-06,3.5292717370784006e-06,3.5292717370784006e-06,0.0,0.0,0.0,0.0,0.06927734293636759,0.0
1728087840.0,3.5292717370784006e-06,3.5292717370784006e-06,3.5292717370784006e-06,3.5292717370784006e-06,0.0,0.0,0.0,0.0,0.06927734293636759,0.0
1728087900.0,3.5292717370784006e-06,3.5292717370784006e-06,3.5292717370784006e-06,3.5292717370784006e-06,0.0,0.0,0.0,0.0,0.06927734293636759,0.0
1728087960.0,3.5292717370784006e-06,3.5292717370784006e-06,3.5292717370784006e-06,3.5292717370784006e-06,0.0,0.0,0.0,0.0,0.06927734293636759,0.0
1728088020.0,3.5292717370784006e-06,3.5292717370784006e-06,3.5292717370784006e-06,3.5292717370784006e-06,0.0,0.0,0.0,0.0,0.06927734293636759,0.0
1728088080.0,3.5292717370784006e-06,3.5292717370784006e-06,3.465715330122234e-06,3.465715330122234e-06,28.839964476207015,0.0001008675892647969,-0.01800836311028285,0.0,0.06927734293636759,0.01800836311028285
1728088140.0,3.465715330122234e-06,3.465715330122234e-06,3.450927452018405e-06,3.450927452018405e-06,2.513623481291123,8.692917854445735e-06,-0.004266905009566218,-0.9138185227008336,0.06802977138945389,0.004266905009566218
1728088200.0,3.450927452018405e-06,3.450927452018405e-06,3.450927452018405e-06,3.450927452018405e-06,0.0,0.0,0.0,-1.0,0.06773949481711258,0.0
1728088260.0,3.450927452018405e-06,3.450927452018405e-06,3.450927452018405e-06,3.450927452018405e-06,0.0,0.0,0.0,0.0,0.06773949481711258,0.0
1728088320.0,3.450927452018405e-06,3.450927452018405e-06,3.450927452018405e-06,3.450927452018405e-06,0.0,0.0,0.0,0.0,0.06773949481711258,0.0
1728088380.0,3.450927452018405e-06,3.450927452018405e-06,3.450927452018405e-06,3.450927452018405e-06,0.0,0.0,0.0,0.0,0.06773949481711258,0.0
1728088440.0,3.450927452018405e-06,3.450927452018405e-06,3.450927452018405e-06,3.450927452018405e-06,0.0,0.0,0.0,0.0,0.06773949481711258,0.0
1728088500.0,3.450927452018405e-06,3.450927452018405e-06,3.450927452018405e-06,3.450927452018405e-06,0.0,0.0,0.0,0.0,0.06773949481711258,0.0
1728088560.0,3.450927452018405e-06,3.450927452018405e-06,3.450927452018405e-06,3.450927452018405e-06,0.0,0.0,0.0,0.0,0.06773949481711258,0.0
1728088620.0,3.450927452018405e-06,3.450927452018405e-06,3.450927452018405e-06,3.450927452018405e-06,0.0,0.0,0.0,0.0,0.06773949481711258,0.0
1728088680.0,3.450927452018405e-06,3.450927452018405e-06,3.450927452018405e-06,3.450927452018405e-06,0.0,0.0,0.0,0.0,0.06773949481711258,0.0
1728088740.0,3.450927452018405e-06,3.450927452018405e-06,3.450927452018405e-06,3.450927452018405e-06,0.0,0.0,0.0,0.0,0.06773949481711258,0.0
1728088800.0,3.450927452018405e-06,3.450927452018405e-06,3.450927452018405e-06,3.450927452018405e-06,0.0,0.0,0.0,0.0,0.06773949481711258,0.0
1728088860.0,3.450927452018405e-06,3.450927452018405e-06,3.450927452018405e-06,3.450927452018405e-06,0.0,0.0,0.0,0.0,0.06773949481711258,0.0
1728088920.0,3.450927452018405e-06,3.450927452018405e-06,3.450927452018405e-06,3.450927452018405e-06,0.0,0.0,0.0,0.0,0.06773949481711258,0.0
1728088980.0,3.450927452018405e-06,3.450927452018405e-06,3.450927452018405e-06,3.450927452018405e-06,0.0,0.0,0.0,0.0,0.06773949481711258,0.0
1728089040.0,3.450927452018405e-06,3.450927452018405e-06,3.450927452018405e-06,3.450927452018405e-06,0.0,0.0,0.0,0.0,0.06773949481711258,0.0
1728089100.0,3.450927452018405e-06,3.450927452018405e-06,3.450927452018405e-06,3.450927452018405e-06,0.0,0.0,0.0,0.0,0.06773949481711258,0.0
1728089160.0,3.450927452018405e-06,3.450927452018405e-06,3.450927452018405e-06,3.450927452018405e-06,0.0,0.0,0.0,0.0,0.06773949481711258,0.0
1728089220.0,3.450927452018405e-06,3.450927452018405e-06,3.450927452018405e-06,3.450927452018405e-06,0.0,0.0,0.0,0.0,0.06773949481711258,0.0
1728089280.0,3.450927452018405e-06,3.450927452018405e-06,3.450927452018405e-06,3.450927452018405e-06,0.0,0.0,0.0,0.0,0.06773949481711258,0.0
1728089340.0,3.450927452018405e-06,3.450927452018405e-06,3.450927452018405e-06,3.450927452018405e-06,0.0,0.0,0.0,0.0,0.06773949481711258,0.0
1728089400.0,3.450927452018405e-06,3.450927452018405e-06,3.450927452018405e-06,3.450927452018405e-06,0.0,0.0,0.0,0.0,0.06773949481711258,0.0
1728089460.0,3.450927452018405e-06,3.450927452018405e-06,3.446609241680762e-06,3.446609241680762e-06,6.24013403477872,2.1520776739243627e-05,-0.001251318782467369,0.0,0.06773949481711258,0.001251318782467369
1728089520.0,3.446609241680762e-06,3.446609241680762e-06,3.446609241680762e-06,3.446609241680762e-06,0.0,0.0,0.0,-1.0,0.06765473111493307,0.0
1728089580.0,3.446609241680762e-06,3.446609241680762e-06,3.446609241680762e-06,3.446609241680762e-06,0.0,0.0,0.0,0.0,0.06765473111493307,0.0
1728089640.0,3.446609241680762e-06,3.446609241680762e-06,3.446609241680762e-06,3.446609241680762e-06,0.0,0.0,0.0,0.0,0.06765473111493307,0.0
1728089700.0,3.446609241680762e-06,3.446609241680762e-06,3.446609241680762e-06,3.446609241680762e-06,0.0,0.0,0.0,0.0,0.06765473111493307,0.0
1728089760.0,3.446609241680762e-06,3.446609241680762e-06,3.446609241680762e-06,3.446609241680762e-06,0.0,0.0,0.0,0.0,0.06765473111493307,0.0
1728089820.0,3.446609241680762e-06,3.446609241680762e-06,3.446609241680762e-06,3.446609241680762e-06,0.0,0.0,0.0,0.0,0.06765473111493307,0.0
1728089880.0,3.446609241680762e-06,3.446609241680762e-06,3.446609241680762e-06,3.446609241680762e-06,0.0,0.0,0.0,0.0,0.06765473111493307,0.0
1728089940.0,3.446609241680762e-06,3.446609241680762e-06,3.446609241680762e-06,3.446609241680762e-06,0.0,0.0,0.0,0.0,0.06765473111493307,0.0
1728090000.0,3.446609241680762e-06,3.446609241680762e-06,3.446609241680762e-06,3.446609241680762e-06,0.0,0.0,0.0,0.0,0.06765473111493307,0.0
1728090060.0,3.446609241680762e-06,3.446609241680762e-06,3.446609241680762e-06,3.446609241680762e-06,0.0,0.0,0.0,0.0,0.06765473111493307,0.0
1728090120.0,3.446609241680762e-06,3.446609241680762e-06,3.446609241680762e-06,3.446609241680762e-06,0.0,0.0,0.0,0.0,0.06765473111493307,0.0
1728090180.0,3.446609241680762e-06,3.446609241680762e-06,3.446609241680762e-06,3.446609241680762e-06,0.0,0.0,0.0,0.0,0.06765473111493307,0.0
1728090240.0,3.446609241680762e-06,3.446609241680762e-06,3.446609241680762e-06,3.446609241680762e-06,0.0,0.0,0.0,0.0,0.06765473111493307,0.0
1728090300.0,3.446609241680762e-06,3.446609241680762e-06,3.446609241680762e-06,3.446609241680762e-06,0.0,0.0,0.0,0.0,0.06765473111493307,0.0
1728090360.0,3.446609241680762e-06,3.446609241680762e-06,3.446609241680762e-06,3.446609241680762e-06,0.0,0.0,0.0,0.0,0.06765473111493307,0.0
1728090420.0,3.446609241680762e-06,3.446609241680762e-06,3.446609241680762e-06,3.446609241680762e-06,0.0,0.0,0.0,0.0,0.06765473111493307,0.0
1728090480.0,3.446609241680762e-06,3.446609241680762e-06,3.446609241680762e-06,3.446609241680762e-06,0.0,0.0,0.0,0.0,0.06765473111493307,0.0
1728090540.0,3.446609241680762e-06,3.446609241680762e-06,3.446609241680762e-06,3.446609241680762e-06,0.0,0.0,0.0,0.0,0.06765473111493307,0.0
1728090600.0,3.446609241680762e-06,3.446609241680762e-06,3.4179431893941284e-06,3.4179431893941284e-06,19.045862486007497,6.537066081512042e-05,-0.008317175019427083,0.0,0.06765473111493307,0.008317175019427083
1728090660.0,3.4179431893941284e-06,3.4179431893941284e-06,3.4179431893941284e-06,3.4179431893941284e-06,0.0,0.0,0.0,-1.0,0.06709203487535789,0.0
1728090720.0,3.4179431893941284e-06,3.4179431893941284e-06,3.4179431893941284e-06,3.4179431893941284e-06,0.0,0.0,0.0,0.0,0.06709203487535789,0.0
1728090780.0,3.4179431893941284e-06,3.4179431893941284e-06,3.4179431893941284e-06,3.4179431893941284e-06,0.0,0.0,0.0,0.0,0.06709203487535789,0.0
1728090840.0,3.4179431893941284e-06,3.4179431893941284e-06,3.4179431893941284e-06,3.4179431893941284e-06,0.0,0.0,0.0,0.0,0.06709203487535789,0.0
1728090900.0,3.4179431893941284e-06,3.4179431893941284e-06,3.4179431893941284e-06,3.4179431893941284e-06,0.0,0.0,0.0,0.0,0.06709203487535789,0.0
1728090960.0,3.4179431893941284e-06,3.4179431893941284e-06,3.4179431893941284e-06,3.4179431893941284e-06,0.0,0.0,0.0,0.0,0.06709203487535789,0.0
1728091020.0,3.4179431893941284e-06,3.4179431893941284e-06,3.4179431893941284e-06,3.4179431893941284e-06,0.0,0.0,0.0,0.0,0.06709203487535789,0.0
1728091080.0,3.4179431893941284e-06,3.4179431893941284e-06,3.4179431893941284e-06,3.4179431893941284e-06,0.0,0.0,0.0,0.0,0.06709203487535789,0.0
1728091140.0,3.4179431893941284e-06,3.4179431893941284e-06,3.4179431893941284e-06,3.4179431893941284e-06,0.0,0.0,0.0,0.0,0.06709203487535789,0.0
1728091200.0,3.4179431893941284e-06,3.4179431893941284e-06,3.4179431893941284e-06,3.4179431893941284e-06,0.0,0.0,0.0,0.0,0.06709203487535789,0.0
1728091260.0,3.4179431893941284e-06,3.4179431893941284e-06,3.4179431893941284e-06,3.4179431893941284e-06,0.0,0.0,0.0,0.0,0.06709203487535789,0.0
1728091320.0,3.4179431893941284e-06,3.4179431893941284e-06,3.4179431893941284e-06,3.4179431893941284e-06,0.0,0.0,0.0,0.0,0.06709203487535789,0.0
1728091380.0,3.4179431893941284e-06,3.4179431893941284e-06,3.4179431893941284e-06,3.4179431893941284e-06,0.0,0.0,0.0,0.0,0.06709203487535789,0.0
1728091440.0,3.4179431893941284e-06,3.4179431893941284e-06,3.4179431893941284e-06,3.4179431893941284e-06,0.0,0.0,0.0,0.0,0.06709203487535789,0.0
1728091500.0,3.4179431893941284e-06,3.4179431893941284e-06,3.4179431893941284e-06,3.4179431893941284e-06,0.0,0.0,0.0,0.0,0.06709203487535789,0.0
1728091560.0,3.4179431893941284e-06,3.4179431893941284e-06,3.4179431893941284e-06,3.4179431893941284e-06,0.0,0.0,0.0,0.0,0.06709203487535789,0.0
1728091620.0,3.4179431893941284e-06,3.4179431893941284e-06,3.4179431893941284e-06,3.4179431893941284e-06,0.0,0.0,0.0,0.0,0.06709203487535789,0.0
1728091680.0,3.4179431893941284e-06,3.4179431893941284e-06,3.4179431893941284e-06,3.4179431893941284e-06,0.0,0.0,0.0,0.0,0.06709203487535789,0.0
1728091740.0,3.4179431893941284e-06,3.4179431893941284e-06,3.4179431893941284e-06,3.4179431893941284e-06,0.0,0.0,0.0,0.0,0.06709203487535789,0.0
1728091800.0,3.4179431893941284e-06,3.4179431893941284e-06,3.4179431893941284e-06,3.4179431893941284e-06,0.0,0.0,0.0,0.0,0.06709203487535789,0.0
1728091860.0,3.4179431893941284e-06,3.4179431893941284e-06,3.4179431893941284e-06,3.4179431893941284e-06,0.0,0.0,0.0,0.0,0.06709203487535789,0.0
1728091920.0,3.4179431893941284e-06,3.4179431893941284e-06,3.4179431893941284e-06,3.4179431893941284e-06,0.0,0.0,0.0,0.0,0.06709203487535789,0.0
1728091980.0,3.4179431893941284e-06,3.4179431893941284e-06,3.4179431893941284e-06,3.4179431893941284e-06,0.0,0.0,0.0,0.0,0.06709203487535789,0.0
1728092040.0,3.4179431893941284e-06,3.4179431893941284e-06,3.4179431893941284e-06,3.4179431893941284e-06,0.0,0.0,0.0,0.0,0.06709203487535789,0.0
1728092100.0,3.4179431893941284e-06,3.4179431893941284e-06,3.4179431893941284e-06,3.4179431893941284e-06,0.0,0.0,0.0,0.0,0.06709203487535789,0.0
1728092160.0,3.4179431893941284e-06,3.4179431893941284e-06,3.4179431893941284e-06,3.4179431893941284e-06,0.0,0.0,0.0,0.0,0.06709203487535789,0.0
1728092220.0,3.4179431893941284e-06,3.4179431893941284e-06,3.4179431893941284e-06,3.4179431893941284e-06,0.0,0.0,0.0,0.0,0.06709203487535789,0.0
1728092280.0,3.4179431893941284e-06,3.4179431893941284e-06,3.4179431893941284e-06,3.4179431893941284e-06,0.0,0.0,0.0,0.0,0.06709203487535789,0.0
1728092340.0,3.4179431893941284e-06,3.4179431893941284e-06,3.4179431893941284e-06,3.4179431893941284e-06,0.0,0.0,0.0,0.0,0.06709203487535789,0.0
1728092400.0,3.4179431893941284e-06,3.4179431893941284e-06,3.3683904955579056e-06,3.3683904955579056e-06,15.424654696446266,5.2338426872623444e-05,-0.014497810844248307,0.0,0.06709203487535789,0.014497810844248307
1728092460.0,3.3683904955579056e-06,3.3683904955579056e-06,3.3683904955579056e-06,3.3683904955579056e-06,0.0,0.0,0.0,-1.0,0.06611934724457925,0.0
1728092520.0,3.3683904955579056e-06,3.3683904955579056e-06,3.3683904955579056e-06,3.3683904955579056e-06,0.0,0.0,0.0,0.0,0.06611934724457925,0.0
1728092580.0,3.3683904955579056e-06,3.3683904955579056e-06,3.3683904955579056e-06,3.3683904955579056e-06,0.0,0.0,0.0,0.0,0.06611934724457925,0.0
1728092640.0,3.3683904955579056e-06,3.3683904955579056e-06,3.3683904955579056e-06,3.3683904955579056e-06,0.0,0.0,0.0,0.0,0.06611934724457925,0.0
1728092700.0,3.3683904955579056e-06,3.3683904955579056e-06,3.3683904955579056e-06,3.3683904955579056e-06,0.0,0.0,0.0,0.0,0.06611934724457925,0.0
1728092760.0,3.3683904955579056e-06,3.3683904955579056e-06,3.3683904955579056e-06,3.3683904955579056e-06,0.0,0.0,0.0,0.0,0.06611934724457925,0.0
1728092820.0,3.3683904955579056e-06,3.3683904955579056e-06,3.3683904955579056e-06,3.3683904955579056e-06,0.0,0.0,0.0,0.0,0.06611934724457925,0.0
1728092880.0,3.3683904955579056e-06,3.3683904955579056e-06,3.3683904955579056e-06,3.3683904955579056e-06,0.0,0.0,0.0,0.0,0.06611934724457925,0.0
1728092940.0,3.3683904955579056e-06,3.3683904955579056e-06,3.3683904955579056e-06,3.3683904955579056e-06,0.0,0.0,0.0,0.0,0.06611934724457925,0.0
1728093000.0,3.3683904955579056e-06,3.3683904955579056e-06,3.3683904955579056e-06,3.3683904955579056e-06,0.0,0.0,0.0,0.0,0.06611934724457925,0.0
1728093060.0,3.3683904955579056e-06,3.3683904955579056e-06,3.3683904955579056e-06,3.3683904955579056e-06,0.0,0.0,0.0,0.0,0.06611934724457925,0.0
1728093120.0,3.3683904955579056e-06,3.3683904955579056e-06,3.3683904955579056e-06,3.3683904955579056e-06,0.0,0.0,0.0,0.0,0.06611934724457925,0.0
1728093180.0,3.3683904955579056e-06,3.3683904955579056e-06,3.3683904955579056e-06,3.3683904955579056e-06,0.0,0.0,0.0,0.0,0.06611934724457925,0.0
1728093240.0,3.3683904955579056e-06,3.3683904955579056e-06,3.3683904955579056e-06,3.3683904955579056e-06,0.0,0.0,0.0,0.0,0.06611934724457925,0.0
1728093300.0,3.3683904955579056e-06,3.3683904955579056e-06,3.3683904955579056e-06,3.3683904955579056e-06,0.0,0.0,0.0,0.0,0.06611934724457925,0.0
1728093360.0,3.3683904955579056e-06,3.3683904955579056e-06,3.3683904955579056e-06,3.3683904955579056e-06,0.0,0.0,0.0,0.0,0.06611934724457925,0.0
1728093420.0,3.3683904955579056e-06,3.3683904955579056e-06,3.3402168014175424e-06,3.3402168014175424e-06,9.135076602550606,3.064182077715034e-05,-0.00836414132432611,0.0,0.06611934724457925,0.00836414132432611
1728093480.0,3.3402168014175424e-06,3.3402168014175424e-06,3.3402168014175424e-06,3.3402168014175424e-06,0.0,0.0,0.0,-1.0,0.0655663156799534,0.0
1728093540.0,3.3402168014175424e-06,3.3402168014175424e-06,3.3402168014175424e-06,3.3402168014175424e-06,0.0,0.0,0.0,0.0,0.0655663156799534,0.0
1728093600.0,3.3402168014175424e-06,3.3402168014175424e-06,3.3402168014175424e-06,3.3402168014175424e-06,0.0,0.0,0.0,0.0,0.0655663156799534,0.0
1728093660.0,3.3402168014175424e-06,3.3402168014175424e-06,3.3402168014175424e-06,3.3402168014175424e-06,0.0,0.0,0.0,0.0,0.0655663156799534,0.0
1728093720.0,3.3402168014175424e-06,3.3402168014175424e-06,3.3402168014175424e-06,3.3402168014175424e-06,0.0,0.0,0.0,0.0,0.0655663156799534,0.0
1728093780.0,3.3402168014175424e-06,3.3402168014175424e-06,3.3402168014175424e-06,3.3402168014175424e-06,0.0,0.0,0.0,0.0,0.0655663156799534,0.0
1728093840.0,3.3402168014175424e-06,3.3402168014175424e-06,3.3402168014175424e-06,3.3402168014175424e-06,0.0,0.0,0.0,0.0,0.0655663156799534,0.0
1728093900.0,3.3402168014175424e-06,3.3402168014175424e-06,3.3402168014175424e-06,3.3402168014175424e-06,0.0,0.0,0.0,0.0,0.0655663156799534,0.0
1728093960.0,3.3402168014175424e-06,3.3402168014175424e-06,3.3402168014175424e-06,3.3402168014175424e-06,0.0,0.0,0.0,0.0,0.0655663156799534,0.0
1728094020.0,3.3402168014175424e-06,3.3402168014175424e-06,3.3402168014175424e-06,3.3402168014175424e-06,0.0,0.0,0.0,0.0,0.0655663156799534,0.0
1728094080.0,3.3402168014175424e-06,3.3402168014175424e-06,3.3402168014175424e-06,3.3402168014175424e-06,0.0,0.0,0.0,0.0,0.0655663156799534,0.0
1728094140.0,3.3402168014175424e-06,3.3402168014175424e-06,3.3402168014175424e-06,3.3402168014175424e-06,0.0,0.0,0.0,0.0,0.0655663156799534,0.0
1728094200.0,3.3402168014175424e-06,3.3402168014175424e-06,3.3402168014175424e-06,3.3402168014175424e-06,0.0,0.0,0.0,0.0,0.0655663156799534,0.0
1728094260.0,3.3402168014175424e-06,3.3402168014175424e-06,3.3402168014175424e-06,3.3402168014175424e-06,0.0,0.0,0.0,0.0,0.0655663156799534,0.0
1728094320.0,3.3402168014175424e-06,3.3402168014175424e-06,3.3402168014175424e-06,3.3402168014175424e-06,0.0,0.0,0.0,0.0,0.0655663156799534,0.0
1728094380.0,3.3402168014175424e-06,3.3402168014175424e-06,3.3402168014175424e-06,3.3402168014175424e-06,0.0,0.0,0.0,0.0,0.0655663156799534,0.0
1728094440.0,3.3402168014175424e-06,3.3402168014175424e-06,3.3402168014175424e-06,3.3402168014175424e-06,0.0,0.0,0.0,0.0,0.0655663156799534,0.0
1728094500.0,3.3402168014175424e-06,3.3402168014175424e-06,3.3402168014175424e-06,3.3402168014175424e-06,0.0,0.0,0.0,0.0,0.0655663156799534,0.0
1728094560.0,3.3402168014175424e-06,3.3402168014175424e-06,3.3402168014175424e-06,3.3402168014175424e-06,0.0,0.0,0.0,0.0,0.0655663156799534,0.0
1728094620.0,3.3402168014175424e-06,3.3402168014175424e-06,3.3402168014175424e-06,3.3402168014175424e-06,0.0,0.0,0.0,0.0,0.0655663156799534,0.0
1728094680.0,3.3402168014175424e-06,3.3402168014175424e-06,3.3402168014175424e-06,3.3402168014175424e-06,0.0,0.0,0.0,0.0,0.0655663156799534,0.0
1728094740.0,3.3402168014175424e-06,3.3402168014175424e-06,3.3402168014175424e-06,3.3402168014175424e-06,0.0,0.0,0.0,0.0,0.0655663156799534,0.0
1728094800.0,3.3402168014175424e-06,3.3402168014175424e-06,3.3402168014175424e-06,3.3402168014175424e-06,0.0,0.0,0.0,0.0,0.0655663156799534,0.0
1728094860.0,3.3402168014175424e-06,3.3402168014175424e-06,3.3402168014175424e-06,3.3402168014175424e-06,0.0,0.0,0.0,0.0,0.0655663156799534,0.0
1728094920.0,3.3402168014175424e-06,3.3402168014175424e-06,3.3402168014175424e-06,3.3402168014175424e-06,0.0,0.0,0.0,0.0,0.0655663156799534,0.0
1728094980.0,3.3402168014175424e-06,3.3402168014175424e-06,3.3402168014175424e-06,3.3402168014175424e-06,0.0,0.0,0.0,0.0,0.0655663156799534,0.0
1728095040.0,3.3402168014175424e-06,3.3402168014175424e-06,3.3402168014175424e-06,3.3402168014175424e-06,0.0,0.0,0.0,0.0,0.0655663156799534,0.0
1728095100.0,3.3402168014175424e-06,3.3402168014175424e-06,3.3402168014175424e-06,3.3402168014175424e-06,0.0,0.0,0.0,0.0,0.0655663156799534,0.0
1728095160.0,3.3402168014175424e-06,3.3402168014175424e-06,3.3402168014175424e-06,3.3402168014175424e-06,0.0,0.0,0.0,0.0,0.0655663156799534,0.0
1728095220.0,3.3402168014175424e-06,3.3402168014175424e-06,3.3402168014175424e-06,3.3402168014175424e-06,0.0,0.0,0.0,0.0,0.0655663156799534,0.0
1728095280.0,3.3402168014175424e-06,3.3402168014175424e-06,3.3402168014175424e-06,3.3402168014175424e-06,0.0,0.0,0.0,0.0,0.0655663156799534,0.0
1728095340.0,3.3402168014175424e-06,3.3402168014175424e-06,3.3402168014175424e-06,3.3402168014175424e-06,0.0,0.0,0.0,0.0,0.0655663156799534,0.0
1728095400.0,3.3402168014175424e-06,3.3402168014175424e-06,3.3402168014175424e-06,3.3402168014175424e-06,0.0,0.0,0.0,0.0,0.0655663156799534,0.0
1728095460.0,3.3402168014175424e-06,3.3402168014175424e-06,3.3402168014175424e-06,3.3402168014175424e-06,0.0,0.0,0.0,0.0,0.0655663156799534,0.0
1728095520.0,3.3402168014175424e-06,3.3402168014175424e-06,3.3402168014175424e-06,3.3402168014175424e-06,0.0,0.0,0.0,0.0,0.0655663156799534,0.0
1728095580.0,3.3402168014175424e-06,3.3402168014175424e-06,3.3402168014175424e-06,3.3402168014175424e-06,0.0,0.0,0.0,0.0,0.0655663156799534,0.0
1728095640.0,3.3402168014175424e-06,3.3402168014175424e-06,3.3402168014175424e-06,3.3402168014175424e-06,0.0,0.0,0.0,0.0,0.0655663156799534,0.0
1728095700.0,3.3402168014175424e-06,3.3402168014175424e-06,3.3402168014175424e-06,3.3402168014175424e-06,0.0,0.0,0.0,0.0,0.0655663156799534,0.0
1728095760.0,3.3402168014175424e-06,3.3402168014175424e-06,3.3402168014175424e-06,3.3402168014175424e-06,0.0,0.0,0.0,0.0,0.0655663156799534,0.0
1728095820.0,3.3402168014175424e-06,3.3402168014175424e-06,3.3402168014175424e-06,3.3402168014175424e-06,0.0,0.0,0.0,0.0,0.0655663156799534,0.0
1728095880.0,3.3402168014175424e-06,3.3402168014175424e-06,3.3402168014175424e-06,3.3402168014175424e-06,0.0,0.0,0.0,0.0,0.0655663156799534,0.0
1728095940.0,3.3402168014175424e-06,3.3402168014175424e-06,3.3402168014175424e-06,3.3402168014175424e-06,0.0,0.0,0.0,0.0,0.0655663156799534,0.0
1728096000.0,3.3402168014175424e-06,3.3402168014175424e-06,3.3402168014175424e-06,3.3402168014175424e-06,0.0,0.0,0.0,0.0,0.0655663156799534,0.0
1728096060.0,3.3402168014175424e-06,3.3402168014175424e-06,3.3402168014175424e-06,3.3402168014175424e-06,0.0,0.0,0.0,0.0,0.0655663156799534,0.0
1728096120.0,3.3402168014175424e-06,3.3402168014175424e-06,3.3402168014175424e-06,3.3402168014175424e-06,0.0,0.0,0.0,0.0,0.0655663156799534,0.0
1728096180.0,3.3402168014175424e-06,3.3402168014175424e-06,3.3402168014175424e-06,3.3402168014175424e-06,0.0,0.0,0.0,0.0,0.0655663156799534,0.0
1728096240.0,3.3402168014175424e-06,3.3402168014175424e-06,3.3402168014175424e-06,3.3402168014175424e-06,0.0,0.0,0.0,0.0,0.0655663156799534,0.0
1728096300.0,3.3402168014175424e-06,3.3402168014175424e-06,3.3402168014175424e-06,3.3402168014175424e-06,0.0,0.0,0.0,0.0,0.0655663156799534,0.0
1728096360.0,3.3402168014175424e-06,3.3402168014175424e-06,3.3402168014175424e-06,3.3402168014175424e-06,0.0,0.0,0.0,0.0,0.0655663156799534,0.0
1728096420.0,3.3402168014175424e-06,3.3402168014175424e-06,3.3402168014175424e-06,3.3402168014175424e-06,0.0,0.0,0.0,0.0,0.0655663156799534,0.0
1728096480.0,3.3402168014175424e-06,3.3402168014175424e-06,3.3402168014175424e-06,3.3402168014175424e-06,0.0,0.0,0.0,0.0,0.0655663156799534,0.0
1728096540.0,3.3402168014175424e-06,3.3402168014175424e-06,3.3402168014175424e-06,3.3402168014175424e-06,0.0,0.0,0.0,0.0,0.0655663156799534,0.0
1728096600.0,3.3402168014175424e-06,3.3402168014175424e-06,3.3402168014175424e-06,3.3402168014175424e-06,0.0,0.0,0.0,0.0,0.0655663156799534,0.0
1728096660.0,3.3402168014175424e-06,3.3402168014175424e-06,3.3402168014175424e-06,3.3402168014175424e-06,0.0,0.0,0.0,0.0,0.0655663156799534,0.0
1728096720.0,3.3402168014175424e-06,3.3402168014175424e-06,3.3402168014175424e-06,3.3402168014175424e-06,0.0,0.0,0.0,0.0,0.0655663156799534,0.0
1728096780.0,3.3402168014175424e-06,3.3402168014175424e-06,3.3402168014175424e-06,3.3402168014175424e-06,0.0,0.0,0.0,0.0,0.0655663156799534,0.0
1728096840.0,3.3402168014175424e-06,3.3402168014175424e-06,3.3402168014175424e-06,3.3402168014175424e-06,0.0,0.0,0.0,0.0,0.0655663156799534,0.0
1728096900.0,3.3402168014175424e-06,3.3402168014175424e-06,3.3402168014175424e-06,3.3402168014175424e-06,0.0,0.0,0.0,0.0,0.0655663156799534,0.0
1728096960.0,3.3402168014175424e-06,3.3402168014175424e-06,3.3402168014175424e-06,3.3402168014175424e-06,0.0,0.0,0.0,0.0,0.0655663156799534,0.0
1728097020.0,3.3402168014175424e-06,3.3402168014175424e-06,3.3402168014175424e-06,3.3402168014175424e-06,0.0,0.0,0.0,0.0,0.0655663156799534,0.0
1728097080.0,3.3402168014175424e-06,3.3402168014175424e-06,3.3402168014175424e-06,3.3402168014175424e-06,0.0,0.0,0.0,0.0,0.0655663156799534,0.0
1728097140.0,3.3402168014175424e-06,3.3402168014175424e-06,3.3402168014175424e-06,3.3402168014175424e-06,0.0,0.0,0.0,0.0,0.0655663156799534,0.0
1728097200.0,3.3402168014175424e-06,3.3402168014175424e-06,3.3402168014175424e-06,3.3402168014175424e-06,0.0,0.0,0.0,0.0,0.0655663156799534,0.0
1728097260.0,3.3402168014175424e-06,3.3402168014175424e-06,3.3402168014175424e-06,3.3402168014175424e-06,0.0,0.0,0.0,0.0,0.0655663156799534,0.0
1728097320.0,3.3402168014175424e-06,3.3402168014175424e-06,3.3402168014175424e-06,3.3402168014175424e-06,0.0,0.0,0.0,0.0,0.0655663156799534,0.0
1728097380.0,3.3402168014175424e-06,3.3402168014175424e-06,3.3402168014175424e-06,3.3402168014175424e-06,0.0,0.0,0.0,0.0,0.0655663156799534,0.0
1728097440.0,3.3402168014175424e-06,3.3402168014175424e-06,3.3402168014175424e-06,3.3402168014175424e-06,0.0,0.0,0.0,0.0,0.0655663156799534,0.0
1728097500.0,3.3402168014175424e-06,3.3402168014175424e-06,3.3402168014175424e-06,3.3402168014175424e-06,0.0,0.0,0.0,0.0,0.0655663156799534,0.0
1728097560.0,3.3402168014175424e-06,3.3402168014175424e-06,3.3402168014175424e-06,3.3402168014175424e-06,0.0,0.0,0.0,0.0,0.0655663156799534,0.0
1728097620.0,3.3402168014175424e-06,3.3402168014175424e-06,3.3402168014175424e-06,3.3402168014175424e-06,0.0,0.0,0.0,0.0,0.0655663156799534,0.0
1728097680.0,3.3402168014175424e-06,3.3402168014175424e-06,3.3402168014175424e-06,3.3402168014175424e-06,0.0,0.0,0.0,0.0,0.0655663156799534,0.0
1728097740.0,3.3402168014175424e-06,3.3402168014175424e-06,3.3402168014175424e-06,3.3402168014175424e-06,0.0,0.0,0.0,0.0,0.0655663156799534,0.0
1728097800.0,3.3402168014175424e-06,3.3402168014175424e-06,3.3402168014175424e-06,3.3402168014175424e-06,0.0,0.0,0.0,0.0,0.0655663156799534,0.0
1728097860.0,3.3402168014175424e-06,3.3402168014175424e-06,3.3402168014175424e-06,3.3402168014175424e-06,0.0,0.0,0.0,0.0,0.0655663156799534,0.0
1728097920.0,3.3402168014175424e-06,3.3402168014175424e-06,3.3402168014175424e-06,3.3402168014175424e-06,0.0,0.0,0.0,0.0,0.0655663156799534,0.0
1728097980.0,3.3402168014175424e-06,3.3402168014175424e-06,3.3402168014175424e-06,3.3402168014175424e-06,0.0,0.0,0.0,0.0,0.0655663156799534,0.0
1728098040.0,3.3402168014175424e-06,3.3402168014175424e-06,3.2977167037934707e-06,3.2977167037934707e-06,4.2523817679508795,1.4113513707214793e-05,-0.012723754220395284,0.0,0.0655663156799534,0.012723754220395284
1728098100.0,3.2977167037934707e-06,3.2977167037934707e-06,3.2977167037934707e-06,3.2977167037934707e-06,0.0,0.0,0.0,-1.0,0.06473206599410482,0.0
1728098160.0,3.2977167037934707e-06,3.2977167037934707e-06,3.2977167037934707e-06,3.2977167037934707e-06,0.0,0.0,0.0,0.0,0.06473206599410482,0.0
1728098220.0,3.2977167037934707e-06,3.2977167037934707e-06,3.2977167037934707e-06,3.2977167037934707e-06,0.0,0.0,0.0,0.0,0.06473206599410482,0.0
1728098280.0,3.2977167037934707e-06,3.2977167037934707e-06,3.2977167037934707e-06,3.2977167037934707e-06,0.0,0.0,0.0,0.0,0.06473206599410482,0.0
1728098340.0,3.2977167037934707e-06,3.2977167037934707e-06,3.2977167037934707e-06,3.2977167037934707e-06,0.0,0.0,0.0,0.0,0.06473206599410482,0.0
1728098400.0,3.2977167037934707e-06,3.2977167037934707e-06,3.2977167037934707e-06,3.2977167037934707e-06,0.0,0.0,0.0,0.0,0.06473206599410482,0.0
1728098460.0,3.2977167037934707e-06,3.2977167037934707e-06,3.2977167037934707e-06,3.2977167037934707e-06,0.0,0.0,0.0,0.0,0.06473206599410482,0.0
1728098520.0,3.2977167037934707e-06,3.2977167037934707e-06,3.2977167037934707e-06,3.2977167037934707e-06,0.0,0.0,0.0,0.0,0.06473206599410482,0.0
1728098580.0,3.2977167037934707e-06,3.2977167037934707e-06,3.2977167037934707e-06,3.2977167037934707e-06,0.0,0.0,0.0,0.0,0.06473206599410482,0.0
1728098640.0,3.2977167037934707e-06,3.2977167037934707e-06,3.2977167037934707e-06,3.2977167037934707e-06,0.0,0.0,0.0,0.0,0.06473206599410482,0.0
1728098700.0,3.2977167037934707e-06,3.2977167037934707e-06,3.2977167037934707e-06,3.2977167037934707e-06,0.0,0.0,0.0,0.0,0.06473206599410482,0.0
1728098760.0,3.2977167037934707e-06,3.2977167037934707e-06,3.2977167037934707e-06,3.2977167037934707e-06,0.0,0.0,0.0,0.0,0.06473206599410482,0.0
1728098820.0,3.2977167037934707e-06,3.2977167037934707e-06,3.2977167037934707e-06,3.2977167037934707e-06,0.0,0.0,0.0,0.0,0.06473206599410482,0.0
1728098880.0,3.2977167037934707e-06,3.2977167037934707e-06,3.2977167037934707e-06,3.2977167037934707e-06,0.0,0.0,0.0,0.0,0.06473206599410482,0.0
1728098940.0,3.2977167037934707e-06,3.2977167037934707e-06,3.2977167037934707e-06,3.2977167037934707e-06,0.0,0.0,0.0,0.0,0.06473206599410482,0.0
1728099000.0,3.2977167037934707e-06,3.2977167037934707e-06,3.2977167037934707e-06,3.2977167037934707e-06,0.0,0.0,0.0,0.0,0.06473206599410482,0.0
1728099060.0,3.2977167037934707e-06,3.2977167037934707e-06,3.2977167037934707e-06,3.2977167037934707e-06,0.0,0.0,0.0,0.0,0.06473206599410482,0.0
1728099120.0,3.2977167037934707e-06,3.2977167037934707e-06,3.2977167037934707e-06,3.2977167037934707e-06,0.0,0.0,0.0,0.0,0.06473206599410482,0.0
1728099180.0,3.2977167037934707e-06,3.2977167037934707e-06,3.2977167037934707e-06,3.2977167037934707e-06,0.0,0.0,0.0,0.0,0.06473206599410482,0.0
1728099240.0,3.2977167037934707e-06,3.2977167037934707e-06,3.2977167037934707e-06,3.2977167037934707e-06,0.0,0.0,0.0,0.0,0.06473206599410482,0.0
1728099300.0,3.2977167037934707e-06,3.2977167037934707e-06,3.2977167037934707e-06,3.2977167037934707e-06,0.0,0.0,0.0,0.0,0.06473206599410482,0.0
1728099360.0,3.2977167037934707e-06,3.2977167037934707e-06,3.2977167037934707e-06,3.2977167037934707e-06,0.0,0.0,0.0,0.0,0.06473206599410482,0.0
1728099420.0,3.2977167037934707e-06,3.2977167037934707e-06,3.2977167037934707e-06,3.2977167037934707e-06,0.0,0.0,0.0,0.0,0.06473206599410482,0.0
1728099480.0,3.2977167037934707e-06,3.2977167037934707e-06,3.2977167037934707e-06,3.2977167037934707e-06,0.0,0.0,0.0,0.0,0.06473206599410482,0.0
1728099540.0,3.2977167037934707e-06,3.2977167037934707e-06,3.2977167037934707e-06,3.2977167037934707e-06,0.0,0.0,0.0,0.0,0.06473206599410482,0.0
1728099600.0,3.2977167037934707e-06,3.2977167037934707e-06,3.2977167037934707e-06,3.2977167037934707e-06,0.0,0.0,0.0,0.0,0.06473206599410482,0.0
1728099660.0,3.2977167037934707e-06,3.2977167037934707e-06,3.2977167037934707e-06,3.2977167037934707e-06,0.0,0.0,0.0,0.0,0.06473206599410482,0.0
1728099720.0,3.2977167037934707e-06,3.2977167037934707e-06,3.2977167037934707e-06,3.2977167037934707e-06,0.0,0.0,0.0,0.0,0.06473206599410482,0.0
1728099780.0,3.2977167037934707e-06,3.2977167037934707e-06,3.2977167037934707e-06,3.2977167037934707e-06,0.0,0.0,0.0,0.0,0.06473206599410482,0.0
1728099840.0,3.2977167037934707e-06,3.2977167037934707e-06,3.2977167037934707e-06,3.2977167037934707e-06,0.0,0.0,0.0,0.0,0.06473206599410482,0.0
1728099900.0,3.2977167037934707e-06,3.2977167037934707e-06,3.2977167037934707e-06,3.2977167037934707e-06,0.0,0.0,0.0,0.0,0.06473206599410482,0.0
1728099960.0,3.2977167037934707e-06,3.2977167037934707e-06,3.2977167037934707e-06,3.2977167037934707e-06,0.0,0.0,0.0,0.0,0.06473206599410482,0.0
1728100020.0,3.2977167037934707e-06,3.2977167037934707e-06,3.2894205806630027e-06,3.2894205806630027e-06,2.7045900113736616,8.907752851544003e-06,-0.002515717351015861,0.0,0.06473206599410482,0.002515717351015861
1728100080.0,3.2894205806630027e-06,3.2894205806630027e-06,3.2894205806630027e-06,3.2894205806630027e-06,0.0,0.0,0.0,-1.0,0.06456921841251635,0.0
1728100140.0,3.2894205806630027e-06,3.2894205806630027e-06,3.2894205806630027e-06,3.2894205806630027e-06,0.0,0.0,0.0,0.0,0.06456921841251635,0.0
1728100200.0,3.2894205806630027e-06,3.2894205806630027e-06,3.2894205806630027e-06,3.2894205806630027e-06,0.0,0.0,0.0,0.0,0.06456921841251635,0.0
1728100260.0,3.2894205806630027e-06,3.2894205806630027e-06,3.2894205806630027e-06,3.2894205806630027e-06,0.0,0.0,0.0,0.0,0.06456921841251635,0.0
1728100320.0,3.2894205806630027e-06,3.2894205806630027e-06,3.2894205806630027e-06,3.2894205806630027e-06,0.0,0.0,0.0,0.0,0.06456921841251635,0.0
1728100380.0,3.2894205806630027e-06,3.2894205806630027e-06,3.2894205806630027e-06,3.2894205806630027e-06,0.0,0.0,0.0,0.0,0.06456921841251635,0.0
1728100440.0,3.2894205806630027e-06,3.2894205806630027e-06,3.2894205806630027e-06,3.2894205806630027e-06,0.0,0.0,0.0,0.0,0.06456921841251635,0.0
1728100500.0,3.2894205806630027e-06,3.2894205806630027e-06,3.2894205806630027e-06,3.2894205806630027e-06,0.0,0.0,0.0,0.0,0.06456921841251635,0.0
1728100560.0,3.2894205806630027e-06,3.2894205806630027e-06,3.2868619304233255e-06,3.2868619304233255e-06,1.7318870607061156,5.694689294249168e-06,-0.0007778422299411435,0.0,0.06456921841251635,0.0007778422299411435
1728100620.0,3.2868619304233255e-06,3.2868619304233255e-06,3.2868619304233255e-06,3.2868619304233255e-06,0.0,0.0,0.0,-1.0,0.0645189937476808,0.0
1728100680.0,3.2868619304233255e-06,3.2868619304233255e-06,3.2868619304233255e-06,3.2868619304233255e-06,0.0,0.0,0.0,0.0,0.0645189937476808,0.0
1728100740.0,3.2868619304233255e-06,3.2868619304233255e-06,3.2868619304233255e-06,3.2868619304233255e-06,0.0,0.0,0.0,0.0,0.0645189937476808,0.0
1728100800.0,3.2868619304233255e-06,3.2868619304233255e-06,3.2868619304233255e-06,3.2868619304233255e-06,0.0,0.0,0.0,0.0,0.0645189937476808,0.0
1728100860.0,3.2868619304233255e-06,3.2868619304233255e-06,3.2868619304233255e-06,3.2868619304233255e-06,0.0,0.0,0.0,0.0,0.0645189937476808,0.0
1728100920.0,3.2868619304233255e-06,3.2868619304233255e-06,3.2868619304233255e-06,3.2868619304233255e-06,0.0,0.0,0.0,0.0,0.0645189937476808,0.0
1728100980.0,3.2868619304233255e-06,3.2868619304233255e-06,3.2868619304233255e-06,3.2868619304233255e-06,0.0,0.0,0.0,0.0,0.0645189937476808,0.0
1728101040.0,3.2868619304233255e-06,3.2868619304233255e-06,3.2868619304233255e-06,3.2868619304233255e-06,0.0,0.0,0.0,0.0,0.0645189937476808,0.0
1728101100.0,3.2868619304233255e-06,3.2868619304233255e-06,3.2868619304233255e-06,3.2868619304233255e-06,0.0,0.0,0.0,0.0,0.0645189937476808,0.0
1728101160.0,3.2868619304233255e-06,3.2868619304233255e-06,3.2868619304233255e-06,3.2868619304233255e-06,0.0,0.0,0.0,0.0,0.0645189937476808,0.0
1728101220.0,3.2868619304233255e-06,3.2868619304233255e-06,3.2868619304233255e-06,3.2868619304233255e-06,0.0,0.0,0.0,0.0,0.0645189937476808,0.0
1728101280.0,3.2868619304233255e-06,3.2868619304233255e-06,3.2868619304233255e-06,3.2868619304233255e-06,0.0,0.0,0.0,0.0,0.0645189937476808,0.0
1728101340.0,3.2868619304233255e-06,3.2868619304233255e-06,3.2868619304233255e-06,3.2868619304233255e-06,0.0,0.0,0.0,0.0,0.0645189937476808,0.0
1728101400.0,3.2868619304233255e-06,3.2868619304233255e-06,3.2791644898321863e-06,3.2791644898321863e-06,1.248217940504073,4.097915987793333e-06,-0.0023418813306063657,0.0,0.0645189937476808,0.0023418813306063657
1728101460.0,3.2791644898321863e-06,3.2791644898321863e-06,3.2791644898321863e-06,3.2791644898321863e-06,0.0,0.0,0.0,-1.0,0.06436789792075359,0.0
1728101520.0,3.2791644898321863e-06,3.2791644898321863e-06,3.2711954921202353e-06,3.2711954921202353e-06,5.546609635679642,1.8166144896533813e-05,-0.002430191512704127,0.0,0.06436789792075359,0.002430191512704127
1728101580.0,3.2711954921202353e-06,3.2711954921202353e-06,3.2711954921202353e-06,3.2711954921202353e-06,0.0,0.0,0.0,-1.0,0.06421147160153598,0.0
1728101640.0,3.2711954921202353e-06,3.2711954921202353e-06,3.2711954921202353e-06,3.2711954921202353e-06,0.0,0.0,0.0,0.0,0.06421147160153598,0.0
1728101700.0,3.2711954921202353e-06,3.2711954921202353e-06,3.2711954921202353e-06,3.2711954921202353e-06,0.0,0.0,0.0,0.0,0.06421147160153598,0.0
1728101760.0,3.2711954921202353e-06,3.2711954921202353e-06,3.2617715420811785e-06,3.2617715420811785e-06,0.7828502556863939,2.5571674565576797e-06,-0.0028808886725839354,0.0,0.06421147160153598,0.0028808886725839354
1728101820.0,3.2617715420811785e-06,3.2617715420811785e-06,3.2617715420811785e-06,3.2617715420811785e-06,0.0,0.0,0.0,-1.0,0.06402648550034916,0.0
1728101880.0,3.2617715420811785e-06,3.2617715420811785e-06,3.2617715420811785e-06,3.2617715420811785e-06,0.0,0.0,0.0,0.0,0.06402648550034916,0.0
1728101940.0,3.2617715420811785e-06,3.2617715420811785e-06,3.2617715420811785e-06,3.2617715420811785e-06,0.0,0.0,0.0,0.0,0.06402648550034916,0.0
1728102000.0,3.2617715420811785e-06,3.2617715420811785e-06,3.2617715420811785e-06,3.2617715420811785e-06,0.0,0.0,0.0,0.0,0.06402648550034916,0.0
1728102060.0,3.2617715420811785e-06,3.2617715420811785e-06,3.2617715420811785e-06,3.2617715420811785e-06,0.0,0.0,0.0,0.0,0.06402648550034916,0.0
1728102120.0,3.2617715420811785e-06,3.2617715420811785e-06,3.2617715420811785e-06,3.2617715420811785e-06,0.0,0.0,0.0,0.0,0.06402648550034916,0.0
1728102180.0,3.2617715420811785e-06,3.2617715420811785e-06,3.2617715420811785e-06,3.2617715420811785e-06,0.0,0.0,0.0,0.0,0.06402648550034916,0.0
1728102240.0,3.2617715420811785e-06,3.2617715420811785e-06,3.2617715420811785e-06,3.2617715420811785e-06,0.0,0.0,0.0,0.0,0.06402648550034916,0.0
1728102300.0,3.2617715420811785e-06,3.2617715420811785e-06,3.2617715420811785e-06,3.2617715420811785e-06,0.0,0.0,0.0,0.0,0.06402648550034916,0.0
1728102360.0,3.2617715420811785e-06,3.2617715420811785e-06,3.2617715420811785e-06,3.2617715420811785e-06,0.0,0.0,0.0,0.0,0.06402648550034916,0.0
1728102420.0,3.2617715420811785e-06,3.2617715420811785e-06,3.2617715420811785e-06,3.2617715420811785e-06,0.0,0.0,0.0,0.0,0.06402648550034916,0.0
1728102480.0,3.2617715420811785e-06,3.2617715420811785e-06,3.2617715420811785e-06,3.2617715420811785e-06,0.0,0.0,0.0,0.0,0.06402648550034916,0.0
1728102540.0,3.2617715420811785e-06,3.2617715420811785e-06,3.2617715420811785e-06,3.2617715420811785e-06,0.0,0.0,0.0,0.0,0.06402648550034916,0.0
1728102600.0,3.2617715420811785e-06,3.2617715420811785e-06,3.2617715420811785e-06,3.2617715420811785e-06,0.0,0.0,0.0,0.0,0.06402648550034916,0.0
1728102660.0,3.2617715420811785e-06,3.2617715420811785e-06,3.2617715420811785e-06,3.2617715420811785e-06,0.0,0.0,0.0,0.0,0.06402648550034916,0.0
1728102720.0,3.2617715420811785e-06,3.2617715420811785e-06,3.2617715420811785e-06,3.2617715420811785e-06,0.0,0.0,0.0,0.0,0.06402648550034916,0.0
1728102780.0,3.2617715420811785e-06,3.2617715420811785e-06,3.2617715420811785e-06,3.2617715420811785e-06,0.0,0.0,0.0,0.0,0.06402648550034916,0.0
1728102840.0,3.2617715420811785e-06,3.2617715420811785e-06,3.2617715420811785e-06,3.2617715420811785e-06,0.0,0.0,0.0,0.0,0.06402648550034916,0.0
1728102900.0,3.2617715420811785e-06,3.321617625865772e-06,3.2617715420811785e-06,3.321617625865772e-06,35.15985721948809,0.00011573551158266963,0.0183477239323783,0.0,0.06402648550034916,0.0183477239323783
1728102960.0,3.321617625865772e-06,3.321617625865772e-06,3.321617625865772e-06,3.321617625865772e-06,0.0,0.0,0.0,-1.0,0.06520122578066999,0.0
1728103020.0,3.321617625865772e-06,3.321617625865772e-06,3.321617625865772e-06,3.321617625865772e-06,0.0,0.0,0.0,0.0,0.06520122578066999,0.0
1728103080.0,3.321617625865772e-06,3.321617625865772e-06,3.321617625865772e-06,3.321617625865772e-06,0.0,0.0,0.0,0.0,0.06520122578066999,0.0
1728103140.0,3.321617625865772e-06,3.321617625865772e-06,3.321617625865772e-06,3.321617625865772e-06,0.0,0.0,0.0,0.0,0.06520122578066999,0.0
1728103200.0,3.321617625865772e-06,3.321617625865772e-06,3.321617625865772e-06,3.321617625865772e-06,0.0,0.0,0.0,0.0,0.06520122578066999,0.0
1728103260.0,3.321617625865772e-06,3.321617625865772e-06,3.321617625865772e-06,3.321617625865772e-06,0.0,0.0,0.0,0.0,0.06520122578066999,0.0
1728103320.0,3.321617625865772e-06,3.321617625865772e-06,3.321617625865772e-06,3.321617625865772e-06,0.0,0.0,0.0,0.0,0.06520122578066999,0.0
1728103380.0,3.321617625865772e-06,3.321617625865772e-06,3.321617625865772e-06,3.321617625865772e-06,0.0,0.0,0.0,0.0,0.06520122578066999,0.0
1728103440.0,3.321617625865772e-06,3.321617625865772e-06,3.321617625865772e-06,3.321617625865772e-06,0.0,0.0,0.0,0.0,0.06520122578066999,0.0
1728103500.0,3.321617625865772e-06,3.321617625865772e-06,3.321617625865772e-06,3.321617625865772e-06,0.0,0.0,0.0,0.0,0.06520122578066999,0.0
1728103560.0,3.321617625865772e-06,3.321617625865772e-06,3.321617625865772e-06,3.321617625865772e-06,0.0,0.0,0.0,0.0,0.06520122578066999,0.0
1728103620.0,3.321617625865772e-06,3.321617625865772e-06,3.321617625865772e-06,3.321617625865772e-06,0.0,0.0,0.0,0.0,0.06520122578066999,0.0
1728103680.0,3.321617625865772e-06,3.321617625865772e-06,3.321617625865772e-06,3.321617625865772e-06,0.0,0.0,0.0,0.0,0.06520122578066999,0.0
1728103740.0,3.321617625865772e-06,3.321617625865772e-06,3.321617625865772e-06,3.321617625865772e-06,0.0,0.0,0.0,0.0,0.06520122578066999,0.0
1728103800.0,3.321617625865772e-06,3.321617625865772e-06,3.321617625865772e-06,3.321617625865772e-06,0.0,0.0,0.0,0.0,0.06520122578066999,0.0
1728103860.0,3.321617625865772e-06,3.321617625865772e-06,3.321617625865772e-06,3.321617625865772e-06,0.0,0.0,0.0,0.0,0.06520122578066999,0.0
1728103920.0,3.321617625865772e-06,3.321617625865772e-06,3.321617625865772e-06,3.321617625865772e-06,0.0,0.0,0.0,0.0,0.06520122578066999,0.0
1728103980.0,3.321617625865772e-06,3.321617625865772e-06,3.321617625865772e-06,3.321617625865772e-06,0.0,0.0,0.0,0.0,0.06520122578066999,0.0
1728104040.0,3.321617625865772e-06,3.3552978286034293e-06,3.321617625865772e-06,3.3552978286034293e-06,1.1537443572123167,3.851726764588776e-06,0.010139698945292892,0.0,0.06520122578066999,0.010139698945292892
1728104100.0,3.3552978286034293e-06,3.3552978286034293e-06,3.3552978286034293e-06,3.3552978286034293e-06,0.0,0.0,0.0,-1.0,0.06586234658095005,0.0
1728104160.0,3.3552978286034293e-06,3.3552978286034293e-06,3.3552978286034293e-06,3.3552978286034293e-06,0.0,0.0,0.0,0.0,0.06586234658095005,0.0
1728104220.0,3.3552978286034293e-06,3.3552978286034293e-06,3.3552978286034293e-06,3.3552978286034293e-06,0.0,0.0,0.0,0.0,0.06586234658095005,0.0
1728104280.0,3.3552978286034293e-06,3.3552978286034293e-06,3.3552978286034293e-06,3.3552978286034293e-06,0.0,0.0,0.0,0.0,0.06586234658095005,0.0
1728104340.0,3.3552978286034293e-06,3.3552978286034293e-06,3.3552978286034293e-06,3.3552978286034293e-06,0.0,0.0,0.0,0.0,0.06586234658095005,0.0
1728104400.0,3.3552978286034293e-06,3.3552978286034293e-06,3.3552978286034293e-06,3.3552978286034293e-06,0.0,0.0,0.0,0.0,0.06586234658095005,0.0
1728104460.0,3.3552978286034293e-06,3.3552978286034293e-06,3.3552978286034293e-06,3.3552978286034293e-06,0.0,0.0,0.0,0.0,0.06586234658095005,0.0
1728104520.0,3.3552978286034293e-06,3.3552978286034293e-06,3.3552978286034293e-06,3.3552978286034293e-06,0.0,0.0,0.0,0.0,0.06586234658095005,0.0
1728104580.0,3.3552978286034293e-06,3.3552978286034293e-06,3.3552978286034293e-06,3.3552978286034293e-06,0.0,0.0,0.0,0.0,0.06586234658095005,0.0
1728104640.0,3.3552978286034293e-06,3.3552978286034293e-06,3.3552978286034293e-06,3.3552978286034293e-06,0.0,0.0,0.0,0.0,0.06586234658095005,0.0
1728104700.0,3.3552978286034293e-06,3.3552978286034293e-06,3.3552978286034293e-06,3.3552978286034293e-06,0.0,0.0,0.0,0.0,0.06586234658095005,0.0
1728104760.0,3.3552978286034293e-06,3.3552978286034293e-06,3.3552978286034293e-06,3.3552978286034293e-06,0.0,0.0,0.0,0.0,0.06586234658095005,0.0
1728104820.0,3.3552978286034293e-06,3.3552978286034293e-06,3.3552978286034293e-06,3.3552978286034293e-06,0.0,0.0,0.0,0.0,0.06586234658095005,0.0
1728104880.0,3.3552978286034293e-06,3.3552978286034293e-06,3.3552978286034293e-06,3.3552978286034293e-06,0.0,0.0,0.0,0.0,0.06586234658095005,0.0
1728104940.0,3.3552978286034293e-06,3.3552978286034293e-06,3.3552978286034293e-06,3.3552978286034293e-06,0.0,0.0,0.0,0.0,0.06586234658095005,0.0
1728105000.0,3.3552978286034293e-06,3.3552978286034293e-06,3.3552978286034293e-06,3.3552978286034293e-06,0.0,0.0,0.0,0.0,0.06586234658095005,0.0
1728105060.0,3.3552978286034293e-06,3.3552978286034293e-06,3.3552978286034293e-06,3.3552978286034293e-06,0.0,0.0,0.0,0.0,0.06586234658095005,0.0
1728105120.0,3.3552978286034293e-06,3.3552978286034293e-06,3.3552978286034293e-06,3.3552978286034293e-06,0.0,0.0,0.0,0.0,0.06586234658095005,0.0
1728105180.0,3.3552978286034293e-06,3.3628963742024356e-06,3.3552978286034293e-06,3.3628963742024356e-06,0.4600442239908932,1.5453332193249707e-06,0.002264641169624287,0.0,0.06586234658095005,0.002264641169624287
1728105240.0,3.3628963742024356e-06,3.3628963742024356e-06,3.3628963742024356e-06,3.3628963742024356e-06,0.0,0.0,0.0,-1.0,0.06601150116254534,0.0
1728105300.0,3.3628963742024356e-06,3.3628963742024356e-06,3.3628963742024356e-06,3.3628963742024356e-06,0.0,0.0,0.0,0.0,0.06601150116254534,0.0
1728105360.0,3.3628963742024356e-06,3.3628963742024356e-06,3.3628963742024356e-06,3.3628963742024356e-06,0.0,0.0,0.0,0.0,0.06601150116254534,0.0
1728105420.0,3.3628963742024356e-06,3.3628963742024356e-06,3.3628963742024356e-06,3.3628963742024356e-06,0.0,0.0,0.0,0.0,0.06601150116254534,0.0
1728105480.0,3.3628963742024356e-06,3.3628963742024356e-06,3.3628963742024356e-06,3.3628963742024356e-06,0.0,0.0,0.0,0.0,0.06601150116254534,0.0
1728105540.0,3.3628963742024356e-06,3.3628963742024356e-06,3.3628963742024356e-06,3.3628963742024356e-06,0.0,0.0,0.0,0.0,0.06601150116254534,0.0
1728105600.0,3.3628963742024356e-06,3.3628963742024356e-06,3.3628963742024356e-06,3.3628963742024356e-06,0.0,0.0,0.0,0.0,0.06601150116254534,0.0
1728105660.0,3.3628963742024356e-06,3.3628963742024356e-06,3.3628963742024356e-06,3.3628963742024356e-06,0.0,0.0,0.0,0.0,0.06601150116254534,0.0
1728105720.0,3.3628963742024356e-06,3.3628963742024356e-06,3.3628963742024356e-06,3.3628963742024356e-06,0.0,0.0,0.0,0.0,0.06601150116254534,0.0
1728105780.0,3.3628963742024356e-06,3.3628963742024356e-06,3.3628963742024356e-06,3.3628963742024356e-06,0.0,0.0,0.0,0.0,0.06601150116254534,0.0
1728105840.0,3.3628963742024356e-06,3.3628963742024356e-06,3.3628963742024356e-06,3.3628963742024356e-06,0.0,0.0,0.0,0.0,0.06601150116254534,0.0
1728105900.0,3.3628963742024356e-06,3.3628963742024356e-06,3.3628963742024356e-06,3.3628963742024356e-06,0.0,0.0,0.0,0.0,0.06601150116254534,0.0
1728105960.0,3.3628963742024356e-06,3.3628963742024356e-06,3.3628963742024356e-06,3.3628963742024356e-06,0.0,0.0,0.0,0.0,0.06601150116254534,0.0
1728106020.0,3.3628963742024356e-06,3.3628963742024356e-06,3.3628963742024356e-06,3.3628963742024356e-06,0.0,0.0,0.0,0.0,0.06601150116254534,0.0
1728106080.0,3.3628963742024356e-06,3.3628963742024356e-06,3.3628963742024356e-06,3.3628963742024356e-06,0.0,0.0,0.0,0.0,0.06601150116254534,0.0
1728106140.0,3.3628963742024356e-06,3.3628963742024356e-06,3.3628963742024356e-06,3.3628963742024356e-06,0.0,0.0,0.0,0.0,0.06601150116254534,0.0
1728106200.0,3.3628963742024356e-06,3.3628963742024356e-06,3.3628963742024356e-06,3.3628963742024356e-06,0.0,0.0,0.0,0.0,0.06601150116254534,0.0
1728106260.0,3.3628963742024356e-06,3.3628963742024356e-06,3.3628963742024356e-06,3.3628963742024356e-06,0.0,0.0,0.0,0.0,0.06601150116254534,0.0
1728106320.0,3.3628963742024356e-06,3.3628963742024356e-06,3.3628963742024356e-06,3.3628963742024356e-06,0.0,0.0,0.0,0.0,0.06601150116254534,0.0
1728106380.0,3.3628963742024356e-06,3.3628963742024356e-06,3.3628963742024356e-06,3.3628963742024356e-06,0.0,0.0,0.0,0.0,0.06601150116254534,0.0
1728106440.0,3.3628963742024356e-06,3.3628963742024356e-06,3.3628963742024356e-06,3.3628963742024356e-06,0.0,0.0,0.0,0.0,0.06601150116254534,0.0
1728106500.0,3.3628963742024356e-06,3.3628963742024356e-06,3.3628963742024356e-06,3.3628963742024356e-06,0.0,0.0,0.0,0.0,0.06601150116254534,0.0
1728106560.0,3.3628963742024356e-06,3.3628963742024356e-06,3.3628963742024356e-06,3.3628963742024356e-06,0.0,0.0,0.0,0.0,0.06601150116254534,0.0
1728106620.0,3.3628963742024356e-06,3.3628963742024356e-06,3.3628963742024356e-06,3.3628963742024356e-06,0.0,0.0,0.0,0.0,0.06601150116254534,0.0
1728106680.0,3.3628963742024356e-06,3.3628963742024356e-06,3.3628963742024356e-06,3.3628963742024356e-06,0.0,0.0,0.0,0.0,0.06601150116254534,0.0
1728106740.0,3.3628963742024356e-06,3.3628963742024356e-06,3.3628963742024356e-06,3.3628963742024356e-06,0.0,0.0,0.0,0.0,0.06601150116254534,0.0
1728106800.0,3.3628963742024356e-06,3.3628963742024356e-06,3.3628963742024356e-06,3.3628963742024356e-06,0.0,0.0,0.0,0.0,0.06601150116254534,0.0
1728106860.0,3.3628963742024356e-06,3.3628963742024356e-06,3.3628963742024356e-06,3.3628963742024356e-06,0.0,0.0,0.0,0.0,0.06601150116254534,0.0
1728106920.0,3.3628963742024356e-06,3.3628963742024356e-06,3.3628963742024356e-06,3.3628963742024356e-06,0.0,0.0,0.0,0.0,0.06601150116254534,0.0
1728106980.0,3.3628963742024356e-06,3.3628963742024356e-06,3.3628963742024356e-06,3.3628963742024356e-06,0.0,0.0,0.0,0.0,0.06601150116254534,0.0
1728107040.0,3.3628963742024356e-06,3.3628963742024356e-06,3.3628963742024356e-06,3.3628963742024356e-06,0.0,0.0,0.0,0.0,0.06601150116254534,0.0
1728107100.0,3.3628963742024356e-06,3.3628963742024356e-06,3.3628963742024356e-06,3.3628963742024356e-06,0.0,0.0,0.0,0.0,0.06601150116254534,0.0
1728107160.0,3.3628963742024356e-06,3.3628963742024356e-06,3.3628963742024356e-06,3.3628963742024356e-06,0.0,0.0,0.0,0.0,0.06601150116254534,0.0
1728107220.0,3.3628963742024356e-06,3.3628963742024356e-06,3.3628963742024356e-06,3.3628963742024356e-06,0.0,0.0,0.0,0.0,0.06601150116254534,0.0
1728107280.0,3.3628963742024356e-06,3.3628963742024356e-06,3.3628963742024356e-06,3.3628963742024356e-06,0.0,0.0,0.0,0.0,0.06601150116254534,0.0
1728107340.0,3.3628963742024356e-06,3.3628963742024356e-06,3.3628963742024356e-06,3.3628963742024356e-06,0.0,0.0,0.0,0.0,0.06601150116254534,0.0
1728107400.0,3.3628963742024356e-06,3.3628963742024356e-06,3.3628963742024356e-06,3.3628963742024356e-06,0.0,0.0,0.0,0.0,0.06601150116254534,0.0
1728107460.0,3.3628963742024356e-06,3.3628963742024356e-06,3.3628963742024356e-06,3.3628963742024356e-06,0.0,0.0,0.0,0.0,0.06601150116254534,0.0
1728107520.0,3.3628963742024356e-06,3.3628963742024356e-06,3.3628963742024356e-06,3.3628963742024356e-06,0.0,0.0,0.0,0.0,0.06601150116254534,0.0
1728107580.0,3.3628963742024356e-06,3.3628963742024356e-06,3.3628963742024356e-06,3.3628963742024356e-06,0.0,0.0,0.0,0.0,0.06601150116254534,0.0
1728107640.0,3.3628963742024356e-06,3.3628963742024356e-06,3.3628963742024356e-06,3.3628963742024356e-06,0.0,0.0,0.0,0.0,0.06601150116254534,0.0
1728107700.0,3.3628963742024356e-06,3.3628963742024356e-06,3.3628963742024356e-06,3.3628963742024356e-06,0.0,0.0,0.0,0.0,0.06601150116254534,0.0
1728107760.0,3.3628963742024356e-06,3.3628963742024356e-06,3.3628963742024356e-06,3.3628963742024356e-06,0.0,0.0,0.0,0.0,0.06601150116254534,0.0
1728107820.0,3.3628963742024356e-06,3.3628963742024356e-06,3.3628963742024356e-06,3.3628963742024356e-06,0.0,0.0,0.0,0.0,0.06601150116254534,0.0
1728107880.0,3.3628963742024356e-06,3.3628963742024356e-06,3.3628963742024356e-06,3.3628963742024356e-06,0.0,0.0,0.0,0.0,0.06601150116254534,0.0
1728107940.0,3.3628963742024356e-06,3.3628963742024356e-06,3.3628963742024356e-06,3.3628963742024356e-06,0.0,0.0,0.0,0.0,0.06601150116254534,0.0
1728108000.0,3.3628963742024356e-06,3.3628963742024356e-06,3.3628963742024356e-06,3.3628963742024356e-06,0.0,0.0,0.0,0.0,0.06601150116254534,0.0
1728108060.0,3.3628963742024356e-06,3.3628963742024356e-06,3.3628963742024356e-06,3.3628963742024356e-06,0.0,0.0,0.0,0.0,0.06601150116254534,0.0
1728108120.0,3.3628963742024356e-06,3.3628963742024356e-06,3.3628963742024356e-06,3.3628963742024356e-06,0.0,0.0,0.0,0.0,0.06601150116254534,0.0
1728108180.0,3.3628963742024356e-06,3.3628963742024356e-06,3.3628963742024356e-06,3.3628963742024356e-06,0.0,0.0,0.0,0.0,0.06601150116254534,0.0
1728108240.0,3.3628963742024356e-06,3.3628963742024356e-06,3.3628963742024356e-06,3.3628963742024356e-06,0.0,0.0,0.0,0.0,0.06601150116254534,0.0
1728108300.0,3.3628963742024356e-06,3.3628963742024356e-06,3.3628963742024356e-06,3.3628963742024356e-06,0.0,0.0,0.0,0.0,0.06601150116254534,0.0
1728108360.0,3.3628963742024356e-06,3.3628963742024356e-06,3.3628963742024356e-06,3.3628963742024356e-06,0.0,0.0,0.0,0.0,0.06601150116254534,0.0
1728108420.0,3.3628963742024356e-06,3.3628963742024356e-06,3.3628963742024356e-06,3.3628963742024356e-06,0.0,0.0,0.0,0.0,0.06601150116254534,0.0
1728108480.0,3.3628963742024356e-06,3.3628963742024356e-06,3.3628963742024356e-06,3.3628963742024356e-06,0.0,0.0,0.0,0.0,0.06601150116254534,0.0
1728108540.0,3.3628963742024356e-06,3.3628963742024356e-06,3.3628963742024356e-06,3.3628963742024356e-06,0.0,0.0,0.0,0.0,0.06601150116254534,0.0
1728108600.0,3.3628963742024356e-06,3.3628963742024356e-06,3.3628963742024356e-06,3.3628963742024356e-06,0.0,0.0,0.0,0.0,0.06601150116254534,0.0
1728108660.0,3.3628963742024356e-06,3.3628963742024356e-06,3.3628963742024356e-06,3.3628963742024356e-06,0.0,0.0,0.0,0.0,0.06601150116254534,0.0
1728108720.0,3.3628963742024356e-06,3.3628963742024356e-06,3.3628963742024356e-06,3.3628963742024356e-06,0.0,0.0,0.0,0.0,0.06601150116254534,0.0
1728108780.0,3.3628963742024356e-06,3.3628963742024356e-06,3.3628963742024356e-06,3.3628963742024356e-06,0.0,0.0,0.0,0.0,0.06601150116254534,0.0
1728108840.0,3.3628963742024356e-06,3.3628963742024356e-06,3.3628963742024356e-06,3.3628963742024356e-06,0.0,0.0,0.0,0.0,0.06601150116254534,0.0
1728108900.0,3.3628963742024356e-06,3.3628963742024356e-06,3.3628963742024356e-06,3.3628963742024356e-06,0.0,0.0,0.0,0.0,0.06601150116254534,0.0
1728108960.0,3.3628963742024356e-06,3.3628963742024356e-06,3.3628963742024356e-06,3.3628963742024356e-06,0.0,0.0,0.0,0.0,0.06601150116254534,0.0
1728109020.0,3.3628963742024356e-06,3.3628963742024356e-06,3.3628963742024356e-06,3.3628963742024356e-06,0.0,0.0,0.0,0.0,0.06601150116254534,0.0
1728109080.0,3.3628963742024356e-06,3.3628963742024356e-06,3.3628963742024356e-06,3.3628963742024356e-06,0.0,0.0,0.0,0.0,0.06601150116254534,0.0
1728109140.0,3.3628963742024356e-06,3.3628963742024356e-06,3.3628963742024356e-06,3.3628963742024356e-06,0.0,0.0,0.0,0.0,0.06601150116254534,0.0
1728109200.0,3.3628963742024356e-06,3.3628963742024356e-06,3.3628963742024356e-06,3.3628963742024356e-06,0.0,0.0,0.0,0.0,0.06601150116254534,0.0
1728109260.0,3.3628963742024356e-06,3.3628963742024356e-06,3.3628963742024356e-06,3.3628963742024356e-06,0.0,0.0,0.0,0.0,0.06601150116254534,0.0
1728109320.0,3.3628963742024356e-06,3.3628963742024356e-06,3.3628963742024356e-06,3.3628963742024356e-06,0.0,0.0,0.0,0.0,0.06601150116254534,0.0
1728109380.0,3.3628963742024356e-06,3.3628963742024356e-06,3.3628963742024356e-06,3.3628963742024356e-06,0.0,0.0,0.0,0.0,0.06601150116254534,0.0
1728109440.0,3.3628963742024356e-06,3.3628963742024356e-06,3.3628963742024356e-06,3.3628963742024356e-06,0.0,0.0,0.0,0.0,0.06601150116254534,0.0
1728109500.0,3.3628963742024356e-06,3.3628963742024356e-06,3.3628963742024356e-06,3.3628963742024356e-06,0.0,0.0,0.0,0.0,0.06601150116254534,0.0
1728109560.0,3.3628963742024356e-06,3.3628963742024356e-06,3.3628963742024356e-06,3.3628963742024356e-06,0.0,0.0,0.0,0.0,0.06601150116254534,0.0
1728109620.0,3.3628963742024356e-06,3.3628963742024356e-06,3.3628963742024356e-06,3.3628963742024356e-06,0.0,0.0,0.0,0.0,0.06601150116254534,0.0
1728109680.0,3.3628963742024356e-06,3.3628963742024356e-06,3.3628963742024356e-06,3.3628963742024356e-06,0.0,0.0,0.0,0.0,0.06601150116254534,0.0
1728109740.0,3.3628963742024356e-06,3.3628963742024356e-06,3.3628963742024356e-06,3.3628963742024356e-06,0.0,0.0,0.0,0.0,0.06601150116254534,0.0
