0,1,2,3,4,5
1734531240.0,0.0001340723373843,0.0001514720480798,0.0001033135257376,0.0001050966407285,10987.3232983984
1734531300.0,0.0001050966407285,0.0001675962852552,0.0001031443194929,0.0001296942527783,10370.70076888304
1734531360.0,0.0001296942527783,0.0001302655324272,0.0001262194761332,0.00012905044265,1095.82030760053
1734531420.0,0.00012905044265,0.0001302482173571,0.0001284089470311,0.0001284089470311,157.32167027928
1734531480.0,0.0001284089470311,0.0001284089470311,0.0001255194521179,0.000127057946329,418.03600854213
1734531540.0,0.000127057946329,0.0001272317603419,0.0001265746109747,0.0001265746109747,85.8604496385
1734531600.0,0.0001265746109747,0.0001265746109747,0.0001151631277787,0.0001151631277787,1067.96550307668
1734531660.0,0.0001151631277787,0.0001151631277787,3.75484942528685e-06,3.97900796458365e-06,17670.19150303434
1734531720.0,3.97900796458365e-06,3.97900796458365e-06,3.94583492478092e-06,3.97307136134186e-06,5.67938228504
1734531780.0,3.97307136134186e-06,4.21413224777662e-06,3.97307136134186e-06,4.20643874031146e-06,326.75662589058
1734531840.0,4.20643874031146e-06,4.20643874031146e-06,4.14838497698961e-06,4.14838497698961e-06,35.33225646763
1734531900.0,4.14838497698961e-06,4.15297849245958e-06,4.14838497698961e-06,4.15297849245958e-06,4.35953875572
1734531960.0,4.15297849245958e-06,4.15297849245958e-06,4.11823943551406e-06,4.11823943551406e-06,6.7546133854
1734532020.0,4.11823943551406e-06,4.24873443144396e-06,4.11823943551406e-06,4.24873443144396e-06,91.2463429647
1734532080.0,4.24873443144396e-06,4.24873443144396e-06,4.24873443144396e-06,4.24873443144396e-06,0.0
1734532140.0,4.24873443144396e-06,4.33877352750673e-06,4.24873443144396e-06,4.33877352750673e-06,2.99660396906
1734532200.0,4.33877352750673e-06,4.33877352750673e-06,4.33877352750673e-06,4.33877352750673e-06,0.0
1734532260.0,4.33877352750673e-06,4.33877352750673e-06,4.33877352750673e-06,4.33877352750673e-06,0.0
1734532320.0,4.33877352750673e-06,4.33877352750673e-06,4.19755990983149e-06,4.19755990983149e-06,117.1932424035
1734532380.0,4.19755990983149e-06,4.19755990983149e-06,4.19755990983149e-06,4.19755990983149e-06,0.0
1734532440.0,4.19755990983149e-06,4.19755990983149e-06,4.19755990983149e-06,4.19755990983149e-06,0.0
1734532500.0,4.19755990983149e-06,4.19755990983149e-06,4.19755990983149e-06,4.19755990983149e-06,0.0
1734532560.0,4.19755990983149e-06,4.19755990983149e-06,4.19755990983149e-06,4.19755990983149e-06,0.0
1734532620.0,4.19755990983149e-06,4.19755990983149e-06,4.19755990983149e-06,4.19755990983149e-06,0.0
1734532680.0,4.19755990983149e-06,4.19755990983149e-06,4.19755990983149e-06,4.19755990983149e-06,0.0
1734532740.0,4.19755990983149e-06,4.19755990983149e-06,4.19755990983149e-06,4.19755990983149e-06,0.0
1734532800.0,4.19755990983149e-06,4.19755990983149e-06,4.19755990983149e-06,4.19755990983149e-06,0.0
1734532860.0,4.19755990983149e-06,4.19755990983149e-06,4.19755990983149e-06,4.19755990983149e-06,0.0
1734532920.0,4.19755990983149e-06,4.19755990983149e-06,4.19755990983149e-06,4.19755990983149e-06,0.0
1734532980.0,4.19755990983149e-06,4.19755990983149e-06,4.19755990983149e-06,4.19755990983149e-06,0.0
1734533040.0,4.19755990983149e-06,4.19755990983149e-06,4.05285802965492e-06,4.05285802965492e-06,0.0089865934
1734533100.0,4.05285802965492e-06,4.05285802965492e-06,4.05285802965492e-06,4.05285802965492e-06,0.0
1734533160.0,4.05285802965492e-06,4.05285802965492e-06,4.05285802965492e-06,4.05285802965492e-06,0.0
1734533220.0,4.05285802965492e-06,6.69367546599143e-06,3.95720945438936e-06,5.22176135505121e-06,2446.06484153808
1734533280.0,5.22176135505121e-06,5.22176135505121e-06,5.22176135505121e-06,5.22176135505121e-06,0.0
1734533340.0,5.22176135505121e-06,5.22176135505121e-06,5.22176135505121e-06,5.22176135505121e-06,0.0
1734533400.0,5.22176135505121e-06,5.22176135505121e-06,3.9832832428224e-06,3.9832832428224e-06,19.57773931803
1734533460.0,3.9832832428224e-06,3.9832832428224e-06,3.91685342507572e-06,3.91685342507572e-06,29.56912974733
1734533520.0,3.91685342507572e-06,3.91685342507572e-06,3.88106825469629e-06,3.88106825469629e-06,21.64050212172
1734533580.0,3.88106825469629e-06,3.88106825469629e-06,3.84150679027779e-06,3.84150679027779e-06,18.86997702718
1734533640.0,3.84150679027779e-06,3.84150679027779e-06,3.83028420382646e-06,3.83028420382646e-06,2.544086232
1734533700.0,3.83028420382646e-06,3.83028420382646e-06,3.83028420382646e-06,3.83028420382646e-06,0.0
1734533760.0,3.83028420382646e-06,3.83028420382646e-06,3.82082106640135e-06,3.82082106640135e-06,1.96511002614
1734533820.0,3.82082106640135e-06,3.82082106640135e-06,3.82082106640135e-06,3.82082106640135e-06,0.0
1734533880.0,3.82082106640135e-06,3.82082106640135e-06,3.72665169033077e-06,3.72665169033077e-06,86.91306348759
1734533940.0,3.72665169033077e-06,3.72665169033077e-06,3.72665169033077e-06,3.72665169033077e-06,0.0
1734534000.0,3.72665169033077e-06,3.72665169033077e-06,3.72665169033077e-06,3.72665169033077e-06,0.0
1734534060.0,3.72665169033077e-06,3.72665169033077e-06,3.68429273092595e-06,3.71960604484136e-06,34.448
1734534120.0,3.71960604484136e-06,3.71960604484136e-06,3.71960604484136e-06,3.71960604484136e-06,0.0
1734534180.0,3.71960604484136e-06,3.71960604484136e-06,3.71960604484136e-06,3.71960604484136e-06,0.0
1734534240.0,3.71960604484136e-06,3.71960604484136e-06,3.71960604484136e-06,3.71960604484136e-06,0.0
1734534300.0,3.71960604484136e-06,3.71960604484136e-06,3.71960604484136e-06,3.71960604484136e-06,0.0
1734534360.0,3.71960604484136e-06,3.71960604484136e-06,3.71960604484136e-06,3.71960604484136e-06,0.0
1734534420.0,3.71960604484136e-06,3.71960604484136e-06,3.71960604484136e-06,3.71960604484136e-06,0.0
1734534480.0,3.71960604484136e-06,3.71960604484136e-06,3.71960604484136e-06,3.71960604484136e-06,0.0
1734534540.0,3.71960604484136e-06,3.71960604484136e-06,3.71960604484136e-06,3.71960604484136e-06,0.0
1734534600.0,3.71960604484136e-06,3.71960604484136e-06,3.71960604484136e-06,3.71960604484136e-06,0.0
1734534660.0,3.71960604484136e-06,3.71960604484136e-06,3.71960604484136e-06,3.71960604484136e-06,0.0
1734534720.0,3.71960604484136e-06,3.71960604484136e-06,3.71960604484136e-06,3.71960604484136e-06,0.0
1734534780.0,3.71960604484136e-06,3.71960604484136e-06,3.71960604484136e-06,3.71960604484136e-06,0.0
1734534840.0,3.71960604484136e-06,3.71960604484136e-06,3.71960604484136e-06,3.71960604484136e-06,0.0
1734534900.0,3.71960604484136e-06,3.71960604484136e-06,3.71960604484136e-06,3.71960604484136e-06,0.0
1734534960.0,3.71960604484136e-06,3.71960604484136e-06,3.71960604484136e-06,3.71960604484136e-06,0.0
1734535020.0,3.71960604484136e-06,3.71960604484136e-06,3.71960604484136e-06,3.71960604484136e-06,0.0
1734535080.0,3.71960604484136e-06,3.71960604484136e-06,3.71960604484136e-06,3.71960604484136e-06,0.0
1734535140.0,3.71960604484136e-06,3.71960604484136e-06,3.71960604484136e-06,3.71960604484136e-06,0.0
1734535200.0,3.71960604484136e-06,3.71960604484136e-06,3.71960604484136e-06,3.71960604484136e-06,0.0
1734535260.0,3.71960604484136e-06,3.71960604484136e-06,3.71960604484136e-06,3.71960604484136e-06,0.0
1734535320.0,3.71960604484136e-06,3.71960604484136e-06,3.71960604484136e-06,3.71960604484136e-06,0.0
1734535380.0,3.71960604484136e-06,3.71960604484136e-06,3.71960604484136e-06,3.71960604484136e-06,0.0
1734535440.0,3.71960604484136e-06,3.71960604484136e-06,3.71960604484136e-06,3.71960604484136e-06,0.0
1734535500.0,3.71960604484136e-06,3.71960604484136e-06,3.71960604484136e-06,3.71960604484136e-06,0.0
1734535560.0,3.71960604484136e-06,3.73423557900064e-06,3.71960604484136e-06,3.73423557900064e-06,0.29025491792
1734535620.0,3.73423557900064e-06,3.73423557900064e-06,3.73423557900064e-06,3.73423557900064e-06,0.0
1734535680.0,3.73423557900064e-06,3.73423557900064e-06,3.73423557900064e-06,3.73423557900064e-06,0.0
1734535740.0,3.73423557900064e-06,3.73423557900064e-06,3.73423557900064e-06,3.73423557900064e-06,0.0
1734535800.0,3.73423557900064e-06,3.73423557900064e-06,3.73423557900064e-06,3.73423557900064e-06,0.0
1734535860.0,3.73423557900064e-06,3.73423557900064e-06,3.73423557900064e-06,3.73423557900064e-06,0.0
1734535920.0,3.73423557900064e-06,3.73423557900064e-06,3.73423557900064e-06,3.73423557900064e-06,0.0
1734535980.0,3.73423557900064e-06,3.73423557900064e-06,3.73423557900064e-06,3.73423557900064e-06,0.0
1734536040.0,3.73423557900064e-06,3.73423557900064e-06,3.73423557900064e-06,3.73423557900064e-06,0.0
1734536100.0,3.73423557900064e-06,3.73423557900064e-06,3.73423557900064e-06,3.73423557900064e-06,0.0
1734536160.0,3.73423557900064e-06,3.73423557900064e-06,3.73423557900064e-06,3.73423557900064e-06,0.0
1734536220.0,3.73423557900064e-06,3.73423557900064e-06,3.73423557900064e-06,3.73423557900064e-06,0.0
1734536280.0,3.73423557900064e-06,3.73423557900064e-06,3.73423557900064e-06,3.73423557900064e-06,0.0
1734536340.0,3.73423557900064e-06,3.73423557900064e-06,3.73423557900064e-06,3.73423557900064e-06,0.0
1734536400.0,3.73423557900064e-06,3.73423557900064e-06,3.73423557900064e-06,3.73423557900064e-06,0.0
1734536460.0,3.73423557900064e-06,3.73423557900064e-06,3.73423557900064e-06,3.73423557900064e-06,0.0
1734536520.0,3.73423557900064e-06,3.73423557900064e-06,3.73423557900064e-06,3.73423557900064e-06,0.0
1734536580.0,3.73423557900064e-06,3.73423557900064e-06,3.73423557900064e-06,3.73423557900064e-06,0.0
1734536640.0,3.73423557900064e-06,3.73423557900064e-06,3.73423557900064e-06,3.73423557900064e-06,0.0
1734536700.0,3.73423557900064e-06,3.73423557900064e-06,3.73423557900064e-06,3.73423557900064e-06,0.0
1734536760.0,3.73423557900064e-06,3.73423557900064e-06,3.73423557900064e-06,3.73423557900064e-06,0.0
1734536820.0,3.73423557900064e-06,3.73423557900064e-06,3.73423557900064e-06,3.73423557900064e-06,0.0
1734536880.0,3.73423557900064e-06,3.73423557900064e-06,3.73423557900064e-06,3.73423557900064e-06,0.0
1734536940.0,3.73423557900064e-06,3.73423557900064e-06,3.73423557900064e-06,3.73423557900064e-06,0.0
1734537000.0,3.73423557900064e-06,3.73423557900064e-06,3.73423557900064e-06,3.73423557900064e-06,0.0
1734537060.0,3.73423557900064e-06,3.73423557900064e-06,3.73423557900064e-06,3.73423557900064e-06,0.0
1734537120.0,3.73423557900064e-06,3.73423557900064e-06,3.73423557900064e-06,3.73423557900064e-06,0.0
1734537180.0,3.73423557900064e-06,3.73423557900064e-06,3.73423557900064e-06,3.73423557900064e-06,0.0
1734537240.0,3.73423557900064e-06,3.73423557900064e-06,3.73423557900064e-06,3.73423557900064e-06,0.0
1734537300.0,3.73423557900064e-06,3.73423557900064e-06,3.73423557900064e-06,3.73423557900064e-06,0.0
1734537360.0,3.73423557900064e-06,3.73423557900064e-06,3.73423557900064e-06,3.73423557900064e-06,0.0
1734537420.0,3.73423557900064e-06,3.73423557900064e-06,3.73423557900064e-06,3.73423557900064e-06,0.0
1734537480.0,3.73423557900064e-06,3.73423557900064e-06,3.73423557900064e-06,3.73423557900064e-06,0.0
1734537540.0,3.73423557900064e-06,3.73423557900064e-06,3.73423557900064e-06,3.73423557900064e-06,0.0
1734537600.0,3.73423557900064e-06,3.73423557900064e-06,3.73423557900064e-06,3.73423557900064e-06,0.0
1734537660.0,3.73423557900064e-06,3.73423557900064e-06,3.73423557900064e-06,3.73423557900064e-06,0.0
1734537720.0,3.73423557900064e-06,3.73423557900064e-06,3.73423557900064e-06,3.73423557900064e-06,0.0
1734537780.0,3.73423557900064e-06,3.73423557900064e-06,3.73423557900064e-06,3.73423557900064e-06,0.0
1734537840.0,3.73423557900064e-06,3.73423557900064e-06,3.73423557900064e-06,3.73423557900064e-06,0.0
1734537900.0,3.73423557900064e-06,3.73423557900064e-06,3.73423557900064e-06,3.73423557900064e-06,0.0
1734537960.0,3.73423557900064e-06,3.73423557900064e-06,3.73423557900064e-06,3.73423557900064e-06,0.0
1734538020.0,3.73423557900064e-06,3.73423557900064e-06,3.73423557900064e-06,3.73423557900064e-06,0.0
1734538080.0,3.73423557900064e-06,3.73423557900064e-06,3.73423557900064e-06,3.73423557900064e-06,0.0
1734538140.0,3.73423557900064e-06,3.73423557900064e-06,3.73423557900064e-06,3.73423557900064e-06,0.0
1734538200.0,3.73423557900064e-06,3.73423557900064e-06,3.73423557900064e-06,3.73423557900064e-06,0.0
1734538260.0,3.73423557900064e-06,3.73423557900064e-06,3.73423557900064e-06,3.73423557900064e-06,0.0
1734538320.0,3.73423557900064e-06,3.73423557900064e-06,3.73423557900064e-06,3.73423557900064e-06,0.0
1734538380.0,3.73423557900064e-06,3.76812742256058e-06,3.73423557900064e-06,3.76812742256058e-06,16.27875
1734538440.0,3.76812742256058e-06,3.76812742256058e-06,3.76812742256058e-06,3.76812742256058e-06,0.0
1734538500.0,3.76812742256058e-06,3.76812742256058e-06,3.76812742256058e-06,3.76812742256058e-06,0.0
1734538560.0,3.76812742256058e-06,3.76812742256058e-06,3.76812742256058e-06,3.76812742256058e-06,0.0
1734538620.0,3.76812742256058e-06,3.76812742256058e-06,3.73453737416311e-06,3.73453737416311e-06,16.1336370728
1734538680.0,3.73453737416311e-06,3.73453737416311e-06,3.73453737416311e-06,3.73453737416311e-06,0.0
1734538740.0,3.73453737416311e-06,3.73453737416311e-06,3.73453737416311e-06,3.73453737416311e-06,0.0
1734538800.0,3.73453737416311e-06,3.73453737416311e-06,3.73453737416311e-06,3.73453737416311e-06,0.0
1734538860.0,3.73453737416311e-06,3.73453737416311e-06,3.73453737416311e-06,3.73453737416311e-06,0.0
1734538920.0,3.73453737416311e-06,3.73453737416311e-06,3.73453737416311e-06,3.73453737416311e-06,0.0
1734538980.0,3.73453737416311e-06,3.73453737416311e-06,3.73453737416311e-06,3.73453737416311e-06,0.0
1734539040.0,3.73453737416311e-06,3.73453737416311e-06,3.73453737416311e-06,3.73453737416311e-06,0.0
1734539100.0,3.73453737416311e-06,3.73453737416311e-06,3.73453737416311e-06,3.73453737416311e-06,0.0
1734539160.0,3.73453737416311e-06,3.73453737416311e-06,3.73453737416311e-06,3.73453737416311e-06,0.0
1734539220.0,3.73453737416311e-06,3.73453737416311e-06,3.73453737416311e-06,3.73453737416311e-06,0.0
1734539280.0,3.73453737416311e-06,3.73453737416311e-06,3.73453737416311e-06,3.73453737416311e-06,0.0
1734539340.0,3.73453737416311e-06,3.73453737416311e-06,3.73453737416311e-06,3.73453737416311e-06,0.0
1734539400.0,3.73453737416311e-06,3.73453737416311e-06,3.73453737416311e-06,3.73453737416311e-06,0.0
1734539460.0,3.73453737416311e-06,3.73453737416311e-06,3.73453737416311e-06,3.73453737416311e-06,0.0
1734539520.0,3.73453737416311e-06,3.73453737416311e-06,3.73453737416311e-06,3.73453737416311e-06,0.0
1734539580.0,3.73453737416311e-06,3.73453737416311e-06,3.73453737416311e-06,3.73453737416311e-06,0.0
1734539640.0,3.73453737416311e-06,3.73453737416311e-06,3.73453737416311e-06,3.73453737416311e-06,0.0
1734539700.0,3.73453737416311e-06,3.73453737416311e-06,3.73453737416311e-06,3.73453737416311e-06,0.0
1734539760.0,3.73453737416311e-06,3.73453737416311e-06,3.73453737416311e-06,3.73453737416311e-06,0.0
1734539820.0,3.73453737416311e-06,3.73453737416311e-06,3.73453737416311e-06,3.73453737416311e-06,0.0
1734539880.0,3.73453737416311e-06,3.73453737416311e-06,3.73453737416311e-06,3.73453737416311e-06,0.0
1734539940.0,3.73453737416311e-06,3.73453737416311e-06,3.73453737416311e-06,3.73453737416311e-06,0.0
1734540000.0,3.73453737416311e-06,3.73453737416311e-06,3.73453737416311e-06,3.73453737416311e-06,0.0
1734540060.0,3.73453737416311e-06,3.73453737416311e-06,3.73453737416311e-06,3.73453737416311e-06,0.0
1734540120.0,3.73453737416311e-06,3.73453737416311e-06,3.73453737416311e-06,3.73453737416311e-06,0.0
1734540180.0,3.73453737416311e-06,3.73453737416311e-06,3.73453737416311e-06,3.73453737416311e-06,0.0
1734540240.0,3.73453737416311e-06,3.73453737416311e-06,3.73453737416311e-06,3.73453737416311e-06,0.0
1734540300.0,3.73453737416311e-06,3.73453737416311e-06,3.73453737416311e-06,3.73453737416311e-06,0.0
1734540360.0,3.73453737416311e-06,3.73453737416311e-06,3.73453737416311e-06,3.73453737416311e-06,0.0
1734540420.0,3.73453737416311e-06,3.73453737416311e-06,3.73453737416311e-06,3.73453737416311e-06,0.0
1734540480.0,3.73453737416311e-06,3.73453737416311e-06,3.73453737416311e-06,3.73453737416311e-06,0.0
1734540540.0,3.73453737416311e-06,3.73453737416311e-06,3.73453737416311e-06,3.73453737416311e-06,0.0
1734540600.0,3.73453737416311e-06,3.73453737416311e-06,3.73453737416311e-06,3.73453737416311e-06,0.0
1734540660.0,3.73453737416311e-06,3.73453737416311e-06,3.73453737416311e-06,3.73453737416311e-06,0.0
1734540720.0,3.73453737416311e-06,3.73453737416311e-06,3.73453737416311e-06,3.73453737416311e-06,0.0
1734540780.0,3.73453737416311e-06,3.73453737416311e-06,3.73453737416311e-06,3.73453737416311e-06,0.0
1734540840.0,3.73453737416311e-06,3.73453737416311e-06,3.73453737416311e-06,3.73453737416311e-06,0.0
1734540900.0,3.73453737416311e-06,3.73453737416311e-06,3.73453737416311e-06,3.73453737416311e-06,0.0
1734540960.0,3.73453737416311e-06,3.73453737416311e-06,3.73453737416311e-06,3.73453737416311e-06,0.0
1734541020.0,3.73453737416311e-06,3.73453737416311e-06,3.73453737416311e-06,3.73453737416311e-06,0.0
1734541080.0,3.73453737416311e-06,3.73453737416311e-06,3.73453737416311e-06,3.73453737416311e-06,0.0
1734541140.0,3.73453737416311e-06,3.73453737416311e-06,3.73453737416311e-06,3.73453737416311e-06,0.0
1734541200.0,3.73453737416311e-06,3.73453737416311e-06,3.73453737416311e-06,3.73453737416311e-06,0.0
1734541260.0,3.73453737416311e-06,3.73453737416311e-06,3.73453737416311e-06,3.73453737416311e-06,0.0
1734541320.0,3.73453737416311e-06,3.73453737416311e-06,3.73453737416311e-06,3.73453737416311e-06,0.0
1734541380.0,3.73453737416311e-06,3.73453737416311e-06,3.73453737416311e-06,3.73453737416311e-06,0.0
1734541440.0,3.73453737416311e-06,3.73453737416311e-06,3.73453737416311e-06,3.73453737416311e-06,0.0
1734541500.0,3.73453737416311e-06,3.73453737416311e-06,3.73453737416311e-06,3.73453737416311e-06,0.0
1734541560.0,3.73453737416311e-06,3.73453737416311e-06,3.73453737416311e-06,3.73453737416311e-06,0.0
1734541620.0,3.73453737416311e-06,3.73453737416311e-06,3.73453737416311e-06,3.73453737416311e-06,0.0
1734541680.0,3.73453737416311e-06,3.73453737416311e-06,3.73453737416311e-06,3.73453737416311e-06,0.0
1734541740.0,3.73453737416311e-06,3.73453737416311e-06,3.73453737416311e-06,3.73453737416311e-06,0.0
1734541800.0,3.73453737416311e-06,3.73453737416311e-06,3.73453737416311e-06,3.73453737416311e-06,0.0
1734541860.0,3.73453737416311e-06,3.73453737416311e-06,3.73453737416311e-06,3.73453737416311e-06,0.0
1734541920.0,3.73453737416311e-06,3.73453737416311e-06,3.73453737416311e-06,3.73453737416311e-06,0.0
1734541980.0,3.73453737416311e-06,3.73453737416311e-06,3.73453737416311e-06,3.73453737416311e-06,0.0
1734542040.0,3.73453737416311e-06,3.73453737416311e-06,3.73453737416311e-06,3.73453737416311e-06,0.0
1734542100.0,3.73453737416311e-06,3.73453737416311e-06,3.73453737416311e-06,3.73453737416311e-06,0.0
1734542160.0,3.73453737416311e-06,3.73453737416311e-06,3.73453737416311e-06,3.73453737416311e-06,0.0
1734542220.0,3.73453737416311e-06,3.73453737416311e-06,3.73453737416311e-06,3.73453737416311e-06,0.0
1734542280.0,3.73453737416311e-06,3.73453737416311e-06,3.73453737416311e-06,3.73453737416311e-06,0.0
1734542340.0,3.73453737416311e-06,3.73453737416311e-06,3.73453737416311e-06,3.73453737416311e-06,0.0
1734542400.0,3.73453737416311e-06,3.73453737416311e-06,3.73453737416311e-06,3.73453737416311e-06,0.0
1734542460.0,3.73453737416311e-06,3.73453737416311e-06,3.70615202651087e-06,3.70615202651087e-06,0.0052838445
1734542520.0,3.70615202651087e-06,3.70615202651087e-06,3.70615202651087e-06,3.70615202651087e-06,0.0
1734542580.0,3.70615202651087e-06,3.70615202651087e-06,3.70615202651087e-06,3.70615202651087e-06,0.0
1734542640.0,3.70615202651087e-06,3.70615202651087e-06,3.70615202651087e-06,3.70615202651087e-06,0.0
1734542700.0,3.70615202651087e-06,3.70615202651087e-06,3.70615202651087e-06,3.70615202651087e-06,0.0
1734542760.0,3.70615202651087e-06,3.70615202651087e-06,3.70615202651087e-06,3.70615202651087e-06,0.0
1734542820.0,3.70615202651087e-06,3.70615202651087e-06,3.70615202651087e-06,3.70615202651087e-06,0.0
1734542880.0,3.70615202651087e-06,3.70615202651087e-06,3.70615202651087e-06,3.70615202651087e-06,0.0
1734542940.0,3.70615202651087e-06,3.70615202651087e-06,3.70615202651087e-06,3.70615202651087e-06,0.0
1734543000.0,3.70615202651087e-06,3.70615202651087e-06,3.70615202651087e-06,3.70615202651087e-06,0.0
1734543060.0,3.70615202651087e-06,3.70615202651087e-06,3.70615202651087e-06,3.70615202651087e-06,0.0
1734543120.0,3.70615202651087e-06,3.70615202651087e-06,3.70615202651087e-06,3.70615202651087e-06,0.0
1734543180.0,3.70615202651087e-06,3.70615202651087e-06,3.70615202651087e-06,3.70615202651087e-06,0.0
1734543240.0,3.70615202651087e-06,3.70615202651087e-06,3.70615202651087e-06,3.70615202651087e-06,0.0
1734543300.0,3.70615202651087e-06,3.70615202651087e-06,3.70615202651087e-06,3.70615202651087e-06,0.0
1734543360.0,3.70615202651087e-06,3.70615202651087e-06,3.70615202651087e-06,3.70615202651087e-06,0.0
1734543420.0,3.70615202651087e-06,3.70615202651087e-06,3.70615202651087e-06,3.70615202651087e-06,0.0
1734543480.0,3.70615202651087e-06,3.70615202651087e-06,3.70615202651087e-06,3.70615202651087e-06,0.0
1734543540.0,3.70615202651087e-06,3.70615202651087e-06,3.70615202651087e-06,3.70615202651087e-06,0.0
1734543600.0,3.70615202651087e-06,3.70615202651087e-06,3.70615202651087e-06,3.70615202651087e-06,0.0
1734543660.0,3.70615202651087e-06,3.70615202651087e-06,3.70615202651087e-06,3.70615202651087e-06,0.0
1734543720.0,3.70615202651087e-06,3.70615202651087e-06,3.70615202651087e-06,3.70615202651087e-06,0.0
1734543780.0,3.70615202651087e-06,3.70615202651087e-06,3.70615202651087e-06,3.70615202651087e-06,0.0
1734543840.0,3.70615202651087e-06,3.70615202651087e-06,3.70615202651087e-06,3.70615202651087e-06,0.0
1734543900.0,3.70615202651087e-06,3.70615202651087e-06,3.70615202651087e-06,3.70615202651087e-06,0.0
1734543960.0,3.70615202651087e-06,3.70615202651087e-06,3.70615202651087e-06,3.70615202651087e-06,0.0
1734544020.0,3.70615202651087e-06,3.70615202651087e-06,3.70615202651087e-06,3.70615202651087e-06,0.0
1734544080.0,3.70615202651087e-06,3.70615202651087e-06,3.70615202651087e-06,3.70615202651087e-06,0.0
1734544140.0,3.70615202651087e-06,3.70615202651087e-06,3.70615202651087e-06,3.70615202651087e-06,0.0
1734544200.0,3.70615202651087e-06,3.70615202651087e-06,3.70615202651087e-06,3.70615202651087e-06,0.0
1734544260.0,3.70615202651087e-06,3.70615202651087e-06,3.70615202651087e-06,3.70615202651087e-06,0.0
1734544320.0,3.70615202651087e-06,3.70615202651087e-06,3.70615202651087e-06,3.70615202651087e-06,0.0
1734544380.0,3.70615202651087e-06,3.70615202651087e-06,3.70615202651087e-06,3.70615202651087e-06,0.0
1734544440.0,3.70615202651087e-06,3.70615202651087e-06,3.70615202651087e-06,3.70615202651087e-06,0.0
1734544500.0,3.70615202651087e-06,3.70615202651087e-06,3.70615202651087e-06,3.70615202651087e-06,0.0
1734544560.0,3.70615202651087e-06,3.70615202651087e-06,3.70615202651087e-06,3.70615202651087e-06,0.0
1734544620.0,3.70615202651087e-06,3.70615202651087e-06,3.70615202651087e-06,3.70615202651087e-06,0.0
1734544680.0,3.70615202651087e-06,3.70615202651087e-06,3.70615202651087e-06,3.70615202651087e-06,0.0
1734544740.0,3.70615202651087e-06,3.70615202651087e-06,3.70615202651087e-06,3.70615202651087e-06,0.0
1734544800.0,3.70615202651087e-06,3.70615202651087e-06,3.70615202651087e-06,3.70615202651087e-06,0.0
1734544860.0,3.70615202651087e-06,3.70615202651087e-06,3.70615202651087e-06,3.70615202651087e-06,0.0
1734544920.0,3.70615202651087e-06,3.70615202651087e-06,3.70615202651087e-06,3.70615202651087e-06,0.0
1734544980.0,3.70615202651087e-06,3.70615202651087e-06,3.70615202651087e-06,3.70615202651087e-06,0.0
1734545040.0,3.70615202651087e-06,3.70615202651087e-06,3.70615202651087e-06,3.70615202651087e-06,0.0
1734545100.0,3.70615202651087e-06,3.72363934219689e-06,3.70615202651087e-06,3.72363934219689e-06,0.0069946786
1734545160.0,3.72363934219689e-06,3.72363934219689e-06,3.72363934219689e-06,3.72363934219689e-06,0.0
1734545220.0,3.72363934219689e-06,3.72363934219689e-06,3.72363934219689e-06,3.72363934219689e-06,0.0
1734545280.0,3.72363934219689e-06,3.72363934219689e-06,3.72363934219689e-06,3.72363934219689e-06,0.0
1734545340.0,3.72363934219689e-06,3.75417474033339e-06,3.72363934219689e-06,3.75417474033339e-06,8.6676
1734545400.0,3.75417474033339e-06,3.75417474033339e-06,3.75417474033339e-06,3.75417474033339e-06,0.0
1734545460.0,3.75417474033339e-06,3.75417474033339e-06,3.75417474033339e-06,3.75417474033339e-06,0.0
1734545520.0,3.75417474033339e-06,3.75417474033339e-06,3.75417474033339e-06,3.75417474033339e-06,0.0
1734545580.0,3.75417474033339e-06,3.75417474033339e-06,3.75417474033339e-06,3.75417474033339e-06,0.0
1734545640.0,3.75417474033339e-06,3.75417474033339e-06,3.75417474033339e-06,3.75417474033339e-06,0.0
1734545700.0,3.75417474033339e-06,3.75417474033339e-06,3.75417474033339e-06,3.75417474033339e-06,0.0
1734545760.0,3.75417474033339e-06,3.75417474033339e-06,3.75417474033339e-06,3.75417474033339e-06,0.0
1734545820.0,3.75417474033339e-06,3.75417474033339e-06,3.75417474033339e-06,3.75417474033339e-06,0.0
1734545880.0,3.75417474033339e-06,3.75417474033339e-06,3.75417474033339e-06,3.75417474033339e-06,0.0
1734545940.0,3.75417474033339e-06,3.75417474033339e-06,3.75417474033339e-06,3.75417474033339e-06,0.0
1734546000.0,3.75417474033339e-06,3.75417474033339e-06,3.75417474033339e-06,3.75417474033339e-06,0.0
1734546060.0,3.75417474033339e-06,3.75417474033339e-06,3.75417474033339e-06,3.75417474033339e-06,0.0
1734546120.0,3.75417474033339e-06,3.75417474033339e-06,3.75417474033339e-06,3.75417474033339e-06,0.0
1734546180.0,3.75417474033339e-06,3.75417474033339e-06,3.75417474033339e-06,3.75417474033339e-06,0.0
1734546240.0,3.75417474033339e-06,3.75417474033339e-06,3.75417474033339e-06,3.75417474033339e-06,0.0
1734546300.0,3.75417474033339e-06,3.75417474033339e-06,3.75417474033339e-06,3.75417474033339e-06,0.0
1734546360.0,3.75417474033339e-06,3.75417474033339e-06,3.75417474033339e-06,3.75417474033339e-06,0.0
1734546420.0,3.75417474033339e-06,3.75417474033339e-06,3.75417474033339e-06,3.75417474033339e-06,0.0
1734546480.0,3.75417474033339e-06,3.75417474033339e-06,3.75417474033339e-06,3.75417474033339e-06,0.0
1734546540.0,3.75417474033339e-06,3.75417474033339e-06,3.75417474033339e-06,3.75417474033339e-06,0.0
1734546600.0,3.75417474033339e-06,3.75417474033339e-06,3.75417474033339e-06,3.75417474033339e-06,0.0
1734546660.0,3.75417474033339e-06,3.75417474033339e-06,3.75417474033339e-06,3.75417474033339e-06,0.0
1734546720.0,3.75417474033339e-06,3.75417474033339e-06,3.75417474033339e-06,3.75417474033339e-06,0.0
1734546780.0,3.75417474033339e-06,3.75417474033339e-06,3.75417474033339e-06,3.75417474033339e-06,0.0
1734546840.0,3.75417474033339e-06,3.75417474033339e-06,3.75417474033339e-06,3.75417474033339e-06,0.0
1734546900.0,3.75417474033339e-06,3.75417474033339e-06,3.75417474033339e-06,3.75417474033339e-06,0.0
1734546960.0,3.75417474033339e-06,3.75417474033339e-06,3.75417474033339e-06,3.75417474033339e-06,0.0
1734547020.0,3.75417474033339e-06,3.75417474033339e-06,3.75417474033339e-06,3.75417474033339e-06,0.0
1734547080.0,3.75417474033339e-06,3.75417474033339e-06,3.75417474033339e-06,3.75417474033339e-06,0.0
1734547140.0,3.75417474033339e-06,3.75417474033339e-06,3.75417474033339e-06,3.75417474033339e-06,0.0
1734547200.0,3.75417474033339e-06,3.75417474033339e-06,3.75417474033339e-06,3.75417474033339e-06,0.0
1734547260.0,3.75417474033339e-06,3.75417474033339e-06,3.75417474033339e-06,3.75417474033339e-06,0.0
1734547320.0,3.75417474033339e-06,3.75417474033339e-06,3.75417474033339e-06,3.75417474033339e-06,0.0
1734547380.0,3.75417474033339e-06,3.75417474033339e-06,3.75417474033339e-06,3.75417474033339e-06,0.0
1734547440.0,3.75417474033339e-06,3.75417474033339e-06,3.75417474033339e-06,3.75417474033339e-06,0.0
1734547500.0,3.75417474033339e-06,3.75417474033339e-06,3.75417474033339e-06,3.75417474033339e-06,0.0
1734547560.0,3.75417474033339e-06,3.75417474033339e-06,3.75417474033339e-06,3.75417474033339e-06,0.0
1734547620.0,3.75417474033339e-06,3.75417474033339e-06,3.75417474033339e-06,3.75417474033339e-06,0.0
1734547680.0,3.75417474033339e-06,3.75417474033339e-06,3.75417474033339e-06,3.75417474033339e-06,0.0
1734547740.0,3.75417474033339e-06,3.75417474033339e-06,3.75417474033339e-06,3.75417474033339e-06,0.0
1734547800.0,3.75417474033339e-06,3.75417474033339e-06,3.75417474033339e-06,3.75417474033339e-06,0.0
1734547860.0,3.75417474033339e-06,3.75417474033339e-06,3.75417474033339e-06,3.75417474033339e-06,0.0
1734547920.0,3.75417474033339e-06,3.75417474033339e-06,3.75417474033339e-06,3.75417474033339e-06,0.0
1734547980.0,3.75417474033339e-06,3.75417474033339e-06,3.75417474033339e-06,3.75417474033339e-06,0.0
1734548040.0,3.75417474033339e-06,3.75417474033339e-06,3.75417474033339e-06,3.75417474033339e-06,0.0
1734548100.0,3.75417474033339e-06,3.75417474033339e-06,3.75417474033339e-06,3.75417474033339e-06,0.0
1734548160.0,3.75417474033339e-06,3.75417474033339e-06,3.75417474033339e-06,3.75417474033339e-06,0.0
1734548220.0,3.75417474033339e-06,3.75417474033339e-06,3.75417474033339e-06,3.75417474033339e-06,0.0
1734548280.0,3.75417474033339e-06,3.75417474033339e-06,3.75417474033339e-06,3.75417474033339e-06,0.0
1734548340.0,3.75417474033339e-06,3.75417474033339e-06,3.75417474033339e-06,3.75417474033339e-06,0.0
1734548400.0,3.75417474033339e-06,3.75417474033339e-06,3.75417474033339e-06,3.75417474033339e-06,0.0
1734548460.0,3.75417474033339e-06,3.75417474033339e-06,3.75417474033339e-06,3.75417474033339e-06,0.0
1734548520.0,3.75417474033339e-06,3.75417474033339e-06,3.75417474033339e-06,3.75417474033339e-06,0.0
1734548580.0,3.75417474033339e-06,3.75417474033339e-06,3.75417474033339e-06,3.75417474033339e-06,0.0
1734548640.0,3.75417474033339e-06,3.75417474033339e-06,3.75417474033339e-06,3.75417474033339e-06,0.0
1734548700.0,3.75417474033339e-06,3.75417474033339e-06,3.75417474033339e-06,3.75417474033339e-06,0.0
1734548760.0,3.75417474033339e-06,3.75417474033339e-06,3.75417474033339e-06,3.75417474033339e-06,0.0
1734548820.0,3.75417474033339e-06,3.75417474033339e-06,3.75417474033339e-06,3.75417474033339e-06,0.0
1734548880.0,3.75417474033339e-06,3.75417474033339e-06,3.75417474033339e-06,3.75417474033339e-06,0.0
1734548940.0,3.75417474033339e-06,3.75417474033339e-06,3.75417474033339e-06,3.75417474033339e-06,0.0
1734549000.0,3.75417474033339e-06,3.75417474033339e-06,3.75417474033339e-06,3.75417474033339e-06,0.0
1734549060.0,3.75417474033339e-06,3.75417474033339e-06,3.75417474033339e-06,3.75417474033339e-06,0.0
1734549120.0,3.75417474033339e-06,3.75417474033339e-06,3.75417474033339e-06,3.75417474033339e-06,0.0
1734549180.0,3.75417474033339e-06,3.75417474033339e-06,3.75417474033339e-06,3.75417474033339e-06,0.0
1734549240.0,3.75417474033339e-06,3.75417474033339e-06,3.75417474033339e-06,3.75417474033339e-06,0.0
1734549300.0,3.75417474033339e-06,3.75417474033339e-06,3.75417474033339e-06,3.75417474033339e-06,0.0
1734549360.0,3.75417474033339e-06,3.75417474033339e-06,3.75417474033339e-06,3.75417474033339e-06,0.0
1734549420.0,3.75417474033339e-06,3.75417474033339e-06,3.75417474033339e-06,3.75417474033339e-06,0.0
1734549480.0,3.75417474033339e-06,3.75417474033339e-06,3.75417474033339e-06,3.75417474033339e-06,0.0
1734549540.0,3.75417474033339e-06,3.75417474033339e-06,3.75417474033339e-06,3.75417474033339e-06,0.0
1734549600.0,3.75417474033339e-06,3.75417474033339e-06,3.75417474033339e-06,3.75417474033339e-06,0.0
1734549660.0,3.75417474033339e-06,3.75417474033339e-06,3.75417474033339e-06,3.75417474033339e-06,0.0
1734549720.0,3.75417474033339e-06,3.75417474033339e-06,3.75417474033339e-06,3.75417474033339e-06,0.0
1734549780.0,3.75417474033339e-06,3.75417474033339e-06,3.75417474033339e-06,3.75417474033339e-06,0.0
1734549840.0,3.75417474033339e-06,3.75417474033339e-06,3.75417474033339e-06,3.75417474033339e-06,0.0
1734549900.0,3.75417474033339e-06,3.75417474033339e-06,3.75417474033339e-06,3.75417474033339e-06,0.0
1734549960.0,3.75417474033339e-06,3.75417474033339e-06,3.75417474033339e-06,3.75417474033339e-06,0.0
1734550020.0,3.75417474033339e-06,3.75417474033339e-06,3.75417474033339e-06,3.75417474033339e-06,0.0
1734550080.0,3.75417474033339e-06,3.75417474033339e-06,3.75417474033339e-06,3.75417474033339e-06,0.0
1734550140.0,3.75417474033339e-06,3.75417474033339e-06,3.75417474033339e-06,3.75417474033339e-06,0.0
1734550200.0,3.75417474033339e-06,3.75417474033339e-06,3.75417474033339e-06,3.75417474033339e-06,0.0
1734550260.0,3.75417474033339e-06,3.75417474033339e-06,3.75417474033339e-06,3.75417474033339e-06,0.0
1734550320.0,3.75417474033339e-06,3.75417474033339e-06,3.75417474033339e-06,3.75417474033339e-06,0.0
1734550380.0,3.75417474033339e-06,3.75417474033339e-06,3.75417474033339e-06,3.75417474033339e-06,0.0
1734550440.0,3.75417474033339e-06,3.75417474033339e-06,3.75417474033339e-06,3.75417474033339e-06,0.0
1734550500.0,3.75417474033339e-06,3.75417474033339e-06,3.75417474033339e-06,3.75417474033339e-06,0.0
1734550560.0,3.75417474033339e-06,3.75417474033339e-06,3.75417474033339e-06,3.75417474033339e-06,0.0
1734550620.0,3.75417474033339e-06,3.75417474033339e-06,3.75417474033339e-06,3.75417474033339e-06,0.0
1734550680.0,3.75417474033339e-06,3.75417474033339e-06,3.75417474033339e-06,3.75417474033339e-06,0.0
1734550740.0,3.75417474033339e-06,3.75417474033339e-06,3.75417474033339e-06,3.75417474033339e-06,0.0
1734550800.0,3.75417474033339e-06,3.75417474033339e-06,3.75417474033339e-06,3.75417474033339e-06,0.0
1734550860.0,3.75417474033339e-06,3.75417474033339e-06,3.75417474033339e-06,3.75417474033339e-06,0.0
1734550920.0,3.75417474033339e-06,3.75417474033339e-06,3.75417474033339e-06,3.75417474033339e-06,0.0
1734550980.0,3.75417474033339e-06,3.75417474033339e-06,3.75417474033339e-06,3.75417474033339e-06,0.0
1734551040.0,3.75417474033339e-06,3.75417474033339e-06,3.75417474033339e-06,3.75417474033339e-06,0.0
1734551100.0,3.75417474033339e-06,3.75417474033339e-06,3.75417474033339e-06,3.75417474033339e-06,0.0
1734551160.0,3.75417474033339e-06,3.75417474033339e-06,3.75417474033339e-06,3.75417474033339e-06,0.0
1734551220.0,3.75417474033339e-06,3.75417474033339e-06,3.75417474033339e-06,3.75417474033339e-06,0.0
1734551280.0,3.75417474033339e-06,3.75417474033339e-06,3.75417474033339e-06,3.75417474033339e-06,0.0
1734551340.0,3.75417474033339e-06,3.75417474033339e-06,3.75417474033339e-06,3.75417474033339e-06,0.0
1734551400.0,3.75417474033339e-06,3.75417474033339e-06,3.75417474033339e-06,3.75417474033339e-06,0.0
1734551460.0,3.75417474033339e-06,3.75417474033339e-06,3.75417474033339e-06,3.75417474033339e-06,0.0
1734551520.0,3.75417474033339e-06,3.75417474033339e-06,3.75417474033339e-06,3.75417474033339e-06,0.0
1734551580.0,3.75417474033339e-06,3.75417474033339e-06,3.75417474033339e-06,3.75417474033339e-06,0.0
1734551640.0,3.75417474033339e-06,3.75417474033339e-06,3.75417474033339e-06,3.75417474033339e-06,0.0
1734551700.0,3.75417474033339e-06,3.75417474033339e-06,3.75417474033339e-06,3.75417474033339e-06,0.0
1734551760.0,3.75417474033339e-06,3.75417474033339e-06,3.75417474033339e-06,3.75417474033339e-06,0.0
1734551820.0,3.75417474033339e-06,3.75417474033339e-06,3.75417474033339e-06,3.75417474033339e-06,0.0
1734551880.0,3.75417474033339e-06,3.75417474033339e-06,3.75417474033339e-06,3.75417474033339e-06,0.0
1734551940.0,3.75417474033339e-06,3.75417474033339e-06,3.75417474033339e-06,3.75417474033339e-06,0.0
1734552000.0,3.75417474033339e-06,3.75417474033339e-06,3.75417474033339e-06,3.75417474033339e-06,0.0
1734552060.0,3.75417474033339e-06,3.75417474033339e-06,3.75417474033339e-06,3.75417474033339e-06,0.0
1734552120.0,3.75417474033339e-06,3.75417474033339e-06,3.75417474033339e-06,3.75417474033339e-06,0.0
1734552180.0,3.75417474033339e-06,3.75417474033339e-06,3.75417474033339e-06,3.75417474033339e-06,0.0
1734552240.0,3.75417474033339e-06,3.75417474033339e-06,3.75417474033339e-06,3.75417474033339e-06,0.0
1734552300.0,3.75417474033339e-06,3.75417474033339e-06,3.75417474033339e-06,3.75417474033339e-06,0.0
1734552360.0,3.75417474033339e-06,3.75417474033339e-06,3.75417474033339e-06,3.75417474033339e-06,0.0
1734552420.0,3.75417474033339e-06,3.75417474033339e-06,3.75417474033339e-06,3.75417474033339e-06,0.0
1734552480.0,3.75417474033339e-06,3.75417474033339e-06,3.75417474033339e-06,3.75417474033339e-06,0.0
1734552540.0,3.75417474033339e-06,3.75417474033339e-06,3.75417474033339e-06,3.75417474033339e-06,0.0
1734552600.0,3.75417474033339e-06,3.75417474033339e-06,3.75417474033339e-06,3.75417474033339e-06,0.0
1734552660.0,3.75417474033339e-06,3.75417474033339e-06,3.75417474033339e-06,3.75417474033339e-06,0.0
1734552720.0,3.75417474033339e-06,3.75417474033339e-06,3.75417474033339e-06,3.75417474033339e-06,0.0
1734552780.0,3.75417474033339e-06,3.75417474033339e-06,3.75417474033339e-06,3.75417474033339e-06,0.0
1734552840.0,3.75417474033339e-06,3.75417474033339e-06,3.75417474033339e-06,3.75417474033339e-06,0.0
1734552900.0,3.75417474033339e-06,3.75417474033339e-06,3.75417474033339e-06,3.75417474033339e-06,0.0
1734552960.0,3.75417474033339e-06,3.75417474033339e-06,3.75417474033339e-06,3.75417474033339e-06,0.0
1734553020.0,3.75417474033339e-06,3.75417474033339e-06,3.75417474033339e-06,3.75417474033339e-06,0.0
1734553080.0,3.75417474033339e-06,3.75417474033339e-06,3.75417474033339e-06,3.75417474033339e-06,0.0
1734553140.0,3.75417474033339e-06,3.75417474033339e-06,3.75417474033339e-06,3.75417474033339e-06,0.0
1734553200.0,3.75417474033339e-06,3.75417474033339e-06,3.75417474033339e-06,3.75417474033339e-06,0.0
1734553260.0,3.75417474033339e-06,3.75417474033339e-06,3.75417474033339e-06,3.75417474033339e-06,0.0
1734553320.0,3.75417474033339e-06,3.75417474033339e-06,3.75417474033339e-06,3.75417474033339e-06,0.0
1734553380.0,3.75417474033339e-06,3.75417474033339e-06,3.75417474033339e-06,3.75417474033339e-06,0.0
1734553440.0,3.75417474033339e-06,3.75417474033339e-06,3.75417474033339e-06,3.75417474033339e-06,0.0
1734553500.0,3.75417474033339e-06,3.75417474033339e-06,3.75417474033339e-06,3.75417474033339e-06,0.0
1734553560.0,3.75417474033339e-06,3.75417474033339e-06,3.75417474033339e-06,3.75417474033339e-06,0.0
1734553620.0,3.75417474033339e-06,3.75417474033339e-06,3.75417474033339e-06,3.75417474033339e-06,0.0
1734553680.0,3.75417474033339e-06,3.75417474033339e-06,3.75417474033339e-06,3.75417474033339e-06,0.0
1734553740.0,3.75417474033339e-06,3.75417474033339e-06,3.75417474033339e-06,3.75417474033339e-06,0.0
1734553800.0,3.75417474033339e-06,3.75417474033339e-06,3.75417474033339e-06,3.75417474033339e-06,0.0
1734553860.0,3.75417474033339e-06,3.75417474033339e-06,3.75417474033339e-06,3.75417474033339e-06,0.0
1734553920.0,3.75417474033339e-06,3.75417474033339e-06,3.75417474033339e-06,3.75417474033339e-06,0.0
1734553980.0,3.75417474033339e-06,3.75417474033339e-06,3.75417474033339e-06,3.75417474033339e-06,0.0
1734554040.0,3.75417474033339e-06,3.75417474033339e-06,3.75417474033339e-06,3.75417474033339e-06,0.0
1734554100.0,3.75417474033339e-06,3.75417474033339e-06,3.75417474033339e-06,3.75417474033339e-06,0.0
1734554160.0,3.75417474033339e-06,3.75417474033339e-06,3.75417474033339e-06,3.75417474033339e-06,0.0
1734554220.0,3.75417474033339e-06,3.75417474033339e-06,3.75417474033339e-06,3.75417474033339e-06,0.0
1734554280.0,3.75417474033339e-06,3.75417474033339e-06,3.75417474033339e-06,3.75417474033339e-06,0.0
1734554340.0,3.75417474033339e-06,3.75417474033339e-06,3.75417474033339e-06,3.75417474033339e-06,0.0
1734554400.0,3.75417474033339e-06,3.75417474033339e-06,3.75417474033339e-06,3.75417474033339e-06,0.0
1734554460.0,3.75417474033339e-06,3.75417474033339e-06,3.75417474033339e-06,3.75417474033339e-06,0.0
1734554520.0,3.75417474033339e-06,3.75417474033339e-06,3.75417474033339e-06,3.75417474033339e-06,0.0
1734554580.0,3.75417474033339e-06,3.75417474033339e-06,3.75417474033339e-06,3.75417474033339e-06,0.0
1734554640.0,3.75417474033339e-06,3.75417474033339e-06,3.75417474033339e-06,3.75417474033339e-06,0.0
1734554700.0,3.75417474033339e-06,3.75417474033339e-06,3.75417474033339e-06,3.75417474033339e-06,0.0
1734554760.0,3.75417474033339e-06,3.75417474033339e-06,3.75417474033339e-06,3.75417474033339e-06,0.0
1734554820.0,3.75417474033339e-06,3.75417474033339e-06,3.75417474033339e-06,3.75417474033339e-06,0.0
1734554880.0,3.75417474033339e-06,3.75417474033339e-06,3.75417474033339e-06,3.75417474033339e-06,0.0
1734554940.0,3.75417474033339e-06,3.75417474033339e-06,3.75417474033339e-06,3.75417474033339e-06,0.0
1734555000.0,3.75417474033339e-06,3.75417474033339e-06,3.75417474033339e-06,3.75417474033339e-06,0.0
1734555060.0,3.75417474033339e-06,3.75417474033339e-06,3.75417474033339e-06,3.75417474033339e-06,0.0
1734555120.0,3.75417474033339e-06,3.75417474033339e-06,3.75417474033339e-06,3.75417474033339e-06,0.0
1734555180.0,3.75417474033339e-06,3.75417474033339e-06,3.75417474033339e-06,3.75417474033339e-06,0.0
1734555240.0,3.75417474033339e-06,3.75417474033339e-06,3.75417474033339e-06,3.75417474033339e-06,0.0
1734555300.0,3.75417474033339e-06,3.75417474033339e-06,3.75417474033339e-06,3.75417474033339e-06,0.0
1734555360.0,3.75417474033339e-06,3.75417474033339e-06,3.75417474033339e-06,3.75417474033339e-06,0.0
1734555420.0,3.75417474033339e-06,3.75417474033339e-06,3.75417474033339e-06,3.75417474033339e-06,0.0
1734555480.0,3.75417474033339e-06,3.75417474033339e-06,3.75417474033339e-06,3.75417474033339e-06,0.0
1734555540.0,3.75417474033339e-06,3.75417474033339e-06,3.75417474033339e-06,3.75417474033339e-06,0.0
1734555600.0,3.75417474033339e-06,3.75417474033339e-06,3.75417474033339e-06,3.75417474033339e-06,0.0
1734555660.0,3.75417474033339e-06,3.75417474033339e-06,3.75417474033339e-06,3.75417474033339e-06,0.0
1734555720.0,3.75417474033339e-06,3.75417474033339e-06,3.75417474033339e-06,3.75417474033339e-06,0.0
1734555780.0,3.75417474033339e-06,3.75417474033339e-06,3.75417474033339e-06,3.75417474033339e-06,0.0
1734555840.0,3.75417474033339e-06,3.75417474033339e-06,3.75417474033339e-06,3.75417474033339e-06,0.0
1734555900.0,3.75417474033339e-06,3.75417474033339e-06,3.75417474033339e-06,3.75417474033339e-06,0.0
1734555960.0,3.75417474033339e-06,3.75417474033339e-06,3.75417474033339e-06,3.75417474033339e-06,0.0
1734556020.0,3.75417474033339e-06,3.75417474033339e-06,3.75417474033339e-06,3.75417474033339e-06,0.0
1734556080.0,3.75417474033339e-06,3.75417474033339e-06,3.75417474033339e-06,3.75417474033339e-06,0.0
1734556140.0,3.75417474033339e-06,3.75417474033339e-06,3.75417474033339e-06,3.75417474033339e-06,0.0
1734556200.0,3.75417474033339e-06,3.75417474033339e-06,3.75417474033339e-06,3.75417474033339e-06,0.0
1734556260.0,3.75417474033339e-06,3.75417474033339e-06,3.75417474033339e-06,3.75417474033339e-06,0.0
1734556320.0,3.75417474033339e-06,3.75417474033339e-06,3.75417474033339e-06,3.75417474033339e-06,0.0
1734556380.0,3.75417474033339e-06,3.75417474033339e-06,3.75417474033339e-06,3.75417474033339e-06,0.0
1734556440.0,3.75417474033339e-06,3.75417474033339e-06,3.75417474033339e-06,3.75417474033339e-06,0.0
1734556500.0,3.75417474033339e-06,3.75417474033339e-06,3.75417474033339e-06,3.75417474033339e-06,0.0
1734556560.0,3.75417474033339e-06,3.75417474033339e-06,3.75417474033339e-06,3.75417474033339e-06,0.0
1734556620.0,3.75417474033339e-06,3.75417474033339e-06,3.75417474033339e-06,3.75417474033339e-06,0.0
1734556680.0,3.75417474033339e-06,3.75417474033339e-06,3.75417474033339e-06,3.75417474033339e-06,0.0
1734556740.0,3.75417474033339e-06,3.75417474033339e-06,3.75417474033339e-06,3.75417474033339e-06,0.0
1734556800.0,3.75417474033339e-06,3.75417474033339e-06,3.75417474033339e-06,3.75417474033339e-06,0.0
1734556860.0,3.75417474033339e-06,3.75417474033339e-06,3.75417474033339e-06,3.75417474033339e-06,0.0
1734556920.0,3.75417474033339e-06,3.75417474033339e-06,3.75417474033339e-06,3.75417474033339e-06,0.0
1734556980.0,3.75417474033339e-06,3.75417474033339e-06,3.75417474033339e-06,3.75417474033339e-06,0.0
1734557040.0,3.75417474033339e-06,3.75417474033339e-06,3.75417474033339e-06,3.75417474033339e-06,0.0
1734557100.0,3.75417474033339e-06,3.75417474033339e-06,3.75417474033339e-06,3.75417474033339e-06,0.0
1734557160.0,3.75417474033339e-06,3.75417474033339e-06,3.75417474033339e-06,3.75417474033339e-06,0.0
1734557220.0,3.75417474033339e-06,3.75417474033339e-06,3.75417474033339e-06,3.75417474033339e-06,0.0
1734557280.0,3.75417474033339e-06,3.75417474033339e-06,3.75417474033339e-06,3.75417474033339e-06,0.0
1734557340.0,3.75417474033339e-06,3.75417474033339e-06,3.75417474033339e-06,3.75417474033339e-06,0.0
1734557400.0,3.75417474033339e-06,3.75417474033339e-06,3.75417474033339e-06,3.75417474033339e-06,0.0
1734557460.0,3.75417474033339e-06,3.75417474033339e-06,3.75417474033339e-06,3.75417474033339e-06,0.0
1734557520.0,3.75417474033339e-06,3.75417474033339e-06,3.75417474033339e-06,3.75417474033339e-06,0.0
1734557580.0,3.75417474033339e-06,3.75417474033339e-06,3.75417474033339e-06,3.75417474033339e-06,0.0
1734557640.0,3.75417474033339e-06,3.75417474033339e-06,3.75417474033339e-06,3.75417474033339e-06,0.0
1734557700.0,3.75417474033339e-06,3.75417474033339e-06,3.75417474033339e-06,3.75417474033339e-06,0.0
1734557760.0,3.75417474033339e-06,3.75417474033339e-06,3.75417474033339e-06,3.75417474033339e-06,0.0
1734557820.0,3.75417474033339e-06,3.75417474033339e-06,3.75417474033339e-06,3.75417474033339e-06,0.0
1734557880.0,3.75417474033339e-06,3.75417474033339e-06,3.75417474033339e-06,3.75417474033339e-06,0.0
1734557940.0,3.75417474033339e-06,3.75417474033339e-06,3.75417474033339e-06,3.75417474033339e-06,0.0
1734558000.0,3.75417474033339e-06,3.75417474033339e-06,3.75417474033339e-06,3.75417474033339e-06,0.0
1734558060.0,3.75417474033339e-06,3.75417474033339e-06,3.75417474033339e-06,3.75417474033339e-06,0.0
1734558120.0,3.75417474033339e-06,3.75417474033339e-06,3.75417474033339e-06,3.75417474033339e-06,0.0
1734558180.0,3.75417474033339e-06,3.75417474033339e-06,3.75417474033339e-06,3.75417474033339e-06,0.0
1734558240.0,3.75417474033339e-06,3.75417474033339e-06,3.75417474033339e-06,3.75417474033339e-06,0.0
1734558300.0,3.75417474033339e-06,3.75417474033339e-06,3.75417474033339e-06,3.75417474033339e-06,0.0
1734558360.0,3.75417474033339e-06,3.75417474033339e-06,3.75417474033339e-06,3.75417474033339e-06,0.0
1734558420.0,3.75417474033339e-06,3.75417474033339e-06,3.75417474033339e-06,3.75417474033339e-06,0.0
1734558480.0,3.75417474033339e-06,3.75417474033339e-06,3.75417474033339e-06,3.75417474033339e-06,0.0
1734558540.0,3.75417474033339e-06,3.75417474033339e-06,3.75417474033339e-06,3.75417474033339e-06,0.0
1734558600.0,3.75417474033339e-06,3.75417474033339e-06,3.75417474033339e-06,3.75417474033339e-06,0.0
1734558660.0,3.75417474033339e-06,3.75417474033339e-06,3.75417474033339e-06,3.75417474033339e-06,0.0
1734558720.0,3.75417474033339e-06,3.75417474033339e-06,3.75417474033339e-06,3.75417474033339e-06,0.0
1734558780.0,3.75417474033339e-06,3.75417474033339e-06,3.75417474033339e-06,3.75417474033339e-06,0.0
1734558840.0,3.75417474033339e-06,3.75417474033339e-06,3.75417474033339e-06,3.75417474033339e-06,0.0
1734558900.0,3.75417474033339e-06,3.75417474033339e-06,3.75417474033339e-06,3.75417474033339e-06,0.0
1734558960.0,3.75417474033339e-06,3.75417474033339e-06,3.75417474033339e-06,3.75417474033339e-06,0.0
1734559020.0,3.75417474033339e-06,3.75417474033339e-06,3.75417474033339e-06,3.75417474033339e-06,0.0
1734559080.0,3.75417474033339e-06,3.75417474033339e-06,3.75417474033339e-06,3.75417474033339e-06,0.0
1734559140.0,3.75417474033339e-06,3.75417474033339e-06,3.75417474033339e-06,3.75417474033339e-06,0.0
1734559200.0,3.75417474033339e-06,3.75417474033339e-06,3.75417474033339e-06,3.75417474033339e-06,0.0
1734559260.0,3.75417474033339e-06,3.75417474033339e-06,3.75417474033339e-06,3.75417474033339e-06,0.0
1734559320.0,3.75417474033339e-06,3.75417474033339e-06,3.75417474033339e-06,3.75417474033339e-06,0.0
1734559380.0,3.75417474033339e-06,3.75417474033339e-06,3.75417474033339e-06,3.75417474033339e-06,0.0
1734559440.0,3.75417474033339e-06,3.75417474033339e-06,3.75417474033339e-06,3.75417474033339e-06,0.0
1734559500.0,3.75417474033339e-06,3.75417474033339e-06,3.75417474033339e-06,3.75417474033339e-06,0.0
1734559560.0,3.75417474033339e-06,3.75417474033339e-06,3.75417474033339e-06,3.75417474033339e-06,0.0
1734559620.0,3.75417474033339e-06,3.75417474033339e-06,3.75417474033339e-06,3.75417474033339e-06,0.0
1734559680.0,3.75417474033339e-06,3.75417474033339e-06,3.75417474033339e-06,3.75417474033339e-06,0.0
1734559740.0,3.75417474033339e-06,3.75417474033339e-06,3.75417474033339e-06,3.75417474033339e-06,0.0
1734559800.0,3.75417474033339e-06,3.75417474033339e-06,3.75417474033339e-06,3.75417474033339e-06,0.0
1734559860.0,3.75417474033339e-06,3.75417474033339e-06,3.75417474033339e-06,3.75417474033339e-06,0.0
1734559920.0,3.75417474033339e-06,3.75417474033339e-06,3.75417474033339e-06,3.75417474033339e-06,0.0
1734559980.0,3.75417474033339e-06,3.75417474033339e-06,3.75417474033339e-06,3.75417474033339e-06,0.0
1734560040.0,3.75417474033339e-06,3.75417474033339e-06,3.75417474033339e-06,3.75417474033339e-06,0.0
1734560100.0,3.75417474033339e-06,3.75417474033339e-06,3.75417474033339e-06,3.75417474033339e-06,0.0
1734560160.0,3.75417474033339e-06,3.75417474033339e-06,3.75417474033339e-06,3.75417474033339e-06,0.0
1734560220.0,3.75417474033339e-06,3.75417474033339e-06,3.75417474033339e-06,3.75417474033339e-06,0.0
1734560280.0,3.75417474033339e-06,3.75417474033339e-06,3.75417474033339e-06,3.75417474033339e-06,0.0
1734560340.0,3.75417474033339e-06,3.75417474033339e-06,3.75417474033339e-06,3.75417474033339e-06,0.0
1734560400.0,3.75417474033339e-06,3.75417474033339e-06,3.75417474033339e-06,3.75417474033339e-06,0.0
1734560460.0,3.75417474033339e-06,3.75417474033339e-06,3.75417474033339e-06,3.75417474033339e-06,0.0
1734560520.0,3.75417474033339e-06,3.75417474033339e-06,3.75417474033339e-06,3.75417474033339e-06,0.0
1734560580.0,3.75417474033339e-06,3.75417474033339e-06,3.75417474033339e-06,3.75417474033339e-06,0.0
1734560640.0,3.75417474033339e-06,3.75417474033339e-06,3.75417474033339e-06,3.75417474033339e-06,0.0
1734560700.0,3.75417474033339e-06,3.75417474033339e-06,3.75417474033339e-06,3.75417474033339e-06,0.0
1734560760.0,3.75417474033339e-06,3.75417474033339e-06,3.75417474033339e-06,3.75417474033339e-06,0.0
1734560820.0,3.75417474033339e-06,3.75417474033339e-06,3.75417474033339e-06,3.75417474033339e-06,0.0
1734560880.0,3.75417474033339e-06,3.75417474033339e-06,3.75417474033339e-06,3.75417474033339e-06,0.0
1734560940.0,3.75417474033339e-06,3.75417474033339e-06,3.75417474033339e-06,3.75417474033339e-06,0.0
1734561000.0,3.75417474033339e-06,3.75417474033339e-06,3.75417474033339e-06,3.75417474033339e-06,0.0
1734561060.0,3.75417474033339e-06,3.75417474033339e-06,3.75417474033339e-06,3.75417474033339e-06,0.0
1734561120.0,3.75417474033339e-06,3.75417474033339e-06,3.75417474033339e-06,3.75417474033339e-06,0.0
1734561180.0,3.75417474033339e-06,3.75417474033339e-06,3.75417474033339e-06,3.75417474033339e-06,0.0
1734561240.0,3.75417474033339e-06,3.75417474033339e-06,3.75417474033339e-06,3.75417474033339e-06,0.0
1734561300.0,3.75417474033339e-06,3.75417474033339e-06,3.75417474033339e-06,3.75417474033339e-06,0.0
1734561360.0,3.75417474033339e-06,3.75417474033339e-06,3.75417474033339e-06,3.75417474033339e-06,0.0
1734561420.0,3.75417474033339e-06,3.75417474033339e-06,3.75417474033339e-06,3.75417474033339e-06,0.0
1734561480.0,3.75417474033339e-06,3.75417474033339e-06,3.75417474033339e-06,3.75417474033339e-06,0.0
1734561540.0,3.75417474033339e-06,3.75417474033339e-06,3.75417474033339e-06,3.75417474033339e-06,0.0
1734561600.0,3.75417474033339e-06,3.75417474033339e-06,3.75417474033339e-06,3.75417474033339e-06,0.0
1734561660.0,3.75417474033339e-06,3.75417474033339e-06,3.75417474033339e-06,3.75417474033339e-06,0.0
1734561720.0,3.75417474033339e-06,3.75417474033339e-06,3.75417474033339e-06,3.75417474033339e-06,0.0
1734561780.0,3.75417474033339e-06,3.75417474033339e-06,3.75417474033339e-06,3.75417474033339e-06,0.0
1734561840.0,3.75417474033339e-06,3.75417474033339e-06,3.75417474033339e-06,3.75417474033339e-06,0.0
1734561900.0,3.75417474033339e-06,3.75417474033339e-06,3.75417474033339e-06,3.75417474033339e-06,0.0
1734561960.0,3.75417474033339e-06,3.75417474033339e-06,3.75417474033339e-06,3.75417474033339e-06,0.0
1734562020.0,3.75417474033339e-06,3.75417474033339e-06,3.75417474033339e-06,3.75417474033339e-06,0.0
1734562080.0,3.75417474033339e-06,3.75417474033339e-06,3.75417474033339e-06,3.75417474033339e-06,0.0
1734562140.0,3.75417474033339e-06,3.75417474033339e-06,3.75417474033339e-06,3.75417474033339e-06,0.0
1734562200.0,3.75417474033339e-06,3.75417474033339e-06,3.75417474033339e-06,3.75417474033339e-06,0.0
1734562260.0,3.75417474033339e-06,3.75417474033339e-06,3.75417474033339e-06,3.75417474033339e-06,0.0
1734562320.0,3.75417474033339e-06,3.75417474033339e-06,3.75417474033339e-06,3.75417474033339e-06,0.0
1734562380.0,3.75417474033339e-06,3.75417474033339e-06,3.75417474033339e-06,3.75417474033339e-06,0.0
1734562440.0,3.75417474033339e-06,3.75417474033339e-06,3.75417474033339e-06,3.75417474033339e-06,0.0
1734562500.0,3.75417474033339e-06,3.75417474033339e-06,3.75417474033339e-06,3.75417474033339e-06,0.0
1734562560.0,3.75417474033339e-06,3.75417474033339e-06,3.75417474033339e-06,3.75417474033339e-06,0.0
1734562620.0,3.75417474033339e-06,3.75417474033339e-06,3.75417474033339e-06,3.75417474033339e-06,0.0
1734562680.0,3.75417474033339e-06,3.75417474033339e-06,3.75417474033339e-06,3.75417474033339e-06,0.0
1734562740.0,3.75417474033339e-06,3.75417474033339e-06,3.75417474033339e-06,3.75417474033339e-06,0.0
1734562800.0,3.75417474033339e-06,3.75417474033339e-06,3.75417474033339e-06,3.75417474033339e-06,0.0
1734562860.0,3.75417474033339e-06,3.75417474033339e-06,3.75417474033339e-06,3.75417474033339e-06,0.0
1734562920.0,3.75417474033339e-06,3.75417474033339e-06,3.75417474033339e-06,3.75417474033339e-06,0.0
1734562980.0,3.75417474033339e-06,3.75417474033339e-06,3.75417474033339e-06,3.75417474033339e-06,0.0
1734563040.0,3.75417474033339e-06,3.75417474033339e-06,3.75417474033339e-06,3.75417474033339e-06,0.0
1734563100.0,3.75417474033339e-06,3.75417474033339e-06,3.75417474033339e-06,3.75417474033339e-06,0.0
1734563160.0,3.75417474033339e-06,3.75417474033339e-06,3.75417474033339e-06,3.75417474033339e-06,0.0
1734563220.0,3.75417474033339e-06,3.75417474033339e-06,3.75417474033339e-06,3.75417474033339e-06,0.0
1734563280.0,3.75417474033339e-06,3.75417474033339e-06,3.75417474033339e-06,3.75417474033339e-06,0.0
1734563340.0,3.75417474033339e-06,3.75417474033339e-06,3.75417474033339e-06,3.75417474033339e-06,0.0
1734563400.0,3.75417474033339e-06,3.75417474033339e-06,3.75417474033339e-06,3.75417474033339e-06,0.0
1734563460.0,3.75417474033339e-06,3.75417474033339e-06,3.75417474033339e-06,3.75417474033339e-06,0.0
1734563520.0,3.75417474033339e-06,3.75417474033339e-06,3.75417474033339e-06,3.75417474033339e-06,0.0
1734563580.0,3.75417474033339e-06,3.75417474033339e-06,3.75417474033339e-06,3.75417474033339e-06,0.0
1734563640.0,3.75417474033339e-06,3.75417474033339e-06,3.75417474033339e-06,3.75417474033339e-06,0.0
1734563700.0,3.75417474033339e-06,3.75417474033339e-06,3.75417474033339e-06,3.75417474033339e-06,0.0
1734563760.0,3.75417474033339e-06,3.75417474033339e-06,3.75417474033339e-06,3.75417474033339e-06,0.0
1734563820.0,3.75417474033339e-06,3.75417474033339e-06,3.75417474033339e-06,3.75417474033339e-06,0.0
1734563880.0,3.75417474033339e-06,3.75417474033339e-06,3.75417474033339e-06,3.75417474033339e-06,0.0
1734563940.0,3.75417474033339e-06,3.75417474033339e-06,3.75417474033339e-06,3.75417474033339e-06,0.0
1734564000.0,3.75417474033339e-06,3.75417474033339e-06,3.75417474033339e-06,3.75417474033339e-06,0.0
1734564060.0,3.75417474033339e-06,3.75417474033339e-06,3.75417474033339e-06,3.75417474033339e-06,0.0
1734564120.0,3.75417474033339e-06,3.75417474033339e-06,3.75417474033339e-06,3.75417474033339e-06,0.0
1734564180.0,3.75417474033339e-06,3.75417474033339e-06,3.75417474033339e-06,3.75417474033339e-06,0.0
1734564240.0,3.75417474033339e-06,3.75417474033339e-06,3.75417474033339e-06,3.75417474033339e-06,0.0
1734564300.0,3.75417474033339e-06,3.75417474033339e-06,3.75417474033339e-06,3.75417474033339e-06,0.0
1734564360.0,3.75417474033339e-06,3.75417474033339e-06,3.75417474033339e-06,3.75417474033339e-06,0.0
1734564420.0,3.75417474033339e-06,3.75417474033339e-06,3.75417474033339e-06,3.75417474033339e-06,0.0
1734564480.0,3.75417474033339e-06,3.75417474033339e-06,3.75417474033339e-06,3.75417474033339e-06,0.0
1734564540.0,3.75417474033339e-06,3.75417474033339e-06,3.75417474033339e-06,3.75417474033339e-06,0.0
1734564600.0,3.75417474033339e-06,3.75417474033339e-06,3.75417474033339e-06,3.75417474033339e-06,0.0
1734564660.0,3.75417474033339e-06,3.75417474033339e-06,3.75417474033339e-06,3.75417474033339e-06,0.0
1734564720.0,3.75417474033339e-06,3.75417474033339e-06,3.75417474033339e-06,3.75417474033339e-06,0.0
1734564780.0,3.75417474033339e-06,3.75417474033339e-06,3.75417474033339e-06,3.75417474033339e-06,0.0
1734564840.0,3.75417474033339e-06,3.75417474033339e-06,3.75417474033339e-06,3.75417474033339e-06,0.0
1734564900.0,3.75417474033339e-06,3.75417474033339e-06,3.75417474033339e-06,3.75417474033339e-06,0.0
1734564960.0,3.75417474033339e-06,3.75417474033339e-06,3.75417474033339e-06,3.75417474033339e-06,0.0
1734565020.0,3.75417474033339e-06,3.75417474033339e-06,3.75417474033339e-06,3.75417474033339e-06,0.0
1734565080.0,3.75417474033339e-06,3.75417474033339e-06,3.75417474033339e-06,3.75417474033339e-06,0.0
1734565140.0,3.75417474033339e-06,3.75417474033339e-06,3.75417474033339e-06,3.75417474033339e-06,0.0
1734565200.0,3.75417474033339e-06,3.75417474033339e-06,3.75417474033339e-06,3.75417474033339e-06,0.0
1734565260.0,3.75417474033339e-06,3.75417474033339e-06,3.75417474033339e-06,3.75417474033339e-06,0.0
1734565320.0,3.75417474033339e-06,3.75417474033339e-06,3.75417474033339e-06,3.75417474033339e-06,0.0
1734565380.0,3.75417474033339e-06,3.75417474033339e-06,3.75417474033339e-06,3.75417474033339e-06,0.0
1734565440.0,3.75417474033339e-06,3.75417474033339e-06,3.75417474033339e-06,3.75417474033339e-06,0.0
1734565500.0,3.75417474033339e-06,3.75417474033339e-06,3.75417474033339e-06,3.75417474033339e-06,0.0
1734565560.0,3.75417474033339e-06,3.75417474033339e-06,3.75417474033339e-06,3.75417474033339e-06,0.0
1734565620.0,3.75417474033339e-06,3.75417474033339e-06,3.75417474033339e-06,3.75417474033339e-06,0.0
1734565680.0,3.75417474033339e-06,3.75417474033339e-06,3.75417474033339e-06,3.75417474033339e-06,0.0
1734565740.0,3.75417474033339e-06,3.75417474033339e-06,3.75417474033339e-06,3.75417474033339e-06,0.0
1734565800.0,3.75417474033339e-06,3.75417474033339e-06,3.75417474033339e-06,3.75417474033339e-06,0.0
1734565860.0,3.75417474033339e-06,3.75417474033339e-06,3.75417474033339e-06,3.75417474033339e-06,0.0
1734565920.0,3.75417474033339e-06,3.75417474033339e-06,3.75417474033339e-06,3.75417474033339e-06,0.0
1734565980.0,3.75417474033339e-06,3.75417474033339e-06,3.75417474033339e-06,3.75417474033339e-06,0.0
1734566040.0,3.75417474033339e-06,3.75417474033339e-06,3.75417474033339e-06,3.75417474033339e-06,0.0
1734566100.0,3.75417474033339e-06,3.75417474033339e-06,3.75417474033339e-06,3.75417474033339e-06,0.0
1734566160.0,3.75417474033339e-06,3.75417474033339e-06,3.75417474033339e-06,3.75417474033339e-06,0.0
1734566220.0,3.75417474033339e-06,3.75417474033339e-06,3.75417474033339e-06,3.75417474033339e-06,0.0
1734566280.0,3.75417474033339e-06,3.75417474033339e-06,3.75417474033339e-06,3.75417474033339e-06,0.0
1734566340.0,3.75417474033339e-06,3.75417474033339e-06,3.75417474033339e-06,3.75417474033339e-06,0.0
1734566400.0,3.75417474033339e-06,3.75417474033339e-06,3.75417474033339e-06,3.75417474033339e-06,0.0
1734566460.0,3.75417474033339e-06,3.75417474033339e-06,3.75417474033339e-06,3.75417474033339e-06,0.0
1734566520.0,3.75417474033339e-06,3.75417474033339e-06,3.75417474033339e-06,3.75417474033339e-06,0.0
1734566580.0,3.75417474033339e-06,3.75417474033339e-06,3.75417474033339e-06,3.75417474033339e-06,0.0
1734566640.0,3.75417474033339e-06,3.75417474033339e-06,3.75417474033339e-06,3.75417474033339e-06,0.0
1734566700.0,3.75417474033339e-06,3.75417474033339e-06,3.75417474033339e-06,3.75417474033339e-06,0.0
1734566760.0,3.75417474033339e-06,3.75417474033339e-06,3.75417474033339e-06,3.75417474033339e-06,0.0
1734566820.0,3.75417474033339e-06,3.75417474033339e-06,3.75417474033339e-06,3.75417474033339e-06,0.0
1734566880.0,3.75417474033339e-06,3.75417474033339e-06,3.75417474033339e-06,3.75417474033339e-06,0.0
1734566940.0,3.75417474033339e-06,3.75417474033339e-06,3.75417474033339e-06,3.75417474033339e-06,0.0
1734567000.0,3.75417474033339e-06,3.75417474033339e-06,3.75417474033339e-06,3.75417474033339e-06,0.0
1734567060.0,3.75417474033339e-06,3.75417474033339e-06,3.75417474033339e-06,3.75417474033339e-06,0.0
1734567120.0,3.75417474033339e-06,3.75417474033339e-06,3.75417474033339e-06,3.75417474033339e-06,0.0
1734567180.0,3.75417474033339e-06,3.75417474033339e-06,3.75417474033339e-06,3.75417474033339e-06,0.0
