0,1,2,3,4,5
1734071880.0,9.25281322675597e-05,0.0001658698424566,7.01211273822354e-05,8.40676972391164e-05,95188.28583901947
1734071940.0,8.40676972391164e-05,0.0001332561747131,3.05132541585833e-05,4.42563635112551e-05,103524.1594946075
1734072000.0,4.42563635112551e-05,8.79467932092945e-05,4.11646845315282e-05,7.37704749235535e-05,58346.04803623266
1734072060.0,7.37704749235535e-05,8.03072886486821e-05,4.36481591452791e-05,7.00724871550967e-05,44434.74285931489
1734072120.0,7.00724871550967e-05,0.0001344613977061,6.54540322954312e-05,0.0001113779183436,46686.8771450172
1734072180.0,0.0001113779183436,0.0002890281562206,8.02029574269486e-05,0.0002154007338773,72646.37850838606
1734072240.0,0.0002154007338773,0.0004311880376599,0.0001612332228521,0.0002874394210097,235414.50054682052
1734072300.0,0.0002874394210097,0.0003664550917371,0.0002033300673835,0.0002427913490895,133636.8050368043
1734072360.0,0.0002427913490895,0.0002625737675015,0.00014892903229,0.0002119404172853,101436.2985566498
1734072420.0,0.0002119404172853,0.00023915503064,0.0001094052949521,0.0001148184092584,95643.35268161344
1734072480.0,0.0001148184092584,0.0001821514243473,9.8029208332532e-05,0.000107531401994,64813.74068945816
1734072540.0,0.000107531401994,0.0001119310241429,6.91527569262009e-05,9.41559790440845e-05,39784.86600022719
1734072600.0,9.41559790440845e-05,0.000119807819472,7.82784065403033e-05,8.96097485961476e-05,29349.03763043345
1734072660.0,8.96097485961476e-05,0.0001287648956347,8.21638918821882e-05,9.14582103746573e-05,23939.69304301966
1734072720.0,9.14582103746573e-05,9.49207857656591e-05,3.96670541183386e-05,4.16142080305317e-05,22384.57643890833
1734072780.0,4.16142080305317e-05,5.20364575931273e-05,2.60614189048932e-05,2.61191441356402e-05,23301.3217734149
1734072840.0,2.61191441356402e-05,3.49330332430324e-05,2.41987779510621e-05,3.33751210025152e-05,12462.3835460072
1734072900.0,3.33751210025152e-05,4.83353730124702e-05,2.96604434752944e-05,3.20486599613772e-05,8787.89363561344
1734072960.0,3.20486599613772e-05,3.57711221781063e-05,3.17208410532168e-05,3.49934478848173e-05,1574.95685258478
1734073020.0,3.49934478848173e-05,3.49934478848173e-05,2.76127412304393e-05,2.76127412304393e-05,1562.82387005229
1734073080.0,2.76127412304393e-05,2.76127412304393e-05,2.47526028211682e-05,2.60075625314533e-05,1634.72013140891
1734073140.0,2.60075625314533e-05,2.95769170610414e-05,2.58670849070762e-05,2.75261318037119e-05,2151.77103363408
1734073200.0,2.75261318037119e-05,4.21764407466741e-05,2.71569002986109e-05,3.59844062899252e-05,6445.44561110701
1734073260.0,3.59844062899252e-05,4.5052975391966e-05,2.77273583193079e-05,2.83919532035854e-05,14268.8142192214
1734073320.0,2.83919532035854e-05,3.679444517969e-05,2.73875799763008e-05,3.57337202040193e-05,3265.79877584587
1734073380.0,3.57337202040193e-05,3.57337202040193e-05,3.30193517012808e-05,3.42676568910284e-05,2062.82879267719
1734073440.0,3.42676568910284e-05,3.93325700772895e-05,3.42676568910284e-05,3.63206995664277e-05,1840.90719542148
1734073500.0,3.63206995664277e-05,4.59638210727214e-05,3.52390032339597e-05,3.52390032339597e-05,4358.35515315175
1734073560.0,3.52390032339597e-05,4.26370873151814e-05,3.44415027188446e-05,4.139334050354e-05,6891.36521297992
1734073620.0,4.139334050354e-05,4.64575837655153e-05,4.10513830781239e-05,4.31681522093266e-05,2452.36834209607
1734073680.0,4.31681522093266e-05,4.33600948758148e-05,3.77018469989932e-05,3.78574338096965e-05,1692.4544346017
1734073740.0,3.78574338096965e-05,3.80423165532616e-05,3.26860903047859e-05,3.26860903047859e-05,1184.55071519483
1734073800.0,3.26860903047859e-05,3.26860903047859e-05,2.88644137370144e-05,3.17803021546513e-05,2328.09993881599
1734073860.0,3.17803021546513e-05,3.59162656694275e-05,3.17803021546513e-05,3.55241757975846e-05,1700.55178903964
1734073920.0,3.55241757975846e-05,3.57715753591015e-05,2.66184172250892e-05,2.66184172250892e-05,1713.41601055731
1734073980.0,2.66184172250892e-05,2.66184172250892e-05,2.20919305079321e-05,2.45876370739552e-05,2802.20153836131
1734074040.0,2.45876370739552e-05,2.90359695834905e-05,2.45876370739552e-05,2.65120185226339e-05,2766.83144987874
1734074100.0,2.65120185226339e-05,2.65120185226339e-05,2.41063603496597e-05,2.59079950114649e-05,1030.88416117369
1734074160.0,2.59079950114649e-05,2.70321625877753e-05,2.59079950114649e-05,2.69757693639475e-05,570.4702370791
1734074220.0,2.69757693639475e-05,2.69757693639475e-05,2.3305845062578e-05,2.50211961563486e-05,1303.13118205142
1734074280.0,2.50211961563486e-05,2.81070448789558e-05,2.50211961563486e-05,2.79647439780898e-05,507.40976477822
1734074340.0,2.79647439780898e-05,2.93314440094932e-05,2.61280811184769e-05,2.82107895903583e-05,2208.22289791887
1734074400.0,2.82107895903583e-05,3.02763267876139e-05,2.81077766837943e-05,3.02763267876139e-05,502.32335451925
1734074460.0,3.02763267876139e-05,3.05624277024964e-05,2.79166605396076e-05,2.83364346948215e-05,966.24501200603
1734074520.0,2.83364346948215e-05,4.38582527915016e-05,2.83364346948215e-05,3.74330157748551e-05,4126.45894730799
1734074580.0,3.74330157748551e-05,3.7794587823102e-05,3.00392976720778e-05,3.11306064387874e-05,2521.80298506972
1734074640.0,3.11306064387874e-05,4.18066563502377e-05,3.11306064387874e-05,3.66589187620007e-05,2934.45483836839
1734074700.0,3.66589187620007e-05,3.6945309786875e-05,3.47251921557497e-05,3.47251921557497e-05,391.97751002284
1734074760.0,3.47251921557497e-05,3.47251921557497e-05,3.2286068673828e-05,3.2286068673828e-05,790.69254691935
1734074820.0,3.2286068673828e-05,3.2286068673828e-05,3.03175346876735e-05,3.11293968387821e-05,266.66646654395
1734074880.0,3.11293968387821e-05,3.1478244640876e-05,3.05825605807804e-05,3.05825605807804e-05,330.16953214588
1734074940.0,3.05825605807804e-05,3.9736813290058e-05,2.94713165165791e-05,3.10989967886594e-05,5104.8345976848
1734075000.0,3.10989967886594e-05,3.421509133706e-05,3.10989967886594e-05,3.421509133706e-05,625.38436098684
1734075060.0,3.421509133706e-05,3.56773018242957e-05,2.74515309585265e-05,2.74515309585265e-05,1794.49399382732
1734075120.0,2.74515309585265e-05,3.02758071064631e-05,2.74515309585265e-05,3.02758071064631e-05,1068.4874851801
1734075180.0,3.02758071064631e-05,3.25727956702761e-05,3.02758071064631e-05,3.14366277971936e-05,817.14969811266
1734075240.0,3.14366277971936e-05,3.14366277971936e-05,2.58753990616698e-05,2.58753990616698e-05,1136.87706242193
1734075300.0,2.58753990616698e-05,2.75052163413579e-05,2.5330540224572e-05,2.75052163413579e-05,786.63714609723
1734075360.0,2.75052163413579e-05,2.89963900195681e-05,2.50766840679227e-05,2.50766840679227e-05,1286.73681353563
1734075420.0,2.50766840679227e-05,2.84361398916712e-05,2.43740572553477e-05,2.84361398916712e-05,1144.20857018525
1734075480.0,2.84361398916712e-05,2.96670896724187e-05,2.74147999681703e-05,2.85161999836535e-05,951.67202252404
1734075540.0,2.85161999836535e-05,3.09897030772406e-05,2.85161999836535e-05,3.08564222475118e-05,442.57609460922
1734075600.0,3.08564222475118e-05,3.99239991368578e-05,2.90004060336003e-05,2.90004060336003e-05,3632.94374471186
1734075660.0,2.90004060336003e-05,2.90976114249293e-05,2.83680466629345e-05,2.83680466629345e-05,136.541352342
1734075720.0,2.83680466629345e-05,2.92595562430361e-05,2.8308053147312e-05,2.92595562430361e-05,299.62760078424
1734075780.0,2.92595562430361e-05,3.03206722619004e-05,2.92595562430361e-05,2.97173630726993e-05,629.56251658294
1734075840.0,2.97173630726993e-05,2.98221746818193e-05,2.95637954883526e-05,2.97042053744853e-05,110.54825714586
1734075900.0,2.97042053744853e-05,3.00422934556987e-05,2.90486689850197e-05,3.00422934556987e-05,540.2942322288
1734075960.0,3.00422934556987e-05,3.16947921246266e-05,3.00422934556987e-05,3.12625481884657e-05,582.2275427328
1734076020.0,3.12625481884657e-05,3.51485516016595e-05,2.65357630558626e-05,2.67028079678369e-05,4522.8375841973
1734076080.0,2.67028079678369e-05,2.91025027761742e-05,2.30383649051925e-05,2.47731940358296e-05,2867.83927783014
1734076140.0,2.47731940358296e-05,2.49190471656695e-05,2.47722058549212e-05,2.47722058549212e-05,91.09340968768
1734076200.0,2.47722058549212e-05,2.576216198193e-05,2.29391180693379e-05,2.4860902645563e-05,1291.56534825845
1734076260.0,2.4860902645563e-05,2.62014403601687e-05,2.45682765137762e-05,2.45682765137762e-05,946.047565935
1734076320.0,2.45682765137762e-05,2.51899196558742e-05,2.41133024229494e-05,2.43911837415341e-05,1015.88070482204
1734076380.0,2.43911837415341e-05,2.56621070937401e-05,2.43911837415341e-05,2.56419212172277e-05,272.4201702
1734076440.0,2.56419212172277e-05,2.58694613344469e-05,2.4001817142948e-05,2.44233585655795e-05,650.0757471855
1734076500.0,2.44233585655795e-05,2.44233585655795e-05,2.17836383594162e-05,2.42363122078948e-05,855.83823679532
1734076560.0,2.42363122078948e-05,3.0201887262766e-05,2.42363122078948e-05,3.0201887262766e-05,1432.24422473748
1734076620.0,3.0201887262766e-05,3.0201887262766e-05,2.99233916437329e-05,3.00962631321067e-05,221.82815677885
1734076680.0,3.00962631321067e-05,3.20203924106695e-05,3.00962631321067e-05,3.20203924106695e-05,357.49315
1734076740.0,3.20203924106695e-05,3.22906660736091e-05,3.18736921772431e-05,3.22906660736091e-05,84.80160952206
1734076800.0,3.22906660736091e-05,3.28015042599257e-05,3.19047293321794e-05,3.28015042599257e-05,442.43818277152
1734076860.0,3.28015042599257e-05,3.48482656941192e-05,3.06933577592911e-05,3.06933577592911e-05,1352.57901364436
1734076920.0,3.06933577592911e-05,3.11261018522738e-05,2.86416563090215e-05,2.86416563090215e-05,974.31709263095
1734076980.0,2.86416563090215e-05,2.86416563090215e-05,2.75887545623359e-05,2.79031380593304e-05,121.56603644836
1734077040.0,2.79031380593304e-05,2.79031380593304e-05,2.77804947393155e-05,2.77804947393155e-05,27.15582237642
1734077100.0,2.77804947393155e-05,4.39035750990053e-05,2.77804947393155e-05,3.86310772295039e-05,3884.65080831731
1734077160.0,3.86310772295039e-05,3.86310772295039e-05,3.44956161776242e-05,3.56871595329307e-05,888.47621576149
1734077220.0,3.56871595329307e-05,3.75692987488211e-05,3.56871595329307e-05,3.70930290449965e-05,558.47168011008
1734077280.0,3.70930290449965e-05,3.85259238081376e-05,3.70930290449965e-05,3.82047075977565e-05,496.91556828928
1734077340.0,3.82047075977565e-05,3.87327828085023e-05,3.78002089467141e-05,3.87327828085023e-05,309.01779209144
1734077400.0,3.87327828085023e-05,3.87327828085023e-05,3.81045074730032e-05,3.81045074730032e-05,198.60608900674
1734077460.0,3.81045074730032e-05,3.85560816920555e-05,3.73276837725189e-05,3.85560816920555e-05,456.23381158513
1734077520.0,3.85560816920555e-05,3.87676656754707e-05,3.84243300268987e-05,3.87676656754707e-05,51.91825274625
1734077580.0,3.87676656754707e-05,3.87676656754707e-05,3.7301089833314e-05,3.7301089833314e-05,256.04036006066
1734077640.0,3.7301089833314e-05,3.7646735360023e-05,3.70316752489285e-05,3.7646735360023e-05,155.80035071403
1734077700.0,3.7646735360023e-05,3.7646735360023e-05,3.7646735360023e-05,3.7646735360023e-05,0.0
1734077760.0,3.7646735360023e-05,3.81783520584539e-05,3.7043231365839e-05,3.7043231365839e-05,299.40453992736
1734077820.0,3.7043231365839e-05,3.7043231365839e-05,3.65073779621509e-05,3.65073779621509e-05,98.79504905433
1734077880.0,3.65073779621509e-05,3.65073779621509e-05,3.10506085483616e-05,3.10506085483616e-05,981.46475765936
1734077940.0,3.10506085483616e-05,3.16161976526202e-05,3.08464012070488e-05,3.16161976526202e-05,299.93750215215
1734078000.0,3.16161976526202e-05,3.16840821021649e-05,3.14096247906152e-05,3.14096247906152e-05,34.15192306182
1734078060.0,3.14096247906152e-05,3.2901087097996e-05,3.14096247906152e-05,3.2901087097996e-05,281.1375
1734078120.0,3.2901087097996e-05,3.2901087097996e-05,3.25088372942174e-05,3.25088372942174e-05,73.97353678154
1734078180.0,3.25088372942174e-05,3.25088372942174e-05,3.06722539078654e-05,3.06722539078654e-05,490.84296582706
1734078240.0,3.06722539078654e-05,3.06722539078654e-05,2.9897139492473e-05,2.9897139492473e-05,0.65079010612
1734078300.0,2.9897139492473e-05,2.99003716488405e-05,2.9897139492473e-05,2.99003716488405e-05,0.1302197952
1734078360.0,2.99003716488405e-05,3.08857978345255e-05,2.99003716488405e-05,3.08857978345255e-05,315.476
1734078420.0,3.08857978345255e-05,3.15212234771733e-05,3.08857978345255e-05,3.15212234771733e-05,26.42889038903
1734078480.0,3.15212234771733e-05,3.15212234771733e-05,3.14463207976002e-05,3.14463207976002e-05,5.47651824761
1734078540.0,3.14463207976002e-05,3.14463207976002e-05,3.14463207976002e-05,3.14463207976002e-05,0.0
1734078600.0,3.14463207976002e-05,3.14463207976002e-05,2.56467906689168e-05,2.56467906689168e-05,1169.85896591702
1734078660.0,2.56467906689168e-05,2.56467906689168e-05,2.55816536791368e-05,2.55816536791368e-05,17.9748461151
1734078720.0,2.55816536791368e-05,2.84963911624016e-05,2.55816536791368e-05,2.84963911624016e-05,397.74585383104
1734078780.0,2.84963911624016e-05,2.84963911624016e-05,2.36355169551806e-05,2.3843217423759e-05,827.50338211436
1734078840.0,2.3843217423759e-05,2.39062631683675e-05,1.96696637501223e-05,1.96696637501223e-05,1077.21327775348
1734078900.0,1.96696637501223e-05,1.96696637501223e-05,1.92828387290189e-05,1.92828387290189e-05,124.43526974172
1734078960.0,1.92828387290189e-05,1.92828387290189e-05,1.74099028018862e-05,1.74099028018862e-05,397.452302457
1734079020.0,1.74099028018862e-05,1.74099028018862e-05,1.73061188657785e-05,1.73061188657785e-05,20.3760389577
1734079080.0,1.73061188657785e-05,1.73061188657785e-05,1.67598707596853e-05,1.67598707596853e-05,168.75112622115
1734079140.0,1.67598707596853e-05,1.67598707596853e-05,1.62585039330011e-05,1.62585039330011e-05,117.15951671055
1734079200.0,1.62585039330011e-05,1.62585039330011e-05,1.52872834639783e-05,1.52872834639783e-05,311.71012764035
1734079260.0,1.52872834639783e-05,1.52872834639783e-05,1.37928070152664e-05,1.37928070152664e-05,347.0162961912
1734079320.0,1.37928070152664e-05,1.403337504526e-05,1.25183942292474e-05,1.25183942292474e-05,509.96450789048
1734079380.0,1.25183942292474e-05,1.25183942292474e-05,1.24573228037871e-05,1.24573228037871e-05,34.27699816304
1734079440.0,1.24573228037871e-05,1.24573228037871e-05,1.22083760370438e-05,1.22083760370438e-05,54.68500491741
1734079500.0,1.22083760370438e-05,1.23956887274096e-05,1.21946274430493e-05,1.23666495577232e-05,100.85782506747
1734079560.0,1.23666495577232e-05,1.23666495577232e-05,1.22648066721644e-05,1.22648066721644e-05,29.64929749364
1734079620.0,1.22648066721644e-05,1.23271280936433e-05,1.22262797977163e-05,1.22842698027425e-05,34.74052221845
1734079680.0,1.22842698027425e-05,1.23602069965148e-05,1.22631131285322e-05,1.23602069965148e-05,24.03109826391
1734079740.0,1.23602069965148e-05,1.2509944065152e-05,1.23222345324515e-05,1.2509944065152e-05,65.2964513764
1734079800.0,1.2509944065152e-05,1.2509944065152e-05,1.2509944065152e-05,1.2509944065152e-05,0.0
1734079860.0,1.2509944065152e-05,1.2509944065152e-05,1.2509944065152e-05,1.2509944065152e-05,0.0
1734079920.0,1.2509944065152e-05,1.2509944065152e-05,1.2509944065152e-05,1.2509944065152e-05,0.0
1734079980.0,1.2509944065152e-05,1.25900639269967e-05,1.2509944065152e-05,1.25900639269967e-05,22.6
1734080040.0,1.25900639269967e-05,1.27400850604626e-05,1.23423048486883e-05,1.23423048486883e-05,232.83187989428
1734080100.0,1.23423048486883e-05,1.23423048486883e-05,1.2170664840984e-05,1.2170664840984e-05,22.35787457062
1734080160.0,1.2170664840984e-05,1.2170664840984e-05,1.2170664840984e-05,1.2170664840984e-05,0.0
1734080220.0,1.2170664840984e-05,1.2170664840984e-05,1.21150868487933e-05,1.21150868487933e-05,29.67772104576
1734080280.0,1.21150868487933e-05,1.21150868487933e-05,1.20045132929754e-05,1.20045132929754e-05,36.72045147894
1734080340.0,1.20045132929754e-05,1.20045132929754e-05,1.19404642895759e-05,1.19999641788205e-05,2.88550089795
1734080400.0,1.19999641788205e-05,1.19999641788205e-05,1.19392591645004e-05,1.19392591645004e-05,0.00089466632
1734080460.0,1.19392591645004e-05,1.19392591645004e-05,1.19392591645004e-05,1.19392591645004e-05,0.0
1734080520.0,1.19392591645004e-05,1.35354904643998e-05,1.19392591645004e-05,1.28606213854591e-05,515.8337614324
1734080580.0,1.28606213854591e-05,1.39510067809248e-05,1.28606213854591e-05,1.39510067809248e-05,226.29
1734080640.0,1.39510067809248e-05,1.42781883132499e-05,1.39510067809248e-05,1.42781883132499e-05,6.93887124867
1734080700.0,1.42781883132499e-05,1.42781883132499e-05,1.42781883132499e-05,1.42781883132499e-05,0.0
1734080760.0,1.42781883132499e-05,1.42781883132499e-05,1.42781883132499e-05,1.42781883132499e-05,0.0
1734080820.0,1.42781883132499e-05,1.42781883132499e-05,1.42781883132499e-05,1.42781883132499e-05,0.0
1734080880.0,1.42781883132499e-05,1.42781883132499e-05,1.42513474468552e-05,1.42513474468552e-05,3.70734335748
1734080940.0,1.42513474468552e-05,1.42513474468552e-05,1.42513474468552e-05,1.42513474468552e-05,0.0
1734081000.0,1.42513474468552e-05,1.42513474468552e-05,1.42513474468552e-05,1.42513474468552e-05,0.0
1734081060.0,1.42513474468552e-05,1.42513474468552e-05,1.42296758259734e-05,1.42296758259734e-05,0.95767858536
1734081120.0,1.42296758259734e-05,1.42296758259734e-05,1.42296758259734e-05,1.42296758259734e-05,0.0
1734081180.0,1.42296758259734e-05,1.42296758259734e-05,1.42296758259734e-05,1.42296758259734e-05,0.0
1734081240.0,1.42296758259734e-05,1.42296758259734e-05,1.41424674749622e-05,1.41424674749622e-05,45.91993123712
1734081300.0,1.41424674749622e-05,1.41424674749622e-05,1.40242165131153e-05,1.40242165131153e-05,14.26296842896
1734081360.0,1.40242165131153e-05,1.41081630305296e-05,1.38622815063266e-05,1.38622815063266e-05,142.72455112968
1734081420.0,1.38622815063266e-05,1.38622815063266e-05,1.37262734265628e-05,1.37262734265628e-05,5.5950345
1734081480.0,1.37262734265628e-05,1.37812033850205e-05,1.37262734265628e-05,1.37812033850205e-05,22.58
1734081540.0,1.37812033850205e-05,1.37812033850205e-05,1.37812033850205e-05,1.37812033850205e-05,0.0
1734081600.0,1.37812033850205e-05,1.39861067835673e-05,1.37812033850205e-05,1.39861067835673e-05,90.344
1734081660.0,1.39861067835673e-05,1.39861067835673e-05,1.39845173852209e-05,1.39845173852209e-05,52.36902235006
1734081720.0,1.39845173852209e-05,1.39845173852209e-05,1.39845173852209e-05,1.39845173852209e-05,0.0
1734081780.0,1.39845173852209e-05,1.40220831279241e-05,1.39845173852209e-05,1.40220831279241e-05,40.6224
1734081840.0,1.40220831279241e-05,1.40220831279241e-05,1.40174652139801e-05,1.40174652139801e-05,4.17657874088
1734081900.0,1.40174652139801e-05,1.4268798291993e-05,1.40174652139801e-05,1.4268798291993e-05,107.6233122384
1734081960.0,1.4268798291993e-05,1.4268798291993e-05,1.4268798291993e-05,1.4268798291993e-05,0.0
1734082020.0,1.4268798291993e-05,1.88620990819579e-05,1.4268798291993e-05,1.45249914234e-05,2256.98990097043
1734082080.0,1.45249914234e-05,1.45249914234e-05,1.45177102915758e-05,1.45177102915758e-05,0.766923064
1734082140.0,1.45177102915758e-05,1.45177102915758e-05,1.45177102915758e-05,1.45177102915758e-05,0.0
1734082200.0,1.45177102915758e-05,1.49175854383258e-05,1.45177102915758e-05,1.49175854383258e-05,141.9024
1734082260.0,1.49175854383258e-05,1.49175854383258e-05,1.49175854383258e-05,1.49175854383258e-05,0.0
1734082320.0,1.49175854383258e-05,1.5030275447983e-05,1.49175854383258e-05,1.5030275447983e-05,5.28120144333
1734082380.0,1.5030275447983e-05,1.51784351087645e-05,1.5030275447983e-05,1.51784351087645e-05,45.078
1734082440.0,1.51784351087645e-05,1.51784351087645e-05,1.51784351087645e-05,1.51784351087645e-05,0.0
1734082500.0,1.51784351087645e-05,1.51784351087645e-05,1.51784351087645e-05,1.51784351087645e-05,0.0
1734082560.0,1.51784351087645e-05,1.51784351087645e-05,1.51784351087645e-05,1.51784351087645e-05,0.0
1734082620.0,1.51784351087645e-05,1.51784351087645e-05,1.51784351087645e-05,1.51784351087645e-05,0.0
1734082680.0,1.51784351087645e-05,1.51784351087645e-05,1.51784351087645e-05,1.51784351087645e-05,0.0
1734082740.0,1.51784351087645e-05,1.51784351087645e-05,1.51784351087645e-05,1.51784351087645e-05,0.0
1734082800.0,1.51784351087645e-05,1.51784351087645e-05,1.51784351087645e-05,1.51784351087645e-05,0.0
1734082860.0,1.51784351087645e-05,1.51784351087645e-05,1.51784351087645e-05,1.51784351087645e-05,0.0
1734082920.0,1.51784351087645e-05,1.51784351087645e-05,1.51784351087645e-05,1.51784351087645e-05,0.0
1734082980.0,1.51784351087645e-05,1.51784351087645e-05,1.51784351087645e-05,1.51784351087645e-05,0.0
1734083040.0,1.51784351087645e-05,1.52395871349804e-05,1.51784351087645e-05,1.52395871349804e-05,4.4601636
1734083100.0,1.52395871349804e-05,1.52395871349804e-05,1.52395871349804e-05,1.52395871349804e-05,0.0
1734083160.0,1.52395871349804e-05,1.52395871349804e-05,1.45584358494185e-05,1.45584358494185e-05,379.65200370524
1734083220.0,1.45584358494185e-05,1.51444779641303e-05,1.45584358494185e-05,1.51444779641303e-05,22.498
1734083280.0,1.51444779641303e-05,1.51444779641303e-05,1.50733284342586e-05,1.50733284342586e-05,12.39835421188
1734083340.0,1.50733284342586e-05,1.50733284342586e-05,1.45473213002418e-05,1.45473213002418e-05,142.0157959542
1734083400.0,1.45473213002418e-05,1.45473213002418e-05,1.43459496796862e-05,1.43459496796862e-05,108.47755024155
1734083460.0,1.43459496796862e-05,1.43459496796862e-05,1.42204399698739e-05,1.42204399698739e-05,25.83072482612
1734083520.0,1.42204399698739e-05,1.42204399698739e-05,1.42204399698739e-05,1.42204399698739e-05,0.0
1734083580.0,1.42204399698739e-05,1.48682908521738e-05,1.42204399698739e-05,1.48682908521738e-05,201.9600414428
1734083640.0,1.48682908521738e-05,1.50519693144197e-05,1.48682908521738e-05,1.50519693144197e-05,7.42929
1734083700.0,1.50519693144197e-05,1.5077054520723e-05,1.50519693144197e-05,1.5077054520723e-05,3.15294
1734083760.0,1.5077054520723e-05,1.5077054520723e-05,1.5077054520723e-05,1.5077054520723e-05,0.0
1734083820.0,1.5077054520723e-05,1.5077054520723e-05,1.4826999217526e-05,1.4826999217526e-05,94.61552453046
1734083880.0,1.4826999217526e-05,1.4826999217526e-05,1.47368814416138e-05,1.47368814416138e-05,2.2523
1734083940.0,1.47368814416138e-05,1.74081662973745e-05,1.47368814416138e-05,1.74081662973745e-05,804.58419753144
1734084000.0,1.74081662973745e-05,1.74081662973745e-05,1.74081662973745e-05,1.74081662973745e-05,0.0
1734084060.0,1.74081662973745e-05,1.7895153539699e-05,1.74081662973745e-05,1.7895153539699e-05,14.01495617984
1734084120.0,1.7895153539699e-05,1.83488284850341e-05,1.7895153539699e-05,1.83488284850341e-05,221.1589525352
1734084180.0,1.83488284850341e-05,1.83488284850341e-05,1.83488284850341e-05,1.83488284850341e-05,0.0
1734084240.0,1.83488284850341e-05,1.84301819136e-05,1.83488284850341e-05,1.84301819136e-05,0.92150909568
1734084300.0,1.84301819136e-05,1.84301819136e-05,1.84301819136e-05,1.84301819136e-05,0.0
1734084360.0,1.84301819136e-05,1.84301819136e-05,1.84301819136e-05,1.84301819136e-05,0.0
1734084420.0,1.84301819136e-05,1.84301819136e-05,1.82137502915152e-05,1.82137502915152e-05,100.29735298446
1734084480.0,1.82137502915152e-05,1.82137502915152e-05,1.82137502915152e-05,1.82137502915152e-05,0.0
1734084540.0,1.82137502915152e-05,1.82137502915152e-05,1.82137502915152e-05,1.82137502915152e-05,0.0
1734084600.0,1.82137502915152e-05,1.82137502915152e-05,1.82137502915152e-05,1.82137502915152e-05,0.0
1734084660.0,1.82137502915152e-05,1.82137502915152e-05,1.82137502915152e-05,1.82137502915152e-05,0.0
1734084720.0,1.82137502915152e-05,1.83818109202617e-05,1.81933372384361e-05,1.83818109202617e-05,127.5851065258
1734084780.0,1.83818109202617e-05,1.83818109202617e-05,1.82579373870828e-05,1.82579373870828e-05,3.1921585005
1734084840.0,1.82579373870828e-05,1.83524966619253e-05,1.82579373870828e-05,1.83524966619253e-05,2.2552
1734084900.0,1.83524966619253e-05,1.92731456761448e-05,1.83524966619253e-05,1.84311779134914e-05,298.49665547264
1734084960.0,1.84311779134914e-05,1.84311779134914e-05,1.84311779134914e-05,1.84311779134914e-05,0.0
1734085020.0,1.84311779134914e-05,1.84311779134914e-05,1.84311779134914e-05,1.84311779134914e-05,0.0
1734085080.0,1.84311779134914e-05,1.91592623590322e-05,1.84311779134914e-05,1.91592623590322e-05,13.62024975968
1734085140.0,1.91592623590322e-05,1.91592623590322e-05,1.91592623590322e-05,1.91592623590322e-05,0.0
1734085200.0,1.91592623590322e-05,1.99853630469168e-05,1.91592623590322e-05,1.99853630469168e-05,261.99475253312
1734085260.0,1.99853630469168e-05,1.99853630469168e-05,1.99853630469168e-05,1.99853630469168e-05,0.0
1734085320.0,1.99853630469168e-05,1.99853630469168e-05,1.99853630469168e-05,1.99853630469168e-05,0.0
1734085380.0,1.99853630469168e-05,1.99853630469168e-05,1.29766725482855e-05,1.29766725482855e-05,2211.58112802168
1734085440.0,1.29766725482855e-05,1.30510817620426e-05,1.29766725482855e-05,1.3034600248125e-05,41.81314784325
1734085500.0,1.3034600248125e-05,1.3034600248125e-05,1.3034600248125e-05,1.3034600248125e-05,0.0
1734085560.0,1.3034600248125e-05,1.30640463360555e-05,1.3034600248125e-05,1.30640463360555e-05,22.452
1734085620.0,1.30640463360555e-05,1.30640463360555e-05,1.30640463360555e-05,1.30640463360555e-05,0.0
1734085680.0,1.30640463360555e-05,1.30640463360555e-05,1.30640463360555e-05,1.30640463360555e-05,0.0
1734085740.0,1.30640463360555e-05,1.38726856624721e-05,1.30640463360555e-05,1.38726856624721e-05,300.54222010215
1734085800.0,1.38726856624721e-05,1.38726856624721e-05,1.38726856624721e-05,1.38726856624721e-05,0.0
1734085860.0,1.38726856624721e-05,1.38726856624721e-05,1.38726856624721e-05,1.38726856624721e-05,0.0
1734085920.0,1.38726856624721e-05,1.38726856624721e-05,1.34326845208397e-05,1.34326845208397e-05,153.9231569376
1734085980.0,1.34326845208397e-05,1.34326845208397e-05,1.34326845208397e-05,1.34326845208397e-05,0.0
1734086040.0,1.34326845208397e-05,1.34326845208397e-05,1.34326845208397e-05,1.34326845208397e-05,0.0
1734086100.0,1.34326845208397e-05,1.34326845208397e-05,1.34326845208397e-05,1.34326845208397e-05,0.0
1734086160.0,1.34326845208397e-05,1.34326845208397e-05,1.34326845208397e-05,1.34326845208397e-05,0.0
1734086220.0,1.34326845208397e-05,1.34326845208397e-05,1.34326845208397e-05,1.34326845208397e-05,0.0
1734086280.0,1.34326845208397e-05,1.34326845208397e-05,1.34326845208397e-05,1.34326845208397e-05,0.0
1734086340.0,1.34326845208397e-05,1.34326845208397e-05,1.34326845208397e-05,1.34326845208397e-05,0.0
1734086400.0,1.34326845208397e-05,1.34326845208397e-05,1.32769706594003e-05,1.32769706594003e-05,15.23254487569
1734086460.0,1.32769706594003e-05,1.32769706594003e-05,1.32769706594003e-05,1.32769706594003e-05,0.0
1734086520.0,1.32769706594003e-05,1.32769706594003e-05,1.32769706594003e-05,1.32769706594003e-05,0.0
1734086580.0,1.32769706594003e-05,1.32769706594003e-05,1.32769706594003e-05,1.32769706594003e-05,0.0
1734086640.0,1.32769706594003e-05,1.32769706594003e-05,1.32769706594003e-05,1.32769706594003e-05,0.0
1734086700.0,1.32769706594003e-05,1.32769706594003e-05,1.32769706594003e-05,1.32769706594003e-05,0.0
1734086760.0,1.32769706594003e-05,1.32769706594003e-05,1.3235150123808e-05,1.3235150123808e-05,13.58729910744
1734086820.0,1.3235150123808e-05,1.3235150123808e-05,1.25817411435886e-05,1.25817411435886e-05,209.84564406113
1734086880.0,1.25817411435886e-05,1.25817411435886e-05,1.2488648077013e-05,1.2488648077013e-05,17.50589502893
1734086940.0,1.2488648077013e-05,1.2488648077013e-05,1.2488648077013e-05,1.2488648077013e-05,0.0
1734087000.0,1.2488648077013e-05,1.2488648077013e-05,1.2488648077013e-05,1.2488648077013e-05,0.0
1734087060.0,1.2488648077013e-05,1.2488648077013e-05,1.23255823654728e-05,1.23255823654728e-05,86.15019342666
1734087120.0,1.23255823654728e-05,1.23255823654728e-05,1.21274979913417e-05,1.21274979913417e-05,36.77922926126
1734087180.0,1.21274979913417e-05,1.21274979913417e-05,1.20680332835588e-05,1.20680332835588e-05,0.52602380466
1734087240.0,1.20680332835588e-05,1.20680332835588e-05,1.20680332835588e-05,1.20680332835588e-05,0.0
1734087300.0,1.20680332835588e-05,1.20680332835588e-05,1.20680332835588e-05,1.20680332835588e-05,0.0
1734087360.0,1.20680332835588e-05,1.20680332835588e-05,1.20680332835588e-05,1.20680332835588e-05,0.0
1734087420.0,1.20680332835588e-05,1.20680332835588e-05,1.20680332835588e-05,1.20680332835588e-05,0.0
1734087480.0,1.20680332835588e-05,1.20680332835588e-05,1.20680332835588e-05,1.20680332835588e-05,0.0
1734087540.0,1.20680332835588e-05,1.20680332835588e-05,1.20514299242238e-05,1.20514299242238e-05,23.92938592206
1734087600.0,1.20514299242238e-05,1.20514299242238e-05,1.20514299242238e-05,1.20514299242238e-05,0.0
1734087660.0,1.20514299242238e-05,1.20514299242238e-05,1.18046288422588e-05,1.18046288422588e-05,120.57571277882
1734087720.0,1.18046288422588e-05,1.18046288422588e-05,1.18046288422588e-05,1.18046288422588e-05,0.0
1734087780.0,1.18046288422588e-05,1.18046288422588e-05,1.18046288422588e-05,1.18046288422588e-05,0.0
1734087840.0,1.18046288422588e-05,1.18046288422588e-05,1.18046288422588e-05,1.18046288422588e-05,0.0
1734087900.0,1.18046288422588e-05,1.18046288422588e-05,1.18046288422588e-05,1.18046288422588e-05,0.0
1734087960.0,1.18046288422588e-05,1.18046288422588e-05,1.15944883405374e-05,1.15944883405374e-05,0.9369692528
1734088020.0,1.15944883405374e-05,1.16828765675756e-05,1.15944883405374e-05,1.16828765675756e-05,22.6
1734088080.0,1.16828765675756e-05,1.16828765675756e-05,1.16828765675756e-05,1.16828765675756e-05,0.0
1734088140.0,1.16828765675756e-05,1.16828765675756e-05,1.16828765675756e-05,1.16828765675756e-05,0.0
1734088200.0,1.16828765675756e-05,1.16828765675756e-05,1.16828765675756e-05,1.16828765675756e-05,0.0
1734088260.0,1.16828765675756e-05,1.16828765675756e-05,1.16828765675756e-05,1.16828765675756e-05,0.0
1734088320.0,1.16828765675756e-05,1.16828765675756e-05,1.16828765675756e-05,1.16828765675756e-05,0.0
1734088380.0,1.16828765675756e-05,1.16828765675756e-05,1.16828765675756e-05,1.16828765675756e-05,0.0
1734088440.0,1.16828765675756e-05,1.16828765675756e-05,1.16406423000889e-05,1.16406423000889e-05,24.11151226752
1734088500.0,1.16406423000889e-05,1.16406423000889e-05,1.1518164104817e-05,1.1518164104817e-05,51.39159990134
1734088560.0,1.1518164104817e-05,1.1518164104817e-05,1.14285839189611e-05,1.14285839189611e-05,6.10498702188
1734088620.0,1.14285839189611e-05,1.14285839189611e-05,1.13644980114014e-05,1.13644980114014e-05,34.82354305792
1734088680.0,1.13644980114014e-05,1.13644980114014e-05,1.13644980114014e-05,1.13644980114014e-05,0.0
1734088740.0,1.13644980114014e-05,1.13644980114014e-05,1.13644980114014e-05,1.13644980114014e-05,0.0
1734088800.0,1.13644980114014e-05,1.13644980114014e-05,1.1303275683833e-05,1.1303275683833e-05,1.02114057099
1734088860.0,1.1303275683833e-05,1.1303275683833e-05,1.1303275683833e-05,1.1303275683833e-05,0.0
1734088920.0,1.1303275683833e-05,1.1303275683833e-05,1.12790759931304e-05,1.12790759931304e-05,18.3936923696
1734088980.0,1.12790759931304e-05,1.12790759931304e-05,1.12790759931304e-05,1.12790759931304e-05,0.0
1734089040.0,1.12790759931304e-05,1.12790759931304e-05,1.12790759931304e-05,1.12790759931304e-05,0.0
1734089100.0,1.12790759931304e-05,1.12790759931304e-05,1.12790759931304e-05,1.12790759931304e-05,0.0
1734089160.0,1.12790759931304e-05,1.12790759931304e-05,1.12532472973047e-05,1.12532472973047e-05,1.71076121376
1734089220.0,1.12532472973047e-05,1.12532472973047e-05,1.12532472973047e-05,1.12532472973047e-05,0.0
1734089280.0,1.12532472973047e-05,1.12532472973047e-05,1.12532472973047e-05,1.12532472973047e-05,0.0
1734089340.0,1.12532472973047e-05,1.12532472973047e-05,1.12532472973047e-05,1.12532472973047e-05,0.0
1734089400.0,1.12532472973047e-05,1.12532472973047e-05,1.12532472973047e-05,1.12532472973047e-05,0.0
1734089460.0,1.12532472973047e-05,1.12532472973047e-05,1.12151582637714e-05,1.12151582637714e-05,22.6859773626
1734089520.0,1.12151582637714e-05,1.12151582637714e-05,1.1170473236147e-05,1.1170473236147e-05,3.3929605812
1734089580.0,1.1170473236147e-05,1.12340964652714e-05,1.1170473236147e-05,1.12340964652714e-05,11.2307205
1734089640.0,1.12340964652714e-05,1.12340964652714e-05,1.12340964652714e-05,1.12340964652714e-05,0.0
1734089700.0,1.12340964652714e-05,1.12340964652714e-05,1.12340964652714e-05,1.12340964652714e-05,0.0
1734089760.0,1.12340964652714e-05,1.12340964652714e-05,1.12340964652714e-05,1.12340964652714e-05,0.0
1734089820.0,1.12340964652714e-05,1.12340964652714e-05,1.12340964652714e-05,1.12340964652714e-05,0.0
1734089880.0,1.12340964652714e-05,1.12340964652714e-05,1.12340964652714e-05,1.12340964652714e-05,0.0
1734089940.0,1.12340964652714e-05,1.12340964652714e-05,1.12340964652714e-05,1.12340964652714e-05,0.0
1734090000.0,1.12340964652714e-05,1.12340964652714e-05,1.12340964652714e-05,1.12340964652714e-05,0.0
1734090060.0,1.12340964652714e-05,1.12340964652714e-05,1.12340964652714e-05,1.12340964652714e-05,0.0
1734090120.0,1.12340964652714e-05,1.12340964652714e-05,1.12340964652714e-05,1.12340964652714e-05,0.0
1734090180.0,1.12340964652714e-05,1.12340964652714e-05,1.12340964652714e-05,1.12340964652714e-05,0.0
1734090240.0,1.12340964652714e-05,1.12340964652714e-05,1.12340964652714e-05,1.12340964652714e-05,0.0
1734090300.0,1.12340964652714e-05,1.12340964652714e-05,1.12340964652714e-05,1.12340964652714e-05,0.0
1734090360.0,1.12340964652714e-05,1.12340964652714e-05,1.12340964652714e-05,1.12340964652714e-05,0.0
1734090420.0,1.12340964652714e-05,1.12340964652714e-05,1.12340964652714e-05,1.12340964652714e-05,0.0
1734090480.0,1.12340964652714e-05,1.12340964652714e-05,1.12340964652714e-05,1.12340964652714e-05,0.0
1734090540.0,1.12340964652714e-05,1.12340964652714e-05,1.12340964652714e-05,1.12340964652714e-05,0.0
1734090600.0,1.12340964652714e-05,1.12340964652714e-05,1.12340964652714e-05,1.12340964652714e-05,0.0
1734090660.0,1.12340964652714e-05,1.12340964652714e-05,1.12340964652714e-05,1.12340964652714e-05,0.0
1734090720.0,1.12340964652714e-05,1.12340964652714e-05,1.12340964652714e-05,1.12340964652714e-05,0.0
1734090780.0,1.12340964652714e-05,1.12340964652714e-05,1.12340964652714e-05,1.12340964652714e-05,0.0
1734090840.0,1.12340964652714e-05,1.12340964652714e-05,1.12340964652714e-05,1.12340964652714e-05,0.0
1734090900.0,1.12340964652714e-05,1.12340964652714e-05,1.12340964652714e-05,1.12340964652714e-05,0.0
1734090960.0,1.12340964652714e-05,1.12340964652714e-05,1.12340964652714e-05,1.12340964652714e-05,0.0
1734091020.0,1.12340964652714e-05,1.12340964652714e-05,1.12340964652714e-05,1.12340964652714e-05,0.0
1734091080.0,1.12340964652714e-05,1.12340964652714e-05,1.10168615319093e-05,1.10168615319093e-05,99.6794432802
1734091140.0,1.10168615319093e-05,1.10168615319093e-05,1.10168615319093e-05,1.10168615319093e-05,0.0
1734091200.0,1.10168615319093e-05,1.10168615319093e-05,1.10168615319093e-05,1.10168615319093e-05,0.0
1734091260.0,1.10168615319093e-05,1.10168615319093e-05,1.08140054984867e-05,1.08140054984867e-05,21.2118548383
1734091320.0,1.08140054984867e-05,1.08140054984867e-05,1.08140054984867e-05,1.08140054984867e-05,0.0
1734091380.0,1.08140054984867e-05,1.08140054984867e-05,1.08140054984867e-05,1.08140054984867e-05,0.0
1734091440.0,1.08140054984867e-05,1.08140054984867e-05,1.08140054984867e-05,1.08140054984867e-05,0.0
1734091500.0,1.08140054984867e-05,1.08140054984867e-05,1.07479001971411e-05,1.07479001971411e-05,24.4713163737
1734091560.0,1.07479001971411e-05,1.07479001971411e-05,1.07479001971411e-05,1.07479001971411e-05,0.0
1734091620.0,1.07479001971411e-05,1.07479001971411e-05,1.07479001971411e-05,1.07479001971411e-05,0.0
1734091680.0,1.07479001971411e-05,1.07479001971411e-05,1.07479001971411e-05,1.07479001971411e-05,0.0
1734091740.0,1.07479001971411e-05,1.07479001971411e-05,1.07479001971411e-05,1.07479001971411e-05,0.0
1734091800.0,1.07479001971411e-05,1.07479001971411e-05,1.0576951874903e-05,1.0576951874903e-05,88.16502167724
1734091860.0,1.0576951874903e-05,1.0576951874903e-05,1.0576951874903e-05,1.0576951874903e-05,0.0
1734091920.0,1.0576951874903e-05,1.0576951874903e-05,1.04294098934327e-05,1.04294098934327e-05,5.77068858236
1734091980.0,1.04294098934327e-05,1.04294098934327e-05,1.04294098934327e-05,1.04294098934327e-05,0.0
1734092040.0,1.04294098934327e-05,1.04294098934327e-05,1.04294098934327e-05,1.04294098934327e-05,0.0
1734092100.0,1.04294098934327e-05,1.04294098934327e-05,1.04294098934327e-05,1.04294098934327e-05,0.0
1734092160.0,1.04294098934327e-05,1.04294098934327e-05,1.04294098934327e-05,1.04294098934327e-05,0.0
1734092220.0,1.04294098934327e-05,1.04294098934327e-05,1.04294098934327e-05,1.04294098934327e-05,0.0
1734092280.0,1.04294098934327e-05,1.04294098934327e-05,9.96926749887884e-06,9.96926749887884e-06,294.2329577343
1734092340.0,9.96926749887884e-06,9.96926749887884e-06,9.96926749887884e-06,9.96926749887884e-06,0.0
1734092400.0,9.96926749887884e-06,9.96926749887884e-06,9.1721283578351e-06,9.1721283578351e-06,131.81771328765
1734092460.0,9.1721283578351e-06,9.1721283578351e-06,9.1721283578351e-06,9.1721283578351e-06,0.0
1734092520.0,9.1721283578351e-06,9.1721283578351e-06,9.1721283578351e-06,9.1721283578351e-06,0.0
1734092580.0,9.1721283578351e-06,9.1721283578351e-06,9.1721283578351e-06,9.1721283578351e-06,0.0
1734092640.0,9.1721283578351e-06,9.1721283578351e-06,9.1721283578351e-06,9.1721283578351e-06,0.0
1734092700.0,9.1721283578351e-06,9.1721283578351e-06,8.92291033604107e-06,8.92291033604107e-06,83.5613868115
1734092760.0,8.92291033604107e-06,8.92291033604107e-06,8.92291033604107e-06,8.92291033604107e-06,0.0
1734092820.0,8.92291033604107e-06,8.92291033604107e-06,8.92291033604107e-06,8.92291033604107e-06,0.0
1734092880.0,8.92291033604107e-06,8.92291033604107e-06,8.92291033604107e-06,8.92291033604107e-06,0.0
1734092940.0,8.92291033604107e-06,8.92291033604107e-06,8.92291033604107e-06,8.92291033604107e-06,0.0
1734093000.0,8.92291033604107e-06,8.92291033604107e-06,8.92291033604107e-06,8.92291033604107e-06,0.0
1734093060.0,8.92291033604107e-06,8.92291033604107e-06,8.92291033604107e-06,8.92291033604107e-06,0.0
1734093120.0,8.92291033604107e-06,8.92291033604107e-06,8.92291033604107e-06,8.92291033604107e-06,0.0
1734093180.0,8.92291033604107e-06,8.92291033604107e-06,8.92291033604107e-06,8.92291033604107e-06,0.0
1734093240.0,8.92291033604107e-06,9.0544097345112e-06,8.92291033604107e-06,9.0544097345112e-06,50.814
1734093300.0,9.0544097345112e-06,9.0544097345112e-06,9.0544097345112e-06,9.0544097345112e-06,0.0
1734093360.0,9.0544097345112e-06,9.0544097345112e-06,9.0544097345112e-06,9.0544097345112e-06,0.0
1734093420.0,9.0544097345112e-06,9.32544206126653e-06,9.0544097345112e-06,9.27672167017981e-06,149.13053066556
1734093480.0,9.27672167017981e-06,9.27672167017981e-06,9.27672167017981e-06,9.27672167017981e-06,0.0
1734093540.0,9.27672167017981e-06,9.27672167017981e-06,9.27672167017981e-06,9.27672167017981e-06,0.0
1734093600.0,9.27672167017981e-06,9.27672167017981e-06,9.27672167017981e-06,9.27672167017981e-06,0.0
1734093660.0,9.27672167017981e-06,9.27672167017981e-06,9.27672167017981e-06,9.27672167017981e-06,0.0
1734093720.0,9.27672167017981e-06,9.27672167017981e-06,9.27672167017981e-06,9.27672167017981e-06,0.0
1734093780.0,9.27672167017981e-06,9.27672167017981e-06,9.27672167017981e-06,9.27672167017981e-06,0.0
1734093840.0,9.27672167017981e-06,9.27672167017981e-06,9.27672167017981e-06,9.27672167017981e-06,0.0
1734093900.0,9.27672167017981e-06,9.27672167017981e-06,9.27672167017981e-06,9.27672167017981e-06,0.0
1734093960.0,9.27672167017981e-06,9.31397339413234e-06,9.27672167017981e-06,9.31397339413234e-06,0.670422555
1734094020.0,9.31397339413234e-06,9.31397339413234e-06,9.31397339413234e-06,9.31397339413234e-06,0.0
1734094080.0,9.31397339413234e-06,9.31397339413234e-06,9.31397339413234e-06,9.31397339413234e-06,0.0
1734094140.0,9.31397339413234e-06,9.31397339413234e-06,9.31397339413234e-06,9.31397339413234e-06,0.0
1734094200.0,9.31397339413234e-06,9.31397339413234e-06,9.31397339413234e-06,9.31397339413234e-06,0.0
1734094260.0,9.31397339413234e-06,9.31397339413234e-06,9.31397339413234e-06,9.31397339413234e-06,0.0
1734094320.0,9.31397339413234e-06,9.31397339413234e-06,9.31397339413234e-06,9.31397339413234e-06,0.0
1734094380.0,9.31397339413234e-06,9.31397339413234e-06,9.31397339413234e-06,9.31397339413234e-06,0.0
1734094440.0,9.31397339413234e-06,9.31397339413234e-06,9.31397339413234e-06,9.31397339413234e-06,0.0
1734094500.0,9.31397339413234e-06,9.31397339413234e-06,9.31397339413234e-06,9.31397339413234e-06,0.0
1734094560.0,9.31397339413234e-06,9.31397339413234e-06,9.31397339413234e-06,9.31397339413234e-06,0.0
1734094620.0,9.31397339413234e-06,9.31397339413234e-06,9.31397339413234e-06,9.31397339413234e-06,0.0
1734094680.0,9.31397339413234e-06,9.31397339413234e-06,9.31397339413234e-06,9.31397339413234e-06,0.0
1734094740.0,9.31397339413234e-06,9.31397339413234e-06,9.31397339413234e-06,9.31397339413234e-06,0.0
1734094800.0,9.31397339413234e-06,9.31397339413234e-06,9.31397339413234e-06,9.31397339413234e-06,0.0
1734094860.0,9.31397339413234e-06,9.31397339413234e-06,9.31397339413234e-06,9.31397339413234e-06,0.0
1734094920.0,9.31397339413234e-06,9.31397339413234e-06,9.31397339413234e-06,9.31397339413234e-06,0.0
1734094980.0,9.31397339413234e-06,9.31397339413234e-06,9.31397339413234e-06,9.31397339413234e-06,0.0
1734095040.0,9.31397339413234e-06,9.31397339413234e-06,9.26171208251599e-06,9.26171208251599e-06,1.22713850124
1734095100.0,9.26171208251599e-06,9.26171208251599e-06,9.26171208251599e-06,9.26171208251599e-06,0.0
1734095160.0,9.26171208251599e-06,9.26171208251599e-06,9.26171208251599e-06,9.26171208251599e-06,0.0
1734095220.0,9.26171208251599e-06,9.26171208251599e-06,9.26171208251599e-06,9.26171208251599e-06,0.0
1734095280.0,9.26171208251599e-06,9.26171208251599e-06,9.26171208251599e-06,9.26171208251599e-06,0.0
1734095340.0,9.26171208251599e-06,9.26171208251599e-06,9.26171208251599e-06,9.26171208251599e-06,0.0
1734095400.0,9.26171208251599e-06,9.42519512229389e-06,9.26171208251599e-06,9.42519512229389e-06,89.231034
1734095460.0,9.42519512229389e-06,9.42519512229389e-06,9.42519512229389e-06,9.42519512229389e-06,0.0
1734095520.0,9.42519512229389e-06,9.42519512229389e-06,9.42519512229389e-06,9.42519512229389e-06,0.0
1734095580.0,9.42519512229389e-06,9.68286951989651e-06,9.42519512229389e-06,9.68286951989651e-06,89.92
1734095640.0,9.68286951989651e-06,9.68286951989651e-06,9.68286951989651e-06,9.68286951989651e-06,0.0
1734095700.0,9.68286951989651e-06,9.68286951989651e-06,9.68286951989651e-06,9.68286951989651e-06,0.0
1734095760.0,9.68286951989651e-06,9.73763208543261e-06,9.68286951989651e-06,9.73763208543261e-06,18.78316996384
1734095820.0,9.73763208543261e-06,9.73763208543261e-06,9.73763208543261e-06,9.73763208543261e-06,0.0
1734095880.0,9.73763208543261e-06,9.73763208543261e-06,9.73763208543261e-06,9.73763208543261e-06,0.0
1734095940.0,9.73763208543261e-06,9.808984370016e-06,9.69000753230095e-06,9.808984370016e-06,51.1007608227
1734096000.0,9.808984370016e-06,9.91307276829e-06,9.808984370016e-06,9.91307276829e-06,19.82614553658
1734096060.0,9.91307276829e-06,9.91307276829e-06,9.91307276829e-06,9.91307276829e-06,0.0
1734096120.0,9.91307276829e-06,9.91307276829e-06,9.91307276829e-06,9.91307276829e-06,0.0
1734096180.0,9.91307276829e-06,9.91307276829e-06,9.80882973868265e-06,9.80882973868265e-06,43.76185968466
1734096240.0,9.80882973868265e-06,9.80882973868265e-06,9.80882973868265e-06,9.80882973868265e-06,0.0
1734096300.0,9.80882973868265e-06,9.80882973868265e-06,9.80882973868265e-06,9.80882973868265e-06,0.0
1734096360.0,9.80882973868265e-06,9.80882973868265e-06,9.80882973868265e-06,9.80882973868265e-06,0.0
1734096420.0,9.80882973868265e-06,9.80882973868265e-06,9.80882973868265e-06,9.80882973868265e-06,0.0
1734096480.0,9.80882973868265e-06,9.80882973868265e-06,9.80882973868265e-06,9.80882973868265e-06,0.0
1734096540.0,9.80882973868265e-06,9.80882973868265e-06,9.80882973868265e-06,9.80882973868265e-06,0.0
1734096600.0,9.80882973868265e-06,9.80882973868265e-06,9.53672169762346e-06,9.53672169762346e-06,117.5192409608
1734096660.0,9.53672169762346e-06,9.53672169762346e-06,9.53672169762346e-06,9.53672169762346e-06,0.0
1734096720.0,9.53672169762346e-06,9.53672169762346e-06,9.27988722175799e-06,9.27988722175799e-06,85.555826136
1734096780.0,9.27988722175799e-06,9.27988722175799e-06,9.27988722175799e-06,9.27988722175799e-06,0.0
1734096840.0,9.27988722175799e-06,9.27988722175799e-06,9.27988722175799e-06,9.27988722175799e-06,0.0
1734096900.0,9.27988722175799e-06,9.27988722175799e-06,9.15919187689537e-06,9.15919187689537e-06,0.066885728
1734096960.0,9.15919187689537e-06,9.15919187689537e-06,9.15919187689537e-06,9.15919187689537e-06,0.0
1734097020.0,9.15919187689537e-06,9.15919187689537e-06,9.15919187689537e-06,9.15919187689537e-06,0.0
1734097080.0,9.15919187689537e-06,9.15919187689537e-06,9.1352225098801e-06,9.1352225098801e-06,0.97198761295
1734097140.0,9.1352225098801e-06,9.1352225098801e-06,9.1352225098801e-06,9.1352225098801e-06,0.0
1734097200.0,9.1352225098801e-06,9.1352225098801e-06,9.1218630385847e-06,9.1218630385847e-06,0.33881981838
1734097260.0,9.1218630385847e-06,9.1218630385847e-06,8.95168122289875e-06,8.95168122289875e-06,57.95545577274
1734097320.0,8.95168122289875e-06,8.95168122289875e-06,8.95168122289875e-06,8.95168122289875e-06,0.0
1734097380.0,8.95168122289875e-06,8.95168122289875e-06,8.95168122289875e-06,8.95168122289875e-06,0.0
1734097440.0,8.95168122289875e-06,8.95168122289875e-06,8.9423726532505e-06,8.9423726532505e-06,2.39523845014
1734097500.0,8.9423726532505e-06,8.9423726532505e-06,8.9423726532505e-06,8.9423726532505e-06,0.0
1734097560.0,8.9423726532505e-06,8.9423726532505e-06,8.9423726532505e-06,8.9423726532505e-06,0.0
1734097620.0,8.9423726532505e-06,8.9423726532505e-06,8.9423726532505e-06,8.9423726532505e-06,0.0
1734097680.0,8.9423726532505e-06,8.9423726532505e-06,8.9423726532505e-06,8.9423726532505e-06,0.0
1734097740.0,8.9423726532505e-06,8.9423726532505e-06,8.9423726532505e-06,8.9423726532505e-06,0.0
1734097800.0,8.9423726532505e-06,8.9423726532505e-06,8.9423726532505e-06,8.9423726532505e-06,0.0
1734097860.0,8.9423726532505e-06,8.9423726532505e-06,8.9423726532505e-06,8.9423726532505e-06,0.0
1734097920.0,8.9423726532505e-06,8.9423726532505e-06,8.9423726532505e-06,8.9423726532505e-06,0.0
1734097980.0,8.9423726532505e-06,8.9423726532505e-06,8.9423726532505e-06,8.9423726532505e-06,0.0
1734098040.0,8.9423726532505e-06,8.9423726532505e-06,8.9423726532505e-06,8.9423726532505e-06,0.0
1734098100.0,8.9423726532505e-06,8.9423726532505e-06,8.9423726532505e-06,8.9423726532505e-06,0.0
1734098160.0,8.9423726532505e-06,8.9423726532505e-06,8.9423726532505e-06,8.9423726532505e-06,0.0
1734098220.0,8.9423726532505e-06,8.9423726532505e-06,8.9423726532505e-06,8.9423726532505e-06,0.0
1734098280.0,8.9423726532505e-06,8.9423726532505e-06,8.9423726532505e-06,8.9423726532505e-06,0.0
1734098340.0,8.9423726532505e-06,8.9423726532505e-06,8.9423726532505e-06,8.9423726532505e-06,0.0
1734098400.0,8.9423726532505e-06,8.9423726532505e-06,8.9423726532505e-06,8.9423726532505e-06,0.0
1734098460.0,8.9423726532505e-06,8.9423726532505e-06,8.9423726532505e-06,8.9423726532505e-06,0.0
1734098520.0,8.9423726532505e-06,8.9423726532505e-06,8.9423726532505e-06,8.9423726532505e-06,0.0
1734098580.0,8.9423726532505e-06,8.9423726532505e-06,8.9423726532505e-06,8.9423726532505e-06,0.0
1734098640.0,8.9423726532505e-06,8.9423726532505e-06,8.9423726532505e-06,8.9423726532505e-06,0.0
1734098700.0,8.9423726532505e-06,8.9423726532505e-06,8.9423726532505e-06,8.9423726532505e-06,0.0
1734098760.0,8.9423726532505e-06,8.96850558296007e-06,8.9423726532505e-06,8.96850558296007e-06,4.51095297076
1734098820.0,8.96850558296007e-06,8.96850558296007e-06,8.96850558296007e-06,8.96850558296007e-06,0.0
1734098880.0,8.96850558296007e-06,8.96850558296007e-06,8.96850558296007e-06,8.96850558296007e-06,0.0
1734098940.0,8.96850558296007e-06,8.96850558296007e-06,8.96850558296007e-06,8.96850558296007e-06,0.0
1734099000.0,8.96850558296007e-06,8.96850558296007e-06,8.96850558296007e-06,8.96850558296007e-06,0.0
1734099060.0,8.96850558296007e-06,8.96850558296007e-06,8.96850558296007e-06,8.96850558296007e-06,0.0
1734099120.0,8.96850558296007e-06,8.96850558296007e-06,8.96850558296007e-06,8.96850558296007e-06,0.0
1734099180.0,8.96850558296007e-06,8.96850558296007e-06,8.96850558296007e-06,8.96850558296007e-06,0.0
1734099240.0,8.96850558296007e-06,8.96850558296007e-06,8.96850558296007e-06,8.96850558296007e-06,0.0
1734099300.0,8.96850558296007e-06,8.96850558296007e-06,8.96850558296007e-06,8.96850558296007e-06,0.0
1734099360.0,8.96850558296007e-06,8.96850558296007e-06,8.96850558296007e-06,8.96850558296007e-06,0.0
1734099420.0,8.96850558296007e-06,8.96850558296007e-06,8.96850558296007e-06,8.96850558296007e-06,0.0
1734099480.0,8.96850558296007e-06,8.96850558296007e-06,8.96850558296007e-06,8.96850558296007e-06,0.0
1734099540.0,8.96850558296007e-06,8.96850558296007e-06,8.96850558296007e-06,8.96850558296007e-06,0.0
1734099600.0,8.96850558296007e-06,8.96850558296007e-06,8.96850558296007e-06,8.96850558296007e-06,0.0
1734099660.0,8.96850558296007e-06,8.96850558296007e-06,8.82341663278235e-06,8.82341663278235e-06,77.72237354999
1734099720.0,8.82341663278235e-06,8.82341663278235e-06,8.82341663278235e-06,8.82341663278235e-06,0.0
1734099780.0,8.82341663278235e-06,8.82341663278235e-06,8.82341663278235e-06,8.82341663278235e-06,0.0
1734099840.0,8.82341663278235e-06,8.82341663278235e-06,8.82341663278235e-06,8.82341663278235e-06,0.0
1734099900.0,8.82341663278235e-06,8.82341663278235e-06,8.56475275331385e-06,8.56475275331385e-06,104.24287037346
1734099960.0,8.56475275331385e-06,8.56475275331385e-06,8.56475275331385e-06,8.56475275331385e-06,0.0
1734100020.0,8.56475275331385e-06,8.56475275331385e-06,8.56475275331385e-06,8.56475275331385e-06,0.0
1734100080.0,8.56475275331385e-06,8.56475275331385e-06,8.56475275331385e-06,8.56475275331385e-06,0.0
1734100140.0,8.56475275331385e-06,8.56475275331385e-06,8.56475275331385e-06,8.56475275331385e-06,0.0
1734100200.0,8.56475275331385e-06,8.56475275331385e-06,8.56475275331385e-06,8.56475275331385e-06,0.0
1734100260.0,8.56475275331385e-06,8.56475275331385e-06,8.56475275331385e-06,8.56475275331385e-06,0.0
1734100320.0,8.56475275331385e-06,8.56475275331385e-06,8.56475275331385e-06,8.56475275331385e-06,0.0
1734100380.0,8.56475275331385e-06,8.56475275331385e-06,8.56475275331385e-06,8.56475275331385e-06,0.0
1734100440.0,8.56475275331385e-06,8.56475275331385e-06,8.56475275331385e-06,8.56475275331385e-06,0.0
1734100500.0,8.56475275331385e-06,8.56475275331385e-06,8.56475275331385e-06,8.56475275331385e-06,0.0
1734100560.0,8.56475275331385e-06,8.56475275331385e-06,8.56475275331385e-06,8.56475275331385e-06,0.0
1734100620.0,8.56475275331385e-06,8.56475275331385e-06,8.56475275331385e-06,8.56475275331385e-06,0.0
1734100680.0,8.56475275331385e-06,8.56475275331385e-06,8.56475275331385e-06,8.56475275331385e-06,0.0
1734100740.0,8.56475275331385e-06,8.56475275331385e-06,8.56475275331385e-06,8.56475275331385e-06,0.0
1734100800.0,8.56475275331385e-06,8.56475275331385e-06,8.56475275331385e-06,8.56475275331385e-06,0.0
1734100860.0,8.56475275331385e-06,8.605435660176e-06,8.56475275331385e-06,8.605435660176e-06,86.05435660176
1734100920.0,8.605435660176e-06,8.861026150456e-06,8.605435660176e-06,8.861026150456e-06,88.61026150456
1734100980.0,8.861026150456e-06,9.390480829243e-06,8.861026150456e-06,9.390480829243e-06,187.20792998971
1734101040.0,9.390480829243e-06,9.390480829243e-06,9.390480829243e-06,9.390480829243e-06,0.0
1734101100.0,9.390480829243e-06,9.390480829243e-06,9.390480829243e-06,9.390480829243e-06,0.0
1734101160.0,9.390480829243e-06,9.390480829243e-06,9.390480829243e-06,9.390480829243e-06,0.0
1734101220.0,9.390480829243e-06,9.390480829243e-06,9.390480829243e-06,9.390480829243e-06,0.0
1734101280.0,9.390480829243e-06,9.390480829243e-06,9.390480829243e-06,9.390480829243e-06,0.0
1734101340.0,9.390480829243e-06,9.390480829243e-06,9.390480829243e-06,9.390480829243e-06,0.0
1734101400.0,9.390480829243e-06,9.390480829243e-06,9.390480829243e-06,9.390480829243e-06,0.0
1734101460.0,9.390480829243e-06,9.43598986888005e-06,9.390480829243e-06,9.43598986888005e-06,15.36189228807
1734101520.0,9.43598986888005e-06,9.43598986888005e-06,9.43598986888005e-06,9.43598986888005e-06,0.0
1734101580.0,9.43598986888005e-06,9.43598986888005e-06,9.43598986888005e-06,9.43598986888005e-06,0.0
1734101640.0,9.43598986888005e-06,9.43598986888005e-06,9.43598986888005e-06,9.43598986888005e-06,0.0
1734101700.0,9.43598986888005e-06,9.43598986888005e-06,9.43598986888005e-06,9.43598986888005e-06,0.0
1734101760.0,9.43598986888005e-06,9.594738961615e-06,9.43598986888005e-06,9.594738961615e-06,95.94738961615
1734101820.0,9.594738961615e-06,9.594738961615e-06,9.594738961615e-06,9.594738961615e-06,0.0
1734101880.0,9.594738961615e-06,9.594738961615e-06,9.594738961615e-06,9.594738961615e-06,0.0
1734101940.0,9.594738961615e-06,9.912628544e-06,9.594738961615e-06,9.912628544e-06,99.12628544
1734102000.0,9.912628544e-06,9.912628544e-06,9.912628544e-06,9.912628544e-06,0.0
1734102060.0,9.912628544e-06,9.912628544e-06,9.912628544e-06,9.912628544e-06,0.0
1734102120.0,9.912628544e-06,9.912628544e-06,9.912628544e-06,9.912628544e-06,0.0
1734102180.0,9.912628544e-06,9.912628544e-06,9.912628544e-06,9.912628544e-06,0.0
1734102240.0,9.912628544e-06,9.912628544e-06,9.912628544e-06,9.912628544e-06,0.0
1734102300.0,9.912628544e-06,9.912628544e-06,9.912628544e-06,9.912628544e-06,0.0
1734102360.0,9.912628544e-06,9.912628544e-06,9.912628544e-06,9.912628544e-06,0.0
1734102420.0,9.912628544e-06,9.912628544e-06,9.912628544e-06,9.912628544e-06,0.0
1734102480.0,9.912628544e-06,9.912628544e-06,9.912628544e-06,9.912628544e-06,0.0
1734102540.0,9.912628544e-06,9.98522423758391e-06,9.912628544e-06,9.98522423758391e-06,4.35182262221
1734102600.0,9.98522423758391e-06,9.98522423758391e-06,9.98522423758391e-06,9.98522423758391e-06,0.0
1734102660.0,9.98522423758391e-06,1.0186432292917e-05,9.98522423758391e-06,1.0186432292917e-05,101.86432292917
1734102720.0,1.0186432292917e-05,1.09968212694337e-05,1.0186432292917e-05,1.0723757130588e-05,233.1688534134
1734102780.0,1.0723757130588e-05,1.1219716959758e-05,1.0723757130588e-05,1.1219716959758e-05,112.19716959758
1734102840.0,1.1219716959758e-05,1.1219716959758e-05,1.1219716959758e-05,1.1219716959758e-05,0.0
1734102900.0,1.1219716959758e-05,1.1219716959758e-05,1.1219716959758e-05,1.1219716959758e-05,0.0
1734102960.0,1.1219716959758e-05,1.1219716959758e-05,1.1219716959758e-05,1.1219716959758e-05,0.0
1734103020.0,1.1219716959758e-05,1.1219716959758e-05,1.1219716959758e-05,1.1219716959758e-05,0.0
1734103080.0,1.1219716959758e-05,1.1219716959758e-05,1.1219716959758e-05,1.1219716959758e-05,0.0
1734103140.0,1.1219716959758e-05,1.1219716959758e-05,1.1219716959758e-05,1.1219716959758e-05,0.0
1734103200.0,1.1219716959758e-05,1.1219716959758e-05,1.1219716959758e-05,1.1219716959758e-05,0.0
1734103260.0,1.1219716959758e-05,1.1219716959758e-05,1.1219716959758e-05,1.1219716959758e-05,0.0
1734103320.0,1.1219716959758e-05,1.1219716959758e-05,1.1219716959758e-05,1.1219716959758e-05,0.0
1734103380.0,1.1219716959758e-05,1.1219716959758e-05,1.1219716959758e-05,1.1219716959758e-05,0.0
1734103440.0,1.1219716959758e-05,1.12892842425964e-05,1.1219716959758e-05,1.12892842425964e-05,67.40232206923
1734103500.0,1.12892842425964e-05,1.12892842425964e-05,1.12892842425964e-05,1.12892842425964e-05,0.0
1734103560.0,1.12892842425964e-05,1.12892842425964e-05,1.12892842425964e-05,1.12892842425964e-05,0.0
1734103620.0,1.12892842425964e-05,1.12892842425964e-05,1.12892842425964e-05,1.12892842425964e-05,0.0
1734103680.0,1.12892842425964e-05,1.12892842425964e-05,1.12892842425964e-05,1.12892842425964e-05,0.0
1734103740.0,1.12892842425964e-05,1.48149112381301e-05,1.12892842425964e-05,1.48149112381301e-05,1254.28679506272
1734103800.0,1.48149112381301e-05,1.48149112381301e-05,1.48149112381301e-05,1.48149112381301e-05,0.0
1734103860.0,1.48149112381301e-05,1.48149112381301e-05,1.48149112381301e-05,1.48149112381301e-05,0.0
1734103920.0,1.48149112381301e-05,2.1979970311541e-05,1.4660034024375e-05,1.59355077863158e-05,5395.47318795549
1734103980.0,1.59355077863158e-05,1.77298274664121e-05,1.59355077863158e-05,1.77298274664121e-05,225.07
1734104040.0,1.77298274664121e-05,2.12966867671043e-05,1.77298274664121e-05,2.09317675610191e-05,1013.13940260562
1734104100.0,2.09317675610191e-05,2.09317675610191e-05,1.94641397642254e-05,1.94641397642254e-05,456.84202290863
1734104160.0,1.94641397642254e-05,1.94641397642254e-05,1.94641397642254e-05,1.94641397642254e-05,0.0
1734104220.0,1.94641397642254e-05,1.94641397642254e-05,1.94641397642254e-05,1.94641397642254e-05,0.0
1734104280.0,1.94641397642254e-05,1.94641397642254e-05,1.94641397642254e-05,1.94641397642254e-05,0.0
1734104340.0,1.94641397642254e-05,1.94641397642254e-05,1.85197881041291e-05,1.85197881041291e-05,5.46989617152
1734104400.0,1.85197881041291e-05,1.85197881041291e-05,1.7392859303727e-05,1.7392859303727e-05,320.94688913408
1734104460.0,1.7392859303727e-05,1.7392859303727e-05,1.7392859303727e-05,1.7392859303727e-05,0.0
1734104520.0,1.7392859303727e-05,1.7392859303727e-05,1.7392859303727e-05,1.7392859303727e-05,0.0
1734104580.0,1.7392859303727e-05,1.7392859303727e-05,1.7392859303727e-05,1.7392859303727e-05,0.0
1734104640.0,1.7392859303727e-05,1.7392859303727e-05,1.7392859303727e-05,1.7392859303727e-05,0.0
1734104700.0,1.7392859303727e-05,1.7392859303727e-05,1.7392859303727e-05,1.7392859303727e-05,0.0
1734104760.0,1.7392859303727e-05,1.7392859303727e-05,1.7392859303727e-05,1.7392859303727e-05,0.0
1734104820.0,1.7392859303727e-05,1.7392859303727e-05,1.7392859303727e-05,1.7392859303727e-05,0.0
1734104880.0,1.7392859303727e-05,1.7392859303727e-05,1.7392859303727e-05,1.7392859303727e-05,0.0
1734104940.0,1.7392859303727e-05,1.7392859303727e-05,1.7392859303727e-05,1.7392859303727e-05,0.0
1734105000.0,1.7392859303727e-05,1.7392859303727e-05,1.70106953908e-05,1.70106953908e-05,3.40213907816
1734105060.0,1.70106953908e-05,1.70106953908e-05,1.70106953908e-05,1.70106953908e-05,0.0
1734105120.0,1.70106953908e-05,1.70106953908e-05,1.70106953908e-05,1.70106953908e-05,0.0
1734105180.0,1.70106953908e-05,1.70106953908e-05,1.70106953908e-05,1.70106953908e-05,0.0
1734105240.0,1.70106953908e-05,1.87625994270759e-05,1.63316337776616e-05,1.87625994270759e-05,1035.32117067846
1734105300.0,1.87625994270759e-05,1.90727809948414e-05,1.87625994270759e-05,1.90727809948414e-05,110.645
1734105360.0,1.90727809948414e-05,1.93215638128736e-05,1.90727809948414e-05,1.93215638128736e-05,4.3891722
1734105420.0,1.93215638128736e-05,1.93455195270783e-05,1.91631017923235e-05,1.93455195270783e-05,75.00765706859
1734105480.0,1.93455195270783e-05,1.93455195270783e-05,1.93189801322666e-05,1.93189801322666e-05,11.40135554436
1734105540.0,1.93189801322666e-05,1.93189801322666e-05,1.91443388429405e-05,1.91443388429405e-05,34.22102314963
1734105600.0,1.91443388429405e-05,1.91443388429405e-05,1.90563806863237e-05,1.90563806863237e-05,22.63283678159
1734105660.0,1.90563806863237e-05,1.90563806863237e-05,1.90563806863237e-05,1.90563806863237e-05,0.0
1734105720.0,1.90563806863237e-05,1.90563806863237e-05,1.90563806863237e-05,1.90563806863237e-05,0.0
1734105780.0,1.90563806863237e-05,1.90563806863237e-05,1.90563806863237e-05,1.90563806863237e-05,0.0
1734105840.0,1.90563806863237e-05,1.90563806863237e-05,1.90563806863237e-05,1.90563806863237e-05,0.0
1734105900.0,1.90563806863237e-05,1.90563806863237e-05,1.90563806863237e-05,1.90563806863237e-05,0.0
1734105960.0,1.90563806863237e-05,1.90563806863237e-05,1.74880552485601e-05,1.74880552485601e-05,740.9936315001
1734106020.0,1.74880552485601e-05,1.74880552485601e-05,1.58710176145145e-05,1.58710176145145e-05,92.07093314986
1734106080.0,1.58710176145145e-05,1.58710176145145e-05,1.56943484510938e-05,1.56943484510938e-05,1.22264030213
1734106140.0,1.56943484510938e-05,1.56943484510938e-05,1.56234152725615e-05,1.56234152725615e-05,42.19584232552
1734106200.0,1.56234152725615e-05,1.56234152725615e-05,1.56234152725615e-05,1.56234152725615e-05,0.0
1734106260.0,1.56234152725615e-05,1.56234152725615e-05,1.56234152725615e-05,1.56234152725615e-05,0.0
1734106320.0,1.56234152725615e-05,1.56234152725615e-05,1.54941232805398e-05,1.54941232805398e-05,36.76975240952
1734106380.0,1.54941232805398e-05,1.58830916296068e-05,1.54281737507367e-05,1.58830916296068e-05,200.01502738219
1734106440.0,1.58830916296068e-05,1.58830916296068e-05,1.58830916296068e-05,1.58830916296068e-05,0.0
1734106500.0,1.58830916296068e-05,1.61678732973513e-05,1.58830916296068e-05,1.61678732973513e-05,0.40228453874
1734106560.0,1.61678732973513e-05,1.61678732973513e-05,1.61678732973513e-05,1.61678732973513e-05,0.0
1734106620.0,1.61678732973513e-05,1.6718836991173e-05,1.61577849456797e-05,1.6718836991173e-05,259.86032837406
1734106680.0,1.6718836991173e-05,1.86647667860552e-05,1.6718836991173e-05,1.86647667860552e-05,449.65734530232
1734106740.0,1.86647667860552e-05,1.90870382499752e-05,1.86647667860552e-05,1.90870382499752e-05,2.19984105
1734106800.0,1.90870382499752e-05,1.90870382499752e-05,1.90870382499752e-05,1.90870382499752e-05,0.0
1734106860.0,1.90870382499752e-05,1.96943563588412e-05,1.90870382499752e-05,1.96943563588412e-05,199.593
1734106920.0,1.96943563588412e-05,1.96943563588412e-05,1.96943563588412e-05,1.96943563588412e-05,0.0
1734106980.0,1.96943563588412e-05,1.96943563588412e-05,1.96943563588412e-05,1.96943563588412e-05,0.0
1734107040.0,1.96943563588412e-05,1.96943563588412e-05,1.8368071890567e-05,1.8368071890567e-05,465.88182770582
1734107100.0,1.8368071890567e-05,1.8368071890567e-05,1.73235358941367e-05,1.73235358941367e-05,258.81752092656
1734107160.0,1.73235358941367e-05,1.73235358941367e-05,1.73235358941367e-05,1.73235358941367e-05,0.0
1734107220.0,1.73235358941367e-05,1.73235358941367e-05,1.73235358941367e-05,1.73235358941367e-05,0.0
1734107280.0,1.73235358941367e-05,1.73235358941367e-05,1.73235358941367e-05,1.73235358941367e-05,0.0
1734107340.0,1.73235358941367e-05,1.73235358941367e-05,1.73235358941367e-05,1.73235358941367e-05,0.0
1734107400.0,1.73235358941367e-05,1.75015610904997e-05,1.69378186784776e-05,1.75015610904997e-05,199.0208015
1734107460.0,1.75015610904997e-05,1.75015610904997e-05,1.75015610904997e-05,1.75015610904997e-05,0.0
1734107520.0,1.75015610904997e-05,1.75015610904997e-05,1.75015610904997e-05,1.75015610904997e-05,0.0
1734107580.0,1.75015610904997e-05,1.75015610904997e-05,1.75015610904997e-05,1.75015610904997e-05,0.0
1734107640.0,1.75015610904997e-05,1.75015610904997e-05,1.67706462280301e-05,1.67706462280301e-05,253.49430109102
1734107700.0,1.67706462280301e-05,1.67706462280301e-05,1.67706462280301e-05,1.67706462280301e-05,0.0
1734107760.0,1.67706462280301e-05,1.67706462280301e-05,1.67706462280301e-05,1.67706462280301e-05,0.0
1734107820.0,1.67706462280301e-05,1.67706462280301e-05,1.6657074595161e-05,1.6657074595161e-05,6.78858495328
