0,1,2,3,4,5
1734634080.0,6.14187252406582e-05,7.78007568054552e-05,5.25236872187597e-05,6.02794715900249e-05,10020.79094241508
1734634140.0,6.02794715900249e-05,7.46800116948701e-05,3.23165553941692e-05,4.56634772082424e-05,11361.98556709864
1734634200.0,4.56634772082424e-05,4.62591682228433e-05,2.72065011392699e-05,2.8177794947877e-05,3597.43062547215
1734634260.0,2.8177794947877e-05,2.8177794947877e-05,2.37698564878818e-05,2.40532535492586e-05,936.65431891876
1734634320.0,2.40532535492586e-05,2.48539313941093e-05,2.25609580923351e-05,2.25609580923351e-05,674.96676056528
1734634380.0,2.25609580923351e-05,2.25609580923351e-05,2.12184325464286e-05,2.12184325464286e-05,190.57930987746
1734634440.0,2.12184325464286e-05,2.12714777511592e-05,2.09399259510191e-05,2.12714777511592e-05,101.9636408305
1734634500.0,2.12714777511592e-05,2.14029915204354e-05,1.59644434268176e-05,1.59644434268176e-05,1130.6475062304
1734634560.0,1.59644434268176e-05,1.73553884700814e-05,1.59644434268176e-05,1.72350578578473e-05,526.96422603062
1734634620.0,1.72350578578473e-05,2.23234231170094e-05,1.72350578578473e-05,2.20054151818663e-05,1073.05160846042
1734634680.0,2.20054151818663e-05,2.71532515798971e-05,2.20054151818663e-05,2.71532515798971e-05,906.501155479
1734634740.0,2.71532515798971e-05,2.71532515798971e-05,1.94493127006066e-05,1.94493127006066e-05,1442.54107786215
1734634800.0,1.94493127006066e-05,1.94963111808091e-05,1.94487154158742e-05,1.94487154158742e-05,25.22093609454
1734634860.0,1.94487154158742e-05,1.99842069200686e-05,1.94487154158742e-05,1.9868498711686e-05,135.30112234641
1734634920.0,1.9868498711686e-05,1.9868498711686e-05,1.90466706038474e-05,1.90466706038474e-05,189.14191224756
1734634980.0,1.90466706038474e-05,1.90466706038474e-05,1.78206383044725e-05,1.78206383044725e-05,447.87988000961
1734635040.0,1.78206383044725e-05,1.78206383044725e-05,1.78206383044725e-05,1.78206383044725e-05,0.0
1734635100.0,1.78206383044725e-05,1.78206383044725e-05,1.78206383044725e-05,1.78206383044725e-05,0.0
1734635160.0,1.78206383044725e-05,1.78206383044725e-05,1.6548348899918e-05,1.6548348899918e-05,97.90688388264
1734635220.0,1.6548348899918e-05,1.6548348899918e-05,1.50690906069387e-05,1.50690906069387e-05,290.31932631724
1734635280.0,1.50690906069387e-05,1.50690906069387e-05,4.87807808013439e-06,5.04330338958454e-06,3014.21972095847
1734635340.0,5.04330338958454e-06,5.04330338958454e-06,3.42801941646793e-06,3.42801941646793e-06,629.5685246875
1734635400.0,3.42801941646793e-06,3.42801941646793e-06,3.42801941646793e-06,3.42801941646793e-06,0.0
1734635460.0,3.42801941646793e-06,3.42801941646793e-06,3.42801941646793e-06,3.42801941646793e-06,0.0
1734635520.0,3.42801941646793e-06,3.42801941646793e-06,3.42801941646793e-06,3.42801941646793e-06,0.0
1734635580.0,3.42801941646793e-06,3.42801941646793e-06,3.42801941646793e-06,3.42801941646793e-06,0.0
1734635640.0,3.42801941646793e-06,3.42801941646793e-06,3.42801941646793e-06,3.42801941646793e-06,0.0
1734635700.0,3.42801941646793e-06,3.42801941646793e-06,3.42801941646793e-06,3.42801941646793e-06,0.0
1734635760.0,3.42801941646793e-06,3.42801941646793e-06,3.42801941646793e-06,3.42801941646793e-06,0.0
1734635820.0,3.42801941646793e-06,3.42801941646793e-06,3.42801941646793e-06,3.42801941646793e-06,0.0
1734635880.0,3.42801941646793e-06,3.42801941646793e-06,3.42801941646793e-06,3.42801941646793e-06,0.0
1734635940.0,3.42801941646793e-06,3.42801941646793e-06,3.42801941646793e-06,3.42801941646793e-06,0.0
1734636000.0,3.42801941646793e-06,3.42801941646793e-06,3.42801941646793e-06,3.42801941646793e-06,0.0
1734636060.0,3.42801941646793e-06,3.42801941646793e-06,3.42801941646793e-06,3.42801941646793e-06,0.0
1734636120.0,3.42801941646793e-06,3.42801941646793e-06,3.42801941646793e-06,3.42801941646793e-06,0.0
1734636180.0,3.42801941646793e-06,3.42801941646793e-06,3.42801941646793e-06,3.42801941646793e-06,0.0
1734636240.0,3.42801941646793e-06,3.42801941646793e-06,3.42801941646793e-06,3.42801941646793e-06,0.0
1734636300.0,3.42801941646793e-06,3.42801941646793e-06,3.42801941646793e-06,3.42801941646793e-06,0.0
1734636360.0,3.42801941646793e-06,3.42801941646793e-06,3.42801941646793e-06,3.42801941646793e-06,0.0
1734636420.0,3.42801941646793e-06,3.42801941646793e-06,3.42801941646793e-06,3.42801941646793e-06,0.0
1734636480.0,3.42801941646793e-06,3.42801941646793e-06,3.42801941646793e-06,3.42801941646793e-06,0.0
1734636540.0,3.42801941646793e-06,3.42801941646793e-06,3.42801941646793e-06,3.42801941646793e-06,0.0
1734636600.0,3.42801941646793e-06,3.42801941646793e-06,3.42801941646793e-06,3.42801941646793e-06,0.0
1734636660.0,3.42801941646793e-06,3.42801941646793e-06,3.42801941646793e-06,3.42801941646793e-06,0.0
1734636720.0,3.42801941646793e-06,3.42801941646793e-06,3.42801941646793e-06,3.42801941646793e-06,0.0
1734636780.0,3.42801941646793e-06,3.42801941646793e-06,3.42801941646793e-06,3.42801941646793e-06,0.0
1734636840.0,3.42801941646793e-06,3.42801941646793e-06,3.42801941646793e-06,3.42801941646793e-06,0.0
1734636900.0,3.42801941646793e-06,3.42801941646793e-06,3.42801941646793e-06,3.42801941646793e-06,0.0
1734636960.0,3.42801941646793e-06,3.42801941646793e-06,3.42801941646793e-06,3.42801941646793e-06,0.0
1734637020.0,3.42801941646793e-06,3.42801941646793e-06,3.42801941646793e-06,3.42801941646793e-06,0.0
1734637080.0,3.42801941646793e-06,3.42801941646793e-06,3.42801941646793e-06,3.42801941646793e-06,0.0
1734637140.0,3.42801941646793e-06,3.42801941646793e-06,3.42801941646793e-06,3.42801941646793e-06,0.0
1734637200.0,3.42801941646793e-06,3.42801941646793e-06,3.42801941646793e-06,3.42801941646793e-06,0.0
1734637260.0,3.42801941646793e-06,3.42801941646793e-06,3.42801941646793e-06,3.42801941646793e-06,0.0
1734637320.0,3.42801941646793e-06,3.42801941646793e-06,3.42801941646793e-06,3.42801941646793e-06,0.0
1734637380.0,3.42801941646793e-06,3.42801941646793e-06,3.42801941646793e-06,3.42801941646793e-06,0.0
1734637440.0,3.42801941646793e-06,3.42801941646793e-06,3.42801941646793e-06,3.42801941646793e-06,0.0
1734637500.0,3.42801941646793e-06,3.42801941646793e-06,3.42801941646793e-06,3.42801941646793e-06,0.0
1734637560.0,3.42801941646793e-06,3.42801941646793e-06,3.42801941646793e-06,3.42801941646793e-06,0.0
1734637620.0,3.42801941646793e-06,3.42801941646793e-06,3.42801941646793e-06,3.42801941646793e-06,0.0
1734637680.0,3.42801941646793e-06,3.42801941646793e-06,3.42801941646793e-06,3.42801941646793e-06,0.0
1734637740.0,3.42801941646793e-06,3.42801941646793e-06,3.42801941646793e-06,3.42801941646793e-06,0.0
1734637800.0,3.42801941646793e-06,3.42801941646793e-06,3.3286787676313e-06,3.3286787676313e-06,37.702166792
1734637860.0,3.3286787676313e-06,3.3286787676313e-06,3.3286787676313e-06,3.3286787676313e-06,0.0
1734637920.0,3.3286787676313e-06,3.3286787676313e-06,3.3286787676313e-06,3.3286787676313e-06,0.0
1734637980.0,3.3286787676313e-06,3.3286787676313e-06,3.3286787676313e-06,3.3286787676313e-06,0.0
1734638040.0,3.3286787676313e-06,3.3286787676313e-06,3.3286787676313e-06,3.3286787676313e-06,0.0
1734638100.0,3.3286787676313e-06,3.3286787676313e-06,3.3286787676313e-06,3.3286787676313e-06,0.0
1734638160.0,3.3286787676313e-06,3.3286787676313e-06,3.3286787676313e-06,3.3286787676313e-06,0.0
1734638220.0,3.3286787676313e-06,3.3286787676313e-06,3.3286787676313e-06,3.3286787676313e-06,0.0
1734638280.0,3.3286787676313e-06,3.3286787676313e-06,3.3286787676313e-06,3.3286787676313e-06,0.0
1734638340.0,3.3286787676313e-06,3.3286787676313e-06,3.3286787676313e-06,3.3286787676313e-06,0.0
1734638400.0,3.3286787676313e-06,3.3286787676313e-06,3.3286787676313e-06,3.3286787676313e-06,0.0
1734638460.0,3.3286787676313e-06,3.3286787676313e-06,3.3286787676313e-06,3.3286787676313e-06,0.0
1734638520.0,3.3286787676313e-06,3.3286787676313e-06,3.3286787676313e-06,3.3286787676313e-06,0.0
1734638580.0,3.3286787676313e-06,3.3286787676313e-06,3.3286787676313e-06,3.3286787676313e-06,0.0
1734638640.0,3.3286787676313e-06,3.3286787676313e-06,3.3286787676313e-06,3.3286787676313e-06,0.0
1734638700.0,3.3286787676313e-06,3.3286787676313e-06,3.3286787676313e-06,3.3286787676313e-06,0.0
1734638760.0,3.3286787676313e-06,3.3286787676313e-06,3.3286787676313e-06,3.3286787676313e-06,0.0
1734638820.0,3.3286787676313e-06,3.3286787676313e-06,3.3286787676313e-06,3.3286787676313e-06,0.0
1734638880.0,3.3286787676313e-06,3.3286787676313e-06,3.3286787676313e-06,3.3286787676313e-06,0.0
1734638940.0,3.3286787676313e-06,3.3286787676313e-06,3.3286787676313e-06,3.3286787676313e-06,0.0
1734639000.0,3.3286787676313e-06,3.3286787676313e-06,3.3286787676313e-06,3.3286787676313e-06,0.0
1734639060.0,3.3286787676313e-06,3.3286787676313e-06,3.3286787676313e-06,3.3286787676313e-06,0.0
1734639120.0,3.3286787676313e-06,4.00174453097764e-06,3.3286787676313e-06,4.00174453097764e-06,546.9234
1734639180.0,4.00174453097764e-06,5.08297883632607e-06,4.00174453097764e-06,5.08297883632607e-06,452.136
1734639240.0,5.08297883632607e-06,5.77204217336747e-06,5.08297883632607e-06,5.77204217336747e-06,56.517
1734639300.0,5.77204217336747e-06,5.77204217336747e-06,5.77204217336747e-06,5.77204217336747e-06,0.0
1734639360.0,5.77204217336747e-06,5.77204217336747e-06,5.77204217336747e-06,5.77204217336747e-06,0.0
1734639420.0,5.77204217336747e-06,5.88855773717247e-06,5.77204217336747e-06,5.88855773717247e-06,18.881
1734639480.0,5.88855773717247e-06,5.88855773717247e-06,5.88855773717247e-06,5.88855773717247e-06,0.0
1734639540.0,5.88855773717247e-06,5.88855773717247e-06,5.88855773717247e-06,5.88855773717247e-06,0.0
1734639600.0,5.88855773717247e-06,5.88855773717247e-06,5.88855773717247e-06,5.88855773717247e-06,0.0
1734639660.0,5.88855773717247e-06,5.88855773717247e-06,5.88855773717247e-06,5.88855773717247e-06,0.0
1734639720.0,5.88855773717247e-06,5.88855773717247e-06,5.88855773717247e-06,5.88855773717247e-06,0.0
1734639780.0,5.88855773717247e-06,5.88855773717247e-06,5.88855773717247e-06,5.88855773717247e-06,0.0
1734639840.0,5.88855773717247e-06,5.88855773717247e-06,5.88855773717247e-06,5.88855773717247e-06,0.0
1734639900.0,5.88855773717247e-06,5.926362867344e-06,5.88855773717247e-06,5.926362867344e-06,58.02803238672
1734639960.0,5.926362867344e-06,5.926362867344e-06,5.926362867344e-06,5.926362867344e-06,0.0
1734640020.0,5.926362867344e-06,6.05575398735317e-06,5.8821575592751e-06,6.05575398735317e-06,87.71783665281
1734640080.0,6.05575398735317e-06,6.05575398735317e-06,6.05575398735317e-06,6.05575398735317e-06,0.0
1734640140.0,6.05575398735317e-06,6.05575398735317e-06,6.05575398735317e-06,6.05575398735317e-06,0.0
1734640200.0,6.05575398735317e-06,7.62449128636784e-06,6.05575398735317e-06,7.62449128636784e-06,639.61504
1734640260.0,7.62449128636784e-06,8.34460745134369e-06,7.62449128636784e-06,8.34460745134369e-06,175.06936340904
1734640320.0,8.34460745134369e-06,9.32407833461543e-06,8.34460745134369e-06,9.32407833461543e-06,382.91
1734640380.0,9.32407833461543e-06,9.41039831222109e-06,9.32407833461543e-06,9.41039831222109e-06,116.8992275628
1734640440.0,9.41039831222109e-06,9.41039831222109e-06,9.41039831222109e-06,9.41039831222109e-06,0.0
1734640500.0,9.41039831222109e-06,9.41039831222109e-06,9.41039831222109e-06,9.41039831222109e-06,0.0
1734640560.0,9.41039831222109e-06,9.41039831222109e-06,9.41039831222109e-06,9.41039831222109e-06,0.0
1734640620.0,9.41039831222109e-06,9.41039831222109e-06,9.17244871599666e-06,9.17244871599666e-06,8.90973613724
1734640680.0,9.17244871599666e-06,9.1880410239191e-06,9.17244871599666e-06,9.1880410239191e-06,3.8126
1734640740.0,9.1880410239191e-06,9.1880410239191e-06,9.16314532693169e-06,9.16314532693169e-06,4.45217781977
1734640800.0,9.16314532693169e-06,9.16314532693169e-06,9.16314532693169e-06,9.16314532693169e-06,0.0
1734640860.0,9.16314532693169e-06,9.16314532693169e-06,9.16314532693169e-06,9.16314532693169e-06,0.0
1734640920.0,9.16314532693169e-06,9.16314532693169e-06,9.16314532693169e-06,9.16314532693169e-06,0.0
1734640980.0,9.16314532693169e-06,9.16314532693169e-06,9.16314532693169e-06,9.16314532693169e-06,0.0
1734641040.0,9.16314532693169e-06,9.16314532693169e-06,9.16314532693169e-06,9.16314532693169e-06,0.0
1734641100.0,9.16314532693169e-06,9.16314532693169e-06,9.16314532693169e-06,9.16314532693169e-06,0.0
1734641160.0,9.16314532693169e-06,9.16314532693169e-06,9.16314532693169e-06,9.16314532693169e-06,0.0
1734641220.0,9.16314532693169e-06,9.16314532693169e-06,9.16314532693169e-06,9.16314532693169e-06,0.0
1734641280.0,9.16314532693169e-06,9.16314532693169e-06,9.16314532693169e-06,9.16314532693169e-06,0.0
1734641340.0,9.16314532693169e-06,9.58039223732453e-06,9.16314532693169e-06,9.58039223732453e-06,116.478
1734641400.0,9.58039223732453e-06,9.58039223732453e-06,9.58039223732453e-06,9.58039223732453e-06,0.0
1734641460.0,9.58039223732453e-06,9.58039223732453e-06,9.58039223732453e-06,9.58039223732453e-06,0.0
1734641520.0,9.58039223732453e-06,9.58039223732453e-06,9.58039223732453e-06,9.58039223732453e-06,0.0
1734641580.0,9.58039223732453e-06,9.58039223732453e-06,9.58039223732453e-06,9.58039223732453e-06,0.0
1734641640.0,9.58039223732453e-06,9.58039223732453e-06,9.58039223732453e-06,9.58039223732453e-06,0.0
1734641700.0,9.58039223732453e-06,9.58039223732453e-06,9.58039223732453e-06,9.58039223732453e-06,0.0
1734641760.0,9.58039223732453e-06,9.58039223732453e-06,9.58039223732453e-06,9.58039223732453e-06,0.0
1734641820.0,9.58039223732453e-06,1.05067732308489e-05,9.58039223732453e-06,1.05067732308489e-05,57.888
1734641880.0,1.05067732308489e-05,1.05067732308489e-05,1.05067732308489e-05,1.05067732308489e-05,0.0
1734641940.0,1.05067732308489e-05,1.0541021466207e-05,1.03985612953532e-05,1.03985612953532e-05,78.61138950118
1734642000.0,1.03985612953532e-05,1.04299781874544e-05,1.03985612953532e-05,1.04299781874544e-05,52.5741975
1734642060.0,1.04299781874544e-05,1.08499742361365e-05,1.04299781874544e-05,1.08499742361365e-05,192.65
1734642120.0,1.08499742361365e-05,1.08499742361365e-05,1.08499742361365e-05,1.08499742361365e-05,0.0
1734642180.0,1.08499742361365e-05,1.08499742361365e-05,1.08499742361365e-05,1.08499742361365e-05,0.0
1734642240.0,1.08499742361365e-05,1.08499742361365e-05,1.08499742361365e-05,1.08499742361365e-05,0.0
1734642300.0,1.08499742361365e-05,1.15622496454733e-05,1.08499742361365e-05,1.15622496454733e-05,192.47
1734642360.0,1.15622496454733e-05,1.19726247377712e-05,1.15622496454733e-05,1.19726247377712e-05,1.53103464
1734642420.0,1.19726247377712e-05,1.20583583679976e-05,1.19726247377712e-05,1.20583583679976e-05,35.3937375
1734642480.0,1.20583583679976e-05,1.20583583679976e-05,1.20583583679976e-05,1.20583583679976e-05,0.0
1734642540.0,1.20583583679976e-05,1.20583583679976e-05,1.20583583679976e-05,1.20583583679976e-05,0.0
1734642600.0,1.20583583679976e-05,1.20583583679976e-05,1.20583583679976e-05,1.20583583679976e-05,0.0
1734642660.0,1.20583583679976e-05,1.20583583679976e-05,1.20583583679976e-05,1.20583583679976e-05,0.0
1734642720.0,1.20583583679976e-05,1.24036633865804e-05,1.20583583679976e-05,1.24036633865804e-05,58.749
1734642780.0,1.24036633865804e-05,1.24036633865804e-05,1.24036633865804e-05,1.24036633865804e-05,0.0
1734642840.0,1.24036633865804e-05,1.24111073017725e-05,1.24036633865804e-05,1.24111073017725e-05,1.58710688892
1734642900.0,1.24111073017725e-05,1.24111073017725e-05,1.24111073017725e-05,1.24111073017725e-05,0.0
1734642960.0,1.24111073017725e-05,1.24111073017725e-05,1.24111073017725e-05,1.24111073017725e-05,0.0
1734643020.0,1.24111073017725e-05,1.24111073017725e-05,1.24111073017725e-05,1.24111073017725e-05,0.0
1734643080.0,1.24111073017725e-05,1.24111073017725e-05,1.24111073017725e-05,1.24111073017725e-05,0.0
1734643140.0,1.24111073017725e-05,1.24111073017725e-05,1.24111073017725e-05,1.24111073017725e-05,0.0
1734643200.0,1.24111073017725e-05,1.24111073017725e-05,1.24111073017725e-05,1.24111073017725e-05,0.0
1734643260.0,1.24111073017725e-05,1.24111073017725e-05,1.24111073017725e-05,1.24111073017725e-05,0.0
1734643320.0,1.24111073017725e-05,1.24111073017725e-05,1.24111073017725e-05,1.24111073017725e-05,0.0
1734643380.0,1.24111073017725e-05,1.24111073017725e-05,1.24111073017725e-05,1.24111073017725e-05,0.0
1734643440.0,1.24111073017725e-05,1.24111073017725e-05,1.24111073017725e-05,1.24111073017725e-05,0.0
1734643500.0,1.24111073017725e-05,1.24111073017725e-05,1.24111073017725e-05,1.24111073017725e-05,0.0
1734643560.0,1.24111073017725e-05,1.24111073017725e-05,1.24111073017725e-05,1.24111073017725e-05,0.0
1734643620.0,1.24111073017725e-05,1.24111073017725e-05,1.24111073017725e-05,1.24111073017725e-05,0.0
1734643680.0,1.24111073017725e-05,1.24111073017725e-05,1.24111073017725e-05,1.24111073017725e-05,0.0
1734643740.0,1.24111073017725e-05,1.24111073017725e-05,1.24111073017725e-05,1.24111073017725e-05,0.0
1734643800.0,1.24111073017725e-05,1.24111073017725e-05,1.24111073017725e-05,1.24111073017725e-05,0.0
1734643860.0,1.24111073017725e-05,1.24111073017725e-05,1.24111073017725e-05,1.24111073017725e-05,0.0
1734643920.0,1.24111073017725e-05,1.24111073017725e-05,1.24111073017725e-05,1.24111073017725e-05,0.0
1734643980.0,1.24111073017725e-05,1.24111073017725e-05,1.24111073017725e-05,1.24111073017725e-05,0.0
1734644040.0,1.24111073017725e-05,1.24111073017725e-05,1.24111073017725e-05,1.24111073017725e-05,0.0
1734644100.0,1.24111073017725e-05,1.24111073017725e-05,1.24111073017725e-05,1.24111073017725e-05,0.0
1734644160.0,1.24111073017725e-05,1.2428815380193e-05,1.24111073017725e-05,1.2428815380193e-05,25.7201612122
1734644220.0,1.2428815380193e-05,1.29078936753549e-05,1.2428815380193e-05,1.29078936753549e-05,235.656
1734644280.0,1.29078936753549e-05,1.70939661134224e-05,1.29078936753549e-05,1.70939661134224e-05,873.29686249408
1734644340.0,1.70939661134224e-05,1.74866533105046e-05,1.70939661134224e-05,1.72150416547724e-05,293.30671776198
1734644400.0,1.72150416547724e-05,1.88463495409583e-05,1.63758209371008e-05,1.88463495409583e-05,885.50195216792
1734644460.0,1.88463495409583e-05,1.93386751078771e-05,1.87228307695763e-05,1.93386751078771e-05,177.42775357641
1734644520.0,1.93386751078771e-05,3.68703079952778e-05,1.93386751078771e-05,2.38627235671776e-05,7065.76777645334
1734644580.0,2.38627235671776e-05,2.38627235671776e-05,2.04605001612177e-05,2.04605001612177e-05,584.80285329984
1734644640.0,2.04605001612177e-05,2.48066307703795e-05,2.00994646437808e-05,2.48066307703795e-05,919.39195868
1734644700.0,2.48066307703795e-05,3.25776461684336e-05,2.48066307703795e-05,2.66756148489101e-05,2963.0621126027
1734644760.0,2.66756148489101e-05,3.00079557307274e-05,2.66756148489101e-05,3.00079557307274e-05,1384.91222167562
1734644820.0,3.00079557307274e-05,3.09727777173364e-05,3.00079557307274e-05,3.00622779666897e-05,371.65434538221
1734644880.0,3.00622779666897e-05,3.00622779666897e-05,2.97550504675251e-05,2.98625612564309e-05,49.16086036658
1734644940.0,2.98625612564309e-05,2.98625612564309e-05,2.70866488719903e-05,2.70866488719903e-05,559.76826681711
1734645000.0,2.70866488719903e-05,2.70866488719903e-05,2.61229401190014e-05,2.61229401190014e-05,176.94085549809
1734645060.0,2.61229401190014e-05,2.61229401190014e-05,2.61229401190014e-05,2.61229401190014e-05,0.0
1734645120.0,2.61229401190014e-05,2.63851522904571e-05,2.59320202201171e-05,2.63851522904571e-05,139.01074446912
1734645180.0,2.63851522904571e-05,2.71992106135999e-05,2.63851522904571e-05,2.71992106135999e-05,194.139
1734645240.0,2.71992106135999e-05,2.85428438344168e-05,2.71992106135999e-05,2.85428438344168e-05,181.888747
1734645300.0,2.85428438344168e-05,2.99546056855633e-05,2.85428438344168e-05,2.99546056855633e-05,391.52
1734645360.0,2.99546056855633e-05,3.1060531909069e-05,2.99546056855633e-05,3.1060531909069e-05,125.7189918206
1734645420.0,3.1060531909069e-05,3.1060531909069e-05,3.0880735495721e-05,3.0880735495721e-05,56.382398292
1734645480.0,3.0880735495721e-05,3.0880735495721e-05,3.0880735495721e-05,3.0880735495721e-05,0.0
1734645540.0,3.0880735495721e-05,3.0880735495721e-05,2.75379966867549e-05,2.75379966867549e-05,702.503298319
1734645600.0,2.75379966867549e-05,2.85058907341446e-05,2.69789035860218e-05,2.81667528429077e-05,818.361428755
1734645660.0,2.81667528429077e-05,2.81667528429077e-05,2.72686639377524e-05,2.72686639377524e-05,247.3579
1734645720.0,2.72686639377524e-05,2.86745191779009e-05,2.72686639377524e-05,2.86745191779009e-05,230.83436981514
1734645780.0,2.86745191779009e-05,3.01956505827942e-05,2.86745191779009e-05,3.01956505827942e-05,154.087
1734645840.0,3.01956505827942e-05,3.01956505827942e-05,3.00566752301919e-05,3.00566752301919e-05,13.6769460485
1734645900.0,3.00566752301919e-05,3.35290415453215e-05,3.00566752301919e-05,3.35290415453215e-05,683.6853
1734645960.0,3.35290415453215e-05,5.2988287993938e-05,3.35290415453215e-05,3.95501945433961e-05,7995.27087661541
1734646020.0,3.95501945433961e-05,3.95501945433961e-05,2.9688246756857e-05,3.40136848939867e-05,2575.2508106774
1734646080.0,3.40136848939867e-05,3.80206602354635e-05,3.38622653450314e-05,3.80206602354635e-05,1452.73144164864
1734646140.0,3.80206602354635e-05,4.06564202862837e-05,3.80206602354635e-05,4.03990107519893e-05,438.69768407008
1734646200.0,4.03990107519893e-05,4.03990107519893e-05,3.62675217413922e-05,3.67940661418643e-05,919.68239230979
1734646260.0,3.67940661418643e-05,4.03595871955926e-05,3.67940661418643e-05,4.03595871955926e-05,519.847918
1734646320.0,4.03595871955926e-05,4.53110021255352e-05,4.03595871955926e-05,4.07370120751189e-05,1359.91321196518
1734646380.0,4.07370120751189e-05,6.41676833212573e-05,4.07370120751189e-05,4.52861731103879e-05,5746.26821347744
1734646440.0,4.52861731103879e-05,4.97139590510556e-05,4.52232052873614e-05,4.52232052873614e-05,1498.50777961369
1734646500.0,4.52232052873614e-05,4.52232052873614e-05,4.13479362393707e-05,4.29782460508365e-05,645.96189392333
1734646560.0,4.29782460508365e-05,4.38871424956623e-05,4.25407007913249e-05,4.38871424956623e-05,349.17434386516
1734646620.0,4.38871424956623e-05,5.51080036043043e-05,4.38540027028832e-05,5.37126517688741e-05,3097.17475151837
1734646680.0,5.37126517688741e-05,5.6728061120933e-05,4.95488986091622e-05,5.13219218225784e-05,3789.6840993307
1734646740.0,5.13219218225784e-05,5.13219218225784e-05,4.71871512651739e-05,4.71871512651739e-05,719.16772746772
1734646800.0,4.71871512651739e-05,4.82651872725148e-05,4.63892330985927e-05,4.82651872725148e-05,648.81351396524
1734646860.0,4.82651872725148e-05,4.82651872725148e-05,4.78281531741307e-05,4.78281531741307e-05,72.2819146914
1734646920.0,4.78281531741307e-05,4.78281531741307e-05,4.24527241345692e-05,4.24527241345692e-05,754.28708164407
1734646980.0,4.24527241345692e-05,6.34364213615307e-05,4.24527241345692e-05,5.35415789516468e-05,4466.12570119598
1734647040.0,5.35415789516468e-05,5.50563332948077e-05,5.16753618318803e-05,5.48394694965537e-05,1059.77621815542
1734647100.0,5.48394694965537e-05,5.56046118370075e-05,5.37547247379973e-05,5.56046118370075e-05,445.90799838937
1734647160.0,5.56046118370075e-05,5.58563627828719e-05,5.46284205221036e-05,5.46284205221036e-05,176.87122456296
1734647220.0,5.46284205221036e-05,5.46284205221036e-05,4.22140871263508e-05,4.22140871263508e-05,1768.98983766381
1734647280.0,4.22140871263508e-05,4.22140871263508e-05,3.87566699761308e-05,3.87566699761308e-05,337.52357219682
1734647340.0,3.87566699761308e-05,3.87566699761308e-05,3.33238567672376e-05,3.66577841251117e-05,1829.95805047599
1734647400.0,3.66577841251117e-05,4.07164232912969e-05,3.66577841251117e-05,4.05345473801299e-05,783.31953241312
1734647460.0,4.05345473801299e-05,4.05345473801299e-05,3.74507788278667e-05,3.87503462076944e-05,1112.50944407275
1734647520.0,3.87503462076944e-05,3.87503462076944e-05,3.66055927743286e-05,3.75116261043953e-05,207.77728148578
1734647580.0,3.75116261043953e-05,4.60076329309087e-05,3.75116261043953e-05,4.60076329309087e-05,1247.47143513472
1734647640.0,4.60076329309087e-05,5.44534484417243e-05,4.50524360575133e-05,4.53245325863819e-05,4357.4102429961
1734647700.0,4.53245325863819e-05,4.69007984445932e-05,4.53245325863819e-05,4.68051135012024e-05,530.52033231804
1734647760.0,4.68051135012024e-05,5.1104142307005e-05,4.61952318598322e-05,5.1104142307005e-05,1163.52441527742
1734647820.0,5.1104142307005e-05,5.17238302845387e-05,4.77235936280899e-05,4.82848499849735e-05,2434.30304203389
1734647880.0,4.82848499849735e-05,5.16136845422645e-05,4.82140741499364e-05,5.16136845422645e-05,450.48090846686
1734647940.0,5.16136845422645e-05,5.42832449342423e-05,4.62877158561889e-05,4.88583081612397e-05,2411.00823748902
1734648000.0,4.88583081612397e-05,4.89459998225525e-05,4.24387525457214e-05,4.74409649406931e-05,3543.62017839122
1734648060.0,4.74409649406931e-05,5.18693984375925e-05,4.74409649406931e-05,5.18693984375925e-05,630.28085936932
1734648120.0,5.18693984375925e-05,5.2102153710777e-05,4.70379738000641e-05,4.70379738000641e-05,923.78450302332
1734648180.0,4.70379738000641e-05,5.19989139492959e-05,4.65924300440206e-05,5.19989139492959e-05,1040.490302138
1734648240.0,5.19989139492959e-05,5.60678277014572e-05,5.19595312974292e-05,5.60678277014572e-05,843.36145753746
1734648300.0,5.60678277014572e-05,5.90507463193333e-05,5.60678277014572e-05,5.70574271971512e-05,882.08513266412
1734648360.0,5.70574271971512e-05,5.70574271971512e-05,5.37003605059826e-05,5.59575975852093e-05,816.38585965856
1734648420.0,5.59575975852093e-05,5.71878148872927e-05,5.59575975852093e-05,5.69646533072496e-05,122.16695390956
1734648480.0,5.69646533072496e-05,5.74049747385766e-05,5.56781010790323e-05,5.56781010790323e-05,311.85701106992
1734648540.0,5.56781010790323e-05,5.56781010790323e-05,5.36107729216807e-05,5.36107729216807e-05,431.4575530878
1734648600.0,5.36107729216807e-05,5.36107729216807e-05,4.77178311109392e-05,4.80480093609446e-05,688.78938864832
1734648660.0,4.80480093609446e-05,4.88914748870194e-05,4.80480093609446e-05,4.88914748870194e-05,119.31528
1734648720.0,4.88914748870194e-05,4.98757690648998e-05,4.881417632e-05,4.94243133346651e-05,282.04815521694
1734648780.0,4.94243133346651e-05,4.94243133346651e-05,3.31364361419459e-05,3.31364361419459e-05,2885.0192551853
1734648840.0,3.31364361419459e-05,3.72622207789369e-05,3.26233469855152e-05,3.67537598437515e-05,2241.07178682887
1734648900.0,3.67537598437515e-05,3.83375669467736e-05,3.62912849143916e-05,3.83375669467736e-05,312.87206859945
1734648960.0,3.83375669467736e-05,4.05970855511547e-05,3.83375669467736e-05,4.05970855511547e-05,401.8389
1734649020.0,4.05970855511547e-05,4.13806767144179e-05,4.05970855511547e-05,4.13806767144179e-05,242.22585483592
1734649080.0,4.13806767144179e-05,4.13806767144179e-05,3.78060912998125e-05,3.78060912998125e-05,534.14189615385
1734649140.0,3.78060912998125e-05,3.78060912998125e-05,3.73759490778826e-05,3.73759490778826e-05,111.28773637117
1734649200.0,3.73759490778826e-05,3.73759490778826e-05,2.83673173971045e-05,2.83673173971045e-05,1365.41050627575
1734649260.0,2.83673173971045e-05,3.73399444565986e-05,2.83673173971045e-05,2.90335220722244e-05,3293.90746591046
1734649320.0,2.90335220722244e-05,2.90335220722244e-05,1.76612587554009e-05,1.76612587554009e-05,2099.53145423161
1734649380.0,1.76612587554009e-05,1.77566433397108e-05,1.57413662528532e-05,1.57413662528532e-05,621.49267065727
1734649440.0,1.57413662528532e-05,1.57448369705064e-05,1.47286370239059e-05,1.57448369705064e-05,670.11613782576
1734649500.0,1.57448369705064e-05,1.68010079222149e-05,1.57448369705064e-05,1.63545010549661e-05,162.90109554208
1734649560.0,1.63545010549661e-05,1.63545010549661e-05,1.30278826030065e-05,1.30278826030065e-05,816.64911108418
1734649620.0,1.30278826030065e-05,1.30278826030065e-05,1.28479491022473e-05,1.28479491022473e-05,23.47531161272
1734649680.0,1.28479491022473e-05,1.28479491022473e-05,1.19213436910857e-05,1.27043314150966e-05,645.81307774788
1734649740.0,1.27043314150966e-05,1.34925032643781e-05,1.27043314150966e-05,1.34925032643781e-05,231.55992630879
1734649800.0,1.34925032643781e-05,1.53900908039032e-05,1.34925032643781e-05,1.45651706260752e-05,1033.62127438932
1734649860.0,1.45651706260752e-05,1.46815003111647e-05,1.45651706260752e-05,1.46815003111647e-05,39.03
1734649920.0,1.46815003111647e-05,1.46815003111647e-05,9.39818559168893e-06,9.39818559168893e-06,1534.88040683976
1734649980.0,9.39818559168893e-06,9.39818559168893e-06,7.28170835014856e-06,7.28170835014856e-06,671.40705710839
1734650040.0,7.28170835014856e-06,7.31436242789487e-06,6.5637812794978e-06,6.5637812794978e-06,305.0148993489
1734650100.0,6.5637812794978e-06,6.5637812794978e-06,6.40780489208633e-06,6.40780489208633e-06,12.26970182408
1734650160.0,6.40780489208633e-06,6.40780489208633e-06,6.35354161567223e-06,6.35354161567223e-06,22.62154683396
1734650220.0,6.35354161567223e-06,6.35354161567223e-06,6.02168966310054e-06,6.02168966310054e-06,146.6287497735
1734650280.0,6.02168966310054e-06,6.02168966310054e-06,6.02168966310054e-06,6.02168966310054e-06,0.0
1734650340.0,6.02168966310054e-06,6.02168966310054e-06,5.98203235230198e-06,5.98203235230198e-06,15.90291984892
1734650400.0,5.98203235230198e-06,5.99170336838459e-06,5.90456717575827e-06,5.90456717575827e-06,48.89359814892
1734650460.0,5.90456717575827e-06,5.90456717575827e-06,5.84357299110406e-06,5.84357299110406e-06,3.66186951664
1734650520.0,5.84357299110406e-06,5.84357299110406e-06,5.84357299110406e-06,5.84357299110406e-06,0.0
1734650580.0,5.84357299110406e-06,5.84357299110406e-06,5.79496772510139e-06,5.79496772510139e-06,27.10929230994
1734650640.0,5.79496772510139e-06,5.79496772510139e-06,5.72715844911516e-06,5.72715844911516e-06,15.07400802395
1734650700.0,5.72715844911516e-06,5.72715844911516e-06,5.72715844911516e-06,5.72715844911516e-06,0.0
1734650760.0,5.72715844911516e-06,5.77395319761994e-06,5.72715844911516e-06,5.76480807053407e-06,44.61522817011
1734650820.0,5.76480807053407e-06,5.82872763486725e-06,5.76480807053407e-06,5.82872763486725e-06,38.944
1734650880.0,5.82872763486725e-06,5.82872763486725e-06,5.82872763486725e-06,5.82872763486725e-06,0.0
1734650940.0,5.82872763486725e-06,5.85069604484145e-06,5.82872763486725e-06,5.83754076884335e-06,9.89032661771
1734651000.0,5.83754076884335e-06,5.83754076884335e-06,5.83754076884335e-06,5.83754076884335e-06,0.0
1734651060.0,5.83754076884335e-06,5.83754076884335e-06,5.83754076884335e-06,5.83754076884335e-06,0.0
1734651120.0,5.83754076884335e-06,5.83754076884335e-06,5.83754076884335e-06,5.83754076884335e-06,0.0
1734651180.0,5.83754076884335e-06,5.83754076884335e-06,5.82418924099323e-06,5.82418924099323e-06,4.7569995314
1734651240.0,5.82418924099323e-06,5.82418924099323e-06,5.71483025252067e-06,5.71483025252067e-06,38.54576245656
1734651300.0,5.71483025252067e-06,5.71483025252067e-06,5.71483025252067e-06,5.71483025252067e-06,0.0
1734651360.0,5.71483025252067e-06,5.71483025252067e-06,5.6458047235831e-06,5.6458047235831e-06,35.1032292216
1734651420.0,5.6458047235831e-06,5.6458047235831e-06,5.59613472662325e-06,5.59613472662325e-06,2.25644076105
1734651480.0,5.59613472662325e-06,5.59613472662325e-06,5.59613472662325e-06,5.59613472662325e-06,0.0
1734651540.0,5.59613472662325e-06,5.59613472662325e-06,5.57002411073127e-06,5.57002411073127e-06,10.86368173167
1734651600.0,5.57002411073127e-06,5.57002411073127e-06,5.56713730713863e-06,5.56713730713863e-06,2.02801008618
1734651660.0,5.56713730713863e-06,5.56713730713863e-06,5.5057612471454e-06,5.5057612471454e-06,47.43460835344
1734651720.0,5.5057612471454e-06,5.5057612471454e-06,5.5057612471454e-06,5.5057612471454e-06,0.0
1734651780.0,5.5057612471454e-06,5.5057612471454e-06,5.5057612471454e-06,5.5057612471454e-06,0.0
1734651840.0,5.5057612471454e-06,5.5057612471454e-06,5.5057612471454e-06,5.5057612471454e-06,0.0
1734651900.0,5.5057612471454e-06,5.5057612471454e-06,5.5057612471454e-06,5.5057612471454e-06,0.0
1734651960.0,5.5057612471454e-06,5.5057612471454e-06,5.5057612471454e-06,5.5057612471454e-06,0.0
1734652020.0,5.5057612471454e-06,5.5057612471454e-06,5.5057612471454e-06,5.5057612471454e-06,0.0
1734652080.0,5.5057612471454e-06,6.46020552694036e-06,5.5057612471454e-06,5.83504978093845e-06,739.5300679855
1734652140.0,5.83504978093845e-06,6.25543994447425e-06,5.83504978093845e-06,6.25543994447425e-06,112.57230115288
1734652200.0,6.25543994447425e-06,6.25543994447425e-06,6.22276660744646e-06,6.22276660744646e-06,2.13595834855
1734652260.0,6.22276660744646e-06,6.22276660744646e-06,6.22276660744646e-06,6.22276660744646e-06,0.0
1734652320.0,6.22276660744646e-06,6.22276660744646e-06,5.97140441757527e-06,5.97140441757527e-06,180.47672131629
1734652380.0,5.97140441757527e-06,5.97140441757527e-06,5.97140441757527e-06,5.97140441757527e-06,0.0
1734652440.0,5.97140441757527e-06,5.97140441757527e-06,5.97140441757527e-06,5.97140441757527e-06,0.0
1734652500.0,5.97140441757527e-06,5.97140441757527e-06,5.97140441757527e-06,5.97140441757527e-06,0.0
1734652560.0,5.97140441757527e-06,5.97140441757527e-06,5.97140441757527e-06,5.97140441757527e-06,0.0
1734652620.0,5.97140441757527e-06,5.97140441757527e-06,5.97140441757527e-06,5.97140441757527e-06,0.0
1734652680.0,5.97140441757527e-06,5.97140441757527e-06,5.68337733051551e-06,5.68337733051551e-06,15.20308811033
1734652740.0,5.68337733051551e-06,5.68337733051551e-06,5.68337733051551e-06,5.68337733051551e-06,0.0
1734652800.0,5.68337733051551e-06,5.68337733051551e-06,5.62881630270141e-06,5.62881630270141e-06,21.68445742325
1734652860.0,5.62881630270141e-06,5.62881630270141e-06,5.62881630270141e-06,5.62881630270141e-06,0.0
1734652920.0,5.62881630270141e-06,5.62881630270141e-06,5.62881630270141e-06,5.62881630270141e-06,0.0
1734652980.0,5.62881630270141e-06,5.62881630270141e-06,5.62881630270141e-06,5.62881630270141e-06,0.0
1734653040.0,5.62881630270141e-06,5.62881630270141e-06,5.45432423617511e-06,5.45432423617511e-06,113.87875291859
1734653100.0,5.45432423617511e-06,5.45432423617511e-06,5.45432423617511e-06,5.45432423617511e-06,0.0
1734653160.0,5.45432423617511e-06,5.45432423617511e-06,5.15558524396259e-06,5.15558524396259e-06,58.6289111667
1734653220.0,5.15558524396259e-06,5.15558524396259e-06,5.1406718171385e-06,5.1406718171385e-06,0.00671482108
1734653280.0,5.1406718171385e-06,5.1406718171385e-06,5.10581971826517e-06,5.10581971826517e-06,20.67957937368
1734653340.0,5.10581971826517e-06,5.10581971826517e-06,5.10581971826517e-06,5.10581971826517e-06,0.0
1734653400.0,5.10581971826517e-06,5.10581971826517e-06,5.10581971826517e-06,5.10581971826517e-06,0.0
1734653460.0,5.10581971826517e-06,5.10581971826517e-06,5.10581971826517e-06,5.10581971826517e-06,0.0
1734653520.0,5.10581971826517e-06,5.10581971826517e-06,5.10581971826517e-06,5.10581971826517e-06,0.0
1734653580.0,5.10581971826517e-06,5.10581971826517e-06,5.08632880169467e-06,5.08632880169467e-06,3.0604404348
1734653640.0,5.08632880169467e-06,5.08632880169467e-06,5.08632880169467e-06,5.08632880169467e-06,0.0
1734653700.0,5.08632880169467e-06,5.62134682981534e-06,5.08632880169467e-06,5.22659353856878e-06,309.008
1734653760.0,5.22659353856878e-06,5.22659353856878e-06,5.22659353856878e-06,5.22659353856878e-06,0.0
1734653820.0,5.22659353856878e-06,5.22659353856878e-06,5.22659353856878e-06,5.22659353856878e-06,0.0
1734653880.0,5.22659353856878e-06,5.22659353856878e-06,5.22659353856878e-06,5.22659353856878e-06,0.0
1734653940.0,5.22659353856878e-06,5.81334176607024e-06,5.22659353856878e-06,5.81334176607024e-06,31.79729897658
1734654000.0,5.81334176607024e-06,5.81334176607024e-06,5.7500645693416e-06,5.7500645693416e-06,7.63849066662
1734654060.0,5.7500645693416e-06,5.7500645693416e-06,5.21453823632496e-06,5.21453823632496e-06,300.6038339713
1734654120.0,5.21453823632496e-06,5.21453823632496e-06,4.95930981541292e-06,4.95930981541292e-06,7.25341152
1734654180.0,4.95930981541292e-06,4.95930981541292e-06,4.95930981541292e-06,4.95930981541292e-06,0.0
1734654240.0,4.95930981541292e-06,4.95930981541292e-06,4.95930981541292e-06,4.95930981541292e-06,0.0
1734654300.0,4.95930981541292e-06,4.95930981541292e-06,4.95930981541292e-06,4.95930981541292e-06,0.0
1734654360.0,4.95930981541292e-06,4.9655665983124e-06,4.95930981541292e-06,4.9655665983124e-06,1.04817832
1734654420.0,4.9655665983124e-06,4.9655665983124e-06,4.9655665983124e-06,4.9655665983124e-06,0.0
1734654480.0,4.9655665983124e-06,4.9655665983124e-06,4.9655665983124e-06,4.9655665983124e-06,0.0
1734654540.0,4.9655665983124e-06,4.97857187787228e-06,4.9655665983124e-06,4.97857187787228e-06,0.1024369584
1734654600.0,4.97857187787228e-06,4.97857187787228e-06,4.97857187787228e-06,4.97857187787228e-06,0.0
1734654660.0,4.97857187787228e-06,4.97857187787228e-06,4.97857187787228e-06,4.97857187787228e-06,0.0
1734654720.0,4.97857187787228e-06,4.97857187787228e-06,4.9704980493474e-06,4.9704980493474e-06,13.7889266487
1734654780.0,4.9704980493474e-06,4.9704980493474e-06,4.96518789753265e-06,4.96518789753265e-06,7.61285830206
1734654840.0,4.96518789753265e-06,4.96518789753265e-06,4.96518789753265e-06,4.96518789753265e-06,0.0
1734654900.0,4.96518789753265e-06,4.96518789753265e-06,4.96518789753265e-06,4.96518789753265e-06,0.0
1734654960.0,4.96518789753265e-06,4.96518789753265e-06,4.96518789753265e-06,4.96518789753265e-06,0.0
1734655020.0,4.96518789753265e-06,4.98728965387679e-06,4.96518789753265e-06,4.98728965387679e-06,1.17953474472
1734655080.0,4.98728965387679e-06,4.98728965387679e-06,4.98728965387679e-06,4.98728965387679e-06,0.0
1734655140.0,4.98728965387679e-06,4.98728965387679e-06,4.98728965387679e-06,4.98728965387679e-06,0.0
1734655200.0,4.98728965387679e-06,4.98728965387679e-06,4.98728965387679e-06,4.98728965387679e-06,0.0
1734655260.0,4.98728965387679e-06,4.98728965387679e-06,4.98728965387679e-06,4.98728965387679e-06,0.0
1734655320.0,4.98728965387679e-06,4.98728965387679e-06,4.98728965387679e-06,4.98728965387679e-06,0.0
1734655380.0,4.98728965387679e-06,4.98728965387679e-06,4.98728965387679e-06,4.98728965387679e-06,0.0
1734655440.0,4.98728965387679e-06,4.98728965387679e-06,4.98728965387679e-06,4.98728965387679e-06,0.0
1734655500.0,4.98728965387679e-06,4.98728965387679e-06,4.98728965387679e-06,4.98728965387679e-06,0.0
1734655560.0,4.98728965387679e-06,4.99060157778361e-06,4.98728965387679e-06,4.99060157778361e-06,4.02288077256
1734655620.0,4.99060157778361e-06,4.99060157778361e-06,4.99060157778361e-06,4.99060157778361e-06,0.0
1734655680.0,4.99060157778361e-06,4.99060157778361e-06,4.99060157778361e-06,4.99060157778361e-06,0.0
1734655740.0,4.99060157778361e-06,4.99060157778361e-06,4.99060157778361e-06,4.99060157778361e-06,0.0
1734655800.0,4.99060157778361e-06,4.99060157778361e-06,4.99060157778361e-06,4.99060157778361e-06,0.0
1734655860.0,4.99060157778361e-06,4.99060157778361e-06,4.99060157778361e-06,4.99060157778361e-06,0.0
1734655920.0,4.99060157778361e-06,4.99060157778361e-06,4.99060157778361e-06,4.99060157778361e-06,0.0
1734655980.0,4.99060157778361e-06,4.99060157778361e-06,4.99060157778361e-06,4.99060157778361e-06,0.0
1734656040.0,4.99060157778361e-06,4.99060157778361e-06,4.99060157778361e-06,4.99060157778361e-06,0.0
1734656100.0,4.99060157778361e-06,4.99060157778361e-06,4.99060157778361e-06,4.99060157778361e-06,0.0
1734656160.0,4.99060157778361e-06,4.99060157778361e-06,4.99060157778361e-06,4.99060157778361e-06,0.0
1734656220.0,4.99060157778361e-06,4.99060157778361e-06,4.99060157778361e-06,4.99060157778361e-06,0.0
1734656280.0,4.99060157778361e-06,4.99060157778361e-06,4.99060157778361e-06,4.99060157778361e-06,0.0
1734656340.0,4.99060157778361e-06,4.99060157778361e-06,4.99060157778361e-06,4.99060157778361e-06,0.0
1734656400.0,4.99060157778361e-06,4.99060157778361e-06,4.99060157778361e-06,4.99060157778361e-06,0.0
1734656460.0,4.99060157778361e-06,4.99060157778361e-06,4.99060157778361e-06,4.99060157778361e-06,0.0
1734656520.0,4.99060157778361e-06,4.99060157778361e-06,4.96625138782405e-06,4.96625138782405e-06,2.36138428188
1734656580.0,4.96625138782405e-06,4.96625138782405e-06,4.96625138782405e-06,4.96625138782405e-06,0.0
1734656640.0,4.96625138782405e-06,4.96625138782405e-06,4.96009325670451e-06,4.96009325670451e-06,1.21639514528
1734656700.0,4.96009325670451e-06,4.96009325670451e-06,4.96009325670451e-06,4.96009325670451e-06,0.0
1734656760.0,4.96009325670451e-06,4.96009325670451e-06,4.96009325670451e-06,4.96009325670451e-06,0.0
1734656820.0,4.96009325670451e-06,4.96009325670451e-06,4.96009325670451e-06,4.96009325670451e-06,0.0
1734656880.0,4.96009325670451e-06,4.96009325670451e-06,4.96009325670451e-06,4.96009325670451e-06,0.0
1734656940.0,4.96009325670451e-06,4.96009325670451e-06,4.96009325670451e-06,4.96009325670451e-06,0.0
1734657000.0,4.96009325670451e-06,4.96009325670451e-06,4.96009325670451e-06,4.96009325670451e-06,0.0
1734657060.0,4.96009325670451e-06,4.96009325670451e-06,4.96009325670451e-06,4.96009325670451e-06,0.0
1734657120.0,4.96009325670451e-06,4.96009325670451e-06,4.96009325670451e-06,4.96009325670451e-06,0.0
1734657180.0,4.96009325670451e-06,4.96009325670451e-06,4.96009325670451e-06,4.96009325670451e-06,0.0
1734657240.0,4.96009325670451e-06,4.96009325670451e-06,4.96009325670451e-06,4.96009325670451e-06,0.0
1734657300.0,4.96009325670451e-06,4.96009325670451e-06,4.96009325670451e-06,4.96009325670451e-06,0.0
1734657360.0,4.96009325670451e-06,4.96009325670451e-06,4.96009325670451e-06,4.96009325670451e-06,0.0
1734657420.0,4.96009325670451e-06,4.96009325670451e-06,4.96009325670451e-06,4.96009325670451e-06,0.0
1734657480.0,4.96009325670451e-06,4.96009325670451e-06,4.96009325670451e-06,4.96009325670451e-06,0.0
1734657540.0,4.96009325670451e-06,4.96009325670451e-06,4.96009325670451e-06,4.96009325670451e-06,0.0
1734657600.0,4.96009325670451e-06,4.96009325670451e-06,4.96009325670451e-06,4.96009325670451e-06,0.0
1734657660.0,4.96009325670451e-06,4.96009325670451e-06,4.92373419801411e-06,4.92373419801411e-06,0.90354159729
1734657720.0,4.92373419801411e-06,4.92373419801411e-06,4.92373419801411e-06,4.92373419801411e-06,0.0
1734657780.0,4.92373419801411e-06,4.92373419801411e-06,4.92373419801411e-06,4.92373419801411e-06,0.0
1734657840.0,4.92373419801411e-06,4.92373419801411e-06,4.92373419801411e-06,4.92373419801411e-06,0.0
1734657900.0,4.92373419801411e-06,4.92373419801411e-06,4.92373419801411e-06,4.92373419801411e-06,0.0
1734657960.0,4.92373419801411e-06,4.92373419801411e-06,4.92373419801411e-06,4.92373419801411e-06,0.0
1734658020.0,4.92373419801411e-06,4.92373419801411e-06,4.92373419801411e-06,4.92373419801411e-06,0.0
1734658080.0,4.92373419801411e-06,4.92373419801411e-06,4.92373419801411e-06,4.92373419801411e-06,0.0
1734658140.0,4.92373419801411e-06,4.92373419801411e-06,4.92373419801411e-06,4.92373419801411e-06,0.0
1734658200.0,4.92373419801411e-06,4.92373419801411e-06,4.92373419801411e-06,4.92373419801411e-06,0.0
1734658260.0,4.92373419801411e-06,4.92373419801411e-06,4.92373419801411e-06,4.92373419801411e-06,0.0
1734658320.0,4.92373419801411e-06,4.92373419801411e-06,4.92373419801411e-06,4.92373419801411e-06,0.0
1734658380.0,4.92373419801411e-06,4.92373419801411e-06,4.92373419801411e-06,4.92373419801411e-06,0.0
1734658440.0,4.92373419801411e-06,4.92373419801411e-06,4.92373419801411e-06,4.92373419801411e-06,0.0
1734658500.0,4.92373419801411e-06,4.92373419801411e-06,4.92373419801411e-06,4.92373419801411e-06,0.0
1734658560.0,4.92373419801411e-06,4.92373419801411e-06,4.92373419801411e-06,4.92373419801411e-06,0.0
1734658620.0,4.92373419801411e-06,4.92373419801411e-06,4.92373419801411e-06,4.92373419801411e-06,0.0
1734658680.0,4.92373419801411e-06,4.92373419801411e-06,4.92373419801411e-06,4.92373419801411e-06,0.0
1734658740.0,4.92373419801411e-06,4.92373419801411e-06,4.92373419801411e-06,4.92373419801411e-06,0.0
1734658800.0,4.92373419801411e-06,4.92373419801411e-06,4.92373419801411e-06,4.92373419801411e-06,0.0
1734658860.0,4.92373419801411e-06,4.92373419801411e-06,4.92373419801411e-06,4.92373419801411e-06,0.0
1734658920.0,4.92373419801411e-06,4.92373419801411e-06,4.92373419801411e-06,4.92373419801411e-06,0.0
1734658980.0,4.92373419801411e-06,4.92373419801411e-06,4.92373419801411e-06,4.92373419801411e-06,0.0
1734659040.0,4.92373419801411e-06,4.92373419801411e-06,4.92373419801411e-06,4.92373419801411e-06,0.0
1734659100.0,4.92373419801411e-06,4.92373419801411e-06,4.92373419801411e-06,4.92373419801411e-06,0.0
1734659160.0,4.92373419801411e-06,4.92373419801411e-06,4.92373419801411e-06,4.92373419801411e-06,0.0
1734659220.0,4.92373419801411e-06,4.92373419801411e-06,4.92373419801411e-06,4.92373419801411e-06,0.0
1734659280.0,4.92373419801411e-06,4.92373419801411e-06,4.92373419801411e-06,4.92373419801411e-06,0.0
1734659340.0,4.92373419801411e-06,4.92373419801411e-06,4.92373419801411e-06,4.92373419801411e-06,0.0
1734659400.0,4.92373419801411e-06,4.92373419801411e-06,4.92373419801411e-06,4.92373419801411e-06,0.0
1734659460.0,4.92373419801411e-06,4.92373419801411e-06,4.92373419801411e-06,4.92373419801411e-06,0.0
1734659520.0,4.92373419801411e-06,4.92373419801411e-06,4.92373419801411e-06,4.92373419801411e-06,0.0
1734659580.0,4.92373419801411e-06,4.92373419801411e-06,4.92373419801411e-06,4.92373419801411e-06,0.0
1734659640.0,4.92373419801411e-06,4.92373419801411e-06,4.92373419801411e-06,4.92373419801411e-06,0.0
1734659700.0,4.92373419801411e-06,4.92373419801411e-06,4.92373419801411e-06,4.92373419801411e-06,0.0
1734659760.0,4.92373419801411e-06,4.92373419801411e-06,4.92373419801411e-06,4.92373419801411e-06,0.0
1734659820.0,4.92373419801411e-06,4.92373419801411e-06,4.92373419801411e-06,4.92373419801411e-06,0.0
1734659880.0,4.92373419801411e-06,4.92373419801411e-06,4.92373419801411e-06,4.92373419801411e-06,0.0
1734659940.0,4.92373419801411e-06,4.92373419801411e-06,4.92373419801411e-06,4.92373419801411e-06,0.0
1734660000.0,4.92373419801411e-06,4.92373419801411e-06,4.89058232619495e-06,4.89058232619495e-06,15.01725325035
1734660060.0,4.89058232619495e-06,4.89058232619495e-06,4.89058232619495e-06,4.89058232619495e-06,0.0
1734660120.0,4.89058232619495e-06,4.89058232619495e-06,4.89058232619495e-06,4.89058232619495e-06,0.0
1734660180.0,4.89058232619495e-06,4.89058232619495e-06,4.89058232619495e-06,4.89058232619495e-06,0.0
1734660240.0,4.89058232619495e-06,4.89058232619495e-06,4.89058232619495e-06,4.89058232619495e-06,0.0
1734660300.0,4.89058232619495e-06,4.89058232619495e-06,4.88057610292854e-06,4.88057610292854e-06,4.550871012
1734660360.0,4.88057610292854e-06,4.88057610292854e-06,4.88057610292854e-06,4.88057610292854e-06,0.0
1734660420.0,4.88057610292854e-06,4.88057610292854e-06,4.88057610292854e-06,4.88057610292854e-06,0.0
1734660480.0,4.88057610292854e-06,4.88057610292854e-06,4.88057610292854e-06,4.88057610292854e-06,0.0
1734660540.0,4.88057610292854e-06,4.88057610292854e-06,4.88057610292854e-06,4.88057610292854e-06,0.0
1734660600.0,4.88057610292854e-06,4.88057610292854e-06,4.88057610292854e-06,4.88057610292854e-06,0.0
1734660660.0,4.88057610292854e-06,4.88057610292854e-06,4.88057610292854e-06,4.88057610292854e-06,0.0
1734660720.0,4.88057610292854e-06,4.88057610292854e-06,4.88057610292854e-06,4.88057610292854e-06,0.0
1734660780.0,4.88057610292854e-06,4.88057610292854e-06,4.88057610292854e-06,4.88057610292854e-06,0.0
1734660840.0,4.88057610292854e-06,4.88057610292854e-06,4.88057610292854e-06,4.88057610292854e-06,0.0
1734660900.0,4.88057610292854e-06,4.88057610292854e-06,4.88057610292854e-06,4.88057610292854e-06,0.0
1734660960.0,4.88057610292854e-06,4.88057610292854e-06,4.88057610292854e-06,4.88057610292854e-06,0.0
1734661020.0,4.88057610292854e-06,4.88057610292854e-06,4.88057610292854e-06,4.88057610292854e-06,0.0
1734661080.0,4.88057610292854e-06,4.88057610292854e-06,4.88057610292854e-06,4.88057610292854e-06,0.0
1734661140.0,4.88057610292854e-06,4.88057610292854e-06,4.88057610292854e-06,4.88057610292854e-06,0.0
1734661200.0,4.88057610292854e-06,4.88057610292854e-06,4.88057610292854e-06,4.88057610292854e-06,0.0
1734661260.0,4.88057610292854e-06,4.88057610292854e-06,4.88057610292854e-06,4.88057610292854e-06,0.0
1734661320.0,4.88057610292854e-06,4.88057610292854e-06,4.88057610292854e-06,4.88057610292854e-06,0.0
1734661380.0,4.88057610292854e-06,4.88057610292854e-06,4.88057610292854e-06,4.88057610292854e-06,0.0
1734661440.0,4.88057610292854e-06,4.88057610292854e-06,4.88057610292854e-06,4.88057610292854e-06,0.0
1734661500.0,4.88057610292854e-06,4.88057610292854e-06,4.88057610292854e-06,4.88057610292854e-06,0.0
1734661560.0,4.88057610292854e-06,4.91476632691824e-06,4.88057610292854e-06,4.91476632691824e-06,7.82946265632
1734661620.0,4.91476632691824e-06,4.91476632691824e-06,4.91476632691824e-06,4.91476632691824e-06,0.0
1734661680.0,4.91476632691824e-06,4.91476632691824e-06,4.91476632691824e-06,4.91476632691824e-06,0.0
1734661740.0,4.91476632691824e-06,4.91476632691824e-06,4.91476632691824e-06,4.91476632691824e-06,0.0
1734661800.0,4.91476632691824e-06,4.91476632691824e-06,4.91476632691824e-06,4.91476632691824e-06,0.0
1734661860.0,4.91476632691824e-06,4.91476632691824e-06,4.91476632691824e-06,4.91476632691824e-06,0.0
1734661920.0,4.91476632691824e-06,4.91476632691824e-06,4.91476632691824e-06,4.91476632691824e-06,0.0
1734661980.0,4.91476632691824e-06,4.91476632691824e-06,4.91476632691824e-06,4.91476632691824e-06,0.0
1734662040.0,4.91476632691824e-06,4.91476632691824e-06,4.91476632691824e-06,4.91476632691824e-06,0.0
1734662100.0,4.91476632691824e-06,4.91476632691824e-06,4.91476632691824e-06,4.91476632691824e-06,0.0
1734662160.0,4.91476632691824e-06,4.91476632691824e-06,4.91476632691824e-06,4.91476632691824e-06,0.0
1734662220.0,4.91476632691824e-06,4.91476632691824e-06,4.91476632691824e-06,4.91476632691824e-06,0.0
1734662280.0,4.91476632691824e-06,4.91476632691824e-06,4.91476632691824e-06,4.91476632691824e-06,0.0
1734662340.0,4.91476632691824e-06,4.91476632691824e-06,4.91476632691824e-06,4.91476632691824e-06,0.0
1734662400.0,4.91476632691824e-06,4.91476632691824e-06,4.91476632691824e-06,4.91476632691824e-06,0.0
1734662460.0,4.91476632691824e-06,4.91476632691824e-06,4.91476632691824e-06,4.91476632691824e-06,0.0
1734662520.0,4.91476632691824e-06,4.91476632691824e-06,4.91476632691824e-06,4.91476632691824e-06,0.0
1734662580.0,4.91476632691824e-06,4.91476632691824e-06,4.91476632691824e-06,4.91476632691824e-06,0.0
1734662640.0,4.91476632691824e-06,4.91476632691824e-06,4.91476632691824e-06,4.91476632691824e-06,0.0
1734662700.0,4.91476632691824e-06,4.91476632691824e-06,4.91476632691824e-06,4.91476632691824e-06,0.0
1734662760.0,4.91476632691824e-06,4.91476632691824e-06,4.91476632691824e-06,4.91476632691824e-06,0.0
1734662820.0,4.91476632691824e-06,4.91476632691824e-06,4.91476632691824e-06,4.91476632691824e-06,0.0
1734662880.0,4.91476632691824e-06,4.91476632691824e-06,4.91476632691824e-06,4.91476632691824e-06,0.0
1734662940.0,4.91476632691824e-06,4.91476632691824e-06,4.91476632691824e-06,4.91476632691824e-06,0.0
1734663000.0,4.91476632691824e-06,4.91476632691824e-06,4.91476632691824e-06,4.91476632691824e-06,0.0
1734663060.0,4.91476632691824e-06,4.91476632691824e-06,4.91476632691824e-06,4.91476632691824e-06,0.0
1734663120.0,4.91476632691824e-06,4.91476632691824e-06,4.91476632691824e-06,4.91476632691824e-06,0.0
1734663180.0,4.91476632691824e-06,4.91476632691824e-06,4.91476632691824e-06,4.91476632691824e-06,0.0
1734663240.0,4.91476632691824e-06,4.91476632691824e-06,4.91476632691824e-06,4.91476632691824e-06,0.0
1734663300.0,4.91476632691824e-06,4.91476632691824e-06,4.91476632691824e-06,4.91476632691824e-06,0.0
1734663360.0,4.91476632691824e-06,4.91476632691824e-06,4.91476632691824e-06,4.91476632691824e-06,0.0
1734663420.0,4.91476632691824e-06,4.91476632691824e-06,4.91476632691824e-06,4.91476632691824e-06,0.0
1734663480.0,4.91476632691824e-06,4.91476632691824e-06,4.91476632691824e-06,4.91476632691824e-06,0.0
1734663540.0,4.91476632691824e-06,4.91476632691824e-06,4.91476632691824e-06,4.91476632691824e-06,0.0
1734663600.0,4.91476632691824e-06,4.91476632691824e-06,4.91476632691824e-06,4.91476632691824e-06,0.0
1734663660.0,4.91476632691824e-06,4.91476632691824e-06,4.91476632691824e-06,4.91476632691824e-06,0.0
1734663720.0,4.91476632691824e-06,4.91476632691824e-06,4.91476632691824e-06,4.91476632691824e-06,0.0
1734663780.0,4.91476632691824e-06,4.91476632691824e-06,4.91476632691824e-06,4.91476632691824e-06,0.0
1734663840.0,4.91476632691824e-06,4.91476632691824e-06,4.91476632691824e-06,4.91476632691824e-06,0.0
1734663900.0,4.91476632691824e-06,4.91476632691824e-06,4.91476632691824e-06,4.91476632691824e-06,0.0
1734663960.0,4.91476632691824e-06,4.95495814728916e-06,4.91476632691824e-06,4.95495814728916e-06,6.89074969188
1734664020.0,4.95495814728916e-06,4.95495814728916e-06,4.91732160876575e-06,4.91732160876575e-06,24.16758145984
1734664080.0,4.91732160876575e-06,4.91732160876575e-06,4.91732160876575e-06,4.91732160876575e-06,0.0
1734664140.0,4.91732160876575e-06,4.91732160876575e-06,4.91732160876575e-06,4.91732160876575e-06,0.0
1734664200.0,4.91732160876575e-06,4.91732160876575e-06,4.91732160876575e-06,4.91732160876575e-06,0.0
1734664260.0,4.91732160876575e-06,4.91732160876575e-06,4.91732160876575e-06,4.91732160876575e-06,0.0
1734664320.0,4.91732160876575e-06,4.91732160876575e-06,4.91732160876575e-06,4.91732160876575e-06,0.0
1734664380.0,4.91732160876575e-06,4.91732160876575e-06,4.91732160876575e-06,4.91732160876575e-06,0.0
1734664440.0,4.91732160876575e-06,4.91732160876575e-06,4.91732160876575e-06,4.91732160876575e-06,0.0
1734664500.0,4.91732160876575e-06,4.91732160876575e-06,4.91732160876575e-06,4.91732160876575e-06,0.0
1734664560.0,4.91732160876575e-06,4.91732160876575e-06,4.91732160876575e-06,4.91732160876575e-06,0.0
1734664620.0,4.91732160876575e-06,4.91732160876575e-06,4.91732160876575e-06,4.91732160876575e-06,0.0
1734664680.0,4.91732160876575e-06,4.91732160876575e-06,4.91732160876575e-06,4.91732160876575e-06,0.0
1734664740.0,4.91732160876575e-06,4.91732160876575e-06,4.91732160876575e-06,4.91732160876575e-06,0.0
1734664800.0,4.91732160876575e-06,4.91732160876575e-06,4.91732160876575e-06,4.91732160876575e-06,0.0
1734664860.0,4.91732160876575e-06,4.91732160876575e-06,4.91732160876575e-06,4.91732160876575e-06,0.0
1734664920.0,4.91732160876575e-06,4.91732160876575e-06,4.91732160876575e-06,4.91732160876575e-06,0.0
1734664980.0,4.91732160876575e-06,4.91732160876575e-06,4.91732160876575e-06,4.91732160876575e-06,0.0
1734665040.0,4.91732160876575e-06,4.91732160876575e-06,4.91732160876575e-06,4.91732160876575e-06,0.0
1734665100.0,4.91732160876575e-06,4.91732160876575e-06,4.91732160876575e-06,4.91732160876575e-06,0.0
1734665160.0,4.91732160876575e-06,4.91732160876575e-06,4.91732160876575e-06,4.91732160876575e-06,0.0
1734665220.0,4.91732160876575e-06,4.91732160876575e-06,4.91732160876575e-06,4.91732160876575e-06,0.0
1734665280.0,4.91732160876575e-06,4.91732160876575e-06,4.91732160876575e-06,4.91732160876575e-06,0.0
1734665340.0,4.91732160876575e-06,4.91732160876575e-06,4.91732160876575e-06,4.91732160876575e-06,0.0
1734665400.0,4.91732160876575e-06,4.91732160876575e-06,4.91732160876575e-06,4.91732160876575e-06,0.0
1734665460.0,4.91732160876575e-06,4.91732160876575e-06,4.91732160876575e-06,4.91732160876575e-06,0.0
1734665520.0,4.91732160876575e-06,4.91732160876575e-06,4.91732160876575e-06,4.91732160876575e-06,0.0
1734665580.0,4.91732160876575e-06,4.91732160876575e-06,4.91732160876575e-06,4.91732160876575e-06,0.0
1734665640.0,4.91732160876575e-06,4.91732160876575e-06,4.91732160876575e-06,4.91732160876575e-06,0.0
1734665700.0,4.91732160876575e-06,4.91732160876575e-06,4.91732160876575e-06,4.91732160876575e-06,0.0
1734665760.0,4.91732160876575e-06,4.91732160876575e-06,4.8903759407957e-06,4.8903759407957e-06,9.845
1734665820.0,4.8903759407957e-06,4.8903759407957e-06,4.8903759407957e-06,4.8903759407957e-06,0.0
1734665880.0,4.8903759407957e-06,4.8903759407957e-06,4.8903759407957e-06,4.8903759407957e-06,0.0
1734665940.0,4.8903759407957e-06,4.8903759407957e-06,4.8903759407957e-06,4.8903759407957e-06,0.0
1734666000.0,4.8903759407957e-06,4.8903759407957e-06,4.8903759407957e-06,4.8903759407957e-06,0.0
1734666060.0,4.8903759407957e-06,4.8903759407957e-06,4.8903759407957e-06,4.8903759407957e-06,0.0
1734666120.0,4.8903759407957e-06,4.8903759407957e-06,4.8903759407957e-06,4.8903759407957e-06,0.0
1734666180.0,4.8903759407957e-06,4.8903759407957e-06,4.8903759407957e-06,4.8903759407957e-06,0.0
1734666240.0,4.8903759407957e-06,4.8903759407957e-06,4.8903759407957e-06,4.8903759407957e-06,0.0
1734666300.0,4.8903759407957e-06,4.8903759407957e-06,4.8903759407957e-06,4.8903759407957e-06,0.0
1734666360.0,4.8903759407957e-06,4.8903759407957e-06,4.8903759407957e-06,4.8903759407957e-06,0.0
1734666420.0,4.8903759407957e-06,4.8903759407957e-06,4.8903759407957e-06,4.8903759407957e-06,0.0
1734666480.0,4.8903759407957e-06,4.8903759407957e-06,4.8903759407957e-06,4.8903759407957e-06,0.0
1734666540.0,4.8903759407957e-06,4.8903759407957e-06,4.8903759407957e-06,4.8903759407957e-06,0.0
1734666600.0,4.8903759407957e-06,4.8903759407957e-06,4.8903759407957e-06,4.8903759407957e-06,0.0
1734666660.0,4.8903759407957e-06,4.8903759407957e-06,4.8903759407957e-06,4.8903759407957e-06,0.0
1734666720.0,4.8903759407957e-06,4.8903759407957e-06,4.8903759407957e-06,4.8903759407957e-06,0.0
1734666780.0,4.8903759407957e-06,4.8903759407957e-06,4.8903759407957e-06,4.8903759407957e-06,0.0
1734666840.0,4.8903759407957e-06,4.8903759407957e-06,4.8903759407957e-06,4.8903759407957e-06,0.0
1734666900.0,4.8903759407957e-06,4.8903759407957e-06,4.8903759407957e-06,4.8903759407957e-06,0.0
1734666960.0,4.8903759407957e-06,4.8903759407957e-06,4.8903759407957e-06,4.8903759407957e-06,0.0
1734667020.0,4.8903759407957e-06,4.8903759407957e-06,4.8903759407957e-06,4.8903759407957e-06,0.0
1734667080.0,4.8903759407957e-06,4.8903759407957e-06,4.8903759407957e-06,4.8903759407957e-06,0.0
1734667140.0,4.8903759407957e-06,4.8903759407957e-06,4.8903759407957e-06,4.8903759407957e-06,0.0
1734667200.0,4.8903759407957e-06,4.8903759407957e-06,4.8903759407957e-06,4.8903759407957e-06,0.0
1734667260.0,4.8903759407957e-06,4.8903759407957e-06,4.8903759407957e-06,4.8903759407957e-06,0.0
1734667320.0,4.8903759407957e-06,4.8903759407957e-06,4.8903759407957e-06,4.8903759407957e-06,0.0
1734667380.0,4.8903759407957e-06,4.8903759407957e-06,4.8903759407957e-06,4.8903759407957e-06,0.0
1734667440.0,4.8903759407957e-06,4.8903759407957e-06,4.8903759407957e-06,4.8903759407957e-06,0.0
1734667500.0,4.8903759407957e-06,4.8903759407957e-06,4.8903759407957e-06,4.8903759407957e-06,0.0
1734667560.0,4.8903759407957e-06,4.8903759407957e-06,4.8903759407957e-06,4.8903759407957e-06,0.0
1734667620.0,4.8903759407957e-06,4.8903759407957e-06,4.8903759407957e-06,4.8903759407957e-06,0.0
1734667680.0,4.8903759407957e-06,4.8903759407957e-06,4.8903759407957e-06,4.8903759407957e-06,0.0
1734667740.0,4.8903759407957e-06,4.8903759407957e-06,4.8903759407957e-06,4.8903759407957e-06,0.0
1734667800.0,4.8903759407957e-06,4.8903759407957e-06,4.8903759407957e-06,4.8903759407957e-06,0.0
1734667860.0,4.8903759407957e-06,4.8903759407957e-06,4.8903759407957e-06,4.8903759407957e-06,0.0
1734667920.0,4.8903759407957e-06,4.8903759407957e-06,4.8903759407957e-06,4.8903759407957e-06,0.0
1734667980.0,4.8903759407957e-06,4.8903759407957e-06,4.8903759407957e-06,4.8903759407957e-06,0.0
1734668040.0,4.8903759407957e-06,4.8903759407957e-06,4.8903759407957e-06,4.8903759407957e-06,0.0
1734668100.0,4.8903759407957e-06,4.8903759407957e-06,4.8903759407957e-06,4.8903759407957e-06,0.0
1734668160.0,4.8903759407957e-06,4.8903759407957e-06,4.8903759407957e-06,4.8903759407957e-06,0.0
1734668220.0,4.8903759407957e-06,4.8903759407957e-06,4.8903759407957e-06,4.8903759407957e-06,0.0
1734668280.0,4.8903759407957e-06,4.8903759407957e-06,4.8903759407957e-06,4.8903759407957e-06,0.0
1734668340.0,4.8903759407957e-06,4.8903759407957e-06,4.8903759407957e-06,4.8903759407957e-06,0.0
1734668400.0,4.8903759407957e-06,4.8903759407957e-06,4.8903759407957e-06,4.8903759407957e-06,0.0
1734668460.0,4.8903759407957e-06,4.8903759407957e-06,4.8903759407957e-06,4.8903759407957e-06,0.0
1734668520.0,4.8903759407957e-06,4.8903759407957e-06,4.8903759407957e-06,4.8903759407957e-06,0.0
1734668580.0,4.8903759407957e-06,4.8903759407957e-06,4.8903759407957e-06,4.8903759407957e-06,0.0
1734668640.0,4.8903759407957e-06,4.8903759407957e-06,4.8903759407957e-06,4.8903759407957e-06,0.0
1734668700.0,4.8903759407957e-06,4.8903759407957e-06,4.8903759407957e-06,4.8903759407957e-06,0.0
1734668760.0,4.8903759407957e-06,4.8903759407957e-06,4.8903759407957e-06,4.8903759407957e-06,0.0
1734668820.0,4.8903759407957e-06,4.8903759407957e-06,4.8903759407957e-06,4.8903759407957e-06,0.0
1734668880.0,4.8903759407957e-06,4.8903759407957e-06,4.8903759407957e-06,4.8903759407957e-06,0.0
1734668940.0,4.8903759407957e-06,4.8903759407957e-06,4.8903759407957e-06,4.8903759407957e-06,0.0
1734669000.0,4.8903759407957e-06,4.8903759407957e-06,4.8903759407957e-06,4.8903759407957e-06,0.0
1734669060.0,4.8903759407957e-06,4.8903759407957e-06,4.8903759407957e-06,4.8903759407957e-06,0.0
1734669120.0,4.8903759407957e-06,4.8903759407957e-06,4.8903759407957e-06,4.8903759407957e-06,0.0
1734669180.0,4.8903759407957e-06,4.8903759407957e-06,4.8903759407957e-06,4.8903759407957e-06,0.0
1734669240.0,4.8903759407957e-06,4.8903759407957e-06,4.8903759407957e-06,4.8903759407957e-06,0.0
1734669300.0,4.8903759407957e-06,4.8903759407957e-06,4.8903759407957e-06,4.8903759407957e-06,0.0
1734669360.0,4.8903759407957e-06,4.8903759407957e-06,4.8903759407957e-06,4.8903759407957e-06,0.0
1734669420.0,4.8903759407957e-06,4.8903759407957e-06,4.8903759407957e-06,4.8903759407957e-06,0.0
1734669480.0,4.8903759407957e-06,4.8903759407957e-06,4.8903759407957e-06,4.8903759407957e-06,0.0
1734669540.0,4.8903759407957e-06,4.8903759407957e-06,4.8903759407957e-06,4.8903759407957e-06,0.0
1734669600.0,4.8903759407957e-06,4.8903759407957e-06,4.8903759407957e-06,4.8903759407957e-06,0.0
1734669660.0,4.8903759407957e-06,4.8903759407957e-06,4.8903759407957e-06,4.8903759407957e-06,0.0
1734669720.0,4.8903759407957e-06,4.8903759407957e-06,4.8903759407957e-06,4.8903759407957e-06,0.0
1734669780.0,4.8903759407957e-06,4.8903759407957e-06,4.8903759407957e-06,4.8903759407957e-06,0.0
1734669840.0,4.8903759407957e-06,4.8903759407957e-06,4.8903759407957e-06,4.8903759407957e-06,0.0
1734669900.0,4.8903759407957e-06,4.8903759407957e-06,4.8903759407957e-06,4.8903759407957e-06,0.0
1734669960.0,4.8903759407957e-06,4.8903759407957e-06,4.8903759407957e-06,4.8903759407957e-06,0.0
1734670020.0,4.8903759407957e-06,4.8903759407957e-06,4.8903759407957e-06,4.8903759407957e-06,0.0
