time,open,high,low,close,volume,usd_vol,price_change,vol_change,norm_open,mov_in_min
1739116800.0,6.27872583188768e-05,0.000154177517436,4.83130387175915e-05,0.0001033359944744,73101.60823733783,6.071938472403179,0.6458115426793903,0.0,1.0,1.6860822012765078
1739116860.0,0.0001033359944744,0.0002067050304149,9.40830769371115e-05,0.0001824319049619,49909.97933783013,7.131334978140426,0.7654245830778245,0.17447418325336794,1.6458115426793904,1.089861805178533
1739116920.0,0.0001824319049619,0.0002065225052317,0.000117325555565,0.0001495609579319,48777.10929747988,8.096826079677069,-0.18018200838754017,0.1353871476373144,2.905556156559434,0.48893284146393334
1739116980.0,0.0001495609579319,0.0002754704326868,0.0001495609579319,0.0002562490263748,61439.19908597849,12.466320208448574,0.7133417030631652,0.5396551791743286,2.382027212787773,0.8418605797659486
1739117040.0,0.0002562490263748,0.0002859421686778,0.0002208444004223,0.0002450387333568,45542.32779908306,11.414905737682256,-0.04374765116806094,-0.08434040303679684,4.081226561500608,0.2540410364731901
1739117100.0,0.0002450387333568,0.0002913796561743,0.0001183939357709,0.0001453815442125,57221.22416669816,11.170163111008714,-0.40669973999249137,-0.02144061740830773,3.902682485550254,0.7059525571066192
1739117160.0,0.0001453815442125,0.0002329517554833,0.0001317623846249,0.000218692473835,59681.2897241887,10.864203476071175,0.5042657238207866,-0.027390793840423085,2.315462533403716,0.6960262487685125
1739117220.0,0.000218692473835,0.0002230680344488,0.0001642053368131,0.0001835902030089,19209.94026803188,3.8639130965176456,-0.16050973410536346,-0.6443445573319698,3.483070923790453,0.26915739990261833
1739117280.0,0.0001835902030089,0.0002238804036896,0.0001809434994375,0.0002010451866862,15523.70119522684,2.9854824293681825,0.0950757904900505,-0.22734224223136626,2.9240041359427247,0.23387361388787475
1739117340.0,0.0002010451866862,0.0003075482098048,0.0002009275535999,0.0002796802994536,19658.32744443954,4.7251295087117855,0.3911315364646709,0.5827021664005453,3.202006140563656,0.5303318023291854
1739117400.0,0.0002796802994536,0.0002887170055435,0.0002099159694314,0.0002130375424505,19724.6373005642,4.859340361537553,-0.23828191378977087,0.02840363477409907,4.45441172209163,0.2817539750423978
1739117460.0,0.0002130375424505,0.0004641851439922,0.0001997345874417,0.0002807812985796,54375.05643828759,13.425713675650726,0.31798975593628276,1.7628675245548493,3.3930059721440475,1.2413331167296298
1739117520.0,0.0002807812985796,0.0003419561166089,0.0002401408036211,0.000311888678773,25118.88110959886,7.443603349174304,0.11078864707430386,-0.44557112351693867,4.471947113116483,0.36261429626138686
1739117580.0,0.000311888678773,0.0003370425104,0.0002785808761374,0.0003207109725842,19978.27491629253,6.319124873382474,0.028286675380163676,-0.15106641542319216,4.967388083566497,0.1874439126568931
1739117640.0,0.0003207109725842,0.0003519133826398,0.0002864198007975,0.0003300690546103,32183.01479693421,10.47203162237492,0.02917917634901971,0.6571964998643074,5.107898977773636,0.2042137233864214
1739117700.0,0.0003300690546103,0.0003726136330258,0.0003110614288954,0.0003464253287239,21815.99847328218,7.379200217001439,0.049554097499116496,-0.2953420613021476,5.25694326281907,0.18648280797808314
1739117760.0,0.0003464253287239,0.0004637093312336,0.0003143400992684,0.0003547129938699,35114.32872028922,12.310000768975438,0.02392338105452216,0.6682025703291793,5.51744634181213,0.43117295295762514
1739117820.0,0.0003547129938699,0.0005165408123411,0.0003547129938699,0.0004203733432062,58675.86125969075,22.73942918927957,0.1851083847252086,0.8472321501871175,5.649442313095181,0.45622185053236164
1739117880.0,0.0004203733432062,0.0005255081815349,0.0004019006018009,0.0004464661036573,32991.82370283323,14.299307104791032,0.06207044493375757,-0.3711668403913853,6.695201454270476,0.29404238335200167
1739117940.0,0.0004464661036573,0.0005433056107406,0.0001960121151505,0.0002151936087455,85470.09457255142,28.27605909695724,-0.5180068386318549,0.9774426054171009,7.1107755874581855,0.7778720327146644
1739118000.0,0.0002151936087455,0.0003126782459018,0.0001840684397709,0.0002936809292066,44881.11383830474,11.419428033621463,0.364728864015304,-0.5961449933859313,3.4273452051784,0.5976469602450004
1739118060.0,0.0002936809292066,0.0002936809292066,0.000245034273994,0.0002695148705612,20914.05135863575,5.8893529406558525,-0.08228678215737854,-0.4842690086301851,4.677396928451417,0.16564458354181327
1739118120.0,0.0002695148705612,0.0003124029180582,0.0001997936095906,0.0002038679584656,16705.79978536595,3.954119381775921,-0.24357435995611693,-0.32859867261825526,4.292508986336344,0.4178222457006479
1739118180.0,0.0002038679584656,0.0002501373773699,0.0001990000838821,0.0002479413653151,14477.33261421298,3.2704969292879205,0.21618604110825387,-0.17288867292139368,3.2469638573835886,0.25083536359848696
1739118240.0,0.0002479413653151,0.0002655396079626,0.0002166925224156,0.0002237978274281,13852.92739588901,3.2674843934334206,-0.09737599797563765,-0.0009211248075245287,3.9489121193329315,0.1970106338848378
1739118300.0,0.0002237978274281,0.0002237978274281,0.0001942008154614,0.0001945660639278,5571.44388417156,1.165445471926522,-0.1306168332205608,-0.6433202636656237,3.564382860794797,0.13224887974486124
1739118360.0,0.0001945660639278,0.0002174549083774,0.0001897131460622,0.0002031747902765,9463.85272179492,1.8820804328152005,0.044245775316164825,0.6149021795966619,3.0988144591321376,0.142582739020174
1739118420.0,0.0002031747902765,0.0002489322257834,0.0001999240535104,0.0002405477097418,7162.7380958,1.5891340274223469,0.18394466860007233,-0.15565031137094754,3.235923907437381,0.24121187577604936
1739118480.0,0.0002405477097418,0.000395432426187,0.0002283309054763,0.0003022935051725,32789.14945068503,8.899650861908206,0.25668835299648846,4.600314830803715,3.831154858206001,0.6946710109610441
1739118540.0,0.0003022935051725,0.0003424918839456,0.0002915581938096,0.0003032987365081,12888.4117300744,3.9025610756591487,0.003325348769985673,-0.5614927893000078,4.814567688833395,0.16849085165404162
1739118600.0,0.0003032987365081,0.0003275151447244,0.0002627242560835,0.0002642170318464,14092.62356615409,3.9988930456383365,-0.12885548127120636,0.024684295290091567,4.83057780557547,0.21362070078775183
1739118660.0,0.0002642170318464,0.0003005895557352,0.0002505886720266,0.0002945286883843,6217.82544497556,1.7370916782608208,0.11472256851148557,-0.5656068670915073,4.208131377620035,0.18924171299323184
1739118720.0,0.0002945286883843,0.0003150994584657,0.0002904834917309,0.0003126085066959,7727.7304160049,2.345896284554581,0.061385593406132075,0.35047350344991374,4.690899017894381,0.08357748397901787
1739118780.0,0.0003126085066959,0.000348608843988,0.0003126085066959,0.0003470920508128,6081.75287925822,2.0060678825383946,0.1103090395119829,-0.14486079553201991,4.97885263771607,0.11516109293570986
1739118840.0,0.0003470920508128,0.0003744747984219,0.0003277742256509,0.0003492691267614,8343.4323663048,2.9050211938053527,0.006272330188783837,0.4481170946864769,5.528065090054232,0.13454809080657226
1739118900.0,0.0003492691267614,0.0004179918299458,0.0003436606042116,0.0003605527101286,11635.4313042673,4.129541610701212,0.032306271876438315,0.4215185828960622,5.562738939604142,0.2128193419883307
1739118960.0,0.0003605527101286,0.0004443914898039,0.0002869160069997,0.0003399472396775,29076.52312645197,10.184051495307756,-0.05714967568473009,1.4661457506365858,5.742450296164643,0.43676133441912696
1739119020.0,0.0003399472396775,0.0003999234945059,0.0003343070852524,0.0003868839970276,18696.0903195122,6.7944512242406505,0.1380707117805333,-0.3328341645394119,5.414271124103152,0.19301939123185324
1739119080.0,0.0003868839970276,0.0004384124255637,0.0003733309329778,0.0004182100625917,14455.64167047911,5.819075618443973,0.0809701766027434,-0.14355472923505835,6.161823391980862,0.16821965520909654
1739119140.0,0.0004182100625917,0.0004230514617967,0.000354538231737,0.0003633256872745,13848.20416150496,5.411433311831005,-0.1312363814899017,-0.07005275980963656,6.660747320224468,0.1638249200296975
1739119200.0,0.0003633256872745,0.0004176398929762,0.0003629588090503,0.0003762104473409,8355.40464632203,3.089561827644274,0.03546338868318238,-0.4290677442352341,5.786614943899649,0.15050156331112188
1739119260.0,0.0003762104473409,0.0004376532399533,0.0002983705192934,0.0003134192206274,21140.4934307964,7.289555732683074,-0.16690452686073934,1.3594140979665092,5.991827918815074,0.37022555233212356
1739119320.0,0.0003134192206274,0.0003257836431827,0.0002868033740535,0.0003187770973606,10244.2745693759,3.238196331608774,0.017094920734199645,-0.5557759004310558,4.991764714994275,0.12437102310180466
1739119380.0,0.0003187770973606,0.0003368385320005,0.0003018617654595,0.0003032451843016,10100.78461973086,3.141456547871724,-0.04872342833785928,-0.029874588761883012,5.077098537120877,0.10972170469773238
1739119440.0,0.0003032451843016,0.0003344151918748,0.000262907284898,0.000262907284898,9091.42702035153,2.5735669280599907,-0.13302074193363275,-0.180772712007259,4.829724890383218,0.23580887901481073
1739119500.0,0.000262907284898,0.000262907284898,0.0001881787143677,0.0002217129156364,19786.83014169582,4.79454879560437,-0.15668781972923324,0.8629975165318907,4.187271302129109,0.2842392539989616
1739119560.0,0.0002217129156364,0.0002846500909529,0.0002196032204594,0.0002846231332319,20024.89585565003,5.069663323274515,0.2837462915271482,0.057380691989696614,3.5311768911837116,0.293383316469367
1739119620.0,0.0002846231332319,0.0003013423096116,0.0002791953511493,0.0002996662634615,7027.6084896178,2.0530785622981,0.05285280243662924,-0.5950266454830361,4.533135238783454,0.07781151943210289
1739119680.0,0.0002996662634615,0.0003658659345012,0.0002991299569934,0.0003266118070313,13819.26081855136,4.327350000539549,0.08991850887232718,1.1077371709028798,4.772724139977398,0.22270100323246436
1739119740.0,0.0003266118070313,0.0003313816800031,0.0002739672821612,0.0002825779439849,7724.89287694865,2.352962784167582,-0.1348201813236351,-0.45625780584556214,5.201880377903126,0.17578788214596855
1739119800.0,0.0002825779439849,0.0002999533315207,0.0002493311538203,0.0002559299960067,9486.43046759637,2.554259064489436,-0.09430300044798971,0.08555013350670879,4.500561922130367,0.17914412210142291
1739119860.0,0.0002559299960067,0.0002967272317359,0.0002559299960067,0.0002967272317359,6192.13169305611,1.7110631676507408,0.15940779262205743,-0.33011369463701573,4.076145429171501,0.15940779262205743
1739119920.0,0.0002967272317359,0.0003080953532916,0.0002443240881922,0.0002464255114478,5636.23701090866,1.530668796854268,-0.16952175233067482,-0.10542823561806373,4.725914774442219,0.21491544515927405
1739119980.0,0.0002464255114478,0.0002838882238698,0.0002426753364006,0.0002824813185656,3549.361740581,0.9386408333907703,0.1463152370303091,-0.3867773124272184,3.9247694205133485,0.1672427794795511
1739120040.0,0.0002824813185656,0.0002921089146477,0.0002753515087836,0.0002755360965737,2895.00590769464,0.8077318567123829,-0.0245864824872911,-0.139466526515247,4.499022988565068,0.05932217376069931
1739120100.0,0.0002755360965737,0.0002797164445168,0.0002707424172264,0.0002779863568012,1653.54568405873,0.45763733190383277,0.008892701384570195,-0.4334291409942641,4.388407838646793,0.03256933447919279
1739120160.0,0.0002779863568012,0.0002779863568012,0.0002394120478514,0.0002403701236453,3291.66743252218,0.8531285725612823,-0.13531683205158512,0.8642023128055415,4.427432639109586,0.13876331699755376
1739120220.0,0.0002403701236453,0.0002403701236453,0.0002110744937208,0.0002243520136582,8491.64689740818,1.973128147695082,-0.06663935494220154,1.312814517243645,3.8283264802634878,0.12187716792844783
1739120280.0,0.0002243520136582,0.0002546881564877,0.0002243520136582,0.0002486918082821,5923.53621792667,1.4010461059649109,0.10848930761540501,-0.2899365874428638,3.5732092731105802,0.13521671740248828
1739120340.0,0.0002486918082821,0.0002623548773976,0.0002425455174573,0.0002435386164778,4283.55772160764,1.054248718395239,-0.020721196407300004,-0.24752746258184702,3.9608642731152917,0.07965425189168089
1739120400.0,0.0002435386164778,0.00025254494472,0.0002422725147324,0.0002449972210895,2034.76583485412,0.497028015691892,0.005989212851724343,-0.5285476690467688,3.878790426569412,0.04217988151598286
1739120460.0,0.0002449972210895,0.0002507148745856,0.0001774570692172,0.0001774570692172,7221.71804711071,1.5254228861936214,-0.2756772161412675,2.069088337143619,3.902021328041367,0.2990148420566703
1739120520.0,0.0001774570692172,0.0001862130530378,0.0001240292135925,0.0001776213880925,32154.24027153284,5.708639015790655,0.0009259640995133264,2.74233208866781,2.8263229510030716,0.3504162427544072
1739120580.0,0.0001776213880925,0.0001789591801272,0.0001231021329482,0.0001247926004108,17829.94700005826,2.6960126935450335,-0.2974235718402804,-0.5277310956100748,2.828940024589331,0.3144725293437709
1739120640.0,0.0001247926004108,0.0001536281891628,0.0001153600555476,0.0001366543183345,12009.72980201538,1.5699534258502617,0.09505145244712325,-0.41767580337839477,1.9875465779540415,0.30665386801161765
1739120700.0,0.0001366543183345,0.0001366543183345,8.23809212079735e-05,8.26981296345039e-05,20844.15492075042,2.2861082038558815,-0.3948370557008167,0.456163072237485,2.1764657669948826,0.39715830270125124
1739120760.0,8.26981296345039e-05,8.26981296345039e-05,6.0044448450768e-05,6.06154935157978e-05,14047.91169068685,1.0066285610439065,-0.2670270321264028,-0.5596758896424636,1.3171164317210036,0.27393220721988576
1739120820.0,6.06154935157978e-05,8.91179751794601e-05,6.06154935157978e-05,7.21180583621659e-05,8772.89094948105,0.5822284879813306,0.1897627847139489,-0.42160543569562464,0.9654107399936261,0.47021776134238497
1739120880.0,7.21180583621659e-05,7.44538148357294e-05,7.03179100291913e-05,7.03983214092752e-05,2367.93359303233,0.1687346616090743,-0.023846134961848967,-0.7101916771642324,1.1486097704075706,0.05734908704513665
1739120940.0,7.03983214092752e-05,7.11559584367132e-05,6.82394501420455e-05,6.90992272820976e-05,1633.34440837225,0.11392377056834473,-0.01845348157699736,-0.3248348058309196,1.1212198668039335,0.041428662449378324
1739121000.0,6.90992272820976e-05,6.98235937575495e-05,6.24051444109426e-05,6.65661785334164e-05,4111.39629217217,0.2788871232229685,-0.03665813422688541,1.4480152107997475,1.1005294566481036,0.10735936765719645
1739121060.0,6.65661785334164e-05,8.46131855476504e-05,6.5897464668852e-05,8.46131855476504e-05,3637.39724481575,0.2749497011907348,0.2711137609495542,-0.014118335714932739,1.060186100105656,0.281159611249173
1739121120.0,8.46131855476504e-05,9.57703256705386e-05,8.24173702678969e-05,9.57703256705386e-05,4203.19735572924,0.3790937486847239,0.1318605374644002,0.37877490698469074,1.347617141011741,0.15781175612543163
1739121180.0,9.57703256705386e-05,0.0001349930917415,9.32620520486354e-05,0.0001109059790803,12460.63366530769,1.2876588603998456,0.15804116049296787,2.396676586906044,1.5253146615217876,0.4357408142938177
1739121240.0,0.0001109059790803,0.0001256810477955,0.0001101586180755,0.0001137186722928,4332.74610135576,0.48662079125259794,0.025361060204549563,-0.6220887331125172,1.7663771607456296,0.13996026047217158
1739121300.0,0.0001137186722928,0.0001480724100758,0.0001005370424268,0.0001010653205156,11791.43450254123,1.2663056916972677,-0.1112689017738482,1.6022432959300879,1.8111743582632407,0.41800846501801486
1739121360.0,0.0001010653205156,0.0001451850649929,0.0001010653205156,0.0001294317683805,7370.65217497727,0.8494569347989842,0.2806743967187188,-0.3291849350685367,1.6096469764983357,0.43654682191889804
1739121420.0,0.0001294317683805,0.0001572342295405,0.0001275839244814,0.0001572342295405,5174.80099953179,0.7417197462866844,0.21480399679209422,-0.12683066568618315,2.0614336705571157,0.22908058377086238
1739121480.0,0.0001572342295405,0.000179351526325,0.0001551282335796,0.0001791272328201,6041.08677000576,1.0159943901032054,0.1392381502652441,0.36978204394535596,2.5042378621145813,0.154058647510723
1739121540.0,0.0001791272328201,0.0002142107734562,0.0001791272328201,0.000204256155268,8767.32713265377,1.680623790296765,0.1402853270956143,0.6541664074799134,2.852923309859605,0.1958582181154714
1739121600.0,0.000204256155268,0.0002069101901977,0.0001661118605278,0.0001675408334244,5642.57120093928,1.0489454904958417,-0.1797513607138381,-0.3758594299616461,3.2531465895619625,0.19974100470249925
1739121660.0,0.0001675408334244,0.0001715315306397,0.0001556416227464,0.0001714755640859,6836.47632477818,1.1588387876453772,0.023485204060868466,0.10476549844128538,2.668389063486618,0.09484200101266692
1739121720.0,0.0001714755640859,0.0001811277693899,0.0001658587648441,0.0001718572749697,3778.75447801477,0.6486852515154364,0.002226036612474876,-0.44022821946313356,2.7310567251563906,0.08904478388623951
1739121780.0,0.0001718572749697,0.0001751436086566,0.0001373966470188,0.0001380912738599,4587.68718634386,0.7109734929457151,-0.19647699590112355,0.09602228705641602,2.7371361574173347,0.21964133694343246
1739121840.0,0.0001380912738599,0.0001388165025955,0.0001182259674512,0.000126942095015,4501.69598770187,0.5965498266356235,-0.08073775071559815,-0.16093942663883276,2.199351867835632,0.14910815556086504
1739121900.0,0.000126942095015,0.0001323185752227,0.0001250788959915,0.0001317500779919,1987.54331743233,0.2570809498659561,0.03787540276794605,-0.5690536843907545,2.0217811449944336,0.05703135142321795
1739121960.0,0.0001317500779919,0.0001345468306303,0.0001297147730213,0.0001317690712668,2231.61927385015,0.2940372062571547,0.0001441613939778655,0.1437533835566885,2.0983569201697367,0.036675937370580385
1739122020.0,0.0001317690712668,0.0001329649799996,0.0001275012816734,0.0001282978721123,810.18877134954,0.1053516586624717,-0.02634304940551395,-0.6417063676957439,2.0986594222284114,0.04146419393923914
1739122080.0,0.0001282978721123,0.0001282978721123,8.9737550228834e-05,9.75221159276869e-05,5590.94883104203,0.631273999079045,-0.2398773703563444,4.9920651187992835,2.043374333383301,0.30055308984169193
1739122140.0,9.75221159276869e-05,0.0001103579311188,9.75221159276869e-05,0.0001084201985191,2510.79219745621,0.2585391781195329,0.11174985784244133,-0.5904485556244811,1.5532150716376667,0.13161953131360388
1739122200.0,0.0001084201985191,0.0001217589852511,0.0001078099132038,0.0001182259359553,2153.2397788564,0.24401173623715744,0.09044198009352067,-0.05619048527979333,1.7267866350919132,0.1286575032865546
1739122260.0,0.0001182259359553,0.000120509784252,0.0001170614090122,0.0001189476379708,820.95573626444,0.09735450300248501,0.006104430552132617,-0.6010253256512826,1.8829606375686536,0.029167671306098184
1739122320.0,0.0001189476379708,0.0001273260595169,0.0001189476379708,0.0001215414312821,1547.70288375274,0.18610281299686288,0.021806177537856953,0.91159943564308,1.8944550400130908,0.07043789762480838
1739122380.0,0.0001215414312821,0.0001216464150774,0.0001114041951279,0.0001114529828506,1041.16553394271,0.12129287679807076,-0.08300419309761564,-0.348248020302007,1.9357658629531043,0.08426937087590829
1739122440.0,0.0001114529828506,0.0001116166778653,9.33175072306322e-05,9.85709408249522e-05,2302.5012258834,0.24179017086390028,-0.11558274795494575,0.9934408124100665,1.7750891794727721,0.16418735655731517
1739122500.0,9.85709408249522e-05,0.000113887404969,9.79016825083299e-05,0.0001106076764772,2075.02594729594,0.21702552926072666,0.12211241519570463,-0.10242203607653363,1.5699194942442192,0.16217479844347266
1739122560.0,0.0001106076764772,0.0001118808415773,0.0001101877208028,0.0001115441604922,499.81975578461,0.055517938450574,0.008466718087085415,-0.744187061127372,1.7616261553492,0.015307443646092819
1739122620.0,0.0001115441604922,0.0001153607166322,0.0001106983598016,0.0001106983598016,945.54607457014,0.10507027133318864,-0.007582653245744271,0.8925463420571648,1.7765413473813778,0.041798304904773785
1739122680.0,0.0001106983598016,0.000111412469306,0.0001078508505785,0.0001078508505785,456.19502414341,0.04985053115293646,-0.02572313833920821,-0.5255505623007739,1.7630704503674575,0.03217408761867235
1739122740.0,0.0001078508505785,0.0001078508505785,9.98581391304937e-05,0.0001017553289892,921.53351474076,0.09657955968420272,-0.05651806691003644,0.9373827610363119,1.7177187452708853,0.07410893289328999
1739122800.0,0.0001017553289892,0.0001017553289892,8.889281562906e-05,9.41585739116404e-05,2666.22986100185,0.26117574904981883,-0.0746570735215833,1.7042549158829794,1.6206366022930416,0.12640628739459128
1739122860.0,9.41585739116404e-05,9.75789559843781e-05,9.03180469283487e-05,9.10488001976505e-05,2071.11715759735,0.1917930851156518,-0.033026983999440575,-0.26565507780330866,1.499644616323881,0.07711362602882174
1739122920.0,9.10488001976505e-05,0.0001016765722455,9.03726134680626e-05,9.84905973125795e-05,1822.31405515098,0.1727001540438704,0.08173415903091744,-0.0995496321479385,1.450115877575705,0.12415274833823785
1739122980.0,9.84905973125795e-05,0.0001088758639516,9.84905973125795e-05,0.0001085492896271,1810.67740624542,0.18744122273664193,0.10212845275572091,0.08535643048139326,1.568639879326736,0.10544424465272349
1739123040.0,0.0001085492896271,0.0001171464383496,0.0001085492896271,0.0001170984669272,899.6114733113,0.10149765536160169,0.07875848224773307,-0.4585094256229453,1.7288426431332964,0.07920041441112911
1739123100.0,0.0001170984669272,0.0001170984669272,0.0001078637392437,0.0001085294181165,868.77979808004,0.09801047420474608,-0.07317814686700692,-0.03435725824830102,1.865003665751634,0.0788629255858766
1739123160.0,0.0001085294181165,0.0001114188758154,0.0001068022890472,0.0001114188758154,1177.82916263336,0.12953075743222298,0.026623727916778608,0.32160117052010495,1.7285261535917547,0.042537653369193976
1739123220.0,0.0001114188758154,0.0001118966195995,0.0001096418592884,0.0001102902592328,489.87626999345,0.05430502205044315,-0.010129491743121792,-0.5807557747135209,1.7745459636020173,0.02023678927469808
1739123280.0,0.0001102902592328,0.0001122563504245,0.0001074199389925,0.0001074199389925,843.02869817555,0.09176797249470779,-0.02602514728196749,0.6898616192341446,1.7565707149159207,0.04385166437764305
1739123340.0,0.0001074199389925,0.0001113442520558,0.0001062956031111,0.0001113442520558,524.36488021631,0.05735612941732989,0.03653244546688854,-0.3749875053561024,1.7108557033490428,0.04699917903558385
1739123400.0,0.0001113442520558,0.000113437898208,0.0001040108537485,0.0001040108537485,1265.13384372268,0.13622651638574926,-0.06586238779191657,1.3750995363468344,1.773357446033357,0.08466574866186757
1739123460.0,0.0001040108537485,0.0001062370972755,0.0001034435848346,0.000105446207294,590.12251594532,0.061802663922456286,0.01380003618632644,-0.5463242725267142,1.6565598902290253,0.02685789357767182
1739123520.0,0.000105446207294,0.0001183515233534,0.0001050313303497,0.0001094676474818,2415.38127996887,0.2595494508157078,0.03813736208252243,3.199648273112695,1.6794204766590028,0.12632216317236783
1739123580.0,0.0001094676474818,0.000110816335216,0.0001084704328047,0.000110816335216,664.20172618652,0.07315650077956012,0.012320423113360736,-0.7181404138993742,1.7434691434661496,0.021430097981141226
1739123640.0,0.000110816335216,0.000110816335216,0.0001078382859632,0.0001078382859632,244.42225638712,0.02672202793904551,-0.026873738849017784,-0.6347279099698051,1.7649494209987413,0.026873738849017784
1739123700.0,0.0001078382859632,0.0001078382859632,0.0001054854517877,0.0001054854517877,222.66356039999,0.023749711482724572,-0.02181817111135198,-0.11123094636009528,1.7175186311770958,0.02181817111135198
1739123760.0,0.0001054854517877,0.0001054854517877,9.74794262828335e-05,9.7841401153476e-05,786.25268664468,0.0799331421960037,-0.07246544907072505,2.365646873400828,1.680045515795139,0.07589696369675146
1739123820.0,9.7841401153476e-05,9.79156716837393e-05,9.60629717853461e-05,9.74848142615028e-05,311.07768399914,0.030380813357804362,-0.003644539916326865,-0.6199221934337611,1.5583002630337863,0.018935745773785626
1739123880.0,9.74848142615028e-05,9.83325938722274e-05,9.72442681968542e-05,9.8013560472811e-05,362.38531656489,0.0354228702080079,0.005423882840765643,0.16596187833491,1.552620975523537,0.011164053433530349
1739123940.0,9.8013560472811e-05,9.8013560472811e-05,8.175098609948e-05,8.175098609948e-05,1757.54344503582,0.1579720002389832,-0.16592167751973716,3.4596047500202607,1.561042209790892,0.16592167751973716
1739124000.0,8.175098609948e-05,8.24621832204247e-05,8.09384648524405e-05,8.20521441586809e-05,454.89628058946,0.03725671735167411,0.0036838461964781763,-0.7641561966974438,1.3020314676632698,0.01863853196987776
1739124060.0,8.20521441586809e-05,9.08719414373841e-05,8.20521441586809e-05,9.08719414373841e-05,991.54424507539,0.08573094095385118,0.10749014994229229,1.3010868119329604,1.306827951333116,0.10749014994229229
1739124120.0,9.08719414373841e-05,9.08719414373841e-05,8.04073425692471e-05,8.07264418594043e-05,1312.90417288646,0.11264611674546185,-0.11164611889546362,0.31394938037713893,1.4472990837706912,0.11515764605235922
1739124180.0,8.07264418594043e-05,8.12770128228528e-05,7.76126634380433e-05,8.12770128228528e-05,711.24405115882,0.05761199670496642,0.006820206003968094,-0.4885576319053411,1.285713758186733,0.04539218254152014
1739124240.0,8.12770128228528e-05,8.37832216284482e-05,8.11933565990643e-05,8.26927357351861e-05,355.99008524256,0.029185802383188693,0.017418490950435687,-0.49340755307179374,1.2944825908797026,0.03186466799694808
1739124300.0,8.26927357351861e-05,8.27792068019393e-05,7.81896016143121e-05,7.81896016143121e-05,532.65632932041,0.04284749763253581,-0.05445622376425864,0.46809387214984993,1.3170305241744373,0.0555019149726148
1739124360.0,7.81896016143121e-05,7.81896016143121e-05,6.98512304036709e-05,7.39675834897644e-05,2029.25708066821,0.15438302262349538,-0.05399718168886132,2.6030814202383246,1.2453100152456353,0.10664296835494948
1739124420.0,7.39675834897644e-05,7.39675834897644e-05,7.29981022206941e-05,7.33607681780185e-05,137.64882296341,0.010139787098104829,-0.00820380068019765,-0.934320581850289,1.178066784093458,0.013106839825373744
1739124480.0,7.33607681780185e-05,0.0004095965448347,7.33607681780185e-05,0.0001523669792064,39162.40612340515,4.4200208581950005,1.0769545220227748,434.90864536210256,1.1684021590087939,4.583318645747629
1739124540.0,0.0001523669792064,0.000153053511423,0.0001441267314689,0.0001505771837452,1545.28119022762,0.23406695834917926,-0.01174660986600962,-0.94704392448393,2.4267181476944875,0.05858736584918162
1739124600.0,0.0001505771837452,0.0001743021775335,0.0001505771837452,0.0001743021775335,3385.02204692471,0.5498619002596088,0.15756035010221986,1.3491649745767582,2.398212436358755,0.15756035010221986
1739124660.0,0.0001743021775335,0.0001923765391097,0.0001743021775335,0.0001757824187083,4428.65502351476,0.775201952900692,0.008492384867168344,0.40981208651607326,2.776075627450938,0.10369555809322117
1739124720.0,0.0001757824187083,0.0001857115204684,0.0001732523458796,0.0001793285921211,3333.60227888028,0.5918994374781839,0.020173652398563627,-0.2364577575386866,2.799651130099617,0.07087838863723467
1739124780.0,0.0001793285921211,0.000188730738637,0.0001793285921211,0.0001867881013405,1688.81447606306,0.30915158592314596,0.04159687605400151,-0.47769575987383733,2.8561303188354925,0.05242971243286597
1739124840.0,0.0001867881013405,0.0001868183161386,0.0001712830235589,0.0001757966404727,3010.2423531444,0.5457339732050109,-0.05884454517669424,0.765263379048874,2.9749364177021684,0.08317067558484567
1739124900.0,0.0001757966404727,0.0001757966404727,0.0001549110726713,0.000164839750919,2462.68911113807,0.41944076596885277,-0.0623270702115694,-0.23141899430313595,2.7998776372729,0.11880527264480566
1739124960.0,0.000164839750919,0.0001653334687061,0.0001580322651616,0.0001608279082849,1921.93169258465,0.3129554977369162,-0.024337834847077418,-0.2538743891189728,2.6253694671907892,0.044292735846754194
1739125020.0,0.0001608279082849,0.0001664500271358,0.0001586494981114,0.0001648170040492,1841.18168728958,0.2997857245742828,0.024803504608376097,-0.0420819357955631,2.56147365868574,0.04850233462330233
1739125080.0,0.0001648170040492,0.0001713705727384,0.0001599888044123,0.0001713705727384,1997.47363258302,0.33576291011760523,0.039762697586977556,0.1200096688873781,2.6250071823831855,0.06905700289699725
1739125140.0,0.0001713705727384,0.0001763105908393,0.0001713705727384,0.0001763105908393,642.33760565012,0.11166434307107378,0.028826525009290945,-0.6674309767211574,2.7293845491399322,0.028826525009290945
1739125200.0,0.0001763105908393,0.0001772820672172,0.0001671963073903,0.0001679049436894,932.2334009967,0.1604446092147935,-0.04767522535025371,0.43684729432985897,2.808063221105687,0.05720450359157815
1739125260.0,0.0001679049436894,0.0001679049436894,0.0001636235122318,0.0001646048660612,1206.78818293907,0.20063445455917123,-0.019654439921106066,0.2504904685864141,2.674188174241714,0.025499138759845184
1739125320.0,0.0001646048660612,0.0001659236671942,0.0001625075540805,0.0001625075540805,394.50692750082,0.06452405790872971,-0.012741494409528611,-0.6783999136613883,2.6216285034333477,0.020753415105176132
1739125380.0,0.0001625075540805,0.0001625075540805,0.0001588968773258,0.0001616861011453,589.95509462324,0.09562984927249545,-0.005054860002342342,0.482080519606584,2.588225038512991,0.02221851639531419
1739125440.0,0.0001616861011453,0.0001822097249745,0.0001610910011653,0.0001802174369867,2030.98174868878,0.34719992287910517,0.11461304162901877,2.63066475081191,2.5751419232887507,0.1306155795681013
1739125500.0,0.0001802174369867,0.0001955078573728,0.0001802174369867,0.0001954859061135,1599.65097387992,0.30049710934008833,0.08472248513847636,-0.13451274168421615,2.8702867717432756,0.0848442894414729
1739125560.0,0.0001954859061135,0.0002726092675881,0.0001933829091935,0.0002132380022681,11805.17470908357,2.4125285731121275,0.09081010752914864,7.028458504676472,3.113464600105461,0.40527913223882656
1739125620.0,0.0002132380022681,0.0002148688827519,0.0001858644222468,0.0001858644222468,3730.70671515618,0.7444670475864249,-0.12837102078495244,-0.6914162775589129,3.3961986552292354,0.1360191907474038
1739125680.0,0.0001858644222468,0.0001883219730354,0.0001673756942986,0.0001813571828346,6990.65641582724,1.283560034796333,-0.024250146196430566,0.7241327725084097,2.960225167068976,0.11269654775020098
1739125740.0,0.0001813571828346,0.000183013056087,0.0001764877480395,0.0001766599852855,1545.64733687551,0.27668414123027213,-0.025900256475553576,-0.7844400466440399,2.8884392739932,0.03598042242115753
1739125800.0,0.0001766599852855,0.0001783278083515,0.000172185403771,0.0001779933598381,851.81631335605,0.1510497524812879,0.007547688575005555,-0.4540715206529463,2.813627955982714,0.03476964277209284
1739125860.0,0.0001779933598381,0.0001779933598381,0.0001601876203262,0.0001606730056453,1564.13842669441,0.26486053804075965,-0.09730899067557541,0.7534655548248625,2.834864343560401,0.10003597621897711
1739125920.0,0.0001606730056453,0.0001608132650208,0.0001556680389631,0.0001565551483671,360.51456298847,0.05718268465570971,-0.025628805919586346,-0.7841026636934876,2.559006555586361,0.03202296513366128
1739125980.0,0.0001565551483671,0.0001565551483671,0.0001444673841663,0.000150127655089,1657.38372706658,0.2541455439096492,-0.04105577711841463,3.4444493195768953,2.493422273226289,0.07721090188906395
1739126040.0,0.000150127655089,0.000150127655089,0.0001395721262962,0.0001395721262962,805.42808404789,0.11666616993508712,-0.07031035545411257,-0.540947410919143,2.39105288411462,0.07031035545411257
1739126100.0,0.0001395721262962,0.0001402375357766,0.0001266350146676,0.0001402375357766,2617.77748606698,0.36623971687909285,0.004767495473901972,2.1392109390654386,2.2229371059229397,0.09745872238223795
1739126160.0,0.0001402375357766,0.0001534465100026,0.0001402375357766,0.0001534465100026,2445.37535131932,0.35908386331209524,0.09419000521402511,-0.019538715320053548,2.233534948514196,0.09419000521402511
1739126220.0,0.0001534465100026,0.0001542863703602,0.0001499823008213,0.0001499823008213,411.44364922614,0.06242192860286675,-0.02257600502768882,-0.8261633702302763,2.4439116169604556,0.028049315287959814
1739126280.0,0.0001499823008213,0.0001499823008213,0.0001408465247863,0.0001408465247863,716.50117051856,0.10418959698419178,-0.06091236089173641,0.669118518382446,2.388737856008729,0.06091236089173641
1739126340.0,0.0001408465247863,0.0001408465247863,0.0001321102850086,0.0001321102850086,756.58586821713,0.10325763246222622,-0.06202666193543001,-0.00894489036277743,2.2432341936477727,0.06202666193543001
1739126400.0,0.0001321102850086,0.0001321102850086,0.0001188807631002,0.0001188807631002,1709.13840140228,0.2144892193654786,-0.10013998461617732,1.0772238744089275,2.1040938646763854,0.10013998461617732
1739126460.0,0.0001188807631002,0.0001197975569114,0.0001184324454691,0.0001184324454691,270.0973946389,0.03204883967398291,-0.0037711537124146335,-0.8505806503059096,1.8933899374366991,0.011483030615722135
1739126520.0,0.0001184324454691,0.0001193294317609,0.0001163939052825,0.0001193294317609,552.77603050367,0.06571453335015016,0.007573822259999173,1.0504496892440354,1.8862496729450862,0.024786505646933615
1739126580.0,0.0001193294317609,0.0001307578237709,0.0001193294317609,0.0001307578237709,1030.11847358235,0.12880975096540845,0.0957717793620188,0.9601409977160571,1.9005357927059539,0.0957717793620188
1739126640.0,0.0001307578237709,0.0001408061775696,0.0001307578237709,0.0001404855817891,976.19328924651,0.13239299613002073,0.07439522728096142,0.02781812042765732,2.082553487314608,0.07684705594600333
1739126700.0,0.0001404855817891,0.0001683168536878,0.0001402475076822,0.0001428791729542,4180.61661926898,0.5923197014974593,0.017037984500739106,3.473950426469335,2.237485527328137,0.19980232596209288
1739126760.0,0.0001428791729542,0.0001498110953306,0.0001428791729542,0.0001498110953306,595.56794523472,0.08715847083628864,0.04851597495334056,-0.8528523184085537,2.275607771063382,0.04851597495334056
1739126820.0,0.0001498110953306,0.0001502287474711,0.0001485391658216,0.0001486087201394,153.24269310471,0.0228653280992167,-0.008025942194379023,-0.7376579937690155,2.38601110068792,0.011278080877597648
1739126880.0,0.0001486087201394,0.0001486087201394,0.0001447505982333,0.0001447505982333,435.95528420436,0.06394577250758388,-0.025961611825207447,1.7966260632741355,2.3668611135186524,0.025961611825207447
1739126940.0,0.0001447505982333,0.0001447505982333,0.000141648947945,0.000141648947945,328.16624158302,0.04699333133020764,-0.02142754728585612,-0.26510651936163104,2.3054135840453025,0.02142754728585612
1739127000.0,0.000141648947945,0.0001478638657258,0.0001410774974136,0.0001467415953573,592.19619595085,0.08539189134591046,0.03595259609183545,0.8171065750986666,2.256014225459717,0.047909768555676316
1739127060.0,0.0001467415953573,0.000150893395087,0.0001467415953573,0.000150893395087,344.98600693929,0.051339953439396395,0.028293271036005794,-0.3987724990019777,2.3371237936851053,0.028293271036005794
1739127120.0,0.000150893395087,0.0001536306035533,0.000150893395087,0.0001536306035533,259.44720834046,0.03950395065994994,0.018140015106173725,-0.23054175133637622,2.403248670624536,0.018140015106173725
1739127180.0,0.0001536306035533,0.0001539591497372,0.0001528263875659,0.000153219073185,93.89127769769,0.014405254105041069,-0.0026787004592950347,-0.6353464941002606,2.446843637813557,0.007373284652279559
1739127240.0,0.000153219073185,0.0001540009643538,0.0001515570864066,0.0001517031665955,184.61974306896,0.028147332782143864,-0.009893719874350553,0.9539629483032723,2.4402892766371225,0.015950220141647806
1739127300.0,0.0001517031665955,0.0001523969623737,0.0001453442110331,0.0001453442110331,519.58431962598,0.07717057980091883,-0.041917091812298544,1.7416658053609397,2.4161457381216933,0.04649046884700427
1739127360.0,0.0001453442110331,0.0001453442110331,0.0001407071511858,0.0001407071511858,597.86681595019,0.08551030856401412,-0.03190398719247228,0.10806875864623203,2.3148679353849526,0.03190398719247228
1739127420.0,0.0001407071511858,0.0001407071511858,0.0001368862232822,0.0001380975134724,691.31696478874,0.09637119727022467,-0.01854658907814891,0.12701262442621108,2.241014418422166,0.02715517918882853
1739127480.0,0.0001380975134724,0.0001399410978832,0.0001370038335462,0.0001370038335462,327.06692235534,0.044988275452590945,-0.007919620699170548,-0.5331771657205431,2.1994512448854833,0.021269494744284852
1739127540.0,0.0001370038335462,0.0001442658857529,0.0001370038335462,0.0001420332063802,890.71533010283,0.12427128456447994,0.03670972339838959,1.7623038072539179,2.182032425279672,0.053006197116748095
1739127600.0,0.0001420332063802,0.0001420332063802,0.0001398826923347,0.0001398826923347,359.72311459287,0.05070583256948595,-0.015140924438074238,-0.5919746645639886,2.262134232058006,0.015140924438074238
1739127660.0,0.0001398826923347,0.0001419349135851,0.0001390118854147,0.0001390118854147,424.25962774261,0.05916185486769642,-0.006225265652711268,0.16676626474129103,2.2278834285816345,0.020896281888870334
1739127720.0,0.0001390118854147,0.0001390118854147,4.27705938808058e-05,4.89584788274342e-05,12324.96154609934,1.1583637555452952,-0.6478108423507719,18.579571298698166,2.2140142623954406,0.6923241940556907
1739127780.0,4.89584788274342e-05,5.59237239698169e-05,4.89291044587243e-05,5.1384170522177e-05,2569.96357040727,0.12893847669332575,0.04954589588644551,-0.8886891306154271,0.7797518180964271,0.1428683994808499
1739127840.0,5.1384170522177e-05,6.39430814858731e-05,5.1384170522177e-05,6.33850451906094e-05,2111.2961877982,0.12115590380549761,0.23355197809903175,-0.060358809002673715,0.8183853204930993,0.2444120599022956
1739127900.0,6.33850451906094e-05,7.41901243984712e-05,6.33850451906094e-05,7.3661387942224e-05,2841.72397277726,0.19472406720859423,0.16212566735121708,0.6072189723515427,1.0095208309414727,0.17046732672303266
1739127960.0,7.3661387942224e-05,7.80005373757882e-05,7.3661387942224e-05,7.77214163196334e-05,564.84200826463,0.042753683587999455,0.05511745693135552,-0.7804396539119101,1.1731900693628141,0.05890670206984954
1739128020.0,7.77214163196334e-05,7.81299782933839e-05,7.03658847716857e-05,7.08440596850905e-05,1111.13963070215,0.08253849407148901,-0.08848727879918461,0.9305586593866445,1.2378533224832131,0.09989644925882409
1739128080.0,7.08440596850905e-05,7.09823068057977e-05,6.77867149077461e-05,6.90677216353105e-05,471.6992786902,0.03299814316454708,-0.02507391667947905,-0.6002090474783025,1.128319050424144,0.045107407907682855
1739128140.0,6.90677216353105e-05,6.91134596007104e-05,6.4642326470308e-05,6.54428946704894e-05,663.63666007815,0.0446330880751173,-0.05248221425285772,0.35259392786290805,1.1000276725659401,0.06473549473675629
1739128200.0,6.54428946704894e-05,6.66649499826667e-05,6.50739795476569e-05,6.66649499826667e-05,335.18251871513,0.022140120056435987,0.01867361335910409,-0.5039527621486943,1.042295784570262,0.024310820036620714
1739128260.0,6.66649499826667e-05,7.68710597235508e-05,6.66649499826667e-05,7.68710597235508e-05,1685.09228823847,0.12093571152023463,0.1530955883644668,4.462287973686006,1.0617592130571512,0.1530955883644668
1739128320.0,7.68710597235508e-05,7.72110512110529e-05,6.90586982463777e-05,7.05520557890355e-05,1051.83954491408,0.07753273136528732,-0.08220263851233685,-0.35889299867959384,1.224309864481529,0.10605230361066018
1739128380.0,7.05520557890355e-05,8.28157828718005e-05,7.05520557890355e-05,7.50880592639595e-05,1904.70113016416,0.13870044586933894,0.064293002155565,0.7889276364567418,1.1236683632644657,0.1738252265736373
1739128440.0,7.50880592639595e-05,8.2670944651764e-05,7.50880592639595e-05,8.19061765757281e-05,313.94483860332,0.024643765016171142,0.09080161850768648,-0.8223238226689876,1.1959123757659682,0.10098656779965694
1739128500.0,8.19061765757281e-05,8.49824195073595e-05,7.87478687640534e-05,8.49824195073595e-05,1229.33354529754,0.1025808747462756,0.03755813126971181,3.162548810174193,1.3045031550788906,0.07611820016457259
1739128560.0,8.49824195073595e-05,8.63656856273577e-05,8.48946502462887e-05,8.57506361204919e-05,218.71516639226,0.01867095433515225,0.009039712185011182,-0.81798795943851,1.3534978558190969,0.017309878791361078
1739128620.0,8.57506361204919e-05,8.81444176611279e-05,8.54855338798463e-05,8.68434695386081e-05,498.97867993791,0.043060389503420934,0.012744318497889765,1.3062768367629776,1.3657330868787312,0.031007161014473397
1739128680.0,8.68434695386081e-05,8.81910492318267e-05,8.568819995022e-05,8.80732315392131e-05,394.14004805491,0.034470838484209385,0.014160673302651548,-0.19947685374581092,1.38313842432102,0.028820235936036616
1739128740.0,8.80732315392131e-05,8.81608821433356e-05,8.63697249528154e-05,8.64613802159051e-05,255.88269569344,0.022330193473853805,-0.018301262428304915,-0.3522004553477004,1.4027245956801742,0.020337134895779516
1739128800.0,8.64613802159051e-05,8.68917973781285e-05,8.58619223435058e-05,8.6207907795746e-05,266.3158056631,0.02299228027504836,-0.0029316258834424106,0.029649846158735036,1.3770529647399934,0.011911387859538823
1739128860.0,8.6207907795746e-05,8.79484719702609e-05,8.58815016898504e-05,8.58815016898504e-05,428.47701379345,0.03686817814093328,-0.0037862664138533426,0.603502466910309,1.3730159606256904,0.023976573997223114
1739128920.0,8.58815016898504e-05,8.61709369315023e-05,8.58463483864739e-05,8.58463483864739e-05,29.51384887972,0.0025341749077959245,-0.0004093233430343433,-0.9312638965204975,1.367817356408289,0.0037794931229847436
1739128980.0,8.58463483864739e-05,8.58463483864739e-05,8.52612044020973e-05,8.56611206823035e-05,79.3628353179,0.006805659511747605,-0.0021576654994866396,1.6855524024057065,1.3672574768353034,0.006816177919907947
1739129040.0,8.56611206823035e-05,8.56611206823035e-05,8.02030446024474e-05,8.02030446024474e-05,553.79019976203,0.04592697461320228,-0.06371707533571484,5.748350330181129,1.3643073925486209,0.06371707533571484
1739129100.0,8.02030446024474e-05,8.08035254372883e-05,8.00012795965225e-05,8.0608403958269e-05,80.68709668007,0.0064877044486403145,0.0050541641882910085,-0.858738693256417,1.2773777156365276,0.010002685618013613
1739129160.0,8.0608403958269e-05,8.0608403958269e-05,7.99014196166904e-05,7.99014196166904e-05,79.16431362535,0.006353325006718842,-0.008770603396943657,-0.020712941377845292,1.2838337923418188,0.008770603396943657
1739129220.0,7.99014196166904e-05,8.10677973960739e-05,7.99014196166904e-05,8.10677973960739e-05,91.7878,0.007387505148662103,0.01459771034080418,0.16277778027246895,1.2725737953215945,0.01459771034080418
1739129280.0,8.10677973960739e-05,8.12786759048924e-05,8.06049792687522e-05,8.12786759048924e-05,56.43243200878,0.004580803158210999,0.002601261112204829,-0.3799255545641692,1.291150458972997,0.008310286670904724
1739129340.0,8.12786759048924e-05,8.17574254398254e-05,8.08694043595428e-05,8.17574254398254e-05,111.68808568338,0.009104595028236533,0.00589022310714318,0.9875543029865248,1.2945090784519289,0.010925634188747283
1739129400.0,8.17574254398254e-05,8.22366685855056e-05,8.16997384462796e-05,8.22366685855056e-05,27.9799201568,0.002294270828507757,0.005861769045466517,-0.7480095686417221,1.302134025738233,0.006567356253423135
1739129460.0,8.22366685855056e-05,8.51377768992784e-05,8.18782475349793e-05,8.51377768992784e-05,340.57717126254,0.028501957592421974,0.03527755153111976,11.42310072475631,1.3097668346633542,0.03963596070176416
1739129520.0,8.51377768992784e-05,8.6660319137863e-05,8.48023173157432e-05,8.6660319137863e-05,276.72574946641,0.023770478441390117,0.017883274546689597,-0.16600540982805514,1.3559722016669422,0.021823471199135216
1739129580.0,8.6660319137863e-05,9.32331979678868e-05,8.6660319137863e-05,9.29962266611818e-05,2112.59310770094,0.18977059020421014,0.07311198004290012,6.983456903154879,1.3802214248270313,0.07584646462664624
1739129640.0,9.29962266611818e-05,9.40959808684017e-05,9.28404205188671e-05,9.40959808684017e-05,121.82228384596,0.011396000005518088,0.011825793870397592,-0.9399485452764047,1.4811321460937683,0.013501196711013455
1739129700.0,9.40959808684017e-05,9.44833565247402e-05,9.37732950684113e-05,9.37882617127804e-05,164.32321433821,0.015436871332219914,-0.003270268855071171,0.35458681333320335,1.4986477095482929,0.007546140119650395
1739129760.0,9.37882617127804e-05,9.43097566435054e-05,9.28877249431538e-05,9.33564618543761e-05,131.33596964331,0.012289416866660853,-0.004603986154756202,-0.2038919932557628,1.4937467286190333,0.015162150085545535
1739129820.0,9.33564618543761e-05,9.3394890036e-05,9.02190376359674e-05,9.02190376359674e-05,278.18263864878,0.025533758419745766,-0.03360693149771112,1.0777030103856768,1.486869539361759,0.03401856001126637
1739129880.0,9.02190376359674e-05,9.06417445228155e-05,8.99923105722439e-05,8.99923105722439e-05,49.43695160349,0.004454549849884513,-0.002513073400742224,-0.8255427275273459,1.436900416606395,0.007198413634072004
1739129940.0,8.99923105722439e-05,9.09235380187207e-05,8.99923105722439e-05,9.09235380187207e-05,171.41022053755,0.015505412752857625,0.010347855728509596,2.4808035099797148,1.433289380389906,0.010347855728509596
1739130000.0,9.09235380187207e-05,9.09235380187207e-05,9.09235380187207e-05,9.09235380187207e-05,0.0,0.0,0.0,-1.0,1.4481208521153857,0.0
1739130060.0,9.09235380187207e-05,9.23661245471028e-05,8.32579546462663e-05,8.32579546462663e-05,1241.91451131106,0.10815926167123417,-0.0843080190178708,0.0,1.4481208521153857,0.10017394944487507
1739130120.0,8.32579546462663e-05,8.32579546462663e-05,7.70440827454703e-05,8.03377755367508e-05,1591.33996674752,0.13016821191473935,-0.03507387518612861,0.20348650594901974,1.3260326517750665,0.07463397253987988
1739130180.0,8.03377755367508e-05,8.07305907738879e-05,7.788641293448e-05,7.91279773356395e-05,734.72156540492,0.05858146378943837,-0.01505889593069288,-0.5499556848195053,1.2795235480539766,0.03540274572460385
1739130240.0,7.91279773356395e-05,8.22221136026077e-05,7.70579836637798e-05,8.22221136026077e-05,525.47335821259,0.04239258706661378,0.03910293642214181,-0.27634810869548937,1.260255336102961,0.06526300952851415
1739130300.0,8.22221136026077e-05,8.22541974954664e-05,8.15707661395382e-05,8.15707661395382e-05,51.67520015781,0.004232014922549746,-0.00792180393485822,-0.9001708738393401,1.30953502038626,0.008312013958085866
1739130360.0,8.15707661395382e-05,8.28858832166153e-05,8.15707661395382e-05,8.20079137984379e-05,378.29275411904,0.030940314674446967,0.00535912165090978,6.311012659616461,1.2991611407089294,0.016122406829272757
1739130420.0,8.20079137984379e-05,8.38920287138188e-05,8.12762635546046e-05,8.38920287138188e-05,560.596097745,0.04650143019424546,0.022974793871866486,0.5029397950063557,1.3061235033061234,0.03189649678985039
1739130480.0,8.38920287138188e-05,8.88645330988237e-05,8.38920287138188e-05,8.88645330988237e-05,318.16987502386,0.027482966840740107,0.059272668228916345,-0.40898663275648856,1.3361314215657816,0.059272668228916345
1739130540.0,8.88645330988237e-05,8.98979169923001e-05,8.87375842927704e-05,8.87375842927704e-05,207.85926726845,0.018458122993170997,-0.0014285654988152108,-0.32837953412623894,1.4153274960264806,0.013057320610004433
1739130600.0,8.87375842927704e-05,9.16865170943302e-05,8.87375842927704e-05,9.10750319658227e-05,421.97329888218,0.03793806143163703,0.026341123568795696,1.0553585782082542,1.4133056079961326,0.03323206085744261
1739130660.0,9.10750319658227e-05,9.16542280553355e-05,9.0962970797088e-05,9.16542280553355e-05,58.6341873531,0.0053570908334869575,0.006359548572326088,-0.8587937645907334,1.4505336656568306,0.007589975466677883
1739130720.0,9.16542280553355e-05,9.18111973922473e-05,9.01972122428434e-05,9.05911769390624e-05,512.15139772737,0.04666861944863575,-0.01159849511395464,7.711560229091526,1.4597584049593695,0.017609500223268224
1739130780.0,9.05911769390624e-05,9.05911769390624e-05,8.98607594611607e-05,8.98607594611607e-05,84.19109855862,0.007596223381282506,-0.008062788260196947,-0.8372305958258947,1.442827404231894,0.008062788260196947
1739130840.0,8.98607594611607e-05,9.12637910693598e-05,8.98607594611607e-05,9.005864193006e-05,310.02928879422,0.027890142026800974,0.002202101007000931,2.6715800242951984,1.4311941923755627,0.015613395842770543
1739130900.0,9.005864193006e-05,9.41147990960066e-05,9.005864193006e-05,9.41147990960066e-05,506.54092480224,0.04664569257067729,0.045039066535076486,0.6724795637775244,1.4343458265478068,0.045039066535076486
1739130960.0,9.41147990960066e-05,9.41147990960066e-05,8.54318403451269e-05,8.58474582047202e-05,936.43217553584,0.0842612240592301,-0.08784315506908616,0.8064095399925292,1.4989474236640028,0.09225922845590097
1739131020.0,8.58474582047202e-05,8.66178832280372e-05,8.58474582047202e-05,8.66178832280372e-05,78.97824675,0.006810505145749656,0.008974348681119647,-0.9191739115852112,1.3672751526866787,0.008974348681119647
1739131080.0,8.66178832280372e-05,8.88619882079405e-05,8.65363252038083e-05,8.74774805159686e-05,539.97171529261,0.04700328609267085,0.009924016333536451,5.90158587164492,1.37954555664992,0.026849686432644338
1739131140.0,8.74774805159686e-05,8.74774805159686e-05,8.62645488655343e-05,8.62645488655343e-05,87.498397759,0.007601074597139302,-0.013865644543945108,-0.8382863150854356,1.3932361892869713,0.013865644543945108
1739131200.0,8.62645488655343e-05,8.72716284861451e-05,7.6341770818588e-05,7.6341770818588e-05,1275.09723339901,0.10366943418120968,-0.11502729890135424,12.638786576338315,1.3739180715205577,0.12670161510488065
1739131260.0,7.6341770818588e-05,7.87173693959547e-05,7.56053695753175e-05,7.86233856287454e-05,674.99874869823,0.05230064334688775,0.029886846816525054,-0.4955056544876237,1.2158799868417902,0.040764050758428046
1739131320.0,7.86233856287454e-05,7.89935159753622e-05,7.66021596873165e-05,7.66021596873165e-05,238.11288245934,0.018480601013265197,-0.025707694031048337,-0.6466467746736634,1.2522188057558092,0.030415330870353766
1739131380.0,7.66021596873165e-05,7.66021596873165e-05,4.23659770352192e-05,5.2728263058317e-05,6732.20597061248,0.43533952209499494,-0.3116608817094807,22.55656733146895,1.2200271478375142,0.4469349531638074
1739131440.0,5.2728263058317e-05,6.29282676604404e-05,5.2728263058317e-05,6.29282676604404e-05,1704.00470026081,0.0985396359803107,0.193444729837626,-0.7736487707201358,0.8397924112329717,0.193444729837626
1739131500.0,6.29282676604404e-05,6.64246443482384e-05,6.29282676604404e-05,6.61933399733515e-05,928.4709456623,0.059942830572591616,0.051885622063034514,-0.3916881265466735,1.0022458273436223,0.05556130524145939
1739131560.0,6.61933399733515e-05,6.68052407193763e-05,5.65901120880757e-05,5.65901120880757e-05,2364.5654732032,0.1451647557125755,-0.1450784609016847,1.421720067703158,1.0542479755554268,0.15432260459153546
1739131620.0,5.65901120880757e-05,5.82974565157855e-05,5.65901120880757e-05,5.82974565157855e-05,285.22977975078,0.016384677944490975,0.030170366601368966,-0.8871304686591253,0.9012993018531287,0.030170366601368966
1739131680.0,5.82974565157855e-05,6.15846632191187e-05,5.82974565157855e-05,6.15846632191187e-05,365.04107092123,0.021880948686168276,0.05638679454982921,0.335451863033128,0.9284918322075955,0.05638679454982921
1739131740.0,6.15846632191187e-05,6.36161594024935e-05,6.15846632191187e-05,6.36161594024935e-05,221.01553053133,0.013835663117337284,0.03298704705336661,-0.36768449504736067,0.9808465103914796,0.03298704705336661
1739131800.0,6.36161594024935e-05,6.36161594024935e-05,6.21344930084324e-05,6.21344930084324e-05,278.98541313027,0.01754129885713157,-0.023290723740280166,0.26783217460324,1.0132017403818938,0.023290723740280166
1739131860.0,6.21344930084324e-05,6.21344930084324e-05,5.79230410660097e-05,5.79230410660097e-05,482.31248164995,0.0289526236001088,-0.06777961384268735,0.6505404665822596,0.989603538553488,0.06777961384268735
1739131920.0,5.79230410660097e-05,5.79230410660097e-05,5.79230410660097e-05,5.79230410660097e-05,0.0,0.0,0.0,-1.0,0.9225285928529756,0.0
1739131980.0,5.79230410660097e-05,5.79230410660097e-05,4.28996100539768e-05,4.31960414987208e-05,2497.79627229131,0.12628743374385049,-0.25425114593872683,0.0,0.9225285928529756,0.2593688234516561
1739132040.0,4.31960414987208e-05,4.71446641059727e-05,4.1915332997319e-05,4.71446641059727e-05,895.19474613672,0.040436262509802874,0.09141167732623921,-0.6798077107828482,0.6879746409588654,0.12106042422448748
1739132100.0,4.71446641059727e-05,4.91768099752813e-05,4.49119532413614e-05,4.54864381325006e-05,956.77756109608,0.04431368004068406,-0.03517314217669913,0.0958896121999701,0.7508635568468325,0.09046319058151045
1739132160.0,4.54864381325006e-05,4.54864381325006e-05,4.45414042984488e-05,4.45590611017432e-05,202.13760965086,0.009100790987514193,-0.020387989669711726,-0.794627957345027,0.7244533262065569,0.02077616698188038
1739132220.0,4.45590611017432e-05,4.45590611017432e-05,4.22661382425515e-05,4.246614962634e-05,352.75330711207,0.015349215443228068,-0.046969380046504604,0.6865803713420499,0.7096831792756693,0.05145806043704985
1739132280.0,4.246614962634e-05,4.25339146222793e-05,4.20808727358809e-05,4.25339146222793e-05,105.83141265466,0.0044978384375841205,0.0015957414678647727,-0.7069662319732097,0.6763498003156587,0.010668306177619562
1739132340.0,4.25339146222793e-05,4.25339146222793e-05,4.1121855684063e-05,4.13961706716743e-05,236.3349513182,0.009917806311039449,-0.026749100352241095,1.205016131341192,0.6774290797388045,0.033198424145908775
1739132400.0,4.13961706716743e-05,4.15977310223599e-05,4.12003206959467e-05,4.13380038758212e-05,136.70614618251,0.005655135079989609,-0.0014051250371546072,-0.42979980626412184,0.6593084613033449,0.009600171222724609
1739132460.0,4.13380038758212e-05,4.22183845303573e-05,4.13380038758212e-05,4.22183845303573e-05,200.37732133512,0.008371402644633463,0.021297125453390218,0.48031877686798685,0.6583820504771596,0.021297125453390218
1739132520.0,4.22183845303573e-05,4.65249838534189e-05,4.22183845303573e-05,4.45869229639396e-05,793.60110340672,0.03444439390451681,0.05610206216865533,3.1145307861398344,0.672403695602432,0.10200767677325318
1739132580.0,4.45869229639396e-05,4.45869229639396e-05,4.44935178580077e-05,4.44935178580077e-05,3.30430639462,0.00014717453512176447,-0.0020948991256347404,-0.995727184646368,0.7101269295355532,0.0020948991256347404
1739132640.0,4.44935178580077e-05,4.81794377294386e-05,4.44935178580077e-05,4.81794377294386e-05,618.33432913276,0.028651434910956834,0.08284172726449252,193.6765783037952,0.7086392852517795,0.08284172726449252
1739132700.0,4.81794377294386e-05,4.81794377294386e-05,4.76097677327525e-05,4.7755206108739e-05,85.06009856628,0.004080105130398177,-0.008805242250479474,-0.8575950857931421,0.7673441876495124,0.011823923722090735
1739132760.0,4.7755206108739e-05,4.7812148989405e-05,4.75049944686532e-05,4.75049944686532e-05,9.95091062263,0.0004739628709197183,-0.005239463096778722,-0.8838356229136026,0.760587536187761,0.0064318541532916934
1739132820.0,4.75049944686532e-05,4.961536781797e-05,4.75049944686532e-05,4.78039551831653e-05,595.7688214393,0.02839105030334075,0.0062932480648823196,58.9014227596527,0.7566024658600354,0.044424241554419236
1739132880.0,4.78039551831653e-05,4.78039551831653e-05,4.68246812123421e-05,4.68246812123421e-05,67.5261518053,0.0031949538331857846,-0.020485208118680143,-0.8874661627854663,0.7613639528641942,0.020485208118680143
1739132940.0,4.68246812123421e-05,4.71665537166677e-05,4.68246812123421e-05,4.71665537166677e-05,23.8388328,0.0011203206670690922,0.007301117604522817,-0.6493468370552364,0.7457672538357103,0.007301117604522817
1739133000.0,4.71665537166677e-05,4.71665537166677e-05,4.60308100702507e-05,4.6123871500032e-05,181.43837585929,0.008463231617270273,-0.022106389686623228,6.5542939321214275,0.7512121882615668,0.024079428258411303
1739133060.0,4.6123871500032e-05,4.64711391836468e-05,4.56696075789285e-05,4.57448247560098e-05,586.3853186325,0.026935227363225716,-0.008218016651571295,2.1826173004955987,0.7346055988905156,0.0173778041315926
1739133120.0,4.57448247560098e-05,4.6943784629741e-05,4.57448247560098e-05,4.68251045895125e-05,124.66870719594,0.005770286708362887,0.023615345326266152,-0.7857717467705145,0.7285685978464959,0.026209738044163957
1739133180.0,4.68251045895125e-05,4.68251045895125e-05,4.51887352999465e-05,4.51887352999465e-05,251.28099387663,0.011560664568914181,-0.034946409707165886,1.00348182910206,0.7457739968785144,0.034946409707165886
1739133240.0,4.51887352999465e-05,4.51887352999465e-05,3.68997383224326e-05,3.68997383224326e-05,1434.40500572453,0.05887405873811331,-0.18343060327965668,4.09261888770837,0.7197118732346471,0.18343060327965668
1739133300.0,3.68997383224326e-05,3.68997383224326e-05,3.22366701006343e-05,3.22366701006343e-05,826.02150049191,0.028554079912121624,-0.12637130868116384,-0.5149972581449261,0.587694690139684,0.12637130868116384
1739133360.0,3.22366701006343e-05,3.23578726379896e-05,3.13291503649758e-05,3.1766200798515e-05,253.41234291056,0.008109558733777764,-0.014594227649773231,-0.7159929943904395,0.5134269430417611,0.03191155506454002
1739133420.0,3.1766200798515e-05,3.1766200798515e-05,2.5724335860448e-05,2.57273107276842e-05,1583.21485229353,0.04551229067939392,-0.19010425921355717,4.612178439478721,0.5059338733534825,0.19019790803404624
1739133480.0,2.57273107276842e-05,2.87862185607954e-05,2.5514754734628e-05,2.87862185607954e-05,670.48715977492,0.0182753107109698,0.11889730199509826,-0.5984532872733628,0.4097536891485731,0.12715918351493682
1739133540.0,2.87862185607954e-05,3.12918802197954e-05,2.87862185607954e-05,3.12918802197954e-05,482.8877586336,0.014505489231563752,0.0870437933245082,-0.20627947393218343,0.45847229727087657,0.0870437933245082
1739133600.0,3.12918802197954e-05,3.17082300501577e-05,3.12918802197954e-05,3.17082300501577e-05,57.06507358208,0.0017975529641170134,0.013305363162515108,-0.8760777430239608,0.49837946515953524,0.013305363162515108
1739133660.0,3.17082300501577e-05,3.17274095942274e-05,3.1345777078426e-05,3.17274095942274e-05,91.08243766871,0.0028889363469422275,0.0006048758962377935,0.6071494996873813,0.5050105849362229,0.012035755865203323
1739133720.0,3.17274095942274e-05,3.29528252969446e-05,3.17274095942274e-05,3.28103306580559e-05,212.86584315417,0.006868940247033551,0.03413203528678656,1.3776710256367983,0.5053160536663958,0.038623250948925755
1739133780.0,3.28103306580559e-05,3.35675259498019e-05,3.28103306580559e-05,3.35675259498019e-05,202.443887466,0.006718895666677724,0.023077953698100985,-0.021843919871136725,0.522563519041117,0.023077953698100985
1739133840.0,3.35675259498019e-05,3.4769719128056e-05,3.35675259498019e-05,3.4769719128056e-05,149.1190859931,0.005095193762648321,0.035814172901866635,-0.24166202075173335,0.5346232157378645,0.035814172901866635
1739133900.0,3.4769719128056e-05,3.49576199367442e-05,3.4769719128056e-05,3.49576199367442e-05,24.0019664298,0.0008367966257363081,0.0054041508933727915,-0.8357674575850933,0.5537703040236523,0.0054041508933727915
1739133960.0,3.49576199367442e-05,3.54991545905886e-05,3.49563036946323e-05,3.54991545905886e-05,103.74300430385,0.003654698731512238,0.01549117631075298,3.367487414634854,0.5567629623068651,0.015528828820113973
1739134020.0,3.54991545905886e-05,3.55665994711107e-05,3.54991545905886e-05,3.55665994711107e-05,10.0205,0.0003560571942876289,0.0018999010342624397,-0.9025755006240146,0.5653878755192578,0.0018999010342624397
1739134080.0,3.55665994711107e-05,3.56719039423505e-05,3.53715948551344e-05,3.56719039423505e-05,52.33578201945,0.001864161393019375,0.0029607686089116628,4.235567271008361,0.5664620565287164,0.008443570419489515
1739134140.0,3.56719039423505e-05,3.57882262385454e-05,3.5626411572725e-05,3.57882262385454e-05,2.60256271875,9.298973534291067e-05,0.0032608939624553185,-0.9501171219985972,0.5681392196038261,0.004536193696919262
1739134200.0,3.57882262385454e-05,3.66634668058198e-05,3.53680443664908e-05,3.66634668058198e-05,272.9553950778,0.0098880402494901,0.02445610356435411,105.33474988424022,0.5699918613548663,0.036196888627405006
1739134260.0,3.66634668058198e-05,3.76841349289659e-05,3.66634668058198e-05,3.76841349289659e-05,145.01794429765,0.005390868183519509,0.02783883282374395,-0.45480923949540947,0.5839316413469999,0.02783883282374395
1739134320.0,3.76841349289659e-05,3.76841349289659e-05,3.73063187496921e-05,3.73063187496921e-05,39.93629308968,0.0014974203685194788,-0.010025868445328047,-0.722230201603285,0.6001876166909534,0.010025868445328047
1739134380.0,3.73063187496921e-05,3.79530505483846e-05,3.70016497888485e-05,3.70016497888485e-05,345.55747303189,0.012838836917155637,-0.008166685190457495,7.573969732927823,0.594170214603495,0.025502402580097734
1739134440.0,3.70016497888485e-05,3.70016497888485e-05,3.21664239040466e-05,3.23412020365315e-05,684.81434462237,0.023743489813521857,-0.12595243128109274,0.8493489688146982,0.5893178135112817,0.13067595397487206
1739134500.0,3.23412020365315e-05,3.23412020365315e-05,3.23412020365315e-05,3.23412020365315e-05,0.0,0.0,0.0,-1.0,0.5150918021022781,0.0
1739134560.0,3.23412020365315e-05,3.29316218115063e-05,3.23412020365315e-05,3.29316218115063e-05,199.51,0.006511290542961011,0.018255962604849334,0.0,0.5150918021022781,0.018255962604849334
1739134620.0,3.29316218115063e-05,3.34043516581224e-05,3.29316218115063e-05,3.33056019099414e-05,127.45043801872,0.00422098158822123,0.011356261181902427,-0.3517442417334156,0.5244952987795217,0.014354891153612508
1739134680.0,3.33056019099414e-05,3.41823390937642e-05,3.31236224326067e-05,3.41823390937642e-05,173.55755574685,0.005856521041495379,0.02632401558733299,0.3874784618436074,0.5304516043811419,0.03178794558405766
1739134740.0,3.41823390937642e-05,3.48932998645e-05,3.41823390937642e-05,3.48932998645e-05,122.95590271349,0.004246628771812247,0.020799067284002624,-0.27488883900126304,0.5444152206831969,0.020799067284002624
1739134800.0,3.48932998645e-05,3.49928622291567e-05,3.47080823688094e-05,3.49928622291567e-05,58.38821895808,0.002040264267232149,0.002853337604735803,-0.519556717371962,0.5557385494886219,0.008161448227974294
1739134860.0,3.49928622291567e-05,3.49928622291567e-05,3.49231176793552e-05,3.49231176793552e-05,6.08552344294,0.00021273766738468558,-0.0019931078899681526,-0.895730337093396,0.5573242591902791,0.0019931078899681526
1739134920.0,3.49231176793552e-05,3.80349682496913e-05,3.49231176793552e-05,3.68002163958808e-05,863.5538450163,0.030968480459029328,0.05374945999266416,144.57121378523993,0.5562134518120163,0.08910574934653319
1739134980.0,3.68002163958808e-05,3.68002163958808e-05,3.5512155148151e-05,3.62879697425697e-05,222.8958229442,0.008145525698414398,-0.01391966416176944,-0.7369736720149779,0.5861096244875679,0.03500145852060746
1739135040.0,3.62879697425697e-05,3.66926547184668e-05,3.62879697425697e-05,3.64273110511314e-05,84.60630707272,0.003076085687855467,0.0038398761228639108,-0.62235885052155,0.5779511753527201,0.01115204236467275
1739135100.0,3.64273110511314e-05,3.79514773637067e-05,3.62155359484626e-05,3.79514773637067e-05,439.77092846175,0.016354814419526704,0.0418413072113913,4.3167616507226345,0.5801704362711382,0.04765494254592199
1739135160.0,3.79514773637067e-05,3.82157253568115e-05,3.79514773637067e-05,3.82157253568115e-05,0.55197129315,2.1021054690631314e-05,0.006962785416029764,-0.9987146870547469,0.6044455257301258,0.006962785416029764
1739135220.0,3.82157253568115e-05,3.82157253568115e-05,3.76040376864738e-05,3.76040376864738e-05,195.66337437885,0.0074175753408270125,-0.016006177159441814,351.8640903128845,0.608654150221464,0.016006177159441814
1739135280.0,3.76040376864738e-05,4.12422900720545e-05,3.76040376864738e-05,4.12422900720545e-05,1043.5857245992,0.04114145104293489,0.09675164182939269,4.546482395195715,0.5989119240641897,0.09675164182939269
1739135340.0,4.12422900720545e-05,4.32145072889287e-05,4.12422900720545e-05,4.32145072889287e-05,197.60839619598,0.008344686137176384,0.04782026442829766,-0.7971708356015946,0.6568576360286006,0.04782026442829766
1739135400.0,4.32145072889287e-05,4.32145072889287e-05,4.32145072889287e-05,4.32145072889287e-05,0.0,0.0,0.0,-1.0,0.6882687418752348,0.0
1739135460.0,4.32145072889287e-05,4.38707592022139e-05,4.29757097727428e-05,4.38187719973264e-05,154.62983457827,0.006728970789418999,0.013982913292465335,0.0,0.6882687418752348,0.020711781427631967
1739135520.0,4.38187719973264e-05,4.45564366043324e-05,4.38187719973264e-05,4.45564366043324e-05,299.7880402464,0.013246915296529042,0.01683444271443763,0.9686391442446467,0.6978927440147904,0.01683444271443763
1739135580.0,4.45564366043324e-05,4.4580997557807e-05,4.45564366043324e-05,4.4580997557807e-05,7.83026121006,0.0003489846965420386,0.0005512324446567779,-0.9736553991076338,0.709641379434729,0.0005512324446567779
1739135640.0,4.4580997557807e-05,4.4580997557807e-05,4.45400901932031e-05,4.45400901932031e-05,4.74044842325,0.00021123695995380038,-0.000917596438950313,-0.3947099627953032,0.7100325567871445,0.000917596438950313
1739135700.0,4.45400901932031e-05,4.47567180048129e-05,4.45400901932031e-05,4.47567180048129e-05,4.70813197436,0.00021021057894268566,0.004863659024266141,-0.004858908267469863,0.7093810334414978,0.004863659024266141
1739135760.0,4.47567180048129e-05,4.47567180048129e-05,4.4509556786e-05,4.4509556786e-05,4.4509556786,0.00019866011634381834,-0.00552232669934209,-0.05494710426546408,0.7128312209064388,0.00552232669934209
1739135820.0,4.4509556786e-05,4.58079971398912e-05,4.4509556786e-05,4.54519514107486e-05,184.29019334936,0.008289511869789417,0.021172860230435308,40.72710669031761,0.7088947340231025,0.029172169925978975
1739135880.0,4.54519514107486e-05,4.54519514107486e-05,4.45647087947393e-05,4.45647087947393e-05,210.12845426682,0.009457530833620371,-0.019520451564143032,0.1409032259291072,0.7239040631446654,0.019520451564143032
1739135940.0,4.45647087947393e-05,4.7091523906148e-05,4.45647087947393e-05,4.6300437687344e-05,726.14061270477,0.03299043657000432,0.038948507452372105,2.4882716377436838,0.7097731289429635,0.05669991299723198
1739136000.0,4.6300437687344e-05,4.6300437687344e-05,4.58051176243799e-05,4.58051176243799e-05,83.64236581117,0.0038519632753120808,-0.010697956384535197,-0.8832400029887941,0.737417732945092,0.010697956384535197
1739136060.0,4.58051176243799e-05,4.58051176243799e-05,4.52769205911e-05,4.52769205911e-05,119.81312009415,0.005456411591565626,-0.011531397814788444,0.416527417729224,0.7295288702008627,0.011531397814788444
1739136120.0,4.52769205911e-05,4.52769205911e-05,4.51280022471226e-05,4.51280022471226e-05,0.35360494354,1.598381381797388e-05,-0.0032890563676424792,-0.9970706363422654,0.7211163825812034,0.0032890563676424792
1739136180.0,4.51280022471226e-05,4.51280022471226e-05,4.50618116686395e-05,4.50618116686395e-05,10.94792795268,0.0004936957924076898,-0.0014667296398505796,29.887233674639425,0.7187445901512634,0.0014667296398505796
1739136240.0,4.50618116686395e-05,4.50618116686395e-05,4.46449185355615e-05,4.46449185355615e-05,52.1317607277,0.0023382848973348726,-0.009251583938604301,3.7362868659085855,0.7176903861574062,0.009251583938604301
1739136300.0,4.46449185355615e-05,4.46449185355615e-05,4.40951472093333e-05,4.43860326391206e-05,92.32784536662,0.004110017946449572,-0.005798776320639758,0.7577062363675543,0.7110506133079416,0.012314309091868657
1739136360.0,4.43860326391206e-05,4.43860326391206e-05,4.39088652243558e-05,4.39088652243558e-05,76.43666689604,0.0033744838483052097,-0.010750395707685703,-0.17896128623471133,0.7069273898487152,0.010750395707685703
1739136420.0,4.39088652243558e-05,4.39088652243558e-05,4.36146343145869e-05,4.36146343145869e-05,2.1612789384,9.45813480842895e-05,-0.006700945430165503,-0.9719716103747861,0.6993276406712401,0.006700945430165503
1739136480.0,4.36146343145869e-05,4.36146343145869e-05,4.08746133050679e-05,4.08746133050679e-05,461.18249508647,0.0194824810126055,-0.06282343191864387,204.98650164346358,0.6946414843132956,0.06282343191864387
1739136540.0,4.08746133050679e-05,4.08746133050679e-05,3.68304922252125e-05,3.68304922252125e-05,661.58922938329,0.02570443044346272,-0.09893967802636032,0.31936124700090873,0.6510017223156737,0.09893967802636032
1739136600.0,3.68304922252125e-05,3.68304922252125e-05,3.14612187788601e-05,3.14612187788601e-05,941.41312305134,0.032145356467431774,-0.1457833746429496,0.25057649256753495,0.5865918215151549,0.1457833746429496
1739136660.0,3.14612187788601e-05,3.14612187788601e-05,3.06998687463294e-05,3.06998687463294e-05,36.88842772752,0.0011465123923184992,-0.02419963568106513,-0.9643334988840427,0.5010764862367209,0.02419963568106513
1739136720.0,3.06998687463294e-05,3.08677672892984e-05,3.0059103638583e-05,3.0059103638583e-05,262.98264172373,0.007989277533101713,-0.02087191684892838,5.968330727717337,0.48895061782144394,0.026340948145326615
1739136780.0,3.0059103638583e-05,3.0059103638583e-05,3.0059103638583e-05,3.0059103638583e-05,0.0,0.0,0.0,-1.0,0.4787452811830426,0.0
1739136840.0,3.0059103638583e-05,3.0059103638583e-05,2.29500145379808e-05,2.29500145379808e-05,1319.86361150293,0.034982403079552554,-0.23650369572155766,0.0,0.4787452811830426,0.23650369572155766
1739136900.0,2.29500145379808e-05,2.29500145379808e-05,2.29500145379808e-05,2.29500145379808e-05,0.0,0.0,0.0,-1.0,0.3655202528739967,0.0
1739136960.0,2.29500145379808e-05,2.29500145379808e-05,2.22234319828032e-05,2.22234319828032e-05,42.79986225488,0.0009667086443338717,-0.03165935054093983,0.0,0.3655202528739967,0.03165935054093983
1739137020.0,2.22234319828032e-05,2.24442929657022e-05,2.18236672431135e-05,2.18236672431135e-05,319.09677556805,0.007027643668057986,-0.017988434009609436,6.269660522070238,0.35394811905844586,0.02792663721197288
1739137080.0,2.18236672431135e-05,2.21597192619507e-05,2.11703504650923e-05,2.21597192619507e-05,471.9225270435,0.010378375453700437,0.015398512774851892,0.47679306804814,0.34758114667593765,0.04533467202541768
1739137140.0,2.21597192619507e-05,2.21597192619507e-05,2.17258120126599e-05,2.19529996559481e-05,102.68291705416,0.002264811328840039,-0.009328620257276857,-0.7817759302557786,0.35293337940332475,0.01958090010805507
1739137200.0,2.19529996559481e-05,2.19529996559481e-05,2.1907629495641e-05,2.1907629495641e-05,16.4839484324,0.0003614981745737074,-0.002066695258878079,-0.8403848612154131,0.3496409979307537,0.002066695258878079
1739137260.0,2.1907629495641e-05,2.1907629495641e-05,2.16833305849527e-05,2.16833305849527e-05,36.04332137868,0.0007855814916950247,-0.010238392553285031,1.1731271329970412,0.3489183965380208,0.010238392553285031
1739137320.0,2.16833305849527e-05,2.19649668598158e-05,2.16221136647849e-05,2.19649668598158e-05,72.2684814924,0.0015771980880310112,0.012988607712255337,1.0076823406670898,0.3453460330252018,0.015811832674304405
1739137380.0,2.19649668598158e-05,2.19649668598158e-05,2.18475090956741e-05,2.18475090956741e-05,18.54028318506,0.0004061478556267075,-0.005347504728385651,-0.7424877327021451,0.3498315971731497,0.005347504728385651
1739137440.0,2.18475090956741e-05,2.18475090956741e-05,2.1773725109565e-05,2.1773725109565e-05,2.7060791065,5.902125524127033e-05,-0.003377226474010797,-0.8546803721265562,0.3479608710531276,0.003377226474010797
1739137500.0,2.1773725109565e-05,2.1773725109565e-05,2.1773725109565e-05,2.1773725109565e-05,0.0,0.0,0.0,-1.0,0.3467857283874871,0.0
1739137560.0,2.1773725109565e-05,2.1773725109565e-05,2.13367043867218e-05,2.13367043867218e-05,70.44582319976,0.0015184748471805693,-0.020071013142864594,0.0,0.3467857283874871,0.020071013142864594
1739137620.0,2.13367043867218e-05,2.14467408474789e-05,2.13079456148049e-05,2.14467408474789e-05,18.78633825792,0.00040187213700444485,0.005157144175722712,-0.7353448838809404,0.339825387475264,0.00650499862389127
1739137680.0,2.14467408474789e-05,2.14467408474789e-05,2.07870114172849e-05,2.07870114172849e-05,252.947577182,0.005341462655338404,-0.030761290719449885,12.291448108728488,0.34157791599304477,0.030761290719449885
1739137740.0,2.07870114172849e-05,2.07870114172849e-05,2.01990932442397e-05,2.01990932442397e-05,0.93955187634,1.925428576930153e-05,-0.02828295810509498,-0.9963953158504145,0.3310705384158389,0.02828295810509498
1739137800.0,2.01990932442397e-05,2.1105952917446e-05,2.01990932442397e-05,2.1105952917446e-05,204.39267376424,0.004221224412471149,0.0448960585626741,218.23557503240897,0.3217068842479925,0.0448960585626741
1739137860.0,2.1105952917446e-05,2.23022331046455e-05,2.1105952917446e-05,2.23022331046455e-05,253.14732064042,0.005494332992676698,0.056679752479248016,0.30159699077933116,0.33615025536320575,0.056679752479248016
1739137920.0,2.23022331046455e-05,2.23022331046455e-05,2.22366203366876e-05,2.22366203366876e-05,18.22337720746,0.0004058241633245955,-0.0029419819822543197,-0.9261376833429078,0.35520316863302825,0.0029419819822543197
1739137980.0,2.22366203366876e-05,2.29001721539949e-05,2.21802020098824e-05,2.29001721539949e-05,184.56743524787,0.004165391012660294,0.029840497668277694,9.264029077363332,0.35415816731087024,0.032377678496612196
1739138040.0,2.29001721539949e-05,2.29570602602543e-05,2.29001721539949e-05,2.29570602602543e-05,2.90953323296,6.671157084041429e-05,0.0024841781047255057,-0.9839843196862789,0.3647264232767118,0.0024841781047255057
1739138100.0,2.29570602602543e-05,2.29570602602543e-05,2.28901080269627e-05,2.28901080269627e-05,25.3642700666,0.0005814399791129155,-0.0029164114452195165,7.71572909748777,0.36563246867163063,0.0029164114452195165
1739138160.0,2.28901080269627e-05,2.28901080269627e-05,2.26545329883696e-05,2.26545329883696e-05,68.38579608203,0.001557303266551887,-0.010291565173725382,1.6783560169491871,0.36456613395525284,0.010291565173725382
1739138220.0,2.26545329883696e-05,2.27657252261631e-05,2.25006953778994e-05,2.27657252261631e-05,48.56491991335,0.0011029156013162291,0.0049081672904307495,-0.2917785347241602,0.36081417782751923,0.011698755758936127
1739138280.0,2.27657252261631e-05,2.27894275659464e-05,2.26953848460918e-05,2.27894275659464e-05,58.32277158992,0.0013284513855190544,0.0010411414329143849,0.20449051943201177,0.36258511417305594,0.004130890578725046
1739138340.0,2.27894275659464e-05,2.27894275659464e-05,2.27894275659464e-05,2.27894275659464e-05,0.0,0.0,0.0,-1.0,0.3629626165583795,0.0
1739138400.0,2.27894275659464e-05,2.27894275659464e-05,2.228183475009e-05,2.228183475009e-05,222.8183475009,0.0050213520945194086,-0.02227317094242786,0.0,0.3629626165583795,0.02227317094242786
1739138460.0,2.228183475009e-05,2.228183475009e-05,2.05453905360772e-05,2.05453905360772e-05,251.00929086786,0.0053750157244594554,-0.0779309349292157,0.07043195204854398,0.3548782881540638,0.0779309349292157
1739138520.0,2.05453905360772e-05,2.05453905360772e-05,1.9883742725984e-05,1.9883742725984e-05,224.20954489809,0.004532298784655487,-0.03220419728363703,-0.15678408827142867,0.32722229137213804,0.03220419728363703
1739138580.0,1.9883742725984e-05,1.9883742725984e-05,1.93243092453936e-05,1.93243092453936e-05,42.37022804569,0.000830627051627267,-0.0281352202299085,-0.8167316209515068,0.3166843601451859,0.0281352202299085
1739138640.0,1.93243092453936e-05,1.93243092453936e-05,1.92257723694184e-05,1.92257723694184e-05,3.81009026232,7.343964528611823e-05,-0.005099115043332721,-0.9115852955399852,0.3077743759291335,0.005099115043332721
1739138700.0,1.92257723694184e-05,1.92257723694184e-05,1.92257723694184e-05,1.92257723694184e-05,0.0,0.0,0.0,-1.0,0.30620499897888087,0.0
1739138760.0,1.92257723694184e-05,1.92257723694184e-05,1.87291292327008e-05,1.87291292327008e-05,222.50780191002,0.0042226308635993194,-0.02583215525362127,0.0,0.30620499897888087,0.02583215525362127
1739138820.0,1.87291292327008e-05,1.87291292327008e-05,1.84032418618078e-05,1.85057062773786e-05,42.808884,0.0007969908770550349,-0.011929169399509958,-0.8112572699817551,0.2982950639058235,0.017400027884051653
1739138880.0,1.85057062773786e-05,1.85057062773786e-05,1.84217491040377e-05,1.84217491040377e-05,0.49299534207,9.102531748767996e-06,-0.0045368262136273,-0.9885788758556399,0.29473665155745327,0.0045368262136273
1739138940.0,1.84217491040377e-05,1.92655104097351e-05,1.84217491040377e-05,1.92575448982618e-05,185.47200358307,0.003494227076101021,0.04537005631245465,382.8741981398698,0.29339948259055065,0.04580245344414461
1739139000.0,1.92575448982618e-05,1.94822713182067e-05,1.92061999955154e-05,1.94822713182067e-05,120.28763722613,0.0023299604796267557,0.0116695259511082,-0.3331971766910449,0.306711033637729,0.014335748619556237
1739139060.0,1.94822713182067e-05,1.95810571889582e-05,1.93078086176106e-05,1.93078086176106e-05,117.4285806272,0.002277532014639327,-0.008954946666462762,-0.022501868785271082,0.3102902060042557,0.014025498715452224
1739139120.0,1.93078086176106e-05,1.95299913354652e-05,1.92555164675592e-05,1.92555164675592e-05,217.4590955466,0.004192972897145268,-0.002708342054090185,0.8410160077636814,0.30751157375836186,0.014215744175941881
1739139180.0,1.92555164675592e-05,1.92555164675592e-05,1.89071658803123e-05,1.89071658803123e-05,69.19995458755,0.001320427942705902,-0.018090950083514256,-0.6850855049397294,0.3066787272310326,0.018090950083514256
1739139240.0,1.89071658803123e-05,1.92569514050385e-05,1.82481035902e-05,1.82481035902e-05,498.4993874036,0.009260939534933033,-0.03485780440518441,6.013589485205037,0.30113061768502036,0.05335796074487271
1739139300.0,1.82481035902e-05,1.82481035902e-05,1.8118224504257e-05,1.8118224504257e-05,25.62073359092,0.00046586600189403604,-0.007117401833073141,-0.9496956005233863,0.2906338655133435,0.007117401833073141
1739139360.0,1.8118224504257e-05,1.8118224504257e-05,1.768642906359e-05,1.768642906359e-05,171.4023263253,0.0030685004574002145,-0.023832105655029724,5.586658921073538,0.28856530750618575,0.023832105655029724
1739139420.0,1.768642906359e-05,1.768642906359e-05,1.74160959741425e-05,1.74160959741425e-05,19.557,0.0003432500410814672,-0.015284775037150821,-0.8881375297651787,0.28168818860932215,0.015284775037150821
1739139480.0,1.74160959741425e-05,1.74160959741425e-05,1.68370315367298e-05,1.68370315367298e-05,204.66552522896,0.0035052171663736095,-0.03324880835937236,9.2118477694273,0.27738264801580614,0.03324880835937236
1739139540.0,1.68370315367298e-05,1.71252051415075e-05,1.68370315367298e-05,1.71252051415075e-05,85.5279254323,0.0014523598230652016,0.017115463860066592,-0.5856576770768902,0.2681600055097134,0.017115463860066592
1739139600.0,1.71252051415075e-05,1.71620154935605e-05,1.71252051415075e-05,1.71620154935605e-05,19.27168623243,0.0003303862789305649,0.0021494838601251085,-0.7725176132776205,0.27274968839273017,0.0021494838601251085
1739139660.0,1.71620154935605e-05,1.7437979101197e-05,1.71175525364112e-05,1.7437979101197e-05,111.0537852476,0.0019212301846471603,0.016079906683457063,4.81510282710903,0.2733359594457845,0.018670683807856348
1739139720.0,1.7437979101197e-05,1.7437979101197e-05,1.7437979101197e-05,1.7437979101197e-05,0.0,0.0,0.0,-1.0,0.2777311761669059,0.0
1739139780.0,1.7437979101197e-05,1.7437979101197e-05,1.7437979101197e-05,1.7437979101197e-05,0.0,0.0,0.0,0.0,0.2777311761669059,0.0
1739139840.0,1.7437979101197e-05,1.76595410830903e-05,1.7437979101197e-05,1.76595410830903e-05,5.4086137536,9.491446519299494e-05,0.012705714383961729,0.0,0.2777311761669059,0.012705714383961729
1739139900.0,1.76595410830903e-05,1.76595410830903e-05,1.7211915348885e-05,1.73239133729575e-05,121.10057210787,0.0021182581744685013,-0.01900546047904816,21.31754843860024,0.28125994916680436,0.02534752925340298
1739139960.0,1.73239133729575e-05,1.73420298516949e-05,1.72158749487362e-05,1.72158749487362e-05,26.84357732916,0.00046358573937310124,-0.006236375228587055,-0.7811476688910118,0.2759144743185756,0.007282125016604158
1739140020.0,1.72158749487362e-05,1.72158749487362e-05,1.71587706444022e-05,1.71587706444022e-05,2.46940491875,4.2442459453991994e-05,-0.0033169562687950524,-0.9084474438075119,0.2741937681257266,0.0033169562687950524
1739140080.0,1.71587706444022e-05,1.71587706444022e-05,1.71587706444022e-05,1.71587706444022e-05,0.0,0.0,0.0,-1.0,0.2732842793876774,0.0
1739140140.0,1.71587706444022e-05,1.72791163733795e-05,1.71587706444022e-05,1.72791163733795e-05,7.78525103882,0.0001340537978399754,0.007013656833076421,0.0,0.2732842793876774,0.007013656833076421
1739140200.0,1.72791163733795e-05,1.72791163733795e-05,1.72053595903951e-05,1.72053595903951e-05,0.00091191009,1.572337078986427e-08,-0.004268550624384453,-0.9998827085017865,0.27520100154117716,0.004268550624384453
1739140260.0,1.72053595903951e-05,1.72053595903951e-05,1.71847478473595e-05,1.71847478473595e-05,1.74869445399,3.006889507426086e-05,-0.0011979838565599268,1911.3695215305947,0.27402629213421736,0.0011979838565599268
1739140320.0,1.71847478473595e-05,1.71847478473595e-05,1.71847478473595e-05,1.71847478473595e-05,0.0,0.0,0.0,-1.0,0.2736980130599676,0.0
1739140380.0,1.71847478473595e-05,1.71847478473595e-05,1.7158316614757e-05,1.7158316614757e-05,4.86070665718,8.346578102948577e-05,-0.0015380634523864112,0.0,0.2736980130599676,0.0015380634523864112
1739140440.0,1.7158316614757e-05,1.7158316614757e-05,1.71419947592409e-05,1.71419947592409e-05,0.29399343617,5.0420332012712875e-06,-0.000951250398425593,-0.9395916130049738,0.27327704814908926,0.000951250398425593
1739140500.0,1.71419947592409e-05,1.71419947592409e-05,1.71419947592409e-05,1.71419947592409e-05,0.0,0.0,0.0,-1.0,0.2730170932481569,0.0
1739140560.0,1.71419947592409e-05,1.71419947592409e-05,1.678444514472e-05,1.678444514472e-05,167.8444514472,0.002847182347618357,-0.020858110129111616,0.0,0.2730170932481569,0.020858110129111616
1739140620.0,1.678444514472e-05,1.678444514472e-05,1.678444514472e-05,1.678444514472e-05,0.0,0.0,0.0,-1.0,0.2673224726500569,0.0
1739140680.0,1.678444514472e-05,1.678444514472e-05,1.66338920922627e-05,1.66338920922627e-05,52.60163222377,0.0008789295424348408,-0.008969796210669465,0.0,0.2673224726500569,0.008969796210669465
1739140740.0,1.66338920922627e-05,1.68624262172464e-05,1.66338920922627e-05,1.68624262172464e-05,45.97208551248,0.000769947804839001,0.013739065019545553,-0.12399371318653699,0.26492464454785364,0.013739065019545553
1739140800.0,1.68624262172464e-05,1.69110261601532e-05,1.68492571631477e-05,1.69110261601532e-05,17.61813862746,0.00029751268295647235,0.00288214413991581,-0.6135936993564345,0.2685644614645766,0.0036631144421153533
1739140860.0,1.69110261601532e-05,1.69110261601532e-05,1.68401232641127e-05,1.68401232641127e-05,5.57226991821,9.403525732092381e-05,-0.004192702167746967,-0.6839285761317219,0.26933850295337636,0.004192702167746967
1739140920.0,1.68401232641127e-05,1.73032834971578e-05,1.68401232641127e-05,1.73032834971578e-05,168.51606317973,0.00287685624547674,0.027503375467097763,29.59337877556496,0.268209246828186,0.027503375467097763
1739140980.0,1.73032834971578e-05,1.73032834971578e-05,1.73032834971578e-05,1.73032834971578e-05,0.0,0.0,0.0,-1.0,0.27558590644744907,0.0
1739141040.0,1.73032834971578e-05,1.73032834971578e-05,1.73032834971578e-05,1.73032834971578e-05,0.0,0.0,0.0,0.0,0.27558590644744907,0.0
1739141100.0,1.73032834971578e-05,1.73032834971578e-05,1.73032834971578e-05,1.73032834971578e-05,0.0,0.0,0.0,0.0,0.27558590644744907,0.0
1739141160.0,1.73032834971578e-05,1.78667020390117e-05,1.73032834971578e-05,1.78667020390117e-05,18.1478211,0.0003191293027999959,0.03256136570532671,0.0,0.27558590644744907,0.03256136570532671
1739141220.0,1.78667020390117e-05,1.78667020390117e-05,1.77990262991807e-05,1.77990262991807e-05,4.29953993586,7.667311166579598e-05,-0.0037878137601014728,-0.7597428033305722,0.28455935993051845,0.0037878137601014728
1739141280.0,1.77990262991807e-05,1.77990262991807e-05,1.77990262991807e-05,1.77990262991807e-05,0.0,0.0,0.0,-1.0,0.28348150207140793,0.0
1739141340.0,1.77990262991807e-05,1.77990262991807e-05,1.77117936533783e-05,1.77117936533783e-05,3.94151845152,6.998327603580794e-05,-0.0049009785331017,0.0,0.28348150207140793,0.0049009785331017
1739141400.0,1.77117936533783e-05,1.77117936533783e-05,1.76896124573539e-05,1.76896124573539e-05,2.988579528,5.2899958782474166e-05,-0.0012523404720318522,-0.24410570954970512,0.2820921653152246,0.0012523404720318522
1739141460.0,1.76896124573539e-05,1.76896124573539e-05,1.76896124573539e-05,1.76896124573539e-05,0.0,0.0,0.0,-1.0,0.2817388898797572,0.0
1739141520.0,1.76896124573539e-05,1.77012596219853e-05,1.76451519766008e-05,1.77012596219853e-05,13.00522194703,0.0002301330731453767,0.0006584183039328753,0.0,0.2817388898797572,0.0031717848833468635
1739141580.0,1.77012596219853e-05,1.77012596219853e-05,1.75357842246403e-05,1.75357842246403e-05,36.7427315949,0.0006473526221271435,-0.00934822723799142,1.812949104965049,0.28192439192178376,0.00934822723799142
1739141640.0,1.75357842246403e-05,1.75357842246403e-05,1.75357842246403e-05,1.75357842246403e-05,0.0,0.0,0.0,-1.0,0.2792888986421664,0.0
1739141700.0,1.75357842246403e-05,1.75357842246403e-05,1.71025440779487e-05,1.71025440779487e-05,166.56106910848,0.002884698497104873,-0.024706060541212316,0.0,0.2792888986421664,0.024706060541212316
1739141760.0,1.71025440779487e-05,1.71025440779487e-05,1.71025440779487e-05,1.71025440779487e-05,0.0,0.0,0.0,-1.0,0.2723887702038245,0.0
1739141820.0,1.71025440779487e-05,1.71025440779487e-05,1.71025440779487e-05,1.71025440779487e-05,0.0,0.0,0.0,0.0,0.2723887702038245,0.0
1739141880.0,1.71025440779487e-05,1.71025440779487e-05,1.71025440779487e-05,1.71025440779487e-05,0.0,0.0,0.0,0.0,0.2723887702038245,0.0
1739141940.0,1.71025440779487e-05,1.71025440779487e-05,1.71025440779487e-05,1.71025440779487e-05,0.0,0.0,0.0,0.0,0.2723887702038245,0.0
1739142000.0,1.71025440779487e-05,1.71025440779487e-05,1.71025440779487e-05,1.71025440779487e-05,0.0,0.0,0.0,0.0,0.2723887702038245,0.0
1739142060.0,1.71025440779487e-05,1.71025440779487e-05,1.7060852903912e-05,1.7060852903912e-05,121.12735142993,0.0020690608961310255,-0.002437717677948009,0.0,0.2723887702038245,0.002437717677948009
1739142120.0,1.7060852903912e-05,1.73144021851402e-05,1.7060852903912e-05,1.73144021851402e-05,4.43784197862,7.627597502998332e-05,0.014861465757673963,-0.9631349782055169,0.2717247632834241,0.014861465757673963
1739142180.0,1.73144021851402e-05,1.73144021851402e-05,1.73144021851402e-05,1.73144021851402e-05,0.0,0.0,0.0,-1.0,0.2757629915484728,0.0
1739142240.0,1.73144021851402e-05,1.73144021851402e-05,1.7232232877964e-05,1.7232232877964e-05,1.26950052381,2.1928485654241846e-05,-0.004745720140815477,0.0,0.2757629915484728,0.004745720140815477
1739142300.0,1.7232232877964e-05,1.72450467856634e-05,1.7232232877964e-05,1.72450467856634e-05,0.73048517865,1.2592570897225435e-05,0.0007436011218130839,-0.42574370634711256,0.2744542975653897,0.0007436011218130839
1739142360.0,1.72450467856634e-05,1.72450467856634e-05,1.70792826799892e-05,1.70792826799892e-05,41.31992040878,0.0007091392808027538,-0.00961227346811302,55.314098732531335,0.2746583820889457,0.00961227346811302
1739142420.0,1.70792826799892e-05,1.70792826799892e-05,1.68820831712707e-05,1.68820831712707e-05,48.39703712429,0.0008218147419475101,-0.011546123593910914,0.15889045240478905,0.2720182906099973,0.011546123593910914
1739142480.0,1.68820831712707e-05,1.68820831712707e-05,1.68820831712707e-05,1.68820831712707e-05,0.0,0.0,0.0,-1.0,0.2688775338068099,0.0
1739142540.0,1.68820831712707e-05,1.68873476411444e-05,1.68820831712707e-05,1.68873476411444e-05,11.06109048907,0.00018676336499025604,0.0003118376932686621,0.0,0.2688775338068099,0.0003118376932686621
1739142600.0,1.68873476411444e-05,1.7031171629133e-05,1.67733361393609e-05,1.67733361393609e-05,162.44209925486,0.002733956067829649,-0.0067512971371372545,13.63861002917937,0.268961379956724,0.015267968377929842
1739142660.0,1.67733361393609e-05,1.67733361393609e-05,1.67733361393609e-05,1.67733361393609e-05,0.0,0.0,0.0,-1.0,0.26714554176222166,0.0
1739142720.0,1.67733361393609e-05,1.67733361393609e-05,1.67733361393609e-05,1.67733361393609e-05,0.0,0.0,0.0,0.0,0.26714554176222166,0.0
1739142780.0,1.67733361393609e-05,1.67733361393609e-05,1.67733361393609e-05,1.67733361393609e-05,0.0,0.0,0.0,0.0,0.26714554176222166,0.0
1739142840.0,1.67733361393609e-05,1.67733361393609e-05,1.65993143291834e-05,1.65993143291834e-05,73.01939868924,0.0012184254349396444,-0.010374907456193759,0.0,0.26714554176222166,0.010374907456193759
1739142900.0,1.65993143291834e-05,1.65993143291834e-05,1.65030126240986e-05,1.65030126240986e-05,0.02000991256,3.3118733393385203e-07,-0.005801547170866729,-0.9997281841592955,0.2643739314891039,0.005801547170866729
1739142960.0,1.65030126240986e-05,1.65841085231655e-05,1.64980023760367e-05,1.65841085231655e-05,2.38222257602,3.941044348626065e-05,0.004914005758468616,117.99743573566762,0.26284015365482233,0.0052176017246124825
1739143020.0,1.65841085231655e-05,1.65841085231655e-05,1.64980104847373e-05,1.64980104847373e-05,7.7922364534,0.0001288918468445486,-0.005191598831371322,2.2704997823605595,0.26413175168343894,0.005191598831371322
1739143080.0,1.64980104847373e-05,1.64980104847373e-05,1.64980104847373e-05,1.64980104847373e-05,0.0,0.0,0.0,-1.0,0.2627604855900711,0.0
1739143140.0,1.64980104847373e-05,1.64980104847373e-05,1.64980104847373e-05,1.64980104847373e-05,0.0,0.0,0.0,0.0,0.2627604855900711,0.0
1739143200.0,1.64980104847373e-05,1.64980104847373e-05,1.64706211889279e-05,1.64706211889279e-05,10.10026460202,0.00016649595173527797,-0.001660157498065501,0.0,0.2627604855900711,0.001660157498065501
1739143260.0,1.64706211889279e-05,1.64706211889279e-05,1.58480850946171e-05,1.58480850946171e-05,160.50168744356,0.002593603447250879,-0.03779675867533687,14.577576633061966,0.2623242617997234,0.03779675867533687
1739143320.0,1.58480850946171e-05,1.58646200876027e-05,1.58480850946171e-05,1.58646200876027e-05,0.99301812876,1.5745645578982727e-05,0.0010433432737697605,-0.9939290466336815,0.2524092549817934,0.0010433432737697605
1739143380.0,1.58646200876027e-05,1.58646200876027e-05,1.58646200876027e-05,1.58646200876027e-05,0.0,0.0,0.0,-1.0,0.2526726044802159,0.0
1739143440.0,1.58646200876027e-05,1.58646200876027e-05,1.58646200876027e-05,1.58646200876027e-05,0.0,0.0,0.0,0.0,0.2526726044802159,0.0
1739143500.0,1.58646200876027e-05,1.58646200876027e-05,1.58646200876027e-05,1.58646200876027e-05,0.0,0.0,0.0,0.0,0.2526726044802159,0.0
1739143560.0,1.58646200876027e-05,1.58646200876027e-05,1.57647230101785e-05,1.57647230101785e-05,7.21362407942,0.00011408109549319562,-0.00629684649695854,0.0,0.2526726044802159,0.00629684649695854
1739143620.0,1.57647230101785e-05,1.57647230101785e-05,1.57647230101785e-05,1.57647230101785e-05,0.0,0.0,0.0,-1.0,0.25108156387581726,0.0
1739143680.0,1.57647230101785e-05,1.57647230101785e-05,1.57647230101785e-05,1.57647230101785e-05,0.0,0.0,0.0,0.0,0.25108156387581726,0.0
1739143740.0,1.57647230101785e-05,1.57647230101785e-05,1.57647230101785e-05,1.57647230101785e-05,0.0,0.0,0.0,0.0,0.25108156387581726,0.0
1739143800.0,1.57647230101785e-05,1.57647230101785e-05,1.57647230101785e-05,1.57647230101785e-05,0.0,0.0,0.0,0.0,0.25108156387581726,0.0
1739143860.0,1.57647230101785e-05,1.57647230101785e-05,1.56979752274306e-05,1.56979752274306e-05,15.30009054876,0.00024069106597186547,-0.004233996544360904,0.0,0.25108156387581726,0.004233996544360904
1739143920.0,1.56979752274306e-05,1.56979752274306e-05,1.56979752274306e-05,1.56979752274306e-05,0.0,0.0,0.0,-1.0,0.2500184854020143,0.0
1739143980.0,1.56979752274306e-05,1.78912804732683e-05,1.5696032100574e-05,1.78912804732683e-05,503.23156407714,0.008451586841224849,0.13971899012842914,0.0,0.2500184854020143,0.13984277213397112
1739144040.0,1.78912804732683e-05,1.79107668170676e-05,1.78324125237466e-05,1.78324125237466e-05,5.51687052488,9.854149446754679e-05,-0.0032903150565247096,-0.9883404742424363,0.28495081569582315,0.00437946816819912
1739144100.0,1.78324125237466e-05,1.78324125237466e-05,1.78324125237466e-05,1.78324125237466e-05,0.0,0.0,0.0,-1.0,0.28401323773657017,0.0
1739144160.0,1.78324125237466e-05,1.79850182745146e-05,1.78324125237466e-05,1.7899068462827e-05,47.49538193409,0.0008485401682639939,0.003737909214002237,0.0,0.28401323773657017,0.00855777369241449
1739144220.0,1.7899068462827e-05,1.96037462365142e-05,1.7899068462827e-05,1.9403012977481e-05,602.57828014532,0.01123871204007073,0.08402361931725169,12.244761368296464,0.2850748534348043,0.09523835149452024
1739144280.0,1.9403012977481e-05,1.94268346378778e-05,1.9403012977481e-05,1.94268346378778e-05,8.608848952,0.00016714014647490068,0.0012277299625808452,-0.9851281760864611,0.3090278743967316,0.0012277299625808452
1739144340.0,1.94268346378778e-05,1.94268346378778e-05,1.94268346378778e-05,1.94268346378778e-05,0.0,0.0,0.0,-1.0,0.3094072771774012,0.0
1739144400.0,1.94268346378778e-05,1.94268346378778e-05,1.93468690813249e-05,1.93468690813249e-05,10.69743118464,0.00020738951365489546,-0.004116242200208164,0.0,0.3094072771774012,0.004116242200208164
1739144460.0,1.93468690813249e-05,1.98930650379484e-05,1.93468690813249e-05,1.98930650379484e-05,199.1198827918,0.003906725541293826,0.02823174924725822,17.837623332271157,0.3081336818860321,0.02823174924725822
1739144520.0,1.98930650379484e-05,2.14296891626784e-05,1.98930650379484e-05,2.14296891626784e-05,302.29700806,0.006245872479824139,0.07724421157819097,0.5987487254494044,0.31683283472767293,0.07724421157819097
1739144580.0,2.14296891626784e-05,2.18504066421645e-05,2.14296891626784e-05,2.18504066421645e-05,10.18028615352,0.00022030188002253063,0.01963245832883174,-0.9647284057216722,0.34130633724829534,0.01963245832883174
1739144640.0,2.18504066421645e-05,2.18504066421645e-05,2.14110695104001e-05,2.14680763538767e-05,272.87608322068,0.005910288985510675,-0.017497628055581377,25.828136849790937,0.3480070196916887,0.020106588355962945
1739144700.0,2.14680763538767e-05,2.27385371911322e-05,2.14680763538767e-05,2.27385371911322e-05,202.58531489735,0.004477805362780542,0.05917907204695025,-0.2423711642936458,0.34191772230039214,0.05917907204695025
1739144760.0,2.27385371911322e-05,2.27385371911322e-05,2.26225183723773e-05,2.26225183723773e-05,2.95045403544,6.691785471958733e-05,-0.005102299139987934,-0.9850556580069765,0.36215209582253616,0.005102299139987934
1739144820.0,2.26225183723773e-05,2.27825870354607e-05,2.26225183723773e-05,2.27275879480964e-05,25.562930481,0.0005796408075881139,0.004644468577264598,7.661975343008851,0.360304287495476,0.007075634129171389
1739144880.0,2.27275879480964e-05,2.27275879480964e-05,2.27275879480964e-05,2.27275879480964e-05,0.0,0.0,0.0,-1.0,0.36197770943700247,0.0
1739144940.0,2.27275879480964e-05,2.2854827562161e-05,2.27252041001351e-05,2.28315285799207e-05,38.25789640945,0.0008714979803174696,0.004573324369557985,0.0,0.36197770943700247,0.005703353225248625
1739145000.0,2.28315285799207e-05,2.32071497832101e-05,2.28315285799207e-05,2.32071497832101e-05,101.08953165601,0.0023270142168952865,0.0164518640079027,1.6701315085636812,0.3636331509168075,0.0164518640079027
1739145060.0,2.32071497832101e-05,2.32071497832101e-05,2.32071497832101e-05,2.32071497832101e-05,0.0,0.0,0.0,-1.0,0.36961559406445593,0.0
1739145120.0,2.32071497832101e-05,2.36638627762793e-05,2.32071497832101e-05,2.36638627762793e-05,114.06047444661,0.0026730649651641883,0.019679839934485348,0.0,0.36961559406445593,0.019679839934485348
1739145180.0,2.36638627762793e-05,2.40131146684191e-05,2.36638627762793e-05,2.40131146684191e-05,28.73369533416,0.000684967872174791,0.014758870749110744,-0.7437518799200908,0.37688956979293414,0.014758870749110744
1739145240.0,2.40131146684191e-05,2.44546936687064e-05,2.40131146684191e-05,2.44546936687064e-05,145.136848,0.003517232465759258,0.018389076401989706,4.1348867715385715,0.382452034240196,0.018389076401989706
1739145300.0,2.44546936687064e-05,2.44546936687064e-05,2.44546936687064e-05,2.44546936687064e-05,0.0,0.0,0.0,-1.0,0.38948497391793535,0.0
1739145360.0,2.44546936687064e-05,2.49828994400365e-05,2.44546936687064e-05,2.49828994400365e-05,27.15211495304,0.0006711676055451027,0.02159936159846583,0.0,0.38948497391793535,0.02159936159846583
1739145420.0,2.49828994400365e-05,2.49828994400365e-05,2.41240814289915e-05,2.41240814289915e-05,265.23026677168,0.006512328818122042,-0.03437623455621391,8.702984417480813,0.3978976007067579,0.03437623455621391
1739145480.0,2.41240814289915e-05,2.41240814289915e-05,2.25035551154206e-05,2.26769689966889e-05,254.41113342064,0.005953354142036938,-0.0599862190219401,-0.0858333004515419,0.3842193794555076,0.06717463288046314
1739145540.0,2.26769689966889e-05,2.42813043082734e-05,2.26769689966889e-05,2.42813043082734e-05,374.22855262384,0.008786563326315373,0.07074734334287591,0.47590133505967674,0.36117151160701566,0.07074734334287591
1739145600.0,2.42813043082734e-05,2.48368447770388e-05,2.42813043082734e-05,2.48368447770388e-05,53.5358110554,0.001314789974411121,0.022879350372298917,-0.8503635692838651,0.38672343654434266,0.022879350372298917
1739145660.0,2.48368447770388e-05,2.56220549707504e-05,2.48368447770388e-05,2.56220549707504e-05,259.37964997812,0.006544005877431305,0.031614732095016904,3.9772252639531174,0.39557141754622016,0.031614732095016904
1739145720.0,2.56220549707504e-05,2.56220549707504e-05,2.56220549707504e-05,2.56220549707504e-05,0.0,0.0,0.0,-1.0,0.40807730193639,0.0
1739145780.0,2.56220549707504e-05,2.65584303261663e-05,2.56220549707504e-05,2.65584303261663e-05,79.28742930615,0.0020686282695699413,0.036545677405065556,0.0,0.40807730193639,0.036545677405065556
1739145840.0,2.65584303261663e-05,2.86519546660792e-05,2.65584303261663e-05,2.86519546660792e-05,384.85363674221,0.010623958725101608,0.07882711117344474,4.135750526753791,0.42299076336928687,0.07882711117344474
1739145900.0,2.86519546660792e-05,2.86519546660792e-05,2.75420427602218e-05,2.75420427602218e-05,294.26774366807,0.008268040415163463,-0.038737737749229825,-0.22175522052544613,0.45633390329873785,0.038737737749229825
1739145960.0,2.75420427602218e-05,2.75420427602218e-05,2.75420427602218e-05,2.75420427602218e-05,0.0,0.0,0.0,-1.0,0.438656560226669,0.0
1739146020.0,2.75420427602218e-05,2.75420427602218e-05,2.75420427602218e-05,2.75420427602218e-05,0.0,0.0,0.0,0.0,0.438656560226669,0.0
1739146080.0,2.75420427602218e-05,3.02637909455687e-05,2.75420427602218e-05,3.01803740634986e-05,508.13959143801,0.014665522650809898,0.09579286933238179,0.0,0.438656560226669,0.09882158012178541
1739146140.0,3.01803740634986e-05,3.03156361417797e-05,3.01672977241663e-05,3.03156361417797e-05,2.70964038291,8.196121612857878e-05,0.004481789324297692,-0.9944112993392669,0.4806767307822543,0.004915062262028308
1739146200.0,3.03156361417797e-05,3.03597410414663e-05,3.03156361417797e-05,3.03597410414663e-05,4.92773250206,0.0001494960141103155,0.001454856480013569,0.8239848207692497,0.48283102262271255,0.001454856480013569
1739146260.0,3.03597410414663e-05,3.04109829635072e-05,3.03597410414663e-05,3.04109829635072e-05,2.01562035,6.124535399432904e-05,0.00168782474036623,-0.5903211576655475,0.4835334724647268,0.00168782474036623
1739146320.0,3.04109829635072e-05,3.04109829635072e-05,2.98239034687461e-05,2.98239034687461e-05,81.32690832361,0.002449358543379462,-0.019304850996285993,38.992560800714095,0.48434959222234797,0.019304850996285993
1739146380.0,2.98239034687461e-05,2.99801579172713e-05,2.98239034687461e-05,2.99801579172713e-05,5.1290804448,0.0001533699208873203,0.005239235323067191,-0.9373836381358399,0.47499929551438363,0.005239235323067191
1739146440.0,2.99801579172713e-05,2.99801579172713e-05,2.99801579172713e-05,2.99801579172713e-05,0.0,0.0,0.0,-1.0,0.4774879286018746,0.0
1739146500.0,2.99801579172713e-05,2.99801579172713e-05,2.99801579172713e-05,2.99801579172713e-05,0.0,0.0,0.0,0.0,0.4774879286018746,0.0
1739146560.0,2.99801579172713e-05,2.99801579172713e-05,2.88024916738675e-05,2.88024916738675e-05,366.8031065046,0.010780829239300535,-0.03928152235400198,0.0,0.4774879286018746,0.03928152235400198
1739146620.0,2.88024916738675e-05,2.88024916738675e-05,2.7347425131486e-05,2.7347425131486e-05,180.14213800284,0.005057483030998987,-0.050518773127593085,-0.530881816348376,0.458731475860734,0.050518773127593085
1739146680.0,2.7347425131486e-05,2.7347425131486e-05,2.67627419745412e-05,2.67627419745412e-05,44.5789085873,0.001206086096531557,-0.021379824759868642,-0.7615244402919286,0.43555692450523964,0.021379824759868642
1739146740.0,2.67627419745412e-05,2.67627419745412e-05,2.66711493049567e-05,2.66711493049567e-05,1.76774658555,4.722878943099117e-05,-0.0034223948230577696,-0.9608412786062198,0.42624479378637026,0.0034223948230577696
1739146800.0,2.66711493049567e-05,2.66711493049567e-05,2.59455358319602e-05,2.59455358319602e-05,282.19658441778,0.0074241244145118596,-0.02720593194915859,156.19489116611163,0.4247860158107605,0.02720593194915859
1739146860.0,2.59455358319602e-05,2.59455358319602e-05,1.94633388539032e-05,1.94633388539032e-05,1201.31371530192,0.02727515197827693,-0.24983862426429862,2.673854377354247,0.4132293163716587,0.24983862426429862
1739146920.0,1.94633388539032e-05,1.94695261143195e-05,1.94633388539032e-05,1.94695261143195e-05,0.10891767632,2.1202385924095733e-06,0.0003178930636075806,-0.9999222648293913,0.3099886724636869,0.0003178930636075806
1739146980.0,1.94695261143195e-05,1.94695261143195e-05,1.92707729364256e-05,1.92707729364256e-05,85.58867734052,0.0016578654777647378,-0.010208424012319316,780.9240172779964,0.31008721571246,0.010208424012319316
1739147040.0,1.92707729364256e-05,1.92707729364256e-05,1.90226284092091e-05,1.90226284092091e-05,87.97065152724,0.0016843477327847865,-0.012876729336966958,0.01597370557215179,0.3069217139336677,0.012876729336966958
1739147100.0,1.90226284092091e-05,1.90226284092091e-05,1.85504864707336e-05,1.85504864707336e-05,67.68365635108,0.0012715428977868462,-0.024820015842128892,-0.24508290477254166,0.30296956609570586,0.024820015842128892
1739147160.0,1.85504864707336e-05,1.85504864707336e-05,1.85023204956419e-05,1.85023204956419e-05,10.29226498983,0.00019067865395747786,-0.0025964804301865157,-0.8500415091859196,0.29544985666552753,0.0025964804301865157
1739147220.0,1.85023204956419e-05,1.85023204956419e-05,1.85023204956419e-05,1.85023204956419e-05,0.0,0.0,0.0,-1.0,0.29468272689459407,0.0
1739147280.0,1.85023204956419e-05,1.85023204956419e-05,1.71432902682221e-05,1.71432902682221e-05,306.96196263586,0.005470923319714815,-0.0734518801433535,0.0,0.29468272689459407,0.0734518801433535
1739147340.0,1.71432902682221e-05,1.71432902682221e-05,1.69199180699899e-05,1.69199180699899e-05,102.50612233632,0.0017458437005421574,-0.0130297156926904,-0.6808868268632279,0.2730377265584158,0.0130297156926904
1739147400.0,1.69199180699899e-05,1.69199180699899e-05,1.66800106966334e-05,1.66800106966334e-05,1.92341363486,3.2313280560024e-05,-0.014178991432707353,-0.9814913095886022,0.2694801226079811,0.014178991432707353
1739147460.0,1.66800106966334e-05,1.68334937249027e-05,1.66800106966334e-05,1.68334937249027e-05,27.8657650152,0.0004669397195231957,0.009201614498980937,13.450396599498001,0.2656591662582376,0.009201614498980937
1739147520.0,1.68334937249027e-05,1.72294618839729e-05,1.68334937249027e-05,1.72294618839729e-05,169.52319644824,0.002887230557645548,0.023522636806192043,5.183304689936796,0.26810365949426657,0.023522636806192043
1739147580.0,1.72294618839729e-05,1.74695571774704e-05,1.72294618839729e-05,1.74695571774704e-05,13.08185266914,0.0002269637275627409,0.013935159154380795,-0.9213905079517365,0.2744101645029612,0.013935159154380795
1739147640.0,1.74695571774704e-05,1.74695571774704e-05,1.71013185785725e-05,1.71013185785725e-05,163.083952773,0.002818977534559875,-0.021078874247184593,11.420387895597143,0.27823411381888974,0.021078874247184593
1739147700.0,1.71013185785725e-05,1.71013185785725e-05,1.69258669427866e-05,1.69258669427866e-05,20.523601692,0.0003491802011700818,-0.010259538466568054,-0.8761323221312586,0.27236925192242456,0.010259538466568054
1739147760.0,1.69258669427866e-05,1.69899138890386e-05,1.69258669427866e-05,1.69899138890386e-05,10.10586375,0.00017137413003064355,0.0037839684353240125,-0.5092100598591238,0.26957486910521605,0.0037839684353240125
1739147820.0,1.69899138890386e-05,1.75885941870461e-05,1.69899138890386e-05,1.75885941870461e-05,166.08499083242,0.0028714855984076438,0.035237394486958146,15.755653831148209,0.2705949319008668,0.035237394486958146
1739147880.0,1.75885941870461e-05,1.7681329946844e-05,1.75885941870461e-05,1.7681329946844e-05,4.060781,7.16117188971712e-05,0.005272494140901638,-0.9750610906992246,0.28012999226242924,0.005272494140901638
1739147940.0,1.7681329946844e-05,1.7681329946844e-05,1.7681329946844e-05,1.7681329946844e-05,0.0,0.0,0.0,-1.0,0.2816069760053237,0.0
1739148000.0,1.7681329946844e-05,1.7681329946844e-05,1.7681329946844e-05,1.7681329946844e-05,0.0,0.0,0.0,0.0,0.2816069760053237,0.0
1739148060.0,1.7681329946844e-05,1.7681329946844e-05,1.72584442856874e-05,1.72584442856874e-05,163.98431462,0.0028647874652495985,-0.023917073117686035,0.0,0.2816069760053237,0.023917073117686035
1739148120.0,1.72584442856874e-05,1.72584442856874e-05,1.72584442856874e-05,1.72584442856874e-05,0.0,0.0,0.0,-1.0,0.27487176136975394,0.0
1739148180.0,1.72584442856874e-05,1.72584442856874e-05,1.69189383528001e-05,1.69189383528001e-05,0.7160864963,1.2236981093149482e-05,-0.01967187350535725,0.0,0.27487176136975394,0.01967187350535725
1739148240.0,1.69189383528001e-05,1.69189383528001e-05,1.50092569311243e-05,1.50092569311243e-05,470.53341017346,0.007511641303814567,-0.11287241444199404,612.8475859883237,0.26946451884989336,0.11287241444199404
1739148300.0,1.50092569311243e-05,1.50092569311243e-05,1.49503879030946e-05,1.49503879030946e-05,18.93649728068,0.0002836653664666624,-0.003922181377788573,-0.9622365665513593,0.2390494080008557,0.003922181377788573
1739148360.0,1.49503879030946e-05,1.49503879030946e-05,1.48503174973084e-05,1.48503174973084e-05,33.31964128372,0.0004964744069716227,-0.006693498953661634,0.7502115720213259,0.23811181286442334,0.006693498953661634
1739148420.0,1.48503174973084e-05,1.48503174973084e-05,1.48201470408971e-05,1.48201470408971e-05,0.65795403777,9.760900972711955e-06,-0.002031637129426322,-0.980339568695492,0.23651801169416087,0.002031637129426322
1739148480.0,1.48201470408971e-05,1.48380219850977e-05,1.48201470408971e-05,1.48380219850977e-05,1.724347161,2.5570489780216134e-05,0.0012061246188228296,1.619685401143012,0.23603749291982493,0.0012061246188228296
1739148540.0,1.48380219850977e-05,1.48380219850977e-05,1.35800538754847e-05,1.35800538754847e-05,343.98678062848,0.0048877212134688305,-0.08478004082191129,190.14695320581836,0.23632218355100074,0.08478004082191129
1739148600.0,1.35800538754847e-05,1.35800538754847e-05,1.34889441952062e-05,1.34889441952062e-05,16.09358248792,0.00021781857665800566,-0.0067090809148390475,-0.9554355563370155,0.21628677918242367,0.0067090809148390475
1739148660.0,1.34889441952062e-05,1.34889441952062e-05,1.34889441952062e-05,1.34889441952062e-05,0.0,0.0,0.0,-1.0,0.21483569368007888,0.0
1739148720.0,1.34889441952062e-05,1.34889441952062e-05,1.33956347722183e-05,1.33956347722183e-05,32.47407047184,0.00043652585599694536,-0.0069174741653286595,0.0,0.21483569368007888,0.0069174741653286595
1739148780.0,1.33956347722183e-05,1.33956347722183e-05,1.33956347722183e-05,1.33956347722183e-05,0.0,0.0,0.0,-1.0,0.21334957331925647,0.0
1739148840.0,1.33956347722183e-05,1.33956347722183e-05,1.33956347722183e-05,1.33956347722183e-05,0.0,0.0,0.0,0.0,0.21334957331925647,0.0
1739148900.0,1.33956347722183e-05,1.33956347722183e-05,1.33956347722183e-05,1.33956347722183e-05,0.0,0.0,0.0,0.0,0.21334957331925647,0.0
1739148960.0,1.33956347722183e-05,1.33956347722183e-05,1.33285618409725e-05,1.33285618409725e-05,6.44391231985,8.610418989691692e-05,-0.0050070737509882385,0.0,0.21334957331925647,0.0050070737509882385
1739149020.0,1.33285618409725e-05,1.33285618409725e-05,1.32451749909408e-05,1.32451749909408e-05,39.0422950938,0.0005187498375682705,-0.006256252626998887,5.024675897761917,0.21228131627090507,0.006256252626998887
1739149080.0,1.32451749909408e-05,1.32451749909408e-05,1.28400546499432e-05,1.28400546499432e-05,151.89716220261,0.0019811361789268435,-0.0305862581109488,2.819058890145897,0.21095323072832245,0.0305862581109488
1739149140.0,1.28400546499432e-05,1.28400546499432e-05,1.28400546499432e-05,1.28400546499432e-05,0.0,0.0,0.0,-1.0,0.20450096076392743,0.0
1739149200.0,1.28400546499432e-05,1.28400546499432e-05,1.28400546499432e-05,1.28400546499432e-05,0.0,0.0,0.0,0.0,0.20450096076392743,0.0
1739149260.0,1.28400546499432e-05,1.28400546499432e-05,1.28400546499432e-05,1.28400546499432e-05,0.0,0.0,0.0,0.0,0.20450096076392743,0.0
1739149320.0,1.28400546499432e-05,1.28400546499432e-05,1.28400546499432e-05,1.28400546499432e-05,0.0,0.0,0.0,0.0,0.20450096076392743,0.0
1739149380.0,1.28400546499432e-05,1.28400546499432e-05,1.27004708608862e-05,1.27004708608862e-05,30.29379525,0.00038685972520123373,-0.010870965339514222,0.0,0.20450096076392743,0.010870965339514222
1739149440.0,1.27004708608862e-05,1.28121685028384e-05,1.27004708608862e-05,1.28121685028384e-05,30.298257,0.00038649425209522217,0.0087947638458191,-0.0009447173799791457,0.20227783790756543,0.0087947638458191
1739149500.0,1.28121685028384e-05,1.28121685028384e-05,1.27835578522183e-05,1.27835578522183e-05,3.86188989312,4.942393845882934e-05,-0.0022330841663346893,-0.8721224489344991,0.20405682372320536,0.0022330841663346893
1739149560.0,1.27835578522183e-05,1.27835578522183e-05,1.2769097245106e-05,1.2769097245106e-05,1.33549184856,1.7062681295770867e-05,-0.0011311879900313278,-0.6547688867413054,0.2036011476611165,0.0011311879900313278
1739149620.0,1.2769097245106e-05,1.2769097245106e-05,1.27595420804687e-05,1.27595420804687e-05,0.81661069315,1.0423479927416952e-05,-0.0007483038506079551,-0.38910656849691605,0.20337083648812565,0.0007483038506079551
1739149680.0,1.27595420804687e-05,1.2865037736166e-05,1.27595420804687e-05,1.2865037736166e-05,20.1720675,0.0002584503768601464,0.008267981329736348,23.795018425693186,0.20321865330808023,0.008267981329736348
1739149740.0,1.2865037736166e-05,1.2865037736166e-05,1.27812303546769e-05,1.27812303546769e-05,33.71645028493,0.0004323505615394456,-0.006514351780990207,0.6728571526649415,0.2048988613394856,0.006514351780990207
1739149800.0,1.27812303546769e-05,1.27812303546769e-05,1.2631862253804e-05,1.2631862253804e-05,42.5778549154,0.000541017485017762,-0.01168651974246316,0.2513398458218544,0.20356407807719584,0.01168651974246316
1739149860.0,1.2631862253804e-05,1.2631862253804e-05,1.2631862253804e-05,1.2631862253804e-05,0.0,0.0,0.0,-1.0,0.2011851224598904,0.0
1739149920.0,1.2631862253804e-05,1.2631862253804e-05,1.2631862253804e-05,1.2631862253804e-05,0.0,0.0,0.0,0.0,0.2011851224598904,0.0
1739149980.0,1.2631862253804e-05,1.2631862253804e-05,1.25152512192756e-05,1.25152512192756e-05,8.45416455345,0.00010629891767284723,-0.009231499852152329,0.0,0.2011851224598904,0.009231499852152329
1739150040.0,1.25152512192756e-05,1.25152512192756e-05,1.23710661481867e-05,1.23710661481867e-05,71.49997056972,0.0008896854796811331,-0.01152074924927044,7.369656993303446,0.19932788203164667,0.01152074924927044
1739150100.0,1.23710661481867e-05,1.23710661481867e-05,1.23710661481867e-05,1.23710661481867e-05,0.0,0.0,0.0,-1.0,0.19703147548437192,0.0
1739150160.0,1.23710661481867e-05,1.23710661481867e-05,1.22857072479636e-05,1.22857072479636e-05,0.99096594615,1.2217011388761114e-05,-0.006899882289903555,0.0,0.19703147548437192,0.006899882289903555
1739150220.0,1.22857072479636e-05,1.22857072479636e-05,1.22857072479636e-05,1.22857072479636e-05,0.0,0.0,0.0,-1.0,0.19567198149612372,0.0
1739150280.0,1.22857072479636e-05,1.22857072479636e-05,1.22857072479636e-05,1.22857072479636e-05,0.0,0.0,0.0,0.0,0.19567198149612372,0.0
1739150340.0,1.22857072479636e-05,1.22857072479636e-05,1.20460662486821e-05,1.20460662486821e-05,88.41966806445,0.0010757036679963975,-0.019505673905848706,0.0,0.19567198149612372,0.019505673905848706
1739150400.0,1.20460662486821e-05,1.20460662486821e-05,1.20460662486821e-05,1.20460662486821e-05,0.0,0.0,0.0,-1.0,0.19185526763254906,0.0
1739150460.0,1.20460662486821e-05,1.20460662486821e-05,1.18763364090795e-05,1.18763364090795e-05,0.01732478463,2.0722523693892966e-07,-0.014090063602395467,0.0,0.19185526763254906,0.014090063602395467
1739150520.0,1.18763364090795e-05,1.18763364090795e-05,1.18584541052719e-05,1.18584541052719e-05,0.85278626307,1.0120351653741507e-05,-0.0015057087633463498,47.83744761611264,0.18915201470915186,0.0015057087633463498
1739150580.0,1.18584541052719e-05,1.18584541052719e-05,1.18584541052719e-05,1.18584541052719e-05,0.0,0.0,0.0,-1.0,0.18886720686299965,0.0
1739150640.0,1.18584541052719e-05,1.18584541052719e-05,1.18584541052719e-05,1.18584541052719e-05,0.0,0.0,0.0,0.0,0.18886720686299965,0.0
1739150700.0,1.18584541052719e-05,1.18584541052719e-05,1.18584541052719e-05,1.18584541052719e-05,0.0,0.0,0.0,0.0,0.18886720686299965,0.0
1739150760.0,1.18584541052719e-05,1.18584541052719e-05,1.18584541052719e-05,1.18584541052719e-05,0.0,0.0,0.0,0.0,0.18886720686299965,0.0
1739150820.0,1.18584541052719e-05,1.18584541052719e-05,1.18584541052719e-05,1.18584541052719e-05,0.0,0.0,0.0,0.0,0.18886720686299965,0.0
1739150880.0,1.18584541052719e-05,1.18584541052719e-05,1.18584541052719e-05,1.18584541052719e-05,0.0,0.0,0.0,0.0,0.18886720686299965,0.0
1739150940.0,1.18584541052719e-05,1.18584541052719e-05,1.18584541052719e-05,1.18584541052719e-05,0.0,0.0,0.0,0.0,0.18886720686299965,0.0
1739151000.0,1.18584541052719e-05,1.18584541052719e-05,1.18429783563084e-05,1.18429783563084e-05,4.9526055936,5.8691923492777615e-05,-0.0013050393268899815,0.0,0.18886720686299965,0.0013050393268899815
1739151060.0,1.18429783563084e-05,1.18429783563084e-05,1.18429783563084e-05,1.18429783563084e-05,0.0,0.0,0.0,-1.0,0.18862072773048358,0.0
1739151120.0,1.18429783563084e-05,1.18429783563084e-05,1.18429783563084e-05,1.18429783563084e-05,0.0,0.0,0.0,0.0,0.18862072773048358,0.0
1739151180.0,1.18429783563084e-05,1.18429783563084e-05,1.18429783563084e-05,1.18429783563084e-05,0.0,0.0,0.0,0.0,0.18862072773048358,0.0
1739151240.0,1.18429783563084e-05,1.18429783563084e-05,1.18345157723168e-05,1.18345157723168e-05,0.19481130758,2.3063217957076243e-06,-0.0007145655203441296,0.0,0.18862072773048358,0.0007145655203441296
1739151300.0,1.18345157723168e-05,1.18345157723168e-05,1.18345157723168e-05,1.18345157723168e-05,0.0,0.0,0.0,-1.0,0.18848594586202516,0.0
1739151360.0,1.18345157723168e-05,1.18423032113296e-05,1.18345157723168e-05,1.18423032113296e-05,0.3891678024,4.6071278058441355e-06,0.0006580276846659577,0.0,0.18848594586202516,0.0006580276846659577
1739151420.0,1.18423032113296e-05,1.18423032113296e-05,1.18408933542722e-05,1.18408933542722e-05,0.074452206,8.81633114720339e-07,-0.00011905260591971639,-0.8086371483764812,0.18860997483257283,0.00011905260591971639
1739151480.0,1.18408933542722e-05,1.18408933542722e-05,1.18408933542722e-05,1.18408933542722e-05,0.0,0.0,0.0,-1.0,0.18858752032356654,0.0
1739151540.0,1.18408933542722e-05,1.18408933542722e-05,1.18408933542722e-05,1.18408933542722e-05,0.0,0.0,0.0,0.0,0.18858752032356654,0.0
1739151600.0,1.18408933542722e-05,1.18408933542722e-05,1.18408933542722e-05,1.18408933542722e-05,0.0,0.0,0.0,0.0,0.18858752032356654,0.0
1739151660.0,1.18408933542722e-05,1.18408933542722e-05,1.18408933542722e-05,1.18408933542722e-05,0.0,0.0,0.0,0.0,0.18858752032356654,0.0
1739151720.0,1.18408933542722e-05,1.18408933542722e-05,1.17985426315163e-05,1.17985426315163e-05,1.99294990224,2.3556105818442966e-05,-0.003576649285555812,0.0,0.18858752032356654,0.003576649285555812
1739151780.0,1.17985426315163e-05,1.17985426315163e-05,1.17985426315163e-05,1.17985426315163e-05,0.0,0.0,0.0,-1.0,0.18791300890373652,0.0
1739151840.0,1.17985426315163e-05,1.17985426315163e-05,1.17985426315163e-05,1.17985426315163e-05,0.0,0.0,0.0,0.0,0.18791300890373652,0.0
1739151900.0,1.17985426315163e-05,1.17985426315163e-05,1.17437194682852e-05,1.17437194682852e-05,1.00000311624,1.1771167731570174e-05,-0.0046466046649402785,0.0,0.18791300890373652,0.0046466046649402785
1739151960.0,1.17437194682852e-05,1.17437194682852e-05,1.17437194682852e-05,1.17437194682852e-05,0.0,0.0,0.0,-1.0,0.18703985143996146,0.0
1739152020.0,1.17437194682852e-05,1.17437194682852e-05,1.17437194682852e-05,1.17437194682852e-05,0.0,0.0,0.0,0.0,0.18703985143996146,0.0
1739152080.0,1.17437194682852e-05,1.17437194682852e-05,1.17437194682852e-05,1.17437194682852e-05,0.0,0.0,0.0,0.0,0.18703985143996146,0.0
1739152140.0,1.17437194682852e-05,1.17437194682852e-05,1.17437194682852e-05,1.17437194682852e-05,0.0,0.0,0.0,0.0,0.18703985143996146,0.0
1739152200.0,1.17437194682852e-05,1.17437194682852e-05,1.16697766448518e-05,1.16697766448518e-05,0.54157117859,6.340037342451995e-06,-0.006296371744325888,0.0,0.18703985143996146,0.006296371744325888
1739152260.0,1.16697766448518e-05,1.17534848189589e-05,1.16697766448518e-05,1.17534848189589e-05,0.76576813055,8.968393571263088e-06,0.007173074228805378,0.4145647867421839,0.18586217900429197,0.007173074228805378
1739152320.0,1.17534848189589e-05,1.18231833379196e-05,1.17534848189589e-05,1.18231833379196e-05,32.88372355828,0.0003876443190480478,0.00593003011738894,42.22338398374424,0.18719538221061727,0.00593003011738894
1739152380.0,1.18231833379196e-05,1.18231833379196e-05,1.18231833379196e-05,1.18231833379196e-05,0.0,0.0,0.0,-1.0,0.18830545646496236,0.0
1739152440.0,1.18231833379196e-05,1.18252479231723e-05,1.16905998152355e-05,1.16905998152355e-05,37.1123143492,0.00043632545595940765,-0.011213859998167796,0.0,0.18830545646496236,0.011388481772498073
1739152500.0,1.16905998152355e-05,1.16905998152355e-05,1.16905998152355e-05,1.16905998152355e-05,0.0,0.0,0.0,-1.0,0.1861938254392732,0.0
1739152560.0,1.16905998152355e-05,1.16905998152355e-05,1.16905998152355e-05,1.16905998152355e-05,0.0,0.0,0.0,0.0,0.1861938254392732,0.0
1739152620.0,1.16905998152355e-05,1.16905998152355e-05,1.16905998152355e-05,1.16905998152355e-05,0.0,0.0,0.0,0.0,0.1861938254392732,0.0
1739152680.0,1.16905998152355e-05,1.16905998152355e-05,1.16905998152355e-05,1.16905998152355e-05,0.0,0.0,0.0,0.0,0.1861938254392732,0.0
1739152740.0,1.16905998152355e-05,1.16905998152355e-05,1.16905998152355e-05,1.16905998152355e-05,0.0,0.0,0.0,0.0,0.1861938254392732,0.0
