time,open,high,low,close,volume,usd_vol,price_change,vol_change,norm_open,mov_in_min
1737985080.0,0.0001066305184024,0.0003129019874782,0.0001066305184024,0.0001594380517984,99975.94950244164,13.300228969291014,0.4952384569370284,0.0,1.0,1.934450588502037
1737985140.0,0.0001594380517984,0.0003218142589501,7.95892198979812e-05,9.92839489902815e-05,170206.11853918654,22.018033767466918,-0.37728824536930367,0.6554627607016766,1.4952384569370285,1.5192423409588451
1737985200.0,9.92839489902815e-05,0.0001408756250056,3.99521520823294e-05,7.13500996360982e-05,48945.93131456518,4.175921211996478,-0.2813531254374021,-0.8103408662145539,0.9311025631105518,1.0165134843009678
1737985260.0,7.13500996360982e-05,0.0002051487616358,4.98994845787544e-05,0.000174387073761,59457.34313684824,7.305439720075222,1.444104137911704,0.7494199122072382,0.6691339468766221,2.1758803119946903
1737985320.0,0.000174387073761,0.0002473307438992,0.0001319121946818,0.0001868682935792,63886.43245245306,11.539658311832904,0.07157193219094735,0.5795980466613285,1.6354330483783426,0.6618526633205782
1737985380.0,0.0001868682935792,0.0003189144632818,0.0001839107204409,0.000256455052716,57490.98526902726,12.743547985636607,0.37238398127345873,0.10432628430334198,1.7524841516197116,0.7224539821876292
1737985440.0,0.000256455052716,0.0004910872589071,0.0001432751668106,0.0001807314235444,85947.55731628792,18.78755486314834,-0.29527056834967824,0.4742797597909154,2.4050811771184994,1.3562302181726535
1737985500.0,0.0001807314235444,0.0002661760462825,0.0001578361871175,0.0001668873003619,44902.99016405302,7.804560070202625,-0.0766005319440144,-0.5845888340951053,1.6949314910236069,0.5994522537381791
1737985560.0,0.0001668873003619,0.00020957153852,0.0001593790320921,0.0002070681108667,22153.01356484626,4.142119648797419,0.24076613629477345,-0.4692692974954732,1.5650988372025372,0.3007568959354971
1737985620.0,0.0002070681108667,0.0003710669303189,0.0001903117370401,0.0003387759128507,49080.84804299376,13.395243791624996,0.636060286795135,2.233910395493775,1.9419216371552348,0.8729262681841006
1737985680.0,0.0003387759128507,0.0003392496708944,0.0002546464183694,0.0003063256174966,34968.13596309751,11.278999011593333,-0.09578690256057548,-0.15798479019506803,3.1771008706178714,0.24973219557756748
1737985740.0,0.0003063256174966,0.0003063256174966,0.0002328109551223,0.0002753802614904,21203.53146522566,6.1671094543038025,-0.10102111687261502,-0.45322191730269484,2.872776219098878,0.23998862052441944
1737985800.0,0.0002753802614904,0.0002984558042391,0.0001808097232303,0.0001870301365351,13555.93005118476,3.1342015052870904,-0.3208295484837427,-0.49178759862939603,2.582565156920421,0.4272131937564495
1737985860.0,0.0001870301365351,0.0001870301365351,8.37097754315522e-05,8.77627749190249e-05,18477.78376685195,2.538781999256507,-0.5307559704285708,-0.1899748644195879,1.7540019436957963,0.5524262721380072
1737985920.0,8.77627749190249e-05,0.000102575587037,7.55719776032748e-05,9.94262016975586e-05,9450.173043194178,0.8844841104025714,0.13289719689578042,-0.6516108469882029,0.8230549399359345,0.30768864656615874
1737985980.0,9.94262016975586e-05,0.0001069741200451,4.44934215063506e-05,7.86286832724992e-05,27659.580555218898,2.4624617170397745,-0.2091754293131172,1.7840655225778894,0.9324366343446452,0.6284128074087296
1737986040.0,7.86286832724992e-05,0.000117350679356,7.34477654073447e-05,0.0001116033898564,7602.426203696899,0.7231126487693641,0.4193724886581419,-0.7063456281307605,0.737393801048326,0.5583574863705059
1737986100.0,0.0001116033898564,0.0002136154922836,0.0001114597566346,0.0001697950779115,20237.82061349694,2.8474458557998306,0.52141505853877,2.937762478150234,1.0466364745150492,0.9153461716570054
1737986160.0,0.0001697950779115,0.0002382670740112,0.0001697950779115,0.0002031936395509,10417.36542755275,1.9427798850800233,0.196699233276997,-0.31771138646135627,1.5923684931431255,0.4032625500215545
1737986220.0,0.0002031936395509,0.0002073938280873,0.0001766030589633,0.0002073938280873,5273.24017127799,1.082563164086529,0.020670866202718186,-0.4427762134041561,1.9055861548388253,0.1515341188437491
1737986280.0,0.0002073938280873,0.0002398264797116,0.0002066146860965,0.0002293258145133,7908.90043239515,1.7269860850996706,0.10575042964522535,0.5952751233290929,1.9449762712832508,0.16013877520559533
1737986340.0,0.0002293258145133,0.0002421051064129,0.0002017419019227,0.0002021826245548,10755.19636576455,2.3204789978309814,-0.11836081348323654,0.3436581903305019,2.150658347621223,0.17600811568406785
1737986400.0,0.0002021826245548,0.0002033773229946,0.0001336578982404,0.0001462125365408,13329.20185310653,2.32191471344441,-0.2768293671983161,0.0006187151940484583,1.8961046760722617,0.34483390898560184
1737986460.0,0.0001462125365408,0.0001462125365408,8.11392804377421e-06,1.83113992702481e-05,26636.84836336117,2.191199565171127,-0.8747617700679287,-0.05629627458597541,1.3712072184534094,0.9445059347458209
1737986520.0,1.83113992702481e-05,3.27635747941586e-05,1.83113992702481e-05,2.93070531634486e-05,6227.31525098252,0.1482675575342726,0.6004813575916048,-0.9323349822211683,0.17172756490918414,0.7892447382430259
1737986580.0,2.93070531634486e-05,3.53891213827118e-05,1.75635813116076e-05,1.90832122522072e-05,11809.02878106629,0.28572101850845805,-0.3488525732772222,0.9270636359030369,0.27484676622175147,0.6082337917664133
1737986640.0,1.90832122522072e-05,2.10269179405187e-05,1.90832122522072e-05,2.03808588854088e-05,2160.18590911382,0.04262486519387174,0.06799938165816453,-0.8508164872980462,0.17896576456837035,0.10185421943764662
1737986700.0,2.03808588854088e-05,2.08767172685782e-05,1.91474750895292e-05,1.95196017643263e-05,639.77282965703,0.012763615307250002,-0.04225813671175049,-0.7005593976849679,0.1911353258970002,0.08484638399056912
1737986760.0,1.95196017643263e-05,1.98347852530055e-05,1.79365675187303e-05,1.81472140677124e-05,903.78671714577,0.017021383913086285,-0.07030818113933317,0.33358640975474874,0.18305830316479976,0.09724674494867781
1737986820.0,1.81472140677124e-05,1.81894651663944e-05,1.59572322273856e-05,1.59572322273856e-05,547.01747703154,0.00932786408395108,-0.1206786800527815,-0.45199144020365556,0.17018780682683007,0.12300692165087755
1737986880.0,1.59572322273856e-05,1.59572322273856e-05,1.30625918124509e-05,1.30631382661266e-05,841.18198976655,0.012205706497747534,-0.18136566041147117,0.3085210491807962,0.14964976693789045,0.18139990530230884
1737986940.0,1.30631382661266e-05,1.41129306442971e-05,1.30631382661266e-05,1.38463083573108e-05,513.63908114165,0.006910871718846331,0.05995267563040357,-0.43379994266438593,0.12250843812677721,0.08036295389237884
1737987000.0,1.38463083573108e-05,1.38736961951471e-05,1.37799072021034e-05,1.37799072021034e-05,42.82150358329,0.0005914980442850986,-0.004795585472595647,-0.9144105015475761,0.12985314677977924,0.0067735739103470085
1737987060.0,1.37799072021034e-05,1.46359496626452e-05,1.32422198629105e-05,1.45513662750532e-05,668.44173542868,0.009468902804987545,0.055984344570335166,15.008341695249273,0.12923042491551132,0.10114217601711839
1737987120.0,1.45513662750532e-05,1.45731300133241e-05,1.1745666269534e-05,1.1745666269534e-05,975.47843388874,0.012826094061257575,-0.19281350991276192,0.3545491304971153,0.1364653055529521,0.1943091590401028
1737987180.0,1.1745666269534e-05,1.1745666269534e-05,1.1617971589987e-05,1.1617971589987e-05,37.98197430553,0.00044369854643201733,-0.010871642069229918,-0.9654065731692822,0.1101529510079699,0.010871642069229918
1737987240.0,1.1617971589987e-05,1.1617971589987e-05,1.12119928920088e-05,1.12712937162576e-05,141.4662245565,0.0016190289728732518,-0.029839793551241382,2.648939095907803,0.10895540755174184,0.03494402571341239
1737987300.0,1.12712937162576e-05,1.12712937162576e-05,1.03402253534789e-05,1.0570912821349e-05,379.14943098254,0.004140730090068329,-0.0621384654272986,1.5575392160647223,0.10570420068410649,0.08260527905822704
1737987360.0,1.0570912821349e-05,1.0570912821349e-05,9.83540199945133e-06,9.83540199945133e-06,274.86541334168,0.0028044950789998663,-0.06957874256726744,-0.322705170828078,0.09913590386437691,0.06957874256726744
1737987420.0,9.83540199945133e-06,9.90526075659914e-06,9.74972073084147e-06,9.74972073084147e-06,50.09850897526,0.0004905927234425712,-0.008711516683775716,-0.8250691444901642,0.09223815233022406,0.015814302838495796
1737987480.0,9.74972073084147e-06,9.74972073084147e-06,9.74371548963929e-06,9.74371548963929e-06,2.55500872792,2.4902949840240098e-05,-0.0006159398169409048,-0.9492390558394509,0.09143461812731866,0.0006159398169409048
1737987540.0,9.74371548963929e-06,9.74371548963929e-06,9.44015544827606e-06,9.44076670284609e-06,99.63707097039,0.0009557428068714245,-0.031091711074213185,37.37869862818668,0.09137829990536726,0.031154444286269654
1737987600.0,9.44076670284609e-06,9.45156536085807e-06,9.38526775399835e-06,9.40825968104267e-06,61.73805194888,0.000581851085037167,-0.0034432607887260156,-0.3912053736069153,0.08853719220625678,0.007022481218578845
1737987660.0,9.40825968104267e-06,9.45790645156129e-06,8.15419903007878e-06,8.15419903007878e-06,484.23471331815,0.00425217607957087,-0.13329358388042584,6.308014350955886,0.08823233556398907,0.13857051842536164
1737987720.0,8.15419903007878e-06,8.15419903007878e-06,7.99671847676153e-06,7.99671847676153e-06,60.44962549342,0.00048815845733180875,-0.019312816959255383,-0.8851979673002927,0.07647153134252462,0.019312816959255383
1737987780.0,7.99671847676153e-06,8.00184148445879e-06,7.99273339458143e-06,7.99273339458143e-06,3.9066679329,3.123273944521172e-05,-0.000498339686670484,-0.9360192597790385,0.07499465065511247,0.0011389784326945563
1737987840.0,7.99273339458143e-06,7.99273339458143e-06,7.98516905230745e-06,7.98516905230745e-06,4.6716389595,3.732149578098823e-05,-0.0009464024258718634,0.19494787981878325,0.07495727784440305,0.0009464024258718634
1737987900.0,7.98516905230745e-06,8.03794901805236e-06,7.95471505698897e-06,8.03794901805236e-06,39.91158922312,0.0003197540532488759,0.006609749323924169,7.5675572899133465,0.07488633809481436,0.010423569058859005
1737987960.0,8.03794901805236e-06,8.03794901805236e-06,7.93601884460196e-06,7.93601884460196e-06,20.9711777858,0.00016749645999618965,-0.012681117188162729,-0.4761709561009967,0.07538131801740772,0.012681117188162729
1737988020.0,7.93601884460196e-06,7.93601884460196e-06,7.91225163498021e-06,7.91225163498021e-06,8.40552501208,6.660651695716851e-05,-0.0029948529718923354,-0.6023407482242685,0.07442539868983081,0.0029948529718923354
1737988080.0,7.91225163498021e-06,8.02439366040667e-06,7.91225163498021e-06,8.02016628488318e-06,75.28077952048,0.0005997024203266903,0.013638930469030607,8.00365981773721,0.07420250556338029,0.014173212708589601
1737988140.0,8.02016628488318e-06,8.02016628488318e-06,7.97447155873254e-06,7.97447155873254e-06,7.44618727306,5.954953437416759e-05,-0.005697478646641961,-0.9007015273646423,0.07521454837738709,0.005697478646641961
1737988200.0,7.97447155873254e-06,7.97447155873254e-06,7.92411107338411e-06,7.92411107338411e-06,16.2769954367,0.00012939057847648027,-0.0063152128611308166,1.1728226733643363,0.07478601509409011,0.0063152128611308166
1737988260.0,7.92411107338411e-06,7.92411107338411e-06,7.91796197516053e-06,7.91796197516053e-06,0.90491904692,7.167896822163017e-06,-0.0007759984895003752,-0.9446026371737264,0.07431372548973518,0.0007759984895003752
1737988320.0,7.91796197516053e-06,7.95656946536519e-06,7.91796197516053e-06,7.95656946536519e-06,0.8911447484,7.073252663267591e-06,0.004875937814020167,-0.013203895262943475,0.07425605815100601,0.004875937814020167
1737988380.0,7.95656946536519e-06,7.95656946536519e-06,7.95656946536519e-06,7.95656946536519e-06,0.0,0.0,0.0,-1.0,0.07461812607286458,0.0
1737988440.0,7.95656946536519e-06,8.00924207505748e-06,7.95656946536519e-06,8.00924207505748e-06,7.56496674351,6.039041666822283e-05,0.006620015060708353,0.0,0.07461812607286458,0.006620015060708353
1737988500.0,8.00924207505748e-06,8.00924207505748e-06,7.9602943186819e-06,7.9602943186819e-06,6.8240355224,5.4488341813568556e-05,-0.006111409284033643,-0.09773197769241289,0.07511209919126878,0.006111409284033643
1737988560.0,7.9602943186819e-06,7.9602943186819e-06,7.9602943186819e-06,7.9602943186819e-06,0.0,0.0,0.0,-1.0,0.074653058410928,0.0
1737988620.0,7.9602943186819e-06,7.9602943186819e-06,7.95042349500285e-06,7.95042349500285e-06,0.83809043325,6.667310192894772e-06,-0.001240007377099711,0.0,0.074653058410928,0.001240007377099711
1737988680.0,7.95042349500285e-06,7.95042349500285e-06,7.93582772218142e-06,7.93582772218142e-06,5.01222056218,3.981269750336403e-05,-0.0018358484715440637,4.971328219555718,0.07456048806777539,0.0018358484715440637
1737988740.0,7.93582772218142e-06,7.93582772218142e-06,7.69574460010486e-06,7.69574460010486e-06,91.51020619746,0.0007152242032014631,-0.03025306628135386,16.96472603096108,0.07442360630971859,0.03025306628135386
1737988800.0,7.69574460010486e-06,7.70536977592588e-06,7.69574460010486e-06,7.70536977592588e-06,0.78009277728,6.007149043402378e-06,0.0012507140401838198,-0.9916010266200258,0.07217206401513329,0.0012507140401838198
1737988860.0,7.70536977592588e-06,7.70536977592588e-06,7.68148789685663e-06,7.68148789685663e-06,8.7622015439,6.741137402811224e-05,-0.003099381309884135,10.221858079607635,0.07226233062890607,0.003099381309884135
1737988920.0,7.68148789685663e-06,7.79762230088668e-06,7.68148789685663e-06,7.79762230088668e-06,57.73019790896,0.00044680604758516113,0.01511873813894497,5.628051334465186,0.07203836211194616,0.01511873813894497
1737988980.0,7.79762230088668e-06,7.84056025584617e-06,7.79762230088668e-06,7.84056025584617e-06,0.76234581402,5.960851505502934e-06,0.005506544598166313,-0.9866589730874965,0.07312749124467517,0.005506544598166313
1737989040.0,7.84056025584617e-06,7.84056025584617e-06,7.84056025584617e-06,7.84056025584617e-06,0.0,0.0,0.0,-1.0,0.07353017103656599,0.0
1737989100.0,7.84056025584617e-06,7.85125141592754e-06,7.84056025584617e-06,7.85125141592754e-06,0.74811762008,5.869660401315456e-06,0.0013635709353038157,0.0,0.07353017103656599,0.0013635709353038157
1737989160.0,7.85125141592754e-06,7.85220040879418e-06,7.7565417717064e-06,7.7565417717064e-06,71.20479292467,0.0005556748409682749,-0.012062999795039704,93.66899325960016,0.07363043464065937,0.012183871337213858
1737989220.0,7.7565417717064e-06,7.7565417717064e-06,7.7565417717064e-06,7.7565417717064e-06,0.0,0.0,0.0,-1.0,0.0727422307226804,0.0
1737989280.0,7.7565417717064e-06,7.7565417717064e-06,7.65134326604362e-06,7.72056958188368e-06,33.33816173946,0.0002579892207828094,-0.004637658235005782,0.0,0.0727422307226804,0.013562552585807519
1737989340.0,7.72056958188368e-06,7.76128033297322e-06,7.72056958188368e-06,7.76128033297322e-06,0.6960534592,5.388097594025685e-06,0.005273024309640123,-0.9791150282260758,0.07240487711733669,0.005273024309640123
1737989400.0,7.76128033297322e-06,8.74327996964949e-06,7.76128033297322e-06,8.74327996964949e-06,354.5434395108,0.0029257917886526324,0.12652546932293082,542.0101696555657,0.0727866697945129,0.12652546932293082
1737989460.0,8.74327996964949e-06,8.74327996964949e-06,8.74327996964949e-06,8.74327996964949e-06,0.0,0.0,0.0,-1.0,0.08199603735071684,0.0
1737989520.0,8.74327996964949e-06,8.75517749691197e-06,8.74327996964949e-06,8.75517749691197e-06,0.75409547096,6.5977537621600955e-06,0.0013607624717244691,0.0,0.08199603735071684,0.0013607624717244691
1737989580.0,8.75517749691197e-06,8.75517749691197e-06,8.75517749691197e-06,8.75517749691197e-06,0.0,0.0,0.0,-1.0,0.08210761448117382,0.0
1737989640.0,8.75517749691197e-06,9.07329763096129e-06,8.73819257729306e-06,9.07329763096129e-06,121.08396325304,0.0010793712136205717,0.03633508677140182,0.0,0.08210761448117382,0.03827507252553406
1737989700.0,9.07329763096129e-06,9.22742452964419e-06,9.07196815442213e-06,9.07196815442213e-06,76.1744383947,0.0006911027153620736,-0.00014652627889366067,-0.3597172996268039,0.08509100177794007,0.017133393121767163
1737989760.0,9.07196815442213e-06,9.07196815442213e-06,9.07196815442213e-06,9.07196815442213e-06,0.0,0.0,0.0,-1.0,0.08507853371008221,0.0
1737989820.0,9.07196815442213e-06,9.14061844087135e-06,8.95783601940145e-06,9.00140493248777e-06,126.72145902728,0.001145142103558799,-0.007778160233065331,0.0,0.08507853371008221,0.02014804487390121
1737989880.0,9.00140493248777e-06,9.00140493248777e-06,8.95357747284372e-06,8.95357747284372e-06,5.02088782574,4.5074976285152394e-05,-0.005313332752249634,-0.9606380936085825,0.08441677924249094,0.005313332752249634
1737989940.0,8.95357747284372e-06,8.95357747284372e-06,8.77014314932759e-06,8.77901321522923e-06,218.21957659335,0.0019347992159272302,-0.019496593193496815,41.92402071799978,0.08396824480450239,0.020487266019921985
1737990000.0,8.77901321522923e-06,8.95031485050246e-06,8.77901321522923e-06,8.93215038198011e-06,19.6434209694,0.00017395392119894795,0.017443551227970387,-0.9100920034663221,0.08233115009437705,0.019512629845011297
1737990060.0,8.93215038198011e-06,9.30874016259804e-06,8.93215038198011e-06,9.28642759728499e-06,135.19024187224,0.0012314869817925571,0.03966314942699643,6.079386157579786,0.08376729772870604,0.04216115543438108
1737990120.0,9.28642759728499e-06,9.28642759728499e-06,9.28642759728499e-06,9.28642759728499e-06,0.0,0.0,0.0,-1.0,0.08708977257561541,0.0
1737990180.0,9.28642759728499e-06,9.28642759728499e-06,9.271609883418e-06,9.271609883418e-06,0.69326465181,6.4328156961682434e-06,-0.0015956312275908617,0.0,0.08708977257561541,0.0015956312275908617
1737990240.0,9.271609883418e-06,9.271609883418e-06,9.26643303624896e-06,9.26643303624896e-06,0.67902001293,6.293851071504578e-06,-0.0005583547230885169,-0.021602457030821073,0.08695080941488997,0.0005583547230885169
1737990300.0,9.26643303624896e-06,9.26643303624896e-06,9.18621519229487e-06,9.18621519229487e-06,37.54357960001,0.0003463892337996594,-0.008656820120567395,54.03613445318674,0.0869022600197768,0.008656820120567395
1737990360.0,9.18621519229487e-06,9.18621519229487e-06,9.09059376900535e-06,9.09059376900535e-06,32.64362255818,0.0002983106266503231,-0.01040922962154473,-0.13879936920078598,0.08614996278671481,0.01040922962154473
1737990420.0,9.09059376900535e-06,9.09059376900535e-06,9.05232209464523e-06,9.05232209464523e-06,2.67528121632,2.4268701009649277e-05,-0.004210030206234439,-0.9186462068677934,0.08525320804218037,0.004210030206234439
1737990480.0,9.05232209464523e-06,9.05232209464523e-06,9.05232209464523e-06,9.05232209464523e-06,0.0,0.0,0.0,-1.0,0.0848942894611444,0.0
1737990540.0,9.05232209464523e-06,9.05232209464523e-06,9.05232209464523e-06,9.05232209464523e-06,0.0,0.0,0.0,0.0,0.0848942894611444,0.0
1737990600.0,9.05232209464523e-06,9.05232209464523e-06,9.01989818810491e-06,9.01989818810491e-06,3.32081233553,3.0007226022686067e-05,-0.0035818330591108408,0.0,0.0848942894611444,0.0035818330591108408
1737990660.0,9.01989818810491e-06,9.01989818810491e-06,8.98081077330392e-06,8.98081077330392e-06,4.66826571772,4.2016046269600014e-05,-0.004333465188391839,0.4001976136626237,0.08459021228862275,0.004333465188391839
1737990720.0,8.98081077330392e-06,8.98081077330392e-06,8.98081077330392e-06,8.98081077330392e-06,0.0,0.0,0.0,-1.0,0.08422364354839132,0.0
1737990780.0,8.98081077330392e-06,8.98081077330392e-06,8.88025576558757e-06,8.88025576558757e-06,64.13212119044,0.000572734041931351,-0.011196651422080452,0.0,0.08422364354839132,0.011196651422080452
1737990840.0,8.88025576558757e-06,8.88025576558757e-06,8.88025576558757e-06,8.88025576558757e-06,0.0,0.0,0.0,-1.0,0.08328062077008243,0.0
1737990900.0,8.88025576558757e-06,8.88025576558757e-06,8.88025576558757e-06,8.88025576558757e-06,0.0,0.0,0.0,0.0,0.08328062077008243,0.0
1737990960.0,8.88025576558757e-06,8.88025576558757e-06,8.61639492599816e-06,8.61639492599816e-06,111.11275594023,0.0009720505390328108,-0.02971320269984957,0.0,0.08328062077008243,0.02971320269984957
1737991020.0,8.61639492599816e-06,8.61639492599816e-06,8.61639492599816e-06,8.61639492599816e-06,0.0,0.0,0.0,-1.0,0.08080608680417167,0.0
1737991080.0,8.61639492599816e-06,8.61639492599816e-06,8.61639492599816e-06,8.61639492599816e-06,0.0,0.0,0.0,0.0,0.08080608680417167,0.0
1737991140.0,8.61639492599816e-06,8.61639492599816e-06,8.61639492599816e-06,8.61639492599816e-06,0.0,0.0,0.0,0.0,0.08080608680417167,0.0
1737991200.0,8.61639492599816e-06,8.61639492599816e-06,8.41900406568675e-06,8.41900406568675e-06,4.38069270012,3.7313424003252844e-05,-0.022908752675184742,0.0,0.08080608680417167,0.022908752675184742
1737991260.0,8.41900406568675e-06,8.41900406568675e-06,8.41900406568675e-06,8.41900406568675e-06,0.0,0.0,0.0,-1.0,0.07895492014692539,0.0
1737991320.0,8.41900406568675e-06,8.41900406568675e-06,8.41900406568675e-06,8.41900406568675e-06,0.0,0.0,0.0,0.0,0.07895492014692539,0.0
1737991380.0,8.41900406568675e-06,8.48832700403613e-06,8.41900406568675e-06,8.48832700403613e-06,23.1584655,0.00019577392163762768,0.008234102015928148,0.0,0.07895492014692539,0.008234102015928148
1737991440.0,8.48832700403613e-06,8.48832700403613e-06,8.48832700403613e-06,8.48832700403613e-06,0.0,0.0,0.0,-1.0,0.07960504301407463,0.0
1737991500.0,8.48832700403613e-06,8.48832700403613e-06,8.47514519636868e-06,8.47514519636868e-06,5.22175268799,4.428952828005372e-05,-0.0015529335358051674,0.0,0.07960504301407463,0.0015529335358051674
1737991560.0,8.47514519636868e-06,8.48185872542899e-06,8.47514519636868e-06,8.48185872542899e-06,5.82285294794,4.936907013713486e-05,0.0007921432500278377,0.11468945491949997,0.07948142167315887,0.0007921432500278377
1737991620.0,8.48185872542899e-06,8.48185872542899e-06,8.48185872542899e-06,8.48185872542899e-06,0.0,0.0,0.0,-1.0,0.07954438234483988,0.0
1737991680.0,8.48185872542899e-06,8.48185872542899e-06,8.48185872542899e-06,8.48185872542899e-06,0.0,0.0,0.0,0.0,0.07954438234483988,0.0
1737991740.0,8.48185872542899e-06,8.49200324445739e-06,8.48185872542899e-06,8.49200324445739e-06,0.00019599,1.6633536037390158e-09,0.0011960254652658632,0.0,0.07954438234483988,0.0011960254652658632
1737991800.0,8.49200324445739e-06,8.49200324445739e-06,8.49200324445739e-06,8.49200324445739e-06,0.0,0.0,0.0,-1.0,0.07963951945174315,0.0
1737991860.0,8.49200324445739e-06,8.49200324445739e-06,8.49200324445739e-06,8.49200324445739e-06,0.0,0.0,0.0,0.0,0.07963951945174315,0.0
1737991920.0,8.49200324445739e-06,8.50830674883799e-06,8.49200324445739e-06,8.50830674883799e-06,0.2260342791,1.921326406905524e-06,0.0019198655383511648,0.0,0.07963951945174315,0.0019198655383511648
1737991980.0,8.50830674883799e-06,8.50830674883799e-06,8.50830674883799e-06,8.50830674883799e-06,0.0,0.0,0.0,-1.0,0.0797924166206294,0.0
1737992040.0,8.50830674883799e-06,8.56493180241463e-06,8.50830674883799e-06,8.56493180241463e-06,14.68963051474,0.00012539978300395792,0.006655267052327664,0.0,0.0797924166206294,0.006655267052327664
1737992100.0,8.56493180241463e-06,8.56493180241463e-06,8.56493180241463e-06,8.56493180241463e-06,0.0,0.0,0.0,-1.0,0.08032345646199028,0.0
1737992160.0,8.56493180241463e-06,8.56493180241463e-06,8.54720488043606e-06,8.54720488043606e-06,9.46858569052,8.101386626473119e-05,-0.002069709647141793,0.0,0.08032345646199028,0.002069709647141793
1737992220.0,8.54720488043606e-06,8.54720488043606e-06,8.53108387245553e-06,8.53108387245553e-06,6.409290543,5.4729857297265666e-05,-0.0018861146077625488,-0.32443839776238503,0.08015721022925912,0.0018861146077625488
1737992280.0,8.53108387245553e-06,8.53108387245553e-06,8.53108387245553e-06,8.53108387245553e-06,0.0,0.0,0.0,-1.0,0.08000602454412822,0.0
1737992340.0,8.53108387245553e-06,8.53108387245553e-06,8.30728676799532e-06,8.30728676799532e-06,139.5847247825,0.00117518966581653,-0.026233138462369198,0.0,0.08000602454412822,0.026233138462369198
1737992400.0,8.30728676799532e-06,8.30728676799532e-06,8.30728676799532e-06,8.30728676799532e-06,0.0,0.0,0.0,-1.0,0.0779072154244384,0.0
1737992460.0,8.30728676799532e-06,8.30728676799532e-06,8.30728676799532e-06,8.30728676799532e-06,0.0,0.0,0.0,0.0,0.0779072154244384,0.0
1737992520.0,8.30728676799532e-06,8.30728676799532e-06,8.30728676799532e-06,8.30728676799532e-06,0.0,0.0,0.0,0.0,0.0779072154244384,0.0
1737992580.0,8.30728676799532e-06,8.30728676799532e-06,8.05908789005438e-06,8.05908789005438e-06,31.70706240459,0.0002594648313098411,-0.029877249320096992,0.0,0.0779072154244384,0.029877249320096992
1737992640.0,8.05908789005438e-06,8.05908789005438e-06,8.05908789005438e-06,8.05908789005438e-06,0.0,0.0,0.0,-1.0,0.07557956212536794,0.0
1737992700.0,8.05908789005438e-06,8.05908789005438e-06,8.05908789005438e-06,8.05908789005438e-06,0.0,0.0,0.0,0.0,0.07557956212536794,0.0
1737992760.0,8.05908789005438e-06,8.05908789005438e-06,8.05908789005438e-06,8.05908789005438e-06,0.0,0.0,0.0,0.0,0.07557956212536794,0.0
1737992820.0,8.05908789005438e-06,8.05908789005438e-06,8.05908789005438e-06,8.05908789005438e-06,0.0,0.0,0.0,0.0,0.07557956212536794,0.0
1737992880.0,8.05908789005438e-06,8.05908789005438e-06,8.05908789005438e-06,8.05908789005438e-06,0.0,0.0,0.0,0.0,0.07557956212536794,0.0
1737992940.0,8.05908789005438e-06,8.05908789005438e-06,8.05908789005438e-06,8.05908789005438e-06,0.0,0.0,0.0,0.0,0.07557956212536794,0.0
1737993000.0,8.05908789005438e-06,8.05908789005438e-06,8.05908789005438e-06,8.05908789005438e-06,0.0,0.0,0.0,0.0,0.07557956212536794,0.0
1737993060.0,8.05908789005438e-06,8.05908789005438e-06,7.98785725911344e-06,7.98785725911344e-06,0.525495456,4.216298379284467e-06,-0.008838547477419424,0.0,0.07557956212536794,0.008838547477419424
1737993120.0,7.98785725911344e-06,7.98785725911344e-06,7.98785725911344e-06,7.98785725911344e-06,0.0,0.0,0.0,-1.0,0.07491154857720031,0.0
1737993180.0,7.98785725911344e-06,7.98785725911344e-06,7.98235443744061e-06,7.98235443744061e-06,1.73495924958,1.3853833250343576e-05,-0.0006888983483712975,0.0,0.07491154857720031,0.0006888983483712975
1737993240.0,7.98235443744061e-06,7.98235443744061e-06,7.97716074684232e-06,7.97716074684232e-06,0.00403150806,3.217045704956451e-08,-0.0006506464526217256,-0.9976778660123712,0.07485994213511155,0.0006506464526217256
1737993300.0,7.97716074684232e-06,7.97716074684232e-06,7.79650985210573e-06,7.79650985210573e-06,130.93104293042,0.0010326315711805855,-0.022646014098198972,32097.75351132334,0.07481123477931786,0.022646014098198972
1737993360.0,7.79650985210573e-06,7.79650985210573e-06,7.79650985210573e-06,7.79650985210573e-06,0.0,0.0,0.0,-1.0,0.07311705850180175,0.0
1737993420.0,7.79650985210573e-06,7.79650985210573e-06,7.79650985210573e-06,7.79650985210573e-06,0.0,0.0,0.0,0.0,0.07311705850180175,0.0
1737993480.0,7.79650985210573e-06,7.79650985210573e-06,7.79650985210573e-06,7.79650985210573e-06,0.0,0.0,0.0,0.0,0.07311705850180175,0.0
1737993540.0,7.79650985210573e-06,7.79650985210573e-06,7.79650985210573e-06,7.79650985210573e-06,0.0,0.0,0.0,0.0,0.07311705850180175,0.0
1737993600.0,7.79650985210573e-06,7.79650985210573e-06,7.58488698748973e-06,7.58488698748973e-06,8.0476506082,6.189205381556798e-05,-0.02714328188257762,0.0,0.07311705850180175,0.02714328188257762
1737993660.0,7.58488698748973e-06,7.58488698748973e-06,7.55477870425293e-06,7.55477870425293e-06,2.2594888031,1.7103952556584878e-05,-0.003969509801063614,-0.7236486511248613,0.07113242157246243,0.003969509801063614
1737993720.0,7.55477870425293e-06,7.55477870425293e-06,7.55477870425293e-06,7.55477870425293e-06,0.0,0.0,0.0,-1.0,0.07085006072785716,0.0
1737993780.0,7.55477870425293e-06,7.55477870425293e-06,7.55477870425293e-06,7.55477870425293e-06,0.0,0.0,0.0,0.0,0.07085006072785716,0.0
1737993840.0,7.55477870425293e-06,7.55477870425293e-06,7.55477870425293e-06,7.55477870425293e-06,0.0,0.0,0.0,0.0,0.07085006072785716,0.0
1737993900.0,7.55477870425293e-06,7.55477870425293e-06,7.55477870425293e-06,7.55477870425293e-06,0.0,0.0,0.0,0.0,0.07085006072785716,0.0
1737993960.0,7.55477870425293e-06,7.76335144915181e-06,7.55477870425293e-06,7.76335144915181e-06,116.895,0.0008953064121411236,0.027608054856916694,0.0,0.07085006072785716,0.027608054856916694
1737994020.0,7.76335144915181e-06,7.87847260825039e-06,7.76335144915181e-06,7.87847260825039e-06,0.252131488,1.971898187313507e-06,0.014828796538788198,-0.997797515844215,0.07280609309104771,0.014828796538788198
1737994080.0,7.87847260825039e-06,7.87847260825039e-06,7.8760364568e-06,7.8760364568e-06,0.78760364568,6.204154387766148e-06,-0.00030921621125368855,2.146285354731535,0.07388571983227893,0.00030921621125368855
1737994140.0,7.8760364568e-06,7.8760364568e-06,7.8760364568e-06,7.8760364568e-06,0.0,0.0,0.0,-1.0,0.07386287316992664,0.0
1737994200.0,7.8760364568e-06,7.8760364568e-06,7.8760364568e-06,7.8760364568e-06,0.0,0.0,0.0,0.0,0.07386287316992664,0.0
1737994260.0,7.8760364568e-06,7.8760364568e-06,7.59963513182849e-06,7.71532485048151e-06,118.50754978732,0.0009238470131873791,-0.020405137431751753,0.0,0.07386287316992664,0.03509396210740888
1737994320.0,7.71532485048151e-06,7.71532485048151e-06,7.71532485048151e-06,7.71532485048151e-06,0.0,0.0,0.0,-1.0,0.07235569109179024,0.0
1737994380.0,7.71532485048151e-06,7.71532485048151e-06,7.71532485048151e-06,7.71532485048151e-06,0.0,0.0,0.0,0.0,0.07235569109179024,0.0
1737994440.0,7.71532485048151e-06,7.71532485048151e-06,7.71532485048151e-06,7.71532485048151e-06,0.0,0.0,0.0,0.0,0.07235569109179024,0.0
1737994500.0,7.71532485048151e-06,7.71532485048151e-06,7.71532485048151e-06,7.71532485048151e-06,0.0,0.0,0.0,0.0,0.07235569109179024,0.0
1737994560.0,7.71532485048151e-06,7.71532485048151e-06,7.71532485048151e-06,7.71532485048151e-06,0.0,0.0,0.0,0.0,0.07235569109179024,0.0
1737994620.0,7.71532485048151e-06,7.71532485048151e-06,7.71532485048151e-06,7.71532485048151e-06,0.0,0.0,0.0,0.0,0.07235569109179024,0.0
1737994680.0,7.71532485048151e-06,7.71532485048151e-06,7.71532485048151e-06,7.71532485048151e-06,0.0,0.0,0.0,0.0,0.07235569109179024,0.0
1737994740.0,7.71532485048151e-06,7.71532485048151e-06,7.5748870422707e-06,7.5748870422707e-06,21.87260462119,0.00016721837965219313,-0.018202449142766086,0.0,0.07235569109179024,0.018202449142766086
1737994800.0,7.5748870422707e-06,7.5748870422707e-06,7.5748870422707e-06,7.5748870422707e-06,0.0,0.0,0.0,-1.0,0.07103864030450224,0.0
1737994860.0,7.5748870422707e-06,7.5748870422707e-06,7.5748870422707e-06,7.5748870422707e-06,0.0,0.0,0.0,0.0,0.07103864030450224,0.0
1737994920.0,7.5748870422707e-06,7.5748870422707e-06,7.54557418238265e-06,7.54557418238265e-06,2.31908470763,1.7532815199202983e-05,-0.0038697421789227805,0.0,0.07103864030450224,0.0038697421789227805
1737994980.0,7.54557418238265e-06,7.54557418238265e-06,7.54557418238265e-06,7.54557418238265e-06,0.0,0.0,0.0,-1.0,0.07076373908178259,0.0
1737995040.0,7.54557418238265e-06,7.54557418238265e-06,7.54557418238265e-06,7.54557418238265e-06,0.0,0.0,0.0,0.0,0.07076373908178259,0.0
1737995100.0,7.54557418238265e-06,7.54557418238265e-06,7.54557418238265e-06,7.54557418238265e-06,0.0,0.0,0.0,0.0,0.07076373908178259,0.0
1737995160.0,7.54557418238265e-06,7.54557418238265e-06,7.54557418238265e-06,7.54557418238265e-06,0.0,0.0,0.0,0.0,0.07076373908178259,0.0
1737995220.0,7.54557418238265e-06,7.54557418238265e-06,7.54557418238265e-06,7.54557418238265e-06,0.0,0.0,0.0,0.0,0.07076373908178259,0.0
1737995280.0,7.54557418238265e-06,7.54557418238265e-06,7.54557418238265e-06,7.54557418238265e-06,0.0,0.0,0.0,0.0,0.07076373908178259,0.0
1737995340.0,7.54557418238265e-06,7.54557418238265e-06,7.54557418238265e-06,7.54557418238265e-06,0.0,0.0,0.0,0.0,0.07076373908178259,0.0
1737995400.0,7.54557418238265e-06,7.54557418238265e-06,7.51101591684328e-06,7.51101591684328e-06,0.2151315456,1.6195737497560657e-06,-0.004579938478380606,0.0,0.07076373908178259,0.004579938478380606
1737995460.0,7.51101591684328e-06,7.51101591684328e-06,7.51101591684328e-06,7.51101591684328e-06,0.0,0.0,0.0,-1.0,0.07043964551028783,0.0
1737995520.0,7.51101591684328e-06,7.51101591684328e-06,7.51101591684328e-06,7.51101591684328e-06,0.0,0.0,0.0,0.0,0.07043964551028783,0.0
1737995580.0,7.51101591684328e-06,7.51101591684328e-06,7.51101591684328e-06,7.51101591684328e-06,0.0,0.0,0.0,0.0,0.07043964551028783,0.0
1737995640.0,7.51101591684328e-06,7.51101591684328e-06,7.51101591684328e-06,7.51101591684328e-06,0.0,0.0,0.0,0.0,0.07043964551028783,0.0
1737995700.0,7.51101591684328e-06,7.51101591684328e-06,7.51101591684328e-06,7.51101591684328e-06,0.0,0.0,0.0,0.0,0.07043964551028783,0.0
1737995760.0,7.51101591684328e-06,7.51101591684328e-06,7.51101591684328e-06,7.51101591684328e-06,0.0,0.0,0.0,0.0,0.07043964551028783,0.0
1737995820.0,7.51101591684328e-06,7.51101591684328e-06,7.51101591684328e-06,7.51101591684328e-06,0.0,0.0,0.0,0.0,0.07043964551028783,0.0
1737995880.0,7.51101591684328e-06,7.51101591684328e-06,7.51101591684328e-06,7.51101591684328e-06,0.0,0.0,0.0,0.0,0.07043964551028783,0.0
1737995940.0,7.51101591684328e-06,7.51101591684328e-06,7.51101591684328e-06,7.51101591684328e-06,0.0,0.0,0.0,0.0,0.07043964551028783,0.0
1737996000.0,7.51101591684328e-06,7.51101591684328e-06,7.51101591684328e-06,7.51101591684328e-06,0.0,0.0,0.0,0.0,0.07043964551028783,0.0
1737996060.0,7.51101591684328e-06,7.51101591684328e-06,7.51101591684328e-06,7.51101591684328e-06,0.0,0.0,0.0,0.0,0.07043964551028783,0.0
1737996120.0,7.51101591684328e-06,7.51101591684328e-06,7.51101591684328e-06,7.51101591684328e-06,0.0,0.0,0.0,0.0,0.07043964551028783,0.0
1737996180.0,7.51101591684328e-06,7.51101591684328e-06,7.3937025134108e-06,7.3937025134108e-06,0.35359233238,2.6350970766103562e-06,-0.015618846336007268,0.0,0.07043964551028783,0.015618846336007268
1737996240.0,7.3937025134108e-06,7.3937025134108e-06,7.3937025134108e-06,7.3937025134108e-06,0.0,0.0,0.0,-1.0,0.06933945951109984,0.0
1737996300.0,7.3937025134108e-06,7.3937025134108e-06,7.3937025134108e-06,7.3937025134108e-06,0.0,0.0,0.0,0.0,0.06933945951109984,0.0
1737996360.0,7.3937025134108e-06,7.3937025134108e-06,7.3937025134108e-06,7.3937025134108e-06,0.0,0.0,0.0,0.0,0.06933945951109984,0.0
1737996420.0,7.3937025134108e-06,7.3937025134108e-06,7.3937025134108e-06,7.3937025134108e-06,0.0,0.0,0.0,0.0,0.06933945951109984,0.0
1737996480.0,7.3937025134108e-06,7.3937025134108e-06,7.3937025134108e-06,7.3937025134108e-06,0.0,0.0,0.0,0.0,0.06933945951109984,0.0
1737996540.0,7.3937025134108e-06,7.3937025134108e-06,7.3937025134108e-06,7.3937025134108e-06,0.0,0.0,0.0,0.0,0.06933945951109984,0.0
1737996600.0,7.3937025134108e-06,7.3937025134108e-06,7.3937025134108e-06,7.3937025134108e-06,0.0,0.0,0.0,0.0,0.06933945951109984,0.0
1737996660.0,7.3937025134108e-06,7.3937025134108e-06,7.3937025134108e-06,7.3937025134108e-06,0.0,0.0,0.0,0.0,0.06933945951109984,0.0
1737996720.0,7.3937025134108e-06,7.3937025134108e-06,7.3937025134108e-06,7.3937025134108e-06,0.0,0.0,0.0,0.0,0.06933945951109984,0.0
1737996780.0,7.3937025134108e-06,7.3937025134108e-06,7.3937025134108e-06,7.3937025134108e-06,0.0,0.0,0.0,0.0,0.06933945951109984,0.0
1737996840.0,7.3937025134108e-06,7.3937025134108e-06,7.3937025134108e-06,7.3937025134108e-06,0.0,0.0,0.0,0.0,0.06933945951109984,0.0
1737996900.0,7.3937025134108e-06,7.3937025134108e-06,7.3937025134108e-06,7.3937025134108e-06,0.0,0.0,0.0,0.0,0.06933945951109984,0.0
1737996960.0,7.3937025134108e-06,7.3937025134108e-06,7.3937025134108e-06,7.3937025134108e-06,0.0,0.0,0.0,0.0,0.06933945951109984,0.0
1737997020.0,7.3937025134108e-06,7.3937025134108e-06,7.3937025134108e-06,7.3937025134108e-06,0.0,0.0,0.0,0.0,0.06933945951109984,0.0
1737997080.0,7.3937025134108e-06,7.3937025134108e-06,7.33052702245095e-06,7.33052702245095e-06,5.82150584114,4.285859412465264e-05,-0.008544499977550066,0.0,0.06933945951109984,0.008544499977550066
1737997140.0,7.33052702245095e-06,7.33052702245095e-06,7.33052702245095e-06,7.33052702245095e-06,0.0,0.0,0.0,-1.0,0.0687469885008639,0.0
1737997200.0,7.33052702245095e-06,7.33052702245095e-06,7.33052702245095e-06,7.33052702245095e-06,0.0,0.0,0.0,0.0,0.0687469885008639,0.0
1737997260.0,7.33052702245095e-06,7.33052702245095e-06,7.33011257335736e-06,7.33011257335736e-06,2.12700747,1.5591644967631027e-05,-5.6537421159548816e-05,0.0,0.0687469885008639,5.6537421159548816e-05
1737997320.0,7.33011257335736e-06,7.33011257335736e-06,7.33011257335736e-06,7.33011257335736e-06,0.0,0.0,0.0,-1.0,0.06874310172342157,0.0
1737997380.0,7.33011257335736e-06,7.33011257335736e-06,7.33011257335736e-06,7.33011257335736e-06,0.0,0.0,0.0,0.0,0.06874310172342157,0.0
1737997440.0,7.33011257335736e-06,7.33011257335736e-06,7.33011257335736e-06,7.33011257335736e-06,0.0,0.0,0.0,0.0,0.06874310172342157,0.0
1737997500.0,7.33011257335736e-06,7.33011257335736e-06,7.33011257335736e-06,7.33011257335736e-06,0.0,0.0,0.0,0.0,0.06874310172342157,0.0
1737997560.0,7.33011257335736e-06,7.33011257335736e-06,7.33011257335736e-06,7.33011257335736e-06,0.0,0.0,0.0,0.0,0.06874310172342157,0.0
1737997620.0,7.33011257335736e-06,7.33011257335736e-06,7.33011257335736e-06,7.33011257335736e-06,0.0,0.0,0.0,0.0,0.06874310172342157,0.0
1737997680.0,7.33011257335736e-06,7.33011257335736e-06,7.33011257335736e-06,7.33011257335736e-06,0.0,0.0,0.0,0.0,0.06874310172342157,0.0
1737997740.0,7.33011257335736e-06,7.33011257335736e-06,7.33011257335736e-06,7.33011257335736e-06,0.0,0.0,0.0,0.0,0.06874310172342157,0.0
1737997800.0,7.33011257335736e-06,7.33285781100843e-06,7.33011257335736e-06,7.33285781100843e-06,1.55537848944,1.140323436356916e-05,0.00037451507375860894,0.0,0.06874310172342157,0.00037451507375860894
1737997860.0,7.33285781100843e-06,7.33285781100843e-06,7.33285781100843e-06,7.33285781100843e-06,0.0,0.0,0.0,-1.0,0.06876884705123393,0.0
1737997920.0,7.33285781100843e-06,7.33285781100843e-06,7.29767588181818e-06,7.29767588181818e-06,9.90687308048,7.247142019725979e-05,-0.004797846910031838,0.0,0.06876884705123393,0.004797846910031838
1737997980.0,7.29767588181818e-06,7.29767588181818e-06,7.29767588181818e-06,7.29767588181818e-06,0.0,0.0,0.0,-1.0,0.0684389046509027,0.0
1737998040.0,7.29767588181818e-06,7.29767588181818e-06,7.29767588181818e-06,7.29767588181818e-06,0.0,0.0,0.0,0.0,0.0684389046509027,0.0
1737998100.0,7.29767588181818e-06,7.29767588181818e-06,7.29767588181818e-06,7.29767588181818e-06,0.0,0.0,0.0,0.0,0.0684389046509027,0.0
1737998160.0,7.29767588181818e-06,7.29767588181818e-06,7.29767588181818e-06,7.29767588181818e-06,0.0,0.0,0.0,0.0,0.0684389046509027,0.0
1737998220.0,7.29767588181818e-06,7.29767588181818e-06,7.28678762848031e-06,7.28678762848031e-06,0.84173609676,6.1381346942486495e-06,-0.0014920165699600094,0.0,0.0684389046509027,0.0014920165699600094
1737998280.0,7.28678762848031e-06,7.28678762848031e-06,7.28678762848031e-06,7.28678762848031e-06,0.0,0.0,0.0,-1.0,0.06833679267113364,0.0
1737998340.0,7.28678762848031e-06,7.28678762848031e-06,7.21839955411165e-06,7.21839955411165e-06,28.19681138999,0.00020450001358202297,-0.009385215798161319,0.0,0.06833679267113364,0.009385215798161319
1737998400.0,7.21839955411165e-06,7.21839955411165e-06,7.21839955411165e-06,7.21839955411165e-06,0.0,0.0,0.0,-1.0,0.06769543712496084,0.0
1737998460.0,7.21839955411165e-06,7.21839955411165e-06,7.21839955411165e-06,7.21839955411165e-06,0.0,0.0,0.0,0.0,0.06769543712496084,0.0
1737998520.0,7.21839955411165e-06,7.21839955411165e-06,7.21839955411165e-06,7.21839955411165e-06,0.0,0.0,0.0,0.0,0.06769543712496084,0.0
1737998580.0,7.21839955411165e-06,7.21839955411165e-06,7.21839955411165e-06,7.21839955411165e-06,0.0,0.0,0.0,0.0,0.06769543712496084,0.0
1737998640.0,7.21839955411165e-06,7.21839955411165e-06,7.21839955411165e-06,7.21839955411165e-06,0.0,0.0,0.0,0.0,0.06769543712496084,0.0
1737998700.0,7.21839955411165e-06,7.21839955411165e-06,7.21839955411165e-06,7.21839955411165e-06,0.0,0.0,0.0,0.0,0.06769543712496084,0.0
1737998760.0,7.21839955411165e-06,7.21839955411165e-06,7.21839955411165e-06,7.21839955411165e-06,0.0,0.0,0.0,0.0,0.06769543712496084,0.0
1737998820.0,7.21839955411165e-06,7.21839955411165e-06,7.21839955411165e-06,7.21839955411165e-06,0.0,0.0,0.0,0.0,0.06769543712496084,0.0
1737998880.0,7.21839955411165e-06,7.21839955411165e-06,7.21839955411165e-06,7.21839955411165e-06,0.0,0.0,0.0,0.0,0.06769543712496084,0.0
1737998940.0,7.21839955411165e-06,7.21839955411165e-06,7.21839955411165e-06,7.21839955411165e-06,0.0,0.0,0.0,0.0,0.06769543712496084,0.0
1737999000.0,7.21839955411165e-06,7.21839955411165e-06,7.20024183112724e-06,7.20024183112724e-06,1.55640869078,1.1220649380612994e-05,-0.002515477682870423,0.0,0.06769543712496084,0.002515477682870423
1737999060.0,7.20024183112724e-06,7.20024183112724e-06,7.20024183112724e-06,7.20024183112724e-06,0.0,0.0,0.0,-1.0,0.06752515076364085,0.0
1737999120.0,7.20024183112724e-06,7.20024183112724e-06,7.20024183112724e-06,7.20024183112724e-06,0.0,0.0,0.0,0.0,0.06752515076364085,0.0
1737999180.0,7.20024183112724e-06,7.20024183112724e-06,7.20024183112724e-06,7.20024183112724e-06,0.0,0.0,0.0,0.0,0.06752515076364085,0.0
1737999240.0,7.20024183112724e-06,7.20024183112724e-06,7.20024183112724e-06,7.20024183112724e-06,0.0,0.0,0.0,0.0,0.06752515076364085,0.0
1737999300.0,7.20024183112724e-06,7.20024183112724e-06,7.20024183112724e-06,7.20024183112724e-06,0.0,0.0,0.0,0.0,0.06752515076364085,0.0
1737999360.0,7.20024183112724e-06,7.20024183112724e-06,7.20024183112724e-06,7.20024183112724e-06,0.0,0.0,0.0,0.0,0.06752515076364085,0.0
1737999420.0,7.20024183112724e-06,7.20024183112724e-06,7.20024183112724e-06,7.20024183112724e-06,0.0,0.0,0.0,0.0,0.06752515076364085,0.0
1737999480.0,7.20024183112724e-06,7.20024183112724e-06,7.20024183112724e-06,7.20024183112724e-06,0.0,0.0,0.0,0.0,0.06752515076364085,0.0
1737999540.0,7.20024183112724e-06,7.20024183112724e-06,7.20024183112724e-06,7.20024183112724e-06,0.0,0.0,0.0,0.0,0.06752515076364085,0.0
1737999600.0,7.20024183112724e-06,7.20024183112724e-06,7.20024183112724e-06,7.20024183112724e-06,0.0,0.0,0.0,0.0,0.06752515076364085,0.0
1737999660.0,7.20024183112724e-06,7.20024183112724e-06,7.20024183112724e-06,7.20024183112724e-06,0.0,0.0,0.0,0.0,0.06752515076364085,0.0
1737999720.0,7.20024183112724e-06,7.20024183112724e-06,7.20024183112724e-06,7.20024183112724e-06,0.0,0.0,0.0,0.0,0.06752515076364085,0.0
1737999780.0,7.20024183112724e-06,7.20024183112724e-06,7.20024183112724e-06,7.20024183112724e-06,0.0,0.0,0.0,0.0,0.06752515076364085,0.0
1737999840.0,7.20024183112724e-06,7.20024183112724e-06,7.20024183112724e-06,7.20024183112724e-06,0.0,0.0,0.0,0.0,0.06752515076364085,0.0
1737999900.0,7.20024183112724e-06,7.20024183112724e-06,7.20024183112724e-06,7.20024183112724e-06,0.0,0.0,0.0,0.0,0.06752515076364085,0.0
1737999960.0,7.20024183112724e-06,7.20024183112724e-06,7.20024183112724e-06,7.20024183112724e-06,0.0,0.0,0.0,0.0,0.06752515076364085,0.0
1738000020.0,7.20024183112724e-06,7.20024183112724e-06,7.20024183112724e-06,7.20024183112724e-06,0.0,0.0,0.0,0.0,0.06752515076364085,0.0
1738000080.0,7.20024183112724e-06,7.20024183112724e-06,7.20024183112724e-06,7.20024183112724e-06,0.0,0.0,0.0,0.0,0.06752515076364085,0.0
1738000140.0,7.20024183112724e-06,7.20024183112724e-06,7.20024183112724e-06,7.20024183112724e-06,0.0,0.0,0.0,0.0,0.06752515076364085,0.0
1738000200.0,7.20024183112724e-06,7.20024183112724e-06,7.20024183112724e-06,7.20024183112724e-06,0.0,0.0,0.0,0.0,0.06752515076364085,0.0
1738000260.0,7.20024183112724e-06,7.20024183112724e-06,7.20024183112724e-06,7.20024183112724e-06,0.0,0.0,0.0,0.0,0.06752515076364085,0.0
1738000320.0,7.20024183112724e-06,7.20024183112724e-06,7.20024183112724e-06,7.20024183112724e-06,0.0,0.0,0.0,0.0,0.06752515076364085,0.0
1738000380.0,7.20024183112724e-06,7.20024183112724e-06,7.20024183112724e-06,7.20024183112724e-06,0.0,0.0,0.0,0.0,0.06752515076364085,0.0
1738000440.0,7.20024183112724e-06,7.20024183112724e-06,7.20024183112724e-06,7.20024183112724e-06,0.0,0.0,0.0,0.0,0.06752515076364085,0.0
1738000500.0,7.20024183112724e-06,7.20024183112724e-06,7.20024183112724e-06,7.20024183112724e-06,0.0,0.0,0.0,0.0,0.06752515076364085,0.0
1738000560.0,7.20024183112724e-06,7.20024183112724e-06,7.20024183112724e-06,7.20024183112724e-06,0.0,0.0,0.0,0.0,0.06752515076364085,0.0
1738000620.0,7.20024183112724e-06,7.20024183112724e-06,7.20024183112724e-06,7.20024183112724e-06,0.0,0.0,0.0,0.0,0.06752515076364085,0.0
1738000680.0,7.20024183112724e-06,7.20024183112724e-06,7.14621423578857e-06,7.14621423578857e-06,7.31516223578,5.247332681898971e-05,-0.007503580658236276,0.0,0.06752515076364085,0.007503580658236276
1738000740.0,7.14621423578857e-06,7.14621423578857e-06,7.12122657710069e-06,7.12122657710069e-06,10.0791975114,7.190217696766012e-05,-0.003496628825195425,0.37026145141686073,0.06701847034842631,0.003496628825195425
1738000800.0,7.12122657710069e-06,7.12122657710069e-06,7.12122657710069e-06,7.12122657710069e-06,0.0,0.0,0.0,-1.0,0.0667841316331855,0.0
1738000860.0,7.12122657710069e-06,7.12122657710069e-06,7.10614961614369e-06,7.10614961614369e-06,0.09550223196,6.793730906947033e-07,-0.0021171859642104772,0.0,0.0667841316331855,0.0021171859642104772
1738000920.0,7.10614961614369e-06,7.10614961614369e-06,7.10614961614369e-06,7.10614961614369e-06,0.0,0.0,0.0,-1.0,0.06664273720705972,0.0
1738000980.0,7.10614961614369e-06,7.10614961614369e-06,7.10614961614369e-06,7.10614961614369e-06,0.0,0.0,0.0,0.0,0.06664273720705972,0.0
1738001040.0,7.10614961614369e-06,7.10614961614369e-06,7.10614961614369e-06,7.10614961614369e-06,0.0,0.0,0.0,0.0,0.06664273720705972,0.0
1738001100.0,7.10614961614369e-06,7.10614961614369e-06,7.10614961614369e-06,7.10614961614369e-06,0.0,0.0,0.0,0.0,0.06664273720705972,0.0
1738001160.0,7.10614961614369e-06,7.10614961614369e-06,7.10614961614369e-06,7.10614961614369e-06,0.0,0.0,0.0,0.0,0.06664273720705972,0.0
1738001220.0,7.10614961614369e-06,7.10614961614369e-06,7.10614961614369e-06,7.10614961614369e-06,0.0,0.0,0.0,0.0,0.06664273720705972,0.0
1738001280.0,7.10614961614369e-06,7.10614961614369e-06,7.10614961614369e-06,7.10614961614369e-06,0.0,0.0,0.0,0.0,0.06664273720705972,0.0
1738001340.0,7.10614961614369e-06,7.10614961614369e-06,7.10614961614369e-06,7.10614961614369e-06,0.0,0.0,0.0,0.0,0.06664273720705972,0.0
1738001400.0,7.10614961614369e-06,7.12310067577424e-06,7.10614961614369e-06,7.12310067577424e-06,1.76830822418,1.2580850157557073e-05,0.0023854070834705117,0.0,0.06664273720705972,0.0023854070834705117
1738001460.0,7.12310067577424e-06,7.12310067577424e-06,7.12310067577424e-06,7.12310067577424e-06,0.0,0.0,0.0,-1.0,0.06680170726445532,0.0
1738001520.0,7.12310067577424e-06,7.12310067577424e-06,7.12310067577424e-06,7.12310067577424e-06,0.0,0.0,0.0,0.0,0.06680170726445532,0.0
1738001580.0,7.12310067577424e-06,7.12310067577424e-06,7.12310067577424e-06,7.12310067577424e-06,0.0,0.0,0.0,0.0,0.06680170726445532,0.0
1738001640.0,7.12310067577424e-06,7.12310067577424e-06,7.12310067577424e-06,7.12310067577424e-06,0.0,0.0,0.0,0.0,0.06680170726445532,0.0
1738001700.0,7.12310067577424e-06,7.12310067577424e-06,7.12310067577424e-06,7.12310067577424e-06,0.0,0.0,0.0,0.0,0.06680170726445532,0.0
1738001760.0,7.12310067577424e-06,7.12310067577424e-06,7.12310067577424e-06,7.12310067577424e-06,0.0,0.0,0.0,0.0,0.06680170726445532,0.0
1738001820.0,7.12310067577424e-06,7.12310067577424e-06,7.12310067577424e-06,7.12310067577424e-06,0.0,0.0,0.0,0.0,0.06680170726445532,0.0
1738001880.0,7.12310067577424e-06,7.12310067577424e-06,7.12310067577424e-06,7.12310067577424e-06,0.0,0.0,0.0,0.0,0.06680170726445532,0.0
1738001940.0,7.12310067577424e-06,7.12310067577424e-06,7.12310067577424e-06,7.12310067577424e-06,0.0,0.0,0.0,0.0,0.06680170726445532,0.0
1738002000.0,7.12310067577424e-06,7.12310067577424e-06,7.12310067577424e-06,7.12310067577424e-06,0.0,0.0,0.0,0.0,0.06680170726445532,0.0
1738002060.0,7.12310067577424e-06,7.12310067577424e-06,7.12310067577424e-06,7.12310067577424e-06,0.0,0.0,0.0,0.0,0.06680170726445532,0.0
1738002120.0,7.12310067577424e-06,7.12310067577424e-06,7.12310067577424e-06,7.12310067577424e-06,0.0,0.0,0.0,0.0,0.06680170726445532,0.0
1738002180.0,7.12310067577424e-06,7.12310067577424e-06,7.12310067577424e-06,7.12310067577424e-06,0.0,0.0,0.0,0.0,0.06680170726445532,0.0
1738002240.0,7.12310067577424e-06,7.12310067577424e-06,7.10181067641967e-06,7.10181067641967e-06,3.19902710202,2.2752938469750145e-05,-0.002988866832526746,0.0,0.06680170726445532,0.002988866832526746
1738002300.0,7.10181067641967e-06,7.10181067641967e-06,7.10181067641967e-06,7.10181067641967e-06,0.0,0.0,0.0,-1.0,0.06660204585725642,0.0
1738002360.0,7.10181067641967e-06,7.10181067641967e-06,7.10181067641967e-06,7.10181067641967e-06,0.0,0.0,0.0,0.0,0.06660204585725642,0.0
1738002420.0,7.10181067641967e-06,7.10181067641967e-06,7.10181067641967e-06,7.10181067641967e-06,0.0,0.0,0.0,0.0,0.06660204585725642,0.0
1738002480.0,7.10181067641967e-06,7.10181067641967e-06,7.10181067641967e-06,7.10181067641967e-06,0.0,0.0,0.0,0.0,0.06660204585725642,0.0
1738002540.0,7.10181067641967e-06,7.10181067641967e-06,7.10181067641967e-06,7.10181067641967e-06,0.0,0.0,0.0,0.0,0.06660204585725642,0.0
1738002600.0,7.10181067641967e-06,7.10181067641967e-06,7.10181067641967e-06,7.10181067641967e-06,0.0,0.0,0.0,0.0,0.06660204585725642,0.0
1738002660.0,7.10181067641967e-06,7.10181067641967e-06,7.10181067641967e-06,7.10181067641967e-06,0.0,0.0,0.0,0.0,0.06660204585725642,0.0
1738002720.0,7.10181067641967e-06,7.10181067641967e-06,7.10181067641967e-06,7.10181067641967e-06,0.0,0.0,0.0,0.0,0.06660204585725642,0.0
1738002780.0,7.10181067641967e-06,7.10181067641967e-06,7.10181067641967e-06,7.10181067641967e-06,0.0,0.0,0.0,0.0,0.06660204585725642,0.0
1738002840.0,7.10181067641967e-06,7.11455762469308e-06,7.10181067641967e-06,7.11455762469308e-06,1.58422835406,1.1260986877191304e-05,0.0017948870864347214,0.0,0.06660204585725642,0.0017948870864347214
1738002900.0,7.11455762469308e-06,7.11455762469308e-06,7.11455762469308e-06,7.11455762469308e-06,0.0,0.0,0.0,-1.0,0.06672158900929574,0.0
1738002960.0,7.11455762469308e-06,7.11455762469308e-06,7.11455762469308e-06,7.11455762469308e-06,0.0,0.0,0.0,0.0,0.06672158900929574,0.0
1738003020.0,7.11455762469308e-06,7.11455762469308e-06,7.11455762469308e-06,7.11455762469308e-06,0.0,0.0,0.0,0.0,0.06672158900929574,0.0
1738003080.0,7.11455762469308e-06,7.11455762469308e-06,7.11455762469308e-06,7.11455762469308e-06,0.0,0.0,0.0,0.0,0.06672158900929574,0.0
1738003140.0,7.11455762469308e-06,7.11455762469308e-06,7.11455762469308e-06,7.11455762469308e-06,0.0,0.0,0.0,0.0,0.06672158900929574,0.0
1738003200.0,7.11455762469308e-06,7.11455762469308e-06,7.11455762469308e-06,7.11455762469308e-06,0.0,0.0,0.0,0.0,0.06672158900929574,0.0
1738003260.0,7.11455762469308e-06,7.11455762469308e-06,7.11455762469308e-06,7.11455762469308e-06,0.0,0.0,0.0,0.0,0.06672158900929574,0.0
1738003320.0,7.11455762469308e-06,7.11455762469308e-06,7.11455762469308e-06,7.11455762469308e-06,0.0,0.0,0.0,0.0,0.06672158900929574,0.0
1738003380.0,7.11455762469308e-06,7.11455762469308e-06,7.11455762469308e-06,7.11455762469308e-06,0.0,0.0,0.0,0.0,0.06672158900929574,0.0
1738003440.0,7.11455762469308e-06,7.11455762469308e-06,7.11455762469308e-06,7.11455762469308e-06,0.0,0.0,0.0,0.0,0.06672158900929574,0.0
1738003500.0,7.11455762469308e-06,7.11455762469308e-06,7.11455762469308e-06,7.11455762469308e-06,0.0,0.0,0.0,0.0,0.06672158900929574,0.0
1738003560.0,7.11455762469308e-06,7.11455762469308e-06,7.11455762469308e-06,7.11455762469308e-06,0.0,0.0,0.0,0.0,0.06672158900929574,0.0
1738003620.0,7.11455762469308e-06,7.11455762469308e-06,7.03788007703625e-06,7.03788007703625e-06,0.02873925639,2.0336526782675075e-07,-0.010777556624279566,0.0,0.06672158900929574,0.010777556624279566
1738003680.0,7.03788007703625e-06,7.03788007703625e-06,7.03788007703625e-06,7.03788007703625e-06,0.0,0.0,0.0,-1.0,0.06600249330568615,0.0
1738003740.0,7.03788007703625e-06,7.03788007703625e-06,7.03788007703625e-06,7.03788007703625e-06,0.0,0.0,0.0,0.0,0.06600249330568615,0.0
1738003800.0,7.03788007703625e-06,7.03788007703625e-06,7.03788007703625e-06,7.03788007703625e-06,0.0,0.0,0.0,0.0,0.06600249330568615,0.0
1738003860.0,7.03788007703625e-06,7.03788007703625e-06,7.03788007703625e-06,7.03788007703625e-06,0.0,0.0,0.0,0.0,0.06600249330568615,0.0
1738003920.0,7.03788007703625e-06,7.03788007703625e-06,7.03788007703625e-06,7.03788007703625e-06,0.0,0.0,0.0,0.0,0.06600249330568615,0.0
1738003980.0,7.03788007703625e-06,7.03788007703625e-06,7.03788007703625e-06,7.03788007703625e-06,0.0,0.0,0.0,0.0,0.06600249330568615,0.0
1738004040.0,7.03788007703625e-06,7.03788007703625e-06,7.03788007703625e-06,7.03788007703625e-06,0.0,0.0,0.0,0.0,0.06600249330568615,0.0
1738004100.0,7.03788007703625e-06,7.03788007703625e-06,7.03788007703625e-06,7.03788007703625e-06,0.0,0.0,0.0,0.0,0.06600249330568615,0.0
1738004160.0,7.03788007703625e-06,7.03788007703625e-06,7.01556792489e-06,7.01556792489e-06,14.03113584978,9.859291903642325e-05,-0.003170294449752285,0.0,0.06600249330568615,0.003170294449752285
1738004220.0,7.01556792489e-06,7.01556792489e-06,7.01556792489e-06,7.01556792489e-06,0.0,0.0,0.0,-1.0,0.06579324596748932,0.0
1738004280.0,7.01556792489e-06,7.01556792489e-06,7.01556792489e-06,7.01556792489e-06,0.0,0.0,0.0,0.0,0.06579324596748932,0.0
1738004340.0,7.01556792489e-06,7.01556792489e-06,7.01556792489e-06,7.01556792489e-06,0.0,0.0,0.0,0.0,0.06579324596748932,0.0
1738004400.0,7.01556792489e-06,7.01556792489e-06,7.01556792489e-06,7.01556792489e-06,0.0,0.0,0.0,0.0,0.06579324596748932,0.0
1738004460.0,7.01556792489e-06,7.01556792489e-06,7.01556792489e-06,7.01556792489e-06,0.0,0.0,0.0,0.0,0.06579324596748932,0.0
1738004520.0,7.01556792489e-06,7.01556792489e-06,7.01556792489e-06,7.01556792489e-06,0.0,0.0,0.0,0.0,0.06579324596748932,0.0
1738004580.0,7.01556792489e-06,7.01556792489e-06,7.01556792489e-06,7.01556792489e-06,0.0,0.0,0.0,0.0,0.06579324596748932,0.0
1738004640.0,7.01556792489e-06,7.01556792489e-06,7.01556792489e-06,7.01556792489e-06,0.0,0.0,0.0,0.0,0.06579324596748932,0.0
1738004700.0,7.01556792489e-06,7.01556792489e-06,7.01556792489e-06,7.01556792489e-06,0.0,0.0,0.0,0.0,0.06579324596748932,0.0
1738004760.0,7.01556792489e-06,7.01556792489e-06,7.01556792489e-06,7.01556792489e-06,0.0,0.0,0.0,0.0,0.06579324596748932,0.0
1738004820.0,7.01556792489e-06,7.01556792489e-06,7.01556792489e-06,7.01556792489e-06,0.0,0.0,0.0,0.0,0.06579324596748932,0.0
1738004880.0,7.01556792489e-06,7.01556792489e-06,7.01556792489e-06,7.01556792489e-06,0.0,0.0,0.0,0.0,0.06579324596748932,0.0
1738004940.0,7.01556792489e-06,7.01556792489e-06,7.01556792489e-06,7.01556792489e-06,0.0,0.0,0.0,0.0,0.06579324596748932,0.0
1738005000.0,7.01556792489e-06,7.01556792489e-06,7.01556792489e-06,7.01556792489e-06,0.0,0.0,0.0,0.0,0.06579324596748932,0.0
1738005060.0,7.01556792489e-06,7.01556792489e-06,7.01556792489e-06,7.01556792489e-06,0.0,0.0,0.0,0.0,0.06579324596748932,0.0
1738005120.0,7.01556792489e-06,7.01556792489e-06,7.01556792489e-06,7.01556792489e-06,0.0,0.0,0.0,0.0,0.06579324596748932,0.0
1738005180.0,7.01556792489e-06,7.01556792489e-06,7.01556792489e-06,7.01556792489e-06,0.0,0.0,0.0,0.0,0.06579324596748932,0.0
1738005240.0,7.01556792489e-06,7.01556792489e-06,7.01556792489e-06,7.01556792489e-06,0.0,0.0,0.0,0.0,0.06579324596748932,0.0
1738005300.0,7.01556792489e-06,7.01556792489e-06,7.00685984685945e-06,7.00685984685945e-06,8.08835868054,5.6709212694937416e-05,-0.0012412506191630645,0.0,0.06579324596748932,0.0012412506191630645
1738005360.0,7.00685984685945e-06,7.00685984685945e-06,6.99257943689675e-06,6.99257943689675e-06,2.02134902256,1.414887645630433e-05,-0.002038061310602721,-0.7505012715937874,0.06571158006019542,0.002038061310602721
1738005420.0,6.99257943689675e-06,6.99257943689675e-06,6.99257943689675e-06,6.99257943689675e-06,0.0,0.0,0.0,-1.0,0.06557765583121618,0.0
1738005480.0,6.99257943689675e-06,6.99257943689675e-06,6.99257943689675e-06,6.99257943689675e-06,0.0,0.0,0.0,0.0,0.06557765583121618,0.0
1738005540.0,6.99257943689675e-06,6.99257943689675e-06,6.99257943689675e-06,6.99257943689675e-06,0.0,0.0,0.0,0.0,0.06557765583121618,0.0
1738005600.0,6.99257943689675e-06,7.00137344207746e-06,6.99257943689675e-06,7.00137344207746e-06,1.88456563845,1.3186261370901624e-05,0.0012576196323645823,0.0,0.06557765583121618,0.0012576196323645823
1738005660.0,7.00137344207746e-06,7.00137344207746e-06,7.00137344207746e-06,7.00137344207746e-06,0.0,0.0,0.0,-1.0,0.06566012757863396,0.0
1738005720.0,7.00137344207746e-06,7.01315382221507e-06,7.00137344207746e-06,7.01315382221507e-06,3.74648783716,2.6252627969609586e-05,0.0016825813156617373,0.0,0.06566012757863396,0.0016825813156617373
1738005780.0,7.01315382221507e-06,7.01315382221507e-06,7.01315382221507e-06,7.01315382221507e-06,0.0,0.0,0.0,-1.0,0.06577060608248173,0.0
1738005840.0,7.01315382221507e-06,7.01315382221507e-06,7.01315382221507e-06,7.01315382221507e-06,0.0,0.0,0.0,0.0,0.06577060608248173,0.0
1738005900.0,7.01315382221507e-06,7.01315382221507e-06,7.01315382221507e-06,7.01315382221507e-06,0.0,0.0,0.0,0.0,0.06577060608248173,0.0
1738005960.0,7.01315382221507e-06,7.01315382221507e-06,7.01315382221507e-06,7.01315382221507e-06,0.0,0.0,0.0,0.0,0.06577060608248173,0.0
1738006020.0,7.01315382221507e-06,7.01315382221507e-06,7.01315382221507e-06,7.01315382221507e-06,0.0,0.0,0.0,0.0,0.06577060608248173,0.0
1738006080.0,7.01315382221507e-06,7.01315382221507e-06,7.01315382221507e-06,7.01315382221507e-06,0.0,0.0,0.0,0.0,0.06577060608248173,0.0
1738006140.0,7.01315382221507e-06,7.01315382221507e-06,7.01315382221507e-06,7.01315382221507e-06,0.0,0.0,0.0,0.0,0.06577060608248173,0.0
1738006200.0,7.01315382221507e-06,7.01315382221507e-06,7.01315382221507e-06,7.01315382221507e-06,0.0,0.0,0.0,0.0,0.06577060608248173,0.0
1738006260.0,7.01315382221507e-06,7.01315382221507e-06,7.01315382221507e-06,7.01315382221507e-06,0.0,0.0,0.0,0.0,0.06577060608248173,0.0
1738006320.0,7.01315382221507e-06,7.01315382221507e-06,7.01315382221507e-06,7.01315382221507e-06,0.0,0.0,0.0,0.0,0.06577060608248173,0.0
1738006380.0,7.01315382221507e-06,7.01315382221507e-06,7.01315382221507e-06,7.01315382221507e-06,0.0,0.0,0.0,0.0,0.06577060608248173,0.0
1738006440.0,7.01315382221507e-06,7.04449480627137e-06,7.01315382221507e-06,7.04449480627137e-06,0.17569192131,1.2349076483198346e-06,0.004468885875142734,0.0,0.06577060608248173,0.004468885875142734
1738006500.0,7.04449480627137e-06,7.04449480627137e-06,7.04449480627137e-06,7.04449480627137e-06,0.0,0.0,0.0,-1.0,0.06606452741500331,0.0
1738006560.0,7.04449480627137e-06,7.04449480627137e-06,7.04449480627137e-06,7.04449480627137e-06,0.0,0.0,0.0,0.0,0.06606452741500331,0.0
1738006620.0,7.04449480627137e-06,7.04449480627137e-06,7.04449480627137e-06,7.04449480627137e-06,0.0,0.0,0.0,0.0,0.06606452741500331,0.0
1738006680.0,7.04449480627137e-06,7.04449480627137e-06,7.04449480627137e-06,7.04449480627137e-06,0.0,0.0,0.0,0.0,0.06606452741500331,0.0
1738006740.0,7.04449480627137e-06,7.04449480627137e-06,7.04449480627137e-06,7.04449480627137e-06,0.0,0.0,0.0,0.0,0.06606452741500331,0.0
1738006800.0,7.04449480627137e-06,7.04449480627137e-06,7.01841237443753e-06,7.01841237443753e-06,0.00938547688,6.599354510506469e-08,-0.003702526944958438,0.0,0.06606452741500331,0.003702526944958438
1738006860.0,7.01841237443753e-06,7.01841237443753e-06,7.01841237443753e-06,7.01841237443753e-06,0.0,0.0,0.0,-1.0,0.06581992172214332,0.0
1738006920.0,7.01841237443753e-06,7.01841237443753e-06,7.01841237443753e-06,7.01841237443753e-06,0.0,0.0,0.0,0.0,0.06581992172214332,0.0
1738006980.0,7.01841237443753e-06,7.01841237443753e-06,7.01841237443753e-06,7.01841237443753e-06,0.0,0.0,0.0,0.0,0.06581992172214332,0.0
1738007040.0,7.01841237443753e-06,7.01841237443753e-06,7.01841237443753e-06,7.01841237443753e-06,0.0,0.0,0.0,0.0,0.06581992172214332,0.0
1738007100.0,7.01841237443753e-06,7.01841237443753e-06,7.01841237443753e-06,7.01841237443753e-06,0.0,0.0,0.0,0.0,0.06581992172214332,0.0
1738007160.0,7.01841237443753e-06,7.01841237443753e-06,7.01841237443753e-06,7.01841237443753e-06,0.0,0.0,0.0,0.0,0.06581992172214332,0.0
1738007220.0,7.01841237443753e-06,7.01841237443753e-06,7.01841237443753e-06,7.01841237443753e-06,0.0,0.0,0.0,0.0,0.06581992172214332,0.0
1738007280.0,7.01841237443753e-06,7.01841237443753e-06,7.01841237443753e-06,7.01841237443753e-06,0.0,0.0,0.0,0.0,0.06581992172214332,0.0
1738007340.0,7.01841237443753e-06,7.01841237443753e-06,7.01841237443753e-06,7.01841237443753e-06,0.0,0.0,0.0,0.0,0.06581992172214332,0.0
1738007400.0,7.01841237443753e-06,7.01841237443753e-06,7.01841237443753e-06,7.01841237443753e-06,0.0,0.0,0.0,0.0,0.06581992172214332,0.0
1738007460.0,7.01841237443753e-06,7.01841237443753e-06,7.01841237443753e-06,7.01841237443753e-06,0.0,0.0,0.0,0.0,0.06581992172214332,0.0
1738007520.0,7.01841237443753e-06,7.01841237443753e-06,7.01841237443753e-06,7.01841237443753e-06,0.0,0.0,0.0,0.0,0.06581992172214332,0.0
1738007580.0,7.01841237443753e-06,7.01841237443753e-06,7.01841237443753e-06,7.01841237443753e-06,0.0,0.0,0.0,0.0,0.06581992172214332,0.0
1738007640.0,7.01841237443753e-06,7.01841237443753e-06,7.01841237443753e-06,7.01841237443753e-06,0.0,0.0,0.0,0.0,0.06581992172214332,0.0
1738007700.0,7.01841237443753e-06,7.01841237443753e-06,7.01841237443753e-06,7.01841237443753e-06,0.0,0.0,0.0,0.0,0.06581992172214332,0.0
1738007760.0,7.01841237443753e-06,7.33211792126253e-06,7.01841237443753e-06,7.33211792126253e-06,226.31,0.0016238342556099403,0.04469750850884429,0.0,0.06581992172214332,0.04469750850884429
1738007820.0,7.33211792126253e-06,7.33211792126253e-06,7.33211792126253e-06,7.33211792126253e-06,0.0,0.0,0.0,-1.0,0.06876190823337028,0.0
1738007880.0,7.33211792126253e-06,7.33211792126253e-06,7.33211792126253e-06,7.33211792126253e-06,0.0,0.0,0.0,0.0,0.06876190823337028,0.0
1738007940.0,7.33211792126253e-06,7.33211792126253e-06,7.33211792126253e-06,7.33211792126253e-06,0.0,0.0,0.0,0.0,0.06876190823337028,0.0
1738008000.0,7.33211792126253e-06,7.33211792126253e-06,7.33211792126253e-06,7.33211792126253e-06,0.0,0.0,0.0,0.0,0.06876190823337028,0.0
1738008060.0,7.33211792126253e-06,7.61296021064732e-06,7.33211792126253e-06,7.61296021064732e-06,0.51824672294,3.872618882972268e-06,0.03830302409217539,0.0,0.06876190823337028,0.03830302409217539
1738008120.0,7.61296021064732e-06,7.61296021064732e-06,7.61296021064732e-06,7.61296021064732e-06,0.0,0.0,0.0,-1.0,0.07139569726105702,0.0
1738008180.0,7.61296021064732e-06,7.61296021064732e-06,7.61296021064732e-06,7.61296021064732e-06,0.0,0.0,0.0,0.0,0.07139569726105702,0.0
1738008240.0,7.61296021064732e-06,7.61296021064732e-06,7.61296021064732e-06,7.61296021064732e-06,0.0,0.0,0.0,0.0,0.07139569726105702,0.0
1738008300.0,7.61296021064732e-06,7.61296021064732e-06,7.61296021064732e-06,7.61296021064732e-06,0.0,0.0,0.0,0.0,0.07139569726105702,0.0
1738008360.0,7.61296021064732e-06,7.61296021064732e-06,7.61296021064732e-06,7.61296021064732e-06,0.0,0.0,0.0,0.0,0.07139569726105702,0.0
1738008420.0,7.61296021064732e-06,7.61296021064732e-06,7.61296021064732e-06,7.61296021064732e-06,0.0,0.0,0.0,0.0,0.07139569726105702,0.0
1738008480.0,7.61296021064732e-06,7.61296021064732e-06,7.32088031170459e-06,7.32088031170459e-06,232.7609336052,0.001738007331146899,-0.038366140221543936,0.0,0.07139569726105702,0.038366140221543936
1738008540.0,7.32088031170459e-06,7.32088031170459e-06,7.32088031170459e-06,7.32088031170459e-06,0.0,0.0,0.0,-1.0,0.0686565199287244,0.0
1738008600.0,7.32088031170459e-06,7.32088031170459e-06,7.32088031170459e-06,7.32088031170459e-06,0.0,0.0,0.0,0.0,0.0686565199287244,0.0
1738008660.0,7.32088031170459e-06,7.32088031170459e-06,7.32088031170459e-06,7.32088031170459e-06,0.0,0.0,0.0,0.0,0.0686565199287244,0.0
1738008720.0,7.32088031170459e-06,7.32088031170459e-06,7.32088031170459e-06,7.32088031170459e-06,0.0,0.0,0.0,0.0,0.0686565199287244,0.0
1738008780.0,7.32088031170459e-06,7.32088031170459e-06,7.32088031170459e-06,7.32088031170459e-06,0.0,0.0,0.0,0.0,0.0686565199287244,0.0
1738008840.0,7.32088031170459e-06,7.32088031170459e-06,7.32088031170459e-06,7.32088031170459e-06,0.0,0.0,0.0,0.0,0.0686565199287244,0.0
1738008900.0,7.32088031170459e-06,7.32088031170459e-06,7.32088031170459e-06,7.32088031170459e-06,0.0,0.0,0.0,0.0,0.0686565199287244,0.0
1738008960.0,7.32088031170459e-06,7.32088031170459e-06,7.32088031170459e-06,7.32088031170459e-06,0.0,0.0,0.0,0.0,0.0686565199287244,0.0
1738009020.0,7.32088031170459e-06,7.32088031170459e-06,7.02091475140813e-06,7.02091475140813e-06,0.0721483059,5.173681086842831e-07,-0.04097397410211397,0.0,0.0686565199287244,0.04097397410211397
1738009080.0,7.02091475140813e-06,7.02091475140813e-06,7.02091475140813e-06,7.02091475140813e-06,0.0,0.0,0.0,-1.0,0.06584338945922358,0.0
1738009140.0,7.02091475140813e-06,7.02091475140813e-06,6.9896350378743e-06,6.9896350378743e-06,23.03022732212,0.00016133307327752738,-0.004455219104826294,0.0,0.06584338945922358,0.004455219104826294
1738009200.0,6.9896350378743e-06,6.9896350378743e-06,6.9896350378743e-06,6.9896350378743e-06,0.0,0.0,0.0,-1.0,0.06555004273257832,0.0
1738009260.0,6.9896350378743e-06,6.9896350378743e-06,6.9896350378743e-06,6.9896350378743e-06,0.0,0.0,0.0,0.0,0.06555004273257832,0.0
1738009320.0,6.9896350378743e-06,7.00360326409613e-06,6.9896350378743e-06,7.00360326409613e-06,1.99747190622,1.3975550192613795e-05,0.001998419967014226,0.0,0.06555004273257832,0.001998419967014226
1738009380.0,7.00360326409613e-06,7.00360326409613e-06,7.00149471381448e-06,7.00149471381448e-06,0.05482419012,3.8390907709509945e-07,-0.00030106649422293445,-0.9725299489605783,0.06568103924681375,0.00030106649422293445
1738009440.0,7.00149471381448e-06,7.00149471381448e-06,7.00149471381448e-06,7.00149471381448e-06,0.0,0.0,0.0,-1.0,0.06566126488659078,0.0
1738009500.0,7.00149471381448e-06,7.00149471381448e-06,6.75855103316631e-06,6.75855103316631e-06,208.60653098341,0.0014352177047253438,-0.03469883083233977,0.0,0.06566126488659078,0.03469883083233977
1738009560.0,6.75855103316631e-06,6.75855103316631e-06,6.75855103316631e-06,6.75855103316631e-06,0.0,0.0,0.0,-1.0,0.06338289576405352,0.0
1738009620.0,6.75855103316631e-06,6.75855103316631e-06,6.75855103316631e-06,6.75855103316631e-06,0.0,0.0,0.0,0.0,0.06338289576405352,0.0
1738009680.0,6.75855103316631e-06,6.75855103316631e-06,6.75855103316631e-06,6.75855103316631e-06,0.0,0.0,0.0,0.0,0.06338289576405352,0.0
1738009740.0,6.75855103316631e-06,6.75855103316631e-06,6.75855103316631e-06,6.75855103316631e-06,0.0,0.0,0.0,0.0,0.06338289576405352,0.0
1738009800.0,6.75855103316631e-06,6.75855103316631e-06,6.75855103316631e-06,6.75855103316631e-06,0.0,0.0,0.0,0.0,0.06338289576405352,0.0
1738009860.0,6.75855103316631e-06,6.75855103316631e-06,6.75855103316631e-06,6.75855103316631e-06,0.0,0.0,0.0,0.0,0.06338289576405352,0.0
1738009920.0,6.75855103316631e-06,6.75855103316631e-06,6.75855103316631e-06,6.75855103316631e-06,0.0,0.0,0.0,0.0,0.06338289576405352,0.0
1738009980.0,6.75855103316631e-06,6.75855103316631e-06,6.75855103316631e-06,6.75855103316631e-06,0.0,0.0,0.0,0.0,0.06338289576405352,0.0
1738010040.0,6.75855103316631e-06,6.75855103316631e-06,6.75855103316631e-06,6.75855103316631e-06,0.0,0.0,0.0,0.0,0.06338289576405352,0.0
1738010100.0,6.75855103316631e-06,6.75855103316631e-06,6.75855103316631e-06,6.75855103316631e-06,0.0,0.0,0.0,0.0,0.06338289576405352,0.0
1738010160.0,6.75855103316631e-06,6.75855103316631e-06,6.75855103316631e-06,6.75855103316631e-06,0.0,0.0,0.0,0.0,0.06338289576405352,0.0
1738010220.0,6.75855103316631e-06,6.75855103316631e-06,6.75855103316631e-06,6.75855103316631e-06,0.0,0.0,0.0,0.0,0.06338289576405352,0.0
1738010280.0,6.75855103316631e-06,6.75855103316631e-06,6.75855103316631e-06,6.75855103316631e-06,0.0,0.0,0.0,0.0,0.06338289576405352,0.0
1738010340.0,6.75855103316631e-06,6.75855103316631e-06,6.75855103316631e-06,6.75855103316631e-06,0.0,0.0,0.0,0.0,0.06338289576405352,0.0
1738010400.0,6.75855103316631e-06,6.75855103316631e-06,6.75855103316631e-06,6.75855103316631e-06,0.0,0.0,0.0,0.0,0.06338289576405352,0.0
1738010460.0,6.75855103316631e-06,6.75855103316631e-06,6.75855103316631e-06,6.75855103316631e-06,0.0,0.0,0.0,0.0,0.06338289576405352,0.0
1738010520.0,6.75855103316631e-06,6.75855103316631e-06,6.75855103316631e-06,6.75855103316631e-06,0.0,0.0,0.0,0.0,0.06338289576405352,0.0
1738010580.0,6.75855103316631e-06,6.75855103316631e-06,6.75855103316631e-06,6.75855103316631e-06,0.0,0.0,0.0,0.0,0.06338289576405352,0.0
1738010640.0,6.75855103316631e-06,6.75855103316631e-06,6.75855103316631e-06,6.75855103316631e-06,0.0,0.0,0.0,0.0,0.06338289576405352,0.0
1738010700.0,6.75855103316631e-06,6.75855103316631e-06,6.75855103316631e-06,6.75855103316631e-06,0.0,0.0,0.0,0.0,0.06338289576405352,0.0
1738010760.0,6.75855103316631e-06,6.75855103316631e-06,6.75855103316631e-06,6.75855103316631e-06,0.0,0.0,0.0,0.0,0.06338289576405352,0.0
1738010820.0,6.75855103316631e-06,6.75855103316631e-06,6.75855103316631e-06,6.75855103316631e-06,0.0,0.0,0.0,0.0,0.06338289576405352,0.0
1738010880.0,6.75855103316631e-06,6.75855103316631e-06,6.75855103316631e-06,6.75855103316631e-06,0.0,0.0,0.0,0.0,0.06338289576405352,0.0
1738010940.0,6.75855103316631e-06,6.75855103316631e-06,6.75855103316631e-06,6.75855103316631e-06,0.0,0.0,0.0,0.0,0.06338289576405352,0.0
1738011000.0,6.75855103316631e-06,6.75855103316631e-06,6.75855103316631e-06,6.75855103316631e-06,0.0,0.0,0.0,0.0,0.06338289576405352,0.0
1738011060.0,6.75855103316631e-06,6.75855103316631e-06,6.75855103316631e-06,6.75855103316631e-06,0.0,0.0,0.0,0.0,0.06338289576405352,0.0
1738011120.0,6.75855103316631e-06,6.75855103316631e-06,6.59526463377848e-06,6.59526463377848e-06,13.96231041792,9.322505980278327e-05,-0.024159971358732532,0.0,0.06338289576405352,0.024159971358732532
1738011180.0,6.59526463377848e-06,6.59526463377848e-06,6.59526463377848e-06,6.59526463377848e-06,0.0,0.0,0.0,-1.0,0.06185156681776046,0.0
1738011240.0,6.59526463377848e-06,6.59526463377848e-06,6.59526463377848e-06,6.59526463377848e-06,0.0,0.0,0.0,0.0,0.06185156681776046,0.0
1738011300.0,6.59526463377848e-06,6.59526463377848e-06,6.59526463377848e-06,6.59526463377848e-06,0.0,0.0,0.0,0.0,0.06185156681776046,0.0
1738011360.0,6.59526463377848e-06,6.59526463377848e-06,6.59526463377848e-06,6.59526463377848e-06,0.0,0.0,0.0,0.0,0.06185156681776046,0.0
1738011420.0,6.59526463377848e-06,6.59526463377848e-06,6.59526463377848e-06,6.59526463377848e-06,0.0,0.0,0.0,0.0,0.06185156681776046,0.0
1738011480.0,6.59526463377848e-06,6.59526463377848e-06,6.59526463377848e-06,6.59526463377848e-06,0.0,0.0,0.0,0.0,0.06185156681776046,0.0
1738011540.0,6.59526463377848e-06,6.59526463377848e-06,6.59526463377848e-06,6.59526463377848e-06,0.0,0.0,0.0,0.0,0.06185156681776046,0.0
1738011600.0,6.59526463377848e-06,6.59526463377848e-06,6.59526463377848e-06,6.59526463377848e-06,0.0,0.0,0.0,0.0,0.06185156681776046,0.0
1738011660.0,6.59526463377848e-06,6.59526463377848e-06,6.59526463377848e-06,6.59526463377848e-06,0.0,0.0,0.0,0.0,0.06185156681776046,0.0
1738011720.0,6.59526463377848e-06,6.59526463377848e-06,6.59526463377848e-06,6.59526463377848e-06,0.0,0.0,0.0,0.0,0.06185156681776046,0.0
1738011780.0,6.59526463377848e-06,6.59526463377848e-06,6.59526463377848e-06,6.59526463377848e-06,0.0,0.0,0.0,0.0,0.06185156681776046,0.0
1738011840.0,6.59526463377848e-06,6.59526463377848e-06,6.59526463377848e-06,6.59526463377848e-06,0.0,0.0,0.0,0.0,0.06185156681776046,0.0
1738011900.0,6.59526463377848e-06,6.59526463377848e-06,6.59526463377848e-06,6.59526463377848e-06,0.0,0.0,0.0,0.0,0.06185156681776046,0.0
1738011960.0,6.59526463377848e-06,6.59526463377848e-06,6.59526463377848e-06,6.59526463377848e-06,0.0,0.0,0.0,0.0,0.06185156681776046,0.0
1738012020.0,6.59526463377848e-06,6.59526463377848e-06,6.59526463377848e-06,6.59526463377848e-06,0.0,0.0,0.0,0.0,0.06185156681776046,0.0
1738012080.0,6.59526463377848e-06,6.59526463377848e-06,6.59526463377848e-06,6.59526463377848e-06,0.0,0.0,0.0,0.0,0.06185156681776046,0.0
1738012140.0,6.59526463377848e-06,6.59526463377848e-06,6.59526463377848e-06,6.59526463377848e-06,0.0,0.0,0.0,0.0,0.06185156681776046,0.0
1738012200.0,6.59526463377848e-06,6.59526463377848e-06,6.59526463377848e-06,6.59526463377848e-06,0.0,0.0,0.0,0.0,0.06185156681776046,0.0
1738012260.0,6.59526463377848e-06,6.59526463377848e-06,6.59526463377848e-06,6.59526463377848e-06,0.0,0.0,0.0,0.0,0.06185156681776046,0.0
1738012320.0,6.59526463377848e-06,6.59526463377848e-06,6.59526463377848e-06,6.59526463377848e-06,0.0,0.0,0.0,0.0,0.06185156681776046,0.0
1738012380.0,6.59526463377848e-06,6.59526463377848e-06,6.59526463377848e-06,6.59526463377848e-06,0.0,0.0,0.0,0.0,0.06185156681776046,0.0
1738012440.0,6.59526463377848e-06,6.59526463377848e-06,6.59526463377848e-06,6.59526463377848e-06,0.0,0.0,0.0,0.0,0.06185156681776046,0.0
1738012500.0,6.59526463377848e-06,6.59526463377848e-06,6.59526463377848e-06,6.59526463377848e-06,0.0,0.0,0.0,0.0,0.06185156681776046,0.0
1738012560.0,6.59526463377848e-06,6.59526463377848e-06,6.59526463377848e-06,6.59526463377848e-06,0.0,0.0,0.0,0.0,0.06185156681776046,0.0
1738012620.0,6.59526463377848e-06,6.59526463377848e-06,6.59526463377848e-06,6.59526463377848e-06,0.0,0.0,0.0,0.0,0.06185156681776046,0.0
1738012680.0,6.59526463377848e-06,6.59526463377848e-06,6.59526463377848e-06,6.59526463377848e-06,0.0,0.0,0.0,0.0,0.06185156681776046,0.0
1738012740.0,6.59526463377848e-06,6.59526463377848e-06,6.59526463377848e-06,6.59526463377848e-06,0.0,0.0,0.0,0.0,0.06185156681776046,0.0
1738012800.0,6.59526463377848e-06,6.59526463377848e-06,6.55746279019397e-06,6.55746279019397e-06,77.972227854,0.0005127737298017671,-0.005731664411296449,0.0,0.06185156681776046,0.005731664411296449
1738012860.0,6.55746279019397e-06,6.55746279019397e-06,6.55746279019397e-06,6.55746279019397e-06,0.0,0.0,0.0,-1.0,0.06149705439344818,0.0
1738012920.0,6.55746279019397e-06,6.55746279019397e-06,6.55746279019397e-06,6.55746279019397e-06,0.0,0.0,0.0,0.0,0.06149705439344818,0.0
1738012980.0,6.55746279019397e-06,6.55746279019397e-06,6.55746279019397e-06,6.55746279019397e-06,0.0,0.0,0.0,0.0,0.06149705439344818,0.0
1738013040.0,6.55746279019397e-06,6.55746279019397e-06,6.55746279019397e-06,6.55746279019397e-06,0.0,0.0,0.0,0.0,0.06149705439344818,0.0
1738013100.0,6.55746279019397e-06,6.55746279019397e-06,6.55746279019397e-06,6.55746279019397e-06,0.0,0.0,0.0,0.0,0.06149705439344818,0.0
1738013160.0,6.55746279019397e-06,6.55746279019397e-06,6.55746279019397e-06,6.55746279019397e-06,0.0,0.0,0.0,0.0,0.06149705439344818,0.0
1738013220.0,6.55746279019397e-06,6.55746279019397e-06,6.55746279019397e-06,6.55746279019397e-06,0.0,0.0,0.0,0.0,0.06149705439344818,0.0
1738013280.0,6.55746279019397e-06,6.55746279019397e-06,6.55746279019397e-06,6.55746279019397e-06,0.0,0.0,0.0,0.0,0.06149705439344818,0.0
1738013340.0,6.55746279019397e-06,6.55746279019397e-06,6.55746279019397e-06,6.55746279019397e-06,0.0,0.0,0.0,0.0,0.06149705439344818,0.0
1738013400.0,6.55746279019397e-06,6.55746279019397e-06,6.43427144387298e-06,6.43427144387298e-06,0.1501481242,9.753422626750382e-07,-0.018786434671838312,0.0,0.06149705439344818,0.018786434671838312
1738013460.0,6.43427144387298e-06,6.43427144387298e-06,6.43427144387298e-06,6.43427144387298e-06,0.0,0.0,0.0,-1.0,0.06034174399857518,0.0
1738013520.0,6.43427144387298e-06,6.43427144387298e-06,6.43427144387298e-06,6.43427144387298e-06,0.0,0.0,0.0,0.0,0.06034174399857518,0.0
1738013580.0,6.43427144387298e-06,6.43427144387298e-06,6.43427144387298e-06,6.43427144387298e-06,0.0,0.0,0.0,0.0,0.06034174399857518,0.0
1738013640.0,6.43427144387298e-06,6.43427144387298e-06,6.43427144387298e-06,6.43427144387298e-06,0.0,0.0,0.0,0.0,0.06034174399857518,0.0
1738013700.0,6.43427144387298e-06,6.43427144387298e-06,6.43427144387298e-06,6.43427144387298e-06,0.0,0.0,0.0,0.0,0.06034174399857518,0.0
1738013760.0,6.43427144387298e-06,6.43427144387298e-06,6.43427144387298e-06,6.43427144387298e-06,0.0,0.0,0.0,0.0,0.06034174399857518,0.0
1738013820.0,6.43427144387298e-06,6.43427144387298e-06,6.43427144387298e-06,6.43427144387298e-06,0.0,0.0,0.0,0.0,0.06034174399857518,0.0
1738013880.0,6.43427144387298e-06,6.43427144387298e-06,6.43427144387298e-06,6.43427144387298e-06,0.0,0.0,0.0,0.0,0.06034174399857518,0.0
1738013940.0,6.43427144387298e-06,6.43427144387298e-06,6.43427144387298e-06,6.43427144387298e-06,0.0,0.0,0.0,0.0,0.06034174399857518,0.0
1738014000.0,6.43427144387298e-06,6.43427144387298e-06,6.43427144387298e-06,6.43427144387298e-06,0.0,0.0,0.0,0.0,0.06034174399857518,0.0
1738014060.0,6.43427144387298e-06,6.43427144387298e-06,6.43427144387298e-06,6.43427144387298e-06,0.0,0.0,0.0,0.0,0.06034174399857518,0.0
1738014120.0,6.43427144387298e-06,6.43427144387298e-06,6.43427144387298e-06,6.43427144387298e-06,0.0,0.0,0.0,0.0,0.06034174399857518,0.0
1738014180.0,6.43427144387298e-06,6.43427144387298e-06,6.43427144387298e-06,6.43427144387298e-06,0.0,0.0,0.0,0.0,0.06034174399857518,0.0
1738014240.0,6.43427144387298e-06,6.43427144387298e-06,6.43427144387298e-06,6.43427144387298e-06,0.0,0.0,0.0,0.0,0.06034174399857518,0.0
1738014300.0,6.43427144387298e-06,6.43427144387298e-06,6.43427144387298e-06,6.43427144387298e-06,0.0,0.0,0.0,0.0,0.06034174399857518,0.0
1738014360.0,6.43427144387298e-06,6.43427144387298e-06,6.43427144387298e-06,6.43427144387298e-06,0.0,0.0,0.0,0.0,0.06034174399857518,0.0
1738014420.0,6.43427144387298e-06,6.43427144387298e-06,6.43427144387298e-06,6.43427144387298e-06,0.0,0.0,0.0,0.0,0.06034174399857518,0.0
1738014480.0,6.43427144387298e-06,6.43427144387298e-06,6.3716260113994e-06,6.3716260113994e-06,2.90016246702,1.8569591578143942e-05,-0.00973621225340656,0.0,0.06034174399857518,0.00973621225340656
1738014540.0,6.3716260113994e-06,6.3716260113994e-06,6.3716260113994e-06,6.3716260113994e-06,0.0,0.0,0.0,-1.0,0.05975424397126433,0.0
1738014600.0,6.3716260113994e-06,6.3716260113994e-06,6.3716260113994e-06,6.3716260113994e-06,0.0,0.0,0.0,0.0,0.05975424397126433,0.0
1738014660.0,6.3716260113994e-06,6.3716260113994e-06,6.3716260113994e-06,6.3716260113994e-06,0.0,0.0,0.0,0.0,0.05975424397126433,0.0
1738014720.0,6.3716260113994e-06,6.3716260113994e-06,6.3716260113994e-06,6.3716260113994e-06,0.0,0.0,0.0,0.0,0.05975424397126433,0.0
1738014780.0,6.3716260113994e-06,6.3716260113994e-06,6.3716260113994e-06,6.3716260113994e-06,0.0,0.0,0.0,0.0,0.05975424397126433,0.0
1738014840.0,6.3716260113994e-06,6.3716260113994e-06,6.3716260113994e-06,6.3716260113994e-06,0.0,0.0,0.0,0.0,0.05975424397126433,0.0
1738014900.0,6.3716260113994e-06,6.3716260113994e-06,6.3716260113994e-06,6.3716260113994e-06,0.0,0.0,0.0,0.0,0.05975424397126433,0.0
1738014960.0,6.3716260113994e-06,6.3716260113994e-06,6.3716260113994e-06,6.3716260113994e-06,0.0,0.0,0.0,0.0,0.05975424397126433,0.0
1738015020.0,6.3716260113994e-06,6.3716260113994e-06,6.3716260113994e-06,6.3716260113994e-06,0.0,0.0,0.0,0.0,0.05975424397126433,0.0
1738015080.0,6.3716260113994e-06,6.3716260113994e-06,6.3716260113994e-06,6.3716260113994e-06,0.0,0.0,0.0,0.0,0.05975424397126433,0.0
1738015140.0,6.3716260113994e-06,6.3716260113994e-06,6.3716260113994e-06,6.3716260113994e-06,0.0,0.0,0.0,0.0,0.05975424397126433,0.0
1738015200.0,6.3716260113994e-06,6.3716260113994e-06,6.3716260113994e-06,6.3716260113994e-06,0.0,0.0,0.0,0.0,0.05975424397126433,0.0
1738015260.0,6.3716260113994e-06,6.3716260113994e-06,6.3716260113994e-06,6.3716260113994e-06,0.0,0.0,0.0,0.0,0.05975424397126433,0.0
1738015320.0,6.3716260113994e-06,6.3716260113994e-06,6.3716260113994e-06,6.3716260113994e-06,0.0,0.0,0.0,0.0,0.05975424397126433,0.0
1738015380.0,6.3716260113994e-06,6.3716260113994e-06,6.3716260113994e-06,6.3716260113994e-06,0.0,0.0,0.0,0.0,0.05975424397126433,0.0
1738015440.0,6.3716260113994e-06,6.3716260113994e-06,6.3716260113994e-06,6.3716260113994e-06,0.0,0.0,0.0,0.0,0.05975424397126433,0.0
1738015500.0,6.3716260113994e-06,6.3841343583635e-06,6.3716260113994e-06,6.3841343583635e-06,0.4138302348,2.639359654435758e-06,0.001963132635487553,0.0,0.05975424397126433,0.001963132635487553
1738015560.0,6.3841343583635e-06,6.3841343583635e-06,6.3841343583635e-06,6.3841343583635e-06,0.0,0.0,0.0,-1.0,0.059871549477713205,0.0
1738015620.0,6.3841343583635e-06,6.3841343583635e-06,6.3841343583635e-06,6.3841343583635e-06,0.0,0.0,0.0,0.0,0.059871549477713205,0.0
1738015680.0,6.3841343583635e-06,6.3841343583635e-06,6.3841343583635e-06,6.3841343583635e-06,0.0,0.0,0.0,0.0,0.059871549477713205,0.0
1738015740.0,6.3841343583635e-06,6.3841343583635e-06,6.3841343583635e-06,6.3841343583635e-06,0.0,0.0,0.0,0.0,0.059871549477713205,0.0
1738015800.0,6.3841343583635e-06,6.3841343583635e-06,6.3841343583635e-06,6.3841343583635e-06,0.0,0.0,0.0,0.0,0.059871549477713205,0.0
1738015860.0,6.3841343583635e-06,6.3841343583635e-06,6.3841343583635e-06,6.3841343583635e-06,0.0,0.0,0.0,0.0,0.059871549477713205,0.0
1738015920.0,6.3841343583635e-06,6.3841343583635e-06,6.3841343583635e-06,6.3841343583635e-06,0.0,0.0,0.0,0.0,0.059871549477713205,0.0
1738015980.0,6.3841343583635e-06,6.3841343583635e-06,6.3841343583635e-06,6.3841343583635e-06,0.0,0.0,0.0,0.0,0.059871549477713205,0.0
1738016040.0,6.3841343583635e-06,6.3841343583635e-06,6.3841343583635e-06,6.3841343583635e-06,0.0,0.0,0.0,0.0,0.059871549477713205,0.0
1738016100.0,6.3841343583635e-06,6.3841343583635e-06,6.3841343583635e-06,6.3841343583635e-06,0.0,0.0,0.0,0.0,0.059871549477713205,0.0
1738016160.0,6.3841343583635e-06,6.3841343583635e-06,6.3841343583635e-06,6.3841343583635e-06,0.0,0.0,0.0,0.0,0.059871549477713205,0.0
1738016220.0,6.3841343583635e-06,6.3841343583635e-06,6.3841343583635e-06,6.3841343583635e-06,0.0,0.0,0.0,0.0,0.059871549477713205,0.0
1738016280.0,6.3841343583635e-06,6.3841343583635e-06,6.3841343583635e-06,6.3841343583635e-06,0.0,0.0,0.0,0.0,0.059871549477713205,0.0
1738016340.0,6.3841343583635e-06,6.3841343583635e-06,6.3841343583635e-06,6.3841343583635e-06,0.0,0.0,0.0,0.0,0.059871549477713205,0.0
1738016400.0,6.3841343583635e-06,6.3841343583635e-06,6.3841343583635e-06,6.3841343583635e-06,0.0,0.0,0.0,0.0,0.059871549477713205,0.0
1738016460.0,6.3841343583635e-06,6.3841343583635e-06,6.3841343583635e-06,6.3841343583635e-06,0.0,0.0,0.0,0.0,0.059871549477713205,0.0
1738016520.0,6.3841343583635e-06,6.3841343583635e-06,6.3841343583635e-06,6.3841343583635e-06,0.0,0.0,0.0,0.0,0.059871549477713205,0.0
1738016580.0,6.3841343583635e-06,6.3841343583635e-06,6.3841343583635e-06,6.3841343583635e-06,0.0,0.0,0.0,0.0,0.059871549477713205,0.0
1738016640.0,6.3841343583635e-06,6.3841343583635e-06,6.3841343583635e-06,6.3841343583635e-06,0.0,0.0,0.0,0.0,0.059871549477713205,0.0
1738016700.0,6.3841343583635e-06,6.3841343583635e-06,6.3841343583635e-06,6.3841343583635e-06,0.0,0.0,0.0,0.0,0.059871549477713205,0.0
1738016760.0,6.3841343583635e-06,6.3841343583635e-06,6.3841343583635e-06,6.3841343583635e-06,0.0,0.0,0.0,0.0,0.059871549477713205,0.0
1738016820.0,6.3841343583635e-06,6.3841343583635e-06,6.3841343583635e-06,6.3841343583635e-06,0.0,0.0,0.0,0.0,0.059871549477713205,0.0
1738016880.0,6.3841343583635e-06,6.3841343583635e-06,6.3841343583635e-06,6.3841343583635e-06,0.0,0.0,0.0,0.0,0.059871549477713205,0.0
1738016940.0,6.3841343583635e-06,6.3841343583635e-06,6.3841343583635e-06,6.3841343583635e-06,0.0,0.0,0.0,0.0,0.059871549477713205,0.0
1738017000.0,6.3841343583635e-06,6.3841343583635e-06,6.3841343583635e-06,6.3841343583635e-06,0.0,0.0,0.0,0.0,0.059871549477713205,0.0
1738017060.0,6.3841343583635e-06,6.3841343583635e-06,6.3841343583635e-06,6.3841343583635e-06,0.0,0.0,0.0,0.0,0.059871549477713205,0.0
1738017120.0,6.3841343583635e-06,6.3841343583635e-06,6.3841343583635e-06,6.3841343583635e-06,0.0,0.0,0.0,0.0,0.059871549477713205,0.0
1738017180.0,6.3841343583635e-06,6.3841343583635e-06,6.3841343583635e-06,6.3841343583635e-06,0.0,0.0,0.0,0.0,0.059871549477713205,0.0
1738017240.0,6.3841343583635e-06,6.3841343583635e-06,6.3841343583635e-06,6.3841343583635e-06,0.0,0.0,0.0,0.0,0.059871549477713205,0.0
1738017300.0,6.3841343583635e-06,6.3841343583635e-06,6.3841343583635e-06,6.3841343583635e-06,0.0,0.0,0.0,0.0,0.059871549477713205,0.0
1738017360.0,6.3841343583635e-06,6.3841343583635e-06,6.3841343583635e-06,6.3841343583635e-06,0.0,0.0,0.0,0.0,0.059871549477713205,0.0
1738017420.0,6.3841343583635e-06,6.3841343583635e-06,6.37499177708596e-06,6.37499177708596e-06,7.433383139,4.7421736541812125e-05,-0.0014320784564257009,0.0,0.059871549477713205,0.0014320784564257009
1738017480.0,6.37499177708596e-06,6.37499177708596e-06,6.37499177708596e-06,6.37499177708596e-06,0.0,0.0,0.0,-1.0,0.05978580872155335,0.0
1738017540.0,6.37499177708596e-06,6.37499177708596e-06,6.36609461848264e-06,6.36609461848264e-06,0.64638074754,4.117796474419678e-06,-0.0013956345222750118,0.0,0.05978580872155335,0.0013956345222750118
1738017600.0,6.36609461848264e-06,6.36609461848264e-06,6.36609461848264e-06,6.36609461848264e-06,0.0,0.0,0.0,-1.0,0.059702369582959415,0.0
1738017660.0,6.36609461848264e-06,6.36609461848264e-06,6.36609461848264e-06,6.36609461848264e-06,0.0,0.0,0.0,0.0,0.059702369582959415,0.0
1738017720.0,6.36609461848264e-06,6.36609461848264e-06,6.35919664555677e-06,6.35919664555677e-06,0.32477739639,2.0664434825195656e-06,-0.0010835486022848964,0.0,0.059702369582959415,0.0010835486022848964
1738017780.0,6.35919664555677e-06,6.35919664555677e-06,6.35919664555677e-06,6.35919664555677e-06,0.0,0.0,0.0,-1.0,0.0596376791638447,0.0
1738017840.0,6.35919664555677e-06,6.35919664555677e-06,6.35919664555677e-06,6.35919664555677e-06,0.0,0.0,0.0,0.0,0.0596376791638447,0.0
1738017900.0,6.35919664555677e-06,6.35919664555677e-06,6.34297186405769e-06,6.34297186405769e-06,17.46310983354,0.00011090968190376519,-0.002551388548491544,0.0,0.0596376791638447,0.002551388548491544
1738017960.0,6.34297186405769e-06,6.34297186405769e-06,6.34297186405769e-06,6.34297186405769e-06,0.0,0.0,0.0,-1.0,0.059485520272167455,0.0
1738018020.0,6.34297186405769e-06,6.34297186405769e-06,6.34297186405769e-06,6.34297186405769e-06,0.0,0.0,0.0,0.0,0.059485520272167455,0.0
1738018080.0,6.34297186405769e-06,6.34297186405769e-06,6.34297186405769e-06,6.34297186405769e-06,0.0,0.0,0.0,0.0,0.059485520272167455,0.0
1738018140.0,6.34297186405769e-06,6.34297186405769e-06,6.34297186405769e-06,6.34297186405769e-06,0.0,0.0,0.0,0.0,0.059485520272167455,0.0
1738018200.0,6.34297186405769e-06,6.34297186405769e-06,6.34297186405769e-06,6.34297186405769e-06,0.0,0.0,0.0,0.0,0.059485520272167455,0.0
1738018260.0,6.34297186405769e-06,6.34297186405769e-06,6.34297186405769e-06,6.34297186405769e-06,0.0,0.0,0.0,0.0,0.059485520272167455,0.0
1738018320.0,6.34297186405769e-06,6.34297186405769e-06,6.34297186405769e-06,6.34297186405769e-06,0.0,0.0,0.0,0.0,0.059485520272167455,0.0
1738018380.0,6.34297186405769e-06,6.34297186405769e-06,6.34297186405769e-06,6.34297186405769e-06,0.0,0.0,0.0,0.0,0.059485520272167455,0.0
1738018440.0,6.34297186405769e-06,6.34297186405769e-06,6.34297186405769e-06,6.34297186405769e-06,0.0,0.0,0.0,0.0,0.059485520272167455,0.0
1738018500.0,6.34297186405769e-06,6.34297186405769e-06,6.34297186405769e-06,6.34297186405769e-06,0.0,0.0,0.0,0.0,0.059485520272167455,0.0
1738018560.0,6.34297186405769e-06,6.34297186405769e-06,6.34297186405769e-06,6.34297186405769e-06,0.0,0.0,0.0,0.0,0.059485520272167455,0.0
1738018620.0,6.34297186405769e-06,6.34297186405769e-06,6.34297186405769e-06,6.34297186405769e-06,0.0,0.0,0.0,0.0,0.059485520272167455,0.0
1738018680.0,6.34297186405769e-06,6.34297186405769e-06,6.34297186405769e-06,6.34297186405769e-06,0.0,0.0,0.0,0.0,0.059485520272167455,0.0
1738018740.0,6.34297186405769e-06,6.34297186405769e-06,6.34297186405769e-06,6.34297186405769e-06,0.0,0.0,0.0,0.0,0.059485520272167455,0.0
1738018800.0,6.34297186405769e-06,6.34297186405769e-06,6.34297186405769e-06,6.34297186405769e-06,0.0,0.0,0.0,0.0,0.059485520272167455,0.0
1738018860.0,6.34297186405769e-06,6.34297186405769e-06,6.34297186405769e-06,6.34297186405769e-06,0.0,0.0,0.0,0.0,0.059485520272167455,0.0
1738018920.0,6.34297186405769e-06,6.34297186405769e-06,6.34297186405769e-06,6.34297186405769e-06,0.0,0.0,0.0,0.0,0.059485520272167455,0.0
1738018980.0,6.34297186405769e-06,6.34297186405769e-06,6.34297186405769e-06,6.34297186405769e-06,0.0,0.0,0.0,0.0,0.059485520272167455,0.0
1738019040.0,6.34297186405769e-06,6.34297186405769e-06,6.34297186405769e-06,6.34297186405769e-06,0.0,0.0,0.0,0.0,0.059485520272167455,0.0
1738019100.0,6.34297186405769e-06,6.34297186405769e-06,6.34297186405769e-06,6.34297186405769e-06,0.0,0.0,0.0,0.0,0.059485520272167455,0.0
1738019160.0,6.34297186405769e-06,6.34297186405769e-06,6.34297186405769e-06,6.34297186405769e-06,0.0,0.0,0.0,0.0,0.059485520272167455,0.0
1738019220.0,6.34297186405769e-06,6.34297186405769e-06,6.34297186405769e-06,6.34297186405769e-06,0.0,0.0,0.0,0.0,0.059485520272167455,0.0
1738019280.0,6.34297186405769e-06,6.34297186405769e-06,6.34297186405769e-06,6.34297186405769e-06,0.0,0.0,0.0,0.0,0.059485520272167455,0.0
1738019340.0,6.34297186405769e-06,6.34297186405769e-06,6.34297186405769e-06,6.34297186405769e-06,0.0,0.0,0.0,0.0,0.059485520272167455,0.0
1738019400.0,6.34297186405769e-06,6.34297186405769e-06,6.34297186405769e-06,6.34297186405769e-06,0.0,0.0,0.0,0.0,0.059485520272167455,0.0
1738019460.0,6.34297186405769e-06,6.34297186405769e-06,6.34297186405769e-06,6.34297186405769e-06,0.0,0.0,0.0,0.0,0.059485520272167455,0.0
1738019520.0,6.34297186405769e-06,6.34297186405769e-06,6.34297186405769e-06,6.34297186405769e-06,0.0,0.0,0.0,0.0,0.059485520272167455,0.0
1738019580.0,6.34297186405769e-06,6.34297186405769e-06,6.34297186405769e-06,6.34297186405769e-06,0.0,0.0,0.0,0.0,0.059485520272167455,0.0
1738019640.0,6.34297186405769e-06,6.34297186405769e-06,6.34297186405769e-06,6.34297186405769e-06,0.0,0.0,0.0,0.0,0.059485520272167455,0.0
1738019700.0,6.34297186405769e-06,6.34297186405769e-06,6.34297186405769e-06,6.34297186405769e-06,0.0,0.0,0.0,0.0,0.059485520272167455,0.0
1738019760.0,6.34297186405769e-06,6.34297186405769e-06,6.34297186405769e-06,6.34297186405769e-06,0.0,0.0,0.0,0.0,0.059485520272167455,0.0
1738019820.0,6.34297186405769e-06,6.34297186405769e-06,6.34297186405769e-06,6.34297186405769e-06,0.0,0.0,0.0,0.0,0.059485520272167455,0.0
1738019880.0,6.34297186405769e-06,6.34297186405769e-06,6.34297186405769e-06,6.34297186405769e-06,0.0,0.0,0.0,0.0,0.059485520272167455,0.0
1738019940.0,6.34297186405769e-06,6.34297186405769e-06,6.34297186405769e-06,6.34297186405769e-06,0.0,0.0,0.0,0.0,0.059485520272167455,0.0
1738020000.0,6.34297186405769e-06,6.34297186405769e-06,6.34297186405769e-06,6.34297186405769e-06,0.0,0.0,0.0,0.0,0.059485520272167455,0.0
1738020060.0,6.34297186405769e-06,6.34297186405769e-06,6.34297186405769e-06,6.34297186405769e-06,0.0,0.0,0.0,0.0,0.059485520272167455,0.0
1738020120.0,6.34297186405769e-06,6.34297186405769e-06,6.34297186405769e-06,6.34297186405769e-06,0.0,0.0,0.0,0.0,0.059485520272167455,0.0
1738020180.0,6.34297186405769e-06,6.34297186405769e-06,6.34297186405769e-06,6.34297186405769e-06,0.0,0.0,0.0,0.0,0.059485520272167455,0.0
1738020240.0,6.34297186405769e-06,6.34297186405769e-06,6.34297186405769e-06,6.34297186405769e-06,0.0,0.0,0.0,0.0,0.059485520272167455,0.0
1738020300.0,6.34297186405769e-06,6.34297186405769e-06,6.34297186405769e-06,6.34297186405769e-06,0.0,0.0,0.0,0.0,0.059485520272167455,0.0
1738020360.0,6.34297186405769e-06,6.34297186405769e-06,6.34297186405769e-06,6.34297186405769e-06,0.0,0.0,0.0,0.0,0.059485520272167455,0.0
1738020420.0,6.34297186405769e-06,6.34297186405769e-06,6.34297186405769e-06,6.34297186405769e-06,0.0,0.0,0.0,0.0,0.059485520272167455,0.0
1738020480.0,6.34297186405769e-06,6.34297186405769e-06,6.34297186405769e-06,6.34297186405769e-06,0.0,0.0,0.0,0.0,0.059485520272167455,0.0
1738020540.0,6.34297186405769e-06,6.34297186405769e-06,6.34297186405769e-06,6.34297186405769e-06,0.0,0.0,0.0,0.0,0.059485520272167455,0.0
1738020600.0,6.34297186405769e-06,6.34297186405769e-06,6.34297186405769e-06,6.34297186405769e-06,0.0,0.0,0.0,0.0,0.059485520272167455,0.0
1738020660.0,6.34297186405769e-06,6.34297186405769e-06,6.34297186405769e-06,6.34297186405769e-06,0.0,0.0,0.0,0.0,0.059485520272167455,0.0
1738020720.0,6.34297186405769e-06,6.34297186405769e-06,6.34297186405769e-06,6.34297186405769e-06,0.0,0.0,0.0,0.0,0.059485520272167455,0.0
1738020780.0,6.34297186405769e-06,6.34297186405769e-06,6.34297186405769e-06,6.34297186405769e-06,0.0,0.0,0.0,0.0,0.059485520272167455,0.0
1738020840.0,6.34297186405769e-06,6.34297186405769e-06,6.34297186405769e-06,6.34297186405769e-06,0.0,0.0,0.0,0.0,0.059485520272167455,0.0
1738020900.0,6.34297186405769e-06,6.34297186405769e-06,6.34297186405769e-06,6.34297186405769e-06,0.0,0.0,0.0,0.0,0.059485520272167455,0.0
1738020960.0,6.34297186405769e-06,6.34297186405769e-06,6.34297186405769e-06,6.34297186405769e-06,0.0,0.0,0.0,0.0,0.059485520272167455,0.0
1738021020.0,6.34297186405769e-06,6.34297186405769e-06,6.34297186405769e-06,6.34297186405769e-06,0.0,0.0,0.0,0.0,0.059485520272167455,0.0
