0,1,2,3,4,5
1734487260.0,7.77835568560857e-05,0.0001013663823839,5.83978459143512e-05,7.40062284578307e-05,12211.87711537571
1734487320.0,7.40062284578307e-05,7.40062284578307e-05,4.31013374625413e-05,5.54889635348936e-05,20710.85835801395
1734487380.0,5.54889635348936e-05,5.58192195602674e-05,2.66796781141821e-05,5.11686290487398e-05,13458.26162557936
1734487440.0,5.11686290487398e-05,5.18587839477372e-05,2.5641768435345e-05,3.03539649686994e-05,9315.93797262075
1734487500.0,3.03539649686994e-05,3.45613015237753e-05,2.64304993821667e-05,3.06262800498394e-05,6221.99301903942
1734487560.0,3.06262800498394e-05,3.9276722325359e-05,2.93248487642417e-05,3.11867991590198e-05,9052.85859714999
1734487620.0,3.11867991590198e-05,4.28842815654736e-05,3.11867991590198e-05,4.27718121172704e-05,3261.66607994645
1734487680.0,4.27718121172704e-05,4.27718121172704e-05,3.62342708072902e-05,3.82922425718698e-05,4322.50066230308
1734487740.0,3.82922425718698e-05,3.84557262875419e-05,3.264490277243e-05,3.33615199438151e-05,3304.17337661097
1734487800.0,3.33615199438151e-05,4.01117753233681e-05,3.33615199438151e-05,3.9803080584056e-05,2013.23937242898
1734487860.0,3.9803080584056e-05,4.43861043695912e-05,3.95302740024289e-05,4.03623652107735e-05,2087.94758608422
1734487920.0,4.03623652107735e-05,4.03623652107735e-05,3.14421282080752e-05,3.89839499449045e-05,3555.1111162181
1734487980.0,3.89839499449045e-05,4.21275137359544e-05,3.34944577181662e-05,4.19005771424261e-05,2910.22322639091
1734488040.0,4.19005771424261e-05,4.37100192629431e-05,3.64793155688925e-05,3.64793155688925e-05,5501.06595384303
1734488100.0,3.64793155688925e-05,3.82644133970141e-05,3.20147975532813e-05,3.29807554237437e-05,1731.0490376518
1734488160.0,3.29807554237437e-05,3.66605561083673e-05,3.28929301671718e-05,3.66605561083673e-05,2700.80221913668
1734488220.0,3.66605561083673e-05,3.75470153332501e-05,3.41636756644357e-05,3.75470153332501e-05,853.9715391357
1734488280.0,3.75470153332501e-05,3.75470153332501e-05,3.48467221649907e-05,3.51412848560878e-05,740.88153802944
1734488340.0,3.51412848560878e-05,4.23440062321485e-05,3.51412848560878e-05,4.21689869947397e-05,1419.43870668392
1734488400.0,4.21689869947397e-05,4.21689869947397e-05,3.44756005902394e-05,3.73682609990129e-05,1876.54490905598
1734488460.0,3.73682609990129e-05,3.88104848408884e-05,3.49970681225825e-05,3.49970681225825e-05,1037.59711105824
1734488520.0,3.49970681225825e-05,3.64447952015773e-05,3.49970681225825e-05,3.63162938318677e-05,309.93862716164
1734488580.0,3.63162938318677e-05,3.93035845635872e-05,2.40257596580318e-05,2.45907297725287e-05,7973.59051861183
1734488640.0,2.45907297725287e-05,2.45907297725287e-05,1.32465816316173e-05,1.43789892005403e-05,3704.72985590445
1734488700.0,1.43789892005403e-05,1.68350693979878e-05,1.43789892005403e-05,1.52724086605823e-05,2277.92329341867
1734488760.0,1.52724086605823e-05,1.81754835457359e-05,1.52724086605823e-05,1.69009030383212e-05,1767.3126437201
1734488820.0,1.69009030383212e-05,1.69009030383212e-05,1.54193019171014e-05,1.54193019171014e-05,492.985784375
1734488880.0,1.54193019171014e-05,1.66445537516309e-05,1.54193019171014e-05,1.66445537516309e-05,448.0789392463
1734488940.0,1.66445537516309e-05,1.68254975850375e-05,1.6284822642492e-05,1.6284822642492e-05,321.71934091349
1734489000.0,1.6284822642492e-05,1.63102312509196e-05,1.57402490324047e-05,1.57946988490287e-05,159.26690819996
1734489060.0,1.57946988490287e-05,1.57946988490287e-05,1.50020863138223e-05,1.50020863138223e-05,179.57150530765
1734489120.0,1.50020863138223e-05,2.00486070600363e-05,1.48977630269028e-05,2.00486070600363e-05,1536.18329470398
1734489180.0,2.00486070600363e-05,2.06020641158907e-05,1.9944863652894e-05,1.9944863652894e-05,286.40251913514
1734489240.0,1.9944863652894e-05,1.9944863652894e-05,1.54243689772052e-05,1.62244576344945e-05,1294.21219050938
1734489300.0,1.62244576344945e-05,1.66509757406657e-05,1.49041539106547e-05,1.49041539106547e-05,1091.10137159667
1734489360.0,1.49041539106547e-05,1.94364823154357e-05,1.48156117513853e-05,1.4893304502305e-05,2190.82333222007
1734489420.0,1.4893304502305e-05,1.876499909573e-05,1.4893304502305e-05,1.876499909573e-05,986.97289688554
1734489480.0,1.876499909573e-05,1.876499909573e-05,1.79342634552991e-05,1.8022232163788e-05,53.48203685256
1734489540.0,1.8022232163788e-05,1.8022232163788e-05,1.78261043340267e-05,1.79436620881347e-05,70.07392284292
1734489600.0,1.79436620881347e-05,1.79436620881347e-05,1.62349783494857e-05,1.62349783494857e-05,383.28507121799
1734489660.0,1.62349783494857e-05,1.62349783494857e-05,1.25075671494908e-05,1.25075671494908e-05,952.2403363981
1734489720.0,1.25075671494908e-05,1.27594972723335e-05,1.25075671494908e-05,1.26039906118187e-05,197.17992415063
1734489780.0,1.26039906118187e-05,1.26039906118187e-05,1.11048384207273e-05,1.11048384207273e-05,510.08316234233
1734489840.0,1.11048384207273e-05,1.11048384207273e-05,9.1983951100481e-06,9.1983951100481e-06,510.75593928992
1734489900.0,9.1983951100481e-06,1.1160648070844e-05,9.1983951100481e-06,1.09655643376117e-05,734.63558484307
1734489960.0,1.09655643376117e-05,1.11923988767836e-05,1.07753149779289e-05,1.11923988767836e-05,260.55063624073
1734490020.0,1.11923988767836e-05,1.18943712761753e-05,1.11923988767836e-05,1.18943712761753e-05,109.775
1734490080.0,1.18943712761753e-05,1.4559999596674e-05,1.18943712761753e-05,1.36696496852889e-05,1130.25296590542
1734490140.0,1.36696496852889e-05,1.36696496852889e-05,1.293392361603e-05,1.33930995804479e-05,237.602379
1734490200.0,1.33930995804479e-05,1.46080656097187e-05,1.33930995804479e-05,1.46080656097187e-05,227.08165791571
1734490260.0,1.46080656097187e-05,1.49113089584435e-05,1.46080656097187e-05,1.49113089584435e-05,101.22934646136
1734490320.0,1.49113089584435e-05,1.49113089584435e-05,1.3887135036075e-05,1.3887135036075e-05,267.52400707179
1734490380.0,1.3887135036075e-05,1.3887135036075e-05,1.2356469592307e-05,1.2356469592307e-05,476.127787215
1734490440.0,1.2356469592307e-05,1.2356469592307e-05,1.2025017747328e-05,1.20802056536794e-05,26.8460505195
1734490500.0,1.20802056536794e-05,1.32664398586363e-05,1.20802056536794e-05,1.32664398586363e-05,394.31897527685
1734490560.0,1.32664398586363e-05,1.33647667631443e-05,1.32664398586363e-05,1.33647667631443e-05,10.9405
1734490620.0,1.33647667631443e-05,1.33967683424779e-05,1.33647667631443e-05,1.33967683424779e-05,5.53833266826
1734490680.0,1.33967683424779e-05,1.34318400115588e-05,1.33967683424779e-05,1.34318400115588e-05,10.944
1734490740.0,1.34318400115588e-05,1.34318400115588e-05,1.33021389310739e-05,1.33021389310739e-05,43.2377638343
1734490800.0,1.33021389310739e-05,1.33021389310739e-05,1.33021389310739e-05,1.33021389310739e-05,0.0
1734490860.0,1.33021389310739e-05,1.36943026350414e-05,1.33021389310739e-05,1.36943026350414e-05,218.75
1734490920.0,1.36943026350414e-05,1.39446294967369e-05,1.36943026350414e-05,1.39446294967369e-05,50.9078302449
1734490980.0,1.39446294967369e-05,1.41280477060099e-05,1.39446294967369e-05,1.41280477060099e-05,109.315
1734491040.0,1.41280477060099e-05,1.41280477060099e-05,1.41280477060099e-05,1.41280477060099e-05,0.0
1734491100.0,1.41280477060099e-05,1.41830475454334e-05,1.41280477060099e-05,1.41383952958041e-05,22.8057160419
1734491160.0,1.41383952958041e-05,1.42364254893827e-05,1.41383952958041e-05,1.42364254893827e-05,35.2604030742
1734491220.0,1.42364254893827e-05,1.42364254893827e-05,1.42077448204051e-05,1.42077448204051e-05,13.30473329425
1734491280.0,1.42077448204051e-05,1.42077448204051e-05,1.42077448204051e-05,1.42077448204051e-05,0.0
1734491340.0,1.42077448204051e-05,1.42077448204051e-05,1.42077448204051e-05,1.42077448204051e-05,0.0
1734491400.0,1.42077448204051e-05,1.42077448204051e-05,1.42077448204051e-05,1.42077448204051e-05,0.0
1734491460.0,1.42077448204051e-05,1.42077448204051e-05,1.42077448204051e-05,1.42077448204051e-05,0.0
1734491520.0,1.42077448204051e-05,1.42077448204051e-05,1.41152761395502e-05,1.41152761395502e-05,8.38828538208
1734491580.0,1.41152761395502e-05,1.41152761395502e-05,1.17312603122686e-05,1.17312603122686e-05,1302.1928939562
1734491640.0,1.17312603122686e-05,1.20622884757627e-05,1.15261855892933e-05,1.15261855892933e-05,347.77139789707
1734491700.0,1.15261855892933e-05,1.15261855892933e-05,1.00284557278462e-05,1.04710934545018e-05,821.58851020937
1734491760.0,1.04710934545018e-05,1.04710934545018e-05,1.03494340937018e-05,1.03892480611824e-05,41.02773692687
1734491820.0,1.03892480611824e-05,1.03892480611824e-05,1.02911286720263e-05,1.02911286720263e-05,56.8528077845
1734491880.0,1.02911286720263e-05,1.02911286720263e-05,1.02911286720263e-05,1.02911286720263e-05,0.0
1734491940.0,1.02911286720263e-05,1.02911286720263e-05,9.65909629742468e-06,9.65909629742468e-06,358.72070876622
1734492000.0,9.65909629742468e-06,9.65909629742468e-06,9.012486472725e-06,9.012486472725e-06,58.9330593955
1734492060.0,9.012486472725e-06,9.012486472725e-06,8.89192316941922e-06,8.89192316941922e-06,20.81952283294
1734492120.0,8.89192316941922e-06,8.89192316941922e-06,8.82732589344049e-06,8.82732589344049e-06,11.73995043939
1734492180.0,8.82732589344049e-06,9.88639301860708e-06,8.82732589344049e-06,9.88639301860708e-06,654.84
1734492240.0,9.88639301860708e-06,1.12264881606307e-05,9.88639301860708e-06,1.12264881606307e-05,115.7626
1734492300.0,1.12264881606307e-05,1.15455740354881e-05,1.12264881606307e-05,1.15455740354881e-05,43.46558
1734492360.0,1.15455740354881e-05,1.57006894333841e-05,1.15455740354881e-05,1.25441904202702e-05,1750.53730698796
1734492420.0,1.25441904202702e-05,1.2660028310561e-05,1.25441904202702e-05,1.2660028310561e-05,43.22736
1734492480.0,1.2660028310561e-05,1.34437314296016e-05,1.2660028310561e-05,1.34437314296016e-05,352.26530476552
1734492540.0,1.34437314296016e-05,1.34437314296016e-05,1.31371624664756e-05,1.31371624664756e-05,97.59880107312
1734492600.0,1.31371624664756e-05,1.32241568434411e-05,1.31371624664756e-05,1.32241568434411e-05,32.751
1734492660.0,1.32241568434411e-05,1.41445573496204e-05,1.32241568434411e-05,1.40877869811742e-05,228.03834865712
1734492720.0,1.40877869811742e-05,1.41468462330501e-05,1.37208192820748e-05,1.37208192820748e-05,216.71908188255
1734492780.0,1.37208192820748e-05,1.37208192820748e-05,1.29608268589365e-05,1.29608268589365e-05,163.52632938659
1734492840.0,1.29608268589365e-05,1.29608268589365e-05,1.29608268589365e-05,1.29608268589365e-05,0.0
1734492900.0,1.29608268589365e-05,1.29608268589365e-05,1.29608268589365e-05,1.29608268589365e-05,0.0
1734492960.0,1.29608268589365e-05,1.29608268589365e-05,1.29608268589365e-05,1.29608268589365e-05,0.0
1734493020.0,1.29608268589365e-05,1.29608268589365e-05,1.29548549499994e-05,1.29548549499994e-05,6.7262983582
1734493080.0,1.29548549499994e-05,1.29548549499994e-05,1.29272176154942e-05,1.29272176154942e-05,10.129166139
1734493140.0,1.29272176154942e-05,1.29272176154942e-05,1.29272176154942e-05,1.29272176154942e-05,0.0
1734493200.0,1.29272176154942e-05,1.29272176154942e-05,1.29272176154942e-05,1.29272176154942e-05,0.0
1734493260.0,1.29272176154942e-05,1.29272176154942e-05,1.29272176154942e-05,1.29272176154942e-05,0.0
1734493320.0,1.29272176154942e-05,1.29272176154942e-05,1.29272176154942e-05,1.29272176154942e-05,0.0
1734493380.0,1.29272176154942e-05,1.29366876842742e-05,1.2876938177128e-05,1.2876938177128e-05,3.93088196117
1734493440.0,1.2876938177128e-05,1.2876938177128e-05,1.2876938177128e-05,1.2876938177128e-05,0.0
1734493500.0,1.2876938177128e-05,1.2876938177128e-05,1.2876938177128e-05,1.2876938177128e-05,0.0
1734493560.0,1.2876938177128e-05,1.2876938177128e-05,1.28078448230067e-05,1.28688807380205e-05,45.72367322496
1734493620.0,1.28688807380205e-05,1.28688807380205e-05,1.28688807380205e-05,1.28688807380205e-05,0.0
1734493680.0,1.28688807380205e-05,1.34433099760764e-05,1.28688807380205e-05,1.34092764626167e-05,183.11952991018
1734493740.0,1.34092764626167e-05,1.34092764626167e-05,1.33842143716199e-05,1.33842143716199e-05,10.90519556196
1734493800.0,1.33842143716199e-05,1.33842143716199e-05,1.33842143716199e-05,1.33842143716199e-05,0.0
1734493860.0,1.33842143716199e-05,1.34653371510771e-05,1.33842143716199e-05,1.34653371510771e-05,19.5651
1734493920.0,1.34653371510771e-05,1.34653371510771e-05,1.34500733268851e-05,1.34500733268851e-05,10.47292033536
1734493980.0,1.34500733268851e-05,1.34500733268851e-05,1.34500733268851e-05,1.34500733268851e-05,0.0
1734494040.0,1.34500733268851e-05,1.34500733268851e-05,1.33971140278723e-05,1.33971140278723e-05,21.1308258514
1734494100.0,1.33971140278723e-05,1.33971140278723e-05,1.33971140278723e-05,1.33971140278723e-05,0.0
1734494160.0,1.33971140278723e-05,1.33971140278723e-05,1.33971140278723e-05,1.33971140278723e-05,0.0
1734494220.0,1.33971140278723e-05,1.33971140278723e-05,1.33971140278723e-05,1.33971140278723e-05,0.0
1734494280.0,1.33971140278723e-05,1.41693876235839e-05,1.33971140278723e-05,1.41693876235839e-05,240.73259266033
1734494340.0,1.41693876235839e-05,1.42038501787415e-05,1.41693876235839e-05,1.42038501787415e-05,4.356
1734494400.0,1.42038501787415e-05,1.42337723076105e-05,1.42038501787415e-05,1.42337723076105e-05,10.89
1734494460.0,1.42337723076105e-05,1.46830106793931e-05,1.40562009136192e-05,1.40562009136192e-05,476.45158924276
1734494520.0,1.40562009136192e-05,1.4350283392021e-05,1.40562009136192e-05,1.40563411018202e-05,167.90382968155
1734494580.0,1.40563411018202e-05,1.41579718938986e-05,1.40041485032146e-05,1.41579718938986e-05,49.67625696986
1734494640.0,1.41579718938986e-05,1.5435532369035e-05,1.41577322703867e-05,1.5435532369035e-05,528.5341557764
1734494700.0,1.5435532369035e-05,1.61550157026035e-05,1.5435532369035e-05,1.61550157026035e-05,54.68535750119
1734494760.0,1.61550157026035e-05,1.61550157026035e-05,1.61550157026035e-05,1.61550157026035e-05,0.0
1734494820.0,1.61550157026035e-05,1.61550157026035e-05,1.51506345390189e-05,1.51506345390189e-05,425.42024887167
1734494880.0,1.51506345390189e-05,1.51506345390189e-05,1.51506345390189e-05,1.51506345390189e-05,0.0
1734494940.0,1.51506345390189e-05,1.51506345390189e-05,1.51506345390189e-05,1.51506345390189e-05,0.0
1734495000.0,1.51506345390189e-05,1.51506345390189e-05,1.29222963090268e-05,1.29222963090268e-05,661.98626244135
1734495060.0,1.29222963090268e-05,1.29222963090268e-05,1.19438344394294e-05,1.19438344394294e-05,26.0508
1734495120.0,1.19438344394294e-05,1.19438344394294e-05,1.18972590814381e-05,1.18972590814381e-05,20.6195077824
1734495180.0,1.18972590814381e-05,1.18972590814381e-05,1.18179354559713e-05,1.18179354559713e-05,25.68805467558
1734495240.0,1.18179354559713e-05,1.18179354559713e-05,1.18179354559713e-05,1.18179354559713e-05,0.0
1734495300.0,1.18179354559713e-05,1.18179354559713e-05,1.16994752190774e-05,1.16994752190774e-05,39.9475747368
1734495360.0,1.16994752190774e-05,1.16994752190774e-05,1.16994752190774e-05,1.16994752190774e-05,0.0
1734495420.0,1.16994752190774e-05,1.18019837590778e-05,1.16994752190774e-05,1.18019837590778e-05,43.436
1734495480.0,1.18019837590778e-05,1.18019837590778e-05,1.18019837590778e-05,1.18019837590778e-05,0.0
1734495540.0,1.18019837590778e-05,1.18019837590778e-05,1.18019837590778e-05,1.18019837590778e-05,0.0
1734495600.0,1.18019837590778e-05,1.18019837590778e-05,1.16342655014909e-05,1.16342655014909e-05,86.5226610265
1734495660.0,1.16342655014909e-05,1.16342655014909e-05,1.02811077144481e-05,1.02811077144481e-05,680.98451710933
1734495720.0,1.02811077144481e-05,1.02811077144481e-05,9.00726732957065e-06,9.00726732957065e-06,69.79144906786
1734495780.0,9.00726732957065e-06,9.11778945551193e-06,9.00726732957065e-06,9.11778945551193e-06,65.106
1734495840.0,9.11778945551193e-06,9.15862295808005e-06,9.11778945551193e-06,9.15862295808005e-06,6.34313932773
1734495900.0,9.15862295808005e-06,9.15862295808005e-06,9.1355925478771e-06,9.1355925478771e-06,6.3811745616
1734495960.0,9.1355925478771e-06,9.1355925478771e-06,9.11436442981005e-06,9.11436442981005e-06,5.4834938238
1734496020.0,9.11436442981005e-06,9.11436442981005e-06,9.11436442981005e-06,9.11436442981005e-06,0.0
1734496080.0,9.11436442981005e-06,9.11436442981005e-06,9.11436442981005e-06,9.11436442981005e-06,0.0
1734496140.0,9.11436442981005e-06,9.11436442981005e-06,9.05969465610892e-06,9.05969465610892e-06,17.2436899694
1734496200.0,9.05969465610892e-06,9.05969465610892e-06,9.02948844652532e-06,9.02948844652532e-06,0.0123126479
1734496260.0,9.02948844652532e-06,9.02948844652532e-06,9.02948844652532e-06,9.02948844652532e-06,0.0
1734496320.0,9.02948844652532e-06,9.02948844652532e-06,8.98521375871783e-06,8.98521375871783e-06,35.7825750695
1734496380.0,8.98521375871783e-06,8.98521375871783e-06,8.98521375871783e-06,8.98521375871783e-06,0.0
1734496440.0,8.98521375871783e-06,8.98521375871783e-06,8.98521375871783e-06,8.98521375871783e-06,0.0
1734496500.0,8.98521375871783e-06,8.98521375871783e-06,8.98521375871783e-06,8.98521375871783e-06,0.0
1734496560.0,8.98521375871783e-06,8.98521375871783e-06,8.98521375871783e-06,8.98521375871783e-06,0.0
1734496620.0,8.98521375871783e-06,8.98521375871783e-06,8.98521375871783e-06,8.98521375871783e-06,0.0
1734496680.0,8.98521375871783e-06,8.98521375871783e-06,8.98521375871783e-06,8.98521375871783e-06,0.0
1734496740.0,8.98521375871783e-06,9.07881278441847e-06,8.98521375871783e-06,9.07881278441847e-06,85.58628
1734496800.0,9.07881278441847e-06,9.07881278441847e-06,9.07881278441847e-06,9.07881278441847e-06,0.0
1734496860.0,9.07881278441847e-06,1.02398661056104e-05,9.07881278441847e-06,1.02398661056104e-05,647.31
1734496920.0,1.02398661056104e-05,1.02398661056104e-05,1.02398661056104e-05,1.02398661056104e-05,0.0
1734496980.0,1.02398661056104e-05,1.02398661056104e-05,1.02398661056104e-05,1.02398661056104e-05,0.0
1734497040.0,1.02398661056104e-05,1.02398661056104e-05,1.02398661056104e-05,1.02398661056104e-05,0.0
1734497100.0,1.02398661056104e-05,1.02398661056104e-05,1.02398661056104e-05,1.02398661056104e-05,0.0
1734497160.0,1.02398661056104e-05,1.02398661056104e-05,1.02398661056104e-05,1.02398661056104e-05,0.0
1734497220.0,1.02398661056104e-05,1.02398661056104e-05,1.02398661056104e-05,1.02398661056104e-05,0.0
1734497280.0,1.02398661056104e-05,1.02398661056104e-05,1.02398661056104e-05,1.02398661056104e-05,0.0
1734497340.0,1.02398661056104e-05,1.02398661056104e-05,1.02398661056104e-05,1.02398661056104e-05,0.0
1734497400.0,1.02398661056104e-05,1.02398661056104e-05,1.02398661056104e-05,1.02398661056104e-05,0.0
1734497460.0,1.02398661056104e-05,1.12529950033757e-05,1.02398661056104e-05,1.12529950033757e-05,45.7001333392
1734497520.0,1.12529950033757e-05,1.12529950033757e-05,1.12529950033757e-05,1.12529950033757e-05,0.0
1734497580.0,1.12529950033757e-05,1.12529950033757e-05,1.12529950033757e-05,1.12529950033757e-05,0.0
1734497640.0,1.12529950033757e-05,1.12529950033757e-05,1.12529950033757e-05,1.12529950033757e-05,0.0
1734497700.0,1.12529950033757e-05,1.12529950033757e-05,1.12529950033757e-05,1.12529950033757e-05,0.0
1734497760.0,1.12529950033757e-05,1.12529950033757e-05,1.12529950033757e-05,1.12529950033757e-05,0.0
1734497820.0,1.12529950033757e-05,1.12529950033757e-05,1.12529950033757e-05,1.12529950033757e-05,0.0
1734497880.0,1.12529950033757e-05,1.12529950033757e-05,1.10895261353973e-05,1.10895261353973e-05,68.31414248032
1734497940.0,1.10895261353973e-05,1.10895261353973e-05,1.08401670281125e-05,1.08401670281125e-05,77.40471722624
1734498000.0,1.08401670281125e-05,1.08401670281125e-05,1.06982535394762e-05,1.06982535394762e-05,8.79813588075
1734498060.0,1.06982535394762e-05,1.06982535394762e-05,1.06982535394762e-05,1.06982535394762e-05,0.0
1734498120.0,1.06982535394762e-05,1.06982535394762e-05,1.06982535394762e-05,1.06982535394762e-05,0.0
1734498180.0,1.06982535394762e-05,1.06982535394762e-05,1.06982535394762e-05,1.06982535394762e-05,0.0
1734498240.0,1.06982535394762e-05,1.06982535394762e-05,1.06982535394762e-05,1.06982535394762e-05,0.0
1734498300.0,1.06982535394762e-05,1.06982535394762e-05,1.06982535394762e-05,1.06982535394762e-05,0.0
1734498360.0,1.06982535394762e-05,1.06982535394762e-05,1.06982535394762e-05,1.06982535394762e-05,0.0
1734498420.0,1.06982535394762e-05,1.06982535394762e-05,1.06982535394762e-05,1.06982535394762e-05,0.0
1734498480.0,1.06982535394762e-05,1.06982535394762e-05,1.06982535394762e-05,1.06982535394762e-05,0.0
1734498540.0,1.06982535394762e-05,1.06982535394762e-05,1.06982535394762e-05,1.06982535394762e-05,0.0
1734498600.0,1.06982535394762e-05,1.20030474536679e-05,1.06982535394762e-05,1.20030474536679e-05,407.032418
1734498660.0,1.20030474536679e-05,1.2314619241629e-05,1.20030474536679e-05,1.2314619241629e-05,45.00288
1734498720.0,1.2314619241629e-05,1.2314619241629e-05,1.20863348435725e-05,1.20863348435725e-05,93.51735787692
1734498780.0,1.20863348435725e-05,1.20863348435725e-05,1.20863348435725e-05,1.20863348435725e-05,0.0
1734498840.0,1.20863348435725e-05,1.20863348435725e-05,1.20074988612059e-05,1.20678294727587e-05,25.16434224222
1734498900.0,1.20678294727587e-05,1.20924794015539e-05,1.20678294727587e-05,1.20924794015539e-05,2.1672
1734498960.0,1.20924794015539e-05,1.20924794015539e-05,1.20924794015539e-05,1.20924794015539e-05,0.0
1734499020.0,1.20924794015539e-05,1.20924794015539e-05,1.20924794015539e-05,1.20924794015539e-05,0.0
1734499080.0,1.20924794015539e-05,1.22665159133757e-05,1.20924794015539e-05,1.22665159133757e-05,86.78
1734499140.0,1.22665159133757e-05,1.22665159133757e-05,1.22665159133757e-05,1.22665159133757e-05,0.0
1734499200.0,1.22665159133757e-05,1.22665159133757e-05,1.22665159133757e-05,1.22665159133757e-05,0.0
1734499260.0,1.22665159133757e-05,1.22665159133757e-05,1.22665159133757e-05,1.22665159133757e-05,0.0
1734499320.0,1.22665159133757e-05,1.22665159133757e-05,1.22665159133757e-05,1.22665159133757e-05,0.0
1734499380.0,1.22665159133757e-05,1.22665159133757e-05,1.22665159133757e-05,1.22665159133757e-05,0.0
1734499440.0,1.22665159133757e-05,1.22665159133757e-05,1.22665159133757e-05,1.22665159133757e-05,0.0
1734499500.0,1.22665159133757e-05,1.22665159133757e-05,1.22665159133757e-05,1.22665159133757e-05,0.0
1734499560.0,1.22665159133757e-05,1.22665159133757e-05,1.22665159133757e-05,1.22665159133757e-05,0.0
1734499620.0,1.22665159133757e-05,1.22665159133757e-05,1.22665159133757e-05,1.22665159133757e-05,0.0
1734499680.0,1.22665159133757e-05,1.22665159133757e-05,1.22665159133757e-05,1.22665159133757e-05,0.0
1734499740.0,1.22665159133757e-05,1.24572293802715e-05,1.22665159133757e-05,1.24572293802715e-05,2.30296099428
1734499800.0,1.24572293802715e-05,1.24572293802715e-05,1.24572293802715e-05,1.24572293802715e-05,0.0
1734499860.0,1.24572293802715e-05,1.24572293802715e-05,1.24572293802715e-05,1.24572293802715e-05,0.0
1734499920.0,1.24572293802715e-05,1.24572293802715e-05,1.24572293802715e-05,1.24572293802715e-05,0.0
1734499980.0,1.24572293802715e-05,1.24572293802715e-05,1.24572293802715e-05,1.24572293802715e-05,0.0
1734500040.0,1.24572293802715e-05,1.24572293802715e-05,1.24572293802715e-05,1.24572293802715e-05,0.0
1734500100.0,1.24572293802715e-05,1.24572293802715e-05,1.24572293802715e-05,1.24572293802715e-05,0.0
1734500160.0,1.24572293802715e-05,1.24572293802715e-05,1.24572293802715e-05,1.24572293802715e-05,0.0
1734500220.0,1.24572293802715e-05,1.24572293802715e-05,1.24572293802715e-05,1.24572293802715e-05,0.0
1734500280.0,1.24572293802715e-05,1.24572293802715e-05,1.24572293802715e-05,1.24572293802715e-05,0.0
1734500340.0,1.24572293802715e-05,1.24572293802715e-05,1.24572293802715e-05,1.24572293802715e-05,0.0
1734500400.0,1.24572293802715e-05,1.24572293802715e-05,1.24572293802715e-05,1.24572293802715e-05,0.0
1734500460.0,1.24572293802715e-05,1.24572293802715e-05,1.24572293802715e-05,1.24572293802715e-05,0.0
1734500520.0,1.24572293802715e-05,1.24572293802715e-05,1.24572293802715e-05,1.24572293802715e-05,0.0
1734500580.0,1.24572293802715e-05,1.24572293802715e-05,1.24572293802715e-05,1.24572293802715e-05,0.0
1734500640.0,1.24572293802715e-05,1.24572293802715e-05,1.24572293802715e-05,1.24572293802715e-05,0.0
1734500700.0,1.24572293802715e-05,1.24572293802715e-05,1.23443187322962e-05,1.23443187322962e-05,1.83534855458
1734500760.0,1.23443187322962e-05,1.23443187322962e-05,1.23443187322962e-05,1.23443187322962e-05,0.0
1734500820.0,1.23443187322962e-05,1.23443187322962e-05,1.10692830278395e-05,1.10692830278395e-05,699.7413367373
1734500880.0,1.10692830278395e-05,1.10692830278395e-05,1.10692830278395e-05,1.10692830278395e-05,0.0
1734500940.0,1.10692830278395e-05,1.10692830278395e-05,1.10692830278395e-05,1.10692830278395e-05,0.0
1734501000.0,1.10692830278395e-05,1.10692830278395e-05,1.10692830278395e-05,1.10692830278395e-05,0.0
1734501060.0,1.10692830278395e-05,1.10692830278395e-05,9.80699977849047e-06,9.80699977849047e-06,61.40974069231
1734501120.0,9.80699977849047e-06,9.80699977849047e-06,9.80699977849047e-06,9.80699977849047e-06,0.0
1734501180.0,9.80699977849047e-06,9.80699977849047e-06,9.80699977849047e-06,9.80699977849047e-06,0.0
1734501240.0,9.80699977849047e-06,9.80699977849047e-06,9.80699977849047e-06,9.80699977849047e-06,0.0
1734501300.0,9.80699977849047e-06,9.80699977849047e-06,9.67865324959264e-06,9.67865324959264e-06,0.04446886768
1734501360.0,9.67865324959264e-06,9.67865324959264e-06,9.11953549999714e-06,9.11953549999714e-06,260.8975944393
1734501420.0,9.11953549999714e-06,9.11953549999714e-06,9.11953549999714e-06,9.11953549999714e-06,0.0
1734501480.0,9.11953549999714e-06,9.11953549999714e-06,8.8352290253556e-06,8.8352290253556e-06,3.3694829444
1734501540.0,8.8352290253556e-06,8.8352290253556e-06,8.8352290253556e-06,8.8352290253556e-06,0.0
1734501600.0,8.8352290253556e-06,8.8352290253556e-06,8.8352290253556e-06,8.8352290253556e-06,0.0
1734501660.0,8.8352290253556e-06,8.8352290253556e-06,8.8352290253556e-06,8.8352290253556e-06,0.0
1734501720.0,8.8352290253556e-06,8.8352290253556e-06,8.8352290253556e-06,8.8352290253556e-06,0.0
1734501780.0,8.8352290253556e-06,8.8352290253556e-06,8.8292240326592e-06,8.8292240326592e-06,4.97729112606
1734501840.0,8.8292240326592e-06,8.8292240326592e-06,8.8292240326592e-06,8.8292240326592e-06,0.0
1734501900.0,8.8292240326592e-06,8.8292240326592e-06,8.63376286389736e-06,8.63376286389736e-06,96.74253497898
1734501960.0,8.63376286389736e-06,8.63376286389736e-06,8.63376286389736e-06,8.63376286389736e-06,0.0
1734502020.0,8.63376286389736e-06,8.63376286389736e-06,8.63376286389736e-06,8.63376286389736e-06,0.0
1734502080.0,8.63376286389736e-06,8.63376286389736e-06,8.63376286389736e-06,8.63376286389736e-06,0.0
1734502140.0,8.63376286389736e-06,8.63376286389736e-06,8.63376286389736e-06,8.63376286389736e-06,0.0
1734502200.0,8.63376286389736e-06,8.63376286389736e-06,8.63376286389736e-06,8.63376286389736e-06,0.0
1734502260.0,8.63376286389736e-06,8.63376286389736e-06,8.63376286389736e-06,8.63376286389736e-06,0.0
1734502320.0,8.63376286389736e-06,8.63376286389736e-06,8.63376286389736e-06,8.63376286389736e-06,0.0
1734502380.0,8.63376286389736e-06,8.63376286389736e-06,8.63376286389736e-06,8.63376286389736e-06,0.0
1734502440.0,8.63376286389736e-06,8.63376286389736e-06,8.52008549727409e-06,8.52008549727409e-06,2.52330435778
1734502500.0,8.52008549727409e-06,8.52008549727409e-06,8.52008549727409e-06,8.52008549727409e-06,0.0
1734502560.0,8.52008549727409e-06,8.52008549727409e-06,8.48459990873479e-06,8.48459990873479e-06,30.090513245
1734502620.0,8.48459990873479e-06,8.48459990873479e-06,8.48459990873479e-06,8.48459990873479e-06,0.0
1734502680.0,8.48459990873479e-06,8.48459990873479e-06,8.48459990873479e-06,8.48459990873479e-06,0.0
1734502740.0,8.48459990873479e-06,8.48459990873479e-06,8.48459990873479e-06,8.48459990873479e-06,0.0
1734502800.0,8.48459990873479e-06,8.48459990873479e-06,8.48459990873479e-06,8.48459990873479e-06,0.0
1734502860.0,8.48459990873479e-06,8.48459990873479e-06,8.48459990873479e-06,8.48459990873479e-06,0.0
1734502920.0,8.48459990873479e-06,8.48459990873479e-06,8.42187665925376e-06,8.42187665925376e-06,4.53397592362
1734502980.0,8.42187665925376e-06,8.42187665925376e-06,8.42187665925376e-06,8.42187665925376e-06,0.0
1734503040.0,8.42187665925376e-06,8.42187665925376e-06,8.42187665925376e-06,8.42187665925376e-06,0.0
1734503100.0,8.42187665925376e-06,8.42187665925376e-06,8.42187665925376e-06,8.42187665925376e-06,0.0
1734503160.0,8.42187665925376e-06,8.42187665925376e-06,8.42187665925376e-06,8.42187665925376e-06,0.0
1734503220.0,8.42187665925376e-06,8.42187665925376e-06,8.42187665925376e-06,8.42187665925376e-06,0.0
1734503280.0,8.42187665925376e-06,8.42187665925376e-06,8.42187665925376e-06,8.42187665925376e-06,0.0
1734503340.0,8.42187665925376e-06,8.42187665925376e-06,8.40020736534141e-06,8.40020736534141e-06,23.66972944932
1734503400.0,8.40020736534141e-06,8.40020736534141e-06,8.40020736534141e-06,8.40020736534141e-06,0.0
1734503460.0,8.40020736534141e-06,8.40020736534141e-06,8.40020736534141e-06,8.40020736534141e-06,0.0
1734503520.0,8.40020736534141e-06,8.40020736534141e-06,8.28060919507133e-06,8.28060919507133e-06,34.33493958264
1734503580.0,8.28060919507133e-06,8.28060919507133e-06,8.28060919507133e-06,8.28060919507133e-06,0.0
1734503640.0,8.28060919507133e-06,8.28060919507133e-06,8.28060919507133e-06,8.28060919507133e-06,0.0
1734503700.0,8.28060919507133e-06,8.28060919507133e-06,8.28060919507133e-06,8.28060919507133e-06,0.0
1734503760.0,8.28060919507133e-06,8.28060919507133e-06,8.28060919507133e-06,8.28060919507133e-06,0.0
1734503820.0,8.28060919507133e-06,8.28060919507133e-06,8.28060919507133e-06,8.28060919507133e-06,0.0
1734503880.0,8.28060919507133e-06,8.28060919507133e-06,8.28060919507133e-06,8.28060919507133e-06,0.0
1734503940.0,8.28060919507133e-06,8.28060919507133e-06,8.28060919507133e-06,8.28060919507133e-06,0.0
1734504000.0,8.28060919507133e-06,8.3530343711318e-06,8.28060919507133e-06,8.3530343711318e-06,83.6628
1734504060.0,8.3530343711318e-06,8.3530343711318e-06,8.3530343711318e-06,8.3530343711318e-06,0.0
1734504120.0,8.3530343711318e-06,8.3530343711318e-06,8.3530343711318e-06,8.3530343711318e-06,0.0
1734504180.0,8.3530343711318e-06,8.3530343711318e-06,8.3530343711318e-06,8.3530343711318e-06,0.0
1734504240.0,8.3530343711318e-06,8.3530343711318e-06,8.3530343711318e-06,8.3530343711318e-06,0.0
1734504300.0,8.3530343711318e-06,8.42559422146321e-06,8.3530343711318e-06,8.42559422146321e-06,3.61415312779
1734504360.0,8.42559422146321e-06,8.42559422146321e-06,8.42559422146321e-06,8.42559422146321e-06,0.0
1734504420.0,8.42559422146321e-06,8.42559422146321e-06,8.42559422146321e-06,8.42559422146321e-06,0.0
1734504480.0,8.42559422146321e-06,8.42559422146321e-06,8.40887000619055e-06,8.40887000619055e-06,1.4353144104
1734504540.0,8.40887000619055e-06,8.40887000619055e-06,8.40887000619055e-06,8.40887000619055e-06,0.0
1734504600.0,8.40887000619055e-06,8.40887000619055e-06,8.40887000619055e-06,8.40887000619055e-06,0.0
1734504660.0,8.40887000619055e-06,8.40887000619055e-06,8.40887000619055e-06,8.40887000619055e-06,0.0
1734504720.0,8.40887000619055e-06,8.40887000619055e-06,8.40887000619055e-06,8.40887000619055e-06,0.0
1734504780.0,8.40887000619055e-06,8.40887000619055e-06,8.40887000619055e-06,8.40887000619055e-06,0.0
1734504840.0,8.40887000619055e-06,8.40887000619055e-06,8.40887000619055e-06,8.40887000619055e-06,0.0
1734504900.0,8.40887000619055e-06,8.40887000619055e-06,8.40887000619055e-06,8.40887000619055e-06,0.0
1734504960.0,8.40887000619055e-06,8.40887000619055e-06,8.40887000619055e-06,8.40887000619055e-06,0.0
1734505020.0,8.40887000619055e-06,8.40887000619055e-06,8.40887000619055e-06,8.40887000619055e-06,0.0
1734505080.0,8.40887000619055e-06,8.40887000619055e-06,8.40887000619055e-06,8.40887000619055e-06,0.0
1734505140.0,8.40887000619055e-06,8.40887000619055e-06,8.40887000619055e-06,8.40887000619055e-06,0.0
1734505200.0,8.40887000619055e-06,8.40887000619055e-06,8.40887000619055e-06,8.40887000619055e-06,0.0
1734505260.0,8.40887000619055e-06,8.40887000619055e-06,8.40887000619055e-06,8.40887000619055e-06,0.0
1734505320.0,8.40887000619055e-06,8.40887000619055e-06,8.40887000619055e-06,8.40887000619055e-06,0.0
1734505380.0,8.40887000619055e-06,8.40887000619055e-06,8.40887000619055e-06,8.40887000619055e-06,0.0
1734505440.0,8.40887000619055e-06,8.40887000619055e-06,8.40887000619055e-06,8.40887000619055e-06,0.0
1734505500.0,8.40887000619055e-06,8.40887000619055e-06,8.40887000619055e-06,8.40887000619055e-06,0.0
1734505560.0,8.40887000619055e-06,8.40887000619055e-06,8.40887000619055e-06,8.40887000619055e-06,0.0
1734505620.0,8.40887000619055e-06,8.40887000619055e-06,8.40887000619055e-06,8.40887000619055e-06,0.0
1734505680.0,8.40887000619055e-06,8.40887000619055e-06,8.40887000619055e-06,8.40887000619055e-06,0.0
1734505740.0,8.40887000619055e-06,8.40887000619055e-06,8.40887000619055e-06,8.40887000619055e-06,0.0
1734505800.0,8.40887000619055e-06,8.40887000619055e-06,8.40887000619055e-06,8.40887000619055e-06,0.0
1734505860.0,8.40887000619055e-06,8.40887000619055e-06,8.40887000619055e-06,8.40887000619055e-06,0.0
1734505920.0,8.40887000619055e-06,8.40887000619055e-06,8.40887000619055e-06,8.40887000619055e-06,0.0
1734505980.0,8.40887000619055e-06,8.40887000619055e-06,8.40887000619055e-06,8.40887000619055e-06,0.0
1734506040.0,8.40887000619055e-06,8.40887000619055e-06,8.40887000619055e-06,8.40887000619055e-06,0.0
1734506100.0,8.40887000619055e-06,8.40887000619055e-06,8.40887000619055e-06,8.40887000619055e-06,0.0
1734506160.0,8.40887000619055e-06,8.40887000619055e-06,8.40887000619055e-06,8.40887000619055e-06,0.0
1734506220.0,8.40887000619055e-06,8.40887000619055e-06,8.40887000619055e-06,8.40887000619055e-06,0.0
1734506280.0,8.40887000619055e-06,8.40887000619055e-06,8.40887000619055e-06,8.40887000619055e-06,0.0
1734506340.0,8.40887000619055e-06,8.40887000619055e-06,8.40887000619055e-06,8.40887000619055e-06,0.0
1734506400.0,8.40887000619055e-06,8.40887000619055e-06,8.40887000619055e-06,8.40887000619055e-06,0.0
1734506460.0,8.40887000619055e-06,8.40887000619055e-06,8.40887000619055e-06,8.40887000619055e-06,0.0
1734506520.0,8.40887000619055e-06,8.40887000619055e-06,8.35818348250464e-06,8.35818348250464e-06,79.7229339683
1734506580.0,8.35818348250464e-06,8.35818348250464e-06,8.35818348250464e-06,8.35818348250464e-06,0.0
1734506640.0,8.35818348250464e-06,8.35818348250464e-06,8.35818348250464e-06,8.35818348250464e-06,0.0
1734506700.0,8.35818348250464e-06,8.35818348250464e-06,8.35818348250464e-06,8.35818348250464e-06,0.0
1734506760.0,8.35818348250464e-06,8.35818348250464e-06,8.35818348250464e-06,8.35818348250464e-06,0.0
1734506820.0,8.35818348250464e-06,8.35818348250464e-06,8.35818348250464e-06,8.35818348250464e-06,0.0
1734506880.0,8.35818348250464e-06,8.35818348250464e-06,8.35818348250464e-06,8.35818348250464e-06,0.0
1734506940.0,8.35818348250464e-06,8.35818348250464e-06,8.35818348250464e-06,8.35818348250464e-06,0.0
1734507000.0,8.35818348250464e-06,8.35818348250464e-06,8.35818348250464e-06,8.35818348250464e-06,0.0
1734507060.0,8.35818348250464e-06,8.35818348250464e-06,8.35818348250464e-06,8.35818348250464e-06,0.0
1734507120.0,8.35818348250464e-06,8.35818348250464e-06,8.35818348250464e-06,8.35818348250464e-06,0.0
1734507180.0,8.35818348250464e-06,8.35818348250464e-06,8.35818348250464e-06,8.35818348250464e-06,0.0
1734507240.0,8.35818348250464e-06,8.35818348250464e-06,8.35818348250464e-06,8.35818348250464e-06,0.0
1734507300.0,8.35818348250464e-06,8.35818348250464e-06,8.11642253221145e-06,8.11642253221145e-06,77.4169434003
1734507360.0,8.11642253221145e-06,8.11642253221145e-06,8.11642253221145e-06,8.11642253221145e-06,0.0
1734507420.0,8.11642253221145e-06,8.11642253221145e-06,8.11642253221145e-06,8.11642253221145e-06,0.0
1734507480.0,8.11642253221145e-06,8.11642253221145e-06,8.11642253221145e-06,8.11642253221145e-06,0.0
1734507540.0,8.11642253221145e-06,8.11642253221145e-06,8.11642253221145e-06,8.11642253221145e-06,0.0
1734507600.0,8.11642253221145e-06,8.11642253221145e-06,8.11642253221145e-06,8.11642253221145e-06,0.0
1734507660.0,8.11642253221145e-06,8.11642253221145e-06,7.99815632536108e-06,7.99815632536108e-06,0.2202486816
1734507720.0,7.99815632536108e-06,7.99815632536108e-06,7.99815632536108e-06,7.99815632536108e-06,0.0
1734507780.0,7.99815632536108e-06,7.99815632536108e-06,7.99815632536108e-06,7.99815632536108e-06,0.0
1734507840.0,7.99815632536108e-06,7.99815632536108e-06,7.99815632536108e-06,7.99815632536108e-06,0.0
1734507900.0,7.99815632536108e-06,7.99815632536108e-06,7.99815632536108e-06,7.99815632536108e-06,0.0
1734507960.0,7.99815632536108e-06,7.99815632536108e-06,7.9824692884635e-06,7.9824692884635e-06,20.9517544806
1734508020.0,7.9824692884635e-06,7.9824692884635e-06,7.9824692884635e-06,7.9824692884635e-06,0.0
1734508080.0,7.9824692884635e-06,7.9824692884635e-06,7.9824692884635e-06,7.9824692884635e-06,0.0
1734508140.0,7.9824692884635e-06,7.9824692884635e-06,7.9824692884635e-06,7.9824692884635e-06,0.0
1734508200.0,7.9824692884635e-06,7.9824692884635e-06,7.9824692884635e-06,7.9824692884635e-06,0.0
1734508260.0,7.9824692884635e-06,7.9824692884635e-06,7.9824692884635e-06,7.9824692884635e-06,0.0
1734508320.0,7.9824692884635e-06,7.9824692884635e-06,7.9824692884635e-06,7.9824692884635e-06,0.0
1734508380.0,7.9824692884635e-06,7.9824692884635e-06,7.9824692884635e-06,7.9824692884635e-06,0.0
1734508440.0,7.9824692884635e-06,7.9824692884635e-06,7.9824692884635e-06,7.9824692884635e-06,0.0
1734508500.0,7.9824692884635e-06,7.9824692884635e-06,7.9824692884635e-06,7.9824692884635e-06,0.0
1734508560.0,7.9824692884635e-06,7.9824692884635e-06,7.9824692884635e-06,7.9824692884635e-06,0.0
1734508620.0,7.9824692884635e-06,7.9824692884635e-06,7.9824692884635e-06,7.9824692884635e-06,0.0
1734508680.0,7.9824692884635e-06,7.9824692884635e-06,7.9824692884635e-06,7.9824692884635e-06,0.0
1734508740.0,7.9824692884635e-06,7.9824692884635e-06,7.9824692884635e-06,7.9824692884635e-06,0.0
1734508800.0,7.9824692884635e-06,7.9824692884635e-06,7.9824692884635e-06,7.9824692884635e-06,0.0
1734508860.0,7.9824692884635e-06,7.9824692884635e-06,7.9824692884635e-06,7.9824692884635e-06,0.0
1734508920.0,7.9824692884635e-06,7.9824692884635e-06,7.7423296454653e-06,7.7423296454653e-06,134.00835232779
1734508980.0,7.7423296454653e-06,7.7423296454653e-06,7.7423296454653e-06,7.7423296454653e-06,0.0
1734509040.0,7.7423296454653e-06,7.7423296454653e-06,7.7423296454653e-06,7.7423296454653e-06,0.0
1734509100.0,7.7423296454653e-06,7.7423296454653e-06,7.54248685734491e-06,7.54248685734491e-06,1.33419206628
1734509160.0,7.54248685734491e-06,7.54248685734491e-06,7.54248685734491e-06,7.54248685734491e-06,0.0
1734509220.0,7.54248685734491e-06,7.54248685734491e-06,7.54248685734491e-06,7.54248685734491e-06,0.0
1734509280.0,7.54248685734491e-06,7.54248685734491e-06,7.54248685734491e-06,7.54248685734491e-06,0.0
1734509340.0,7.54248685734491e-06,7.55563517501058e-06,7.54248685734491e-06,7.55563517501058e-06,0.46515835926
1734509400.0,7.55563517501058e-06,7.55563517501058e-06,7.55563517501058e-06,7.55563517501058e-06,0.0
1734509460.0,7.55563517501058e-06,7.55563517501058e-06,7.55563517501058e-06,7.55563517501058e-06,0.0
1734509520.0,7.55563517501058e-06,7.55563517501058e-06,7.45766865939867e-06,7.45766865939867e-06,70.30369864284
1734509580.0,7.45766865939867e-06,7.45766865939867e-06,7.45766865939867e-06,7.45766865939867e-06,0.0
1734509640.0,7.45766865939867e-06,7.45766865939867e-06,7.45766865939867e-06,7.45766865939867e-06,0.0
1734509700.0,7.45766865939867e-06,7.45766865939867e-06,7.45766865939867e-06,7.45766865939867e-06,0.0
1734509760.0,7.45766865939867e-06,7.45766865939867e-06,7.45766865939867e-06,7.45766865939867e-06,0.0
1734509820.0,7.45766865939867e-06,7.45766865939867e-06,7.45766865939867e-06,7.45766865939867e-06,0.0
1734509880.0,7.45766865939867e-06,7.45766865939867e-06,7.45766865939867e-06,7.45766865939867e-06,0.0
1734509940.0,7.45766865939867e-06,7.45766865939867e-06,7.45766865939867e-06,7.45766865939867e-06,0.0
1734510000.0,7.45766865939867e-06,7.45766865939867e-06,7.45766865939867e-06,7.45766865939867e-06,0.0
1734510060.0,7.45766865939867e-06,7.45766865939867e-06,7.45766865939867e-06,7.45766865939867e-06,0.0
1734510120.0,7.45766865939867e-06,7.45766865939867e-06,7.45766865939867e-06,7.45766865939867e-06,0.0
1734510180.0,7.45766865939867e-06,7.45766865939867e-06,7.3344451155819e-06,7.3344451155819e-06,2.19385397273
1734510240.0,7.3344451155819e-06,7.3344451155819e-06,7.3344451155819e-06,7.3344451155819e-06,0.0
1734510300.0,7.3344451155819e-06,7.3344451155819e-06,7.3344451155819e-06,7.3344451155819e-06,0.0
1734510360.0,7.3344451155819e-06,7.3344451155819e-06,7.3344451155819e-06,7.3344451155819e-06,0.0
1734510420.0,7.3344451155819e-06,7.3344451155819e-06,7.3344451155819e-06,7.3344451155819e-06,0.0
1734510480.0,7.3344451155819e-06,7.3344451155819e-06,7.32984895732037e-06,7.32984895732037e-06,1.77238389404
1734510540.0,7.32984895732037e-06,7.32984895732037e-06,7.32984895732037e-06,7.32984895732037e-06,0.0
1734510600.0,7.32984895732037e-06,7.32984895732037e-06,7.32984895732037e-06,7.32984895732037e-06,0.0
1734510660.0,7.32984895732037e-06,7.32984895732037e-06,7.32984895732037e-06,7.32984895732037e-06,0.0
1734510720.0,7.32984895732037e-06,7.32984895732037e-06,7.28381371841447e-06,7.28381371841447e-06,26.464687302
1734510780.0,7.28381371841447e-06,7.28381371841447e-06,7.28381371841447e-06,7.28381371841447e-06,0.0
1734510840.0,7.28381371841447e-06,7.28381371841447e-06,7.28381371841447e-06,7.28381371841447e-06,0.0
1734510900.0,7.28381371841447e-06,7.28381371841447e-06,7.28381371841447e-06,7.28381371841447e-06,0.0
1734510960.0,7.28381371841447e-06,7.28381371841447e-06,7.28381371841447e-06,7.28381371841447e-06,0.0
1734511020.0,7.28381371841447e-06,7.28381371841447e-06,7.28381371841447e-06,7.28381371841447e-06,0.0
1734511080.0,7.28381371841447e-06,7.28381371841447e-06,7.28381371841447e-06,7.28381371841447e-06,0.0
1734511140.0,7.28381371841447e-06,7.28381371841447e-06,7.26013028587813e-06,7.26013028587813e-06,2.03060982267
1734511200.0,7.26013028587813e-06,7.26013028587813e-06,7.26013028587813e-06,7.26013028587813e-06,0.0
1734511260.0,7.26013028587813e-06,7.26013028587813e-06,7.26013028587813e-06,7.26013028587813e-06,0.0
1734511320.0,7.26013028587813e-06,7.26013028587813e-06,7.26013028587813e-06,7.26013028587813e-06,0.0
1734511380.0,7.26013028587813e-06,7.26013028587813e-06,7.1493149437626e-06,7.1493149437626e-06,82.7749804356
1734511440.0,7.1493149437626e-06,7.1493149437626e-06,7.1493149437626e-06,7.1493149437626e-06,0.0
1734511500.0,7.1493149437626e-06,7.1493149437626e-06,7.1493149437626e-06,7.1493149437626e-06,0.0
1734511560.0,7.1493149437626e-06,7.1493149437626e-06,7.1493149437626e-06,7.1493149437626e-06,0.0
1734511620.0,7.1493149437626e-06,7.1493149437626e-06,7.1493149437626e-06,7.1493149437626e-06,0.0
1734511680.0,7.1493149437626e-06,7.1493149437626e-06,7.1493149437626e-06,7.1493149437626e-06,0.0
1734511740.0,7.1493149437626e-06,7.1493149437626e-06,7.1493149437626e-06,7.1493149437626e-06,0.0
1734511800.0,7.1493149437626e-06,7.1493149437626e-06,7.1493149437626e-06,7.1493149437626e-06,0.0
1734511860.0,7.1493149437626e-06,7.1493149437626e-06,7.1493149437626e-06,7.1493149437626e-06,0.0
1734511920.0,7.1493149437626e-06,7.1493149437626e-06,7.1493149437626e-06,7.1493149437626e-06,0.0
1734511980.0,7.1493149437626e-06,7.1493149437626e-06,7.1493149437626e-06,7.1493149437626e-06,0.0
1734512040.0,7.1493149437626e-06,7.1493149437626e-06,7.1493149437626e-06,7.1493149437626e-06,0.0
1734512100.0,7.1493149437626e-06,7.1493149437626e-06,7.1493149437626e-06,7.1493149437626e-06,0.0
1734512160.0,7.1493149437626e-06,7.1493149437626e-06,7.1493149437626e-06,7.1493149437626e-06,0.0
1734512220.0,7.1493149437626e-06,7.1493149437626e-06,7.1493149437626e-06,7.1493149437626e-06,0.0
1734512280.0,7.1493149437626e-06,7.1493149437626e-06,7.1493149437626e-06,7.1493149437626e-06,0.0
1734512340.0,7.1493149437626e-06,7.1493149437626e-06,7.1493149437626e-06,7.1493149437626e-06,0.0
1734512400.0,7.1493149437626e-06,7.1493149437626e-06,7.0212674227455e-06,7.0212674227455e-06,0.89072297188
1734512460.0,7.0212674227455e-06,7.0212674227455e-06,7.0212674227455e-06,7.0212674227455e-06,0.0
1734512520.0,7.0212674227455e-06,7.0212674227455e-06,7.0212674227455e-06,7.0212674227455e-06,0.0
1734512580.0,7.0212674227455e-06,7.0212674227455e-06,7.0212674227455e-06,7.0212674227455e-06,0.0
1734512640.0,7.0212674227455e-06,7.0212674227455e-06,7.0212674227455e-06,7.0212674227455e-06,0.0
1734512700.0,7.0212674227455e-06,7.0212674227455e-06,7.0212674227455e-06,7.0212674227455e-06,0.0
1734512760.0,7.0212674227455e-06,7.02570496492576e-06,7.0212674227455e-06,7.02570496492576e-06,1.30785128584
1734512820.0,7.02570496492576e-06,7.02570496492576e-06,7.02570496492576e-06,7.02570496492576e-06,0.0
1734512880.0,7.02570496492576e-06,7.02570496492576e-06,7.02570496492576e-06,7.02570496492576e-06,0.0
1734512940.0,7.02570496492576e-06,7.02570496492576e-06,7.02570496492576e-06,7.02570496492576e-06,0.0
1734513000.0,7.02570496492576e-06,7.02570496492576e-06,7.02570496492576e-06,7.02570496492576e-06,0.0
1734513060.0,7.02570496492576e-06,7.02570496492576e-06,7.02570496492576e-06,7.02570496492576e-06,0.0
1734513120.0,7.02570496492576e-06,7.02570496492576e-06,7.02570496492576e-06,7.02570496492576e-06,0.0
1734513180.0,7.02570496492576e-06,7.02570496492576e-06,7.02570496492576e-06,7.02570496492576e-06,0.0
1734513240.0,7.02570496492576e-06,7.02570496492576e-06,7.02570496492576e-06,7.02570496492576e-06,0.0
1734513300.0,7.02570496492576e-06,7.04532628055632e-06,7.02570496492576e-06,7.04532628055632e-06,5.66189905398
1734513360.0,7.04532628055632e-06,7.04532628055632e-06,7.04532628055632e-06,7.04532628055632e-06,0.0
1734513420.0,7.04532628055632e-06,7.04532628055632e-06,7.04532628055632e-06,7.04532628055632e-06,0.0
1734513480.0,7.04532628055632e-06,7.04532628055632e-06,7.04532628055632e-06,7.04532628055632e-06,0.0
1734513540.0,7.04532628055632e-06,7.04532628055632e-06,7.04532628055632e-06,7.04532628055632e-06,0.0
1734513600.0,7.04532628055632e-06,7.04532628055632e-06,7.04532628055632e-06,7.04532628055632e-06,0.0
1734513660.0,7.04532628055632e-06,7.04532628055632e-06,7.04532628055632e-06,7.04532628055632e-06,0.0
1734513720.0,7.04532628055632e-06,7.04532628055632e-06,7.04532628055632e-06,7.04532628055632e-06,0.0
1734513780.0,7.04532628055632e-06,7.04532628055632e-06,7.04532628055632e-06,7.04532628055632e-06,0.0
1734513840.0,7.04532628055632e-06,7.04532628055632e-06,7.04532628055632e-06,7.04532628055632e-06,0.0
1734513900.0,7.04532628055632e-06,7.04532628055632e-06,7.04532628055632e-06,7.04532628055632e-06,0.0
1734513960.0,7.04532628055632e-06,7.04532628055632e-06,7.04532628055632e-06,7.04532628055632e-06,0.0
1734514020.0,7.04532628055632e-06,7.04532628055632e-06,7.04532628055632e-06,7.04532628055632e-06,0.0
1734514080.0,7.04532628055632e-06,7.04532628055632e-06,7.04532628055632e-06,7.04532628055632e-06,0.0
1734514140.0,7.04532628055632e-06,7.04532628055632e-06,7.04532628055632e-06,7.04532628055632e-06,0.0
1734514200.0,7.04532628055632e-06,7.04532628055632e-06,7.04532628055632e-06,7.04532628055632e-06,0.0
1734514260.0,7.04532628055632e-06,7.04532628055632e-06,7.04532628055632e-06,7.04532628055632e-06,0.0
1734514320.0,7.04532628055632e-06,7.04532628055632e-06,7.04532628055632e-06,7.04532628055632e-06,0.0
1734514380.0,7.04532628055632e-06,7.04532628055632e-06,7.04532628055632e-06,7.04532628055632e-06,0.0
1734514440.0,7.04532628055632e-06,7.04532628055632e-06,7.03074205778265e-06,7.03074205778265e-06,5.58917931156
1734514500.0,7.03074205778265e-06,7.03074205778265e-06,7.03074205778265e-06,7.03074205778265e-06,0.0
1734514560.0,7.03074205778265e-06,7.03074205778265e-06,7.03074205778265e-06,7.03074205778265e-06,0.0
1734514620.0,7.03074205778265e-06,7.03074205778265e-06,7.03074205778265e-06,7.03074205778265e-06,0.0
1734514680.0,7.03074205778265e-06,7.03074205778265e-06,7.03074205778265e-06,7.03074205778265e-06,0.0
1734514740.0,7.03074205778265e-06,7.03074205778265e-06,7.03074205778265e-06,7.03074205778265e-06,0.0
1734514800.0,7.03074205778265e-06,7.03074205778265e-06,7.03074205778265e-06,7.03074205778265e-06,0.0
1734514860.0,7.03074205778265e-06,7.03074205778265e-06,7.03074205778265e-06,7.03074205778265e-06,0.0
1734514920.0,7.03074205778265e-06,7.03074205778265e-06,7.03074205778265e-06,7.03074205778265e-06,0.0
1734514980.0,7.03074205778265e-06,7.03074205778265e-06,7.03074205778265e-06,7.03074205778265e-06,0.0
1734515040.0,7.03074205778265e-06,7.03074205778265e-06,7.03074205778265e-06,7.03074205778265e-06,0.0
1734515100.0,7.03074205778265e-06,7.03074205778265e-06,7.03074205778265e-06,7.03074205778265e-06,0.0
1734515160.0,7.03074205778265e-06,7.03074205778265e-06,7.03074205778265e-06,7.03074205778265e-06,0.0
1734515220.0,7.03074205778265e-06,7.03074205778265e-06,7.03074205778265e-06,7.03074205778265e-06,0.0
1734515280.0,7.03074205778265e-06,7.03074205778265e-06,7.03074205778265e-06,7.03074205778265e-06,0.0
1734515340.0,7.03074205778265e-06,7.03074205778265e-06,7.03074205778265e-06,7.03074205778265e-06,0.0
1734515400.0,7.03074205778265e-06,7.03074205778265e-06,7.03074205778265e-06,7.03074205778265e-06,0.0
1734515460.0,7.03074205778265e-06,7.03074205778265e-06,7.03074205778265e-06,7.03074205778265e-06,0.0
1734515520.0,7.03074205778265e-06,7.03074205778265e-06,7.03074205778265e-06,7.03074205778265e-06,0.0
1734515580.0,7.03074205778265e-06,7.03074205778265e-06,7.03074205778265e-06,7.03074205778265e-06,0.0
1734515640.0,7.03074205778265e-06,7.03074205778265e-06,7.03074205778265e-06,7.03074205778265e-06,0.0
1734515700.0,7.03074205778265e-06,7.03074205778265e-06,7.03074205778265e-06,7.03074205778265e-06,0.0
1734515760.0,7.03074205778265e-06,7.03074205778265e-06,7.03074205778265e-06,7.03074205778265e-06,0.0
1734515820.0,7.03074205778265e-06,7.03074205778265e-06,7.03074205778265e-06,7.03074205778265e-06,0.0
1734515880.0,7.03074205778265e-06,7.03074205778265e-06,7.03074205778265e-06,7.03074205778265e-06,0.0
1734515940.0,7.03074205778265e-06,7.03074205778265e-06,7.03074205778265e-06,7.03074205778265e-06,0.0
1734516000.0,7.03074205778265e-06,7.03074205778265e-06,7.01460693099377e-06,7.01460693099377e-06,1.63505166066
1734516060.0,7.01460693099377e-06,7.01460693099377e-06,7.01460693099377e-06,7.01460693099377e-06,0.0
1734516120.0,7.01460693099377e-06,7.01460693099377e-06,7.01460693099377e-06,7.01460693099377e-06,0.0
1734516180.0,7.01460693099377e-06,7.01460693099377e-06,7.01460693099377e-06,7.01460693099377e-06,0.0
1734516240.0,7.01460693099377e-06,7.01460693099377e-06,7.01460693099377e-06,7.01460693099377e-06,0.0
1734516300.0,7.01460693099377e-06,7.01460693099377e-06,7.01460693099377e-06,7.01460693099377e-06,0.0
1734516360.0,7.01460693099377e-06,7.01460693099377e-06,7.01460693099377e-06,7.01460693099377e-06,0.0
1734516420.0,7.01460693099377e-06,7.01460693099377e-06,7.01460693099377e-06,7.01460693099377e-06,0.0
1734516480.0,7.01460693099377e-06,7.01460693099377e-06,7.00929428060223e-06,7.00929428060223e-06,4.4606810578
1734516540.0,7.00929428060223e-06,7.00929428060223e-06,7.00193561228464e-06,7.00193561228464e-06,0.3988474326
1734516600.0,7.00193561228464e-06,7.00193561228464e-06,7.00193561228464e-06,7.00193561228464e-06,0.0
1734516660.0,7.00193561228464e-06,7.00193561228464e-06,7.00193561228464e-06,7.00193561228464e-06,0.0
1734516720.0,7.00193561228464e-06,7.00193561228464e-06,7.00193561228464e-06,7.00193561228464e-06,0.0
1734516780.0,7.00193561228464e-06,7.00193561228464e-06,7.00193561228464e-06,7.00193561228464e-06,0.0
1734516840.0,7.00193561228464e-06,7.00193561228464e-06,7.00193561228464e-06,7.00193561228464e-06,0.0
1734516900.0,7.00193561228464e-06,7.00193561228464e-06,7.00193561228464e-06,7.00193561228464e-06,0.0
1734516960.0,7.00193561228464e-06,7.00193561228464e-06,7.00193561228464e-06,7.00193561228464e-06,0.0
1734517020.0,7.00193561228464e-06,7.00193561228464e-06,7.00193561228464e-06,7.00193561228464e-06,0.0
1734517080.0,7.00193561228464e-06,7.00193561228464e-06,7.00193561228464e-06,7.00193561228464e-06,0.0
1734517140.0,7.00193561228464e-06,7.00193561228464e-06,7.00193561228464e-06,7.00193561228464e-06,0.0
1734517200.0,7.00193561228464e-06,7.00193561228464e-06,7.00193561228464e-06,7.00193561228464e-06,0.0
1734517260.0,7.00193561228464e-06,7.00193561228464e-06,6.98619912960911e-06,6.98619912960911e-06,1.41789281189
1734517320.0,6.98619912960911e-06,6.98619912960911e-06,6.98619912960911e-06,6.98619912960911e-06,0.0
1734517380.0,6.98619912960911e-06,6.98619912960911e-06,6.98619912960911e-06,6.98619912960911e-06,0.0
1734517440.0,6.98619912960911e-06,6.98619912960911e-06,6.98619912960911e-06,6.98619912960911e-06,0.0
1734517500.0,6.98619912960911e-06,6.98619912960911e-06,6.98619912960911e-06,6.98619912960911e-06,0.0
1734517560.0,6.98619912960911e-06,6.98619912960911e-06,6.98619912960911e-06,6.98619912960911e-06,0.0
1734517620.0,6.98619912960911e-06,6.98619912960911e-06,6.98619912960911e-06,6.98619912960911e-06,0.0
1734517680.0,6.98619912960911e-06,6.98619912960911e-06,6.98619912960911e-06,6.98619912960911e-06,0.0
1734517740.0,6.98619912960911e-06,6.98619912960911e-06,6.98619912960911e-06,6.98619912960911e-06,0.0
1734517800.0,6.98619912960911e-06,6.98619912960911e-06,6.98619912960911e-06,6.98619912960911e-06,0.0
1734517860.0,6.98619912960911e-06,6.98619912960911e-06,6.98619912960911e-06,6.98619912960911e-06,0.0
1734517920.0,6.98619912960911e-06,6.98619912960911e-06,6.98619912960911e-06,6.98619912960911e-06,0.0
1734517980.0,6.98619912960911e-06,6.98619912960911e-06,6.98619912960911e-06,6.98619912960911e-06,0.0
1734518040.0,6.98619912960911e-06,6.98619912960911e-06,6.98619912960911e-06,6.98619912960911e-06,0.0
1734518100.0,6.98619912960911e-06,6.98619912960911e-06,6.98619912960911e-06,6.98619912960911e-06,0.0
1734518160.0,6.98619912960911e-06,6.98619912960911e-06,6.98619912960911e-06,6.98619912960911e-06,0.0
1734518220.0,6.98619912960911e-06,6.98619912960911e-06,6.98619912960911e-06,6.98619912960911e-06,0.0
1734518280.0,6.98619912960911e-06,6.98619912960911e-06,6.98619912960911e-06,6.98619912960911e-06,0.0
1734518340.0,6.98619912960911e-06,6.98619912960911e-06,6.98619912960911e-06,6.98619912960911e-06,0.0
1734518400.0,6.98619912960911e-06,6.98619912960911e-06,6.98619912960911e-06,6.98619912960911e-06,0.0
1734518460.0,6.98619912960911e-06,6.98619912960911e-06,6.98619912960911e-06,6.98619912960911e-06,0.0
1734518520.0,6.98619912960911e-06,6.98619912960911e-06,6.98619912960911e-06,6.98619912960911e-06,0.0
1734518580.0,6.98619912960911e-06,6.98619912960911e-06,6.98619912960911e-06,6.98619912960911e-06,0.0
1734518640.0,6.98619912960911e-06,6.98619912960911e-06,6.98619912960911e-06,6.98619912960911e-06,0.0
1734518700.0,6.98619912960911e-06,6.98619912960911e-06,6.98619912960911e-06,6.98619912960911e-06,0.0
1734518760.0,6.98619912960911e-06,6.98619912960911e-06,6.98619912960911e-06,6.98619912960911e-06,0.0
1734518820.0,6.98619912960911e-06,6.98619912960911e-06,6.98619912960911e-06,6.98619912960911e-06,0.0
1734518880.0,6.98619912960911e-06,6.98619912960911e-06,6.98619912960911e-06,6.98619912960911e-06,0.0
1734518940.0,6.98619912960911e-06,6.98619912960911e-06,6.98619912960911e-06,6.98619912960911e-06,0.0
1734519000.0,6.98619912960911e-06,6.98619912960911e-06,6.98619912960911e-06,6.98619912960911e-06,0.0
1734519060.0,6.98619912960911e-06,6.98619912960911e-06,6.98619912960911e-06,6.98619912960911e-06,0.0
1734519120.0,6.98619912960911e-06,6.98619912960911e-06,6.98619912960911e-06,6.98619912960911e-06,0.0
1734519180.0,6.98619912960911e-06,6.98619912960911e-06,6.98619912960911e-06,6.98619912960911e-06,0.0
1734519240.0,6.98619912960911e-06,6.98619912960911e-06,6.98619912960911e-06,6.98619912960911e-06,0.0
1734519300.0,6.98619912960911e-06,6.98619912960911e-06,6.98619912960911e-06,6.98619912960911e-06,0.0
1734519360.0,6.98619912960911e-06,6.98619912960911e-06,6.98619912960911e-06,6.98619912960911e-06,0.0
1734519420.0,6.98619912960911e-06,6.98619912960911e-06,6.98619912960911e-06,6.98619912960911e-06,0.0
1734519480.0,6.98619912960911e-06,6.98619912960911e-06,6.98619912960911e-06,6.98619912960911e-06,0.0
1734519540.0,6.98619912960911e-06,6.98619912960911e-06,6.98619912960911e-06,6.98619912960911e-06,0.0
1734519600.0,6.98619912960911e-06,6.98619912960911e-06,6.98619912960911e-06,6.98619912960911e-06,0.0
1734519660.0,6.98619912960911e-06,6.98619912960911e-06,6.98619912960911e-06,6.98619912960911e-06,0.0
1734519720.0,6.98619912960911e-06,6.98619912960911e-06,6.98619912960911e-06,6.98619912960911e-06,0.0
1734519780.0,6.98619912960911e-06,6.98619912960911e-06,6.98619912960911e-06,6.98619912960911e-06,0.0
1734519840.0,6.98619912960911e-06,6.98619912960911e-06,6.98619912960911e-06,6.98619912960911e-06,0.0
1734519900.0,6.98619912960911e-06,6.98619912960911e-06,6.98619912960911e-06,6.98619912960911e-06,0.0
1734519960.0,6.98619912960911e-06,6.98619912960911e-06,6.98619912960911e-06,6.98619912960911e-06,0.0
1734520020.0,6.98619912960911e-06,6.98619912960911e-06,6.98619912960911e-06,6.98619912960911e-06,0.0
1734520080.0,6.98619912960911e-06,6.98619912960911e-06,6.98619912960911e-06,6.98619912960911e-06,0.0
1734520140.0,6.98619912960911e-06,6.98619912960911e-06,6.98619912960911e-06,6.98619912960911e-06,0.0
1734520200.0,6.98619912960911e-06,6.98619912960911e-06,6.98619912960911e-06,6.98619912960911e-06,0.0
1734520260.0,6.98619912960911e-06,6.98619912960911e-06,6.98619912960911e-06,6.98619912960911e-06,0.0
1734520320.0,6.98619912960911e-06,6.98619912960911e-06,6.98619912960911e-06,6.98619912960911e-06,0.0
1734520380.0,6.98619912960911e-06,6.98619912960911e-06,6.98619912960911e-06,6.98619912960911e-06,0.0
1734520440.0,6.98619912960911e-06,6.98619912960911e-06,6.98619912960911e-06,6.98619912960911e-06,0.0
1734520500.0,6.98619912960911e-06,6.98619912960911e-06,6.98619912960911e-06,6.98619912960911e-06,0.0
1734520560.0,6.98619912960911e-06,6.98619912960911e-06,6.98619912960911e-06,6.98619912960911e-06,0.0
1734520620.0,6.98619912960911e-06,6.98619912960911e-06,6.98619912960911e-06,6.98619912960911e-06,0.0
1734520680.0,6.98619912960911e-06,6.98619912960911e-06,6.98619912960911e-06,6.98619912960911e-06,0.0
1734520740.0,6.98619912960911e-06,6.98619912960911e-06,6.98619912960911e-06,6.98619912960911e-06,0.0
1734520800.0,6.98619912960911e-06,6.98619912960911e-06,6.98619912960911e-06,6.98619912960911e-06,0.0
1734520860.0,6.98619912960911e-06,7.01520033231201e-06,6.98619912960911e-06,7.01520033231201e-06,17.5785485388
1734520920.0,7.01520033231201e-06,7.01520033231201e-06,7.01520033231201e-06,7.01520033231201e-06,0.0
1734520980.0,7.01520033231201e-06,7.01520033231201e-06,7.01520033231201e-06,7.01520033231201e-06,0.0
1734521040.0,7.01520033231201e-06,7.01520033231201e-06,7.01520033231201e-06,7.01520033231201e-06,0.0
1734521100.0,7.01520033231201e-06,7.01520033231201e-06,7.01520033231201e-06,7.01520033231201e-06,0.0
1734521160.0,7.01520033231201e-06,7.01520033231201e-06,7.01520033231201e-06,7.01520033231201e-06,0.0
1734521220.0,7.01520033231201e-06,7.01520033231201e-06,7.01520033231201e-06,7.01520033231201e-06,0.0
1734521280.0,7.01520033231201e-06,7.01520033231201e-06,7.01520033231201e-06,7.01520033231201e-06,0.0
1734521340.0,7.01520033231201e-06,7.01520033231201e-06,6.98534512553701e-06,6.98534512553701e-06,5.2981335495
1734521400.0,6.98534512553701e-06,6.98534512553701e-06,6.98534512553701e-06,6.98534512553701e-06,0.0
1734521460.0,6.98534512553701e-06,6.98534512553701e-06,6.98534512553701e-06,6.98534512553701e-06,0.0
1734521520.0,6.98534512553701e-06,6.98534512553701e-06,6.98534512553701e-06,6.98534512553701e-06,0.0
1734521580.0,6.98534512553701e-06,6.98534512553701e-06,6.98534512553701e-06,6.98534512553701e-06,0.0
1734521640.0,6.98534512553701e-06,6.98534512553701e-06,6.98534512553701e-06,6.98534512553701e-06,0.0
1734521700.0,6.98534512553701e-06,6.98534512553701e-06,6.98534512553701e-06,6.98534512553701e-06,0.0
1734521760.0,6.98534512553701e-06,6.98534512553701e-06,6.98534512553701e-06,6.98534512553701e-06,0.0
1734521820.0,6.98534512553701e-06,6.98534512553701e-06,6.98534512553701e-06,6.98534512553701e-06,0.0
1734521880.0,6.98534512553701e-06,6.98534512553701e-06,6.98534512553701e-06,6.98534512553701e-06,0.0
1734521940.0,6.98534512553701e-06,6.98534512553701e-06,6.98534512553701e-06,6.98534512553701e-06,0.0
1734522000.0,6.98534512553701e-06,6.98534512553701e-06,6.98534512553701e-06,6.98534512553701e-06,0.0
1734522060.0,6.98534512553701e-06,6.98534512553701e-06,6.98534512553701e-06,6.98534512553701e-06,0.0
1734522120.0,6.98534512553701e-06,6.98534512553701e-06,6.98534512553701e-06,6.98534512553701e-06,0.0
1734522180.0,6.98534512553701e-06,6.98534512553701e-06,6.98534512553701e-06,6.98534512553701e-06,0.0
1734522240.0,6.98534512553701e-06,6.98534512553701e-06,6.96335597921239e-06,6.96335597921239e-06,5.59678344158
1734522300.0,6.96335597921239e-06,6.96335597921239e-06,6.96335597921239e-06,6.96335597921239e-06,0.0
1734522360.0,6.96335597921239e-06,6.96335597921239e-06,6.96335597921239e-06,6.96335597921239e-06,0.0
1734522420.0,6.96335597921239e-06,6.96335597921239e-06,6.95104417476192e-06,6.95104417476192e-06,0.3491032554
1734522480.0,6.95104417476192e-06,6.95104417476192e-06,6.95104417476192e-06,6.95104417476192e-06,0.0
1734522540.0,6.95104417476192e-06,6.95104417476192e-06,6.95104417476192e-06,6.95104417476192e-06,0.0
1734522600.0,6.95104417476192e-06,6.95104417476192e-06,6.95104417476192e-06,6.95104417476192e-06,0.0
1734522660.0,6.95104417476192e-06,6.95104417476192e-06,6.95104417476192e-06,6.95104417476192e-06,0.0
1734522720.0,6.95104417476192e-06,6.95104417476192e-06,6.95104417476192e-06,6.95104417476192e-06,0.0
1734522780.0,6.95104417476192e-06,6.95104417476192e-06,6.95104417476192e-06,6.95104417476192e-06,0.0
1734522840.0,6.95104417476192e-06,6.95104417476192e-06,6.95104417476192e-06,6.95104417476192e-06,0.0
1734522900.0,6.95104417476192e-06,6.95104417476192e-06,6.95104417476192e-06,6.95104417476192e-06,0.0
1734522960.0,6.95104417476192e-06,6.95104417476192e-06,6.95104417476192e-06,6.95104417476192e-06,0.0
1734523020.0,6.95104417476192e-06,6.95104417476192e-06,6.95104417476192e-06,6.95104417476192e-06,0.0
1734523080.0,6.95104417476192e-06,6.95104417476192e-06,6.95104417476192e-06,6.95104417476192e-06,0.0
1734523140.0,6.95104417476192e-06,6.95104417476192e-06,6.95104417476192e-06,6.95104417476192e-06,0.0
1734523200.0,6.95104417476192e-06,6.95104417476192e-06,6.95104417476192e-06,6.95104417476192e-06,0.0
