time,open,high,low,close,volume,usd_vol,price_change,vol_change,norm_open,mov_in_min
1735673040.0,9.69425006498784e-05,0.0001059513046166,6.44119925124749e-05,0.0001044114876398,30533.23991276349,3.0739948159202606,0.07704553668258368,0.0,1.0,0.4284943324718869
1735673100.0,0.0001044114876398,0.0001250327560986,8.14698336940296e-05,9.72403749354859e-05,31613.35662986187,3.1874461233342046,-0.06868126167355354,0.03690679854968466,1.0770455366825837,0.41722346256433296
1735673160.0,9.72403749354859e-05,0.0001188093238609,9.27367812554509e-05,0.0001129132046775,21736.35233647066,2.2839861256191996,0.1611761549913011,-0.2834432215500312,1.0030726903433542,0.26812466141504415
1735673220.0,0.0001129132046775,0.0001152221919777,8.36398365051346e-05,8.62000817726623e-05,28977.40021398446,2.884892694694041,-0.23658103568254116,0.26309554262810286,1.1647440897496761,0.279704712684138
1735673280.0,8.62000817726623e-05,0.0001176132707976,5.39814195659233e-05,6.38345030908299e-05,33050.90823536313,2.479389648227041,-0.2594612234918491,-0.1405608767399946,0.8891877266915791,0.7381878290962023
1735673340.0,6.38345030908299e-05,8.88465136567472e-05,5.58408549783071e-05,6.82883603872535e-05,19627.50706834282,1.2966212184028876,0.06977194277029487,-0.4770401581171101,0.658477991210246,0.517050452033385
1735673400.0,6.82883603872535e-05,6.82883603872535e-05,3.53433238429492e-05,4.51800395359696e-05,25438.99286631916,1.443260908099761,-0.33839325941111953,0.11309369892735267,0.704421279928466,0.48243999940074295
1735673460.0,4.51800395359696e-05,5.48916434543766e-05,3.4876424358527e-05,4.52445355271117e-05,15167.03948578592,0.6857365502335835,0.001427532861956642,-0.5248700034864493,0.4660498670149198,0.4430102164898439
1735673520.0,4.52445355271117e-05,0.0001845481538576,4.51191627198814e-05,6.32441690362378e-05,40714.66587988999,2.2085406790194355,0.3978299986821669,2.2206839175586266,0.4667151685153941,3.08167582036883
1735673580.0,6.32441690362378e-05,8.6247558124434e-05,5.30737411227259e-05,7.47719789584408e-05,20426.74115220734,1.4096100649560201,0.1822746681294486,-0.36174593551889234,0.6523884633908206,0.5245355818130852
1735673640.0,7.47719789584408e-05,9.88719934804775e-05,6.62230015630939e-05,6.72588921543819e-05,15852.09585040071,1.1257434912981874,-0.10047997804411138,-0.2013795025411438,0.7713023540468634,0.43664742290063396
1735673700.0,6.72588921543819e-05,7.63748989572714e-05,6.0135557328212e-05,7.19727974922336e-05,10244.91060237156,0.7132081067233588,0.0700859795167557,-0.3664559358003484,0.6938019104468631,0.24144527376074848
1735673760.0,7.19727974922336e-05,9.79884385792029e-05,7.00079705521067e-05,8.68620130489886e-05,19574.38552519785,1.5545469081778214,0.20687281966998247,1.1796540077478446,0.742427696931128,0.3887644916138699
1735673820.0,8.68620130489886e-05,9.89165624136662e-05,6.8891040361e-05,7.64372238337444e-05,9920.45135794746,0.8100010681425462,-0.12001551482999606,-0.4789471685405765,0.8960158079963616,0.34566919414741576
1735673880.0,7.64372238337444e-05,8.50173704728373e-05,6.11310562046266e-05,8.35064491892271e-05,9946.77354597305,0.7954617478353282,0.09248406732901095,-0.017949754486816776,0.7884800095038633,0.31249583737061004
1735673940.0,8.35064491892271e-05,0.0001469598546383,8.13552003200499e-05,0.0001036265902872,32611.69649229931,3.051362943543353,0.2409411643450473,2.835964396587211,0.8614018477903979,0.7856238045709353
1735674000.0,0.0001036265902872,0.0001275866420483,9.87271168800268e-05,0.0001003659769693,14857.32745234392,1.5153921847870555,-0.031465025616140195,-0.5033720298682898,1.0689490119659915,0.27849536579645573
1735674060.0,0.0001003659769693,0.0001067364437031,7.10477429357143e-05,9.61180615250312e-05,15305.65841616697,1.5036587887116175,-0.04232425740814693,-0.007742811526434515,1.0353145039221339,0.3555856461029834
1735674120.0,9.61180615250312e-05,0.0001075954110927,8.2011063176473e-05,0.0001000719123472,17498.45309455596,1.7165105277126984,0.04113535749094498,0.14155587730342667,0.9914955863597456,0.2661762785297568
1735674180.0,0.0001000719123472,0.0001354158766088,0.0001000719123472,0.000121105612524,17819.7163919561,1.9706603827398002,0.21018585218820918,0.14806192617167577,1.0322811117553476,0.35318565851898537
1735674240.0,0.000121105612524,0.0001667002991998,0.0001068354280369,0.0001272559548645,33705.12863055684,4.185529287858052,0.050784948874943,1.1239221757931366,1.2492519969274376,0.49431954403464456
1735674300.0,0.0001272559548645,0.0001748990557814,0.0001176021743893,0.0001535963382897,25053.22671792723,3.518128087320967,0.20698743295154087,-0.159454433271599,1.312695195723318,0.45024911763939646
1735674360.0,0.0001535963382897,0.0002479615745232,0.000143929195121,0.0001596852574823,54447.4719652578,8.528695451513597,0.03964234603767453,1.4242140251374833,1.584406604533908,0.6773102833088587
1735674420.0,0.0001596852574823,0.0001853011522042,0.0001472162799203,0.0001759503006726,21174.64804498377,3.5534824076558453,0.1018568867705453,-0.5833498302457024,1.6472161994152181,0.23849961408066392
1735674480.0,0.0001759503006726,0.0002029086764317,0.000158244045328,0.0001597839121181,17932.019983317,3.0101963064230173,-0.09188042585151168,-0.15288836102363654,1.8149965133256618,0.25384799533141944
1735674540.0,0.0001597839121181,0.0001646229036409,0.0001232404285311,0.0001522067371386,20654.38441121493,3.2219874012262046,-0.047421388543169095,0.07035790136054494,1.6482338607622913,0.2589902485252285
1735674600.0,0.0001522067371386,0.0001671749607996,0.0001386319630362,0.0001627898554558,12539.5521282249,1.97495809652535,0.06953120811967062,-0.38703730009194565,1.5700723224410749,0.1875278210412503
1735674660.0,0.0001627898554558,0.0002159420402033,0.0001417636949733,0.0001436655052567,14656.69711401143,2.245811700464115,-0.1174787590145171,0.13714397506220125,1.6792413478556598,0.45566933530535986
1735674720.0,0.0001436655052567,0.0001451496085266,0.0001070654894906,0.0001258901856069,15699.3337373217,2.115922375830987,-0.12372712306993418,-0.05783624896347507,1.481966158223712,0.26508881841853205
1735674780.0,0.0001258901856069,0.000127694217148,0.0001059874149659,0.0001185678076138,11521.1249390098,1.4082155411176478,-0.05816480417277782,-0.33446729558564325,1.298606748979689,0.17242648485626078
1735674840.0,0.0001185678076138,0.0001329437523858,8.79689476524399e-05,0.0001018102481003,19363.18702506559,2.1336107545062215,-0.1413331312330819,0.5151166083658293,1.223073541727838,0.37931716575086194
1735674900.0,0.0001018102481003,0.0001082257874375,8.7155834589071e-05,0.0001028070885041,14113.52628468504,1.4439360792342228,0.00979115975454592,-0.3232429691382996,1.0502127283471072,0.2069531627864377
1735674960.0,0.0001028070885041,0.0001123390969832,9.91963153947345e-05,0.0001040458325515,8114.31488466933,0.8392348681293925,0.012049208526614405,-0.41878668993819146,1.0604955289466111,0.12783925485781422
1735675020.0,0.0001040458325515,0.0001197467463854,0.000102370420283,0.0001130297304923,6261.70942340564,0.6796320493512239,0.08634558175459067,-0.190176582073996,1.0732736607164313,0.16700645932934569
1735675080.0,0.0001130297304923,0.0001131733108264,7.98719352000818e-05,8.45505945800327e-05,12434.62397900502,1.2284185239620176,-0.25196145994710123,0.8074758615851985,1.1659460993328705,0.29462492285237124
1735675140.0,8.45505945800327e-05,0.0001074673665265,8.45505945800327e-05,9.63959750622687e-05,12039.3643566261,1.0892408405026428,0.14009813344391747,-0.11329826174428326,0.8721726179253326,0.2710421146095555
1735675200.0,9.63959750622687e-05,9.63959750622687e-05,6.67837429502932e-05,6.68962700870507e-05,7518.23091783047,0.6138344030617829,-0.30602631444064066,-0.43645667676349525,0.9943623737375668,0.3071936571298432
1735675260.0,6.68962700870507e-05,7.28528090395211e-05,5.20498078947016e-05,6.18742063801594e-05,18538.54755052453,1.1936088005455372,-0.07507240239786443,0.9445127131875655,0.6900613212842123,0.3109740067383278
1735675320.0,6.18742063801594e-05,6.85386587491934e-05,6.18742063801594e-05,6.81909163120856e-05,4344.51419243373,0.2825348857385464,0.10208955074293623,-0.7632935635114166,0.6382567600935619,0.10770970261965289
1735675380.0,6.81909163120856e-05,7.14743513370371e-05,6.07357115110325e-05,6.26540241707892e-05,10277.46572235248,0.6723771953779981,-0.08119691655052715,1.379802386598751,0.7034161059901557,0.1574790368977836
1735675440.0,6.26540241707892e-05,7.95029239179515e-05,4.11588464270533e-05,4.33722084193536e-05,13718.87140679509,0.7272801253255579,-0.30775063544003367,0.08165495546988967,0.6463008871317762,0.6119970424625195
1735675500.0,4.33722084193536e-05,5.2360384725458e-05,4.21101307710249e-05,5.15978005922909e-05,3489.86235488338,0.16571612964633675,0.1896512184347724,-0.7721426395748736,0.4474013784315146,0.23633230421025145
1735675560.0,5.15978005922909e-05,6.04739525234599e-05,4.29316049211884e-05,5.1366529344605e-05,7842.85345644468,0.40376707546804724,-0.0044821919739047615,1.4364983440643175,0.532251594980448,0.3399824682622704
1735675620.0,5.1366529344605e-05,5.15844964056176e-05,3.87449283226238e-05,4.22177929393057e-05,5741.63825081553,0.26866366225097493,-0.17810696035005105,-0.3346073056116829,0.5298659411533286,0.24995981326393293
1735675680.0,4.22177929393057e-05,5.27006018531864e-05,4.1210041870938e-05,5.27006018531864e-05,4308.61604923163,0.20448345958511774,0.24830310122917332,-0.2388868004259638,0.4354931289814903,0.2721733937813324
1735675740.0,5.27006018531864e-05,6.10699604820045e-05,4.76613226272579e-05,4.88028829255306e-05,8013.22250474753,0.4066850042695567,-0.073959666314895,0.9888405893302638,0.5436274234715907,0.2544304501891733
1735675800.0,4.88028829255306e-05,6.20399667787719e-05,4.53412500513549e-05,5.66678906564612e-05,9813.74614549859,0.5175316988515132,0.16115867054272165,0.2725615486635589,0.5034209206320057,0.3421666042331545
1735675860.0,5.66678906564612e-05,8.02032722574639e-05,4.76655452230526e-05,5.5886444530917e-05,11778.57283324748,0.6628647173511418,-0.01378992788493884,0.28081954945396814,0.5845515669244528,0.5741827807155444
1735675920.0,5.5886444530917e-05,6.1767511894492e-05,5.40476358802962e-05,5.96576322394544e-05,3775.50737917722,0.2181187572333782,0.06747947091984245,-0.670945290156644,0.5764906429715365,0.13813503576748523
1735675980.0,5.96576322394544e-05,6.88816313844749e-05,5.91575484427979e-05,5.92192035661565e-05,5370.67598051273,0.3192244833502751,-0.00734907935229696,0.46353521998439534,0.6153919265494956,0.16299813748300268
1735676040.0,5.92192035661565e-05,7.18950321743115e-05,4.85082992933782e-05,5.13344921268698e-05,9155.5860926604,0.5060919393896408,-0.13314450320964427,0.5853794611183437,0.6108693624485205,0.3949180582073669
1735676100.0,5.13344921268698e-05,7.12980644553929e-05,4.00055398234849e-05,4.3054688576929e-05,9609.76635901677,0.4535289866912603,-0.1612912333773131,-0.10386048187563057,0.5295354646593201,0.6095808750687665
1735676160.0,4.3054688576929e-05,4.32821121771756e-05,3.3450991603269e-05,3.36902562005163e-05,5777.79411826056,0.22170824527067748,-0.2175008735617859,-0.5111486767622964,0.4441260364473898,0.2283403015757647
1735676220.0,3.36902562005163e-05,3.64580060213651e-05,2.99218595494311e-05,3.64580060213651e-05,5073.56267814952,0.1779508025729917,0.08215282793861281,-0.19736497686075466,0.34752823554854895,0.1940070278193323
1735676280.0,3.64580060213651e-05,3.98927764594008e-05,3.64580060213651e-05,3.89108745598008e-05,1878.64370427143,0.07079563650089628,0.06727928392458635,-0.6021617465206015,0.37607866288737857,0.09421169210468783
1735676340.0,3.89108745598008e-05,3.96010711806755e-05,3.48840846154485e-05,3.70013804605481e-05,2268.26380533988,0.08609451022219401,-0.049073533320821615,0.21609910550213146,0.4013809660257573,0.12122540597173227
1735676400.0,3.70013804605481e-05,4.07279129455541e-05,2.97522806779665e-05,3.12018468972897e-05,4108.04802039466,0.14009106656594622,-0.15673830249230913,0.6271776934951727,0.3816837838151487,0.2966276428332214
1735676460.0,3.12018468972897e-05,3.32590692717564e-05,2.93330243140923e-05,3.18094192973047e-05,2199.17377374591,0.06928636203283711,0.019472321687078693,-0.5054191267776423,0.32185931545112084,0.12582732588195392
1735676520.0,3.18094192973047e-05,3.18094192973047e-05,2.88646555155899e-05,3.03201861996378e-05,1461.5432447256,0.04540255260576141,-0.046817361981615506,-0.34471155255281505,0.328126663579568,0.09257521346717325
1735676580.0,3.03201861996378e-05,3.29902212912623e-05,3.03201861996378e-05,3.13458155928369e-05,1303.97798799738,0.040205554472596994,0.03382661921816786,-0.11446488875396267,0.3127646387949436,0.08806130259372859
1735676640.0,3.13458155928369e-05,3.16486727540991e-05,2.89628939922774e-05,3.08728199398003e-05,1909.42601194456,0.05940094055685777,-0.015089594706372441,0.4774311991479641,0.32334440913636797,0.08568221024165815
1735676700.0,3.08728199398003e-05,3.55280354436234e-05,2.97162562912894e-05,3.55280354436234e-05,1272.43240495732,0.042245300053376504,0.15078685759514115,-0.28881092357553023,0.3184652730519287,0.1882490541410385
1735676760.0,3.55280354436234e-05,3.65605041156902e-05,3.19578934766495e-05,3.24893885285566e-05,1621.9101140172,0.05515907393493735,-0.08552814353860319,0.3056854576780003,0.3664856508286076,0.12954869532102944
1735676820.0,3.24893885285566e-05,3.48100646640879e-05,3.22834544075835e-05,3.39328430973397e-05,1108.125102264,0.036802071106524704,0.044428492937451665,-0.3328011425656923,0.33514081347970004,0.07776724558185007
1735676880.0,3.39328430973397e-05,3.5726209275626e-05,3.26300903769611e-05,3.49499921212471e-05,1418.46198822639,0.048853841699413716,0.02997535517403045,0.32747533577675014,0.3500306147444347,0.09124254309558966
1735676940.0,3.49499921212471e-05,3.96846595264617e-05,3.49499921212471e-05,3.96846595264617e-05,1420.12317027263,0.05299519905506879,0.13546977031609275,0.0847703519640457,0.3605229067431833,0.13546977031609275
1735677000.0,3.96846595264617e-05,4.32567214228701e-05,3.81573403637482e-05,4.19135998891343e-05,2929.95438772391,0.11953958910267966,0.056166296732024334,1.2556682724875274,0.4093628621133725,0.1284975383427855
1735677060.0,4.19135998891343e-05,4.27033321311431e-05,3.46016285671454e-05,3.63728251586199e-05,2970.93816439416,0.11629206396417795,-0.132195152532121,-0.027166942457132078,0.432355258097903,0.19329534054406022
1735677120.0,3.63728251586199e-05,4.23069387537284e-05,3.60853937279412e-05,4.12405744097816e-05,3716.33280544816,0.14421861147920328,0.13382928683525977,0.2401414727975565,0.37519998880558614,0.17104926545175927
1735677180.0,4.12405744097816e-05,4.46635985907539e-05,4.07776347942885e-05,4.16495376709149e-05,2279.91506671399,0.09449120770719563,0.00991652679396968,-0.3448057311186808,0.4254127357280352,0.09422671366923814
1735677240.0,4.16495376709149e-05,4.16495376709149e-05,3.57188535787807e-05,3.91689903519459e-05,2829.62475187671,0.11434305365186422,-0.059557619548349476,0.2100919908462218,0.4296313525203782,0.14239495619361384
1735677300.0,3.91689903519459e-05,4.33001721786431e-05,3.91689903519459e-05,4.10437966612523e-05,1695.96519818089,0.0680190476117401,0.0478645554164319,-0.4051317903505095,0.4040435318809267,0.10547072542787568
1735677360.0,4.10437966612523e-05,4.61729065309823e-05,3.72007014905442e-05,4.00876233202103e-05,3340.48321840709,0.13550907346680674,-0.023296415507892944,0.992222446869689,0.42338289590329214,0.21860075749055585
1735677420.0,4.00876233202103e-05,4.00876233202103e-05,3.72586013471985e-05,3.84945960719331e-05,1095.402586986,0.043039583206627645,-0.03973863043843932,-0.6823859679243524,0.4135195920413941,0.07057095778450749
1735677480.0,3.84945960719331e-05,4.00571692882101e-05,3.84945960719331e-05,3.9262948404683e-05,531.52948211296,0.020665213673015603,0.019960005069649643,-0.5198556274626429,0.3970868897942069,0.04059201487286915
1735677540.0,3.9262948404683e-05,3.92878061383751e-05,3.44775415505703e-05,3.46062458183322e-05,855.28584487241,0.03158963809553785,-0.11860297750322232,0.5286383482589989,0.4050127461275907,0.12251409492291382
1735677600.0,3.46062458183322e-05,3.68437803513445e-05,3.19879287355992e-05,3.47280210584735e-05,2057.76104154761,0.07133667661167784,0.00351888040039254,1.2582302587934489,0.35697702851010177,0.14031720288980262
1735677660.0,3.47280210584735e-05,3.47280210584735e-05,3.33722561802299e-05,3.44263141433098e-05,456.18219357496,0.01577348816378379,-0.008687708253104796,-0.7788866973766245,0.35823318797911635,0.03903950864233872
1735677720.0,3.44263141433098e-05,3.44263141433098e-05,2.85460424940361e-05,2.85460424940361e-05,1782.73868352297,0.05613162808500049,-0.17080747084324266,2.5586059026487056,0.3551209625553741,0.17080747084324266
1735677780.0,2.85460424940361e-05,2.8682853239745e-05,2.6995872471312e-05,2.76303588144176e-05,524.74385506901,0.014739110693250885,-0.03207742999085799,-0.7374187922906609,0.2944636490978728,0.05909683518426234
1735677840.0,2.76303588144176e-05,3.53646942838797e-05,2.76303588144176e-05,3.53646942838797e-05,2683.81172144088,0.08453343094900045,0.2799216442106536,4.735314206420116,0.2850180120090832,0.2799216442106536
1735677900.0,3.53646942838797e-05,3.53646942838797e-05,2.96946088026e-05,2.96946088026e-05,486.8926978857,0.015838449801169774,-0.16033181103630503,-0.8126368512035764,0.3648007225603176,0.16033181103630503
1735677960.0,2.96946088026e-05,3.68843555232377e-05,2.70150680763212e-05,2.7739811566771e-05,3631.02326812998,0.1042728583763723,-0.06583003833537092,5.583526777265226,0.3063115620448692,0.33235957114384906
1735678020.0,2.7739811566771e-05,3.08912249274975e-05,2.7739811566771e-05,2.95190229987756e-05,730.21543081192,0.020905642275034532,0.06413927606256285,-0.7995102215422566,0.2861470601728881,0.11360615601662978
1735678080.0,2.95190229987756e-05,2.95832040442579e-05,2.89407634455499e-05,2.89407634455499e-05,91.6572768,0.002679132413898215,-0.019589386588088835,-0.8718464432399846,0.30450032545980776,0.021763613204090437
1735678140.0,2.89407634455499e-05,3.01252157536705e-05,2.89407634455499e-05,3.01252157536705e-05,188.63589608752,0.005570981957265878,0.040926781712205665,1.0793977663686798,0.29853535086817673,0.040926781712205665
1735678200.0,3.01252157536705e-05,3.22224819874356e-05,2.86168989394889e-05,2.98898595870604e-05,1620.87047083452,0.04863833171234984,-0.007812596880121089,7.730656836702541,0.3107534420065353,0.11968654689244469
1735678260.0,2.98898595870604e-05,2.98898595870604e-05,2.57938804080074e-05,2.57938804080074e-05,749.33175771258,0.020862797383257223,-0.13703574508681154,-0.5710626444459255,0.3083256506350282,0.13703574508681154
1735678320.0,2.57938804080074e-05,2.63095639075113e-05,2.48759501720447e-05,2.48759501720447e-05,488.97647557377,0.012388177587476956,-0.03558713235243735,-0.40620726166766613,0.26607401537088116,0.055579606976139666
1735678380.0,2.48759501720447e-05,2.48759501720447e-05,2.0152523186635e-05,2.07027204996673e-05,1079.96208765136,0.024611618165497954,-0.16776161889354593,0.9867020787930512,0.25660520417033317,0.18987925899280153
1735678440.0,2.07027204996673e-05,2.07027204996673e-05,1.76245178659016e-05,1.85990424893733e-05,1029.32390428259,0.02022712206253413,-0.10161360244069403,-0.17814741287959168,0.21355669970220917,0.14868590018472055
1735678500.0,1.85990424893733e-05,1.99512492272523e-05,1.7612095876e-05,1.76670258765726e-05,846.33483504312,0.015346618494077669,-0.05011099971050746,-0.2412851197203392,0.1918564341201222,0.12576740725167931
1735678560.0,1.76670258765726e-05,1.79790253343587e-05,1.76223726516416e-05,1.78706896773421e-05,93.90412920655,0.0016685691165402136,0.011527905273494217,-0.8912744773590272,0.18224231640546976,0.020187477236337896
1735678620.0,1.78706896773421e-05,1.78751270405628e-05,1.67393454358002e-05,1.68104368542499e-05,266.80404938703,0.004626532497966353,-0.05932914969904443,1.772754482930555,0.1843431885658142,0.06355555522866223
1735678680.0,1.68104368542499e-05,1.74627371661997e-05,1.65838453882626e-05,1.74427274756799e-05,408.77108068998,0.007000851500098441,0.037612979776319506,0.51319622269502,0.17340626393539382,0.05228250672824749
1735678740.0,1.74427274756799e-05,2.10497420214084e-05,1.74427274756799e-05,1.8332046832584e-05,1636.31435639994,0.02926938839878997,0.05098510873050475,3.1808326313418314,0.1799285902338829,0.20679188795202474
1735678800.0,1.8332046832584e-05,1.84316574810191e-05,1.49098905727352e-05,1.49098905727352e-05,876.31398904155,0.014565187385562391,-0.18667616830250205,-0.502374727236715,0.18910226897068386,0.1921098576959879
1735678860.0,1.49098905727352e-05,1.49098905727352e-05,1.48281392030787e-05,1.48281392030787e-05,31.66407645438,0.00047081362421200017,-0.005483029486882627,-0.9676754159250509,0.15380138198192747,0.005483029486882627
1735678920.0,1.48281392030787e-05,1.52313035113211e-05,1.46644132730901e-05,1.52267712528861e-05,172.27186362565,0.002588807717675545,0.026883484458025162,4.498582845830826,0.15295808446939727,0.03823070652811914
1735678980.0,1.52267712528861e-05,1.54414320497097e-05,1.51041007978914e-05,1.54414320497097e-05,231.65825118642,0.0035522711720544662,0.014097591226565002,0.3721649343829992,0.1570701307559596,0.022153826718475208
1735679040.0,1.54414320497097e-05,1.54414320497097e-05,1.51763860788618e-05,1.52739526812771e-05,56.19961644587,0.0008630964204343948,-0.010846103385582615,-0.7570296920954882,0.15928444125326024,0.01716459781674726
1735679100.0,1.52739526812771e-05,1.52899188930859e-05,1.46866746942547e-05,1.46866746942547e-05,164.23709853782,0.0024603232552650616,-0.03844964033064519,1.8505775218332914,0.1575568257357126,0.03949496318465497
1735679160.0,1.46866746942547e-05,1.46866746942547e-05,1.27558674026211e-05,1.27558674026211e-05,647.57607571167,0.008885566859323566,-0.13146660709989821,2.6115444750231753,0.15149882245453633,0.13146660709989821
1735679220.0,1.27558674026211e-05,1.27840724797391e-05,1.18467878744028e-05,1.27840724797391e-05,402.09236832935,0.005134707457143717,0.0022111453676764508,-0.4221294444759141,0.13158178628680856,0.07347870401535417
1735679280.0,1.27840724797391e-05,1.36085328581194e-05,1.27840724797391e-05,1.36085328581194e-05,164.0854028151,0.002165320639101235,0.06449121590064118,-0.5782971752190653,0.13187273274402722,0.06449121590064118
1735679340.0,1.36085328581194e-05,1.43459903135784e-05,1.36085328581194e-05,1.42351815266876e-05,283.47926527068,0.003946557848105876,0.046048216593335176,0.8226205287287076,0.14037736562282985,0.05419081271637613
1735679400.0,1.42351815266876e-05,1.42351815266876e-05,1.27798920574116e-05,1.27798920574116e-05,427.72294001109,0.005777483349003422,-0.10223188700106688,0.4639297259449233,0.1468414929598317,0.10223188700106688
1735679460.0,1.27798920574116e-05,1.27798920574116e-05,1.25021580526919e-05,1.25021580526919e-05,22.62578935776,0.0002860131701617674,-0.02173210880592914,-0.9504951978423092,0.13182961004449426,0.02173210880592914
1735679520.0,1.25021580526919e-05,1.53184218509349e-05,1.20699029730231e-05,1.53184218509349e-05,1017.3709525738,0.014151924938854157,0.2252622136413173,48.479976501955875,0.1289646746151641,0.25983665093822306
1735679580.0,1.53184218509349e-05,1.68381179063453e-05,1.53184218509349e-05,1.5727233518245e-05,1054.5890029004,0.01637020337008644,0.026687583831303836,0.1567474701015402,0.15801554270050813,0.09920709001219039
1735679640.0,1.5727233518245e-05,1.5727233518245e-05,1.42561302950341e-05,1.42561302950341e-05,439.29902706786,0.006585831275697594,-0.09353858843033572,-0.5976939854191428,0.16223259574297694,0.09353858843033572
1735679700.0,1.42561302950341e-05,1.46257861496459e-05,1.40843849881716e-05,1.46143764875274e-05,184.22327303668,0.0026593096268555747,0.025129273167353753,-0.5962074466333954,0.14705758773978958,0.03797672652184499
1735679760.0,1.46143764875274e-05,1.53883601323822e-05,1.46143764875274e-05,1.50450268569668e-05,341.42619604325,0.0050632486304115504,0.02946758418376166,0.903971083050771,0.15075303803343484,0.05296042876104599
1735679820.0,1.50450268569668e-05,1.50450268569668e-05,1.47530596936935e-05,1.4843236259939e-05,22.97928724865,0.0003434054917633048,-0.013412445118657896,-0.9321768459678835,0.1551953658726429,0.019406224132999944
1735679880.0,1.4843236259939e-05,1.50261925377248e-05,1.47908321278089e-05,1.50261925377248e-05,70.0048365556,0.001045502240494793,0.01232590215380383,2.04451229107138,0.15311381654520606,0.015856407982343088
1735679940.0,1.50261925377248e-05,1.50261925377248e-05,1.49072464463764e-05,1.49072464463764e-05,29.73851244646,0.00044508797389702226,-0.007915916893103466,-0.574283098918678,0.15500108246633773,0.007915916893103466
1735680000.0,1.49072464463764e-05,1.49743575879956e-05,1.49072464463764e-05,1.49743575879956e-05,4.95698574481,7.406134261521949e-05,0.004501914009445651,-0.8336029123259243,0.15377410677919312,0.004501914009445651
1735680060.0,1.49743575879956e-05,1.49743575879956e-05,1.46779169284349e-05,1.46779169284349e-05,57.84322324749,0.0008575915673248741,-0.019796552728134822,10.579476377851142,0.15446638458479237,0.019796552728134822
1735680120.0,1.46779169284349e-05,1.51056475163738e-05,1.45658500111202e-05,1.51056475163738e-05,259.75809829022,0.00386826103024386,0.029141096112233512,3.510609919253648,0.15140848265763518,0.03677616571108086
1735680180.0,1.51056475163738e-05,1.6115899150472e-05,1.44950400146367e-05,1.44950400146367e-05,560.63856208174,0.00829764344700831,-0.0404224645832118,1.1450577875002441,0.15582069180296876,0.10730153302454384
1735680240.0,1.44950400146367e-05,1.44950400146367e-05,1.39398938041268e-05,1.39398938041268e-05,236.3991419509,0.0033609969780931596,-0.038299046428939026,-0.5949456011748785,0.1495220354072317,0.038299046428939026
1735680300.0,1.39398938041268e-05,1.42729336229884e-05,1.36728822032315e-05,1.42729336229884e-05,210.04879570272,0.002963035212217108,0.02389113027267156,-0.11840586839855849,0.14379548403102066,0.04304562345943117
1735680360.0,1.42729336229884e-05,1.49958419394948e-05,1.42729336229884e-05,1.49958419394948e-05,247.79729103444,0.003626361648139177,0.050648895006564235,0.2238672133179717,0.14723092067262764,0.050648895006564235
1735680420.0,1.49958419394948e-05,1.5424800626777e-05,1.49958419394948e-05,1.5424800626777e-05,20.01717076338,0.00030446759849040453,0.028605175288787525,-0.9160404758177833,0.15468800411549533,0.028605175288787525
1735680480.0,1.5424800626777e-05,1.57587973738383e-05,1.5424800626777e-05,1.57587973738383e-05,404.71036647944,0.006310162687488274,0.02165322944151978,19.72523552185847,0.15911288158829176,0.02165322944151978
1735680540.0,1.57587973738383e-05,1.71307823422453e-05,1.57587973738383e-05,1.71307823422453e-05,274.69895403392,0.0045173665733116986,0.08706152733994021,-0.28411250279351963,0.16255818932042443,0.08706152733994021
1735680600.0,1.71307823422453e-05,1.76382221986013e-05,1.71307823422453e-05,1.76382221986013e-05,99.76154946484,0.0017343048831724574,0.029621522602889507,-0.6160805515721006,0.17671075356427574,0.029621522602889507
1735680660.0,1.76382221986013e-05,2.04583976048103e-05,1.75971132905048e-05,2.04583976048103e-05,731.09566198515,0.013926136737285889,0.15989000333790077,7.029808871789407,0.18194519514515356,0.1622206751955079
1735680720.0,2.04583976048103e-05,2.04583976048103e-05,1.59116293647564e-05,1.59116293647564e-05,1441.5190018844,0.026214042487839248,-0.22224459255718226,0.8823628535582072,0.21103641300422715,0.22224459255718226
1735680780.0,1.59116293647564e-05,1.59116293647564e-05,1.50306096881755e-05,1.50306096881755e-05,113.69240616261,0.0017589488049932532,-0.05536954490231666,-0.9329005129289298,0.16413471138137345,0.05536954490231666
1735680840.0,1.50306096881755e-05,1.50306096881755e-05,1.49324890553741e-05,1.49324890553741e-05,27.54246683882,0.00041262882676625204,-0.0065280540734546505,-0.7654116904398279,0.1550466471095137,0.0065280540734546505
1735680900.0,1.49324890553741e-05,1.49324890553741e-05,1.41026048856259e-05,1.41026048856259e-05,207.40599178885,0.0030110262277577675,-0.05557574270911853,6.297178559614954,0.15403449421327498,0.05557574270911853
1735680960.0,1.41026048856259e-05,1.41026048856259e-05,1.40665929482527e-05,1.40665929482527e-05,3.75610721137,5.2903263561169794e-05,-0.002553566356376128,-0.9824301551831498,0.1454739127945488,0.002553566356376128
1735681020.0,1.40665929482527e-05,1.40665929482527e-05,1.30070430878169e-05,1.30070430878169e-05,300.040592211,0.004061594894783697,-0.07532384453958435,75.7739950501815,0.14510243550510624,0.07532384453958435
1735681080.0,1.30070430878169e-05,1.30070430878169e-05,1.27531671204451e-05,1.27531671204451e-05,64.5659502461,0.0008316162253178609,-0.019518345995916165,-0.7952488500549612,0.13417276221080454,0.019518345995916165
1735681140.0,1.27531671204451e-05,1.27531671204451e-05,1.2688556193026e-05,1.2688556193026e-05,7.32071725332,9.312583140756077e-05,-0.0050662652507328515,-0.8880182606201964,0.13155393181474628,0.0050662652507328515
1735681200.0,1.2688556193026e-05,1.41374957060983e-05,1.2688556193026e-05,1.41374957060983e-05,384.47197983072,0.0051569326423489825,0.11419262294544433,54.375963515213215,0.13088744470139596,0.11419262294544433
1735681260.0,1.41374957060983e-05,1.42699684302427e-05,1.38279013408368e-05,1.38279013408368e-05,222.43279269002,0.003110210681917506,-0.021898812328406632,-0.39688747214258646,0.14583382532247516,0.03126912280618492
1735681320.0,1.38279013408368e-05,1.57072520228738e-05,1.38279013408368e-05,1.57072520228738e-05,794.24375747898,0.011729055592655722,0.1359100441718418,2.7711450419894157,0.14264023775060464,0.1359100441718418
1735681380.0,1.57072520228738e-05,1.64391969946756e-05,1.57072520228738e-05,1.63328107697055e-05,93.22739773114,0.0014935058386472454,0.03982610999815421,-0.8726661471719497,0.16202647876397133,0.046599174109888904
1735681440.0,1.63328107697055e-05,1.63328107697055e-05,1.38987062380797e-05,1.56133712930647e-05,1287.71846610504,0.02056884428189139,-0.04404872417766801,12.772188731797517,0.16847936312983885,0.14903157612899293
1735681500.0,1.56133712930647e-05,1.56133712930647e-05,1.26820482968701e-05,1.33946637594112e-05,1042.1607803024,0.015115518222663828,-0.14210304052905126,-0.26512554543614386,0.1610580621337034,0.18774439812986843
1735681560.0,1.33946637594112e-05,1.33946637594112e-05,1.33312414526017e-05,1.33312414526017e-05,19.09739808808,0.00025519762554905123,-0.004734893532877115,-0.9831168457614365,0.1381712218027873,0.004734893532877115
1735681620.0,1.33312414526017e-05,1.34060634879166e-05,1.33312414526017e-05,1.34060634879166e-05,4.8205,6.444358923288424e-05,0.005612533204872445,-0.7474757490621807,0.13751699577824356,0.005612533204872445
1735681680.0,1.34060634879166e-05,1.34060634879166e-05,1.34060634879166e-05,1.34060634879166e-05,0.0,0.0,0.0,-1.0,0.13828881448328326,0.0
1735681740.0,1.34060634879166e-05,1.34060634879166e-05,1.07556520299249e-05,1.07556520299249e-05,716.33526870297,0.008653944488898854,-0.1977024396744516,0.0,0.13828881448328326,0.1977024396744516
1735681800.0,1.07556520299249e-05,1.07556520299249e-05,1.07556520299249e-05,1.07556520299249e-05,0.0,0.0,0.0,-1.0,0.1109487784802505,0.0
1735681860.0,1.07556520299249e-05,1.07556520299249e-05,1.06032476276e-05,1.06032476276e-05,40.24946200937,0.00042984211016374715,-0.014169703696333143,0.0,0.1109487784802505,0.014169703696333143
1735681920.0,1.06032476276e-05,1.06032476276e-05,1.05800883764812e-05,1.05800883764812e-05,12.52243346084,0.00013263345779486154,-0.002184165826564057,-0.6914367981668078,0.10937666716371526,0.002184165826564057
1735681980.0,1.05800883764812e-05,1.05890487614652e-05,1.05433593068686e-05,1.05890487614652e-05,12.26277230827,0.00012979615434258957,0.0008469102208937659,-0.02139206426074105,0.1091377703850728,0.004318437896810549
1735682040.0,1.05890487614652e-05,1.05890487614652e-05,1.05207881856229e-05,1.05207881856229e-05,6.95896224012,7.345127910493808e-05,-0.006446336907117604,-0.4341028093092219,0.10923020027829747,0.006446336907117604
1735682100.0,1.05207881856229e-05,1.05207881856229e-05,1.05207881856229e-05,1.05207881856229e-05,0.0,0.0,0.0,-1.0,0.10852606560687164,0.0
1735682160.0,1.05207881856229e-05,1.05207881856229e-05,1.03044432157906e-05,1.03044432157906e-05,88.27302153375,0.0009191530499711502,-0.02056357052487228,0.0,0.10852606560687164,0.02056357052487228
1735682220.0,1.03044432157906e-05,1.03044432157906e-05,1.02141652867441e-05,1.02141652867441e-05,1.4590098864,1.4968426330184614e-05,-0.008761068129150028,-0.9837149794251844,0.10629438220297781,0.008761068129150028
1735682280.0,1.02141652867441e-05,1.02141652867441e-05,1.01656819687466e-05,1.01656819687466e-05,28.74612225844,0.0002929207904073343,-0.0047466745090194796,18.569244217519664,0.10536312987875161,0.0047466745090194796
1735682340.0,1.01656819687466e-05,1.16339415542837e-05,1.01656819687466e-05,1.16339415542837e-05,501.23299990304,0.005463345347602677,0.14443296475840184,17.651272038442112,0.10486300539596563,0.14443296475840184
1735682400.0,1.16339415542837e-05,1.19173500140911e-05,1.16339415542837e-05,1.18379787880185e-05,14.83157633095,0.00017406278909541656,0.017538100288949195,-0.9681398890202327,0.12000868015878124,0.024360485093123687
1735682460.0,1.18379787880185e-05,1.18724050766573e-05,1.11965954034638e-05,1.11965954034638e-05,220.0742233224,0.002534658012376334,-0.054180143083535456,13.561745365271047,0.12211340442695037,0.05708826526007149
1735682520.0,1.11965954034638e-05,1.11965954034638e-05,1.11965954034638e-05,1.11965954034638e-05,0.0,0.0,0.0,-1.0,0.11549728270268057,0.0
1735682580.0,1.11965954034638e-05,1.11965954034638e-05,1.11965954034638e-05,1.11965954034638e-05,0.0,0.0,0.0,0.0,0.11549728270268057,0.0
1735682640.0,1.11965954034638e-05,1.11965954034638e-05,1.11640681310297e-05,1.11640681310297e-05,1.43553653304,1.6049774703390375e-05,-0.002905103851840376,0.0,0.11549728270268057,0.002905103851840376
1735682700.0,1.11640681310297e-05,1.1261031174855e-05,1.00430795440334e-05,1.00430795440334e-05,453.33406728256,0.00480696125549912,-0.10041040361269336,298.5033478247948,0.11516175110182392,0.1090956823737391
1735682760.0,1.00430795440334e-05,1.00430795440334e-05,9.86999199768483e-06,9.86999199768483e-06,24.7591799974,0.00024651566130125263,-0.017234509155252202,-0.9487169444065644,0.10359831319294524,0.017234509155252202
1735682820.0,9.86999199768483e-06,9.86999199768483e-06,9.36028782319478e-06,9.41213713540672e-06,190.96600295537,0.0018411155645078935,-0.046388574822097954,6.468554146983676,0.10181284711575274,0.051641802203042236
1735682880.0,9.41213713540672e-06,9.98921006504792e-06,9.38296453890721e-06,9.98921006504792e-06,256.73504124457,0.0024905028368544723,0.06131157263639511,0.3527140201653511,0.09708989423947283,0.06441103836663489
1735682940.0,9.98921006504792e-06,1.17904470769569e-05,9.98921006504792e-06,1.17686898885485e-05,1044.10929404517,0.011358812780227498,0.17814019446111656,3.560851171152964,0.10304262834239618,0.18031826342419993
1735683000.0,1.17686898885485e-05,1.17686898885485e-05,1.14595808027339e-05,1.15817963284065e-05,30.1196201286,0.0003516538873363974,-0.015880574805854624,-0.9690413167167851,0.1213986621930952,0.026265377772880055
1735683060.0,1.15817963284065e-05,1.16423459207477e-05,1.15817963284065e-05,1.16308587346569e-05,31.81745899159,0.0003692838502774719,0.004236165518648048,0.05013441789201497,0.11947078165680708,0.005227996644414393
1735683120.0,1.16308587346569e-05,1.17181495489929e-05,9.46601231542556e-06,9.46601231542556e-06,672.83680819677,0.007097375690138161,-0.1861295428497181,18.219296172322043,0.11997687966254757,0.19363464770288735
1735683180.0,9.46601231542556e-06,9.46601231542556e-06,8.57959559431079e-06,8.57959559431079e-06,423.08353256443,0.0038173997708619376,-0.09364204182053398,-0.4621392557581201,0.09764563789842196,0.09364204182053398
1735683240.0,8.57959559431079e-06,8.57959559431079e-06,8.20316288915317e-06,8.20316288915317e-06,0.5121649188,4.297770067961665e-06,-0.043875343659232145,-0.9988741629575277,0.0885019009907452,0.043875343659232145
1735683300.0,8.20316288915317e-06,8.20316288915317e-06,8.14999501670933e-06,8.14999501670933e-06,34.62120987093,0.0002830830559556619,-0.0064813868945773085,64.86742693983203,0.08461884967028092,0.0064813868945773085
1735683360.0,8.14999501670933e-06,8.14999501670933e-06,8.10253755857253e-06,8.10253755857253e-06,1.9150050732,1.556184116700651e-05,-0.005823004558837397,-0.9450272955600567,0.08407040216699375,0.005823004558837397
1735683420.0,8.10253755857253e-06,8.68555267303396e-06,8.10253755857253e-06,8.68555267303396e-06,192.68582318477,0.0016174134929886463,0.0719546327612633,102.9345843226964,0.08358085983191206,0.0719546327612633
1735683480.0,8.68555267303396e-06,8.73074822639845e-06,8.68555267303396e-06,8.73074822639845e-06,0.64411314368,5.6090341618051105e-06,0.005203532240937192,-0.9965320963463458,0.08959488990698791,0.005203532240937192
1735683540.0,8.73074822639845e-06,8.74059045188433e-06,8.73074822639845e-06,8.74059045188433e-06,9.52781925,8.323187849110613e-05,0.0011273060716745305,13.838896695954565,0.09006109980524214,0.0011273060716745305
1735683600.0,8.74059045188433e-06,8.74059045188433e-06,8.705660330878e-06,8.705660330878e-06,0.37035840129,3.230682774204134e-06,-0.003996311370337603,-0.9611845505259219,0.09016262622987428,0.003996311370337603
1735683660.0,8.705660330878e-06,8.705660330878e-06,8.40591077244756e-06,8.40591077244756e-06,193.35505382644,0.0016543043758692345,-0.034431570614725494,511.0602954515601,0.08980230830149233,0.034431570614725494
1735683720.0,8.40591077244756e-06,8.40591077244756e-06,7.99183392074522e-06,8.04032401220797e-06,48.16171742724,0.0003960394562203124,-0.04349162989427525,-0.7606006113522984,0.08671027378184415,0.049260200698249115
1735683780.0,8.04032401220797e-06,8.04032401220797e-06,8.04032401220797e-06,8.04032401220797e-06,0.0,0.0,0.0,-1.0,0.0829391026464929,0.0
1735683840.0,8.04032401220797e-06,8.04032401220797e-06,7.98702140029535e-06,7.98702140029535e-06,8.67853093077,6.954690645027237e-05,-0.006629410933152358,0.0,0.0829391026464929,0.006629410933152358
1735683900.0,7.98702140029535e-06,8.85808526287165e-06,7.98702140029535e-06,8.85808526287165e-06,335.685,0.002827324815112607,0.10905991344208602,39.65349502115107,0.0823892652526224,0.10905991344208602
1735683960.0,8.85808526287165e-06,1.10375197230719e-05,8.85808526287165e-06,1.05855985786124e-05,1321.85193594822,0.012850835563915407,0.19502107560214618,3.545227875914774,0.09137463138963046,0.24603900228137027
1735684020.0,1.05855985786124e-05,1.14317015497354e-05,9.91874555157504e-06,1.14317015497354e-05,521.44716113813,0.005740429323926573,0.07992962937707683,-0.5533030287893924,0.10919461028598583,0.14292588056543173
1735684080.0,1.14317015497354e-05,1.23275285784051e-05,1.12461656557054e-05,1.12461656557054e-05,705.026552496,0.007994249266907012,-0.01622994557921212,0.3926221917908362,0.11792249501611901,0.09459334798018146
1735684140.0,1.12461656557054e-05,1.13015480075933e-05,1.11123909237612e-05,1.13015480075933e-05,107.1583365496,0.001208087744577888,0.004924554162138238,-0.8488804008677979,0.11600861933944248,0.016819695674332946
1735684200.0,1.13015480075933e-05,1.17212458752598e-05,1.09093804567457e-05,1.17198916458395e-05,337.87076498536,0.00388913571338482,0.03701648995032565,2.2192493722744486,0.11657991006865445,0.07183665617919101
1735684260.0,1.17198916458395e-05,1.18073087686992e-05,1.17198916458395e-05,1.18073087686992e-05,15.30513464646,0.00018004348509938217,0.0074588678378039765,-0.9537060420700296,0.12089528913812067,0.0074588678378039765
1735684320.0,1.18073087686992e-05,1.25225614348187e-05,1.17603185618209e-05,1.25225614348187e-05,209.24691343642,0.0025454751221974216,0.06057711203552262,13.138112916400976,0.12179703112201501,0.06455686794762928
1735684380.0,1.25225614348187e-05,1.28751180362691e-05,1.24885821428036e-05,1.28751180362691e-05,344.93844120028,0.004380317983430689,0.028153713063057865,0.7208252971057563,0.12917514352188733,0.030867158885780715
1735684440.0,1.28751180362691e-05,1.28751180362691e-05,1.28751180362691e-05,1.28751180362691e-05,0.0,0.0,0.0,-1.0,0.13281190344748187,0.0
1735684500.0,1.28751180362691e-05,1.28751180362691e-05,1.28579222789986e-05,1.28579222789986e-05,2.69672029184,3.46974059944596e-05,-0.0013355805532857263,0.0,0.13281190344748187,0.0013355805532857263
1735684560.0,1.28579222789986e-05,1.28579222789986e-05,1.28056716723782e-05,1.28056716723782e-05,23.51416240656,0.0003017289580543425,-0.00406368972269674,7.696009093663136,0.13263452245199256,0.00406368972269674
1735684620.0,1.28056716723782e-05,1.28755119597894e-05,1.28056716723782e-05,1.28755119597894e-05,30.52336651856,0.00039193809031754775,0.005453855853718705,0.2989740621679351,0.1320955369062296,0.005453855853718705
1735684680.0,1.28755119597894e-05,1.28755119597894e-05,1.23642394944064e-05,1.23642394944064e-05,219.40277510832,0.0027688357560474064,-0.0397089037686205,6.0644722328572325,0.13281596692343575,0.0397089037686205
1735684740.0,1.23642394944064e-05,1.23642394944064e-05,1.220083426996e-05,1.220083426996e-05,56.23963510423,0.0006907653924082299,-0.013215954327019061,-0.7505213550859666,0.12754199047393677,0.013215954327019061
1735684800.0,1.220083426996e-05,1.22266599327482e-05,1.21347069751918e-05,1.22266599327482e-05,34.62193310405,0.0004228635350928662,0.002116712858872752,-0.38783335161214694,0.12585640135305612,0.007536612294029775
1735684860.0,1.22266599327482e-05,1.22266599327482e-05,1.21939297455054e-05,1.21939297455054e-05,4.0365762315,4.928778592722635e-05,-0.0026769524484062056,-0.883442808762401,0.1261228032161716,0.0026769524484062056
1735684920.0,1.21939297455054e-05,1.21939297455054e-05,1.21939297455054e-05,1.21939297455054e-05,0.0,0.0,0.0,-1.0,0.1257851784693022,0.0
1735684980.0,1.21939297455054e-05,1.21939297455054e-05,1.16967977356217e-05,1.16967977356217e-05,272.79437561607,0.003258628043113876,-0.04076881040477851,0.0,0.1257851784693022,0.04076881040477851
1735685040.0,1.16967977356217e-05,1.16967977356217e-05,1.12931516625768e-05,1.12931516625768e-05,5.7080655,6.561406850330131e-05,-0.03450910943049204,-0.9798645111883951,0.12065706637655599,0.03450910943049204
1735685100.0,1.12931516625768e-05,1.21357605472112e-05,1.12931516625768e-05,1.21357605472112e-05,251.3420301722,0.00294433517976718,0.07461237658098877,43.873534699635925,0.11649329846940527,0.07461237658098877
1735685160.0,1.21357605472112e-05,1.21357605472112e-05,1.21019862029239e-05,1.21019862029239e-05,15.24980369348,0.00018481043995592156,-0.0027830430697695506,-0.9372318609559476,0.12518514032396608,0.0027830430697695506
1735685220.0,1.21019862029239e-05,1.21019862029239e-05,1.20568444738955e-05,1.20568444738955e-05,5.19390891634,6.27393830303403e-05,-0.003730109113617598,-0.660520352392949,0.12483674468674932,0.003730109113617598
1735685280.0,1.20568444738955e-05,1.20568444738955e-05,1.20475501426089e-05,1.20475501426089e-05,0.04967005526,5.986333063053099e-07,-0.000770875937458067,-0.9904584126047937,0.12437109000767893,0.000770875937458067
1735685340.0,1.20475501426089e-05,1.22214345053894e-05,1.20434165584316e-05,1.22214345053894e-05,69.70384785,0.0008458208066890298,0.014433171949666302,1411.9197252811246,0.12427521532707658,0.01477627773701474
1735685400.0,1.22214345053894e-05,1.23796051182506e-05,1.22214345053894e-05,1.23477631761279e-05,21.68610691968,0.0002664051239260691,0.010336648343759624,-0.6850336125344167,0.12606890087897407,0.012942066071822399
1735685460.0,1.23477631761279e-05,1.24067608940673e-05,1.23477631761279e-05,1.24067608940673e-05,1.10496329854,1.3676420285195356e-05,0.0047780085427505045,-0.9486630734287574,0.1273720307744443,0.0047780085427505045
1735685520.0,1.24067608940673e-05,1.24067608940673e-05,1.23391645648621e-05,1.23391645648621e-05,3.21316002249,3.975630920207473e-05,-0.005448346251076925,1.9069236227780086,0.1279806154255921,0.005448346251076925
1735685580.0,1.23391645648621e-05,1.32827529971496e-05,1.23312129411086e-05,1.32827529971496e-05,604.06126833918,0.007738604009895348,0.07647101449433052,193.6509664808498,0.12728333271932754,0.07711543606045047
1735685640.0,1.32827529971496e-05,1.38626886922453e-05,1.32827529971496e-05,1.38626886922453e-05,118.1259136764,0.001603290050854606,0.0436608054986908,-0.7928192153514407,0.13701681830059395,0.0436608054986908
1735685700.0,1.38626886922453e-05,1.40557614385598e-05,1.38626886922453e-05,1.40557614385598e-05,0.85249109583,1.1900115072942624e-05,0.013927510788185172,-0.9925776904393565,0.14299908295446564,0.013927510788185172
1735685760.0,1.40557614385598e-05,1.40557614385598e-05,1.39338483774844e-05,1.39338483774844e-05,11.12658159936,0.0001557143387762317,-0.00867352947105017,12.085112019654373,0.14499070422501453,0.00867352947105017
1735685820.0,1.39338483774844e-05,1.39338483774844e-05,1.31597122647426e-05,1.31597122647426e-05,281.98663265467,0.003820010966063345,-0.055557954397775736,23.53217215630262,0.14373312307889055,0.055557954397775736
1735685880.0,1.31597122647426e-05,1.31597122647426e-05,1.31597122647426e-05,1.31597122647426e-05,0.0,0.0,0.0,-1.0,0.13574760478142367,0.0
1735685940.0,1.31597122647426e-05,1.31597122647426e-05,1.28119831955076e-05,1.28119831955076e-05,8.77050224608,0.00011389240668431505,-0.026423759291959094,0.0,0.13574760478142367,0.026423759291959094
1735686000.0,1.28119831955076e-05,1.28119831955076e-05,1.28119831955076e-05,1.28119831955076e-05,0.0,0.0,0.0,-1.0,0.13216064274821934,0.0
1735686060.0,1.28119831955076e-05,1.28119831955076e-05,1.28119831955076e-05,1.28119831955076e-05,0.0,0.0,0.0,0.0,0.13216064274821934,0.0
1735686120.0,1.28119831955076e-05,1.28119831955076e-05,1.28119831955076e-05,1.28119831955076e-05,0.0,0.0,0.0,0.0,0.13216064274821934,0.0
1735686180.0,1.28119831955076e-05,1.28119831955076e-05,1.28119831955076e-05,1.28119831955076e-05,0.0,0.0,0.0,0.0,0.13216064274821934,0.0
1735686240.0,1.28119831955076e-05,1.28119831955076e-05,1.28119831955076e-05,1.28119831955076e-05,0.0,0.0,0.0,0.0,0.13216064274821934,0.0
1735686300.0,1.28119831955076e-05,1.28708416042571e-05,1.28119831955076e-05,1.28708416042571e-05,1.98726382925,2.551927437876863e-05,0.004594012328250484,0.0,0.13216064274821934,0.004594012328250484
1735686360.0,1.28708416042571e-05,1.28722640676294e-05,1.26524576190652e-05,1.26524576190652e-05,80.95800448988,0.0010331576865591388,-0.016967343077213225,39.485386505295736,0.13276779037031416,0.017077861364675394
1735686420.0,1.26524576190652e-05,1.26524576190652e-05,1.26524576190652e-05,1.26524576190652e-05,0.0,0.0,0.0,-1.0,0.1305150737214975,0.0
1735686480.0,1.26524576190652e-05,1.39871076006143e-05,1.26524576190652e-05,1.39871076006143e-05,380.86,0.005072972404783567,0.10548543387634021,0.0,0.1305150737214975,0.10548543387634021
1735686540.0,1.39871076006143e-05,1.48930203296454e-05,1.39871076006143e-05,1.48930203296454e-05,228.3142195,0.003296871933728697,0.06476769571654069,-0.3501104144347589,0.14428251290041222,0.06476769571654069
1735686600.0,1.48930203296454e-05,1.50369931982424e-05,1.48536844547423e-05,1.50369931982424e-05,27.80390077798,0.0004160855632064958,0.00966713704878349,-0.8737938350138122,0.15362735879316397,0.012308365895077318
1735686660.0,1.50369931982424e-05,1.50369931982424e-05,1.49096368490163e-05,1.49096368490163e-05,31.81268072137,0.00047634129018721326,-0.008469535601105813,0.14481571174055288,0.15511249552506012,0.008469535601105813
1735686720.0,1.49096368490163e-05,1.61435043900724e-05,1.49096368490163e-05,1.60360820049676e-05,336.37091068626,0.0052046198163777655,0.07555148172677445,9.926241171182594,0.15379876472203424,0.08275637787499213
1735686780.0,1.60360820049676e-05,1.60945382137805e-05,1.60144989950104e-05,1.60611646629584e-05,40.9063342246,0.0006564903499438048,0.001564138795438359,-0.8738639183830531,0.1654184892845315,0.00499119540205057
1735686840.0,1.60611646629584e-05,1.60611646629584e-05,1.59635335980281e-05,1.60607389472588e-05,29.91092041656,0.00048039785125680894,-2.650590467963702e-05,-0.26823318682760416,0.16567722676110425,0.00607870394078354
1735686900.0,1.60607389472588e-05,1.60607389472588e-05,1.60607389472588e-05,1.60607389472588e-05,0.0,0.0,0.0,-1.0,0.16567283533632413,0.0
1735686960.0,1.60607389472588e-05,1.61290264632888e-05,1.60169513136e-05,1.60667097990147e-05,35.94116339833,0.000577348942480644,0.0003717669389627496,0.0,0.16567283533632413,0.006978206299027706
1735687020.0,1.60667097990147e-05,1.69121034565209e-05,1.603715212308e-05,1.69121034565209e-05,385.24928803077,0.006352532163397405,0.052617721243589245,10.002933747662277,0.1657344270191864,0.054457405678327284
1735687080.0,1.69121034565209e-05,1.89269220493553e-05,1.69121034565209e-05,1.808603627472e-05,527.94639542105,0.009238570858775436,0.06941376755512091,0.45431311816208814,0.17445499490054792,0.11913471307778291
1735687140.0,1.808603627472e-05,1.86758246708171e-05,1.808603627472e-05,1.86758246708171e-05,118.40688377567,0.0021764286981777767,0.0326101522267478,-0.7644193315776266,0.18656457336540436,0.0326101522267478
1735687200.0,1.86758246708171e-05,1.87179058676879e-05,1.86758246708171e-05,1.87179058676879e-05,12.89669932387,0.0002411278496764572,0.002253244374078662,-0.8892093961643023,0.19264847250296846,0.002253244374078662
1735687260.0,1.87179058676879e-05,1.8757409298849e-05,1.78253317686603e-05,1.78253317686603e-05,317.05685199439,0.005793141943331736,-0.04768557472919125,23.02518809463491,0.19308255658981063,0.049796036841798376
1735687320.0,1.78253317686603e-05,1.78253317686603e-05,1.66387529777049e-05,1.66387529777049e-05,173.44902794211,0.002988880999085772,-0.06656699613533092,-0.48406563686461046,0.1838753039086439,0.06656699613533092
1735687380.0,1.66387529777049e-05,1.66387529777049e-05,1.66387529777049e-05,1.66387529777049e-05,0.0,0.0,0.0,-1.0,0.1716352772639744,0.0
1735687440.0,1.66387529777049e-05,1.66387529777049e-05,1.66387529777049e-05,1.66387529777049e-05,0.0,0.0,0.0,0.0,0.1716352772639744,0.0
1735687500.0,1.66387529777049e-05,1.66387529777049e-05,1.6589719725523e-05,1.6589719725523e-05,4.70249530173,7.812836838529637e-05,-0.00294693071335332,0.0,0.1716352772639744,0.00294693071335332
1735687560.0,1.6589719725523e-05,1.6589719725523e-05,1.65777378289445e-05,1.65777378289445e-05,1.69702942925,2.8143075781665795e-05,-0.0007222482824749771,-0.6397841608201014,0.1711294799939103,0.0007222482824749771
1735687620.0,1.65777378289445e-05,1.68392227212703e-05,1.65777378289445e-05,1.68392227212703e-05,95.0,0.001587305626135203,0.015773255375606754,55.40128458060279,0.17100588202090386,0.015773255375606754
1735687680.0,1.68392227212703e-05,1.85290010195915e-05,1.68392227212703e-05,1.85290010195915e-05,417.25187797732,0.00737872888829831,0.1003477610749084,3.648587371459243,0.17370320146875046,0.1003477610749084
1735687740.0,1.85290010195915e-05,1.85290010195915e-05,1.80366327242582e-05,1.80366327242582e-05,200.54541418344,0.003666535082020154,-0.026572846253972358,-0.5030939423950385,0.1911339288276833,0.026572846253972358
1735687800.0,1.80366327242582e-05,1.80366327242582e-05,1.7580873122496e-05,1.7580873122496e-05,6.85686686528,0.00012211224783226275,-0.025268552546907998,-0.9666954644915104,0.18605495632302757,0.025268552546907998
1735687860.0,1.7580873122496e-05,1.7580873122496e-05,1.7580873122496e-05,1.7580873122496e-05,0.0,0.0,0.0,-1.0,0.1813536168825665,0.0
1735687920.0,1.7580873122496e-05,1.7580873122496e-05,1.7580873122496e-05,1.7580873122496e-05,0.0,0.0,0.0,0.0,0.1813536168825665,0.0
1735687980.0,1.7580873122496e-05,1.7580873122496e-05,1.7580873122496e-05,1.7580873122496e-05,0.0,0.0,0.0,0.0,0.1813536168825665,0.0
1735688040.0,1.7580873122496e-05,1.79376544001987e-05,1.7580873122496e-05,1.79376544001987e-05,94.5338729703,0.0016788519844612624,0.020293717793012967,0.0,0.1813536168825665,0.020293717793012967
1735688100.0,1.79376544001987e-05,1.79376544001987e-05,1.78661207201705e-05,1.78661207201705e-05,31.20190362992,0.0005585729704465436,-0.003987906023398826,-0.6672887332436351,0.18503395600432349,0.003987906023398826
1735688160.0,1.78661207201705e-05,1.78661207201705e-05,1.77274713058337e-05,1.77690523414133e-05,27.65106581331,0.0004926752577972727,-0.005433097664431045,-0.11797511898327236,0.18429605797664053,0.007760465548644184
1735688220.0,1.77690523414133e-05,1.79683887308417e-05,1.77690523414133e-05,1.79683887308417e-05,75.33654698895,0.0013461677043023854,0.011218177852052267,1.7323631195141322,0.1832947594944838,0.011218177852052267
1735688280.0,1.79683887308417e-05,1.81538636877551e-05,1.79683887308417e-05,1.81538636877551e-05,24.55528051844,0.0004434960205482711,0.010322292092615063,-0.6705492048792682,0.18535099270584204,0.010322292092615063
1735688340.0,1.81538636877551e-05,1.81736086054606e-05,1.80899716998787e-05,1.81736086054606e-05,22.54853043737,0.00040956555735814485,0.001087642721412409,-0.07650680416067715,0.1872642397922079,0.004607113230574342
1735688400.0,1.81736086054606e-05,1.81736086054606e-05,1.81736086054606e-05,1.81736086054606e-05,0.0,0.0,0.0,-1.0,0.18746791637959875,0.0
1735688460.0,1.81736086054606e-05,1.82081482768436e-05,1.81736086054606e-05,1.82081482768436e-05,3.7577780389,6.835728351446083e-05,0.001900540070650557,0.0,0.18746791637959875,0.001900540070650557
1735688520.0,1.82081482768436e-05,1.82226234305349e-05,1.82081482768436e-05,1.82226234305349e-05,9.4595,0.00017230844248297347,0.0007949821954004547,1.520703480654289,0.18782420666663954,0.0007949821954004547
1735688580.0,1.82226234305349e-05,1.82226234305349e-05,1.81432182336676e-05,1.81432182336676e-05,3.86939823786,7.035696182688046e-05,-0.004357506325584547,-0.5916801242409656,0.18797352356680475,0.004357506325584547
1735688640.0,1.81432182336676e-05,1.86303044994691e-05,1.81432182336676e-05,1.86303044994691e-05,178.59255577716,0.003283738704920188,0.026846740171908096,45.672548382633664,0.18715442774881996,0.026846740171908096
1735688700.0,1.86303044994691e-05,1.9071701924634e-05,1.86303044994691e-05,1.89990595575907e-05,13.7346636452,0.00025841332925324737,0.019793292059832365,-0.9213051486508187,0.1921789140426147,0.023692442878616417
1735688760.0,1.89990595575907e-05,1.91582405919933e-05,1.89990595575907e-05,1.91474990879469e-05,58.6839674355,0.0011192957026655596,0.007812993580352909,3.3314162852978835,0.19598276741600157,0.008378363882700855
1735688820.0,1.91474990879469e-05,1.91965648161619e-05,1.91474990879469e-05,1.91965648161619e-05,5.63102595,0.00010795820943624746,0.0025625136729154983,-0.9035480890535458,0.19751397951968258,0.0025625136729154983
1735688880.0,1.91965648161619e-05,2.11618522777141e-05,1.91965648161619e-05,2.03194719106063e-05,1159.6138772607,0.022911672281351946,0.058495210221101906,211.22723497356606,0.19802011179279372,0.10237703882819667
1735688940.0,2.03194719106063e-05,2.03194719106063e-05,1.95287917311362e-05,1.95287917311362e-05,7.4340940653,0.00014811787012579384,-0.03891243743679089,-0.9935352658545858,0.2096033398601193,0.03891243743679089
1735689000.0,1.95287917311362e-05,1.95287917311362e-05,1.95287917311362e-05,1.95287917311362e-05,0.0,0.0,0.0,-1.0,0.20144716301127,0.0
1735689060.0,1.95287917311362e-05,1.95287917311362e-05,1.94475819243953e-05,1.94475819243953e-05,24.34297305178,0.0004744004067763556,-0.004158465503599084,0.0,0.20144716301127,0.004158465503599084
1735689120.0,1.94475819243953e-05,2.06557505819874e-05,1.9330284030074e-05,1.96456515187088e-05,573.86721778149,0.011217162555038225,0.010184792900398566,22.644926089463244,0.2006094519330897,0.06815585387768532
1735689180.0,1.96456515187088e-05,1.97054354069735e-05,1.95990979632724e-05,1.95990979632724e-05,10.55279758548,0.00020707094878810937,-0.0023696620797772332,-0.9815398102887345,0.2026526176548907,0.005412772572079547
1735689240.0,1.95990979632724e-05,1.97371030467394e-05,1.95939592013314e-05,1.96724383968648e-05,24.9031224844,0.0004889919400635324,0.0037420310735646204,1.3614705149388477,0.2021723994314663,0.007303593546817429
1735689300.0,1.96724383968648e-05,1.9806065484911e-05,1.96724383968648e-05,1.9806065484911e-05,18.76644,0.0003704354871935563,0.006792604218676654,-0.24245073007659923,0.20292893483235597,0.006792604218676654
1735689360.0,1.9806065484911e-05,1.98692996913515e-05,1.9806065484911e-05,1.98692996913515e-05,11.2727601,0.0002236254367559507,0.003192668755370576,-0.3963174574602672,0.2043073507711898,0.003192668755370576
1735689420.0,1.98692996913515e-05,1.98692996913515e-05,1.98692996913515e-05,1.98692996913515e-05,0.0,0.0,0.0,-1.0,0.20495963646648951,0.0
1735689480.0,1.98692996913515e-05,1.98692996913515e-05,1.97725396521186e-05,1.97725396521186e-05,8.4377305413,0.00016724357927085283,-0.004869826352008703,0.0,0.20495963646648951,0.004869826352008703
1735689540.0,1.97725396521186e-05,1.97725396521186e-05,1.9450681968533e-05,1.9450681968533e-05,113.45709415513,0.0022250763742408994,-0.016278014319273885,12.304405370548569,0.20396151862772688,0.016278014319273885
1735689600.0,1.9450681968533e-05,1.9450681968533e-05,1.91198950043807e-05,1.91198950043807e-05,33.6403814349,0.0006487644607664939,-0.017006445567689696,-0.7084304753414028,0.2006414301069239,0.017006445567689696
1735689660.0,1.91198950043807e-05,1.91198950043807e-05,1.91198950043807e-05,1.91198950043807e-05,0.0,0.0,0.0,-1.0,0.19722923254718708,0.0
1735689720.0,1.91198950043807e-05,1.9153011234602e-05,1.89289067968369e-05,1.89289067968369e-05,75.15313015655,0.0014297432770338403,-0.009988977842192184,0.0,0.19722923254718708,0.011721007762529588
1735689780.0,1.89289067968369e-05,1.89289067968369e-05,1.89289067968369e-05,1.89289067968369e-05,0.0,0.0,0.0,-1.0,0.19525911411344066,0.0
1735689840.0,1.89289067968369e-05,1.89289067968369e-05,1.88124038435811e-05,1.88124038435811e-05,20.76622240887,0.000391872225380586,-0.00615476395473985,0.0,0.19525911411344066,0.00615476395473985
1735689900.0,1.88124038435811e-05,1.88124038435811e-05,1.88124038435811e-05,1.88124038435811e-05,0.0,0.0,0.0,-1.0,0.19405734035606081,0.0
1735689960.0,1.88124038435811e-05,1.88124038435811e-05,1.88124038435811e-05,1.88124038435811e-05,0.0,0.0,0.0,0.0,0.19405734035606081,0.0
1735690020.0,1.88124038435811e-05,1.88124038435811e-05,1.87568621511504e-05,1.87568621511504e-05,12.66523194688,0.00023791173394865288,-0.0029523974125003206,0.0,0.19405734035606081,0.0029523974125003206
1735690080.0,1.87568621511504e-05,1.87568621511504e-05,1.87568621511504e-05,1.87568621511504e-05,0.0,0.0,0.0,-1.0,0.1934844059665169,0.0
1735690140.0,1.87568621511504e-05,1.87568621511504e-05,1.87568621511504e-05,1.87568621511504e-05,0.0,0.0,0.0,0.0,0.1934844059665169,0.0
1735690200.0,1.87568621511504e-05,1.87568621511504e-05,1.87568621511504e-05,1.87568621511504e-05,0.0,0.0,0.0,0.0,0.1934844059665169,0.0
1735690260.0,1.87568621511504e-05,1.87568621511504e-05,1.87157513464222e-05,1.87157513464222e-05,2.31140613285,4.33072143261035e-05,-0.002191774103627441,0.0,0.1934844059665169,0.002191774103627441
1735690320.0,1.87157513464222e-05,1.87157513464222e-05,1.87157513464222e-05,1.87157513464222e-05,0.0,0.0,0.0,-1.0,0.19306033185606372,0.0
1735690380.0,1.87157513464222e-05,1.87157513464222e-05,1.71127765929754e-05,1.71127765929754e-05,362.72621324133,0.006497973132734442,-0.08564843183563833,0.0,0.19306033185606372,0.08564843183563833
1735690440.0,1.71127765929754e-05,1.71127765929754e-05,1.71127765929754e-05,1.71127765929754e-05,0.0,0.0,0.0,-1.0,0.17652501718292393,0.0
1735690500.0,1.71127765929754e-05,1.71127765929754e-05,1.66828410753852e-05,1.66828410753852e-05,141.2589354647,0.0023869664876023126,-0.025123656307573284,0.0,0.17652501718292393,0.025123656307573284
1735690560.0,1.66828410753852e-05,1.66828410753852e-05,1.63378264598055e-05,1.63378264598055e-05,65.715270523,0.0010849810499625504,-0.020680806945332395,-0.5454561027153738,0.1720900633215317,0.020680806945332395
1735690620.0,1.63378264598055e-05,1.63378264598055e-05,1.62378649839475e-05,1.62378649839475e-05,8.15587043775,0.00013284155941768532,-0.0061184072498215,-0.8775632446094146,0.16853110194476906,0.0061184072498215
1735690680.0,1.62378649839475e-05,1.62378649839475e-05,1.54655977902594e-05,1.54655977902594e-05,362.7896982953,0.005750844847385398,-0.047559651127260294,42.29100676470817,0.1674999600288098,0.047559651127260294
1735690740.0,1.54655977902594e-05,1.54655977902594e-05,1.54655977902594e-05,1.54655977902594e-05,0.0,0.0,0.0,-1.0,0.15953372036600955,0.0
1735690800.0,1.54655977902594e-05,1.54655977902594e-05,1.54655977902594e-05,1.54655977902594e-05,0.0,0.0,0.0,0.0,0.15953372036600955,0.0
1735690860.0,1.54655977902594e-05,1.54655977902594e-05,1.47459697188393e-05,1.48351552967442e-05,7.6013818496,0.00011516379727238016,-0.04076418526235485,0.0,0.15953372036600955,0.046530892706477735
1735690920.0,1.48351552967442e-05,1.48351552967442e-05,1.48351552967442e-05,1.48351552967442e-05,0.0,0.0,0.0,-1.0,0.15303045823341682,0.0
1735690980.0,1.48351552967442e-05,1.50518298294722e-05,1.48351552967442e-05,1.50518298294722e-05,95.255,0.0014234423840988714,0.014605477893147038,0.0,0.15303045823341682,0.014605477893147038
1735691040.0,1.50518298294722e-05,1.52549528157931e-05,1.50518298294722e-05,1.51566739066198e-05,11.74543022355,0.00017740593639505907,0.006965536970283172,-0.8753683757229358,0.15526554120812316,0.013494903186001717
1735691100.0,1.51566739066198e-05,1.5396178661958e-05,1.48373479290069e-05,1.48373479290069e-05,168.74090433044,0.002530609184525307,-0.021068341219205904,13.264512428095879,0.15634704907561936,0.03687027486334097
1735691160.0,1.48373479290069e-05,1.48373479290069e-05,1.48373479290069e-05,1.48373479290069e-05,0.0,0.0,0.0,-1.0,0.15305307609707827,0.0
1735691220.0,1.48373479290069e-05,1.48373479290069e-05,1.48373479290069e-05,1.48373479290069e-05,0.0,0.0,0.0,0.0,0.15305307609707827,0.0
1735691280.0,1.48373479290069e-05,1.48373479290069e-05,1.47436844972045e-05,1.47436844972045e-05,41.7394620858,0.0006173481907063356,-0.006312680153525861,0.0,0.15305307609707827,0.006312680153525861
1735691340.0,1.47436844972045e-05,1.47436844972045e-05,1.47436844972045e-05,1.47436844972045e-05,0.0,0.0,0.0,-1.0,0.15208690098116417,0.0
1735691400.0,1.47436844972045e-05,1.52492968275516e-05,1.46336124441095e-05,1.52492968275516e-05,287.10043726985,0.00430549902668196,0.034293485488174104,0.0,0.15208690098116417,0.04175919415250896
1735691460.0,1.52492968275516e-05,1.60886997334923e-05,1.52492968275516e-05,1.60886997334923e-05,201.6130055213,0.0031590738368441123,0.05504535162723772,-0.266269991639353,0.1573024909129031,0.05504535162723772
1735691520.0,1.60886997334923e-05,1.60886997334923e-05,1.6067297931173e-05,1.6067297931173e-05,8.05422181473,0.0001294957689325771,-0.0013302381593179487,-0.9590083120494763,0.1659612618370442,0.0013302381593179487
1735691580.0,1.6067297931173e-05,1.6067297931173e-05,1.6067297931173e-05,1.6067297931173e-05,0.0,0.0,0.0,-1.0,0.16574049383358003,0.0
1735691640.0,1.6067297931173e-05,1.6067297931173e-05,1.60325761732809e-05,1.60325761732809e-05,16.04452026242,0.0002575135402450208,-0.0021610203558082154,0.0,0.16574049383358003,0.0021610203558082154
1735691700.0,1.60325761732809e-05,1.60325761732809e-05,1.60325761732809e-05,1.60325761732809e-05,0.0,0.0,0.0,-1.0,0.16538232525262395,0.0
1735691760.0,1.60325761732809e-05,1.60325761732809e-05,1.60325761732809e-05,1.60325761732809e-05,0.0,0.0,0.0,0.0,0.16538232525262395,0.0
1735691820.0,1.60325761732809e-05,1.60325761732809e-05,1.59959443321614e-05,1.59959443321614e-05,12.5618870151,0.00020116932792508982,-0.002284838114821983,0.0,0.16538232525262395,0.002284838114821983
1735691880.0,1.59959443321614e-05,1.59959443321614e-05,1.59959443321614e-05,1.59959443321614e-05,0.0,0.0,0.0,-1.0,0.16500445341236886,0.0
1735691940.0,1.59959443321614e-05,1.59959443321614e-05,1.59959443321614e-05,1.59959443321614e-05,0.0,0.0,0.0,0.0,0.16500445341236886,0.0
1735692000.0,1.59959443321614e-05,1.59959443321614e-05,1.59959443321614e-05,1.59959443321614e-05,0.0,0.0,0.0,0.0,0.16500445341236886,0.0
1735692060.0,1.59959443321614e-05,1.59959443321614e-05,1.59959443321614e-05,1.59959443321614e-05,0.0,0.0,0.0,0.0,0.16500445341236886,0.0
1735692120.0,1.59959443321614e-05,1.59959443321614e-05,1.59959443321614e-05,1.59959443321614e-05,0.0,0.0,0.0,0.0,0.16500445341236886,0.0
1735692180.0,1.59959443321614e-05,1.59959443321614e-05,1.59959443321614e-05,1.59959443321614e-05,0.0,0.0,0.0,0.0,0.16500445341236886,0.0
1735692240.0,1.59959443321614e-05,1.59959443321614e-05,1.59959443321614e-05,1.59959443321614e-05,0.0,0.0,0.0,0.0,0.16500445341236886,0.0
1735692300.0,1.59959443321614e-05,1.59959443321614e-05,1.49378876263804e-05,1.49378876263804e-05,324.3757297865,0.005017092158322476,-0.06614531057436067,0.0,0.16500445341236886,0.06614531057436067
1735692360.0,1.49378876263804e-05,1.49378876263804e-05,1.49378876263804e-05,1.49378876263804e-05,0.0,0.0,0.0,-1.0,0.15409018259525512,0.0
1735692420.0,1.49378876263804e-05,1.49378876263804e-05,1.44164145206653e-05,1.44164145206653e-05,107.8051316004,0.001582272203000083,-0.03490942754142664,0.0,0.15409018259525512,0.03490942754142664
1735692480.0,1.44164145206653e-05,1.44675702240123e-05,1.44164145206653e-05,1.44675702240123e-05,94.62876,0.001366627830123879,0.003548434548248504,-0.1362877844073411,0.14871098253110085,0.003548434548248504
1735692540.0,1.44675702240123e-05,1.44675702240123e-05,1.44675702240123e-05,1.44675702240123e-05,0.0,0.0,0.0,-1.0,0.14923867371921817,0.0
1735692600.0,1.44675702240123e-05,1.44675702240123e-05,1.44675702240123e-05,1.44675702240123e-05,0.0,0.0,0.0,0.0,0.14923867371921817,0.0
1735692660.0,1.44675702240123e-05,1.44675702240123e-05,1.44675702240123e-05,1.44675702240123e-05,0.0,0.0,0.0,0.0,0.14923867371921817,0.0
1735692720.0,1.44675702240123e-05,1.46212380011337e-05,1.44675702240123e-05,1.46212380011337e-05,2.0396745305,2.9665850629714603e-05,0.010621533176756449,0.0,0.14923867371921817,0.010621533176756449
1735692780.0,1.46212380011337e-05,1.46212380011337e-05,1.46212380011337e-05,1.46212380011337e-05,0.0,0.0,0.0,-1.0,0.15082381724338198,0.0
1735692840.0,1.46212380011337e-05,1.46212380011337e-05,1.46212380011337e-05,1.46212380011337e-05,0.0,0.0,0.0,0.0,0.15082381724338198,0.0
1735692900.0,1.46212380011337e-05,1.46212380011337e-05,1.46212380011337e-05,1.46212380011337e-05,0.0,0.0,0.0,0.0,0.15082381724338198,0.0
1735692960.0,1.46212380011337e-05,1.46212380011337e-05,1.46212380011337e-05,1.46212380011337e-05,0.0,0.0,0.0,0.0,0.15082381724338198,0.0
1735693020.0,1.46212380011337e-05,1.57687805956112e-05,1.46212380011337e-05,1.57687805956112e-05,321.10495593186,0.004879192791138088,0.0784846395625679,0.0,0.15082381724338198,0.0784846395625679
1735693080.0,1.57687805956112e-05,1.59635258326028e-05,1.57687805956112e-05,1.59635258326028e-05,74.58473241248,0.00118337279188958,0.01235005051981027,-0.7574654573930959,0.16266117017717943,0.01235005051981027
1735693140.0,1.59635258326028e-05,1.59635258326028e-05,1.45538107979824e-05,1.45538107979824e-05,374.59550741255,0.005715828600006831,-0.08830850085394654,3.8301166286576005,0.16467004384647907,0.08830850085394654
1735693200.0,1.45538107979824e-05,1.45538107979824e-05,1.45538107979824e-05,1.45538107979824e-05,0.0,0.0,0.0,-1.0,0.15012827913884286,0.0
1735693260.0,1.45538107979824e-05,1.45538107979824e-05,1.45538107979824e-05,1.45538107979824e-05,0.0,0.0,0.0,0.0,0.15012827913884286,0.0
1735693320.0,1.45538107979824e-05,1.45538107979824e-05,1.45538107979824e-05,1.45538107979824e-05,0.0,0.0,0.0,0.0,0.15012827913884286,0.0
1735693380.0,1.45538107979824e-05,1.45538107979824e-05,1.45538107979824e-05,1.45538107979824e-05,0.0,0.0,0.0,0.0,0.15012827913884286,0.0
1735693440.0,1.45538107979824e-05,1.45538107979824e-05,1.4500475700657e-05,1.4500475700657e-05,4.32210778185,6.278787888593436e-05,-0.003664682608955803,0.0,0.15012827913884286,0.003664682608955803
1735693500.0,1.4500475700657e-05,1.4500475700657e-05,1.4500475700657e-05,1.4500475700657e-05,0.0,0.0,0.0,-1.0,0.14957810664517027,0.0
1735693560.0,1.4500475700657e-05,1.4500475700657e-05,1.44506989667441e-05,1.44506989667441e-05,10.81007746985,0.00015648222049888236,-0.0034327655823487725,0.0,0.14957810664517027,0.0034327655823487725
1735693620.0,1.44506989667441e-05,1.44506989667441e-05,1.44506989667441e-05,1.44506989667441e-05,0.0,0.0,0.0,-1.0,0.14906464006880585,0.0
1735693680.0,1.44506989667441e-05,1.44506989667441e-05,1.44506989667441e-05,1.44506989667441e-05,0.0,0.0,0.0,0.0,0.14906464006880585,0.0
1735693740.0,1.44506989667441e-05,1.44506989667441e-05,1.44506989667441e-05,1.44506989667441e-05,0.0,0.0,0.0,0.0,0.14906464006880585,0.0
1735693800.0,1.44506989667441e-05,1.44506989667441e-05,1.44506989667441e-05,1.44506989667441e-05,0.0,0.0,0.0,0.0,0.14906464006880585,0.0
1735693860.0,1.44506989667441e-05,1.44506989667441e-05,1.43757024952884e-05,1.43757024952884e-05,17.04597025201,0.00024568699089715177,-0.005189816190088248,0.0,0.14906464006880585,0.005189816190088248
1735693920.0,1.43757024952884e-05,1.43757024952884e-05,1.43757024952884e-05,1.43757024952884e-05,0.0,0.0,0.0,-1.0,0.14829102198640706,0.0
1735693980.0,1.43757024952884e-05,1.43757024952884e-05,1.43539371477152e-05,1.43539371477152e-05,1.06727455464,1.5331206677477178e-05,-0.001514037145686172,0.0,0.14829102198640706,0.001514037145686172
1735694040.0,1.43539371477152e-05,1.44459006984085e-05,1.43539371477152e-05,1.44459006984085e-05,9.581,0.00013796562320185556,0.006406851984017336,7.999006151586135,0.14806650387074788,0.006406851984017336
1735694100.0,1.44459006984085e-05,1.46639554118571e-05,1.44459006984085e-05,1.46639554118571e-05,100.33623639225,0.0014603867020119962,0.015094573748013065,9.58514917064032,0.1490151440448387,0.015094573748013065
1735694160.0,1.46639554118571e-05,1.46639554118571e-05,1.46639554118571e-05,1.46639554118571e-05,0.0,0.0,0.0,-1.0,0.15126446412619432,0.0
1735694220.0,1.46639554118571e-05,1.4753734095227e-05,1.46639554118571e-05,1.4753734095227e-05,7.07142049064,0.00010401242618383991,0.006122405643521421,0.0,0.15126446412619432,0.006122405643521421
1735694280.0,1.4753734095227e-05,1.4753734095227e-05,1.4753734095227e-05,1.4753734095227e-05,0.0,0.0,0.0,-1.0,0.15219056653502477,0.0
1735694340.0,1.4753734095227e-05,1.4753734095227e-05,1.4753734095227e-05,1.4753734095227e-05,0.0,0.0,0.0,0.0,0.15219056653502477,0.0
1735694400.0,1.4753734095227e-05,1.4753734095227e-05,1.4753734095227e-05,1.4753734095227e-05,0.0,0.0,0.0,0.0,0.15219056653502477,0.0
1735694460.0,1.4753734095227e-05,1.4753734095227e-05,1.46496790650655e-05,1.46496790650655e-05,33.547765059,0.0004932093983171008,-0.007052792838062782,0.0,0.15219056653502477,0.007052792838062782
1735694520.0,1.46496790650655e-05,1.46496790650655e-05,1.46496790650655e-05,1.46496790650655e-05,0.0,0.0,0.0,-1.0,0.15111719799734583,0.0
1735694580.0,1.46496790650655e-05,1.46496790650655e-05,1.46496790650655e-05,1.46496790650655e-05,0.0,0.0,0.0,0.0,0.15111719799734583,0.0
1735694640.0,1.46496790650655e-05,1.46496790650655e-05,1.46496790650655e-05,1.46496790650655e-05,0.0,0.0,0.0,0.0,0.15111719799734583,0.0
1735694700.0,1.46496790650655e-05,1.46496790650655e-05,1.46496790650655e-05,1.46496790650655e-05,0.0,0.0,0.0,0.0,0.15111719799734583,0.0
1735694760.0,1.46496790650655e-05,1.46496790650655e-05,1.45648865754791e-05,1.45648865754791e-05,1.1034332244,1.611816118209579e-05,-0.00578801004512113,0.0,0.15111719799734583,0.00578801004512113
1735694820.0,1.45648865754791e-05,1.48095655671124e-05,1.45648865754791e-05,1.48095655671124e-05,85.869,0.0012611774155160949,0.016799237698509172,77.24573791438586,0.15024253013734662,0.016799237698509172
1735694880.0,1.48095655671124e-05,1.48095655671124e-05,1.48095655671124e-05,1.48095655671124e-05,0.0,0.0,0.0,-1.0,0.15276649011354934,0.0
1735694940.0,1.48095655671124e-05,1.4843743277779e-05,1.48095655671124e-05,1.4843743277779e-05,28.6041512704,0.0004241038659335819,0.002307813184101659,0.0,0.15276649011354934,0.002307813184101659
1735695000.0,1.4843743277779e-05,1.4843743277779e-05,1.4843743277779e-05,1.4843743277779e-05,0.0,0.0,0.0,-1.0,0.15311904663352233,0.0
1735695060.0,1.4843743277779e-05,1.4843743277779e-05,1.4843743277779e-05,1.4843743277779e-05,0.0,0.0,0.0,0.0,0.15311904663352233,0.0
1735695120.0,1.4843743277779e-05,1.4843743277779e-05,1.47042014887053e-05,1.47042014887053e-05,31.01823520123,0.00045826255023988146,-0.009400714258012852,0.0,0.15311904663352233,0.009400714258012852
1735695180.0,1.47042014887053e-05,1.47042014887053e-05,1.45276160857438e-05,1.45276160857438e-05,37.36041687777,0.0005460564453381709,-0.012009180035865239,0.19157990338144146,0.15167961822866124,0.012009180035865239
1735695240.0,1.45276160857438e-05,1.45276160857438e-05,1.45276160857438e-05,1.45276160857438e-05,0.0,0.0,0.0,-1.0,0.14985807038558194,0.0
1735695300.0,1.45276160857438e-05,1.45276160857438e-05,1.3272041121756e-05,1.3272041121756e-05,336.12408043371,0.004672067107621615,-0.0864267720579371,0.0,0.14985807038558194,0.0864267720579371
1735695360.0,1.3272041121756e-05,1.3272041121756e-05,1.32605287154374e-05,1.32605287154374e-05,3.96290026125,5.25729639697238e-05,-0.0008674179211009989,-0.9887473868078733,0.13690632109532494,0.0008674179211009989
1735695420.0,1.32605287154374e-05,1.32605287154374e-05,1.32605287154374e-05,1.32605287154374e-05,0.0,0.0,0.0,-1.0,0.13678756609889486,0.0
1735695480.0,1.32605287154374e-05,1.39838260780979e-05,1.32605287154374e-05,1.39838260780979e-05,248.157,0.0033804386762496703,0.054545137541798454,0.0,0.13678756609889486,0.054545137541798454
1735695540.0,1.39838260780979e-05,1.43635729045671e-05,1.39838260780979e-05,1.43635729045671e-05,38.18,0.0005411518465790749,0.027156146275587358,-0.8399166799323691,0.14424866270576692,0.027156146275587358
1735695600.0,1.43635729045671e-05,1.43635729045671e-05,1.43635729045671e-05,1.43635729045671e-05,0.0,0.0,0.0,-1.0,0.1481659004902626,0.0
1735695660.0,1.43635729045671e-05,1.43635729045671e-05,1.43635729045671e-05,1.43635729045671e-05,0.0,0.0,0.0,0.0,0.1481659004902626,0.0
1735695720.0,1.43635729045671e-05,1.44542316611711e-05,1.43635729045671e-05,1.44542316611711e-05,3.8198,5.5039124940103395e-05,0.006311713471734742,0.0,0.1481659004902626,0.006311713471734742
1735695780.0,1.44542316611711e-05,1.44542316611711e-05,1.44542316611711e-05,1.44542316611711e-05,0.0,0.0,0.0,-1.0,0.1491010812004387,0.0
1735695840.0,1.44542316611711e-05,1.44542316611711e-05,1.44542316611711e-05,1.44542316611711e-05,0.0,0.0,0.0,0.0,0.1491010812004387,0.0
1735695900.0,1.44542316611711e-05,1.44542316611711e-05,1.44542316611711e-05,1.44542316611711e-05,0.0,0.0,0.0,0.0,0.1491010812004387,0.0
1735695960.0,1.44542316611711e-05,1.44542316611711e-05,1.44542316611711e-05,1.44542316611711e-05,0.0,0.0,0.0,0.0,0.1491010812004387,0.0
1735696020.0,1.44542316611711e-05,1.44542316611711e-05,1.44542316611711e-05,1.44542316611711e-05,0.0,0.0,0.0,0.0,0.1491010812004387,0.0
1735696080.0,1.44542316611711e-05,1.44542316611711e-05,1.44529724818762e-05,1.44529724818762e-05,1.99730187244,2.886820648095685e-05,-8.71149241562765e-05,0.0,0.1491010812004387,8.71149241562765e-05
1735696140.0,1.44529724818762e-05,1.44529724818762e-05,1.4354090186393e-05,1.4354090186393e-05,12.773988822,0.0001839905482595621,-0.006841658046965608,5.373466546352057,0.1490880922710583,0.006841658046965608
1735696200.0,1.4354090186393e-05,1.4354090186393e-05,1.4354090186393e-05,1.4354090186393e-05,0.0,0.0,0.0,-1.0,0.14806808252486525,0.0
1735696260.0,1.4354090186393e-05,1.4354090186393e-05,1.43016405811607e-05,1.43016405811607e-05,9.03147161665,0.00012940170954076267,-0.003653983258515416,0.0,0.14806808252486525,0.003653983258515416
1735696320.0,1.43016405811607e-05,1.4369188902236e-05,1.43016405811607e-05,1.4369188902236e-05,7.65866538787,0.0001097901447030065,0.004723116952350313,-0.1515556858356524,0.14752704423019894,0.004723116952350313
1735696380.0,1.4369188902236e-05,1.4369188902236e-05,1.37666463881783e-05,1.37666463881783e-05,207.03857139827,0.002912601571812203,-0.04193295238563801,25.52880711370849,0.1482238317137327,0.04193295238563801
1735696440.0,1.37666463881783e-05,1.37666463881783e-05,1.34758446263503e-05,1.34758446263503e-05,0.00866927201,1.1808628241746463e-07,-0.02112364577604885,-0.999959456767599,0.14200836883606394,0.02112364577604885
1735696500.0,1.34758446263503e-05,1.34758446263503e-05,1.34758446263503e-05,1.34758446263503e-05,0.0,0.0,0.0,-1.0,0.13900863435553643,0.0
1735696560.0,1.34758446263503e-05,1.34758446263503e-05,1.34758446263503e-05,1.34758446263503e-05,0.0,0.0,0.0,0.0,0.13900863435553643,0.0
1735696620.0,1.34758446263503e-05,1.34758446263503e-05,1.34758446263503e-05,1.34758446263503e-05,0.0,0.0,0.0,0.0,0.13900863435553643,0.0
1735696680.0,1.34758446263503e-05,1.34758446263503e-05,1.34758446263503e-05,1.34758446263503e-05,0.0,0.0,0.0,0.0,0.13900863435553643,0.0
1735696740.0,1.34758446263503e-05,1.34758446263503e-05,1.34601951219719e-05,1.34601951219719e-05,0.54409673578,7.327905650951221e-06,-0.0011613004462665095,0.0,0.13900863435553643,0.0011613004462665095
1735696800.0,1.34601951219719e-05,1.34601951219719e-05,1.3393325843803e-05,1.3393325843803e-05,39.66353910874,0.0005325528395166911,-0.004967927846732769,71.67463104516929,0.13884720356642444,0.004967927846732769
1735696860.0,1.3393325843803e-05,1.3393325843803e-05,1.3320188402347e-05,1.3320188402347e-05,0.22988716254,3.0705469957596454e-06,-0.005460737856224139,-0.9942342866887232,0.13815742067738584,0.005460737856224139
1735696920.0,1.3320188402347e-05,1.3320188402347e-05,1.3320188402347e-05,1.3320188402347e-05,0.0,0.0,0.0,-1.0,0.13740297922017455,0.0
1735696980.0,1.3320188402347e-05,1.3320188402347e-05,1.3320188402347e-05,1.3320188402347e-05,0.0,0.0,0.0,0.0,0.13740297922017455,0.0
1735697040.0,1.3320188402347e-05,1.3320188402347e-05,1.3320188402347e-05,1.3320188402347e-05,0.0,0.0,0.0,0.0,0.13740297922017455,0.0
1735697100.0,1.3320188402347e-05,1.3320188402347e-05,1.3320188402347e-05,1.3320188402347e-05,0.0,0.0,0.0,0.0,0.13740297922017455,0.0
1735697160.0,1.3320188402347e-05,1.3320188402347e-05,1.3320188402347e-05,1.3320188402347e-05,0.0,0.0,0.0,0.0,0.13740297922017455,0.0
1735697220.0,1.3320188402347e-05,1.3320188402347e-05,1.3320188402347e-05,1.3320188402347e-05,0.0,0.0,0.0,0.0,0.13740297922017455,0.0
1735697280.0,1.3320188402347e-05,1.3320188402347e-05,1.3320188402347e-05,1.3320188402347e-05,0.0,0.0,0.0,0.0,0.13740297922017455,0.0
1735697340.0,1.3320188402347e-05,1.3320188402347e-05,1.3320188402347e-05,1.3320188402347e-05,0.0,0.0,0.0,0.0,0.13740297922017455,0.0
1735697400.0,1.3320188402347e-05,1.33219286809053e-05,1.32950790961096e-05,1.32950790961096e-05,14.00907053268,0.00018642757981601204,-0.001885056388014443,0.0,0.13740297922017455,0.002015706083479267
1735697460.0,1.32950790961096e-05,1.32950790961096e-05,1.32713185828806e-05,1.32713185828806e-05,2.3729858544,3.152084294730437e-05,-0.0017871659925627883,-0.8309217821825895,0.13714396685646335,0.0017871659925627883
1735697520.0,1.32713185828806e-05,1.32713185828806e-05,1.32713185828806e-05,1.32713185828806e-05,0.0,0.0,0.0,-1.0,0.13689886782281233,0.0
1735697580.0,1.32713185828806e-05,1.32713185828806e-05,1.32713185828806e-05,1.32713185828806e-05,0.0,0.0,0.0,0.0,0.13689886782281233,0.0
1735697640.0,1.32713185828806e-05,1.32713185828806e-05,1.32713185828806e-05,1.32713185828806e-05,0.0,0.0,0.0,0.0,0.13689886782281233,0.0
1735697700.0,1.32713185828806e-05,1.32713185828806e-05,1.32713185828806e-05,1.32713185828806e-05,0.0,0.0,0.0,0.0,0.13689886782281233,0.0
1735697760.0,1.32713185828806e-05,1.32713185828806e-05,1.32713185828806e-05,1.32713185828806e-05,0.0,0.0,0.0,0.0,0.13689886782281233,0.0
1735697820.0,1.32713185828806e-05,1.32713185828806e-05,1.32713185828806e-05,1.32713185828806e-05,0.0,0.0,0.0,0.0,0.13689886782281233,0.0
1735697880.0,1.32713185828806e-05,1.32713185828806e-05,1.32713185828806e-05,1.32713185828806e-05,0.0,0.0,0.0,0.0,0.13689886782281233,0.0
1735697940.0,1.32713185828806e-05,1.32713185828806e-05,1.32713185828806e-05,1.32713185828806e-05,0.0,0.0,0.0,0.0,0.13689886782281233,0.0
1735698000.0,1.32713185828806e-05,1.32713185828806e-05,1.32713185828806e-05,1.32713185828806e-05,0.0,0.0,0.0,0.0,0.13689886782281233,0.0
1735698060.0,1.32713185828806e-05,1.32713185828806e-05,1.32713185828806e-05,1.32713185828806e-05,0.0,0.0,0.0,0.0,0.13689886782281233,0.0
1735698120.0,1.32713185828806e-05,1.32713185828806e-05,1.32713185828806e-05,1.32713185828806e-05,0.0,0.0,0.0,0.0,0.13689886782281233,0.0
1735698180.0,1.32713185828806e-05,1.33618383683159e-05,1.32713185828806e-05,1.33618383683159e-05,14.8623522992,0.00019791568072428486,0.006820707744297952,0.0,0.13689886782281233,0.006820707744297952
1735698240.0,1.33618383683159e-05,1.33618383683159e-05,1.33169187136536e-05,1.33169187136536e-05,2.74927986456,3.6673684828473124e-05,-0.0033617870104471702,-0.8147004588304299,0.137832614990757,0.0033617870104471702
1735698300.0,1.33169187136536e-05,1.33169187136536e-05,1.32885581903571e-05,1.32885581903571e-05,11.3231810246,0.00015062931561496377,-0.0021296610654703064,3.107286091361523,0.1373692510960651,0.0021296610654703064
1735698360.0,1.32885581903571e-05,1.32885581903571e-05,1.32885581903571e-05,1.32885581903571e-05,0.0,0.0,0.0,-1.0,0.13707670115041298,0.0
1735698420.0,1.32885581903571e-05,1.32885581903571e-05,1.32885581903571e-05,1.32885581903571e-05,0.0,0.0,0.0,0.0,0.13707670115041298,0.0
1735698480.0,1.32885581903571e-05,1.32885581903571e-05,1.32885581903571e-05,1.32885581903571e-05,0.0,0.0,0.0,0.0,0.13707670115041298,0.0
1735698540.0,1.32885581903571e-05,1.32885581903571e-05,1.32885581903571e-05,1.32885581903571e-05,0.0,0.0,0.0,0.0,0.13707670115041298,0.0
1735698600.0,1.32885581903571e-05,1.32885581903571e-05,1.32885581903571e-05,1.32885581903571e-05,0.0,0.0,0.0,0.0,0.13707670115041298,0.0
1735698660.0,1.32885581903571e-05,1.32885581903571e-05,1.31541702710849e-05,1.31541702710849e-05,55.65783215344,0.0007358724711929648,-0.010113054956535325,0.0,0.13707670115041298,0.010113054956535325
1735698720.0,1.31541702710849e-05,1.31541702710849e-05,1.31541702710849e-05,1.31541702710849e-05,0.0,0.0,0.0,-1.0,0.1356904369384183,0.0
1735698780.0,1.31541702710849e-05,1.31541702710849e-05,1.31541702710849e-05,1.31541702710849e-05,0.0,0.0,0.0,0.0,0.1356904369384183,0.0
1735698840.0,1.31541702710849e-05,1.31541702710849e-05,1.31541702710849e-05,1.31541702710849e-05,0.0,0.0,0.0,0.0,0.1356904369384183,0.0
1735698900.0,1.31541702710849e-05,1.31541702710849e-05,1.31541702710849e-05,1.31541702710849e-05,0.0,0.0,0.0,0.0,0.1356904369384183,0.0
1735698960.0,1.31541702710849e-05,1.31541702710849e-05,1.31541702710849e-05,1.31541702710849e-05,0.0,0.0,0.0,0.0,0.1356904369384183,0.0
1735699020.0,1.31541702710849e-05,1.31541702710849e-05,1.31541702710849e-05,1.31541702710849e-05,0.0,0.0,0.0,0.0,0.1356904369384183,0.0
1735699080.0,1.31541702710849e-05,1.31541702710849e-05,1.31541702710849e-05,1.31541702710849e-05,0.0,0.0,0.0,0.0,0.1356904369384183,0.0
1735699140.0,1.31541702710849e-05,1.31541702710849e-05,1.31541702710849e-05,1.31541702710849e-05,0.0,0.0,0.0,0.0,0.1356904369384183,0.0
1735699200.0,1.31541702710849e-05,1.31541702710849e-05,1.31541702710849e-05,1.31541702710849e-05,0.0,0.0,0.0,0.0,0.1356904369384183,0.0
1735699260.0,1.31541702710849e-05,1.31541702710849e-05,1.30804983314583e-05,1.30804983314583e-05,0.7660530542,1.0048574004451532e-05,-0.005600652729009013,0.0,0.1356904369384183,0.005600652729009013
1735699320.0,1.30804983314583e-05,1.30804983314583e-05,1.30368591905931e-05,1.30368591905931e-05,22.24533165936,0.00029049464007205707,-0.0033361986492707976,27.90904121752674,0.13493048192247872,0.0033361986492707976
1735699380.0,1.30368591905931e-05,1.30368591905931e-05,1.30368591905931e-05,1.30368591905931e-05,0.0,0.0,0.0,-1.0,0.13448032703094348,0.0
1735699440.0,1.30368591905931e-05,1.30368591905931e-05,1.29955610857329e-05,1.29955610857329e-05,0.26427456096,3.4398532196261277e-06,-0.003167795575332914,0.0,0.13448032703094348,0.003167795575332914
1735699500.0,1.29955610857329e-05,1.29955610857329e-05,1.29955610857329e-05,1.29955610857329e-05,0.0,0.0,0.0,-1.0,0.13405432084600555,0.0
1735699560.0,1.29955610857329e-05,1.29955610857329e-05,1.29891352322811e-05,1.29891352322811e-05,6.74275716656,8.760424865958706e-05,-0.0004944652569757314,0.0,0.13405432084600555,0.0004944652569757314
1735699620.0,1.29891352322811e-05,1.29891352322811e-05,1.29891352322811e-05,1.29891352322811e-05,0.0,0.0,0.0,-1.0,0.13398803564179973,0.0
1735699680.0,1.29891352322811e-05,1.42889026437456e-05,1.29891352322811e-05,1.35096920746178e-05,569.44132890336,0.0075447637180105775,0.04007632787154246,0.0,0.13398803564179973,0.10006573865165937
1735699740.0,1.35096920746178e-05,1.35096920746178e-05,1.35096920746178e-05,1.35096920746178e-05,0.0,0.0,0.0,-1.0,0.1393577840890444,0.0
1735699800.0,1.35096920746178e-05,1.35096920746178e-05,1.35096920746178e-05,1.35096920746178e-05,0.0,0.0,0.0,0.0,0.1393577840890444,0.0
1735699860.0,1.35096920746178e-05,1.35096920746178e-05,1.32856486283585e-05,1.32856486283585e-05,37.34985636456,0.0005004010632478064,-0.01658390472720223,0.0,0.1393577840890444,0.01658390472720223
1735699920.0,1.32856486283585e-05,1.32856486283585e-05,1.3182904477431e-05,1.3182904477431e-05,26.78257537488,0.0003544480093099107,-0.007733468933401626,-0.29167214991631124,0.13704668787471766,0.007733468933401626
1735699980.0,1.3182904477431e-05,1.3182904477431e-05,1.3084342243944e-05,1.3084342243944e-05,26.58243146644,0.00034912364289151087,-0.007476518824492471,-0.015021572356312693,0.13598684157161295,0.007476518824492471
1735700040.0,1.3084342243944e-05,1.3084342243944e-05,1.29899678860817e-05,1.30230033641321e-05,26.39008059995,0.00034448747742393945,-0.0046879605155766,-0.013279437133428676,0.1349701333907195,0.007212770508657458
1735700100.0,1.30230033641321e-05,1.30230033641321e-05,1.30230033641321e-05,1.30230033641321e-05,0.0,0.0,0.0,-1.0,0.1343373987346017,0.0
1735700160.0,1.30230033641321e-05,1.30230033641321e-05,1.29720825898744e-05,1.29720825898744e-05,1.04895553152,1.3633844601896488e-05,-0.003910063818147066,0.0,0.1343373987346017,0.003910063818147066
1735700220.0,1.29720825898744e-05,1.62784009827227e-05,1.29720825898744e-05,1.62784009827227e-05,812.94995201928,0.011889589608441775,0.25487953610695535,871.0643336941009,0.13381213093238556,0.25487953610695535
1735700280.0,1.62784009827227e-05,1.62784009827227e-05,1.53776579522977e-05,1.53776579522977e-05,394.5806217496,0.006245433708361166,-0.05533363082657891,-0.47471410586562046,0.16791810478991515,0.05533363082657891
1735700340.0,1.53776579522977e-05,1.53776579522977e-05,1.53776579522977e-05,1.53776579522977e-05,0.0,0.0,0.0,-1.0,0.1586265863703712,0.0
1735700400.0,1.53776579522977e-05,1.53776579522977e-05,1.53776579522977e-05,1.53776579522977e-05,0.0,0.0,0.0,0.0,0.1586265863703712,0.0
1735700460.0,1.53776579522977e-05,1.53776579522977e-05,1.53776579522977e-05,1.53776579522977e-05,0.0,0.0,0.0,0.0,0.1586265863703712,0.0
1735700520.0,1.53776579522977e-05,1.53776579522977e-05,1.53776579522977e-05,1.53776579522977e-05,0.0,0.0,0.0,0.0,0.1586265863703712,0.0
1735700580.0,1.53776579522977e-05,1.53776579522977e-05,1.53776579522977e-05,1.53776579522977e-05,0.0,0.0,0.0,0.0,0.1586265863703712,0.0
1735700640.0,1.53776579522977e-05,1.53776579522977e-05,1.53776579522977e-05,1.53776579522977e-05,0.0,0.0,0.0,0.0,0.1586265863703712,0.0
1735700700.0,1.53776579522977e-05,1.53776579522977e-05,1.53776579522977e-05,1.53776579522977e-05,0.0,0.0,0.0,0.0,0.1586265863703712,0.0
1735700760.0,1.53776579522977e-05,1.53776579522977e-05,1.53776579522977e-05,1.53776579522977e-05,0.0,0.0,0.0,0.0,0.1586265863703712,0.0
1735700820.0,1.53776579522977e-05,1.53776579522977e-05,1.53776579522977e-05,1.53776579522977e-05,0.0,0.0,0.0,0.0,0.1586265863703712,0.0
1735700880.0,1.53776579522977e-05,1.53776579522977e-05,1.44461906151883e-05,1.44461906151883e-05,54.3658885067,0.0008107000130303242,-0.06057276992366862,0.0,0.1586265863703712,0.06057276992366862
1735700940.0,1.44461906151883e-05,1.44461906151883e-05,1.41181810461013e-05,1.41181810461013e-05,110.8177812115,0.001582720144602381,-0.022705609930284285,0.952288293034947,0.14901813465038174,0.022705609930284285
1735701000.0,1.41181810461013e-05,1.41181810461013e-05,1.33919815361069e-05,1.33919815361069e-05,261.00309542051,0.0035901187947389155,-0.05143718639271447,1.2683219184278742,0.1456345870124716,0.05143718639271447
1735701060.0,1.33919815361069e-05,1.33919815361069e-05,1.33919815361069e-05,1.33919815361069e-05,0.0,0.0,0.0,-1.0,0.1381435536150851,0.0
1735701120.0,1.33919815361069e-05,1.33919815361069e-05,1.33919815361069e-05,1.33919815361069e-05,0.0,0.0,0.0,0.0,0.1381435536150851,0.0
1735701180.0,1.33919815361069e-05,1.33919815361069e-05,1.33919815361069e-05,1.33919815361069e-05,0.0,0.0,0.0,0.0,0.1381435536150851,0.0
1735701240.0,1.33919815361069e-05,1.33919815361069e-05,1.33919815361069e-05,1.33919815361069e-05,0.0,0.0,0.0,0.0,0.1381435536150851,0.0
1735701300.0,1.33919815361069e-05,1.36962857703381e-05,1.33919815361069e-05,1.36962857703381e-05,391.23266127106,0.005298907453761163,0.022722868412769864,0.0,0.1381435536150851,0.022722868412769864
1735701360.0,1.36962857703381e-05,1.36962857703381e-05,1.36962857703381e-05,1.36962857703381e-05,0.0,0.0,0.0,-1.0,0.1412825714059531,0.0
1735701420.0,1.36962857703381e-05,1.36962857703381e-05,1.36962857703381e-05,1.36962857703381e-05,0.0,0.0,0.0,0.0,0.1412825714059531,0.0
1735701480.0,1.36962857703381e-05,1.36962857703381e-05,1.36272806598417e-05,1.36272806598417e-05,389.26153906512,0.0053180067606799185,-0.005038235303606511,0.0,0.1412825714059531,0.005038235303606511
1735701540.0,1.36272806598417e-05,1.36272806598417e-05,1.36272806598417e-05,1.36272806598417e-05,0.0,0.0,0.0,-1.0,0.14057075656691131,0.0
1735701600.0,1.36272806598417e-05,1.36272806598417e-05,1.36272806598417e-05,1.36272806598417e-05,0.0,0.0,0.0,0.0,0.14057075656691131,0.0
1735701660.0,1.36272806598417e-05,1.36272806598417e-05,1.36272806598417e-05,1.36272806598417e-05,0.0,0.0,0.0,0.0,0.14057075656691131,0.0
1735701720.0,1.36272806598417e-05,1.36272806598417e-05,1.36272806598417e-05,1.36272806598417e-05,0.0,0.0,0.0,0.0,0.14057075656691131,0.0
1735701780.0,1.36272806598417e-05,1.36272806598417e-05,1.36272806598417e-05,1.36272806598417e-05,0.0,0.0,0.0,0.0,0.14057075656691131,0.0
1735701840.0,1.36272806598417e-05,1.36272806598417e-05,1.36272806598417e-05,1.36272806598417e-05,0.0,0.0,0.0,0.0,0.14057075656691131,0.0
1735701900.0,1.36272806598417e-05,1.36272806598417e-05,1.36272806598417e-05,1.36272806598417e-05,0.0,0.0,0.0,0.0,0.14057075656691131,0.0
1735701960.0,1.36272806598417e-05,1.36272806598417e-05,1.36272806598417e-05,1.36272806598417e-05,0.0,0.0,0.0,0.0,0.14057075656691131,0.0
1735702020.0,1.36272806598417e-05,1.36272806598417e-05,1.36272806598417e-05,1.36272806598417e-05,0.0,0.0,0.0,0.0,0.14057075656691131,0.0
1735702080.0,1.36272806598417e-05,1.36272806598417e-05,1.36272806598417e-05,1.36272806598417e-05,0.0,0.0,0.0,0.0,0.14057075656691131,0.0
1735702140.0,1.36272806598417e-05,1.36272806598417e-05,1.28711951095569e-05,1.28711951095569e-05,3.65745988636,4.84585560881289e-05,-0.05548323023190624,0.0,0.14057075656691131,0.05548323023190624
1735702200.0,1.28711951095569e-05,1.28711951095569e-05,1.28711951095569e-05,1.28711951095569e-05,0.0,0.0,0.0,-1.0,0.13277143691643614,0.0
1735702260.0,1.28711951095569e-05,1.3643618300704e-05,1.28711951095569e-05,1.3643618300704e-05,381.60562255704,0.005059100939203182,0.06001176927025012,0.0,0.13277143691643614,0.06001176927025012
1735702320.0,1.3643618300704e-05,1.431609312455e-05,1.3643618300704e-05,1.431609312455e-05,8.58965587473,0.00012008214974984426,0.04928859845128487,-0.9762641324628804,0.14073928575434488,0.04928859845128487
1735702380.0,1.431609312455e-05,1.431609312455e-05,1.431609312455e-05,1.431609312455e-05,0.0,0.0,0.0,-1.0,0.1476761278962114,0.0
1735702440.0,1.431609312455e-05,1.51167573359125e-05,1.42535617243285e-05,1.42535617243285e-05,1138.75642381863,0.016266938992720734,-0.004367909574035112,0.0,0.1476761278962114,0.06029547335814311
1735702500.0,1.42535617243285e-05,1.42535617243285e-05,1.42535617243285e-05,1.42535617243285e-05,0.0,0.0,0.0,-1.0,0.14703109192331712,0.0
1735702560.0,1.42535617243285e-05,1.42535617243285e-05,1.28134047453443e-05,1.28134047453443e-05,5.0714725761,6.863468908458191e-05,-0.10103839354945844,0.0,0.14703109192331712,0.10103839354945844
1735702620.0,1.28134047453443e-05,1.28134047453443e-05,1.28134047453443e-05,1.28134047453443e-05,0.0,0.0,0.0,-1.0,0.1321753065935624,0.0
1735702680.0,1.28134047453443e-05,1.28134047453443e-05,1.27997899856265e-05,1.27997899856265e-05,1.09298149317,1.3997373910955219e-05,-0.0010625403620959672,0.0,0.1321753065935624,0.0010625403620959672
1735702740.0,1.27997899856265e-05,1.27997899856265e-05,1.2795981440671e-05,1.2795981440671e-05,0.57318555094,7.335563173358321e-06,-0.00029754745662046524,-0.475932898554846,0.13203486499543432,0.00029754745662046524
1735702800.0,1.2795981440671e-05,1.28774427941792e-05,1.2795981440671e-05,1.28774427941792e-05,8.30028276,0.00010654834028334666,0.0063661669005928515,13.52490255558216,0.1319955783571697,0.0063661669005928515
1735702860.0,1.28774427941792e-05,1.28774427941792e-05,1.28774427941792e-05,1.28774427941792e-05,0.0,0.0,0.0,-1.0,0.13283588423913173,0.0
1735702920.0,1.28774427941792e-05,1.28774427941792e-05,1.28774427941792e-05,1.28774427941792e-05,0.0,0.0,0.0,0.0,0.13283588423913173,0.0
1735702980.0,1.28774427941792e-05,1.28774427941792e-05,1.28774427941792e-05,1.28774427941792e-05,0.0,0.0,0.0,0.0,0.13283588423913173,0.0
1735703040.0,1.28774427941792e-05,1.28774427941792e-05,1.28774427941792e-05,1.28774427941792e-05,0.0,0.0,0.0,0.0,0.13283588423913173,0.0
1735703100.0,1.28774427941792e-05,1.28774427941792e-05,1.28774427941792e-05,1.28774427941792e-05,0.0,0.0,0.0,0.0,0.13283588423913173,0.0
1735703160.0,1.28774427941792e-05,1.28774427941792e-05,1.28774427941792e-05,1.28774427941792e-05,0.0,0.0,0.0,0.0,0.13283588423913173,0.0
1735703220.0,1.28774427941792e-05,1.28891294531999e-05,1.28257938086446e-05,1.28257938086446e-05,0.97274426498,1.2501337998410435e-05,-0.00401081071452684,0.0,0.13283588423913173,0.004918340199028419
1735703280.0,1.28257938086446e-05,1.28257938086446e-05,1.2799707381788e-05,1.2799707381788e-05,7.92802052064,0.00010157974964471719,-0.0020339034952377025,7.125510217996923,0.13230310465135178,0.0020339034952377025
1735703340.0,1.2799707381788e-05,1.2799707381788e-05,1.2799707381788e-05,1.2799707381788e-05,0.0,0.0,0.0,-1.0,0.13203401290437058,0.0
1735703400.0,1.2799707381788e-05,1.2799707381788e-05,1.2799707381788e-05,1.2799707381788e-05,0.0,0.0,0.0,0.0,0.13203401290437058,0.0
1735703460.0,1.2799707381788e-05,1.2799707381788e-05,1.2799707381788e-05,1.2799707381788e-05,0.0,0.0,0.0,0.0,0.13203401290437058,0.0
1735703520.0,1.2799707381788e-05,1.2799707381788e-05,1.2799707381788e-05,1.2799707381788e-05,0.0,0.0,0.0,0.0,0.13203401290437058,0.0
1735703580.0,1.2799707381788e-05,1.2799707381788e-05,1.2799707381788e-05,1.2799707381788e-05,0.0,0.0,0.0,0.0,0.13203401290437058,0.0
1735703640.0,1.2799707381788e-05,1.2799707381788e-05,1.2799707381788e-05,1.2799707381788e-05,0.0,0.0,0.0,0.0,0.13203401290437058,0.0
1735703700.0,1.2799707381788e-05,1.2799707381788e-05,1.2799707381788e-05,1.2799707381788e-05,0.0,0.0,0.0,0.0,0.13203401290437058,0.0
1735703760.0,1.2799707381788e-05,1.2799707381788e-05,1.2799707381788e-05,1.2799707381788e-05,0.0,0.0,0.0,0.0,0.13203401290437058,0.0
1735703820.0,1.2799707381788e-05,1.2799707381788e-05,1.2799707381788e-05,1.2799707381788e-05,0.0,0.0,0.0,0.0,0.13203401290437058,0.0
1735703880.0,1.2799707381788e-05,1.2799707381788e-05,1.2799707381788e-05,1.2799707381788e-05,0.0,0.0,0.0,0.0,0.13203401290437058,0.0
1735703940.0,1.2799707381788e-05,1.2799707381788e-05,1.2799707381788e-05,1.2799707381788e-05,0.0,0.0,0.0,0.0,0.13203401290437058,0.0
1735704000.0,1.2799707381788e-05,1.2799707381788e-05,1.2799707381788e-05,1.2799707381788e-05,0.0,0.0,0.0,0.0,0.13203401290437058,0.0
1735704060.0,1.2799707381788e-05,1.2799707381788e-05,1.2799707381788e-05,1.2799707381788e-05,0.0,0.0,0.0,0.0,0.13203401290437058,0.0
1735704120.0,1.2799707381788e-05,1.2799707381788e-05,1.2799707381788e-05,1.2799707381788e-05,0.0,0.0,0.0,0.0,0.13203401290437058,0.0
1735704180.0,1.2799707381788e-05,1.2799707381788e-05,1.2799707381788e-05,1.2799707381788e-05,0.0,0.0,0.0,0.0,0.13203401290437058,0.0
1735704240.0,1.2799707381788e-05,1.2799707381788e-05,1.2799707381788e-05,1.2799707381788e-05,0.0,0.0,0.0,0.0,0.13203401290437058,0.0
1735704300.0,1.2799707381788e-05,1.2799707381788e-05,1.2799707381788e-05,1.2799707381788e-05,0.0,0.0,0.0,0.0,0.13203401290437058,0.0
1735704360.0,1.2799707381788e-05,1.2799707381788e-05,1.2799707381788e-05,1.2799707381788e-05,0.0,0.0,0.0,0.0,0.13203401290437058,0.0
1735704420.0,1.2799707381788e-05,1.2799707381788e-05,1.2755367188501e-05,1.2755367188501e-05,9.40980347302,0.00012023411472239525,-0.0034641567939348917,0.0,0.13203401290437058,0.0034641567939348917
1735704480.0,1.2755367188501e-05,1.2755367188501e-05,1.26438812645449e-05,1.26438812645449e-05,27.45351761394,0.00034864935739326703,-0.008740314748179474,1.8997540190506872,0.13157662638153744,0.008740314748179474
1735704540.0,1.26438812645449e-05,1.26438812645449e-05,1.26438812645449e-05,1.26438812645449e-05,0.0,0.0,0.0,-1.0,0.13042660525345917,0.0
1735704600.0,1.26438812645449e-05,1.26438812645449e-05,1.26438812645449e-05,1.26438812645449e-05,0.0,0.0,0.0,0.0,0.13042660525345917,0.0
1735704660.0,1.26438812645449e-05,1.26438812645449e-05,1.26438812645449e-05,1.26438812645449e-05,0.0,0.0,0.0,0.0,0.13042660525345917,0.0
1735704720.0,1.26438812645449e-05,1.26438812645449e-05,1.26438812645449e-05,1.26438812645449e-05,0.0,0.0,0.0,0.0,0.13042660525345917,0.0
1735704780.0,1.26438812645449e-05,1.26438812645449e-05,1.26438812645449e-05,1.26438812645449e-05,0.0,0.0,0.0,0.0,0.13042660525345917,0.0
1735704840.0,1.26438812645449e-05,1.26438812645449e-05,1.26438812645449e-05,1.26438812645449e-05,0.0,0.0,0.0,0.0,0.13042660525345917,0.0
1735704900.0,1.26438812645449e-05,1.26438812645449e-05,1.26438812645449e-05,1.26438812645449e-05,0.0,0.0,0.0,0.0,0.13042660525345917,0.0
1735704960.0,1.26438812645449e-05,1.26438812645449e-05,1.26438812645449e-05,1.26438812645449e-05,0.0,0.0,0.0,0.0,0.13042660525345917,0.0
1735705020.0,1.26438812645449e-05,1.26438812645449e-05,1.26438812645449e-05,1.26438812645449e-05,0.0,0.0,0.0,0.0,0.13042660525345917,0.0
1735705080.0,1.26438812645449e-05,1.26438812645449e-05,1.26438812645449e-05,1.26438812645449e-05,0.0,0.0,0.0,0.0,0.13042660525345917,0.0
1735705140.0,1.26438812645449e-05,1.26438812645449e-05,1.26438812645449e-05,1.26438812645449e-05,0.0,0.0,0.0,0.0,0.13042660525345917,0.0
1735705200.0,1.26438812645449e-05,1.26438812645449e-05,1.26157299810469e-05,1.26157299810469e-05,1.17518271532,1.4842329265761091e-05,-0.0022264748386194213,0.0,0.13042660525345917,0.0022264748386194213
1735705260.0,1.26157299810469e-05,1.26157299810469e-05,1.25775701807831e-05,1.25775701807831e-05,21.04921184212,0.00026514955605423787,-0.0030247794080190886,16.864416784358504,0.1301362136985758,0.0030247794080190886
1735705320.0,1.25775701807831e-05,1.25775701807831e-05,1.25775701807831e-05,1.25775701807831e-05,0.0,0.0,0.0,-1.0,0.1297425803591428,0.0
1735705380.0,1.25775701807831e-05,1.25775701807831e-05,1.23836598252885e-05,1.23836598252885e-05,85.2455506525,0.0010639168984156397,-0.015417155516323066,0.0,0.1297425803591428,0.015417155516323066
1735705440.0,1.23836598252885e-05,1.23836598252885e-05,1.23836598252885e-05,1.23836598252885e-05,0.0,0.0,0.0,-1.0,0.12774231882065684,0.0
1735705500.0,1.23836598252885e-05,1.28017883935423e-05,1.23836598252885e-05,1.28017883935423e-05,281.42453315844,0.0035439015036852614,0.033764539251954155,0.0,0.12774231882065684,0.033764539251954155
1735705560.0,1.28017883935423e-05,1.28017883935423e-05,1.28017883935423e-05,1.28017883935423e-05,0.0,0.0,0.0,-1.0,0.13205547935861256,0.0
1735705620.0,1.28017883935423e-05,1.28017883935423e-05,1.28017883935423e-05,1.28017883935423e-05,0.0,0.0,0.0,0.0,0.13205547935861256,0.0
1735705680.0,1.28017883935423e-05,1.28017883935423e-05,1.28017883935423e-05,1.28017883935423e-05,0.0,0.0,0.0,0.0,0.13205547935861256,0.0
1735705740.0,1.28017883935423e-05,1.28017883935423e-05,1.28017883935423e-05,1.28017883935423e-05,0.0,0.0,0.0,0.0,0.13205547935861256,0.0
1735705800.0,1.28017883935423e-05,1.28017883935423e-05,1.28017883935423e-05,1.28017883935423e-05,0.0,0.0,0.0,0.0,0.13205547935861256,0.0
1735705860.0,1.28017883935423e-05,1.28017883935423e-05,1.28017883935423e-05,1.28017883935423e-05,0.0,0.0,0.0,0.0,0.13205547935861256,0.0
1735705920.0,1.28017883935423e-05,1.28017883935423e-05,1.28017883935423e-05,1.28017883935423e-05,0.0,0.0,0.0,0.0,0.13205547935861256,0.0
1735705980.0,1.28017883935423e-05,1.28017883935423e-05,1.28017883935423e-05,1.28017883935423e-05,0.0,0.0,0.0,0.0,0.13205547935861256,0.0
1735706040.0,1.28017883935423e-05,1.28017883935423e-05,1.28017883935423e-05,1.28017883935423e-05,0.0,0.0,0.0,0.0,0.13205547935861256,0.0
1735706100.0,1.28017883935423e-05,1.28017883935423e-05,1.28017883935423e-05,1.28017883935423e-05,0.0,0.0,0.0,0.0,0.13205547935861256,0.0
1735706160.0,1.28017883935423e-05,1.28017883935423e-05,1.28017883935423e-05,1.28017883935423e-05,0.0,0.0,0.0,0.0,0.13205547935861256,0.0
1735706220.0,1.28017883935423e-05,1.28017883935423e-05,1.28017883935423e-05,1.28017883935423e-05,0.0,0.0,0.0,0.0,0.13205547935861256,0.0
1735706280.0,1.28017883935423e-05,1.28017883935423e-05,1.28017883935423e-05,1.28017883935423e-05,0.0,0.0,0.0,0.0,0.13205547935861256,0.0
1735706340.0,1.28017883935423e-05,1.32380082632708e-05,1.28017883935423e-05,1.32380082632708e-05,0.44553177801,5.8007784517643976e-06,0.03407491643499948,0.0,0.13205547935861256,0.03407491643499948
1735706400.0,1.32380082632708e-05,1.32380082632708e-05,1.32380082632708e-05,1.32380082632708e-05,0.0,0.0,0.0,-1.0,0.13655525878254107,0.0
1735706460.0,1.32380082632708e-05,1.32380082632708e-05,1.32380082632708e-05,1.32380082632708e-05,0.0,0.0,0.0,0.0,0.13655525878254107,0.0
1735706520.0,1.32380082632708e-05,1.32380082632708e-05,1.32380082632708e-05,1.32380082632708e-05,0.0,0.0,0.0,0.0,0.13655525878254107,0.0
1735706580.0,1.32380082632708e-05,1.32380082632708e-05,1.32380082632708e-05,1.32380082632708e-05,0.0,0.0,0.0,0.0,0.13655525878254107,0.0
1735706640.0,1.32380082632708e-05,1.32380082632708e-05,1.32380082632708e-05,1.32380082632708e-05,0.0,0.0,0.0,0.0,0.13655525878254107,0.0
1735706700.0,1.32380082632708e-05,1.32380082632708e-05,1.32380082632708e-05,1.32380082632708e-05,0.0,0.0,0.0,0.0,0.13655525878254107,0.0
1735706760.0,1.32380082632708e-05,1.32380082632708e-05,1.32380082632708e-05,1.32380082632708e-05,0.0,0.0,0.0,0.0,0.13655525878254107,0.0
1735706820.0,1.32380082632708e-05,1.32422636511611e-05,1.32380082632708e-05,1.32422636511611e-05,2.08590091882,2.7617611758458473e-05,0.0003214522763296834,0.0,0.13655525878254107,0.0003214522763296834
1735706880.0,1.32422636511611e-05,1.32422636511611e-05,1.31947136450235e-05,1.31947136450235e-05,21.65746830381,0.00028627899892033127,-0.003590776274374413,9.365812997304241,0.1365991547813215,0.003590776274374413
1735706940.0,1.31947136450235e-05,1.31947136450235e-05,1.31947136450235e-05,1.31947136450235e-05,0.0,0.0,0.0,-1.0,0.13610865777723313,0.0
1735707000.0,1.31947136450235e-05,1.32234560761591e-05,1.31947136450235e-05,1.32234560761591e-05,4.728,6.245255322087566e-05,0.0021783292846555983,0.0,0.13610865777723313,0.0021783292846555983
1735707060.0,1.32234560761591e-05,1.32234560761591e-05,1.31420536144e-05,1.31420536144e-05,13.1420536144,0.00017324847096215524,-0.006155914254962568,1.7740814750908287,0.13640514725236444,0.006155914254962568
1735707120.0,1.31420536144e-05,1.31420536144e-05,1.31420536144e-05,1.31420536144e-05,0.0,0.0,0.0,-1.0,0.13556544886194336,0.0
1735707180.0,1.31420536144e-05,1.31420536144e-05,1.31420536144e-05,1.31420536144e-05,0.0,0.0,0.0,0.0,0.13556544886194336,0.0
1735707240.0,1.31420536144e-05,1.31420536144e-05,1.31420536144e-05,1.31420536144e-05,0.0,0.0,0.0,0.0,0.13556544886194336,0.0
1735707300.0,1.31420536144e-05,1.31420536144e-05,1.31420536144e-05,1.31420536144e-05,0.0,0.0,0.0,0.0,0.13556544886194336,0.0
1735707360.0,1.31420536144e-05,1.31420536144e-05,1.31420536144e-05,1.31420536144e-05,0.0,0.0,0.0,0.0,0.13556544886194336,0.0
1735707420.0,1.31420536144e-05,1.31420536144e-05,1.31420536144e-05,1.31420536144e-05,0.0,0.0,0.0,0.0,0.13556544886194336,0.0
1735707480.0,1.31420536144e-05,1.31420536144e-05,1.31420536144e-05,1.31420536144e-05,0.0,0.0,0.0,0.0,0.13556544886194336,0.0
1735707540.0,1.31420536144e-05,1.31420536144e-05,1.31420536144e-05,1.31420536144e-05,0.0,0.0,0.0,0.0,0.13556544886194336,0.0
1735707600.0,1.31420536144e-05,1.31420536144e-05,1.31420536144e-05,1.31420536144e-05,0.0,0.0,0.0,0.0,0.13556544886194336,0.0
1735707660.0,1.31420536144e-05,1.31420536144e-05,1.31420536144e-05,1.31420536144e-05,0.0,0.0,0.0,0.0,0.13556544886194336,0.0
1735707720.0,1.31420536144e-05,1.31420536144e-05,1.31420536144e-05,1.31420536144e-05,0.0,0.0,0.0,0.0,0.13556544886194336,0.0
1735707780.0,1.31420536144e-05,1.31420536144e-05,1.31420536144e-05,1.31420536144e-05,0.0,0.0,0.0,0.0,0.13556544886194336,0.0
1735707840.0,1.31420536144e-05,1.31420536144e-05,1.31420536144e-05,1.31420536144e-05,0.0,0.0,0.0,0.0,0.13556544886194336,0.0
1735707900.0,1.31420536144e-05,1.31420536144e-05,1.31420536144e-05,1.31420536144e-05,0.0,0.0,0.0,0.0,0.13556544886194336,0.0
1735707960.0,1.31420536144e-05,1.31420536144e-05,1.31420536144e-05,1.31420536144e-05,0.0,0.0,0.0,0.0,0.13556544886194336,0.0
1735708020.0,1.31420536144e-05,1.31420536144e-05,1.31081488628558e-05,1.31081488628558e-05,6.43748306382,8.449261693459002e-05,-0.0025798670846275814,0.0,0.13556544886194336,0.0025798670846275814
1735708080.0,1.31081488628558e-05,1.31081488628558e-05,1.31081488628558e-05,1.31081488628558e-05,0.0,0.0,0.0,-1.0,0.13521570802261165,0.0
1735708140.0,1.31081488628558e-05,1.31081488628558e-05,1.31081488628558e-05,1.31081488628558e-05,0.0,0.0,0.0,0.0,0.13521570802261165,0.0
1735708200.0,1.31081488628558e-05,1.31081488628558e-05,1.31081488628558e-05,1.31081488628558e-05,0.0,0.0,0.0,0.0,0.13521570802261165,0.0
1735708260.0,1.31081488628558e-05,1.31081488628558e-05,1.31081488628558e-05,1.31081488628558e-05,0.0,0.0,0.0,0.0,0.13521570802261165,0.0
1735708320.0,1.31081488628558e-05,1.31081488628558e-05,1.31081488628558e-05,1.31081488628558e-05,0.0,0.0,0.0,0.0,0.13521570802261165,0.0
1735708380.0,1.31081488628558e-05,1.31081488628558e-05,1.30993970208025e-05,1.30993970208025e-05,3.59755683495,4.714156791051032e-05,-0.0006676642251217979,0.0,0.13521570802261165,0.0006676642251217979
1735708440.0,1.30993970208025e-05,1.30993970208025e-05,1.30993970208025e-05,1.30993970208025e-05,0.0,0.0,0.0,-1.0,0.13512542933169044,0.0
1735708500.0,1.30993970208025e-05,1.30993970208025e-05,1.30993970208025e-05,1.30993970208025e-05,0.0,0.0,0.0,0.0,0.13512542933169044,0.0
1735708560.0,1.30993970208025e-05,1.30993970208025e-05,1.30993970208025e-05,1.30993970208025e-05,0.0,0.0,0.0,0.0,0.13512542933169044,0.0
1735708620.0,1.30993970208025e-05,1.30993970208025e-05,1.30993970208025e-05,1.30993970208025e-05,0.0,0.0,0.0,0.0,0.13512542933169044,0.0
1735708680.0,1.30993970208025e-05,1.30993970208025e-05,1.30993970208025e-05,1.30993970208025e-05,0.0,0.0,0.0,0.0,0.13512542933169044,0.0
1735708740.0,1.30993970208025e-05,1.30993970208025e-05,1.30993970208025e-05,1.30993970208025e-05,0.0,0.0,0.0,0.0,0.13512542933169044,0.0
1735708800.0,1.30993970208025e-05,1.30993970208025e-05,1.30993970208025e-05,1.30993970208025e-05,0.0,0.0,0.0,0.0,0.13512542933169044,0.0
1735708860.0,1.30993970208025e-05,1.30993970208025e-05,1.30993970208025e-05,1.30993970208025e-05,0.0,0.0,0.0,0.0,0.13512542933169044,0.0
1735708920.0,1.30993970208025e-05,1.30993970208025e-05,1.30993970208025e-05,1.30993970208025e-05,0.0,0.0,0.0,0.0,0.13512542933169044,0.0
1735708980.0,1.30993970208025e-05,1.30993970208025e-05,1.30993970208025e-05,1.30993970208025e-05,0.0,0.0,0.0,0.0,0.13512542933169044,0.0
