0,1,2,3,4,5
1736796000.0,6.98311448610789e-05,9.41770648807842e-05,6.98311448610789e-05,9.07387461247535e-05,15040.49355144024
1736796060.0,9.07387461247535e-05,0.0001271776272302,9.07387461247535e-05,0.0001014532332244,25035.38707298369
1736796120.0,0.0001014532332244,0.0001093795117088,9.26910139154027e-05,9.71006218232456e-05,25552.86574331762
1736796180.0,9.71006218232456e-05,0.0001125031588196,9.38312482453816e-05,0.000112179761681,17649.78367171575
1736796240.0,0.000112179761681,0.000116282312526,0.000103747223891,0.0001140937854479,14473.17201944319
1736796300.0,0.0001140937854479,0.000125713717971,0.000106740689331,0.000125331343881,15540.81223700735
1736796360.0,0.000125331343881,0.0001371262381469,0.0001187691510816,0.0001286898627655,14788.9794077295
1736796420.0,0.0001286898627655,0.0001293397809327,0.0001164676943996,0.0001205000268794,10788.11759770907
1736796480.0,0.0001205000268794,0.0001221265944528,0.0001087658790144,0.0001113078885456,19396.75884363036
1736796540.0,0.0001113078885456,0.0001118140374758,9.80326265922807e-05,0.0001024342883641,13276.57759241088
1736796600.0,0.0001024342883641,0.0001123248378928,0.0001002337793745,0.0001093594657109,13868.66468783705
1736796660.0,0.0001093594657109,0.0001275764623977,0.00010711822058,0.0001275764623977,13438.66867528537
1736796720.0,0.0001275764623977,0.0001327232272968,0.0001239295936228,0.0001273419203172,12487.71210014535
1736796780.0,0.0001273419203172,0.0001594208679413,0.0001263583528894,0.0001594208679413,14584.37899324497
1736796840.0,0.0001594208679413,0.0002064780431499,0.0001594208679413,0.0002000519575874,27111.43864084056
1736796900.0,0.0002000519575874,0.0002379797216545,0.0001955530784503,0.0002255001393049,32115.46062151547
1736796960.0,0.0002255001393049,0.0002288472558624,0.0002113478867047,0.0002238589122587,23663.37391452807
1736797020.0,0.0002238589122587,0.0003188247961414,0.0002238589122587,0.0002855169905064,33940.24471264783
1736797080.0,0.0002855169905064,0.0003195127150823,0.0002821041759512,0.0002841252744212,31746.31941445047
1736797140.0,0.0002841252744212,0.0002866115135717,0.0002075746721853,0.0002075746721853,23785.55130668228
1736797200.0,0.0002075746721853,0.0002590340197112,0.00020128618315,0.0002588347580732,29582.97838723398
1736797260.0,0.0002588347580732,0.0003138323409389,0.0002481952864118,0.0003138261036752,33163.97745697487
1736797320.0,0.0003138261036752,0.000337055879055,0.0002827402670145,0.0003329291587088,24505.4293237799
1736797380.0,0.0003329291587088,0.0003437981962681,0.0003037583851118,0.0003037583851118,34556.81787765848
1736797440.0,0.0003037583851118,0.000317469528013,0.0002895457326169,0.0003046175747379,29777.50054570784
1736797500.0,0.0003046175747379,0.0003069399631147,0.0002738723334807,0.0003062548432354,28158.65214805231
1736797560.0,0.0003062548432354,0.0003291468247856,0.0003020626143083,0.0003250524555445,21409.4888543867
1736797620.0,0.0003250524555445,0.0003288419700378,0.0002766297380542,0.0002779379310474,28557.80085247012
1736797680.0,0.0002779379310474,0.0002859346565963,0.0002269666492253,0.0002422207117445,27473.81263322123
1736797740.0,0.0002422207117445,0.0002686718416999,0.000230625681533,0.0002488789705674,26067.72869590072
1736797800.0,0.0002488789705674,0.0002979806596601,0.0002446535414586,0.0002811159268546,18935.02626280494
1736797860.0,0.0002811159268546,0.0002917653741734,0.0002399350001349,0.0002593303362906,26623.61134067505
1736797920.0,0.0002593303362906,0.000260562529389,0.0002338608791904,0.0002410686907116,25254.8404955322
1736797980.0,0.0002410686907116,0.0002559719984753,0.0002212201862352,0.0002234156596811,19966.62229141453
1736798040.0,0.0002234156596811,0.0002261268721978,0.0001750055416248,0.000190795008124,22742.7445512474
1736798100.0,0.000190795008124,0.0002097824340671,0.0001804810049003,0.00018160097435,16830.15686023674
1736798160.0,0.00018160097435,0.0001853968263066,0.0001590904988141,0.0001621348547339,18708.97594127732
1736798220.0,0.0001621348547339,0.0001835666200919,0.0001588954931042,0.0001695874477181,16482.72848943549
1736798280.0,0.0001695874477181,0.0001715254480257,0.0001617561433262,0.0001663487360881,8993.86128807951
1736798340.0,0.0001663487360881,0.0001665074999963,0.0001588079970095,0.0001617095478021,10477.2498871232
1736798400.0,0.0001617095478021,0.0001714998717235,0.0001588481508226,0.0001706429435873,11475.9059357759
1736798460.0,0.0001706429435873,0.000188305769756,0.0001683696512215,0.0001787591783308,15729.91861462947
1736798520.0,0.0001787591783308,0.000188365136019,0.0001768279057703,0.0001882824122281,9574.63399902648
1736798580.0,0.0001882824122281,0.0002823575736091,0.0001854453573368,0.0002698649947575,23641.54698635654
1736798640.0,0.0002698649947575,0.0002753625269097,0.0002339915305775,0.0002374066408299,16653.6492589734
1736798700.0,0.0002374066408299,0.0002554026697647,0.0002263376921037,0.0002491490891044,15032.13056397818
1736798760.0,0.0002491490891044,0.0002612468513131,0.000241502275988,0.0002537475538695,16070.72769833797
1736798820.0,0.0002537475538695,0.0002667360133718,0.0002527776570039,0.0002572843857957,15842.60011649081
1736798880.0,0.0002572843857957,0.0002641431279942,0.0002430838389204,0.0002479532712593,16175.25138623352
1736798940.0,0.0002479532712593,0.0002481022047766,0.0002280992021575,0.0002283134011454,17462.24623720947
1736799000.0,0.0002283134011454,0.0002332975771596,0.0002105028309475,0.0002115059146532,13868.35617258944
1736799060.0,0.0002115059146532,0.0002246138087892,0.0002115059146532,0.0002230069064838,16351.4392148999
1736799120.0,0.0002230069064838,0.000255625356457,0.0002230069064838,0.000247413711757,23587.99243586053
1736799180.0,0.000247413711757,0.0002593087894422,0.000236869048182,0.0002563345088547,16188.64710533513
1736799240.0,0.0002563345088547,0.0002857870624349,0.0002497151228292,0.0002746021097897,20852.9975850852
1736799300.0,0.0002746021097897,0.0002837526129316,0.0002564070629736,0.0002650119580768,21992.53207694566
1736799360.0,0.0002650119580768,0.000284744832351,0.0002579641635034,0.0002746311006494,17078.56261073963
1736799420.0,0.0002746311006494,0.0002870151067894,0.0002714286755998,0.0002840082462462,19923.80953105996
1736799480.0,0.0002840082462462,0.0003111493553878,0.0002765210151003,0.0002823121538773,22452.12728624771
1736799540.0,0.0002823121538773,0.0002994355176735,0.0002528260209774,0.0002558195865673,19191.13289959766
1736799600.0,0.0002558195865673,0.000267061395231,0.0002420647288438,0.0002551186538883,18986.37133656521
1736799660.0,0.0002551186538883,0.00027039663529,0.000246028195288,0.00027039663529,15983.92502302468
1736799720.0,0.00027039663529,0.0002788635566196,0.0002610542753317,0.0002754711309214,24523.34401516655
1736799780.0,0.0002754711309214,0.0003734600937887,0.0002671207351347,0.0002993722286316,31701.01214575474
1736799840.0,0.0002993722286316,0.0003174879849076,0.0002876194822305,0.0003080553797287,21415.57793656547
1736799900.0,0.0003080553797287,0.0006120617907669,0.0002795641630311,0.0002884004507695,45801.49077774937
1736799960.0,0.0002884004507695,0.0003005778977566,0.0002832177290431,0.0002951561090808,8286.18688528304
1736800020.0,0.0002951561090808,0.0003644371087325,0.0002951561090808,0.0003086115480691,29878.6839246947
1736800080.0,0.0003086115480691,0.0003134023576846,0.0002871300838996,0.0002919345580385,19318.63496174284
1736800140.0,0.0002919345580385,0.000352674775047,0.0002851219870129,0.0002977687951354,24888.75966759466
1736800200.0,0.0002977687951354,0.0003357973100113,0.0002877916649273,0.0003270764459643,23605.62727737512
1736800260.0,0.0003270764459643,0.000329171967477,0.0002821852289291,0.0003185861405686,23808.37301613513
1736800320.0,0.0003185861405686,0.0003228939540905,0.000302635284684,0.000318712670467,17059.94882238001
1736800380.0,0.000318712670467,0.000373900692345,0.0003142444436674,0.0003640292213412,28626.09357110503
1736800440.0,0.0003640292213412,0.000439998771673,0.0003487145514653,0.0004348923811669,38391.62952517526
1736800500.0,0.0004348923811669,0.0004429262499559,0.0003763461501893,0.0003904798669876,31216.92886290747
1736800560.0,0.0003904798669876,0.0004020548585964,0.0003758447005017,0.0003910166010841,32262.88242103928
1736800620.0,0.0003910166010841,0.0003940446713473,0.0003737467334945,0.0003841104708054,26420.2185122454
1736800680.0,0.0003841104708054,0.0004200617692701,0.0003803392112579,0.0003939533227755,26512.75740789454
1736800740.0,0.0003939533227755,0.0004780642916467,0.0003718204643963,0.0004780642916467,32512.89609321758
1736800800.0,0.0004780642916467,0.0004876560560631,0.0004441064247809,0.0004795493896907,41556.31928408568
1736800860.0,0.0004795493896907,0.0005518628241816,0.0004624274103653,0.0005296847523086,44849.98517276056
1736800920.0,0.0005296847523086,0.0006096411786445,0.0005026134426909,0.0006096380727935,42896.97028078569
1736800980.0,0.0006096380727935,0.0006893640242875,0.0005514736044208,0.0005705829414258,58733.42025742487
1736801040.0,0.0005705829414258,0.0005746096723833,0.0004268717632346,0.0004268717632346,51392.96718413731
1736801100.0,0.0004268717632346,0.000557930248581,0.0004101292263765,0.0005157778144716,44915.3811170206
1736801160.0,0.0005157778144716,0.0005348016589029,0.0004689206910468,0.0005193792163679,40079.91149439045
1736801220.0,0.0005193792163679,0.0006540288689092,0.0005047937700931,0.0005912265881133,40147.80449828227
1736801280.0,0.0005912265881133,0.0007070757304677,0.0005730229217285,0.0006495954293696,64904.76136371386
1736801340.0,0.0006495954293696,0.0007741998939354,0.0006420751421736,0.0006768568594309,64873.62182496806
1736801400.0,0.0006768568594309,0.0007000604315277,0.0005964061832369,0.0006484752593279,44538.54146413785
1736801460.0,0.0006484752593279,0.0007069685196105,0.0006319612904812,0.0006987060550416,53655.29020816062
1736801520.0,0.0006987060550416,0.0007796919460335,0.0006635279329158,0.0007210069388007,58854.36325995511
1736801580.0,0.0007210069388007,0.0007545463255276,0.0006570015881497,0.0006829986605804,59473.16195016634
1736801640.0,0.0006829986605804,0.0007593605154556,0.0005275208944653,0.0005409307130788,64596.95569452493
1736801700.0,0.0005409307130788,0.0006901541276841,0.0005381487671633,0.0006901541276841,45081.38413363182
1736801760.0,0.0006901541276841,0.0006933658834215,0.0006076179617094,0.000647982445486,42617.54992397166
1736801820.0,0.000647982445486,0.0006609011108996,0.0005712519352337,0.0005865482984737,48505.25862179067
1736801880.0,0.0005865482984737,0.0006152616630296,0.0005767213602404,0.0005927108481783,35035.68909412339
1736801940.0,0.0005927108481783,0.000596244833167,0.0003656085555316,0.0003790185046887,55179.53989064796
1736802000.0,0.0003790185046887,0.0003888144368722,0.0001625824035948,0.0001675642221033,40000.64075630333
1736802060.0,0.0001675642221033,0.0002574481691994,0.0001651557245609,0.0002330215746611,40355.31791863284
1736802120.0,0.0002330215746611,0.0003092138981489,0.0002247969468535,0.0002975072105361,34454.47720685744
1736802180.0,0.0002975072105361,0.0004694086760962,0.0002795337648867,0.0003623412363903,51297.802574628
1736802240.0,0.0003623412363903,0.000409344161376,0.0003496793418994,0.0003876417142298,41663.7990182758
1736802300.0,0.0003876417142298,0.0003876417142298,0.0003207668045131,0.0003226851298855,25337.4183942859
1736802360.0,0.0003226851298855,0.0003291040488717,0.0002311682406985,0.0002636797899577,28624.06651815835
1736802420.0,0.0002636797899577,0.0002910179450785,0.0002506209300113,0.0002645365175129,27199.16728060666
1736802480.0,0.0002645365175129,0.0002735383394177,0.0002503930326032,0.0002698197406069,22899.33715327875
1736802540.0,0.0002698197406069,0.0002712214100255,0.000233512086681,0.00023449677094,14938.8770298484
1736802600.0,0.00023449677094,0.0002345763872226,0.0001619569754718,0.0001721646051786,26691.58189849288
1736802660.0,0.0001721646051786,0.0002138548697664,0.0001694609242021,0.0002030655603548,22857.41278416249
1736802720.0,0.0002030655603548,0.0002314139683388,0.0002030655603548,0.0002117322536603,20702.37884604558
1736802780.0,0.0002117322536603,0.0002321068157775,0.0002023318805867,0.0002093017099506,22005.63117617335
1736802840.0,0.0002093017099506,0.0002429187120646,0.0002049706154512,0.0002348772037807,14607.55696369452
1736802900.0,0.0002348772037807,0.0002552236397365,0.0002320425268056,0.000254852804083,16818.5235955865
1736802960.0,0.000254852804083,0.0003177203191565,0.000250852909805,0.0002768410524015,27858.11884363174
1736803020.0,0.0002768410524015,0.0003189030627348,0.0002528602969886,0.0002561046395558,27447.95848649812
1736803080.0,0.0002561046395558,0.0003064619656356,0.0002370391015856,0.0002486620344756,24791.3254870097
1736803140.0,0.0002486620344756,0.0002647408429246,0.0002422309541518,0.0002647408429246,17214.21007932229
1736803200.0,0.0002647408429246,0.0002647408429246,0.0002295463372533,0.0002334756589725,19292.42577151873
1736803260.0,0.0002334756589725,0.0002345975394723,0.000176914725903,0.0001838488869857,11705.85994397412
1736803320.0,0.0001838488869857,0.0001881589862814,0.0001738291293501,0.0001775766590002,8940.798526086
1736803380.0,0.0001775766590002,0.000190342958403,0.0001723410795396,0.0001896685373672,13184.96157009951
1736803440.0,0.0001896685373672,0.0002102038226465,0.0001883193162518,0.0002083113277632,10332.0020411659
1736803500.0,0.0002083113277632,0.0002144999580942,0.0002048954194339,0.0002078242647508,8711.16680107861
1736803560.0,0.0002078242647508,0.000219962077029,0.0002070053291218,0.0002119058237608,6406.27313308307
1736803620.0,0.0002119058237608,0.0002160295995718,0.0002063654664842,0.0002083367192075,6390.12827235376
1736803680.0,0.0002083367192075,0.0002083367192075,0.0001993136956693,0.0002073108468719,7078.81730396802
1736803740.0,0.0002073108468719,0.0002163002491288,0.0002062137584751,0.0002111536296356,6607.53646644909
1736803800.0,0.0002111536296356,0.0002166356293391,0.0002065473972429,0.0002065473972429,6281.94488063162
1736803860.0,0.0002065473972429,0.000221922615358,0.0001942674311576,0.0001960819576186,9485.61641155067
1736803920.0,0.0001960819576186,0.0002070085006765,0.0001933954268242,0.0002003770611913,8918.13066565328
1736803980.0,0.0002003770611913,0.0002220591952503,0.000200249475298,0.0002152561826738,10952.38160798598
1736804040.0,0.0002152561826738,0.0002352051542192,0.0002129101517632,0.0002324534751961,6232.34258197344
1736804100.0,0.0002324534751961,0.0002349647773087,0.0002231058580223,0.0002332977844357,5962.0760725297
1736804160.0,0.0002332977844357,0.0002428416027451,0.0002265963230737,0.0002428416027451,10574.39297957493
1736804220.0,0.0002428416027451,0.0002689059038058,0.0002428416027451,0.0002671120974104,9961.28843510244
1736804280.0,0.0002671120974104,0.0003405967176925,0.0002671120974104,0.0002836615375874,19909.20256861766
1736804340.0,0.0002836615375874,0.0002993277046524,0.0002732574742655,0.0002945785511179,11900.72014082876
1736804400.0,0.0002945785511179,0.0003034902529303,0.0002921281112154,0.000300840518481,11809.67329143572
1736804460.0,0.000300840518481,0.0003188508486549,0.0002934049509382,0.0003127874467894,13373.31575542768
1736804520.0,0.0003127874467894,0.0003148128131248,0.0002965450162906,0.0003036569699701,11858.2219049219
1736804580.0,0.0003036569699701,0.0003366917379311,0.0003018753691497,0.0003361615675047,13203.61878535132
1736804640.0,0.0003361615675047,0.0003585754768945,0.0003349677883947,0.0003566363752665,7820.05096662476
1736804700.0,0.0003566363752665,0.000389903253845,0.000353671403429,0.0003707855831986,17390.23254024795
1736804760.0,0.0003707855831986,0.0004026089734512,0.0003615741959756,0.0003709741841236,19034.16988568959
1736804820.0,0.0003709741841236,0.0003786421914221,0.0003531374405774,0.0003570384051898,14317.69654747291
1736804880.0,0.0003570384051898,0.0003584921025992,0.0003419256028914,0.0003563933930185,13714.75576441751
1736804940.0,0.0003563933930185,0.0003725300510541,0.0003457376425663,0.0003725300510541,16962.26692681075
1736805000.0,0.0003725300510541,0.0003885720146323,0.0003679500922241,0.0003777068835954,8953.78510610533
1736805060.0,0.0003777068835954,0.0003984017398925,0.0003688417643817,0.0003932230994233,13824.50177645426
1736805120.0,0.0003932230994233,0.0004280553651104,0.0003883906250942,0.0004258603619623,13795.87462238964
1736805180.0,0.0004258603619623,0.000443819165446,0.0004045644335506,0.0004411023006012,15104.26554552799
1736805240.0,0.0004411023006012,0.0005010939672474,0.0004337958627038,0.0004657718391076,17281.61429405177
1736805300.0,0.0004657718391076,0.0004672204858303,0.0003998267051355,0.0004018377413131,18562.94814117038
1736805360.0,0.0004018377413131,0.0004267741760702,0.0003905637119122,0.000399972974825,13449.0520386614
1736805420.0,0.000399972974825,0.000399972974825,0.0003563984149467,0.0003655952936199,15946.28768837645
1736805480.0,0.0003655952936199,0.0003937512236085,0.0003638407538619,0.0003899287748163,9075.51773784022
1736805540.0,0.0003899287748163,0.0003953646424483,0.0003765664739613,0.0003920330484754,13394.24590151523
1736805600.0,0.0003920330484754,0.0003920330484754,0.0003713547092287,0.0003772751777959,13857.98449119769
1736805660.0,0.0003772751777959,0.0003819258095347,0.0003405168027733,0.0003522436625671,13988.76772422605
1736805720.0,0.0003522436625671,0.000367208308233,0.0003407365596218,0.0003580144123792,13705.51420808604
1736805780.0,0.0003580144123792,0.0003629687629704,0.0003336655216933,0.0003511533473454,14197.40174492308
1736805840.0,0.0003511533473454,0.0003511533473454,0.0003344184458389,0.000341547702188,10759.81382328157
1736805900.0,0.000341547702188,0.0003630647159078,0.0003236058640575,0.000330728389743,15795.09763070691
1736805960.0,0.000330728389743,0.0003388037882011,0.0003192109966392,0.0003365949038741,11403.9301978076
1736806020.0,0.0003365949038741,0.0003834296824543,0.0003328047672285,0.0003834296824543,11488.72794855489
1736806080.0,0.0003834296824543,0.0003933259142844,0.0003566733389607,0.0003673308767445,15263.35807021051
1736806140.0,0.0003673308767445,0.0004106849679309,0.0003620317106769,0.0004043313877398,16806.770994518
1736806200.0,0.0004043313877398,0.0004239628421506,0.0003977965957502,0.0004208364598955,10779.66520993804
1736806260.0,0.0004208364598955,0.0004569029546755,0.0004161916381054,0.0004569029546755,17173.49736302336
1736806320.0,0.0004569029546755,0.0005385611387648,0.0004419061807698,0.0004861938906575,26481.80113542959
1736806380.0,0.0004861938906575,0.0007471615544524,0.0004784375862313,0.0005592499936804,64819.73126544288
1736806440.0,0.0005592499936804,0.0006257490626581,0.0005450173892121,0.0006199071825701,17926.6345815155
1736806500.0,0.0006199071825701,0.00065229748303,0.000568783847094,0.0006039673527879,31687.40613175869
1736806560.0,0.0006039673527879,0.0006394334829879,0.0005453344246827,0.000559495529598,32692.47848816402
1736806620.0,0.000559495529598,0.0005888874557925,0.000514732189123,0.0005314986187488,23834.79478129246
1736806680.0,0.0005314986187488,0.0005884094725589,0.0005209548742122,0.0005410022449412,28200.75619470483
1736806740.0,0.0005410022449412,0.0005719485324676,0.000523405893261,0.0005643298453873,24348.1229892223
1736806800.0,0.0005643298453873,0.0006308655156813,0.0005489039396349,0.0005967558691769,29661.96609507901
1736806860.0,0.0005967558691769,0.0005999437983475,0.0005308985194767,0.0005326925226767,23579.10191625812
1736806920.0,0.0005326925226767,0.000541906586682,0.0004584192225554,0.0004856963135114,29625.14760667508
1736806980.0,0.0004856963135114,0.0005295243021207,0.0004759487162481,0.000507267132965,21505.56393391907
1736807040.0,0.000507267132965,0.0005669953849309,0.0005018110997899,0.0005414435192859,17385.5363910154
1736807100.0,0.0005414435192859,0.0005442746983573,0.0005079918014817,0.0005145929781768,23647.94471562065
1736807160.0,0.0005145929781768,0.0005263405710503,0.0004846450145436,0.0005210044893827,17160.97675211976
1736807220.0,0.0005210044893827,0.0005621851850695,0.0004976030350248,0.0005418570135563,22844.61053710326
1736807280.0,0.0005418570135563,0.0006547883834287,0.0005308391884057,0.0006547883834287,22190.77009621133
1736807340.0,0.0006547883834287,0.0006547883834287,0.0006001896913791,0.0006331680476142,22673.96441741578
1736807400.0,0.0006331680476142,0.000659536661253,0.0006194143572642,0.0006494927808656,12186.06402348293
1736807460.0,0.0006494927808656,0.0006594963160118,0.0006141242786225,0.0006490100090384,25766.47718571313
1736807520.0,0.0006490100090384,0.0006537179285154,0.0006157413031437,0.0006336461824414,20097.06048664561
1736807580.0,0.0006336461824414,0.0006678439889453,0.0006167370677304,0.0006473552604058,24562.25266930764
1736807640.0,0.0006473552604058,0.0006707441116922,0.0006267637939429,0.0006559487717171,24596.73723374104
1736807700.0,0.0006559487717171,0.0006767481390223,0.0006056893311468,0.0006146376456072,24762.66651045573
1736807760.0,0.0006146376456072,0.0006212602616036,0.0005314199544519,0.0005528397092047,19003.51878448236
1736807820.0,0.0005528397092047,0.0005795809605081,0.0005177503674634,0.0005575159059613,35626.12307518054
1736807880.0,0.0005575159059613,0.0006981950777721,0.0005260103284779,0.0005749717047967,35479.51781522862
1736807940.0,0.0005749717047967,0.000594875025316,0.0005730267032892,0.0005874374374956,14386.94477284476
1736808000.0,0.0005874374374956,0.0006349139490395,0.0005757629960317,0.0006328053837476,9674.45497324386
1736808060.0,0.0006328053837476,0.0006502169933878,0.00062723860041,0.0006497477589011,8842.10253081967
1736808120.0,0.0006497477589011,0.0006571676894745,0.0006263100454882,0.0006457282481594,26349.75452356991
1736808180.0,0.0006457282481594,0.0006938211111348,0.0006295235130374,0.0006938211111348,23270.72012953974
1736808240.0,0.0006938211111348,0.0007251926171884,0.0006847101190597,0.0006942839543789,22885.80166859436
1736808300.0,0.0006942839543789,0.0006984928404608,0.0006689775728756,0.00067797817777,21122.33552495696
1736808360.0,0.00067797817777,0.0008074215300947,0.0006599836224854,0.0006693263115726,25384.91481011963
1736808420.0,0.0006693263115726,0.0006834884698786,0.0006199333322458,0.0006559775690623,6040.93305695688
1736808480.0,0.0006559775690623,0.0006588321418178,0.0006423796558271,0.0006582479603078,1596.92202788407
1736808540.0,0.0006582479603078,0.000677233943245,0.0006518979119067,0.0006736914306118,5072.4707233662
1736808600.0,0.0006736914306118,0.0007233031551444,0.000669933489543,0.0007160416300246,28212.97425110549
1736808660.0,0.0007160416300246,0.0007628653912203,0.0006956176668449,0.0007294112774018,21663.42107338772
1736808720.0,0.0007294112774018,0.0007321982794839,0.0006489548913443,0.0006610004189168,17901.838609039
1736808780.0,0.0006610004189168,0.0006610004189168,0.00055082777642,0.0005836915667315,21264.97650582051
1736808840.0,0.0005836915667315,0.0006211860239906,0.0005736229758353,0.0006171032446026,16807.00456359493
1736808900.0,0.0006171032446026,0.0006383853978682,0.0006004521933321,0.0006356753342884,23879.77014310281
1736808960.0,0.0006356753342884,0.0006464407127491,0.0006181500078396,0.0006206293741234,19930.21585685816
1736809020.0,0.0006206293741234,0.0006206293741234,0.0005088207669923,0.0005423969797265,17230.39404198411
1736809080.0,0.0005423969797265,0.000564239696299,0.000465978121176,0.0004951916734762,28248.14935438003
1736809140.0,0.0004951916734762,0.0005152411226535,0.000460692788474,0.0004759162435828,20068.39479739777
1736809200.0,0.0004759162435828,0.0005168217021788,0.0004624217850698,0.0005131637359189,22639.34339241782
1736809260.0,0.0005131637359189,0.0005131637359189,0.0004545760972082,0.0004545760972082,6552.72392329149
1736809320.0,0.0004545760972082,0.0005207394672021,0.0004541256310041,0.0005017729891193,5858.11349398689
1736809380.0,0.0005017729891193,0.0007640428216906,0.0005017729891193,0.0006395797871284,32289.8004600893
1736809440.0,0.0006395797871284,0.0006395797871284,0.0005366244007739,0.0005700613608485,4863.64507509484
1736809500.0,0.0005700613608485,0.0006061713735062,0.0005552345503708,0.0006061713735062,4369.0790481367
1736809560.0,0.0006061713735062,0.0006418149245579,0.0006049957690627,0.0006388407886137,11011.22638854254
1736809620.0,0.0006388407886137,0.0006388407886137,0.0006013139889268,0.0006292052217368,22599.51140964699
1736809680.0,0.0006292052217368,0.0006673435238879,0.0006132792332901,0.0006308800203679,25723.65193809722
1736809740.0,0.0006308800203679,0.0006528719250168,0.0006128195414155,0.0006415947459404,22401.17732532823
1736809800.0,0.0006415947459404,0.0006546448794026,0.0006150366149868,0.0006546448794026,15554.41717141467
1736809860.0,0.0006546448794026,0.0006656385755444,0.0006077421105841,0.0006125348696799,17708.5724503872
1736809920.0,0.0006125348696799,0.0006168748780883,0.0004963954906303,0.000514460585028,27850.02814539521
1736809980.0,0.000514460585028,0.000514460585028,0.0004902548510704,0.0005050420599093,13767.22460295782
1736810040.0,0.0005050420599093,0.000539717836992,0.0005037191775086,0.000539717836992,17456.43163244493
1736810100.0,0.000539717836992,0.0005620571162936,0.0005234150711251,0.0005419906661896,17011.22546354048
1736810160.0,0.0005419906661896,0.0005512911396154,0.0005320953649696,0.0005512711914259,18253.88294032992
1736810220.0,0.0005512711914259,0.0005734619862762,0.0005332577410795,0.0005530067567494,21173.83614921276
1736810280.0,0.0005530067567494,0.0005865607297725,0.0005526449327544,0.0005865607297725,18219.65454423552
1736810340.0,0.0005865607297725,0.0006106785159295,0.0005694056330545,0.000604623821576,15836.53395603835
1736810400.0,0.000604623821576,0.000604623821576,0.0005834906846952,0.0005846677037275,1088.22610767476
1736810460.0,0.0005846677037275,0.0005846677037275,0.0005729197050984,0.0005730766451946,1162.47271768875
1736810520.0,0.0005730766451946,0.0005866411128174,0.0005730766451946,0.0005865715505906,1119.69091225615
1736810580.0,0.0005865715505906,0.0005916085233306,0.0005860880062634,0.0005864726984911,295.28616914387
1736810640.0,0.0005864726984911,0.0005927180511547,0.0005849823973645,0.0005893629304059,633.73255957559
1736810700.0,0.0005893629304059,0.0005893629304059,0.000570375016964,0.000570375016964,1597.52608471338
1736810760.0,0.000570375016964,0.000570375016964,0.0005172019276734,0.0005172019276734,2488.2736472169
1736810820.0,0.0005172019276734,0.0005195646655735,0.000513596180806,0.000513596180806,576.63870080835
1736810880.0,0.000513596180806,0.000513596180806,0.0004734346262338,0.0004734346262338,2107.61176463977
1736810940.0,0.0004734346262338,0.0004737134028957,0.0004318613549968,0.0004419740496635,11891.62979116942
1736811000.0,0.0004419740496635,0.0004427059728465,0.0004130775723299,0.0004153184433203,13614.60826946338
1736811060.0,0.0004153184433203,0.0004269582906674,0.0003977706204645,0.0004104066941583,19624.58682249194
1736811120.0,0.0004104066941583,0.0004153230648649,0.0003572914502066,0.0003650158391168,19582.51284678143
1736811180.0,0.0003650158391168,0.000367691957601,0.000294335361808,0.0003151071614651,20396.99384852998
1736811240.0,0.0003151071614651,0.0003632384443151,0.0003151071614651,0.0003599677955807,12273.59481022829
1736811300.0,0.0003599677955807,0.0004044407923716,0.0003573652239673,0.0004044407923716,18536.77820433306
1736811360.0,0.0004044407923716,0.000407096847456,0.0003792276129523,0.0003854611140934,13794.7818999202
1736811420.0,0.0003854611140934,0.0004638540170406,0.0003821710058964,0.0004196034089179,20066.47083377728
1736811480.0,0.0004196034089179,0.0004375973796939,0.0004123759565169,0.0004288681962359,15180.1868183495
1736811540.0,0.0004288681962359,0.0004390876423451,0.000416800124636,0.000429817981375,14126.88697235186
1736811600.0,0.000429817981375,0.0004329599228885,0.0004190727167183,0.000427168042304,10125.39371543583
1736811660.0,0.000427168042304,0.0004330956920463,0.0004156735197709,0.0004330956920463,14159.21760719217
1736811720.0,0.0004330956920463,0.0004330956920463,0.0003978041885233,0.0004277430609204,15846.43576680058
1736811780.0,0.0004277430609204,0.0004283281042078,0.0003955944369689,0.000404403774836,15476.65831498086
1736811840.0,0.000404403774836,0.000404403774836,0.000375533981047,0.0003834282646284,14919.11262498405
1736811900.0,0.0003834282646284,0.0004594204992639,0.0003780846013221,0.0004333824242179,27612.20088000144
1736811960.0,0.0004333824242179,0.0004698250989822,0.0004333824242179,0.0004511136356604,12970.32648202556
1736812020.0,0.0004511136356604,0.0004649984123645,0.0004409096178842,0.0004580687339278,20492.2571872755
1736812080.0,0.0004580687339278,0.0004726508966531,0.0004427364456803,0.0004703182978448,15438.23380090091
1736812140.0,0.0004703182978448,0.0004864967582789,0.0004703182978448,0.0004859592684164,10927.12383551096
1736812200.0,0.0004859592684164,0.0005253861688193,0.0004807476714558,0.0005212119916364,21040.30090695779
1736812260.0,0.0005212119916364,0.0005304599523623,0.0005101043707454,0.0005180551335335,15467.31292510317
1736812320.0,0.0005180551335335,0.00053072012223,0.0005052379721022,0.0005229323284838,14938.66578889668
1736812380.0,0.0005229323284838,0.0005480078142079,0.0005118564273688,0.000541065030231,18366.458120925
1736812440.0,0.000541065030231,0.0005616723686655,0.0005214135917264,0.0005564341612377,20623.3681902812
1736812500.0,0.0005564341612377,0.0005564341612377,0.00052020653636,0.0005345041211927,23446.01285841105
1736812560.0,0.0005345041211927,0.0005367178754107,0.000489870268071,0.0005025172219208,21961.27361808961
1736812620.0,0.0005025172219208,0.0005025172219208,0.0004355169094852,0.0004464637863947,14499.5092424378
1736812680.0,0.0004464637863947,0.0004688768327858,0.0004286121063489,0.0004377985990024,15919.39510865775
1736812740.0,0.0004377985990024,0.0004488313919318,0.000424787435128,0.0004398843888528,16771.62890280443
1736812800.0,0.0004398843888528,0.0004541521897138,0.0004297968363788,0.0004528276849213,17830.64354107706
1736812860.0,0.0004528276849213,0.0004671773212722,0.0004437512548758,0.0004671773212722,9298.7230811301
1736812920.0,0.0004671773212722,0.0004671773212722,0.0004497354223878,0.0004635944690136,11661.9252141292
1736812980.0,0.0004635944690136,0.0004658883684426,0.0004480250840706,0.0004626934838304,15579.0497462294
1736813040.0,0.0004626934838304,0.0004886893363038,0.0004538039998235,0.0004886893363038,4169.75314240837
1736813100.0,0.0004886893363038,0.0004957260475499,0.0004886893363038,0.0004936846709705,594.20397221986
1736813160.0,0.0004936846709705,0.0005048253152437,0.0004936846709705,0.0005048253152437,781.8453351206
1736813220.0,0.0005048253152437,0.0005059266088485,0.0004414807522964,0.0004414807522964,3040.24098841233
1736813280.0,0.0004414807522964,0.0004431507709655,0.0003730126314202,0.0004059593970489,7499.45182533916
1736813340.0,0.0004059593970489,0.0004171439617337,0.0004023830499773,0.0004086796576604,7053.51686553126
1736813400.0,0.0004086796576604,0.0004293535239188,0.0004054095008721,0.0004099935974628,16510.27565686857
1736813460.0,0.0004099935974628,0.0004099935974628,0.0003838163718628,0.0003977368115847,15973.09365892101
1736813520.0,0.0003977368115847,0.0003984387873809,0.0003858160628496,0.0003909064142467,12044.25660744388
1736813580.0,0.0003909064142467,0.0003919568210935,0.0003706184706104,0.0003745975154278,8626.73377778604
1736813640.0,0.0003745975154278,0.0003764306262631,0.0003539968199957,0.0003539968199957,12180.08099262589
1736813700.0,0.0003539968199957,0.0003649664258955,0.0003539968199957,0.0003614004921294,8199.12020125181
1736813760.0,0.0003614004921294,0.0003619470962614,0.0003489579803031,0.0003518382242098,12875.05123692781
1736813820.0,0.0003518382242098,0.000352420387333,0.000341323952444,0.0003500248160355,12338.95209471972
1736813880.0,0.0003500248160355,0.0003639198256972,0.0003431780791566,0.0003505841615235,10108.43885052305
1736813940.0,0.0003505841615235,0.0003781593930954,0.0003437145380869,0.0003761166351637,14946.67025070659
1736814000.0,0.0003761166351637,0.0003837621624109,0.0003618312799835,0.0003618312799835,10576.6352599065
1736814060.0,0.0003618312799835,0.0003725794019931,0.0003092216312151,0.0003167810445776,18931.45512877633
1736814120.0,0.0003167810445776,0.0003167810445776,0.0002904610399712,0.0002987925225723,13995.81633401082
1736814180.0,0.0002987925225723,0.0003148564643592,0.0002742108828782,0.0002824696596571,18990.53573638456
1736814240.0,0.0002824696596571,0.0002859047528568,0.0002703789874158,0.0002723485487492,13853.50252048149
1736814300.0,0.0002723485487492,0.0002723485487492,0.0002544812679901,0.0002575839281745,6570.40236276023
1736814360.0,0.0002575839281745,0.0002843889051835,0.0002494552169809,0.0002641718966076,17478.8054374576
1736814420.0,0.0002641718966076,0.0002755340369032,0.0002580934223262,0.0002622788557854,10576.0974342519
1736814480.0,0.0002622788557854,0.0003446153251001,0.000248845892274,0.0002488472467734,20671.26538647262
1736814540.0,0.0002488472467734,0.00025935982181,0.0002438936809557,0.0002472746081193,9081.860192619
1736814600.0,0.0002472746081193,0.0002910266990374,0.0002431915268194,0.0002910266990374,14240.84779576184
1736814660.0,0.0002910266990374,0.0002987786937651,0.0002851203931972,0.0002965978640937,9316.22084732776
1736814720.0,0.0002965978640937,0.0003013704485869,0.0002752052619591,0.0002827792788874,8011.68870035275
1736814780.0,0.0002827792788874,0.0002842301301065,0.0002689523503893,0.0002702528254472,8927.49026429139
1736814840.0,0.0002702528254472,0.000274669409614,0.0002663285747404,0.0002710039752505,6036.92413895457
1736814900.0,0.0002710039752505,0.0002732265391952,0.0002625797656042,0.0002675367217659,10944.88018112132
1736814960.0,0.0002675367217659,0.0002700740557423,0.0002607394997816,0.0002630287998327,7282.53732999323
1736815020.0,0.0002630287998327,0.0002652128066391,0.0002575075835222,0.0002587493370463,9523.23598144617
1736815080.0,0.0002587493370463,0.0002664575240762,0.0002566205601864,0.0002664575240762,8346.45874446211
1736815140.0,0.0002664575240762,0.0003061443790491,0.0002664467109445,0.0003045335008303,11300.85558312004
1736815200.0,0.0003045335008303,0.0003363297990406,0.000299633443214,0.0003329313972623,12686.1752814997
1736815260.0,0.0003329313972623,0.0003690480344949,0.0003300282908138,0.0003413444814919,13051.02406942037
1736815320.0,0.0003413444814919,0.0003460652826002,0.0003281815672558,0.0003352173819064,10538.96471896322
1736815380.0,0.0003352173819064,0.000369591420092,0.0003321172185299,0.0003682902322686,13537.7722739839
1736815440.0,0.0003682902322686,0.0003682902322686,0.0003565294491977,0.000363757350195,12192.34637387139
1736815500.0,0.000363757350195,0.0004041684854219,0.0003568043762311,0.0003978040858057,15025.09801962804
1736815560.0,0.0003978040858057,0.000403004659692,0.0003801459801705,0.0003901417795527,10753.39910320527
1736815620.0,0.0003901417795527,0.0003925531116813,0.0003770428548325,0.0003824558923653,9759.54599988403
1736815680.0,0.0003824558923653,0.00038777550737,0.000373368818096,0.0003841407238527,9657.4267718283
1736815740.0,0.0003841407238527,0.0004031082440584,0.0003841407238527,0.0004031082440584,11592.05430875574
1736815800.0,0.0004031082440584,0.0004055618160233,0.0003888718040162,0.0004055618160233,11124.84517647983
1736815860.0,0.0004055618160233,0.0004095914544815,0.0003856788548748,0.0003901646409397,13329.42598069585
1736815920.0,0.0003901646409397,0.0004003247170857,0.0003823254953526,0.0003857868641673,8278.097009928
1736815980.0,0.0003857868641673,0.0003857868641673,0.0003424933626393,0.0003513690791056,14470.46059797483
1736816040.0,0.0003513690791056,0.0003513690791056,0.0003059491861587,0.0003074535228681,10836.31852459645
1736816100.0,0.0003074535228681,0.0003677873956593,0.0003074535228681,0.0003253950007818,15906.9455816652
1736816160.0,0.0003253950007818,0.0003293390735638,0.0003125842428362,0.0003176400565237,8992.95041184549
1736816220.0,0.0003176400565237,0.0003204589264977,0.0003031326736378,0.0003104906232479,7687.34583863975
1736816280.0,0.0003104906232479,0.0003110915152351,0.0002988375054821,0.0003041479973651,10358.20906175285
1736816340.0,0.0003041479973651,0.0003279067149153,0.0002962166129616,0.0003220706142576,11708.39292351908
1736816400.0,0.0003220706142576,0.0003301895340706,0.0003156122655922,0.0003276158022331,7214.25857252054
1736816460.0,0.0003276158022331,0.0003389239612463,0.0003195858713454,0.0003329196658919,9451.63218947453
1736816520.0,0.0003329196658919,0.0003381252676574,0.0003260330878674,0.0003360277856206,11771.67394606333
1736816580.0,0.0003360277856206,0.0003599934464798,0.0003290131033952,0.000334721734775,11923.28070177629
1736816640.0,0.000334721734775,0.0003424517290087,0.0003336059930143,0.0003370425851913,7320.42215520958
1736816700.0,0.0003370425851913,0.0003387144431182,0.0003224751546799,0.0003259461009985,11717.49767987881
1736816760.0,0.0003259461009985,0.0003313292858918,0.0003105637909503,0.0003105637909503,9146.95624329337
1736816820.0,0.0003105637909503,0.0003105637909503,0.000295583012891,0.0003016220350104,10945.06386345849
1736816880.0,0.0003016220350104,0.0003041417879349,0.0002912995943918,0.0002964590416737,8824.81018616344
1736816940.0,0.0002964590416737,0.0002964590416737,0.0002751127673512,0.0002777187503942,8201.72237579508
1736817000.0,0.0002777187503942,0.0002824362350374,0.0002747812080245,0.000279253231935,5625.48115108785
1736817060.0,0.000279253231935,0.0002944068934639,0.00022828404698,0.0002547838540487,23537.96782232352
1736817120.0,0.0002547838540487,0.000254977181551,0.0002439222722671,0.0002469549118231,5301.24636977516
1736817180.0,0.0002469549118231,0.000256650661531,0.0002370447502608,0.0002402314187974,11098.42487596578
1736817240.0,0.0002402314187974,0.0002407522591734,0.0002344758133029,0.0002368038299636,6195.37151444705
1736817300.0,0.0002368038299636,0.0002472595604082,0.0002358537361616,0.0002412786432159,7262.77316219241
1736817360.0,0.0002412786432159,0.0002448162308096,0.000239195243708,0.0002435579795586,5062.16983192222
1736817420.0,0.0002435579795586,0.0002448144750391,0.0002322878931276,0.0002383986882127,7981.44415011175
1736817480.0,0.0002383986882127,0.0002395802508988,0.0002177975437622,0.0002198052546925,9265.72217769802
1736817540.0,0.0002198052546925,0.0002298981419182,0.0002138939201582,0.0002195037650035,7135.50786811424
1736817600.0,0.0002195037650035,0.0002401751322152,0.0002162512359544,0.0002214467743283,10598.89965615755
1736817660.0,0.0002214467743283,0.0002299364005009,0.0002146934037773,0.0002170872388057,6849.50272486592
1736817720.0,0.0002170872388057,0.0002181871914874,0.0002078861568641,0.0002097488413217,6613.22025176917
1736817780.0,0.0002097488413217,0.0002914360516387,0.0002064971172161,0.0002220405513522,16777.04562720868
1736817840.0,0.0002220405513522,0.0002298397538926,0.0002186580463762,0.0002286087120795,9084.83276270442
1736817900.0,0.0002286087120795,0.0002362876385924,0.0002270114848126,0.0002326653828885,4782.23792709468
1736817960.0,0.0002326653828885,0.0002365133524887,0.0002307435019288,0.0002307435019288,7613.70378299901
1736818020.0,0.0002307435019288,0.0002376968457758,0.0002307435019288,0.0002357583370716,7429.25660600678
1736818080.0,0.0002357583370716,0.0002431926536223,0.0002326192490108,0.0002431926536223,8246.48312174509
1736818140.0,0.0002431926536223,0.0002434766439323,0.0002309526042416,0.0002374912889781,9751.1879012742
1736818200.0,0.0002374912889781,0.0002387823862427,0.0002260520284013,0.0002260520284013,6865.74490059236
1736818260.0,0.0002260520284013,0.0002278384255653,0.0002160635252888,0.0002195761604425,4231.75977133063
1736818320.0,0.0002195761604425,0.0002195761604425,0.000213598217304,0.0002146364517764,7514.89691532017
1736818380.0,0.0002146364517764,0.0002360669467791,0.0002127846509776,0.000223690707647,11353.9386228942
1736818440.0,0.000223690707647,0.0002371402115369,0.0002214251493742,0.0002292134949351,11201.6583192813
1736818500.0,0.0002292134949351,0.0002372605876393,0.0002257698392423,0.0002366487468002,8235.701001969
1736818560.0,0.0002366487468002,0.0002428507113038,0.0002317981192799,0.0002356933953533,7853.19827776171
1736818620.0,0.0002356933953533,0.0002373177136317,0.0002261878610552,0.0002265733860649,4911.14740019483
1736818680.0,0.0002265733860649,0.0002289885041211,0.0002212366378438,0.0002263337987292,8666.99872218432
1736818740.0,0.0002263337987292,0.0002267343112195,0.0002224332620478,0.000224922884725,5987.30259019489
1736818800.0,0.000224922884725,0.0002354950128712,0.0002232028392951,0.0002308532249075,5344.28090000746
1736818860.0,0.0002308532249075,0.0002351659662972,0.0002304121254758,0.0002351659662972,3212.04711771484
1736818920.0,0.0002351659662972,0.0002479434532118,0.00022935176923,0.0002419798969901,12856.75949296176
1736818980.0,0.0002419798969901,0.0002480464659189,0.0002381108901225,0.0002470158962785,7679.73406570159
1736819040.0,0.0002470158962785,0.0003591723518888,0.0002447527999766,0.000252999837226,20058.71641572588
1736819100.0,0.000252999837226,0.0002551064782559,0.0002423417702951,0.0002465819289095,5821.65825197664
1736819160.0,0.0002465819289095,0.0002587092718977,0.0002433608475092,0.0002551277215998,6818.08673312337
1736819220.0,0.0002551277215998,0.0002870639040945,0.0002551277215998,0.0002738513632591,7808.55119717252
1736819280.0,0.0002738513632591,0.000291436427973,0.0002688511267392,0.000291436427973,8117.00124449395
1736819340.0,0.000291436427973,0.0003018972584648,0.0002859456558761,0.0002954660713662,7604.19014804271
1736819400.0,0.0002954660713662,0.0003409819747206,0.0002909546042277,0.0003073472943377,16343.22696993133
1736819460.0,0.0003073472943377,0.0003329106029485,0.0003014457035701,0.0003295275785723,12770.48219641467
1736819520.0,0.0003295275785723,0.0003378872038601,0.0003245265561927,0.0003247534704317,9230.41649218854
1736819580.0,0.0003247534704317,0.0003325453949529,0.0003080414890623,0.0003112375089818,12811.05255311826
1736819640.0,0.0003112375089818,0.0003207464424415,0.0003060966102165,0.000315880351298,10192.68576388561
1736819700.0,0.000315880351298,0.0003474991626579,0.000315880351298,0.0003372624259325,14892.29489198778
1736819760.0,0.0003372624259325,0.0003849291333474,0.0003372624259325,0.000365838069049,18172.43004511834
1736819820.0,0.000365838069049,0.0004108106877904,0.000365838069049,0.0003921886118919,20342.00619973763
1736819880.0,0.0003921886118919,0.0004180929116575,0.0003766357696539,0.0004159069665796,19314.87159106616
1736819940.0,0.0004159069665796,0.0004184660138744,0.0003991297497115,0.0004124557294577,15874.09597415971
1736820000.0,0.0004124557294577,0.0004288939579846,0.0003971819448961,0.0004166719509117,16812.98173367707
1736820060.0,0.0004166719509117,0.0004575456793676,0.0003568037309036,0.000364878841465,20097.22976172036
1736820120.0,0.000364878841465,0.0003755577206955,0.0003467813158013,0.0003524135767969,15568.72288717867
1736820180.0,0.0003524135767969,0.0003580373736829,0.000304895567645,0.0003214116542404,10861.85001925134
1736820240.0,0.0003214116542404,0.0003341554583951,0.0003030881868021,0.0003041574242835,17871.55015402734
1736820300.0,0.0003041574242835,0.0003208482502895,0.0003041574242835,0.0003047359354976,9932.6676129331
1736820360.0,0.0003047359354976,0.0003064414182828,0.0002907972785585,0.0002952466438679,8822.80842598997
1736820420.0,0.0002952466438679,0.0002997075362603,0.0002892824721218,0.0002980846989012,8517.22745142623
1736820480.0,0.0002980846989012,0.0003125098207647,0.0002910665360237,0.0003053644525834,10329.1667843955
1736820540.0,0.0003053644525834,0.0003149538898854,0.0002997926044794,0.0003127298896169,8370.77982312342
1736820600.0,0.0003127298896169,0.0003127298896169,0.000287253676175,0.000287253676175,5430.24815801406
1736820660.0,0.000287253676175,0.0002989905089953,0.0002868525837602,0.000293102237031,9897.65344179175
1736820720.0,0.000293102237031,0.0002958303287139,0.0002846340035034,0.0002881244752528,9644.43215006235
1736820780.0,0.0002881244752528,0.0002939157134295,0.0002842782278653,0.0002925319347934,8828.9890136581
1736820840.0,0.0002925319347934,0.0003036073299273,0.0002863396761066,0.0002998437460038,8697.06508351548
1736820900.0,0.0002998437460038,0.0003058300872311,0.0002842311005527,0.0002902334906919,7149.71231885821
1736820960.0,0.0002902334906919,0.0002927333262865,0.0002844913602017,0.0002914725127997,9688.38899741384
1736821020.0,0.0002914725127997,0.0003068031123713,0.0002914725127997,0.0003034231292186,9422.13696495638
1736821080.0,0.0003034231292186,0.0003076317536581,0.0002972073533393,0.0003074129819452,7181.88716688616
1736821140.0,0.0003074129819452,0.0003098350140901,0.0002989022769317,0.0003021419606776,6343.81556090169
1736821200.0,0.0003021419606776,0.0003055368844759,0.0002961003421127,0.0003043632123483,8881.5880813886
1736821260.0,0.0003043632123483,0.000304874255524,0.0002983295680756,0.0003019188227633,8394.67939452611
1736821320.0,0.0003019188227633,0.0003021018315152,0.0002937125654558,0.0002996583446768,8718.77512624392
1736821380.0,0.0002996583446768,0.0003010410197097,0.0002940131017431,0.0003007993199413,4361.21167773714
1736821440.0,0.0003007993199413,0.0003007993199413,0.0002884077290472,0.0002954557481324,7777.11699692554
1736821500.0,0.0002954557481324,0.0002954557481324,0.0002817091102301,0.0002817091102301,9058.46656184394
1736821560.0,0.0002817091102301,0.0002817091102301,0.0002722705507931,0.0002782417472083,9342.63313326327
1736821620.0,0.0002782417472083,0.0002782417472083,0.0002499479724884,0.0002511436179847,9399.22360840415
1736821680.0,0.0002511436179847,0.0002642471160282,0.0002511436179847,0.0002635360615357,6484.19848748404
1736821740.0,0.0002635360615357,0.0002648578101227,0.0002582117974362,0.0002607221345379,6724.03617747908
1736821800.0,0.0002607221345379,0.0002612068700001,0.0002484116476024,0.0002542085261183,7642.28396371798
1736821860.0,0.0002542085261183,0.0002575074218109,0.000251242984295,0.0002560964963085,5722.51427320669
1736821920.0,0.0002560964963085,0.0002593803800831,0.000247992726925,0.0002552126299976,8945.5208494367
1736821980.0,0.0002552126299976,0.000263107608803,0.0002477940479176,0.0002490078717738,10601.39029265552
1736822040.0,0.0002490078717738,0.0002525517111595,0.0002472505537965,0.0002472505537965,4532.10756444722
1736822100.0,0.0002472505537965,0.0002522349192096,0.0002364040781479,0.0002392120506263,6113.47978608718
1736822160.0,0.0002392120506263,0.0002392120506263,0.0002305212094388,0.0002337649138381,5173.62111598455
1736822220.0,0.0002337649138381,0.0002346993324725,0.0002280910224475,0.0002346606876304,7533.9946117536
1736822280.0,0.0002346606876304,0.0002362657772307,0.0002296137831588,0.0002328259742154,5241.86889502394
1736822340.0,0.0002328259742154,0.0002341436285941,0.0002282676583269,0.0002340196664228,7623.3643886612
1736822400.0,0.0002340196664228,0.0002349655898627,0.0002283726982171,0.0002323426401214,6068.15018347903
1736822460.0,0.0002323426401214,0.0002352237474952,0.0002277118124144,0.0002340662651204,8859.73657151754
1736822520.0,0.0002340662651204,0.0002352859252829,0.0002294083418907,0.0002329130463966,7009.751480175
1736822580.0,0.0002329130463966,0.0002385869883359,0.0002323281323167,0.0002380373856623,4910.35668815073
1736822640.0,0.0002380373856623,0.0002466376369644,0.0002341581034734,0.000244561327566,7935.10587655059
1736822700.0,0.000244561327566,0.0002545528631023,0.0002435799258939,0.0002545528631023,7073.18775584244
1736822760.0,0.0002545528631023,0.0002701185878604,0.0002505315019764,0.0002584951961948,7623.76545921584
1736822820.0,0.0002584951961948,0.0002763946415247,0.0002508890933315,0.0002724351016763,10287.25542487935
1736822880.0,0.0002724351016763,0.0002789399683823,0.0002703453206721,0.0002764110167137,9603.14703568923
1736822940.0,0.0002764110167137,0.0002776901381796,0.0002669688759804,0.0002724366224583,8203.24451443951
1736823000.0,0.0002724366224583,0.0002728089962615,0.000265041383675,0.0002680457961329,7089.75816329249
1736823060.0,0.0002680457961329,0.0002685412285378,0.000262788028712,0.0002645668441591,7165.57763340499
1736823120.0,0.0002645668441591,0.0002685081868072,0.0002626783939498,0.0002669276364945,6386.47725722148
1736823180.0,0.0002669276364945,0.0002703829800957,0.0002613348593115,0.0002682919876383,6422.17857424016
1736823240.0,0.0002682919876383,0.0002709117020353,0.0002661807327886,0.0002682499471746,5297.62625167999
1736823300.0,0.0002682499471746,0.0002770319229706,0.0002640905632122,0.0002738895220673,9454.99787738591
1736823360.0,0.0002738895220673,0.0002772085159308,0.0002696596261238,0.000277017281225,8887.57777999954
1736823420.0,0.000277017281225,0.0002874328817165,0.0002717603985275,0.0002840777770233,7870.95172493179
1736823480.0,0.0002840777770233,0.0002856264646779,0.0002782264209255,0.0002788058085471,10871.49553573044
1736823540.0,0.0002788058085471,0.0003041233736231,0.0002788058085471,0.0003026055822834,11026.18399280081
1736823600.0,0.0003026055822834,0.0003026055822834,0.0002878261092278,0.0002903956485598,8404.22231347277
1736823660.0,0.0002903956485598,0.0002938215359527,0.0002883156625597,0.0002900277838133,8165.31594110946
1736823720.0,0.0002900277838133,0.0002920569661587,0.0002753796721839,0.0002767025029822,9520.3572261659
1736823780.0,0.0002767025029822,0.0002823950412675,0.0002749113730766,0.0002819768364438,10574.91450258184
1736823840.0,0.0002819768364438,0.0002966854216625,0.0002732376204432,0.0002966854216625,9922.71284648139
1736823900.0,0.0002966854216625,0.0003196742492075,0.0002951634240463,0.0003138872023658,8583.66379273825
1736823960.0,0.0003138872023658,0.0003503542978977,0.0003138872023658,0.0003444612972003,9087.45338974214
1736824020.0,0.0003444612972003,0.0003547070872335,0.0003376354775711,0.0003407977740518,10098.82122211821
1736824080.0,0.0003407977740518,0.0003753446003775,0.0003370122067103,0.0003610023832131,15088.75283383635
1736824140.0,0.0003610023832131,0.0003610023832131,0.0003285102180529,0.0003370573139469,12488.58967192114
1736824200.0,0.0003370573139469,0.0003380166506594,0.000325360246619,0.0003337084653177,12398.717801437
1736824260.0,0.0003337084653177,0.0003384345676442,0.0003249065563445,0.000331282159208,6586.78832381373
1736824320.0,0.000331282159208,0.0003416934905524,0.0003247161818921,0.0003379922067714,8443.69121175106
1736824380.0,0.0003379922067714,0.0003393827781466,0.0003289876190913,0.0003378172733008,12043.81044731132
1736824440.0,0.0003378172733008,0.0003431939384065,0.0003315057552531,0.0003386369322029,9343.32335995169
1736824500.0,0.0003386369322029,0.0003487407035541,0.000335242272364,0.0003392802753499,10445.76064563952
1736824560.0,0.0003392802753499,0.0003504953561853,0.0003392802753499,0.0003426796023674,12557.43545754924
1736824620.0,0.0003426796023674,0.000355652356753,0.0003426796023674,0.0003538840053625,10339.24877470766
1736824680.0,0.0003538840053625,0.0003538840053625,0.0003295097842574,0.0003536300455746,11191.619100219
1736824740.0,0.0003536300455746,0.0003662995050585,0.0003512839078578,0.0003637631643561,11259.39246297286
1736824800.0,0.0003637631643561,0.0003659953706892,0.0003350687935726,0.0003578406030986,7507.67472846809
1736824860.0,0.0003578406030986,0.0003667602562095,0.00035501998201,0.000365967523098,8806.83544729555
1736824920.0,0.000365967523098,0.0003792652892525,0.0003623771653664,0.0003731965676794,12807.48456065631
1736824980.0,0.0003731965676794,0.000378958101299,0.0003671288628519,0.0003743100427866,9567.65863130655
1736825040.0,0.0003743100427866,0.0003764482340534,0.0003129996679636,0.0003235397336021,13183.49043934361
1736825100.0,0.0003235397336021,0.0003775020626767,0.0003187302375835,0.0003585662784795,17612.56693223903
1736825160.0,0.0003585662784795,0.0003648401783111,0.00033936841067,0.0003457421320191,9694.11947802726
1736825220.0,0.0003457421320191,0.0003457421320191,0.0003329237147195,0.0003354202925837,9018.44355650763
1736825280.0,0.0003354202925837,0.0003396881173781,0.000329322807481,0.0003326210691684,11597.11536656617
1736825340.0,0.0003326210691684,0.0003357203794986,0.0003272422482048,0.0003285381118354,8185.20069372572
1736825400.0,0.0003285381118354,0.0003295462472887,0.0003028781003015,0.0003089100358294,12224.14155453544
1736825460.0,0.0003089100358294,0.0003089100358294,0.0002904313395945,0.0002904313395945,12709.36911021309
1736825520.0,0.0002904313395945,0.0002935600343516,0.0002806802249926,0.0002859168598527,6538.86446458134
1736825580.0,0.0002859168598527,0.0002885119125393,0.0002704968952448,0.000274370780646,8961.31450554271
1736825640.0,0.000274370780646,0.000274454322582,0.000268034610145,0.0002703661331607,6141.50932135814
1736825700.0,0.0002703661331607,0.00027748273338,0.0002674667095379,0.00027748273338,6056.28992567967
1736825760.0,0.00027748273338,0.0002806606035744,0.0002745132032203,0.0002785452794794,5427.58104915587
1736825820.0,0.0002785452794794,0.0002818780357746,0.0002697712601197,0.0002754480693738,8174.1126140397
1736825880.0,0.0002754480693738,0.0002784352411699,0.0002657693627065,0.0002736602106447,7406.07039114291
1736825940.0,0.0002736602106447,0.0002754246379751,0.0002686658666711,0.0002744895553733,7328.87645676759
1736826000.0,0.0002744895553733,0.0002779282789405,0.0002702954612257,0.0002750490292915,5099.0705586511
1736826060.0,0.0002750490292915,0.0003049814652505,0.0002733360946926,0.0003045674568102,11380.53404348249
1736826120.0,0.0003045674568102,0.0004114544647359,0.0002990958532739,0.0003163600520746,20951.55704982598
1736826180.0,0.0003163600520746,0.0003250695051127,0.000308203105408,0.0003113558341749,7396.70945499843
1736826240.0,0.0003113558341749,0.0003125249864395,0.0003060748705648,0.000310800005531,6293.10555190658
1736826300.0,0.000310800005531,0.0003200314856065,0.0003067629081103,0.0003165829793509,9335.31543114845
1736826360.0,0.0003165829793509,0.0003223984539781,0.0003138852311824,0.0003210572558214,4963.98083131024
1736826420.0,0.0003210572558214,0.0003220100990184,0.0003145083275883,0.0003205332947769,5206.90387391924
1736826480.0,0.0003205332947769,0.0003208642007013,0.0003133548630795,0.0003168180519561,5016.28609718616
1736826540.0,0.0003168180519561,0.0003178214548765,0.0003117919490726,0.0003161878391082,7235.63787208209
1736826600.0,0.0003161878391082,0.0003174596232937,0.0003099685263334,0.0003135889020619,7542.5482478235
1736826660.0,0.0003135889020619,0.000316391337035,0.0003085368937416,0.0003125804608468,8642.52959904172
1736826720.0,0.0003125804608468,0.0003145272919198,0.000255932180394,0.0002571867274889,10119.50012785204
1736826780.0,0.0002571867274889,0.0002614075065421,0.000244269059479,0.000246828961851,6521.34375857281
1736826840.0,0.000246828961851,0.0002476256741482,0.0002424316420663,0.0002475045235699,7482.74937423746
1736826900.0,0.0002475045235699,0.0002611955311725,0.0002275611955594,0.0002518953937477,12565.86192979783
1736826960.0,0.0002518953937477,0.0002611263520876,0.000246362462454,0.0002474804701301,9191.80558894902
1736827020.0,0.0002474804701301,0.0002477314950522,0.0002427757628957,0.0002454021904433,5802.40384242644
1736827080.0,0.0002454021904433,0.000246275021122,0.0002365415019948,0.0002397359622792,6724.57591239166
1736827140.0,0.0002397359622792,0.0002398460550964,0.0002172842940523,0.0002267274205739,8085.79614010077
1736827200.0,0.0002267274205739,0.0002329431901706,0.0002233463072092,0.0002322973116091,4791.30036507661
1736827260.0,0.0002322973116091,0.0002375496258803,0.0002221785087169,0.0002241522545763,5018.77809856322
1736827320.0,0.0002241522545763,0.0002304640630677,0.0002227047897929,0.0002304640630677,9627.13090849574
1736827380.0,0.0002304640630677,0.0002330718483968,0.0002273509523146,0.0002313423828951,3785.66505132982
1736827440.0,0.0002313423828951,0.0002315665748468,0.0002254545364776,0.0002291740956786,5258.10379058456
1736827500.0,0.0002291740956786,0.0002370465059003,0.0002247373214828,0.0002305032518719,8170.14686714727
1736827560.0,0.0002305032518719,0.0002323614145308,0.0002258252735493,0.0002315535985753,7933.87912140359
1736827620.0,0.0002315535985753,0.0002419240056039,0.0002289309414253,0.0002419240056039,7376.76517410124
1736827680.0,0.0002419240056039,0.0002485859176895,0.0002388395951665,0.000241524932994,6188.54551342595
1736827740.0,0.000241524932994,0.0002523364611469,0.0002383907336726,0.0002441044379967,7285.61132915358
1736827800.0,0.0002441044379967,0.0002450306909727,0.0002386997270849,0.0002406821283272,6615.88502482334
1736827860.0,0.0002406821283272,0.0002414378590258,0.0002359065062988,0.0002407452035863,5349.92242347566
1736827920.0,0.0002407452035863,0.0002411693689064,0.0002364598792028,0.0002381097723941,6366.15273583768
1736827980.0,0.0002381097723941,0.0002446850120841,0.0002362315861218,0.0002426011955306,6974.45860675415
1736828040.0,0.0002426011955306,0.0002456002435555,0.0002390635932375,0.0002409624422563,5744.42790858996
1736828100.0,0.0002409624422563,0.0002448000958974,0.0002379831876486,0.0002418426357284,4242.29619596397
1736828160.0,0.0002418426357284,0.0002431530340926,0.0002027903232696,0.0002059448696241,11004.224043985
1736828220.0,0.0002059448696241,0.0002081223656583,0.0002021973758251,0.0002049695190536,6219.95812416716
1736828280.0,0.0002049695190536,0.0002228764242144,0.0001958264161373,0.0002017346053975,12496.15047929229
1736828340.0,0.0002017346053975,0.0002017346053975,0.0001950962780248,0.0001970598307163,8184.36340598088
1736828400.0,0.0001970598307163,0.000198288891058,0.0001912309082609,0.0001912309082609,9234.96448374342
1736828460.0,0.0001912309082609,0.0001947998184182,0.0001902738196804,0.0001911984667936,5735.02895002107
1736828520.0,0.0001911984667936,0.000194241968946,0.0001809910517434,0.0001809910517434,6923.99430976909
1736828580.0,0.0001809910517434,0.0002055266587024,0.0001587192160707,0.0001594300965143,10235.5435420927
1736828640.0,0.0001594300965143,0.0001792014263956,0.0001594300965143,0.0001626963354638,7463.80371043209
1736828700.0,0.0001626963354638,0.0001660307084205,0.0001516105370738,0.0001537251152832,6496.05022882438
1736828760.0,0.0001537251152832,0.0001537251152832,0.0001452959027115,0.0001526393389938,6354.95892839414
1736828820.0,0.0001526393389938,0.0001563186083608,0.0001416410885316,0.0001485176053103,12203.226415863
1736828880.0,0.0001485176053103,0.000150674426471,0.0001456894453705,0.0001473170969682,4441.64530692464
1736828940.0,0.0001473170969682,0.0001494249123939,0.0001381294426951,0.0001381294426951,5186.54215729703
1736829000.0,0.0001381294426951,0.0001560637613156,0.0001360783204603,0.0001386725715653,17756.89371937567
1736829060.0,0.0001386725715653,0.0001435112345021,0.0001385127916196,0.0001426521580818,2975.07397143381
1736829120.0,0.0001426521580818,0.0001426521580818,0.0001372923114685,0.0001405811036376,4629.79311967605
1736829180.0,0.0001405811036376,0.0001434268193559,0.000138862083607,0.0001425280355513,4228.42931808827
1736829240.0,0.0001425280355513,0.0001438815740931,0.0001409704054822,0.0001433960747668,4694.30870588091
1736829300.0,0.0001433960747668,0.0001443697080471,0.0001417110853967,0.0001438054772955,3261.65974303399
1736829360.0,0.0001438054772955,0.0001438054772955,0.0001314946034267,0.0001332547653123,3870.5893545222
1736829420.0,0.0001332547653123,0.0001517682135641,0.0001289499623721,0.000131873709204,13806.80923361822
1736829480.0,0.000131873709204,0.0001330140482245,0.0001300844503775,0.0001318344315103,2971.5470865493
1736829540.0,0.0001318344315103,0.0001367700420091,0.0001301292588627,0.0001363493894286,3654.8246345086
1736829600.0,0.0001363493894286,0.0001384853398704,0.0001350677070362,0.0001381435237981,5348.44072000637
1736829660.0,0.0001381435237981,0.0001395010303723,0.0001339992635383,0.0001354748349573,5029.14081250054
1736829720.0,0.0001354748349573,0.0001375876494386,0.0001351461553455,0.0001358086205942,3475.40676679389
1736829780.0,0.0001358086205942,0.0001379900919553,0.0001356962491693,0.0001369775069977,2807.94575890684
1736829840.0,0.0001369775069977,0.0001369775069977,0.0001319671774435,0.0001323436644524,5076.27409456973
1736829900.0,0.0001323436644524,0.0001328329301772,0.0001270242889603,0.0001270242889603,3051.61699315971
1736829960.0,0.0001270242889603,0.0001331862267878,0.0001235417739368,0.0001258908450759,5522.29250367704
1736830020.0,0.0001258908450759,0.0001361669984634,0.0001232201239804,0.0001354894306937,5576.02219698004
1736830080.0,0.0001354894306937,0.0001624106927606,0.0001354894306937,0.0001624106927606,6271.9814031949
1736830140.0,0.0001624106927606,0.0001895687019664,0.0001615144504825,0.000181231710403,13944.27150938977
1736830200.0,0.000181231710403,0.0001890026572534,0.0001799401422253,0.0001810042490105,6339.00461524685
1736830260.0,0.0001810042490105,0.0001822758125426,0.0001767110349553,0.0001787913446999,4914.42980012436
1736830320.0,0.0001787913446999,0.0001798118827573,0.0001741991731554,0.0001772988517363,5811.2344418372
1736830380.0,0.0001772988517363,0.0001787264581186,0.0001721764630479,0.0001768122554691,6603.72364293371
1736830440.0,0.0001768122554691,0.0001776628856499,0.0001742960485714,0.0001765797829282,4604.78179979698
1736830500.0,0.0001765797829282,0.0001852772628071,0.0001738071921114,0.0001849349596448,5771.49650308288
1736830560.0,0.0001849349596448,0.0001859807344209,0.0001785415968773,0.0001798974589015,6528.60847682374
1736830620.0,0.0001798974589015,0.0001810150327178,0.0001765580769149,0.0001775209625342,4039.25909099593
1736830680.0,0.0001775209625342,0.0001808457457741,0.0001757260438025,0.0001783023964791,4887.11241022806
1736830740.0,0.0001783023964791,0.0001792015357648,0.0001743383426847,0.0001760769923745,4909.87915509822
1736830800.0,0.0001760769923745,0.0001798856866505,0.0001754276295271,0.0001793104495042,5769.47839054732
1736830860.0,0.0001793104495042,0.0001798440877004,0.0001759284630621,0.0001776685544081,3598.62070277475
1736830920.0,0.0001776685544081,0.0001810714774119,0.0001757830620183,0.0001801749165251,5692.24956586905
1736830980.0,0.0001801749165251,0.0001848096710029,0.0001801749165251,0.0001827313266725,5304.70213013455
1736831040.0,0.0001827313266725,0.0001844155521527,0.0001809109803531,0.0001827178609262,3627.83648690225
1736831100.0,0.0001827178609262,0.0001827178609262,0.0001701954556043,0.0001730368493301,6463.54992547499
1736831160.0,0.0001730368493301,0.0001730368493301,0.0001638482365048,0.0001646113033883,6549.11017122193
1736831220.0,0.0001646113033883,0.0001665193669015,0.0001573584678882,0.0001579878569017,4414.47044202461
1736831280.0,0.0001579878569017,0.0001588248726605,0.0001474953991316,0.0001479017100056,5778.99917878254
1736831340.0,0.0001479017100056,0.0001512468253889,0.000145506733905,0.00015042533341,4192.75370937922
1736831400.0,0.00015042533341,0.0001511288501377,0.0001462876895646,0.0001469405164368,3240.29054904838
1736831460.0,0.0001469405164368,0.0001603519513123,0.0001462106407985,0.0001580951907415,5293.13085807155
1736831520.0,0.0001580951907415,0.000158701688205,0.0001546171970715,0.0001553624251887,4147.7857570545
1736831580.0,0.0001553624251887,0.0001558435279687,0.0001530540066799,0.0001550348913117,3588.54604260028
1736831640.0,0.0001550348913117,0.0001572103798771,0.000153797112737,0.000155456652961,4023.35418979054
1736831700.0,0.000155456652961,0.0001555241973125,0.0001520910962249,0.0001531228532566,4538.60918705365
1736831760.0,0.0001531228532566,0.0001547144535334,0.0001518412465953,0.0001532651027481,2780.00540392016
1736831820.0,0.0001532651027481,0.0001532651027481,0.0001483784813604,0.0001483784813604,3729.7248509564
1736831880.0,0.0001483784813604,0.000148553061727,0.0001446917267943,0.000146732566618,2779.85501946014
1736831940.0,0.000146732566618,0.0001469470658024,0.0001339303638423,0.0001365149906066,4175.90382092643
