time,open,high,low,close,volume,usd_vol,price_change,vol_change,norm_open,mov_in_min
1731965460.0,0.0001054506097173,0.0001208145207546,7.90108906281047e-05,0.0001055943897628,40046.74258181751,4.225832383679688,0.0013634823533543612,0.0,1.0,0.396428529323497
1731965520.0,0.0001055943897628,0.0001214703695156,8.59114518373656e-05,9.95937245857608e-05,20818.03394525662,2.135806564835768,-0.05682749993175479,-0.49458322741708177,1.0013634823533544,0.3367500655869267
1731965580.0,9.95937245857608e-05,0.0001028139143873,8.20394576999624e-05,0.0001021121552036,8959.77186031661,0.9036193328985599,0.025287041209816046,-0.5769189271276337,0.9444584991282574,0.20859202498696178
1731965640.0,0.0001021121552036,0.0001021121552036,5.03429142072216e-05,5.03429142072216e-05,12868.09987558521,0.9809035298588642,-0.5069841185229753,0.08552738320947391,0.9683410601166746,0.5069841185229753
1731965700.0,5.03429142072216e-05,5.03429142072216e-05,3.06894161296137e-05,3.7211088156048e-05,9672.46345432908,0.4234314440694835,-0.2608475543771732,-0.5683250888796288,0.47740752132381886,0.39039253859461004
1731965760.0,3.7211088156048e-05,4.07582799724439e-05,2.51345347520688e-05,2.51345347520688e-05,4390.62593806376,0.13686815453255988,-0.3245417966100615,-0.6767643110838497,0.35287693694523253,0.4198680015713472
1731965820.0,2.51345347520688e-05,2.71877168065146e-05,2.39953342628508e-05,2.64708075794495e-05,1979.72994819904,0.05108232085038523,0.053164812500486436,-0.6267771635787408,0.2383536218467714,0.12701180169650989
1731965880.0,2.64708075794495e-05,3.14501360251847e-05,2.6103082632014e-05,3.1368844574853e-05,1082.03237153592,0.03129218799466631,0.18503541989425637,-0.38741647846585026,0.2510256474610668,0.20199812102906375
1731965940.0,3.1368844574853e-05,3.1368844574853e-05,2.75369353204848e-05,2.78596407920593e-05,1249.79008990744,0.03701158702589741,-0.11186907998539654,0.18277402117761665,0.2974742835432529,0.12215653162565232
1731966000.0,2.78596407920593e-05,3.34775287749334e-05,2.78596407920593e-05,3.03720220431829e-05,2325.46752962975,0.0677079205598516,0.0901799585240773,0.8293709078855667,0.2641961091239542,0.20164969192550888
1731966060.0,3.03720220431829e-05,3.17215087909239e-05,2.92963866913316e-05,3.07430357426288e-05,802.16390111701,0.024512146585229103,0.012215640398205798,-0.6379722433867814,0.288021303286975,0.07984723888795629
1731966120.0,3.07430357426288e-05,3.08456480351788e-05,2.66661755389256e-05,2.66661755389256e-05,969.28860499118,0.027823047158370893,-0.13261085332734912,0.1350718331268842,0.29153966795495123,0.1359485943822352
1731966180.0,2.66661755389256e-05,2.67672649884987e-05,2.63426212487542e-05,2.63426212487542e-05,192.8753623201,0.0051120454432881475,-0.012133509347791371,-0.816265795252763,0.25287834380867313,0.01592443352533363
1731966240.0,2.63426212487542e-05,2.63426212487542e-05,2.46209532997281e-05,2.46209532997281e-05,362.8413337464,0.0092458456808277,-0.06535674383989118,0.8086391804218055,0.24981004206021662,0.06535674383989118
1731966300.0,2.46209532997281e-05,2.46209532997281e-05,2.02575829473472e-05,2.02575829473472e-05,900.39350990769,0.020204171385511806,-0.17722182806094214,1.185216159015873,0.2334832711326546,0.17722182806094214
1731966360.0,2.02575829473472e-05,2.05592457720615e-05,1.95375879915579e-05,2.05592457720615e-05,416.21799429093,0.008494349291454359,0.01489135330203863,-0.5795744784888548,0.19210493900087694,0.05043335047221865
1731966420.0,2.05592457720615e-05,2.05592457720615e-05,1.83750662662703e-05,1.83750662662703e-05,489.82221348872,0.0095354454516381,-0.10623830903171262,0.12256338001442017,0.1949656415186056,0.10623830903171262
1731966480.0,1.83750662662703e-05,1.86412675021476e-05,1.81884107665791e-05,1.81884107665791e-05,349.4800938482,0.006389103692428357,-0.010158085798788609,-0.3299627453344858,0.17425282144438586,0.02464517564215672
1731966540.0,1.81884107665791e-05,1.81884107665791e-05,1.64364063589617e-05,1.65466687284362e-05,358.0072193633,0.006217704612186803,-0.09026308341131009,-0.026826780170225863,0.1724827463334728,0.09632531561452728
1731966600.0,1.65466687284362e-05,1.68997728728246e-05,1.65466687284362e-05,1.67465803769709e-05,169.54342252018,0.00282232570007382,0.012081685553488096,-0.546082376679327,0.15691392181416272,0.021339893254862508
1731966660.0,1.67465803769709e-05,1.67465803769709e-05,1.59688538422649e-05,1.59688538422649e-05,174.31090283551,0.0028513284377053656,-0.046440916127300357,0.010276183797917745,0.15880970647648604,0.046440916127300357
1731966720.0,1.59688538422649e-05,1.61557696269268e-05,1.58907646119706e-05,1.61557696269268e-05,106.77578221688,0.0017150658996728425,0.011705021945105986,-0.3985028602832375,0.15143443821781036,0.01659511807007781
1731966780.0,1.61557696269268e-05,1.62376496067231e-05,1.61557696269268e-05,1.61743780957013e-05,31.31076699558,0.0005061408611379449,0.0011518156797361754,-0.70488547336024,0.15320698164039462,0.005068157177719868
1731966840.0,1.61743780957013e-05,1.61743780957013e-05,1.4950462180544e-05,1.4950462180544e-05,300.45727553298,0.004675842355399914,-0.07567004480268605,8.238223416476046,0.15338344784409308,0.07567004480268605
1731966900.0,1.4950462180544e-05,1.4950462180544e-05,1.34634531818516e-05,1.34634531818516e-05,401.39770326614,0.005702640183632043,-0.0994624099733546,0.21959633156715125,0.1417769154737401,0.0994624099733546
1731966960.0,1.34634531818516e-05,1.34940724379004e-05,1.30433817696297e-05,1.30433817696297e-05,133.52317951482,0.0017696384407981712,-0.031200867009969272,-0.6896808524098256,0.12767544178213333,0.033475116835420725
1731967020.0,1.30433817696297e-05,1.37408879677418e-05,1.30433817696297e-05,1.37408879677418e-05,310.1313344625,0.004153320658127288,0.05347587078499675,1.3469882674191853,0.12369185730264991,0.05347587078499675
1731967080.0,1.37408879677418e-05,1.37408879677418e-05,1.36296535203376e-05,1.36296535203376e-05,23.52172331457,0.0003219011519262814,-0.008095142589426143,-0.9224954732795843,0.13030638708092268,0.008095142589426143
1731967140.0,1.36296535203376e-05,1.36850820703976e-05,1.36296535203376e-05,1.36850820703976e-05,2.3863,3.25905767700857e-05,0.0040667614901062745,-0.8987559486039077,0.12925153829718963,0.0040667614901062745
1731967200.0,1.36850820703976e-05,1.36850820703976e-05,1.36045423633762e-05,1.36045423633762e-05,3.40788947856,4.650001199085582e-05,-0.00588521914644681,0.4267931592280788,0.12977717347567366,0.00588521914644681
1731967260.0,1.36045423633762e-05,1.36045423633762e-05,1.35816703225639e-05,1.35816703225639e-05,11.29242771855,0.00015349917084855284,-0.0016812061884471858,2.301056586366866,0.12901340636956288,0.0016812061884471858
1731967320.0,1.35816703225639e-05,1.35816703225639e-05,1.35715692293784e-05,1.35715692293784e-05,4.45862692422,6.0533082473042675e-05,-0.0007437298171432834,-0.6056455410253223,0.1287965082323817,0.0007437298171432834
1731967380.0,1.35715692293784e-05,1.35715692293784e-05,1.35715692293784e-05,1.35715692293784e-05,0.0,0.0,0.0,-1.0,0.12870071842886535,0.0
1731967440.0,1.35715692293784e-05,1.35715692293784e-05,1.347286501338e-05,1.347286501338e-05,51.16271358664,0.0006918333216374837,-0.00727286685350537,0.0,0.12870071842886535,0.00727286685350537
1731967500.0,1.347286501338e-05,1.347286501338e-05,1.33458072209459e-05,1.33458072209459e-05,11.6177659488,0.00015578652853798973,-0.009430643913371001,-0.7748207210238698,0.12776469523978173,0.009430643913371001
1731967560.0,1.33458072209459e-05,1.33458072209459e-05,1.32905161935802e-05,1.32905161935802e-05,13.0149166443,0.00017333476447533674,-0.00414295114940082,0.11264283312576506,0.12655979189427496,0.00414295114940082
1731967620.0,1.32905161935802e-05,1.32905161935802e-05,1.32905161935802e-05,1.32905161935802e-05,0.0,0.0,0.0,-1.0,0.12603546085897865,0.0
1731967680.0,1.32905161935802e-05,1.32905161935802e-05,1.32447402249507e-05,1.32447402249507e-05,7.93671217095,0.00010530134628811666,-0.003444258143382782,0.0,0.12603546085897865,0.003444258143382782
1731967740.0,1.32447402249507e-05,1.32447402249507e-05,1.32447402249507e-05,1.32447402249507e-05,0.0,0.0,0.0,-1.0,0.12560136219656012,0.0
1731967800.0,1.32447402249507e-05,1.3247857795186e-05,1.32447402249507e-05,1.3247857795186e-05,3.31889775138,4.396311199862297e-05,0.00023538175776570186,0.0,0.12560136219656012,0.00023538175776570186
1731967860.0,1.3247857795186e-05,1.3247857795186e-05,1.31444114335007e-05,1.31444114335007e-05,28.4801620801,0.00037582805264731655,-0.007808535031444006,7.548713581947711,0.1256309264659717,0.007808535031444006
1731967920.0,1.31444114335007e-05,1.31444114335007e-05,1.31444114335007e-05,1.31444114335007e-05,0.0,0.0,0.0,-1.0,0.1246499329756294,0.0
1731967980.0,1.31444114335007e-05,1.43922713995296e-05,1.31444114335007e-05,1.43922713995296e-05,405.698,0.005585788575997363,0.09493463989178871,0.0,0.1246499329756294,0.09493463989178871
1731968040.0,1.43922713995296e-05,1.48130820317128e-05,1.43922713995296e-05,1.48130820317128e-05,48.104095,0.0007024485479825302,0.029238653198059718,-0.8742436204977369,0.1364835294752064,0.029238653198059718
1731968100.0,1.48130820317128e-05,1.49186999173205e-05,1.47001705218255e-05,1.47001705218255e-05,68.18409612242,0.0010061672244978564,-0.007622418457250975,0.43237142049424476,0.1404741240607791,0.014752459685780428
1731968160.0,1.47001705218255e-05,1.47001705218255e-05,1.47001705218255e-05,1.47001705218255e-05,0.0,0.0,0.0,-1.0,0.13940337150477206,0.0
1731968220.0,1.47001705218255e-05,1.47001705218255e-05,1.46164850509489e-05,1.46164850509489e-05,4.17010443264,6.112675767710333e-05,-0.005692823137823505,0.0,0.13940337150477206,0.005692823137823505
1731968280.0,1.46164850509489e-05,1.46164850509489e-05,1.4427019574827e-05,1.4427019574827e-05,49.7910208608,0.0007230528723463746,-0.012962451332278413,10.82874570520879,0.13860977276597908,0.012962451332278413
1731968340.0,1.4427019574827e-05,1.4427019574827e-05,1.4427019574827e-05,1.4427019574827e-05,0.0,0.0,0.0,-1.0,0.1368130503323219,0.0
1731968400.0,1.4427019574827e-05,1.4427019574827e-05,1.4427019574827e-05,1.4427019574827e-05,0.0,0.0,0.0,0.0,0.1368130503323219,0.0
1731968460.0,1.4427019574827e-05,1.4427019574827e-05,1.4427019574827e-05,1.4427019574827e-05,0.0,0.0,0.0,0.0,0.1368130503323219,0.0
1731968520.0,1.4427019574827e-05,1.4427019574827e-05,1.4427019574827e-05,1.4427019574827e-05,0.0,0.0,0.0,0.0,0.1368130503323219,0.0
1731968580.0,1.4427019574827e-05,1.4427019574827e-05,1.4427019574827e-05,1.4427019574827e-05,0.0,0.0,0.0,0.0,0.1368130503323219,0.0
1731968640.0,1.4427019574827e-05,1.4427019574827e-05,1.44211216584785e-05,1.44211216584785e-05,8.61898594304,0.00012432086188634637,-0.0004088104488879707,0.0,0.1368130503323219,0.0004088104488879707
1731968700.0,1.44211216584785e-05,1.44211216584785e-05,1.44211216584785e-05,1.44211216584785e-05,0.0,0.0,0.0,-1.0,0.13675711972780183,0.0
1731968760.0,1.44211216584785e-05,1.44211216584785e-05,1.44211216584785e-05,1.44211216584785e-05,0.0,0.0,0.0,0.0,0.13675711972780183,0.0
1731968820.0,1.44211216584785e-05,1.44211216584785e-05,1.44211216584785e-05,1.44211216584785e-05,0.0,0.0,0.0,0.0,0.13675711972780183,0.0
1731968880.0,1.44211216584785e-05,1.44211216584785e-05,1.44211216584785e-05,1.44211216584785e-05,0.0,0.0,0.0,0.0,0.13675711972780183,0.0
1731968940.0,1.44211216584785e-05,1.44211216584785e-05,1.43663399164628e-05,1.43663399164628e-05,22.41152383494,0.00032258544061710814,-0.003798715752702376,0.0,0.13675711972780183,0.003798715752702376
1731969000.0,1.43663399164628e-05,1.43663399164628e-05,1.43663399164628e-05,1.43663399164628e-05,0.0,0.0,0.0,-1.0,0.13623761830279763,0.0
1731969060.0,1.43663399164628e-05,1.43663399164628e-05,1.43663399164628e-05,1.43663399164628e-05,0.0,0.0,0.0,0.0,0.13623761830279763,0.0
1731969120.0,1.43663399164628e-05,1.43663399164628e-05,1.43663399164628e-05,1.43663399164628e-05,0.0,0.0,0.0,0.0,0.13623761830279763,0.0
1731969180.0,1.43663399164628e-05,1.43663399164628e-05,1.43663399164628e-05,1.43663399164628e-05,0.0,0.0,0.0,0.0,0.13623761830279763,0.0
1731969240.0,1.43663399164628e-05,1.43663399164628e-05,1.43663399164628e-05,1.43663399164628e-05,0.0,0.0,0.0,0.0,0.13623761830279763,0.0
1731969300.0,1.43663399164628e-05,1.43663399164628e-05,1.43663399164628e-05,1.43663399164628e-05,0.0,0.0,0.0,0.0,0.13623761830279763,0.0
1731969360.0,1.43663399164628e-05,1.43663399164628e-05,1.43663399164628e-05,1.43663399164628e-05,0.0,0.0,0.0,0.0,0.13623761830279763,0.0
1731969420.0,1.43663399164628e-05,1.43663399164628e-05,1.43365830892157e-05,1.43365830892157e-05,2.40055584028,3.445148472719434e-05,-0.0020712879842833846,0.0,0.13623761830279763,0.0020712879842833846
1731969480.0,1.43365830892157e-05,1.43365830892157e-05,1.43365830892157e-05,1.43365830892157e-05,0.0,0.0,0.0,-1.0,0.13595543096099966,0.0
1731969540.0,1.43365830892157e-05,1.44695699884063e-05,1.43365830892157e-05,1.44695699884063e-05,23.801949,0.00034282129321987594,0.00927605262446644,0.0,0.13595543096099966,0.00927605262446644
1731969600.0,1.44695699884063e-05,1.44695699884063e-05,1.38363515063286e-05,1.38363515063286e-05,324.18161320564,0.004588129646717681,-0.04376208018517922,12.383444195150924,0.1372165606931759,0.04376208018517922
1731969660.0,1.38363515063286e-05,1.38363515063286e-05,1.38363515063286e-05,1.38363515063286e-05,0.0,0.0,0.0,-1.0,0.13121167856138663,0.0
1731969720.0,1.38363515063286e-05,1.38363515063286e-05,1.32649162408016e-05,1.32649162408016e-05,2.82823411019,3.832436493591286e-05,-0.04129956262426784,0.0,0.13121167856138663,0.04129956262426784
1731969780.0,1.32649162408016e-05,1.34026052744675e-05,1.32649162408016e-05,1.34026052744675e-05,35.77579875,0.0004770259414457812,0.010379939923207425,11.447067087568916,0.12579269362560533,0.010379939923207425
1731969840.0,1.34026052744675e-05,1.34026052744675e-05,1.33717212672119e-05,1.33717212672119e-05,13.61693189181,0.00018229209048356457,-0.002304328645299608,-0.617857070978007,0.12709841422821755,0.002304328645299608
1731969900.0,1.33717212672119e-05,1.33717212672119e-05,1.33717212672119e-05,1.33717212672119e-05,0.0,0.0,0.0,-1.0,0.12680553771153932,0.0
1731969960.0,1.33717212672119e-05,1.33717212672119e-05,1.33717212672119e-05,1.33717212672119e-05,0.0,0.0,0.0,0.0,0.12680553771153932,0.0
1731970020.0,1.33717212672119e-05,1.33717212672119e-05,1.33717212672119e-05,1.33717212672119e-05,0.0,0.0,0.0,0.0,0.12680553771153932,0.0
1731970080.0,1.33717212672119e-05,1.33717212672119e-05,1.33717212672119e-05,1.33717212672119e-05,0.0,0.0,0.0,0.0,0.12680553771153932,0.0
1731970140.0,1.33717212672119e-05,1.33717212672119e-05,1.33717212672119e-05,1.33717212672119e-05,0.0,0.0,0.0,0.0,0.12680553771153932,0.0
1731970200.0,1.33717212672119e-05,1.33717212672119e-05,1.32599925359402e-05,1.32599925359402e-05,36.9422843112,0.0004919181715052771,-0.00835559828379491,0.0,0.12680553771153932,0.00835559828379491
1731970260.0,1.32599925359402e-05,1.32599925359402e-05,1.32599925359402e-05,1.32599925359402e-05,0.0,0.0,0.0,-1.0,0.12574600157826107,0.0
1731970320.0,1.32599925359402e-05,1.32599925359402e-05,1.29895299402341e-05,1.29895299402341e-05,104.7031330446,0.0013742036220900477,-0.020396888985648592,0.0,0.12574600157826107,0.020396888985648592
1731970380.0,1.29895299402341e-05,1.29895299402341e-05,1.27247474346961e-05,1.27247474346961e-05,43.6439723113,0.0005611366048782708,-0.02038430233859777,-0.5916641494330881,0.1231811743436801,0.02038430233859777
1731970440.0,1.27247474346961e-05,1.27247474346961e-05,1.27247474346961e-05,1.27247474346961e-05,0.0,0.0,0.0,-1.0,0.120670212043435,0.0
1731970500.0,1.27247474346961e-05,1.27247474346961e-05,1.26551043600872e-05,1.26551043600872e-05,1.3457290469,1.7077201883128493e-05,-0.005473041800343014,0.0,0.120670212043435,0.005473041800343014
1731970560.0,1.26551043600872e-05,1.26551043600872e-05,1.26551043600872e-05,1.26551043600872e-05,0.0,0.0,0.0,-1.0,0.12000977892886502,0.0
1731970620.0,1.26551043600872e-05,1.26551043600872e-05,1.26551043600872e-05,1.26551043600872e-05,0.0,0.0,0.0,0.0,0.12000977892886502,0.0
1731970680.0,1.26551043600872e-05,1.26551043600872e-05,1.26551043600872e-05,1.26551043600872e-05,0.0,0.0,0.0,0.0,0.12000977892886502,0.0
1731970740.0,1.26551043600872e-05,1.26551043600872e-05,1.26551043600872e-05,1.26551043600872e-05,0.0,0.0,0.0,0.0,0.12000977892886502,0.0
1731970800.0,1.26551043600872e-05,1.26551043600872e-05,1.25352954658086e-05,1.25352954658086e-05,27.68200884238,0.0003486604353617676,-0.009467238741741596,0.0,0.12000977892886502,0.009467238741741596
1731970860.0,1.25352954658086e-05,1.2678099438862e-05,1.25352954658086e-05,1.2678099438862e-05,47.928,0.0006042137954955263,0.011392150543472581,0.7329577268169194,0.11887361770040183,0.011392150543472581
1731970920.0,1.2678099438862e-05,1.2678099438862e-05,1.2678099438862e-05,1.2678099438862e-05,0.0,0.0,0.0,-1.0,0.12022784384889201,0.0
1731970980.0,1.2678099438862e-05,1.2678099438862e-05,1.2678099438862e-05,1.2678099438862e-05,0.0,0.0,0.0,0.0,0.12022784384889201,0.0
1731971040.0,1.2678099438862e-05,1.2678099438862e-05,1.2678099438862e-05,1.2678099438862e-05,0.0,0.0,0.0,0.0,0.12022784384889201,0.0
1731971100.0,1.2678099438862e-05,1.2678099438862e-05,1.2678099438862e-05,1.2678099438862e-05,0.0,0.0,0.0,0.0,0.12022784384889201,0.0
1731971160.0,1.2678099438862e-05,1.2678099438862e-05,1.2678099438862e-05,1.2678099438862e-05,0.0,0.0,0.0,0.0,0.12022784384889201,0.0
1731971220.0,1.2678099438862e-05,1.27638528032587e-05,1.2678099438862e-05,1.27638528032587e-05,1.42532091,1.813147326095801e-05,0.006763897444583904,0.0,0.12022784384889201,0.006763897444583904
1731971280.0,1.27638528032587e-05,1.27638528032587e-05,1.27638528032587e-05,1.27638528032587e-05,0.0,0.0,0.0,-1.0,0.12104105265466937,0.0
1731971340.0,1.27638528032587e-05,1.27638528032587e-05,1.27638528032587e-05,1.27638528032587e-05,0.0,0.0,0.0,0.0,0.12104105265466937,0.0
1731971400.0,1.27638528032587e-05,1.27638528032587e-05,1.27638528032587e-05,1.27638528032587e-05,0.0,0.0,0.0,0.0,0.12104105265466937,0.0
1731971460.0,1.27638528032587e-05,1.27638528032587e-05,1.27638528032587e-05,1.27638528032587e-05,0.0,0.0,0.0,0.0,0.12104105265466937,0.0
1731971520.0,1.27638528032587e-05,1.27638528032587e-05,1.27638528032587e-05,1.27638528032587e-05,0.0,0.0,0.0,0.0,0.12104105265466937,0.0
1731971580.0,1.27638528032587e-05,1.27638528032587e-05,1.27638528032587e-05,1.27638528032587e-05,0.0,0.0,0.0,0.0,0.12104105265466937,0.0
1731971640.0,1.27638528032587e-05,1.27638528032587e-05,1.27424424291643e-05,1.27424424291643e-05,3.5853,4.572386014840309e-05,-0.001677422516885652,0.0,0.12104105265466937,0.001677422516885652
1731971700.0,1.27424424291643e-05,1.27424424291643e-05,1.27424424291643e-05,1.27424424291643e-05,0.0,0.0,0.0,-1.0,0.12083801566747888,0.0
1731971760.0,1.27424424291643e-05,1.27424424291643e-05,1.27424424291643e-05,1.27424424291643e-05,0.0,0.0,0.0,0.0,0.12083801566747888,0.0
1731971820.0,1.27424424291643e-05,1.27424424291643e-05,1.22067395408632e-05,1.22067395408632e-05,281.59893192893,0.0035128314976301312,-0.04204083253890232,0.0,0.12083801566747888,0.04204083253890232
1731971880.0,1.22067395408632e-05,1.22067395408632e-05,1.22067395408632e-05,1.22067395408632e-05,0.0,0.0,0.0,-1.0,0.11575788488646915,0.0
1731971940.0,1.22067395408632e-05,1.22067395408632e-05,1.22067395408632e-05,1.22067395408632e-05,0.0,0.0,0.0,0.0,0.11575788488646915,0.0
1731972000.0,1.22067395408632e-05,1.22067395408632e-05,1.22067395408632e-05,1.22067395408632e-05,0.0,0.0,0.0,0.0,0.11575788488646915,0.0
1731972060.0,1.22067395408632e-05,1.22067395408632e-05,1.16879607540895e-05,1.16879607540895e-05,3.07164620574,3.669803274914296e-05,-0.04249937381206823,0.0,0.11575788488646915,0.04249937381206823
1731972120.0,1.16879607540895e-05,1.1755028118461e-05,1.16879607540895e-05,1.1710107586235e-05,11.36786302686,0.0001329930179929592,0.0018948414194281738,2.623982214579747,0.11083824726498474,0.0057381579030399725
1731972180.0,1.1710107586235e-05,1.1710107586235e-05,1.1710107586235e-05,1.1710107586235e-05,0.0,0.0,0.0,-1.0,0.11104826816675925,0.0
1731972240.0,1.1710107586235e-05,1.1710107586235e-05,1.1710107586235e-05,1.1710107586235e-05,0.0,0.0,0.0,0.0,0.11104826816675925,0.0
1731972300.0,1.1710107586235e-05,1.1710107586235e-05,1.1710107586235e-05,1.1710107586235e-05,0.0,0.0,0.0,0.0,0.11104826816675925,0.0
1731972360.0,1.1710107586235e-05,1.1710107586235e-05,1.1710107586235e-05,1.1710107586235e-05,0.0,0.0,0.0,0.0,0.11104826816675925,0.0
1731972420.0,1.1710107586235e-05,1.1710107586235e-05,1.1710107586235e-05,1.1710107586235e-05,0.0,0.0,0.0,0.0,0.11104826816675925,0.0
1731972480.0,1.1710107586235e-05,1.1710107586235e-05,1.1710107586235e-05,1.1710107586235e-05,0.0,0.0,0.0,0.0,0.11104826816675925,0.0
1731972540.0,1.1710107586235e-05,1.1710107586235e-05,1.16516210666983e-05,1.16516210666983e-05,14.13996492724,0.0001651670118960873,-0.004994533065217132,0.0,0.11104826816675925,0.004994533065217132
1731972600.0,1.16516210666983e-05,1.16516210666983e-05,1.16516210666983e-05,1.16516210666983e-05,0.0,0.0,0.0,-1.0,0.11049363391956528,0.0
1731972660.0,1.16516210666983e-05,1.16516210666983e-05,1.16516210666983e-05,1.16516210666983e-05,0.0,0.0,0.0,0.0,0.11049363391956528,0.0
1731972720.0,1.16516210666983e-05,1.16516210666983e-05,1.16516210666983e-05,1.16516210666983e-05,0.0,0.0,0.0,0.0,0.11049363391956528,0.0
1731972780.0,1.16516210666983e-05,1.16516210666983e-05,1.16516210666983e-05,1.16516210666983e-05,0.0,0.0,0.0,0.0,0.11049363391956528,0.0
1731972840.0,1.16516210666983e-05,1.16516210666983e-05,1.16516210666983e-05,1.16516210666983e-05,0.0,0.0,0.0,0.0,0.11049363391956528,0.0
1731972900.0,1.16516210666983e-05,1.16516210666983e-05,1.16516210666983e-05,1.16516210666983e-05,0.0,0.0,0.0,0.0,0.11049363391956528,0.0
1731972960.0,1.16516210666983e-05,1.16516210666983e-05,1.16516210666983e-05,1.16516210666983e-05,0.0,0.0,0.0,0.0,0.11049363391956528,0.0
1731973020.0,1.16516210666983e-05,1.16516210666983e-05,1.16516210666983e-05,1.16516210666983e-05,0.0,0.0,0.0,0.0,0.11049363391956528,0.0
1731973080.0,1.16516210666983e-05,1.16516210666983e-05,1.16516210666983e-05,1.16516210666983e-05,0.0,0.0,0.0,0.0,0.11049363391956528,0.0
1731973140.0,1.16516210666983e-05,1.16745254460788e-05,1.16516210666983e-05,1.16745254460788e-05,3.2594968328,3.8015750339912864e-05,0.001965767617174257,0.0,0.11049363391956528,0.001965767617174257
1731973200.0,1.16745254460788e-05,1.16745254460788e-05,1.16628925732373e-05,1.16628925732373e-05,3.5340321744,4.1237593073842707e-05,-0.0009964321800683704,0.08475020761453231,0.11071083872702826,0.0009964321800683704
1731973260.0,1.16628925732373e-05,1.16628925732373e-05,1.16628925732373e-05,1.16628925732373e-05,0.0,0.0,0.0,-1.0,0.11060052288463829,0.0
1731973320.0,1.16628925732373e-05,1.16628925732373e-05,1.16628925732373e-05,1.16628925732373e-05,0.0,0.0,0.0,0.0,0.11060052288463829,0.0
1731973380.0,1.16628925732373e-05,1.16628925732373e-05,1.16628925732373e-05,1.16628925732373e-05,0.0,0.0,0.0,0.0,0.11060052288463829,0.0
1731973440.0,1.16628925732373e-05,1.16628925732373e-05,1.16628925732373e-05,1.16628925732373e-05,0.0,0.0,0.0,0.0,0.11060052288463829,0.0
1731973500.0,1.16628925732373e-05,1.16628925732373e-05,1.16628925732373e-05,1.16628925732373e-05,0.0,0.0,0.0,0.0,0.11060052288463829,0.0
1731973560.0,1.16628925732373e-05,1.16628925732373e-05,1.16628925732373e-05,1.16628925732373e-05,0.0,0.0,0.0,0.0,0.11060052288463829,0.0
1731973620.0,1.16628925732373e-05,1.16628925732373e-05,1.16628925732373e-05,1.16628925732373e-05,0.0,0.0,0.0,0.0,0.11060052288463829,0.0
1731973680.0,1.16628925732373e-05,1.16628925732373e-05,1.16628925732373e-05,1.16628925732373e-05,0.0,0.0,0.0,0.0,0.11060052288463829,0.0
1731973740.0,1.16628925732373e-05,1.16628925732373e-05,1.16628925732373e-05,1.16628925732373e-05,0.0,0.0,0.0,0.0,0.11060052288463829,0.0
1731973800.0,1.16628925732373e-05,1.16628925732373e-05,1.16628925732373e-05,1.16628925732373e-05,0.0,0.0,0.0,0.0,0.11060052288463829,0.0
1731973860.0,1.16628925732373e-05,1.16628925732373e-05,1.16628925732373e-05,1.16628925732373e-05,0.0,0.0,0.0,0.0,0.11060052288463829,0.0
1731973920.0,1.16628925732373e-05,1.16628925732373e-05,1.16628925732373e-05,1.16628925732373e-05,0.0,0.0,0.0,0.0,0.11060052288463829,0.0
1731973980.0,1.16628925732373e-05,1.16628925732373e-05,1.16628925732373e-05,1.16628925732373e-05,0.0,0.0,0.0,0.0,0.11060052288463829,0.0
1731974040.0,1.16628925732373e-05,1.16628925732373e-05,1.16628925732373e-05,1.16628925732373e-05,0.0,0.0,0.0,0.0,0.11060052288463829,0.0
1731974100.0,1.16628925732373e-05,1.16628925732373e-05,1.16628925732373e-05,1.16628925732373e-05,0.0,0.0,0.0,0.0,0.11060052288463829,0.0
1731974160.0,1.16628925732373e-05,1.16628925732373e-05,1.16628925732373e-05,1.16628925732373e-05,0.0,0.0,0.0,0.0,0.11060052288463829,0.0
1731974220.0,1.16628925732373e-05,1.16628925732373e-05,1.16628925732373e-05,1.16628925732373e-05,0.0,0.0,0.0,0.0,0.11060052288463829,0.0
1731974280.0,1.16628925732373e-05,1.16861663380716e-05,1.16628925732373e-05,1.16861663380716e-05,3.08310332253,3.5993780553702584e-05,0.001995539673211594,0.0,0.11060052288463829,0.001995539673211594
1731974340.0,1.16861663380716e-05,1.16861663380716e-05,1.16861663380716e-05,1.16861663380716e-05,0.0,0.0,0.0,-1.0,0.11082123061593253,0.0
1731974400.0,1.16861663380716e-05,1.16861663380716e-05,1.16861663380716e-05,1.16861663380716e-05,0.0,0.0,0.0,0.0,0.11082123061593253,0.0
1731974460.0,1.16861663380716e-05,1.16861663380716e-05,1.16861663380716e-05,1.16861663380716e-05,0.0,0.0,0.0,0.0,0.11082123061593253,0.0
1731974520.0,1.16861663380716e-05,1.16861663380716e-05,1.16569226340143e-05,1.16569226340143e-05,12.3157300149,0.00014374359074699976,-0.002502420658007299,0.0,0.11082123061593253,0.002502420658007299
1731974580.0,1.16569226340143e-05,1.16569226340143e-05,1.16569226340143e-05,1.16569226340143e-05,0.0,0.0,0.0,-1.0,0.11054390927909344,0.0
1731974640.0,1.16569226340143e-05,1.16569226340143e-05,1.16569226340143e-05,1.16569226340143e-05,0.0,0.0,0.0,0.0,0.11054390927909344,0.0
1731974700.0,1.16569226340143e-05,1.16569226340143e-05,1.16137113938537e-05,1.16137113938537e-05,4.17176132926,4.8539765572410795e-05,-0.003706916612323718,0.0,0.11054390927909344,0.003706916612323718
1731974760.0,1.16137113938537e-05,1.16137113938537e-05,1.16137113938537e-05,1.16137113938537e-05,0.0,0.0,0.0,-1.0,0.11013413222539556,0.0
1731974820.0,1.16137113938537e-05,1.16137113938537e-05,1.16137113938537e-05,1.16137113938537e-05,0.0,0.0,0.0,0.0,0.11013413222539556,0.0
1731974880.0,1.16137113938537e-05,1.16137113938537e-05,1.16137113938537e-05,1.16137113938537e-05,0.0,0.0,0.0,0.0,0.11013413222539556,0.0
1731974940.0,1.16137113938537e-05,1.16137113938537e-05,1.16137113938537e-05,1.16137113938537e-05,0.0,0.0,0.0,0.0,0.11013413222539556,0.0
1731975000.0,1.16137113938537e-05,1.16137113938537e-05,1.16137113938537e-05,1.16137113938537e-05,0.0,0.0,0.0,0.0,0.11013413222539556,0.0
1731975060.0,1.16137113938537e-05,1.16137113938537e-05,1.16137113938537e-05,1.16137113938537e-05,0.0,0.0,0.0,0.0,0.11013413222539556,0.0
1731975120.0,1.16137113938537e-05,1.16137113938537e-05,1.16137113938537e-05,1.16137113938537e-05,0.0,0.0,0.0,0.0,0.11013413222539556,0.0
1731975180.0,1.16137113938537e-05,1.16137113938537e-05,1.16137113938537e-05,1.16137113938537e-05,0.0,0.0,0.0,0.0,0.11013413222539556,0.0
1731975240.0,1.16137113938537e-05,1.18483082134944e-05,1.16137113938537e-05,1.18483082134944e-05,95.976,0.0011258953969174206,0.020199987039875553,0.0,0.11013413222539556,0.020199987039875553
1731975300.0,1.18483082134944e-05,1.18483082134944e-05,1.18483082134944e-05,1.18483082134944e-05,0.0,0.0,0.0,-1.0,0.1123588402689965,0.0
1731975360.0,1.18483082134944e-05,1.18483082134944e-05,1.18483082134944e-05,1.18483082134944e-05,0.0,0.0,0.0,0.0,0.1123588402689965,0.0
1731975420.0,1.18483082134944e-05,1.24095208764698e-05,1.18483082134944e-05,1.24095208764698e-05,239.53,0.0029052389009595623,0.04736648075513582,0.0,0.1123588402689965,0.04736648075513582
1731975480.0,1.24095208764698e-05,1.24095208764698e-05,1.24095208764698e-05,1.24095208764698e-05,0.0,0.0,0.0,-1.0,0.11768088311426729,0.0
1731975540.0,1.24095208764698e-05,1.24095208764698e-05,1.24095208764698e-05,1.24095208764698e-05,0.0,0.0,0.0,0.0,0.11768088311426729,0.0
1731975600.0,1.24095208764698e-05,1.24095208764698e-05,1.24095208764698e-05,1.24095208764698e-05,0.0,0.0,0.0,0.0,0.11768088311426729,0.0
1731975660.0,1.24095208764698e-05,1.24095208764698e-05,1.24095208764698e-05,1.24095208764698e-05,0.0,0.0,0.0,0.0,0.11768088311426729,0.0
1731975720.0,1.24095208764698e-05,1.27608859201067e-05,1.24095208764698e-05,1.27608859201067e-05,1.21887171229,1.5339748415589525e-05,0.0283141506537241,0.0,0.11768088311426729,0.0283141506537241
1731975780.0,1.27608859201067e-05,1.27608859201067e-05,1.27608859201067e-05,1.27608859201067e-05,0.0,0.0,0.0,-1.0,0.12101291736782795,0.0
1731975840.0,1.27608859201067e-05,1.27608859201067e-05,1.27608859201067e-05,1.27608859201067e-05,0.0,0.0,0.0,0.0,0.12101291736782795,0.0
1731975900.0,1.27608859201067e-05,1.27608859201067e-05,1.27608859201067e-05,1.27608859201067e-05,0.0,0.0,0.0,0.0,0.12101291736782795,0.0
1731975960.0,1.27608859201067e-05,1.27608859201067e-05,1.27608859201067e-05,1.27608859201067e-05,0.0,0.0,0.0,0.0,0.12101291736782795,0.0
1731976020.0,1.27608859201067e-05,1.27608859201067e-05,1.27608859201067e-05,1.27608859201067e-05,0.0,0.0,0.0,0.0,0.12101291736782795,0.0
1731976080.0,1.27608859201067e-05,1.27608859201067e-05,1.27608859201067e-05,1.27608859201067e-05,0.0,0.0,0.0,0.0,0.12101291736782795,0.0
1731976140.0,1.27608859201067e-05,1.27608859201067e-05,1.27608859201067e-05,1.27608859201067e-05,0.0,0.0,0.0,0.0,0.12101291736782795,0.0
1731976200.0,1.27608859201067e-05,1.27608859201067e-05,1.27608859201067e-05,1.27608859201067e-05,0.0,0.0,0.0,0.0,0.12101291736782795,0.0
1731976260.0,1.27608859201067e-05,1.27608859201067e-05,1.27608859201067e-05,1.27608859201067e-05,0.0,0.0,0.0,0.0,0.12101291736782795,0.0
1731976320.0,1.27608859201067e-05,1.27608859201067e-05,1.27608859201067e-05,1.27608859201067e-05,0.0,0.0,0.0,0.0,0.12101291736782795,0.0
1731976380.0,1.27608859201067e-05,1.27608859201067e-05,1.27608859201067e-05,1.27608859201067e-05,0.0,0.0,0.0,0.0,0.12101291736782795,0.0
1731976440.0,1.27608859201067e-05,1.27608859201067e-05,1.27608859201067e-05,1.27608859201067e-05,0.0,0.0,0.0,0.0,0.12101291736782795,0.0
1731976500.0,1.27608859201067e-05,1.27608859201067e-05,1.27608859201067e-05,1.27608859201067e-05,0.0,0.0,0.0,0.0,0.12101291736782795,0.0
1731976560.0,1.27608859201067e-05,1.27608859201067e-05,1.27608859201067e-05,1.27608859201067e-05,0.0,0.0,0.0,0.0,0.12101291736782795,0.0
1731976620.0,1.27608859201067e-05,1.27608859201067e-05,1.27608859201067e-05,1.27608859201067e-05,0.0,0.0,0.0,0.0,0.12101291736782795,0.0
1731976680.0,1.27608859201067e-05,1.27608859201067e-05,1.27608859201067e-05,1.27608859201067e-05,0.0,0.0,0.0,0.0,0.12101291736782795,0.0
1731976740.0,1.27608859201067e-05,1.27608859201067e-05,1.27385982738656e-05,1.27385982738656e-05,2.29799711247,2.9298870523611373e-05,-0.0017465594771898763,0.0,0.12101291736782795,0.0017465594771898763
1731976800.0,1.27385982738656e-05,1.27385982738656e-05,1.27385982738656e-05,1.27385982738656e-05,0.0,0.0,0.0,-1.0,0.12080156111013678,0.0
1731976860.0,1.27385982738656e-05,1.27385982738656e-05,1.27385982738656e-05,1.27385982738656e-05,0.0,0.0,0.0,0.0,0.12080156111013678,0.0
1731976920.0,1.27385982738656e-05,1.27385982738656e-05,1.27385982738656e-05,1.27385982738656e-05,0.0,0.0,0.0,0.0,0.12080156111013678,0.0
1731976980.0,1.27385982738656e-05,1.27385982738656e-05,1.27385982738656e-05,1.27385982738656e-05,0.0,0.0,0.0,0.0,0.12080156111013678,0.0
1731977040.0,1.27385982738656e-05,1.27385982738656e-05,1.27385982738656e-05,1.27385982738656e-05,0.0,0.0,0.0,0.0,0.12080156111013678,0.0
1731977100.0,1.27385982738656e-05,1.27385982738656e-05,1.27385982738656e-05,1.27385982738656e-05,0.0,0.0,0.0,0.0,0.12080156111013678,0.0
1731977160.0,1.27385982738656e-05,1.27385982738656e-05,1.27385982738656e-05,1.27385982738656e-05,0.0,0.0,0.0,0.0,0.12080156111013678,0.0
1731977220.0,1.27385982738656e-05,1.27385982738656e-05,1.27385982738656e-05,1.27385982738656e-05,0.0,0.0,0.0,0.0,0.12080156111013678,0.0
1731977280.0,1.27385982738656e-05,1.27385982738656e-05,1.27385982738656e-05,1.27385982738656e-05,0.0,0.0,0.0,0.0,0.12080156111013678,0.0
1731977340.0,1.27385982738656e-05,1.27385982738656e-05,1.27385982738656e-05,1.27385982738656e-05,0.0,0.0,0.0,0.0,0.12080156111013678,0.0
1731977400.0,1.27385982738656e-05,1.27385982738656e-05,1.27385982738656e-05,1.27385982738656e-05,0.0,0.0,0.0,0.0,0.12080156111013678,0.0
1731977460.0,1.27385982738656e-05,1.27385982738656e-05,1.27385982738656e-05,1.27385982738656e-05,0.0,0.0,0.0,0.0,0.12080156111013678,0.0
1731977520.0,1.27385982738656e-05,1.27385982738656e-05,1.27385982738656e-05,1.27385982738656e-05,0.0,0.0,0.0,0.0,0.12080156111013678,0.0
1731977580.0,1.27385982738656e-05,1.27385982738656e-05,1.27385982738656e-05,1.27385982738656e-05,0.0,0.0,0.0,0.0,0.12080156111013678,0.0
1731977640.0,1.27385982738656e-05,1.27385982738656e-05,1.27385982738656e-05,1.27385982738656e-05,0.0,0.0,0.0,0.0,0.12080156111013678,0.0
1731977700.0,1.27385982738656e-05,1.27385982738656e-05,1.27385982738656e-05,1.27385982738656e-05,0.0,0.0,0.0,0.0,0.12080156111013678,0.0
1731977760.0,1.27385982738656e-05,1.27385982738656e-05,1.27385982738656e-05,1.27385982738656e-05,0.0,0.0,0.0,0.0,0.12080156111013678,0.0
1731977820.0,1.27385982738656e-05,1.27385982738656e-05,1.27385982738656e-05,1.27385982738656e-05,0.0,0.0,0.0,0.0,0.12080156111013678,0.0
1731977880.0,1.27385982738656e-05,1.27385982738656e-05,1.27385982738656e-05,1.27385982738656e-05,0.0,0.0,0.0,0.0,0.12080156111013678,0.0
1731977940.0,1.27385982738656e-05,1.27385982738656e-05,1.27385982738656e-05,1.27385982738656e-05,0.0,0.0,0.0,0.0,0.12080156111013678,0.0
1731978000.0,1.27385982738656e-05,1.27385982738656e-05,1.27385982738656e-05,1.27385982738656e-05,0.0,0.0,0.0,0.0,0.12080156111013678,0.0
1731978060.0,1.27385982738656e-05,1.27385982738656e-05,1.27385982738656e-05,1.27385982738656e-05,0.0,0.0,0.0,0.0,0.12080156111013678,0.0
1731978120.0,1.27385982738656e-05,1.28732436531096e-05,1.27385982738656e-05,1.28732436531096e-05,2.62083195,3.3562166810283083e-05,0.010569874043381887,0.0,0.12080156111013678,0.010569874043381887
1731978180.0,1.28732436531096e-05,1.28732436531096e-05,1.28162957492689e-05,1.28162957492689e-05,2.98959636255,3.840067677646783e-05,-0.004423741628392508,0.14416560151003965,0.12207841839531482,0.004423741628392508
1731978240.0,1.28162957492689e-05,1.28162957492689e-05,1.28162957492689e-05,1.28162957492689e-05,0.0,0.0,0.0,-1.0,0.12153837501393115,0.0
1731978300.0,1.28162957492689e-05,1.28162957492689e-05,1.28162957492689e-05,1.28162957492689e-05,0.0,0.0,0.0,0.0,0.12153837501393115,0.0
1731978360.0,1.28162957492689e-05,1.28816502286414e-05,1.28162957492689e-05,1.28173979757737e-05,3.23406054364,4.145045873195627e-05,8.600195613176943e-05,0.0,0.12153837501393115,0.005099326720532942
1731978420.0,1.28173979757737e-05,1.28173979757737e-05,1.28173979757737e-05,1.28173979757737e-05,0.0,0.0,0.0,-1.0,0.12154882755192742,0.0
1731978480.0,1.28173979757737e-05,1.28173979757737e-05,1.27727054684024e-05,1.27727054684024e-05,24.44952225975,0.00031283290189384436,-0.0034868627357731927,0.0,0.12154882755192742,0.0034868627357731927
1731978540.0,1.27727054684024e-05,1.27727054684024e-05,1.27727054684024e-05,1.27727054684024e-05,0.0,0.0,0.0,-1.0,0.12112500347455968,0.0
1731978600.0,1.27727054684024e-05,1.27727054684024e-05,1.27727054684024e-05,1.27727054684024e-05,0.0,0.0,0.0,0.0,0.12112500347455968,0.0
1731978660.0,1.27727054684024e-05,1.28316724227755e-05,1.27727054684024e-05,1.28316724227755e-05,35.9955,0.00046082119219094706,0.004616637760807596,0.0,0.12112500347455968,0.004616637760807596
1731978720.0,1.28316724227755e-05,1.28316724227755e-05,1.28316724227755e-05,1.28316724227755e-05,0.0,0.0,0.0,-1.0,0.12168419373937829,0.0
1731978780.0,1.28316724227755e-05,1.28316724227755e-05,1.28316724227755e-05,1.28316724227755e-05,0.0,0.0,0.0,0.0,0.12168419373937829,0.0
1731978840.0,1.28316724227755e-05,1.28316724227755e-05,1.28316724227755e-05,1.28316724227755e-05,0.0,0.0,0.0,0.0,0.12168419373937829,0.0
1731978900.0,1.28316724227755e-05,1.28316724227755e-05,1.28316724227755e-05,1.28316724227755e-05,0.0,0.0,0.0,0.0,0.12168419373937829,0.0
1731978960.0,1.28316724227755e-05,1.28316724227755e-05,1.28316724227755e-05,1.28316724227755e-05,0.0,0.0,0.0,0.0,0.12168419373937829,0.0
1731979020.0,1.28316724227755e-05,1.29206427808774e-05,1.28316724227755e-05,1.29206427808774e-05,23.962,0.0003085384884549654,0.006933652541190351,0.0,0.12168419373937829,0.006933652541190351
1731979080.0,1.29206427808774e-05,1.29206427808774e-05,1.29206427808774e-05,1.29206427808774e-05,0.0,0.0,0.0,-1.0,0.12252790965852203,0.0
1731979140.0,1.29206427808774e-05,1.29206427808774e-05,1.29206427808774e-05,1.29206427808774e-05,0.0,0.0,0.0,0.0,0.12252790965852203,0.0
1731979200.0,1.29206427808774e-05,1.29206427808774e-05,1.29206427808774e-05,1.29206427808774e-05,0.0,0.0,0.0,0.0,0.12252790965852203,0.0
1731979260.0,1.29206427808774e-05,1.29206427808774e-05,1.29206427808774e-05,1.29206427808774e-05,0.0,0.0,0.0,0.0,0.12252790965852203,0.0
1731979320.0,1.29206427808774e-05,1.29206427808774e-05,1.29206427808774e-05,1.29206427808774e-05,0.0,0.0,0.0,0.0,0.12252790965852203,0.0
1731979380.0,1.29206427808774e-05,1.29206427808774e-05,1.29206427808774e-05,1.29206427808774e-05,0.0,0.0,0.0,0.0,0.12252790965852203,0.0
1731979440.0,1.29206427808774e-05,1.29206427808774e-05,1.29206427808774e-05,1.29206427808774e-05,0.0,0.0,0.0,0.0,0.12252790965852203,0.0
1731979500.0,1.29206427808774e-05,1.29206427808774e-05,1.29206427808774e-05,1.29206427808774e-05,0.0,0.0,0.0,0.0,0.12252790965852203,0.0
1731979560.0,1.29206427808774e-05,1.29206427808774e-05,1.29206427808774e-05,1.29206427808774e-05,0.0,0.0,0.0,0.0,0.12252790965852203,0.0
1731979620.0,1.29206427808774e-05,1.29206427808774e-05,1.29206427808774e-05,1.29206427808774e-05,0.0,0.0,0.0,0.0,0.12252790965852203,0.0
1731979680.0,1.29206427808774e-05,1.29206427808774e-05,1.29206427808774e-05,1.29206427808774e-05,0.0,0.0,0.0,0.0,0.12252790965852203,0.0
1731979740.0,1.29206427808774e-05,1.29206427808774e-05,1.29206427808774e-05,1.29206427808774e-05,0.0,0.0,0.0,0.0,0.12252790965852203,0.0
1731979800.0,1.29206427808774e-05,1.29206427808774e-05,1.25260614253084e-05,1.25260614253084e-05,220.28155819512,0.0028027198267344612,-0.03053883326555403,0.0,0.12252790965852203,0.03053883326555403
1731979860.0,1.25260614253084e-05,1.25260614253084e-05,1.25260614253084e-05,1.25260614253084e-05,0.0,0.0,0.0,-1.0,0.11878605025508356,0.0
1731979920.0,1.25260614253084e-05,1.25260614253084e-05,1.25260614253084e-05,1.25260614253084e-05,0.0,0.0,0.0,0.0,0.11878605025508356,0.0
1731979980.0,1.25260614253084e-05,1.25260614253084e-05,1.25260614253084e-05,1.25260614253084e-05,0.0,0.0,0.0,0.0,0.11878605025508356,0.0
1731980040.0,1.25260614253084e-05,1.25260614253084e-05,1.25260614253084e-05,1.25260614253084e-05,0.0,0.0,0.0,0.0,0.11878605025508356,0.0
1731980100.0,1.25260614253084e-05,1.25260614253084e-05,1.25260614253084e-05,1.25260614253084e-05,0.0,0.0,0.0,0.0,0.11878605025508356,0.0
1731980160.0,1.25260614253084e-05,1.25260614253084e-05,1.17442815585226e-05,1.17442815585226e-05,226.68947413167,0.0027509156439999584,-0.06241226513597049,0.0,0.11878605025508356,0.06241226513597049
1731980220.0,1.17442815585226e-05,1.17442815585226e-05,1.17442815585226e-05,1.17442815585226e-05,0.0,0.0,0.0,-1.0,0.11137234379210856,0.0
1731980280.0,1.17442815585226e-05,1.17442815585226e-05,1.17442815585226e-05,1.17442815585226e-05,0.0,0.0,0.0,0.0,0.11137234379210856,0.0
1731980340.0,1.17442815585226e-05,1.17442815585226e-05,1.17442815585226e-05,1.17442815585226e-05,0.0,0.0,0.0,0.0,0.11137234379210856,0.0
1731980400.0,1.17442815585226e-05,1.17442815585226e-05,1.17442815585226e-05,1.17442815585226e-05,0.0,0.0,0.0,0.0,0.11137234379210856,0.0
1731980460.0,1.17442815585226e-05,1.17442815585226e-05,1.17442815585226e-05,1.17442815585226e-05,0.0,0.0,0.0,0.0,0.11137234379210856,0.0
1731980520.0,1.17442815585226e-05,1.17442815585226e-05,1.17442815585226e-05,1.17442815585226e-05,0.0,0.0,0.0,0.0,0.11137234379210856,0.0
1731980580.0,1.17442815585226e-05,1.17442815585226e-05,1.17442815585226e-05,1.17442815585226e-05,0.0,0.0,0.0,0.0,0.11137234379210856,0.0
1731980640.0,1.17442815585226e-05,1.17442815585226e-05,1.17442815585226e-05,1.17442815585226e-05,0.0,0.0,0.0,0.0,0.11137234379210856,0.0
1731980700.0,1.17442815585226e-05,1.17442815585226e-05,1.17442815585226e-05,1.17442815585226e-05,0.0,0.0,0.0,0.0,0.11137234379210856,0.0
1731980760.0,1.17442815585226e-05,1.17442815585226e-05,1.12674535648932e-05,1.12674535648932e-05,64.80449959144,0.0007456319897018625,-0.040600865302260744,0.0,0.11137234379210856,0.040600865302260744
1731980820.0,1.12674535648932e-05,1.12674535648932e-05,1.11339212312337e-05,1.11339212312337e-05,16.74450663171,0.00018754998441658405,-0.011851154556833948,-0.7484684307984493,0.10685053026340809,0.011851154556833948
1731980880.0,1.11339212312337e-05,1.11339212312337e-05,1.10835642085552e-05,1.10835642085552e-05,2.92346866373,3.247606123505019e-05,-0.00452284703948102,-0.8268405015544299,0.10558422811477677,0.00452284703948102
1731980940.0,1.10835642085552e-05,1.10835642085552e-05,1.10835642085552e-05,1.10835642085552e-05,0.0,0.0,0.0,-1.0,0.10510668680123197,0.0
1731981000.0,1.10835642085552e-05,1.10835642085552e-05,1.10835642085552e-05,1.10835642085552e-05,0.0,0.0,0.0,0.0,0.10510668680123197,0.0
1731981060.0,1.10835642085552e-05,1.10835642085552e-05,1.10835642085552e-05,1.10835642085552e-05,0.0,0.0,0.0,0.0,0.10510668680123197,0.0
1731981120.0,1.10835642085552e-05,1.10835642085552e-05,1.10835642085552e-05,1.10835642085552e-05,0.0,0.0,0.0,0.0,0.10510668680123197,0.0
1731981180.0,1.10835642085552e-05,1.10835642085552e-05,1.10835642085552e-05,1.10835642085552e-05,0.0,0.0,0.0,0.0,0.10510668680123197,0.0
1731981240.0,1.10835642085552e-05,1.10835642085552e-05,1.10835642085552e-05,1.10835642085552e-05,0.0,0.0,0.0,0.0,0.10510668680123197,0.0
1731981300.0,1.10835642085552e-05,1.10835642085552e-05,1.10835642085552e-05,1.10835642085552e-05,0.0,0.0,0.0,0.0,0.10510668680123197,0.0
1731981360.0,1.10835642085552e-05,1.10835642085552e-05,1.10835642085552e-05,1.10835642085552e-05,0.0,0.0,0.0,0.0,0.10510668680123197,0.0
1731981420.0,1.10835642085552e-05,1.10835642085552e-05,1.10835642085552e-05,1.10835642085552e-05,0.0,0.0,0.0,0.0,0.10510668680123197,0.0
1731981480.0,1.10835642085552e-05,1.10835642085552e-05,1.10835642085552e-05,1.10835642085552e-05,0.0,0.0,0.0,0.0,0.10510668680123197,0.0
1731981540.0,1.10835642085552e-05,1.10835642085552e-05,1.10192559459411e-05,1.10192559459411e-05,24.62956808585,0.00027219145694223207,-0.005802128395165725,0.0,0.10510668680123197,0.005802128395165725
1731981600.0,1.10192559459411e-05,1.10192559459411e-05,1.10192559459411e-05,1.10192559459411e-05,0.0,0.0,0.0,-1.0,0.10449684430922075,0.0
1731981660.0,1.10192559459411e-05,1.10192559459411e-05,1.10192559459411e-05,1.10192559459411e-05,0.0,0.0,0.0,0.0,0.10449684430922075,0.0
1731981720.0,1.10192559459411e-05,1.10192559459411e-05,1.0939880239289e-05,1.0939880239289e-05,11.04021793405,0.00012121682456421183,-0.0072033635520860435,0.0,0.10449684430922075,0.0072033635520860435
1731981780.0,1.0939880239289e-05,1.0939880239289e-05,1.0939880239289e-05,1.0939880239289e-05,0.0,0.0,0.0,-1.0,0.1037441155496157,0.0
1731981840.0,1.0939880239289e-05,1.0939880239289e-05,1.0939880239289e-05,1.0939880239289e-05,0.0,0.0,0.0,0.0,0.1037441155496157,0.0
1731981900.0,1.0939880239289e-05,1.0939880239289e-05,1.09243200997113e-05,1.09243200997113e-05,0.26574686658,2.9051713651833517e-06,-0.0014223318023005428,0.0,0.1037441155496157,0.0014223318023005428
1731981960.0,1.09243200997113e-05,1.09243200997113e-05,1.09243200997113e-05,1.09243200997113e-05,0.0,0.0,0.0,-1.0,0.10359655699476794,0.0
1731982020.0,1.09243200997113e-05,1.09243200997113e-05,1.09243200997113e-05,1.09243200997113e-05,0.0,0.0,0.0,0.0,0.10359655699476794,0.0
1731982080.0,1.09243200997113e-05,1.09243200997113e-05,1.09243200997113e-05,1.09243200997113e-05,0.0,0.0,0.0,0.0,0.10359655699476794,0.0
1731982140.0,1.09243200997113e-05,1.09243200997113e-05,1.09243200997113e-05,1.09243200997113e-05,0.0,0.0,0.0,0.0,0.10359655699476794,0.0
1731982200.0,1.09243200997113e-05,1.09243200997113e-05,1.09243200997113e-05,1.09243200997113e-05,0.0,0.0,0.0,0.0,0.10359655699476794,0.0
1731982260.0,1.09243200997113e-05,1.09243200997113e-05,1.09243200997113e-05,1.09243200997113e-05,0.0,0.0,0.0,0.0,0.10359655699476794,0.0
1731982320.0,1.09243200997113e-05,1.09243200997113e-05,1.09243200997113e-05,1.09243200997113e-05,0.0,0.0,0.0,0.0,0.10359655699476794,0.0
1731982380.0,1.09243200997113e-05,1.09243200997113e-05,1.09243200997113e-05,1.09243200997113e-05,0.0,0.0,0.0,0.0,0.10359655699476794,0.0
1731982440.0,1.09243200997113e-05,1.09243200997113e-05,1.09243200997113e-05,1.09243200997113e-05,0.0,0.0,0.0,0.0,0.10359655699476794,0.0
1731982500.0,1.09243200997113e-05,1.09243200997113e-05,1.09243200997113e-05,1.09243200997113e-05,0.0,0.0,0.0,0.0,0.10359655699476794,0.0
1731982560.0,1.09243200997113e-05,1.09243200997113e-05,1.09243200997113e-05,1.09243200997113e-05,0.0,0.0,0.0,0.0,0.10359655699476794,0.0
1731982620.0,1.09243200997113e-05,1.09243200997113e-05,1.09243200997113e-05,1.09243200997113e-05,0.0,0.0,0.0,0.0,0.10359655699476794,0.0
1731982680.0,1.09243200997113e-05,1.09243200997113e-05,1.09243200997113e-05,1.09243200997113e-05,0.0,0.0,0.0,0.0,0.10359655699476794,0.0
1731982740.0,1.09243200997113e-05,1.09243200997113e-05,1.09243200997113e-05,1.09243200997113e-05,0.0,0.0,0.0,0.0,0.10359655699476794,0.0
1731982800.0,1.09243200997113e-05,1.09243200997113e-05,1.09243200997113e-05,1.09243200997113e-05,0.0,0.0,0.0,0.0,0.10359655699476794,0.0
1731982860.0,1.09243200997113e-05,1.09468765151526e-05,1.09243200997113e-05,1.09468765151526e-05,1.28418462254,1.4043327184678562e-05,0.0020647889512040605,0.0,0.10359655699476794,0.0020647889512040605
1731982920.0,1.09468765151526e-05,1.09468765151526e-05,1.09468765151526e-05,1.09468765151526e-05,0.0,0.0,0.0,-1.0,0.10381046202103351,0.0
1731982980.0,1.09468765151526e-05,1.09468765151526e-05,1.09468765151526e-05,1.09468765151526e-05,0.0,0.0,0.0,0.0,0.10381046202103351,0.0
1731983040.0,1.09468765151526e-05,1.09468765151526e-05,1.09468765151526e-05,1.09468765151526e-05,0.0,0.0,0.0,0.0,0.10381046202103351,0.0
1731983100.0,1.09468765151526e-05,1.09468765151526e-05,1.09468765151526e-05,1.09468765151526e-05,0.0,0.0,0.0,0.0,0.10381046202103351,0.0
1731983160.0,1.09468765151526e-05,1.09468765151526e-05,1.09468765151526e-05,1.09468765151526e-05,0.0,0.0,0.0,0.0,0.10381046202103351,0.0
1731983220.0,1.09468765151526e-05,1.09468765151526e-05,1.09468765151526e-05,1.09468765151526e-05,0.0,0.0,0.0,0.0,0.10381046202103351,0.0
1731983280.0,1.09468765151526e-05,1.09468765151526e-05,1.09464039062027e-05,1.09464039062027e-05,10.58929231831,0.0001159171730942322,-4.3172949767527015e-05,0.0,0.10381046202103351,4.3172949767527015e-05
1731983340.0,1.09464039062027e-05,1.09464039062027e-05,1.09464039062027e-05,1.09464039062027e-05,0.0,0.0,0.0,-1.0,0.10380598021717134,0.0
1731983400.0,1.09464039062027e-05,1.09464039062027e-05,1.09464039062027e-05,1.09464039062027e-05,0.0,0.0,0.0,0.0,0.10380598021717134,0.0
1731983460.0,1.09464039062027e-05,1.09464039062027e-05,1.09464039062027e-05,1.09464039062027e-05,0.0,0.0,0.0,0.0,0.10380598021717134,0.0
1731983520.0,1.09464039062027e-05,1.09464039062027e-05,1.09464039062027e-05,1.09464039062027e-05,0.0,0.0,0.0,0.0,0.10380598021717134,0.0
1731983580.0,1.09464039062027e-05,1.09464039062027e-05,1.09464039062027e-05,1.09464039062027e-05,0.0,0.0,0.0,0.0,0.10380598021717134,0.0
1731983640.0,1.09464039062027e-05,1.09464039062027e-05,1.09464039062027e-05,1.09464039062027e-05,0.0,0.0,0.0,0.0,0.10380598021717134,0.0
1731983700.0,1.09464039062027e-05,1.09464039062027e-05,1.09464039062027e-05,1.09464039062027e-05,0.0,0.0,0.0,0.0,0.10380598021717134,0.0
1731983760.0,1.09464039062027e-05,1.09464039062027e-05,1.09464039062027e-05,1.09464039062027e-05,0.0,0.0,0.0,0.0,0.10380598021717134,0.0
1731983820.0,1.09464039062027e-05,1.09464039062027e-05,1.09464039062027e-05,1.09464039062027e-05,0.0,0.0,0.0,0.0,0.10380598021717134,0.0
1731983880.0,1.09464039062027e-05,1.09464039062027e-05,1.09464039062027e-05,1.09464039062027e-05,0.0,0.0,0.0,0.0,0.10380598021717134,0.0
1731983940.0,1.09464039062027e-05,1.09464039062027e-05,1.09464039062027e-05,1.09464039062027e-05,0.0,0.0,0.0,0.0,0.10380598021717134,0.0
1731984000.0,1.09464039062027e-05,1.09464039062027e-05,1.09464039062027e-05,1.09464039062027e-05,0.0,0.0,0.0,0.0,0.10380598021717134,0.0
1731984060.0,1.09464039062027e-05,1.09464039062027e-05,1.09464039062027e-05,1.09464039062027e-05,0.0,0.0,0.0,0.0,0.10380598021717134,0.0
1731984120.0,1.09464039062027e-05,1.09464039062027e-05,1.09464039062027e-05,1.09464039062027e-05,0.0,0.0,0.0,0.0,0.10380598021717134,0.0
1731984180.0,1.09464039062027e-05,1.09464039062027e-05,1.09464039062027e-05,1.09464039062027e-05,0.0,0.0,0.0,0.0,0.10380598021717134,0.0
1731984240.0,1.09464039062027e-05,1.09464039062027e-05,1.09464039062027e-05,1.09464039062027e-05,0.0,0.0,0.0,0.0,0.10380598021717134,0.0
1731984300.0,1.09464039062027e-05,1.09464039062027e-05,1.09464039062027e-05,1.09464039062027e-05,0.0,0.0,0.0,0.0,0.10380598021717134,0.0
1731984360.0,1.09464039062027e-05,1.09464039062027e-05,1.09175602980286e-05,1.09175602980286e-05,5.74817924805,6.283899265943518e-05,-0.0026349848243546986,0.0,0.10380598021717134,0.0026349848243546986
1731984420.0,1.09175602980286e-05,1.09175602980286e-05,1.09175602980286e-05,1.09175602980286e-05,0.0,0.0,0.0,-1.0,0.10353245303462183,0.0
1731984480.0,1.09175602980286e-05,1.09175602980286e-05,1.09175602980286e-05,1.09175602980286e-05,0.0,0.0,0.0,0.0,0.10353245303462183,0.0
1731984540.0,1.09175602980286e-05,1.09175602980286e-05,1.09175602980286e-05,1.09175602980286e-05,0.0,0.0,0.0,0.0,0.10353245303462183,0.0
1731984600.0,1.09175602980286e-05,1.09175602980286e-05,1.09175602980286e-05,1.09175602980286e-05,0.0,0.0,0.0,0.0,0.10353245303462183,0.0
1731984660.0,1.09175602980286e-05,1.09175602980286e-05,1.09175602980286e-05,1.09175602980286e-05,0.0,0.0,0.0,0.0,0.10353245303462183,0.0
1731984720.0,1.09175602980286e-05,1.09175602980286e-05,1.09175602980286e-05,1.09175602980286e-05,0.0,0.0,0.0,0.0,0.10353245303462183,0.0
1731984780.0,1.09175602980286e-05,1.09175602980286e-05,1.09175602980286e-05,1.09175602980286e-05,0.0,0.0,0.0,0.0,0.10353245303462183,0.0
1731984840.0,1.09175602980286e-05,1.09175602980286e-05,1.09175602980286e-05,1.09175602980286e-05,0.0,0.0,0.0,0.0,0.10353245303462183,0.0
1731984900.0,1.09175602980286e-05,1.09175602980286e-05,1.09175602980286e-05,1.09175602980286e-05,0.0,0.0,0.0,0.0,0.10353245303462183,0.0
1731984960.0,1.09175602980286e-05,1.09175602980286e-05,1.09175602980286e-05,1.09175602980286e-05,0.0,0.0,0.0,0.0,0.10353245303462183,0.0
1731985020.0,1.09175602980286e-05,1.09175602980286e-05,1.09175602980286e-05,1.09175602980286e-05,0.0,0.0,0.0,0.0,0.10353245303462183,0.0
1731985080.0,1.09175602980286e-05,1.09175602980286e-05,1.09175602980286e-05,1.09175602980286e-05,0.0,0.0,0.0,0.0,0.10353245303462183,0.0
1731985140.0,1.09175602980286e-05,1.09175602980286e-05,1.09175602980286e-05,1.09175602980286e-05,0.0,0.0,0.0,0.0,0.10353245303462183,0.0
1731985200.0,1.09175602980286e-05,1.09175602980286e-05,1.09175602980286e-05,1.09175602980286e-05,0.0,0.0,0.0,0.0,0.10353245303462183,0.0
1731985260.0,1.09175602980286e-05,1.09175602980286e-05,1.09175602980286e-05,1.09175602980286e-05,0.0,0.0,0.0,0.0,0.10353245303462183,0.0
1731985320.0,1.09175602980286e-05,1.09175602980286e-05,1.09175602980286e-05,1.09175602980286e-05,0.0,0.0,0.0,0.0,0.10353245303462183,0.0
1731985380.0,1.09175602980286e-05,1.09175602980286e-05,1.09175602980286e-05,1.09175602980286e-05,0.0,0.0,0.0,0.0,0.10353245303462183,0.0
1731985440.0,1.09175602980286e-05,1.09175602980286e-05,1.09175602980286e-05,1.09175602980286e-05,0.0,0.0,0.0,0.0,0.10353245303462183,0.0
1731985500.0,1.09175602980286e-05,1.09175602980286e-05,1.09175602980286e-05,1.09175602980286e-05,0.0,0.0,0.0,0.0,0.10353245303462183,0.0
1731985560.0,1.09175602980286e-05,1.09175602980286e-05,1.09175602980286e-05,1.09175602980286e-05,0.0,0.0,0.0,0.0,0.10353245303462183,0.0
1731985620.0,1.09175602980286e-05,1.09175602980286e-05,1.09175602980286e-05,1.09175602980286e-05,0.0,0.0,0.0,0.0,0.10353245303462183,0.0
1731985680.0,1.09175602980286e-05,1.09175602980286e-05,1.09175602980286e-05,1.09175602980286e-05,0.0,0.0,0.0,0.0,0.10353245303462183,0.0
1731985740.0,1.09175602980286e-05,1.09175602980286e-05,1.09175602980286e-05,1.09175602980286e-05,0.0,0.0,0.0,0.0,0.10353245303462183,0.0
1731985800.0,1.09175602980286e-05,1.09175602980286e-05,1.09175602980286e-05,1.09175602980286e-05,0.0,0.0,0.0,0.0,0.10353245303462183,0.0
1731985860.0,1.09175602980286e-05,1.09175602980286e-05,1.09175602980286e-05,1.09175602980286e-05,0.0,0.0,0.0,0.0,0.10353245303462183,0.0
1731985920.0,1.09175602980286e-05,1.09175602980286e-05,1.09175602980286e-05,1.09175602980286e-05,0.0,0.0,0.0,0.0,0.10353245303462183,0.0
1731985980.0,1.09175602980286e-05,1.09175602980286e-05,1.09175602980286e-05,1.09175602980286e-05,0.0,0.0,0.0,0.0,0.10353245303462183,0.0
1731986040.0,1.09175602980286e-05,1.09175602980286e-05,1.09175602980286e-05,1.09175602980286e-05,0.0,0.0,0.0,0.0,0.10353245303462183,0.0
1731986100.0,1.09175602980286e-05,1.09175602980286e-05,1.09175602980286e-05,1.09175602980286e-05,0.0,0.0,0.0,0.0,0.10353245303462183,0.0
1731986160.0,1.09175602980286e-05,1.09175602980286e-05,1.09175602980286e-05,1.09175602980286e-05,0.0,0.0,0.0,0.0,0.10353245303462183,0.0
1731986220.0,1.09175602980286e-05,1.09175602980286e-05,1.09175602980286e-05,1.09175602980286e-05,0.0,0.0,0.0,0.0,0.10353245303462183,0.0
1731986280.0,1.09175602980286e-05,1.09175602980286e-05,1.09175602980286e-05,1.09175602980286e-05,0.0,0.0,0.0,0.0,0.10353245303462183,0.0
1731986340.0,1.09175602980286e-05,1.09175602980286e-05,1.09175602980286e-05,1.09175602980286e-05,0.0,0.0,0.0,0.0,0.10353245303462183,0.0
1731986400.0,1.09175602980286e-05,1.09175602980286e-05,1.09175602980286e-05,1.09175602980286e-05,0.0,0.0,0.0,0.0,0.10353245303462183,0.0
1731986460.0,1.09175602980286e-05,1.09175602980286e-05,1.09175602980286e-05,1.09175602980286e-05,0.0,0.0,0.0,0.0,0.10353245303462183,0.0
1731986520.0,1.09175602980286e-05,1.09175602980286e-05,1.09175602980286e-05,1.09175602980286e-05,0.0,0.0,0.0,0.0,0.10353245303462183,0.0
1731986580.0,1.09175602980286e-05,1.09175602980286e-05,1.09175602980286e-05,1.09175602980286e-05,0.0,0.0,0.0,0.0,0.10353245303462183,0.0
1731986640.0,1.09175602980286e-05,1.09175602980286e-05,1.09175602980286e-05,1.09175602980286e-05,0.0,0.0,0.0,0.0,0.10353245303462183,0.0
1731986700.0,1.09175602980286e-05,1.09175602980286e-05,1.09175602980286e-05,1.09175602980286e-05,0.0,0.0,0.0,0.0,0.10353245303462183,0.0
1731986760.0,1.09175602980286e-05,1.10430258970055e-05,1.09175602980286e-05,1.10430258970055e-05,1.6086709611,1.766367865034245e-05,0.011492091232100292,0.0,0.10353245303462183,0.011492091232100292
1731986820.0,1.10430258970055e-05,1.10430258970055e-05,1.10430258970055e-05,1.10430258970055e-05,0.0,0.0,0.0,-1.0,0.10472225743037884,0.0
1731986880.0,1.10430258970055e-05,1.10430258970055e-05,1.10430258970055e-05,1.10430258970055e-05,0.0,0.0,0.0,0.0,0.10472225743037884,0.0
1731986940.0,1.10430258970055e-05,1.10430258970055e-05,1.10430258970055e-05,1.10430258970055e-05,0.0,0.0,0.0,0.0,0.10472225743037884,0.0
1731987000.0,1.10430258970055e-05,1.10430258970055e-05,1.10430258970055e-05,1.10430258970055e-05,0.0,0.0,0.0,0.0,0.10472225743037884,0.0
1731987060.0,1.10430258970055e-05,1.10430258970055e-05,1.10430258970055e-05,1.10430258970055e-05,0.0,0.0,0.0,0.0,0.10472225743037884,0.0
1731987120.0,1.10430258970055e-05,1.10430258970055e-05,1.10430258970055e-05,1.10430258970055e-05,0.0,0.0,0.0,0.0,0.10472225743037884,0.0
1731987180.0,1.10430258970055e-05,1.10430258970055e-05,1.10430258970055e-05,1.10430258970055e-05,0.0,0.0,0.0,0.0,0.10472225743037884,0.0
1731987240.0,1.10430258970055e-05,1.10430258970055e-05,1.10430258970055e-05,1.10430258970055e-05,0.0,0.0,0.0,0.0,0.10472225743037884,0.0
1731987300.0,1.10430258970055e-05,1.10430258970055e-05,1.10430258970055e-05,1.10430258970055e-05,0.0,0.0,0.0,0.0,0.10472225743037884,0.0
1731987360.0,1.10430258970055e-05,1.10430258970055e-05,1.10430258970055e-05,1.10430258970055e-05,0.0,0.0,0.0,0.0,0.10472225743037884,0.0
1731987420.0,1.10430258970055e-05,1.10430258970055e-05,1.10430258970055e-05,1.10430258970055e-05,0.0,0.0,0.0,0.0,0.10472225743037884,0.0
1731987480.0,1.10430258970055e-05,1.10430258970055e-05,1.10430258970055e-05,1.10430258970055e-05,0.0,0.0,0.0,0.0,0.10472225743037884,0.0
1731987540.0,1.10430258970055e-05,1.10430258970055e-05,1.10430258970055e-05,1.10430258970055e-05,0.0,0.0,0.0,0.0,0.10472225743037884,0.0
1731987600.0,1.10430258970055e-05,1.10430258970055e-05,1.10430258970055e-05,1.10430258970055e-05,0.0,0.0,0.0,0.0,0.10472225743037884,0.0
1731987660.0,1.10430258970055e-05,1.10430258970055e-05,1.10430258970055e-05,1.10430258970055e-05,0.0,0.0,0.0,0.0,0.10472225743037884,0.0
1731987720.0,1.10430258970055e-05,1.10430258970055e-05,1.10430258970055e-05,1.10430258970055e-05,0.0,0.0,0.0,0.0,0.10472225743037884,0.0
1731987780.0,1.10430258970055e-05,1.10430258970055e-05,1.10430258970055e-05,1.10430258970055e-05,0.0,0.0,0.0,0.0,0.10472225743037884,0.0
1731987840.0,1.10430258970055e-05,1.10430258970055e-05,1.10430258970055e-05,1.10430258970055e-05,0.0,0.0,0.0,0.0,0.10472225743037884,0.0
1731987900.0,1.10430258970055e-05,1.10430258970055e-05,1.10430258970055e-05,1.10430258970055e-05,0.0,0.0,0.0,0.0,0.10472225743037884,0.0
1731987960.0,1.10430258970055e-05,1.10430258970055e-05,1.10430258970055e-05,1.10430258970055e-05,0.0,0.0,0.0,0.0,0.10472225743037884,0.0
1731988020.0,1.10430258970055e-05,1.10430258970055e-05,1.10430258970055e-05,1.10430258970055e-05,0.0,0.0,0.0,0.0,0.10472225743037884,0.0
1731988080.0,1.10430258970055e-05,1.10430258970055e-05,1.10430258970055e-05,1.10430258970055e-05,0.0,0.0,0.0,0.0,0.10472225743037884,0.0
1731988140.0,1.10430258970055e-05,1.10430258970055e-05,1.10430258970055e-05,1.10430258970055e-05,0.0,0.0,0.0,0.0,0.10472225743037884,0.0
1731988200.0,1.10430258970055e-05,1.10430258970055e-05,1.10430258970055e-05,1.10430258970055e-05,0.0,0.0,0.0,0.0,0.10472225743037884,0.0
1731988260.0,1.10430258970055e-05,1.10430258970055e-05,1.09786124570917e-05,1.09786124570917e-05,6.33618520875,6.976658960583618e-05,-0.005832951992919454,0.0,0.10472225743037884,0.005832951992919454
1731988320.0,1.09786124570917e-05,1.09786124570917e-05,1.09786124570917e-05,1.09786124570917e-05,0.0,0.0,0.0,-1.0,0.10411141753019729,0.0
1731988380.0,1.09786124570917e-05,1.09786124570917e-05,1.09786124570917e-05,1.09786124570917e-05,0.0,0.0,0.0,0.0,0.10411141753019729,0.0
1731988440.0,1.09786124570917e-05,1.09786124570917e-05,1.09786124570917e-05,1.09786124570917e-05,0.0,0.0,0.0,0.0,0.10411141753019729,0.0
1731988500.0,1.09786124570917e-05,1.09786124570917e-05,1.09786124570917e-05,1.09786124570917e-05,0.0,0.0,0.0,0.0,0.10411141753019729,0.0
1731988560.0,1.09786124570917e-05,1.09786124570917e-05,1.09786124570917e-05,1.09786124570917e-05,0.0,0.0,0.0,0.0,0.10411141753019729,0.0
1731988620.0,1.09786124570917e-05,1.09786124570917e-05,1.09786124570917e-05,1.09786124570917e-05,0.0,0.0,0.0,0.0,0.10411141753019729,0.0
1731988680.0,1.09786124570917e-05,1.09786124570917e-05,1.09786124570917e-05,1.09786124570917e-05,0.0,0.0,0.0,0.0,0.10411141753019729,0.0
1731988740.0,1.09786124570917e-05,1.09786124570917e-05,1.09786124570917e-05,1.09786124570917e-05,0.0,0.0,0.0,0.0,0.10411141753019729,0.0
1731988800.0,1.09786124570917e-05,1.09786124570917e-05,1.09786124570917e-05,1.09786124570917e-05,0.0,0.0,0.0,0.0,0.10411141753019729,0.0
1731988860.0,1.09786124570917e-05,1.09786124570917e-05,1.09786124570917e-05,1.09786124570917e-05,0.0,0.0,0.0,0.0,0.10411141753019729,0.0
1731988920.0,1.09786124570917e-05,1.09786124570917e-05,1.09786124570917e-05,1.09786124570917e-05,0.0,0.0,0.0,0.0,0.10411141753019729,0.0
1731988980.0,1.09786124570917e-05,1.09786124570917e-05,1.09786124570917e-05,1.09786124570917e-05,0.0,0.0,0.0,0.0,0.10411141753019729,0.0
1731989040.0,1.09786124570917e-05,1.09786124570917e-05,1.09786124570917e-05,1.09786124570917e-05,0.0,0.0,0.0,0.0,0.10411141753019729,0.0
1731989100.0,1.09786124570917e-05,1.09786124570917e-05,1.09786124570917e-05,1.09786124570917e-05,0.0,0.0,0.0,0.0,0.10411141753019729,0.0
1731989160.0,1.09786124570917e-05,1.09786124570917e-05,1.09786124570917e-05,1.09786124570917e-05,0.0,0.0,0.0,0.0,0.10411141753019729,0.0
1731989220.0,1.09786124570917e-05,1.09786124570917e-05,1.09786124570917e-05,1.09786124570917e-05,0.0,0.0,0.0,0.0,0.10411141753019729,0.0
1731989280.0,1.09786124570917e-05,1.09786124570917e-05,1.09786124570917e-05,1.09786124570917e-05,0.0,0.0,0.0,0.0,0.10411141753019729,0.0
1731989340.0,1.09786124570917e-05,1.09786124570917e-05,1.09786124570917e-05,1.09786124570917e-05,0.0,0.0,0.0,0.0,0.10411141753019729,0.0
1731989400.0,1.09786124570917e-05,1.09786124570917e-05,1.09786124570917e-05,1.09786124570917e-05,0.0,0.0,0.0,0.0,0.10411141753019729,0.0
1731989460.0,1.09786124570917e-05,1.09786124570917e-05,1.09786124570917e-05,1.09786124570917e-05,0.0,0.0,0.0,0.0,0.10411141753019729,0.0
1731989520.0,1.09786124570917e-05,1.09786124570917e-05,1.09786124570917e-05,1.09786124570917e-05,0.0,0.0,0.0,0.0,0.10411141753019729,0.0
1731989580.0,1.09786124570917e-05,1.09786124570917e-05,1.09786124570917e-05,1.09786124570917e-05,0.0,0.0,0.0,0.0,0.10411141753019729,0.0
1731989640.0,1.09786124570917e-05,1.09786124570917e-05,1.09786124570917e-05,1.09786124570917e-05,0.0,0.0,0.0,0.0,0.10411141753019729,0.0
1731989700.0,1.09786124570917e-05,1.09786124570917e-05,1.09786124570917e-05,1.09786124570917e-05,0.0,0.0,0.0,0.0,0.10411141753019729,0.0
1731989760.0,1.09786124570917e-05,1.09786124570917e-05,1.09786124570917e-05,1.09786124570917e-05,0.0,0.0,0.0,0.0,0.10411141753019729,0.0
1731989820.0,1.09786124570917e-05,1.09786124570917e-05,1.09786124570917e-05,1.09786124570917e-05,0.0,0.0,0.0,0.0,0.10411141753019729,0.0
1731989880.0,1.09786124570917e-05,1.09786124570917e-05,1.09786124570917e-05,1.09786124570917e-05,0.0,0.0,0.0,0.0,0.10411141753019729,0.0
1731989940.0,1.09786124570917e-05,1.09786124570917e-05,1.09786124570917e-05,1.09786124570917e-05,0.0,0.0,0.0,0.0,0.10411141753019729,0.0
1731990000.0,1.09786124570917e-05,1.09786124570917e-05,1.09786124570917e-05,1.09786124570917e-05,0.0,0.0,0.0,0.0,0.10411141753019729,0.0
1731990060.0,1.09786124570917e-05,1.09786124570917e-05,1.09786124570917e-05,1.09786124570917e-05,0.0,0.0,0.0,0.0,0.10411141753019729,0.0
1731990120.0,1.09786124570917e-05,1.09786124570917e-05,1.09786124570917e-05,1.09786124570917e-05,0.0,0.0,0.0,0.0,0.10411141753019729,0.0
1731990180.0,1.09786124570917e-05,1.09786124570917e-05,1.09786124570917e-05,1.09786124570917e-05,0.0,0.0,0.0,0.0,0.10411141753019729,0.0
1731990240.0,1.09786124570917e-05,1.09786124570917e-05,1.09786124570917e-05,1.09786124570917e-05,0.0,0.0,0.0,0.0,0.10411141753019729,0.0
1731990300.0,1.09786124570917e-05,1.09786124570917e-05,1.09786124570917e-05,1.09786124570917e-05,0.0,0.0,0.0,0.0,0.10411141753019729,0.0
1731990360.0,1.09786124570917e-05,1.09786124570917e-05,1.09786124570917e-05,1.09786124570917e-05,0.0,0.0,0.0,0.0,0.10411141753019729,0.0
1731990420.0,1.09786124570917e-05,1.09786124570917e-05,1.09786124570917e-05,1.09786124570917e-05,0.0,0.0,0.0,0.0,0.10411141753019729,0.0
1731990480.0,1.09786124570917e-05,1.09786124570917e-05,1.09786124570917e-05,1.09786124570917e-05,0.0,0.0,0.0,0.0,0.10411141753019729,0.0
1731990540.0,1.09786124570917e-05,1.09786124570917e-05,1.09786124570917e-05,1.09786124570917e-05,0.0,0.0,0.0,0.0,0.10411141753019729,0.0
1731990600.0,1.09786124570917e-05,1.09786124570917e-05,1.09786124570917e-05,1.09786124570917e-05,0.0,0.0,0.0,0.0,0.10411141753019729,0.0
1731990660.0,1.09786124570917e-05,1.09786124570917e-05,1.09786124570917e-05,1.09786124570917e-05,0.0,0.0,0.0,0.0,0.10411141753019729,0.0
1731990720.0,1.09786124570917e-05,1.09786124570917e-05,1.09786124570917e-05,1.09786124570917e-05,0.0,0.0,0.0,0.0,0.10411141753019729,0.0
1731990780.0,1.09786124570917e-05,1.09786124570917e-05,1.09786124570917e-05,1.09786124570917e-05,0.0,0.0,0.0,0.0,0.10411141753019729,0.0
1731990840.0,1.09786124570917e-05,1.09786124570917e-05,1.09786124570917e-05,1.09786124570917e-05,0.0,0.0,0.0,0.0,0.10411141753019729,0.0
1731990900.0,1.09786124570917e-05,1.09786124570917e-05,1.09786124570917e-05,1.09786124570917e-05,0.0,0.0,0.0,0.0,0.10411141753019729,0.0
1731990960.0,1.09786124570917e-05,1.09786124570917e-05,1.09786124570917e-05,1.09786124570917e-05,0.0,0.0,0.0,0.0,0.10411141753019729,0.0
1731991020.0,1.09786124570917e-05,1.09786124570917e-05,1.09786124570917e-05,1.09786124570917e-05,0.0,0.0,0.0,0.0,0.10411141753019729,0.0
1731991080.0,1.09786124570917e-05,1.09786124570917e-05,1.09786124570917e-05,1.09786124570917e-05,0.0,0.0,0.0,0.0,0.10411141753019729,0.0
1731991140.0,1.09786124570917e-05,1.09786124570917e-05,1.09786124570917e-05,1.09786124570917e-05,0.0,0.0,0.0,0.0,0.10411141753019729,0.0
1731991200.0,1.09786124570917e-05,1.09786124570917e-05,1.09786124570917e-05,1.09786124570917e-05,0.0,0.0,0.0,0.0,0.10411141753019729,0.0
1731991260.0,1.09786124570917e-05,1.09786124570917e-05,1.09786124570917e-05,1.09786124570917e-05,0.0,0.0,0.0,0.0,0.10411141753019729,0.0
1731991320.0,1.09786124570917e-05,1.09786124570917e-05,1.09786124570917e-05,1.09786124570917e-05,0.0,0.0,0.0,0.0,0.10411141753019729,0.0
1731991380.0,1.09786124570917e-05,1.09786124570917e-05,1.08810962459245e-05,1.08810962459245e-05,1.402014723,1.5323816721059976e-05,-0.008882380314299996,0.0,0.10411141753019729,0.008882380314299996
1731991440.0,1.08810962459245e-05,1.08810962459245e-05,1.08810962459245e-05,1.08810962459245e-05,0.0,0.0,0.0,-1.0,0.1031866603246332,0.0
1731991500.0,1.08810962459245e-05,1.08810962459245e-05,1.08810962459245e-05,1.08810962459245e-05,0.0,0.0,0.0,0.0,0.1031866603246332,0.0
1731991560.0,1.08810962459245e-05,1.08810962459245e-05,1.08810962459245e-05,1.08810962459245e-05,0.0,0.0,0.0,0.0,0.1031866603246332,0.0
1731991620.0,1.08810962459245e-05,1.08810962459245e-05,1.08810962459245e-05,1.08810962459245e-05,0.0,0.0,0.0,0.0,0.1031866603246332,0.0
1731991680.0,1.08810962459245e-05,1.08810962459245e-05,1.08810962459245e-05,1.08810962459245e-05,0.0,0.0,0.0,0.0,0.1031866603246332,0.0
1731991740.0,1.08810962459245e-05,1.08810962459245e-05,1.08810962459245e-05,1.08810962459245e-05,0.0,0.0,0.0,0.0,0.1031866603246332,0.0
1731991800.0,1.08810962459245e-05,1.08810962459245e-05,1.08810962459245e-05,1.08810962459245e-05,0.0,0.0,0.0,0.0,0.1031866603246332,0.0
1731991860.0,1.08810962459245e-05,1.08810962459245e-05,1.08810962459245e-05,1.08810962459245e-05,0.0,0.0,0.0,0.0,0.1031866603246332,0.0
1731991920.0,1.08810962459245e-05,1.08810962459245e-05,1.08810962459245e-05,1.08810962459245e-05,0.0,0.0,0.0,0.0,0.1031866603246332,0.0
1731991980.0,1.08810962459245e-05,1.08810962459245e-05,1.08810962459245e-05,1.08810962459245e-05,0.0,0.0,0.0,0.0,0.1031866603246332,0.0
1731992040.0,1.08810962459245e-05,1.08810962459245e-05,1.08810962459245e-05,1.08810962459245e-05,0.0,0.0,0.0,0.0,0.1031866603246332,0.0
1731992100.0,1.08810962459245e-05,1.08810962459245e-05,1.08810962459245e-05,1.08810962459245e-05,0.0,0.0,0.0,0.0,0.1031866603246332,0.0
1731992160.0,1.08810962459245e-05,1.08810962459245e-05,1.08810962459245e-05,1.08810962459245e-05,0.0,0.0,0.0,0.0,0.1031866603246332,0.0
1731992220.0,1.08810962459245e-05,1.08810962459245e-05,1.08810962459245e-05,1.08810962459245e-05,0.0,0.0,0.0,0.0,0.1031866603246332,0.0
1731992280.0,1.08810962459245e-05,1.08810962459245e-05,1.08810962459245e-05,1.08810962459245e-05,0.0,0.0,0.0,0.0,0.1031866603246332,0.0
1731992340.0,1.08810962459245e-05,1.10152360958554e-05,1.08810962459245e-05,1.10152360958554e-05,47.39922,0.0005189345369305703,0.012327788202511358,0.0,0.1031866603246332,0.012327788202511358
1731992400.0,1.10152360958554e-05,1.10152360958554e-05,1.10152360958554e-05,1.10152360958554e-05,0.0,0.0,0.0,-1.0,0.10445872361843976,0.0
1731992460.0,1.10152360958554e-05,1.10152360958554e-05,1.10152360958554e-05,1.10152360958554e-05,0.0,0.0,0.0,0.0,0.10445872361843976,0.0
1731992520.0,1.10152360958554e-05,1.10152360958554e-05,1.10152360958554e-05,1.10152360958554e-05,0.0,0.0,0.0,0.0,0.10445872361843976,0.0
1731992580.0,1.10152360958554e-05,1.10152360958554e-05,1.10132763511855e-05,1.10132763511855e-05,3.91589771298,4.313070075585946e-05,-0.00017791218026058132,0.0,0.10445872361843976,0.00017791218026058132
1731992640.0,1.10132763511855e-05,1.10132763511855e-05,1.10132763511855e-05,1.10132763511855e-05,0.0,0.0,0.0,-1.0,0.10444013913917356,0.0
1731992700.0,1.10132763511855e-05,1.10132763511855e-05,1.10132763511855e-05,1.10132763511855e-05,0.0,0.0,0.0,0.0,0.10444013913917356,0.0
1731992760.0,1.10132763511855e-05,1.10132763511855e-05,1.10132763511855e-05,1.10132763511855e-05,0.0,0.0,0.0,0.0,0.10444013913917356,0.0
1731992820.0,1.10132763511855e-05,1.10132763511855e-05,1.10132763511855e-05,1.10132763511855e-05,0.0,0.0,0.0,0.0,0.10444013913917356,0.0
1731992880.0,1.10132763511855e-05,1.10132763511855e-05,1.10132763511855e-05,1.10132763511855e-05,0.0,0.0,0.0,0.0,0.10444013913917356,0.0
1731992940.0,1.10132763511855e-05,1.10132763511855e-05,1.10132763511855e-05,1.10132763511855e-05,0.0,0.0,0.0,0.0,0.10444013913917356,0.0
1731993000.0,1.10132763511855e-05,1.10132763511855e-05,1.10132763511855e-05,1.10132763511855e-05,0.0,0.0,0.0,0.0,0.10444013913917356,0.0
1731993060.0,1.10132763511855e-05,1.11397948264029e-05,1.10132763511855e-05,1.11397948264029e-05,31.2507,0.00034614949072473095,0.011487814450763443,0.0,0.10444013913917356,0.011487814450763443
1731993120.0,1.11397948264029e-05,1.11397948264029e-05,1.11397948264029e-05,1.11397948264029e-05,0.0,0.0,0.0,-1.0,0.10563992807881631,0.0
1731993180.0,1.11397948264029e-05,1.11397948264029e-05,1.11397948264029e-05,1.11397948264029e-05,0.0,0.0,0.0,0.0,0.10563992807881631,0.0
1731993240.0,1.11397948264029e-05,1.11397948264029e-05,1.11397948264029e-05,1.11397948264029e-05,0.0,0.0,0.0,0.0,0.10563992807881631,0.0
1731993300.0,1.11397948264029e-05,1.11397948264029e-05,1.11397948264029e-05,1.11397948264029e-05,0.0,0.0,0.0,0.0,0.10563992807881631,0.0
1731993360.0,1.11397948264029e-05,1.11397948264029e-05,1.11397948264029e-05,1.11397948264029e-05,0.0,0.0,0.0,0.0,0.10563992807881631,0.0
1731993420.0,1.11397948264029e-05,1.11397948264029e-05,1.11397948264029e-05,1.11397948264029e-05,0.0,0.0,0.0,0.0,0.10563992807881631,0.0
1731993480.0,1.11397948264029e-05,1.11397948264029e-05,1.11397948264029e-05,1.11397948264029e-05,0.0,0.0,0.0,0.0,0.10563992807881631,0.0
1731993540.0,1.11397948264029e-05,1.11397948264029e-05,1.11397948264029e-05,1.11397948264029e-05,0.0,0.0,0.0,0.0,0.10563992807881631,0.0
1731993600.0,1.11397948264029e-05,1.11397948264029e-05,1.11397948264029e-05,1.11397948264029e-05,0.0,0.0,0.0,0.0,0.10563992807881631,0.0
1731993660.0,1.11397948264029e-05,1.11397948264029e-05,1.11397948264029e-05,1.11397948264029e-05,0.0,0.0,0.0,0.0,0.10563992807881631,0.0
1731993720.0,1.11397948264029e-05,1.11397948264029e-05,1.11397948264029e-05,1.11397948264029e-05,0.0,0.0,0.0,0.0,0.10563992807881631,0.0
1731993780.0,1.11397948264029e-05,1.11397948264029e-05,1.11397948264029e-05,1.11397948264029e-05,0.0,0.0,0.0,0.0,0.10563992807881631,0.0
1731993840.0,1.11397948264029e-05,1.11397948264029e-05,1.11397948264029e-05,1.11397948264029e-05,0.0,0.0,0.0,0.0,0.10563992807881631,0.0
1731993900.0,1.11397948264029e-05,1.11397948264029e-05,1.11397948264029e-05,1.11397948264029e-05,0.0,0.0,0.0,0.0,0.10563992807881631,0.0
1731993960.0,1.11397948264029e-05,1.11397948264029e-05,1.11397948264029e-05,1.11397948264029e-05,0.0,0.0,0.0,0.0,0.10563992807881631,0.0
1731994020.0,1.11397948264029e-05,1.11397948264029e-05,1.11397948264029e-05,1.11397948264029e-05,0.0,0.0,0.0,0.0,0.10563992807881631,0.0
1731994080.0,1.11397948264029e-05,1.11397948264029e-05,1.11397948264029e-05,1.11397948264029e-05,0.0,0.0,0.0,0.0,0.10563992807881631,0.0
1731994140.0,1.11397948264029e-05,1.11397948264029e-05,1.11397948264029e-05,1.11397948264029e-05,0.0,0.0,0.0,0.0,0.10563992807881631,0.0
1731994200.0,1.11397948264029e-05,1.11397948264029e-05,1.11397948264029e-05,1.11397948264029e-05,0.0,0.0,0.0,0.0,0.10563992807881631,0.0
1731994260.0,1.11397948264029e-05,1.11397948264029e-05,1.11397948264029e-05,1.11397948264029e-05,0.0,0.0,0.0,0.0,0.10563992807881631,0.0
1731994320.0,1.11397948264029e-05,1.11397948264029e-05,1.11397948264029e-05,1.11397948264029e-05,0.0,0.0,0.0,0.0,0.10563992807881631,0.0
1731994380.0,1.11397948264029e-05,1.11397948264029e-05,1.11397948264029e-05,1.11397948264029e-05,0.0,0.0,0.0,0.0,0.10563992807881631,0.0
1731994440.0,1.11397948264029e-05,1.11397948264029e-05,1.11397948264029e-05,1.11397948264029e-05,0.0,0.0,0.0,0.0,0.10563992807881631,0.0
1731994500.0,1.11397948264029e-05,1.11397948264029e-05,1.11397948264029e-05,1.11397948264029e-05,0.0,0.0,0.0,0.0,0.10563992807881631,0.0
1731994560.0,1.11397948264029e-05,1.11397948264029e-05,1.11397948264029e-05,1.11397948264029e-05,0.0,0.0,0.0,0.0,0.10563992807881631,0.0
1731994620.0,1.11397948264029e-05,1.11397948264029e-05,1.11397948264029e-05,1.11397948264029e-05,0.0,0.0,0.0,0.0,0.10563992807881631,0.0
1731994680.0,1.11397948264029e-05,1.11397948264029e-05,1.11397948264029e-05,1.11397948264029e-05,0.0,0.0,0.0,0.0,0.10563992807881631,0.0
1731994740.0,1.11397948264029e-05,1.13341523904764e-05,1.11397948264029e-05,1.13341523904764e-05,50.7402,0.0005701662882869495,0.017447140373972027,0.0,0.10563992807881631,0.017447140373972027
1731994800.0,1.13341523904764e-05,1.13341523904764e-05,1.13341523904764e-05,1.13341523904764e-05,0.0,0.0,0.0,-1.0,0.10748304273310372,0.0
1731994860.0,1.13341523904764e-05,1.13341523904764e-05,1.13341523904764e-05,1.13341523904764e-05,0.0,0.0,0.0,0.0,0.10748304273310372,0.0
1731994920.0,1.13341523904764e-05,1.13341523904764e-05,1.13341523904764e-05,1.13341523904764e-05,0.0,0.0,0.0,0.0,0.10748304273310372,0.0
1731994980.0,1.13341523904764e-05,1.13341523904764e-05,1.13341523904764e-05,1.13341523904764e-05,0.0,0.0,0.0,0.0,0.10748304273310372,0.0
1731995040.0,1.13341523904764e-05,1.13341523904764e-05,1.13341523904764e-05,1.13341523904764e-05,0.0,0.0,0.0,0.0,0.10748304273310372,0.0
1731995100.0,1.13341523904764e-05,1.13341523904764e-05,1.13341523904764e-05,1.13341523904764e-05,0.0,0.0,0.0,0.0,0.10748304273310372,0.0
1731995160.0,1.13341523904764e-05,1.13341523904764e-05,1.13341523904764e-05,1.13341523904764e-05,0.0,0.0,0.0,0.0,0.10748304273310372,0.0
1731995220.0,1.13341523904764e-05,1.13341523904764e-05,1.13341523904764e-05,1.13341523904764e-05,0.0,0.0,0.0,0.0,0.10748304273310372,0.0
1731995280.0,1.13341523904764e-05,1.13341523904764e-05,1.13341523904764e-05,1.13341523904764e-05,0.0,0.0,0.0,0.0,0.10748304273310372,0.0
1731995340.0,1.13341523904764e-05,1.13341523904764e-05,1.13341523904764e-05,1.13341523904764e-05,0.0,0.0,0.0,0.0,0.10748304273310372,0.0
1731995400.0,1.13341523904764e-05,1.13341523904764e-05,1.13341523904764e-05,1.13341523904764e-05,0.0,0.0,0.0,0.0,0.10748304273310372,0.0
1731995460.0,1.13341523904764e-05,1.13341523904764e-05,1.13341523904764e-05,1.13341523904764e-05,0.0,0.0,0.0,0.0,0.10748304273310372,0.0
1731995520.0,1.13341523904764e-05,1.13341523904764e-05,1.13341523904764e-05,1.13341523904764e-05,0.0,0.0,0.0,0.0,0.10748304273310372,0.0
1731995580.0,1.13341523904764e-05,1.13341523904764e-05,1.13341523904764e-05,1.13341523904764e-05,0.0,0.0,0.0,0.0,0.10748304273310372,0.0
1731995640.0,1.13341523904764e-05,1.13341523904764e-05,1.13341523904764e-05,1.13341523904764e-05,0.0,0.0,0.0,0.0,0.10748304273310372,0.0
1731995700.0,1.13341523904764e-05,1.13341523904764e-05,1.13341523904764e-05,1.13341523904764e-05,0.0,0.0,0.0,0.0,0.10748304273310372,0.0
1731995760.0,1.13341523904764e-05,1.13341523904764e-05,1.13341523904764e-05,1.13341523904764e-05,0.0,0.0,0.0,0.0,0.10748304273310372,0.0
1731995820.0,1.13341523904764e-05,1.13341523904764e-05,1.13341523904764e-05,1.13341523904764e-05,0.0,0.0,0.0,0.0,0.10748304273310372,0.0
1731995880.0,1.13341523904764e-05,1.13341523904764e-05,1.13341523904764e-05,1.13341523904764e-05,0.0,0.0,0.0,0.0,0.10748304273310372,0.0
1731995940.0,1.13341523904764e-05,1.13341523904764e-05,1.13341523904764e-05,1.13341523904764e-05,0.0,0.0,0.0,0.0,0.10748304273310372,0.0
1731996000.0,1.13341523904764e-05,1.13341523904764e-05,1.13341523904764e-05,1.13341523904764e-05,0.0,0.0,0.0,0.0,0.10748304273310372,0.0
1731996060.0,1.13341523904764e-05,1.13341523904764e-05,1.13341523904764e-05,1.13341523904764e-05,0.0,0.0,0.0,0.0,0.10748304273310372,0.0
1731996120.0,1.13341523904764e-05,1.13341523904764e-05,1.13341523904764e-05,1.13341523904764e-05,0.0,0.0,0.0,0.0,0.10748304273310372,0.0
1731996180.0,1.13341523904764e-05,1.13341523904764e-05,1.13341523904764e-05,1.13341523904764e-05,0.0,0.0,0.0,0.0,0.10748304273310372,0.0
1731996240.0,1.13341523904764e-05,1.13341523904764e-05,1.13341523904764e-05,1.13341523904764e-05,0.0,0.0,0.0,0.0,0.10748304273310372,0.0
1731996300.0,1.13341523904764e-05,1.13341523904764e-05,1.13341523904764e-05,1.13341523904764e-05,0.0,0.0,0.0,0.0,0.10748304273310372,0.0
1731996360.0,1.13341523904764e-05,1.13341523904764e-05,1.13341523904764e-05,1.13341523904764e-05,0.0,0.0,0.0,0.0,0.10748304273310372,0.0
1731996420.0,1.13341523904764e-05,1.1345817126138e-05,1.13341523904764e-05,1.1345817126138e-05,0.83344364964,9.451238283825527e-06,0.0010291670042660288,0.0,0.10748304273310372,0.0010291670042660288
1731996480.0,1.1345817126138e-05,1.1345817126138e-05,1.1345817126138e-05,1.1345817126138e-05,0.0,0.0,0.0,-1.0,0.10759366073420275,0.0
1731996540.0,1.1345817126138e-05,1.1345817126138e-05,1.1345817126138e-05,1.1345817126138e-05,0.0,0.0,0.0,0.0,0.10759366073420275,0.0
1731996600.0,1.1345817126138e-05,1.1345817126138e-05,1.1345817126138e-05,1.1345817126138e-05,0.0,0.0,0.0,0.0,0.10759366073420275,0.0
1731996660.0,1.1345817126138e-05,1.1345817126138e-05,1.1345817126138e-05,1.1345817126138e-05,0.0,0.0,0.0,0.0,0.10759366073420275,0.0
1731996720.0,1.1345817126138e-05,1.1345817126138e-05,1.1345817126138e-05,1.1345817126138e-05,0.0,0.0,0.0,0.0,0.10759366073420275,0.0
1731996780.0,1.1345817126138e-05,1.1345817126138e-05,1.1345817126138e-05,1.1345817126138e-05,0.0,0.0,0.0,0.0,0.10759366073420275,0.0
1731996840.0,1.1345817126138e-05,1.1345817126138e-05,1.1345817126138e-05,1.1345817126138e-05,0.0,0.0,0.0,0.0,0.10759366073420275,0.0
1731996900.0,1.1345817126138e-05,1.1345817126138e-05,1.1345817126138e-05,1.1345817126138e-05,0.0,0.0,0.0,0.0,0.10759366073420275,0.0
1731996960.0,1.1345817126138e-05,1.1345817126138e-05,1.1345817126138e-05,1.1345817126138e-05,0.0,0.0,0.0,0.0,0.10759366073420275,0.0
1731997020.0,1.1345817126138e-05,1.1345817126138e-05,1.1345817126138e-05,1.1345817126138e-05,0.0,0.0,0.0,0.0,0.10759366073420275,0.0
1731997080.0,1.1345817126138e-05,1.1345817126138e-05,1.1345817126138e-05,1.1345817126138e-05,0.0,0.0,0.0,0.0,0.10759366073420275,0.0
1731997140.0,1.1345817126138e-05,1.1345817126138e-05,1.1345817126138e-05,1.1345817126138e-05,0.0,0.0,0.0,0.0,0.10759366073420275,0.0
1731997200.0,1.1345817126138e-05,1.1345817126138e-05,1.1345817126138e-05,1.1345817126138e-05,0.0,0.0,0.0,0.0,0.10759366073420275,0.0
1731997260.0,1.1345817126138e-05,1.1345817126138e-05,1.1345817126138e-05,1.1345817126138e-05,0.0,0.0,0.0,0.0,0.10759366073420275,0.0
1731997320.0,1.1345817126138e-05,1.1345817126138e-05,1.1345817126138e-05,1.1345817126138e-05,0.0,0.0,0.0,0.0,0.10759366073420275,0.0
1731997380.0,1.1345817126138e-05,1.1345817126138e-05,1.1345817126138e-05,1.1345817126138e-05,0.0,0.0,0.0,0.0,0.10759366073420275,0.0
1731997440.0,1.1345817126138e-05,1.1345817126138e-05,1.1345817126138e-05,1.1345817126138e-05,0.0,0.0,0.0,0.0,0.10759366073420275,0.0
1731997500.0,1.1345817126138e-05,1.1345817126138e-05,1.1345817126138e-05,1.1345817126138e-05,0.0,0.0,0.0,0.0,0.10759366073420275,0.0
1731997560.0,1.1345817126138e-05,1.1345817126138e-05,1.1345817126138e-05,1.1345817126138e-05,0.0,0.0,0.0,0.0,0.10759366073420275,0.0
1731997620.0,1.1345817126138e-05,1.1345817126138e-05,1.1345817126138e-05,1.1345817126138e-05,0.0,0.0,0.0,0.0,0.10759366073420275,0.0
1731997680.0,1.1345817126138e-05,1.1345817126138e-05,1.1345817126138e-05,1.1345817126138e-05,0.0,0.0,0.0,0.0,0.10759366073420275,0.0
1731997740.0,1.1345817126138e-05,1.1345817126138e-05,1.1345817126138e-05,1.1345817126138e-05,0.0,0.0,0.0,0.0,0.10759366073420275,0.0
1731997800.0,1.1345817126138e-05,1.1345817126138e-05,1.1345817126138e-05,1.1345817126138e-05,0.0,0.0,0.0,0.0,0.10759366073420275,0.0
1731997860.0,1.1345817126138e-05,1.1345817126138e-05,1.1345817126138e-05,1.1345817126138e-05,0.0,0.0,0.0,0.0,0.10759366073420275,0.0
1731997920.0,1.1345817126138e-05,1.1345817126138e-05,1.1345817126138e-05,1.1345817126138e-05,0.0,0.0,0.0,0.0,0.10759366073420275,0.0
1731997980.0,1.1345817126138e-05,1.1345817126138e-05,1.1345817126138e-05,1.1345817126138e-05,0.0,0.0,0.0,0.0,0.10759366073420275,0.0
1731998040.0,1.1345817126138e-05,1.1345817126138e-05,1.1345817126138e-05,1.1345817126138e-05,0.0,0.0,0.0,0.0,0.10759366073420275,0.0
1731998100.0,1.1345817126138e-05,1.1345817126138e-05,1.1345817126138e-05,1.1345817126138e-05,0.0,0.0,0.0,0.0,0.10759366073420275,0.0
1731998160.0,1.1345817126138e-05,1.1345817126138e-05,1.1345817126138e-05,1.1345817126138e-05,0.0,0.0,0.0,0.0,0.10759366073420275,0.0
1731998220.0,1.1345817126138e-05,1.1345817126138e-05,1.1345817126138e-05,1.1345817126138e-05,0.0,0.0,0.0,0.0,0.10759366073420275,0.0
1731998280.0,1.1345817126138e-05,1.1345817126138e-05,1.1345817126138e-05,1.1345817126138e-05,0.0,0.0,0.0,0.0,0.10759366073420275,0.0
1731998340.0,1.1345817126138e-05,1.1345817126138e-05,1.1345817126138e-05,1.1345817126138e-05,0.0,0.0,0.0,0.0,0.10759366073420275,0.0
1731998400.0,1.1345817126138e-05,1.1345817126138e-05,1.1345817126138e-05,1.1345817126138e-05,0.0,0.0,0.0,0.0,0.10759366073420275,0.0
1731998460.0,1.1345817126138e-05,1.13729194241388e-05,1.1345817126138e-05,1.13729194241388e-05,2.904894432,3.299776565348698e-05,0.0023887480028531648,0.0,0.10759366073420275,0.0023887480028531648
1731998520.0,1.13729194241388e-05,1.13729194241388e-05,1.13729194241388e-05,1.13729194241388e-05,0.0,0.0,0.0,-1.0,0.10785067487640124,0.0
1731998580.0,1.13729194241388e-05,1.13729194241388e-05,1.13729194241388e-05,1.13729194241388e-05,0.0,0.0,0.0,0.0,0.10785067487640124,0.0
1731998640.0,1.13729194241388e-05,1.13729194241388e-05,1.13729194241388e-05,1.13729194241388e-05,0.0,0.0,0.0,0.0,0.10785067487640124,0.0
1731998700.0,1.13729194241388e-05,1.13729194241388e-05,1.13729194241388e-05,1.13729194241388e-05,0.0,0.0,0.0,0.0,0.10785067487640124,0.0
1731998760.0,1.13729194241388e-05,1.13729194241388e-05,1.13729194241388e-05,1.13729194241388e-05,0.0,0.0,0.0,0.0,0.10785067487640124,0.0
1731998820.0,1.13729194241388e-05,1.13729194241388e-05,1.13729194241388e-05,1.13729194241388e-05,0.0,0.0,0.0,0.0,0.10785067487640124,0.0
1731998880.0,1.13729194241388e-05,1.13729194241388e-05,1.1371438524983e-05,1.1371438524983e-05,1.32953830244,1.5119747528881557e-05,-0.0001302127536978495,0.0,0.10785067487640124,0.0001302127536978495
1731998940.0,1.1371438524983e-05,1.1371438524983e-05,1.1371438524983e-05,1.1371438524983e-05,0.0,0.0,0.0,-1.0,0.1078366313430374,0.0
1731999000.0,1.1371438524983e-05,1.1371438524983e-05,1.1371438524983e-05,1.1371438524983e-05,0.0,0.0,0.0,0.0,0.1078366313430374,0.0
1731999060.0,1.1371438524983e-05,1.1371438524983e-05,1.1371438524983e-05,1.1371438524983e-05,0.0,0.0,0.0,0.0,0.1078366313430374,0.0
1731999120.0,1.1371438524983e-05,1.1371438524983e-05,1.1371438524983e-05,1.1371438524983e-05,0.0,0.0,0.0,0.0,0.1078366313430374,0.0
1731999180.0,1.1371438524983e-05,1.1371438524983e-05,1.1371438524983e-05,1.1371438524983e-05,0.0,0.0,0.0,0.0,0.1078366313430374,0.0
1731999240.0,1.1371438524983e-05,1.1371438524983e-05,1.1371438524983e-05,1.1371438524983e-05,0.0,0.0,0.0,0.0,0.1078366313430374,0.0
1731999300.0,1.1371438524983e-05,1.1371438524983e-05,1.1371438524983e-05,1.1371438524983e-05,0.0,0.0,0.0,0.0,0.1078366313430374,0.0
1731999360.0,1.1371438524983e-05,1.1371438524983e-05,1.1371438524983e-05,1.1371438524983e-05,0.0,0.0,0.0,0.0,0.1078366313430374,0.0
1731999420.0,1.1371438524983e-05,1.1371438524983e-05,1.1371438524983e-05,1.1371438524983e-05,0.0,0.0,0.0,0.0,0.1078366313430374,0.0
1731999480.0,1.1371438524983e-05,1.1371438524983e-05,1.1371438524983e-05,1.1371438524983e-05,0.0,0.0,0.0,0.0,0.1078366313430374,0.0
1731999540.0,1.1371438524983e-05,1.1371438524983e-05,1.1371438524983e-05,1.1371438524983e-05,0.0,0.0,0.0,0.0,0.1078366313430374,0.0
1731999600.0,1.1371438524983e-05,1.1371438524983e-05,1.1371438524983e-05,1.1371438524983e-05,0.0,0.0,0.0,0.0,0.1078366313430374,0.0
1731999660.0,1.1371438524983e-05,1.1371438524983e-05,1.1371438524983e-05,1.1371438524983e-05,0.0,0.0,0.0,0.0,0.1078366313430374,0.0
1731999720.0,1.1371438524983e-05,1.1371438524983e-05,1.1371438524983e-05,1.1371438524983e-05,0.0,0.0,0.0,0.0,0.1078366313430374,0.0
1731999780.0,1.1371438524983e-05,1.1371438524983e-05,1.1371438524983e-05,1.1371438524983e-05,0.0,0.0,0.0,0.0,0.1078366313430374,0.0
1731999840.0,1.1371438524983e-05,1.1371438524983e-05,1.1371438524983e-05,1.1371438524983e-05,0.0,0.0,0.0,0.0,0.1078366313430374,0.0
1731999900.0,1.1371438524983e-05,1.1371438524983e-05,1.1371438524983e-05,1.1371438524983e-05,0.0,0.0,0.0,0.0,0.1078366313430374,0.0
1731999960.0,1.1371438524983e-05,1.1371438524983e-05,1.1371438524983e-05,1.1371438524983e-05,0.0,0.0,0.0,0.0,0.1078366313430374,0.0
1732000020.0,1.1371438524983e-05,1.14209750165435e-05,1.1371438524983e-05,1.14209750165435e-05,2.44839616977,2.790242900744368e-05,0.004356220319150418,0.0,0.1078366313430374,0.004356220319150418
1732000080.0,1.14209750165435e-05,1.14209750165435e-05,1.14209750165435e-05,1.14209750165435e-05,0.0,0.0,0.0,-1.0,0.10830639146764268,0.0
1732000140.0,1.14209750165435e-05,1.14209750165435e-05,1.14209750165435e-05,1.14209750165435e-05,0.0,0.0,0.0,0.0,0.10830639146764268,0.0
1732000200.0,1.14209750165435e-05,1.14209750165435e-05,1.141942357843e-05,1.141942357843e-05,0.9890006482,1.129458450778758e-05,-0.00013584112663349169,0.0,0.10830639146764268,0.00013584112663349169
1732000260.0,1.141942357843e-05,1.141942357843e-05,1.141942357843e-05,1.141942357843e-05,0.0,0.0,0.0,-1.0,0.10829167900540411,0.0
1732000320.0,1.141942357843e-05,1.141942357843e-05,1.141942357843e-05,1.141942357843e-05,0.0,0.0,0.0,0.0,0.10829167900540411,0.0
1732000380.0,1.141942357843e-05,1.141942357843e-05,1.141942357843e-05,1.141942357843e-05,0.0,0.0,0.0,0.0,0.10829167900540411,0.0
1732000440.0,1.141942357843e-05,1.141942357843e-05,1.141942357843e-05,1.141942357843e-05,0.0,0.0,0.0,0.0,0.10829167900540411,0.0
1732000500.0,1.141942357843e-05,1.141942357843e-05,1.141942357843e-05,1.141942357843e-05,0.0,0.0,0.0,0.0,0.10829167900540411,0.0
1732000560.0,1.141942357843e-05,1.141942357843e-05,1.141942357843e-05,1.141942357843e-05,0.0,0.0,0.0,0.0,0.10829167900540411,0.0
1732000620.0,1.141942357843e-05,1.141942357843e-05,1.141942357843e-05,1.141942357843e-05,0.0,0.0,0.0,0.0,0.10829167900540411,0.0
1732000680.0,1.141942357843e-05,1.141942357843e-05,1.141942357843e-05,1.141942357843e-05,0.0,0.0,0.0,0.0,0.10829167900540411,0.0
1732000740.0,1.141942357843e-05,1.141942357843e-05,1.13131407814579e-05,1.13131407814579e-05,50.64613621762,0.0005756582755733482,-0.009307194556899986,0.0,0.10829167900540411,0.009307194556899986
1732000800.0,1.13131407814579e-05,1.13131407814579e-05,1.13131407814579e-05,1.13131407814579e-05,0.0,0.0,0.0,-1.0,0.10728378728000745,0.0
1732000860.0,1.13131407814579e-05,1.13131407814579e-05,1.13131407814579e-05,1.13131407814579e-05,0.0,0.0,0.0,0.0,0.10728378728000745,0.0
1732000920.0,1.13131407814579e-05,1.13131407814579e-05,1.13131407814579e-05,1.13131407814579e-05,0.0,0.0,0.0,0.0,0.10728378728000745,0.0
1732000980.0,1.13131407814579e-05,1.13131407814579e-05,1.13131407814579e-05,1.13131407814579e-05,0.0,0.0,0.0,0.0,0.10728378728000745,0.0
1732001040.0,1.13131407814579e-05,1.13131407814579e-05,1.13131407814579e-05,1.13131407814579e-05,0.0,0.0,0.0,0.0,0.10728378728000745,0.0
1732001100.0,1.13131407814579e-05,1.13131407814579e-05,1.13131407814579e-05,1.13131407814579e-05,0.0,0.0,0.0,0.0,0.10728378728000745,0.0
1732001160.0,1.13131407814579e-05,1.13131407814579e-05,1.13131407814579e-05,1.13131407814579e-05,0.0,0.0,0.0,0.0,0.10728378728000745,0.0
1732001220.0,1.13131407814579e-05,1.13131407814579e-05,1.13131407814579e-05,1.13131407814579e-05,0.0,0.0,0.0,0.0,0.10728378728000745,0.0
1732001280.0,1.13131407814579e-05,1.13131407814579e-05,1.13131407814579e-05,1.13131407814579e-05,0.0,0.0,0.0,0.0,0.10728378728000745,0.0
1732001340.0,1.13131407814579e-05,1.13131407814579e-05,1.13131407814579e-05,1.13131407814579e-05,0.0,0.0,0.0,0.0,0.10728378728000745,0.0
1732001400.0,1.13131407814579e-05,1.13131407814579e-05,1.13131407814579e-05,1.13131407814579e-05,0.0,0.0,0.0,0.0,0.10728378728000745,0.0
