time,open,high,low,close,volume,usd_vol,price_change,vol_change,norm_open,mov_in_min
1736029020.0,5.50953338873899e-05,0.0001095590246877,5.35569022668707e-05,7.30100214708418e-05,37316.3147095908,2.390209878265869,0.32515798198206713,0.0,1.0,1.0164585359495744
1736029080.0,7.30100214708418e-05,0.000111746774712,5.40745390149854e-05,7.69095862530732e-05,28905.05106892056,2.16671695874615,0.0534113633124843,-0.0935034707838569,1.3251579819820671,0.7899221851351916
1736029140.0,7.69095862530732e-05,0.0001288410656211,7.36124104309849e-05,0.0001273411035477,16369.83010671225,1.671774545608721,0.6557247249865634,-0.22842965766227522,1.3959364764041498,0.7180984566525117
1736029200.0,0.0001273411035477,0.0001513877948404,0.0001150095409008,0.0001513877948404,19487.65755374427,2.7158866610598382,0.18883683761773326,0.6245531840365105,2.3112865384929733,0.28567566108749215
1736029260.0,0.0001513877948404,0.0002057008550842,0.000123024372205,0.0001252236721619,33896.92226484058,4.688138697270238,-0.17282848135864204,0.7261908475373399,2.7477425792504238,0.5461238336046929
1736029320.0,0.0001252236721619,0.0002901661760732,0.0001181483522601,0.0001681803484958,60856.97870214846,8.927841118145187,0.343039583429257,0.9043466276592028,2.272854402114095,1.3736845505592623
1736029380.0,0.0001681803484958,0.0002021284459443,0.000146911439555,0.000146911439555,13818.33660511325,2.177022194396478,-0.12646488802662428,-0.7561535688653958,3.052533429410667,0.32832020437083903
1736029440.0,0.000146911439555,0.0002162619357381,0.000143122103974,0.0001674107877251,27206.865927502,4.275861347821746,0.13953541148458715,0.9640871640296328,2.6664951310627196,0.49784980656130756
1736029500.0,0.0001674107877251,0.0002030009099033,0.0001673322938625,0.0001676541255315,12773.61847091924,2.1399956824657296,0.0014535371925947485,-0.4995170543694294,3.038565626397204,0.21306043968546595
1736029560.0,0.0001676541255315,0.000187283969078,0.0001400794073486,0.0001411879303691,8428.83651403519,1.3015895989223376,-0.15786187830747622,-0.3917793341420998,3.0429822945473126,0.28155920159883496
1736029620.0,0.0001411879303691,0.000167565996874,0.0001279296405506,0.0001568050584568,11476.77026963045,1.709998537357704,0.11061234516911578,0.3137770452172575,2.56261139387368,0.280734735751001
1736029680.0,0.0001568050584568,0.0001573784864938,8.69734283481067e-05,9.37340661304044e-05,14197.18184892816,1.7784747560179046,-0.4022254954470856,0.040044606567915725,2.8460678499071443,0.448997365509672
1736029740.0,9.37340661304044e-05,0.0001047984313875,7.76022910797445e-05,0.0001003390893403,14323.36485202714,1.389890306895543,0.07046555732156742,-0.21849309235764577,1.7013067989022215,0.2901414760981325
1736029800.0,0.0001003390893403,0.0001563393490205,7.90864307609022e-05,9.15170338236474e-05,29642.24200939266,2.843522816904787,-0.08792241961388149,1.0458613192691986,1.8211903306618384,0.7699184711313707
1736029860.0,9.15170338236474e-05,9.9904208987483e-05,8.4255295170704e-05,8.47310399785566e-05,5895.4951095138,0.5195348285810605,-0.07415006323486575,-0.8172918376133935,1.6610668702126448,0.1709945478230242
1736029920.0,8.47310399785566e-05,9.91161933022509e-05,8.26810333308807e-05,8.49225138360797e-05,6897.00974196455,0.5850511067092268,0.002259784107117706,0.12610565167902715,1.5378986567490365,0.19396858548566795
1736029980.0,8.49225138360797e-05,0.0001187641916409,8.33333394187209e-05,0.000112305545911,7866.8153090608,0.7757783598973425,0.3224472620744125,0.32600101256266495,1.5413739756919156,0.4172138885404279
1736030040.0,0.000112305545911,0.0001485341924436,0.000112305545911,0.0001230590579126,12287.17597379501,1.4459831525915596,0.09575227932307054,0.8639127195851458,2.0383857939865258,0.32259000424885975
1736030100.0,0.0001230590579126,0.0001286168831134,0.0001030915703535,0.0001030915703535,4260.42299803527,0.48174866884250883,-0.16225938909171128,-0.666836596277698,2.2335658799005027,0.20742327458762758
1736030160.0,0.0001030915703535,0.000134443251536,0.0001007379132941,0.000134443251536,5317.09568333432,0.6314976880551235,0.3041148861637802,0.31084469744859844,1.8711488447317566,0.32694562830234053
1736030220.0,0.000134443251536,0.0001362053070586,0.0001147248981982,0.0001303585975082,4006.7139122104,0.5304926262722172,-0.030381993749282746,-0.1599452598060654,2.4401930626428436,0.1597730537977072
1736030280.0,0.0001303585975082,0.0001454688096613,0.0001249891601739,0.0001356300578431,10156.80681629306,1.3507976938643547,0.04043814858140373,1.5463081425965115,2.3660551322665855,0.15710240735070635
1736030340.0,0.0001356300578431,0.0001429465657279,0.0001247094886277,0.0001325684129982,5330.17232985605,0.7147720340940008,-0.02257349804010099,-0.47085189933276766,2.4617340212569747,0.13446191345945657
1736030400.0,0.0001325684129982,0.0001349083181634,9.45650010064168e-05,0.000101367765471,8301.49213943577,0.9710096733458535,-0.23535506552095206,0.358488618789686,2.40616407315288,0.30432073707883167
1736030460.0,0.000101367765471,0.0001596525617044,0.000101367765471,0.0001277445379378,10214.26288496249,1.1701066485983855,0.2602086801878457,0.2050411862185618,1.8398611700618233,0.5749835360637846
1736030520.0,0.0001277445379378,0.000141515483666,0.0001276649276121,0.000141515483666,2926.10345992172,0.3939413404167382,0.10780066177784617,-0.6633286881254614,2.318609016852476,0.10842386122719373
1736030580.0,0.000141515483666,0.0001825563543924,0.000141515483666,0.000145818274645,8115.17671784345,1.1658821128479422,0.030405089729653122,1.959532278624508,2.568556603273254,0.29000975485667174
1736030640.0,0.000145818274645,0.000145818274645,0.0001178059228074,0.0001178059228074,3726.595107624,0.49121032223870853,-0.1921045349480174,-0.5786792533948296,2.6466537972714703,0.1921045349480174
1736030700.0,0.0001178059228074,0.0001345070637374,0.0001146413782519,0.0001199253460258,3791.12909872523,0.4506349654752074,0.017990803585190156,-0.08260281782878151,2.13821960037823,0.1686306173075717
1736030760.0,0.0001199253460258,0.0001413607965461,0.0001192114285962,0.0001290777518001,5765.01276836014,0.7177530191637712,0.07631752650795773,0.5927592711472803,2.1766878892306387,0.18469296678230912
1736030820.0,0.0001290777518001,0.0001299838097185,0.0001125848494368,0.0001202935720904,3658.38170055144,0.4561477439816457,-0.06805339872438951,-0.3644781257582345,2.3428073249165484,0.1347944168460992
1736030880.0,0.0001202935720904,0.0001204316796994,0.0001095985368576,0.0001095985368576,3133.34179423641,0.3601652765659593,-0.08890778656703897,-0.21041969116819417,2.1833713238995824,0.09005587458703893
1736030940.0,0.0001095985368576,0.0001528794214645,0.0001082508051391,0.000122653044525,7763.7669062038,0.9015735707258642,0.1191120615447773,1.5032217967318495,1.989252612237725,0.40720084049466265
1736031000.0,0.000122653044525,0.0001338808794473,0.000122653044525,0.0001315547565318,1794.07823258458,0.22803434121459815,0.072576364013415,-0.7470707343040172,2.226196591814694,0.09154142863540134
1736031060.0,0.0001315547565318,0.0001706286960847,0.0001314181900674,0.0001651861533005,6092.76857563733,0.9039868452661339,0.255645615980221,2.964257490565474,2.3877658460276607,0.2980546431844284
1736031120.0,0.0001651861533005,0.0001733362159543,0.000162697385003,0.0001716310301853,1671.01398891762,0.2814131126563023,0.03901584216369356,-0.6886977790329967,2.9981877165519357,0.06440510138853021
1736031180.0,0.0001716310301853,0.0001779820300048,0.000147183997063,0.000147183997063,3817.10629193624,0.6084754232366549,-0.14243947085737327,1.1622141821792182,3.115164535278051,0.17944326797170157
1736031240.0,0.000147183997063,0.0001939348914599,0.0001463209512007,0.0001568100831565,9001.48686277536,1.3681993597286541,0.0654017168006362,1.2485696340056105,2.6714421472393903,0.3234994375021596
1736031300.0,0.0001568100831565,0.000165968865836,0.0001533708236613,0.0001545327575721,2435.8159930168,0.3791869353790031,-0.014522826201980813,-0.7228569559817623,2.8461590500024245,0.08033949042758212
1736031360.0,0.0001545327575721,0.0001694484565463,0.0001545327575721,0.0001655937057503,2926.08190097136,0.4683581251748232,0.07157672167365116,0.23516419337257005,2.8048247767760444,0.09652127619117142
1736031420.0,0.0001655937057503,0.0001738686849224,0.0001646559286696,0.000170989047974,1498.30847663654,0.2521523964973938,0.03258180737760441,-0.461624806010842,3.0055849391667038,0.055634700673297226
1736031480.0,0.000170989047974,0.0001743062681395,0.0001409110445991,0.0001653711938334,7037.5222818593,1.1835713482255799,-0.03285505245607438,3.693873088919118,3.1035123287116626,0.19530621367912387
1736031540.0,0.0001653711938334,0.0001653711938334,0.0001485662753512,0.0001560094982239,3459.02157079713,0.5558313731319553,-0.0566101954789736,-0.5303778061497836,3.001546268353767,0.10161938178380565
1736031600.0,0.0001560094982239,0.0001651758199204,0.0001487368711806,0.0001651253796735,3681.52567714439,0.5911331494029533,0.0584315798293075,0.0635116655472005,2.8316281473630767,0.10537146088507601
1736031660.0,0.0001651253796735,0.0002021679321001,0.0001651253796735,0.0001980534426058,4726.12711216572,0.8582146392693077,0.19941248884579804,0.4518127432645383,2.9970846535026365,0.22432985468280933
1736031720.0,0.0001980534426058,0.0001980534426058,0.0001655188227619,0.0001804486459139,6890.34365385051,1.3040047318004395,-0.08888912235138523,0.5194389283672459,3.5947407635391433,0.16427192284991476
1736031780.0,0.0001804486459139,0.0002098706441702,0.0001804486459139,0.0002089164510258,2985.92683816968,0.5813078463993947,0.15776125649334746,-0.5542133918511302,3.2752074119874006,0.16304914956435054
1736031840.0,0.0002089164510258,0.0002563952236956,0.0001879046164205,0.0002563952236956,16215.01045278213,3.7725168347045295,0.22726201041935482,5.4897056836087765,3.7919082485788573,0.32783730978965264
1736031900.0,0.0002563952236956,0.0002697027800223,0.0002363187294639,0.0002471134428212,10950.55767872708,2.7568503472155887,-0.036201067791417255,-0.2692278211048698,4.653664940476624,0.13020543080800334
1736031960.0,0.0002471134428212,0.0002770314366433,0.0002326517097292,0.0002694384718087,6836.96217623428,1.7658229511930126,0.09034323965796306,-0.3594781258342554,4.485197300487887,0.179592524014208
1736032020.0,0.0002694384718087,0.0003063662742788,0.0002550219321135,0.0002580042764452,13142.91232397368,3.4660668981083647,-0.04243712965985878,0.9628620727613975,4.8904045551191135,0.19056054549535234
1736032080.0,0.0002580042764452,0.0003037367198535,0.0002558347910402,0.0002999148398454,11278.1450957506,3.1461463726091696,0.16244135166147836,-0.09230073593611086,4.68286982292436,0.18566331331129823
1736032140.0,0.0002999148398454,0.0003375818166837,0.0002697711662401,0.0002942438493374,13146.52754445855,3.905561786560533,-0.018908669243986972,0.2413795558156321,5.443561526614941,0.22609968375874628
1736032200.0,0.0002942438493374,0.0003071592191074,0.0002580388729189,0.0002603956958819,7629.66962489083,2.115858245461479,-0.11503436191350053,-0.45824484130749654,5.3406310221988855,0.16693754618529094
1736032260.0,0.0002603956958819,0.0002730814406675,0.000226682187135,0.0002422447594965,15763.50689610668,3.961688142309806,-0.0697052089280009,0.8723788093118414,4.726274940344791,0.17818748261316852
1736032320.0,0.0002422447594965,0.0002774770872142,0.0002321315207168,0.0002774770872142,12284.50000675001,3.1922615147128606,0.14544103158693525,-0.194216859065626,4.396828958176882,0.18718905041186307
1736032380.0,0.0002774770872142,0.000315090445268,0.0002761944088188,0.0002869701703292,6983.65507355511,1.9709524769486169,0.03421213337039174,-0.38258426890633324,5.036308297565438,0.14017747137144335
1736032440.0,0.0002869701703292,0.0003533791491441,0.0002465741240897,0.000254540761022,17880.85850178257,4.8413401703296515,-0.11300620294436302,1.4563454608631166,5.208611148736157,0.372181627560376
1736032500.0,0.000254540761022,0.0002768005885545,0.0002359817037369,0.0002375252398163,9283.89512778555,2.284144573865807,-0.06684792304926504,-0.5281999418540595,4.620005780203807,0.16036286154606114
1736032560.0,0.0002375252398163,0.0002524461081193,0.0002366799297885,0.0002520842700659,2325.83000319383,0.5693742439665235,0.06129466603574355,-0.7507275806964862,4.311167989321583,0.06637685469970869
1736032620.0,0.0002520842700659,0.0002649018150318,0.0001785812843512,0.0002067309374997,22406.3451031769,5.140185939650287,-0.17991337799198545,8.027780926375213,4.575419591451038,0.3424272790128238
1736032680.0,0.0002067309374997,0.0002154049685995,0.0001788017726309,0.0001817430619257,7381.10292983278,1.4336832876613388,-0.12087148578831484,-0.7210833801551391,3.7522403970223714,0.177057175918109
1736032740.0,0.0001817430619257,0.0001904406541568,0.0001641878297941,0.0001689919204132,7953.09648092049,1.394714576887608,-0.07016026569263423,-0.02718083631796925,3.2987015251993412,0.14445021496024235
1736032800.0,0.0001689919204132,0.0001864577947233,0.0001653661416574,0.0001711353535931,8031.3875695944,1.3658469802671132,0.01268364294966946,-0.020697852520416466,3.0672637497506576,0.12480864774084513
1736032860.0,0.0001711353535931,0.000180061946988,0.0001620053587792,0.0001656466469582,5333.08978403122,0.8980443232928673,-0.03207231305315342,-0.34250004849207893,3.1061678279849594,0.10551056710194576
1736032920.0,0.0001656466469582,0.0001656466469582,0.0001261021876159,0.0001291544593321,8809.87435589264,1.2985803531978473,-0.22030139635309726,0.44600919967550245,3.006545841010192,0.23872779840982114
1736032980.0,0.0001291544593321,0.000150521343908,0.0001284423655872,0.0001471131479784,9918.18334421789,1.370036390686965,0.13904815009230234,0.05502627335547789,2.3441995940360494,0.17095018193702038
1736033040.0,0.0001471131479784,0.0001596708063711,0.0001164152690909,0.0001164152690909,6706.51686913392,0.88367888728571,-0.2086684929888608,-0.35499604733665885,2.6701562110338886,0.29402903734036756
1736033100.0,0.0001164152690909,0.0001198844736883,0.0001015001735805,0.00011317949886,10124.42584074602,1.162257600771089,-0.02779506722931184,0.31524880529968946,2.1129787384326004,0.15792000698331995
1736033160.0,0.00011317949886,0.00012552896713,0.00011317949886,0.0001248304256756,2027.27444558913,0.2412557189038096,0.10294202512781828,-0.7924249161771446,2.05424835234376,0.10911400381155559
1736033220.0,0.0001248304256756,0.0001300961295664,0.0001116137353645,0.0001179616255011,4133.17348725185,0.5017508344195154,-0.05502504807882435,1.0797469038218617,2.26571683784951,0.14806001102592298
1736033280.0,0.0001179616255011,0.0001218054745945,0.0001105561565546,0.0001201352205405,3160.23030914084,0.3762204346857522,0.01842628931372026,-0.2501847353756602,2.141045659913839,0.09536421689776645
1736033340.0,0.0001201352205405,0.0001253242331834,0.0001190344539717,0.0001231321766589,1829.22754394092,0.2224957117499793,0.024946523633255946,-0.40860279975003333,2.1804971866772966,0.05235583023364578
1736033400.0,0.0001231321766589,0.0001231321766589,9.52403412256342e-05,9.52403412256342e-05,4088.29808622157,0.44638597347536335,-0.22651947029679806,1.0062677611376698,2.23489301127699,0.22651947029679806
1736033460.0,9.52403412256342e-05,9.52403412256342e-05,6.80574976655158e-05,7.75545141232846e-05,8909.06033720215,0.7697198961308177,-0.18569680531120789,0.7243371025709426,1.7286462301925103,0.2854131265208242
1736033520.0,7.75545141232846e-05,8.94635329106876e-05,7.75222647256977e-05,8.79447500825249e-05,4916.80714988935,0.4068639827742754,0.1339733228516324,-0.4714129323933614,1.4076421477324983,0.15397257425928115
1736033580.0,8.79447500825249e-05,0.0001018729984829,8.4892461765875e-05,0.0001018729984829,5300.63778373914,0.5030775650350936,0.15837498414976706,0.2364760370401149,1.5962286436502293,0.19308186902675767
1736033640.0,0.0001018729984829,0.0001150073573421,0.0001018729984829,0.0001142964130223,1790.15577823839,0.19348846054221305,0.1219500233075533,-0.6153904010235167,1.8490313297877385,0.12892875496743794
1736033700.0,0.0001142964130223,0.0001147509494716,9.78535005485114e-05,0.0001052169433578,4528.47555162426,0.4970304338111331,-0.07943792306700415,1.5687859235548407,2.0745207435517496,0.14783883830012928
1736033760.0,0.0001052169433578,0.0001055544565892,9.71332942821732e-05,0.0001022837840301,2477.37669107732,0.25702873270618637,-0.02787725278927298,-0.4828712384162478,1.9097251243245816,0.08003618084959815
1736033820.0,0.0001022837840301,0.0001177709323711,0.0001022837840301,0.0001155366089913,2554.9782274883,0.27826318083631074,0.1295691696085469,0.0826150753908039,1.8564872342757595,0.15141352549532638
1736033880.0,0.0001155366089913,0.0001559384488094,0.0001155366089913,0.0001539507486781,5258.74202066014,0.7085822459063713,0.33248456936876714,1.5464462951108044,2.0970307436097375,0.3496886412958708
1736033940.0,0.0001539507486781,0.0001700850194918,0.0001206096012837,0.0001237478113306,7966.31820687544,1.1061175473101996,-0.19618571268303592,0.5610291588597842,2.7942611073518866,0.32137172851006746
1736034000.0,0.0001237478113306,0.0001337388072155,0.0001237478113306,0.00012758582301,1706.05342784348,0.21439430419957017,0.031014784327348506,-0.8061740321171802,2.2460670005835675,0.08073674820969903
1736034060.0,0.00012758582301,0.0001381501707271,0.0001175598059066,0.0001371394502729,2518.91927039494,0.3334107961164318,0.07488000655175633,0.5551289823729387,2.3157282841914415,0.16138442606500367
1736034120.0,0.0001371394502729,0.0001371394502729,0.0001107645920388,0.0001171516471368,4383.76433456424,0.557376121710922,-0.14574801850470723,0.6717398722633993,2.489130033283784,0.19232145222702504
1736034180.0,0.0001171516471368,0.0001184159822697,0.0001140947849066,0.0001140947849066,852.03450245264,0.09851496933502328,-0.026093207435918114,-0.823252260910242,2.1263442631321166,0.036885502412561576
1736034240.0,0.0001140947849066,0.0001140947849066,7.80181637280142e-05,7.89537185338437e-05,3759.32342700936,0.36286588076637855,-0.30799888357319216,2.6833578005020526,2.070861121194036,0.31619868697871467
1736034300.0,7.89537185338437e-05,0.0001033926707735,7.89537185338437e-05,9.61397230301345e-05,3645.67498634304,0.31916689009125604,0.217671881900331,-0.12042738926798391,1.4330382078311437,0.30953516431503464
1736034360.0,9.61397230301345e-05,9.81130958767207e-05,9.61397230301345e-05,9.81130958767207e-05,510.53751243038,0.04958667547364747,0.02052609248694894,-0.8446371568821889,1.7449703313648264,0.02052609248694894
1736034420.0,9.81130958767207e-05,0.0001113953715249,9.81130958767207e-05,0.0001106179523813,1431.15552731184,0.14936329671803036,0.12745349020778723,2.0121659758660075,1.7807877537734027,0.13537719434384693
1736034480.0,0.0001106179523813,0.0001147818599619,0.000108597984338,0.0001129576694861,1092.01816919322,0.12207432063393692,0.021151332622167836,-0.18270202040070038,2.0077553683111087,0.05590300209665953
1736034540.0,0.0001129576694861,0.0001137154650962,0.0001096762365543,0.0001096762365543,506.71994907651,0.056406520765748,-0.029050111840381018,-0.537932953688977,2.0502220699302,0.03575878079174646
1736034600.0,0.0001096762365543,0.0001096762365543,9.77601255116828e-05,9.77601255116828e-05,1822.667869506,0.18904379605244004,-0.10864806649996243,2.3514528725769943,1.99066288950111,0.10864806649996243
1736034660.0,9.77601255116828e-05,9.77601255116828e-05,8.11731358788026e-05,8.11731358788026e-05,1896.18166094887,0.16964498439120448,-0.1696702980490546,-0.1026154365618769,1.774381215503586,0.1696702980490546
1736034720.0,8.11731358788026e-05,8.11731358788026e-05,6.90632084328174e-05,7.74125930752614e-05,3582.75477801987,0.2840868890679684,-0.046327430409439464,0.6745964526299155,1.4733214258164489,0.14918639417930332
1736034780.0,7.74125930752614e-05,7.8261584382101e-05,7.29599798677369e-05,7.8261584382101e-05,1066.0537015281,0.08297851655538174,0.010967095573380384,-0.7079114885321971,1.4050662299912013,0.06848503975586788
1736034840.0,7.8261584382101e-05,8.21447439777904e-05,7.5037931223904e-05,7.58998592728704e-05,2885.06345475319,0.2223827736104755,-0.03017732298518017,1.6800042088249698,1.420475725622444,0.09080844465387268
1736034900.0,7.58998592728704e-05,8.00589034297397e-05,7.10378106824502e-05,7.9189931585985e-05,2601.0036344314,0.20169455484354432,0.04334754167707144,-0.09302977218536077,1.3776095708577274,0.11885519727852764
1736034960.0,7.9189931585985e-05,8.09693026514793e-05,7.9189931585985e-05,8.09693026514793e-05,158.03068022694,0.012655036365586151,0.022469662870743024,-0.9372564302719886,1.4373255591452152,0.022469662870743024
1736035020.0,8.09693026514793e-05,8.28550270010939e-05,8.09693026514793e-05,8.24183068709182e-05,336.7046447883,0.027506683513524154,0.017895723094910856,1.1735760150263392,1.4696217798947104,0.023289373723909088
1736035080.0,8.24183068709182e-05,8.5389916568072e-05,8.24183068709182e-05,8.5389916568072e-05,545.9302906369,0.045805796096654895,0.036055214065582236,0.6652605929076711,1.4959217243219562,0.036055214065582236
1736035140.0,8.5389916568072e-05,9.14177370029059e-05,8.39385782413843e-05,9.04033904001409e-05,1937.01256790717,0.1702569224756957,0.05871271496175078,2.7169296679493633,1.5498575023177392,0.08758831325897
1736035200.0,9.04033904001409e-05,9.33286449608457e-05,8.93296948293196e-05,9.21342750867619e-05,741.54516311961,0.06767996146447908,0.01914623642940623,-0.602483349984548,1.6408538440826517,0.044234515031195944
1736035260.0,9.21342750867619e-05,0.000101833672127,9.21342750867619e-05,0.000101833672127,1861.1947831221,0.18050606572357827,0.10527457920631893,1.6670533170784156,1.6722700197275582,0.10527457920631893
1736035320.0,0.000101833672127,0.0001027400928812,8.33105385051796e-05,8.48361481360346e-05,2415.41256561938,0.2254423147426225,-0.16691457389229017,0.2489459223373595,1.8483175423737195,0.1907969532100265
1736035380.0,8.48361481360346e-05,9.365248455915e-05,8.48361481360346e-05,9.16113324168561e-05,1265.12796966765,0.11161432141242539,0.07986199785918496,-0.5049096193860034,1.5398064073707651,0.10392193206342197
1736035440.0,9.16113324168561e-05,9.16113324168561e-05,8.67027490909091e-05,8.79519290126308e-05,770.6158518284,0.06918714783178487,-0.03994487698938848,-0.38012302582450985,1.6627784233797684,0.053580525426828486
1736035500.0,8.79519290126308e-05,8.82584221732646e-05,8.76182072727273e-05,8.76190677092827e-05,79.83161812224,0.0070080583818224245,-0.0037845821812539037,-0.8987086677013892,1.5963589437972543,0.0072791456392657305
1736035560.0,8.76190677092827e-05,9.3940723435536e-05,8.76190677092827e-05,9.32284663636364e-05,768.18755621272,0.06946241262328616,0.06402029604977663,8.91179137483479,1.5903173921836737,0.07214931511515692
1736035620.0,9.32284663636364e-05,9.42648973434037e-05,9.31694236363636e-05,9.42648973434037e-05,189.4184622186,0.017757352314790104,0.011117108541984578,-0.7443602713442574,1.6921299824443814,0.011750420764911304
1736035680.0,9.42648973434037e-05,9.45420597053267e-05,8.91444490865831e-05,8.91444490865831e-05,939.87833586605,0.08619123565244792,-0.054319777574964985,3.8538337317697535,1.7109415751263621,0.05726002754854009
1736035740.0,8.91444490865831e-05,8.91444490865831e-05,7.46900262045332e-05,7.50198982164821e-05,1348.54315077297,0.11069135307833185,-0.15844565774793543,0.284253001368685,1.6180036093217378,0.16214607897807287
1736035800.0,7.50198982164821e-05,7.52717023733415e-05,7.33537575171424e-05,7.39620295397532e-05,355.32027627764,0.026468149865360464,-0.014101174513410366,-0.7608833108523843,1.3616379632042215,0.025565815227642143
1736035860.0,7.39620295397532e-05,7.39620295397532e-05,7.10577698761295e-05,7.10577698761295e-05,346.79752665435,0.025146253876669036,-0.039266900620442254,-0.049942893455557545,1.3424372686609942,0.039266900620442254
1736035920.0,7.10577698761295e-05,7.33762845284636e-05,6.46675090397501e-05,6.46675090397501e-05,1232.80951240974,0.08366170746098074,-0.08993050088004646,2.32700480442548,1.2897239178433049,0.12255908824460653
1736035980.0,6.46675090397501e-05,6.46675090397501e-05,3.47322059757254e-05,3.47416169976797e-05,4153.78933790785,0.20646228391250673,-0.4627654982608875,1.4678229763455324,1.1737383999146807,0.46291102763249997
1736036040.0,3.47416169976797e-05,3.81015541336896e-05,3.30130971868517e-05,3.78274452121325e-05,1322.31263402072,0.04797949389953513,0.08882223917956665,-0.7676113380598484,0.6305727644502266,0.14646574876401808
1736036100.0,3.78274452121325e-05,5.23328089204645e-05,3.78274452121325e-05,5.11666283469398e-05,2467.10829291768,0.10977900844905666,0.35263240908822946,1.2880401506302737,0.6865816493543452,0.38346136322417174
1736036160.0,5.11666283469398e-05,5.11666283469398e-05,3.76704532130218e-05,3.76704532130218e-05,1877.49880541963,0.08339575725289707,-0.2637690926673143,-0.24033056564181704,0.928692590401938,0.2637690926673143
1736036220.0,3.76704532130218e-05,4.51851545580888e-05,3.76704532130218e-05,4.27099062675474e-05,1653.90576417573,0.06647076993571534,0.1337773407192131,-0.20294782222381913,0.683732188464761,0.199485291630878
1736036280.0,4.27099062675474e-05,4.47743285285285e-05,4.27099062675474e-05,4.44757895495496e-05,768.28447583926,0.03349170830575976,0.041345988233741124,-0.496143818731903,0.7752000624017046,0.04833591176831334
1736036340.0,4.44757895495496e-05,4.44798875675676e-05,4.03755762162162e-05,4.06665652417381e-05,795.89994041509,0.03388239755259317,-0.08564714300502112,0.011665252881896694,0.8072514750605608,0.09228192220801086
1736036400.0,4.06665652417381e-05,4.13771486799011e-05,4.01336216640186e-05,4.01336216640186e-05,505.99993731222,0.020442444754564276,-0.013105202629026402,-0.3966647512817543,0.7381126925350348,0.030578609442191297
1736036460.0,4.01336216640186e-05,4.01336216640186e-05,3.86424380593328e-05,3.86424380593328e-05,471.49481962812,0.01857125203513779,-0.03715547072151491,-0.09153468393298204,0.7284395761363068,0.03715547072151491
1736036520.0,3.86424380593328e-05,3.87516810602747e-05,3.55417111111111e-05,3.65565740226585e-05,1670.18807427783,0.06279824658840816,-0.05397858265235744,2.381476190705428,0.7013740607927815,0.08306851509304128
1736036580.0,3.65565740226585e-05,3.7968e-05,3.58908088888889e-05,3.77188977777778e-05,609.66410837117,0.022641544644530488,0.03179520472566348,-0.6394557830105108,0.6635148830820589,0.05682127405657918
1736036640.0,3.77188977777778e-05,3.86474410411134e-05,3.52356262345679e-05,3.52366803703704e-05,779.74354817707,0.028443320682273298,-0.06580832297994149,0.2562447098389263,0.6846114746281775,0.09045372499075455
1736036700.0,3.52366803703704e-05,3.52366803703704e-05,3.01202163840326e-05,3.01202163840326e-05,912.4486376917,0.029817405703656052,-0.14520278109512558,0.04830958511251197,0.6395583415900724,0.14520278109512558
1736036760.0,3.01202163840326e-05,3.01202163840326e-05,2.92226362089722e-05,2.96473091417395e-05,606.44151127041,0.018122754252371018,-0.015700658861926314,-0.39220888522340824,0.5466926917186076,0.029799924529633454
1736036820.0,2.96473091417395e-05,2.96473091417395e-05,2.93197784469755e-05,2.93224138259293e-05,126.86916776386,0.003740719838086761,-0.010958678045853104,-0.7935898823106671,0.5381092562636255,0.011047569045747828
1736036880.0,2.93224138259293e-05,2.93224138259293e-05,2.89095526895371e-05,2.89095526895371e-05,71.84669844186,0.0020918872689566015,-0.014080052851144009,-0.44077948643528353,0.5322122901707389,0.014080052851144009
1736036940.0,2.89095526895371e-05,2.90247413366419e-05,2.88788792679039e-05,2.88788792679039e-05,4.84593998109,0.0001400196364335312,-0.0010610133599300276,-0.933065400554127,0.5247187129971066,0.005045462664345962
1736037000.0,2.88788792679039e-05,3.26854816529819e-05,2.87765147454051e-05,3.26854816529819e-05,749.52911975882,0.023072140624772915,0.1318126770005467,163.77789267597123,0.5241619794324114,0.13535729248057213
1736037060.0,3.26854816529819e-05,3.2796397623254e-05,2.78892208455602e-05,2.78892208455602e-05,1237.93040842618,0.03749363310215729,-0.14673979286409372,0.6250608780487318,0.593253173123303,0.1501332251974362
1736037120.0,2.78892208455602e-05,2.78892208455602e-05,2.56227129183757e-05,2.56227129183757e-05,342.40968159796,0.009161502100900209,-0.08126824122249775,-0.7556517909070519,0.5061993253832231,0.08126824122249775
1736037180.0,2.56227129183757e-05,2.59382868938373e-05,2.55613481914334e-05,2.59382868938373e-05,81.96826986289,0.002113182973503948,0.012316181212617905,-0.7693409934058405,0.46506139650131373,0.014711116016664043
1736037240.0,2.59382868938373e-05,2.901186405595e-05,2.55949688053938e-05,2.87745509788519e-05,804.4656370357,0.022007298986641943,0.1093466232609398,9.41428937417133,0.47078917693561706,0.13173172401636216
1736037300.0,2.87745509788519e-05,2.88438409120451e-05,2.87231808376714e-05,2.88438409120451e-05,8.64696493122,0.00024911210703693857,0.0024080283040428417,-0.9886804779092544,0.5222683837013239,0.004193291303220751
1736037360.0,2.88438409120451e-05,3.27633906305605e-05,2.88438409120451e-05,3.25148424549221e-05,1335.07723098708,0.04095929054329178,0.12727159167432525,163.42111557917298,0.5235260207515834,0.13588861935785432
1736037420.0,3.25148424549221e-05,3.26607842735785e-05,3.0967745312153e-05,3.11472185955755e-05,285.79626756057,0.009097189716722678,-0.04206152501715636,-0.7778967946940527,0.5901560106955632,0.05206972673395837
1736037480.0,3.11472185955755e-05,3.11472185955755e-05,2.94510285564041e-05,3.00031597947248e-05,342.0865519339,0.010459361046495549,-0.03673068904499913,0.14973539875384748,0.5653331488876666,0.054457191224526934
1736037540.0,3.00031597947248e-05,3.00031597947248e-05,2.93222089327579e-05,2.93360450447376e-05,6.0613317722,0.00017983730381525872,-0.02223481641771924,-0.9828060908294668,0.5445680727890435,0.022695971578521046
1736037600.0,2.93360450447376e-05,2.93360450447376e-05,2.87863000980032e-05,2.88428665193699e-05,133.5818462267,0.0038858232090966936,-0.016811350153560143,20.607436981420047,0.532459701663628,0.018739572628008863
1736037660.0,2.88428665193699e-05,2.88428665193699e-05,2.78054834849961e-05,2.78054834849961e-05,227.069171235,0.006431546943660799,-0.035966710648441605,0.6551311260390277,0.5235083351763006,0.035966710648441605
1736037720.0,2.78054834849961e-05,2.78054834849961e-05,2.75676523148856e-05,2.75676523148856e-05,9.57128372129,0.00026499599663909414,-0.008553390925168998,-0.9587974714387671,0.5046794623629672,0.008553390925168998
1736037780.0,2.75676523148856e-05,2.75676523148856e-05,2.72820297619929e-05,2.72820297619929e-05,76.11489455272,0.0020874388837659116,-0.01036078624433581,6.877246865011535,0.5003627416294726,0.01036078624433581
1736037840.0,2.72820297619929e-05,2.72820297619929e-05,2.60120436352891e-05,2.60120436352891e-05,218.11721177538,0.005812177346783801,-0.046550280084843326,1.7843580916238155,0.4951785902188198,0.046550280084843326
1736037900.0,2.60120436352891e-05,2.76209836437443e-05,2.60120436352891e-05,2.76209836437443e-05,308.50986700754,0.008273159056533178,0.061853656368330935,0.42341820679494124,0.4721278881521159,0.061853656368330935
1736037960.0,2.76209836437443e-05,2.76389584738508e-05,2.74922076333685e-05,2.76389584738508e-05,57.73254775562,0.001595148623638428,0.0006507671970824325,-0.8071899001653104,0.5013307243077827,0.005313020071084106
1736038020.0,2.76389584738508e-05,2.80262743157331e-05,2.76389584738508e-05,2.80262743157331e-05,123.97172918265,0.0034504575821397323,0.014013402214440956,1.1630947304894186,0.5016569738980518,0.014013402214440956
1736038080.0,2.80262743157331e-05,3.17981938932312e-05,2.80262743157331e-05,3.11335581417774e-05,885.54266432124,0.026194277827611006,0.11087038509074902,6.591537413239883,0.5086868948469645,0.13458512305292952
1736038140.0,3.11335581417774e-05,3.14093379307982e-05,3.04097689439935e-05,3.14093379307982e-05,347.78199820463,0.010875646684812425,0.008857959240153179,-0.5848083021648124,0.5650852067692648,0.03210583840924381
1736038200.0,3.14093379307982e-05,3.18574358963495e-05,3.12092656870478e-05,3.12362123462383e-05,261.26139500786,0.008183431928206796,-0.005511914480379575,-0.2475452572733207,0.5700907084980404,0.020636226421892938
1736038260.0,3.12362123462383e-05,3.19442889832204e-05,3.12362123462383e-05,3.19442889832204e-05,214.5231956362,0.006776841523546332,0.022668453816788458,-0.17188270361389624,0.5669484172667403,0.022668453816788458
1736038320.0,3.19442889832204e-05,3.27136931994551e-05,3.19442889832204e-05,3.27136931994551e-05,39.19505199902,0.0012671364869008374,0.024085814420187972,-0.8130196076596841,0.5798002612800527,0.024085814420187972
1736038380.0,3.27136931994551e-05,3.28616015053612e-05,3.22117621250864e-05,3.2409585268219e-05,808.12538941998,0.026313887385997464,-0.009296043995459576,19.766419133234788,0.5937652227740204,0.019864445640934966
1736038440.0,3.2409585268219e-05,3.2409585268219e-05,3.20135509978541e-05,3.23780096384232e-05,128.72768823,0.004169978659156887,-0.0009742682460909544,-0.8415293567997909,0.5882455551401393,0.012219664864186158
1736038500.0,3.23780096384232e-05,3.63248965491256e-05,3.23780096384232e-05,3.49314886300845e-05,1584.02485332783,0.05330995906117137,0.07886460657022826,11.784228270355207,0.5876724461748621,0.12190023274372638
1736038560.0,3.49314886300845e-05,3.49314886300845e-05,3.41842779606432e-05,3.41842779606432e-05,243.44990419704,0.00841311337750882,-0.021390747968232062,-0.8421849589519463,0.6340190024346063,0.021390747968232062
1736038620.0,3.41842779606432e-05,3.41842779606432e-05,3.29631669610691e-05,3.29631669610691e-05,244.14096818394,0.008196721107132314,-0.03572142143765574,-0.025720831357746474,0.6204568617464578,0.03572142143765574
1736038680.0,3.29631669610691e-05,3.41431806529254e-05,3.29631669610691e-05,3.35197888219032e-05,529.10966550104,0.017588387247924456,0.01688617666777875,1.1457832977408557,0.5982932607041272,0.03579794663692201
1736038740.0,3.35197888219032e-05,3.36992505773579e-05,3.34122146469228e-05,3.34122146469228e-05,29.19701773039,0.0009771074460049188,-0.0032092736488275827,-0.9444458760071807,0.6083961464035185,0.008563178364880936
1736038800.0,3.34122146469228e-05,3.36442625782895e-05,3.34122146469228e-05,3.36442625782895e-05,18.299173575,0.0006135390580360972,0.006945003012186504,-0.3720863958772774,0.6064436366828174,0.006945003012186504
1736038860.0,3.36442625782895e-05,3.37753274924048e-05,3.36442625782895e-05,3.37753274924048e-05,28.6058695273,0.000964297998573166,0.0038956096544043037,0.5716978176741149,0.6106553895663009,0.0038956096544043037
1736038920.0,3.37753274924048e-05,3.39892464753421e-05,3.37753274924048e-05,3.39892464753421e-05,54.26,0.001838452891744973,0.006333587231253509,0.9065194519383631,0.6130342645974095,0.006333587231253509
1736038980.0,3.39892464753421e-05,3.42137923291266e-05,3.39892464753421e-05,3.4157491429153e-05,73.43239224056,0.002502088993858761,0.004949946564215683,0.36097530978011394,0.6169169705879844,0.0066063792837360484
1736039040.0,3.4157491429153e-05,3.4157491429153e-05,3.4157491429153e-05,3.4157491429153e-05,0.0,0.0,0.0,-1.0,0.6199706766269528,0.0
1736039100.0,3.4157491429153e-05,3.42199592232725e-05,3.4157491429153e-05,3.42199592232725e-05,0.139468938,4.7682652128205955e-06,0.0018288167984779507,inf,0.6199706766269528,0.0018288167984779507
1736039160.0,3.42199592232725e-05,3.42199592232725e-05,3.27425680935157e-05,3.27425680935157e-05,226.4556760897,0.0075820221980991385,-0.043173374933540086,1589.1007724388105,0.6211044894149319,0.043173374933540086
1736039220.0,3.27425680935157e-05,3.27425680935157e-05,3.18624316975581e-05,3.18624316975581e-05,296.4347117334,0.009575582244801664,-0.026880493718264703,0.2629324993538431,0.5942893124205161,0.026880493718264703
1736039280.0,3.18624316975581e-05,3.18624316975581e-05,3.08034006080921e-05,3.08034006080921e-05,74.737025636,0.0023417289577643283,-0.0332376103468325,-0.7554478779569156,0.5783145222911645,0.0332376103468325
1736039340.0,3.08034006080921e-05,3.08034006080921e-05,3.05852410521138e-05,3.05852410521138e-05,1.64702636922,5.055435579247828e-05,-0.00708232051239777,-0.9784115255419042,0.5590927295413363,0.00708232051239777
1736039400.0,3.05852410521138e-05,3.05852410521138e-05,3.04559471084643e-05,3.04559471084643e-05,38.57731967115,0.001177402714388719,-0.004227331196415956,22.289837165008414,0.5551330556345732,0.004227331196415956
1736039460.0,3.04559471084643e-05,3.29332931462052e-05,3.04559471084643e-05,3.29332931462052e-05,472.98893059661,0.014991204479693853,0.08134194707254386,11.73243580678931,0.5527863243503275,0.08134194707254386
1736039520.0,3.29332931462052e-05,3.29332931462052e-05,3.24395576133308e-05,3.24395576133308e-05,110.69392365999,0.003618188675705998,-0.014991987915769348,-0.758645899293351,0.5977510402880578,0.014991987915769348
1736039580.0,3.24395576133308e-05,3.32830743352059e-05,3.24395576133308e-05,3.32830743352059e-05,275.2473877696,0.009044991380588792,0.026002719640309185,1.499867251622496,0.5887895639154207,0.026002719640309185
1736039640.0,3.32830743352059e-05,3.59681634697839e-05,3.32830743352059e-05,3.59681634697839e-05,519.78754985369,0.017997965611495442,0.08067431234072593,0.9898267288701218,0.6040996938730533,0.08067431234072593
1736039700.0,3.59681634697839e-05,4.20290584701007e-05,3.59681634697839e-05,4.20290584701007e-05,1177.32410345204,0.04591400469606221,0.16850721348084496,1.5510663642304423,0.6528350212615049,0.16850721348084496
1736039760.0,4.20290584701007e-05,4.20290584701007e-05,3.88179520835706e-05,3.88179520835706e-05,364.51272131003,0.014734881913349719,-0.07640205380319127,-0.6790765255418147,0.7628424315569894,0.07640205380319127
1736039820.0,3.88179520835706e-05,3.88179520835706e-05,3.48341466532652e-05,3.48341466532652e-05,528.43312110609,0.019460104205760023,-0.10262791354187671,0.3206827391082978,0.704559703057815,0.10262791354187671
1736039880.0,3.48341466532652e-05,3.7114185564661e-05,3.48341466532652e-05,3.7114185564661e-05,406.46765804912,0.014622335048580255,0.0654541342462333,-0.24859934489702423,0.6322522107673072,0.0654541342462333
1736039940.0,3.7114185564661e-05,3.73462306200503e-05,3.69287441410671e-05,3.73462306200503e-05,121.47921241272,0.004522696357021039,0.006252193113197407,-0.6906994442409411,0.6736357318483484,0.011248703767346576
1736040000.0,3.73462306200503e-05,3.74641984891032e-05,3.71653277614869e-05,3.71653277614869e-05,54.33396982972,0.0020242543825339313,-0.004843938881111162,-0.552423107204295,0.6778474325318142,0.008002701280804596
1736040060.0,3.71653277614869e-05,3.71653277614869e-05,3.71342868228986e-05,3.71342868228986e-05,1.01107548612,3.7561259467218105e-05,-0.0008352122921531427,-0.9814443976057002,0.674563980997912,0.0008352122921531427
1736040120.0,3.71342868228986e-05,3.71342868228986e-05,3.71342868228986e-05,3.71342868228986e-05,0.0,0.0,0.0,-1.0,0.6740005768691388,0.0
1736040180.0,3.71342868228986e-05,3.86061841552413e-05,3.71077039356902e-05,3.86061841552413e-05,441.65699749668,0.01672565450059485,0.03963715095330871,inf,0.6740005768691388,0.040353009247159496
1736040240.0,3.86061841552413e-05,3.97908266119962e-05,3.86061841552413e-05,3.97849263301553e-05,1.85226786185,7.260066730341634e-05,0.030532470398371973,-0.9956593227905769,0.700716039477118,0.030685302955383464
1736040300.0,3.97849263301553e-05,4.05406702680495e-05,3.93341031314457e-05,4.05406702680495e-05,394.75512706032,0.015854470545660172,0.018995735511049012,217.37912975924002,0.7221106312101175,0.030327243202390303
1736040360.0,4.05406702680495e-05,4.13686047654434e-05,4.05406702680495e-05,4.13686047654434e-05,0.544750394,2.2310054923374813e-05,0.02042231891874771,-0.9985928224560306,0.7358276537703016,0.02042231891874771
1736040420.0,4.13686047654434e-05,4.32057442514356e-05,4.1323683510868e-05,4.32057442514356e-05,522.649190901,0.022101357542325298,0.04440902700027297,989.6455908886688,0.7508549607848326,0.045494904922192284
1736040480.0,4.32057442514356e-05,5.19792315308993e-05,4.32057442514356e-05,5.19792315308993e-05,1179.75483194511,0.05614746755389394,0.20306298228324557,1.540453338505044,0.7841996990116151,0.20306298228324557
1736040540.0,5.19792315308993e-05,5.69242784926944e-05,5.19792315308993e-05,5.56701992404723e-05,1245.45141043411,0.06703606769331692,0.07100850860749805,0.1939286064678057,0.9434416285985372,0.09513505329249607
1736040600.0,5.56701992404723e-05,5.74958388949154e-05,5.56701992404723e-05,5.74958388949154e-05,240.26486941329,0.01359491168730916,0.03279384085832149,-0.7972000423786121,1.0104340116035484,0.03279384085832149
1736040660.0,5.74958388949154e-05,5.79940547455449e-05,5.58282589594378e-05,5.58282589594378e-05,486.976858848,0.027593106602448146,-0.02900348907901701,1.0296642771285003,1.0435700237779106,0.03766873964680303
1736040720.0,5.58282589594378e-05,5.58282589594378e-05,5.17632775761392e-05,5.17632775761392e-05,799.87900518246,0.04303010560506481,-0.07281225420717538,0.5594512870561318,1.0133028519900784,0.07281225420717538
1736040780.0,5.17632775761392e-05,5.17632775761392e-05,4.80257521872919e-05,4.80257521872919e-05,457.96675567578,0.02285002910639619,-0.07220418728991279,-0.46897576045672884,0.939521987142121,0.07220418728991279
1736040840.0,4.80257521872919e-05,4.80257521872919e-05,4.61048962448048e-05,4.61048962448048e-05,63.04411526608,0.002967191724911978,-0.03999637392447493,-0.8701449476893051,0.8716845656195202,0.03999637392447493
1736040900.0,4.61048962448048e-05,4.88647603638444e-05,4.46933486203463e-05,4.80772218049382e-05,887.90020414663,0.041812160921664406,0.04277909117636597,13.091492831628452,0.8368203437888084,0.09047654551371305
1736040960.0,4.80772218049382e-05,4.86119455978574e-05,4.72318130623535e-05,4.72318130623535e-05,322.1551324554,0.015352147375934348,-0.01758439258438726,-0.6328305680087478,0.8726187575739878,0.028706578368930175
1736041020.0,4.72318130623535e-05,4.72318130623535e-05,4.68288936240943e-05,4.70467382891095e-05,94.39034520333,0.004449492503667233,-0.003918434657582962,-0.7101713268697414,0.8572742867643065,0.008530679051580923
1736041080.0,4.70467382891095e-05,5.59402740283167e-05,4.70467382891095e-05,5.37020694781669e-05,4769.39482227373,0.2402554210577497,0.14146211684557944,52.99614020244629,0.8539151134879945,0.18903618109623335
1736041140.0,5.37020694781669e-05,5.38791613296325e-05,5.31313278035835e-05,5.32498388388672e-05,151.23071192144,0.008087206618070823,-0.008421102644536984,-0.966339129487834,0.9747117530484395,0.013925599763953873
1736041200.0,5.32498388388672e-05,5.33119001920263e-05,5.10870948766293e-05,5.10870948766293e-05,662.57989498784,0.03456577729228345,-0.040615033010378034,3.274130602159514,0.9665036053271819,0.041780507958516275
1736041260.0,5.10870948766293e-05,5.10870948766293e-05,5.10870948766293e-05,5.10870948766293e-05,0.0,0.0,0.0,-1.0,0.9272490294921691,0.0
1736041320.0,5.10870948766293e-05,5.10870948766293e-05,5.01708393926604e-05,5.01708393926604e-05,195.28594933386,0.009887125910681917,-0.017935165156319238,inf,0.9272490294921691,0.017935165156319238
1736041380.0,5.01708393926604e-05,5.01708393926604e-05,5.01708393926604e-05,5.01708393926604e-05,0.0,0.0,0.0,-1.0,0.9106186650071904,0.0
1736041440.0,5.01708393926604e-05,5.03055546604735e-05,5.01708393926604e-05,5.03055546604735e-05,15.08855011542,0.0007580215535436995,0.002685130833844648,inf,0.9106186650071904,0.002685130833844648
1736041500.0,5.03055546604735e-05,5.03055546604735e-05,5.03055546604735e-05,5.03055546604735e-05,0.0,0.0,0.0,-1.0,0.9130637952624756,0.0
1736041560.0,5.03055546604735e-05,5.11483534153553e-05,5.03055546604735e-05,5.11483534153553e-05,215.93,0.010953471185406856,0.01675359233329377,inf,0.9130637952624756,0.01675359233329377
1736041620.0,5.11483534153553e-05,5.21950500145561e-05,4.55125138399995e-05,4.55125138399995e-05,1237.87673647326,0.05982711945136681,-0.1101861389278635,4.461932426596746,0.9283608938625931,0.13065007431012288
1736041680.0,4.55125138399995e-05,4.55125138399995e-05,4.19221202391082e-05,4.19221202391082e-05,617.426206971,0.026992217238680404,-0.0788880529322864,-0.548829736644395,0.8260683914362539,0.0788880529322864
1736041740.0,4.19221202391082e-05,4.19221202391082e-05,4.04687275209371e-05,4.04687275209371e-05,107.88,0.004444162328176843,-0.0346688743289101,-0.8353539359557217,0.760901464446942,0.0346688743289101
1736041800.0,4.04687275209371e-05,4.04687275209371e-05,4.04687275209371e-05,4.04687275209371e-05,0.0,0.0,0.0,-1.0,0.7345218671993473,0.0
1736041860.0,4.04687275209371e-05,4.04687275209371e-05,3.86645290441784e-05,3.86645290441784e-05,435.55126041432,0.01723329481881291,-0.04458253538674455,inf,0.7345218671993473,0.04458253538674455
1736041920.0,3.86645290441784e-05,3.94163925533434e-05,3.86645290441784e-05,3.94163925533434e-05,448.2527350878,0.01749999333213261,0.019445820956616636,0.01547577036914367,0.7017750200625947,0.019445820956616636
1736041980.0,3.94163925533434e-05,4.06577650972097e-05,3.92149425916162e-05,3.92149425916162e-05,447.55676944698,0.01759599316739045,-0.00511081681192849,0.005485706962045973,0.715421611454558,0.036604631020986746
1736042040.0,3.92149425916162e-05,3.92149425916162e-05,3.77826024846261e-05,3.77826024846261e-05,11.86582092852,0.0004568195409051689,-0.036525365392127876,-0.9740384338320974,0.7117652226551191,0.036525365392127876
1736042100.0,3.77826024846261e-05,3.77826024846261e-05,3.76570908019884e-05,3.76570908019884e-05,25.12668762737,0.000947774803958682,-0.003321943814981199,1.0747247415920644,0.6857677378242316,0.003321943814981199
1736042160.0,3.76570908019884e-05,3.76570908019884e-05,3.76570908019884e-05,3.76570908019884e-05,0.0,0.0,0.0,-1.0,0.6834896559290528,0.0
1736042220.0,3.76570908019884e-05,3.76570908019884e-05,3.76570908019884e-05,3.76570908019884e-05,0.0,0.0,0.0,0.0,0.6834896559290528,0.0
1736042280.0,3.76570908019884e-05,3.76570908019884e-05,3.75730017565024e-05,3.75730017565024e-05,5.8727764788,0.00022090475903772583,-0.0022330202279343134,inf,0.6834896559290528,0.0022330202279343134
1736042340.0,3.75730017565024e-05,3.75730017565024e-05,3.75730017565024e-05,3.75730017565024e-05,0.0,0.0,0.0,-1.0,0.6819634097017793,0.0
1736042400.0,3.75730017565024e-05,4.13638539519488e-05,3.75730017565024e-05,4.11438977840639e-05,752.39356369977,0.02961304428436173,0.09503888059578616,inf,0.6819634097017793,0.10089298214748985
1736042460.0,4.11438977840639e-05,4.13832319327602e-05,3.98234145102119e-05,3.98234145102119e-05,353.73179262629,0.014320356260993412,-0.032094267800836615,-0.516417288155821,0.7467764487671219,0.037911270116767044
1736042520.0,3.98234145102119e-05,4.00877568843644e-05,3.98234145102119e-05,4.00877568843644e-05,22.46206619592,0.0008974850108292407,0.006637863111529804,-0.9373280249127698,0.7228092054330322,0.006637863111529804
1736042580.0,4.00877568843644e-05,4.00877568843644e-05,4.00877568843644e-05,4.00877568843644e-05,0.0,0.0,0.0,-1.0,0.7276071139944502,0.0
1736042640.0,4.00877568843644e-05,4.03106721509895e-05,3.99522568397053e-05,4.03106721509895e-05,51.92164049874,0.0020872091645185525,0.00556068196252825,inf,0.7276071139944502,0.008940767434757536
1736042700.0,4.03106721509895e-05,4.11154824341117e-05,4.02604846414162e-05,4.11154824341117e-05,105.79727485716,0.004307332628600776,0.01996519135447957,1.0636803928533582,0.7316531057490464,0.021210209283858535
1736042760.0,4.11154824341117e-05,4.13317271181138e-05,4.11154824341117e-05,4.13317271181138e-05,67.49508159495,0.0027823905680017004,0.005259446592865344,-0.35403396767489687,0.7462607000104254,0.005259446592865344
1736042820.0,4.13317271181138e-05,4.8812977002237e-05,4.13317271181138e-05,4.8812977002237e-05,1196.59150599956,0.05393319363062765,0.1810050149306369,18.383760946746673,0.7501856183064846,0.1810050149306369
1736042880.0,4.8812977002237e-05,4.8812977002237e-05,4.8812977002237e-05,4.8812977002237e-05,0.0,0.0,0.0,-1.0,0.8859729773487989,0.0
1736042940.0,4.8812977002237e-05,4.8812977002237e-05,4.8812977002237e-05,4.8812977002237e-05,0.0,0.0,0.0,0.0,0.8859729773487989,0.0
1736043000.0,4.8812977002237e-05,4.90598119497557e-05,4.8812977002237e-05,4.90598119497557e-05,52.53704612867,0.002570973613956212,0.005056748485292932,inf,0.8859729773487989,0.005056748485292932
1736043060.0,4.90598119497557e-05,5.37862577599239e-05,4.90598119497557e-05,5.37862577599239e-05,664.46534711886,0.03416882470472636,0.09634047955603177,12.29022768621394,0.8904531198600178,0.09634047955603177
1736043120.0,5.37862577599239e-05,5.46167854785135e-05,4.99847427495479e-05,5.04968105656255e-05,883.65511317099,0.046075133271515724,-0.061157762805899525,0.3484553147402356,0.9762398004494967,0.08611944615371486
1736043180.0,5.04968105656255e-05,5.04968105656255e-05,5.04968105656255e-05,5.04968105656255e-05,0.0,0.0,0.0,-1.0,0.9165351582919277,0.0
1736043240.0,5.04968105656255e-05,5.11271803925605e-05,5.04968105656255e-05,5.11271803925605e-05,64.779,0.0032915502551401654,0.012483359243367891,inf,0.9165351582919277,0.012483359243367891
1736043300.0,5.11271803925605e-05,5.13782097284713e-05,5.11271803925605e-05,5.13782097284713e-05,3.33162055793,0.00017075453251293215,0.004909899861157311,-0.9481233706681896,0.9279765959320628,0.004909899861157311
1736043360.0,5.13782097284713e-05,5.13782097284713e-05,5.13782097284713e-05,5.13782097284713e-05,0.0,0.0,0.0,-1.0,0.9325328680915869,0.0
1736043420.0,5.13782097284713e-05,5.13782097284713e-05,4.74030705824872e-05,4.74030705824872e-05,1168.63391684102,0.05771957726018308,-0.07737013739856469,inf,0.9325328680915869,0.07737013739856469
1736043480.0,4.74030705824872e-05,4.74030705824872e-05,4.03484110691841e-05,4.03484110691841e-05,658.16789055265,0.028877603785775034,-0.1488228384072109,-0.49969134985858976,0.8603826719586632,0.1488228384072109
1736043540.0,4.03484110691841e-05,4.03484110691841e-05,4.00370683406461e-05,4.00370683406461e-05,76.8970040877,0.0030907012693847185,-0.007716356612015,-0.892972377752922,0.7323380806013947,0.007716356612015
1736043600.0,4.00370683406461e-05,4.00370683406461e-05,3.80656542930063e-05,3.80656542930063e-05,527.04876212568,0.020581971641355914,-0.049239720322838874,5.659320926688354,0.7266870988109158,0.049239720322838874
1736043660.0,3.80656542930063e-05,3.80656542930063e-05,3.37756004243829e-05,3.37756004243829e-05,843.67069674173,0.03030518071110992,-0.1127014351467905,0.47241387944665597,0.6909052293032512,0.1127014351467905
1736043720.0,3.37756004243829e-05,3.48676980119205e-05,3.32143500257039e-05,3.38779889398078e-05,917.04321950098,0.03102063270066735,0.003031434353154567,0.02360824033282025,0.6130392184103524,0.04895095765708521
1736043780.0,3.38779889398078e-05,3.59616120272492e-05,3.38779889398078e-05,3.59616120272492e-05,343.27579790943,0.011987122373821345,0.06150374188808698,-0.6135758258224222,0.6148976065568725,0.06150374188808698
1736043840.0,3.59616120272492e-05,3.7405722812421e-05,3.59616120272492e-05,3.7405722812421e-05,214.45690103609,0.007867065633496415,0.04015700920407988,-0.34370690578105006,0.6527161102381489,0.04015700920407988
1736043900.0,3.7405722812421e-05,3.7405722812421e-05,3.70135792850445e-05,3.72786698553526e-05,85.86591576267,0.0032064218847986086,-0.003396618151332953,-0.5924246683355104,0.6789272370846334,0.010483516903094937
1736043960.0,3.72786698553526e-05,3.72786698553526e-05,3.72786698553526e-05,3.72786698553526e-05,0.0,0.0,0.0,-1.0,0.6766211805077175,0.0
1736044020.0,3.72786698553526e-05,4.07537422041063e-05,3.72786698553526e-05,4.07537422041063e-05,640.481655534,0.02498916423057675,0.09321878603065922,inf,0.6766211805077175,0.09321878603065922
1736044080.0,4.07537422041063e-05,4.08715663902305e-05,4.07537422041063e-05,4.08715663902305e-05,24.7840559055,0.0010115031057528665,0.002891125569134332,-0.9595223315025803,0.7396949855572784,0.002891125569134332
1736044140.0,4.08715663902305e-05,4.08715663902305e-05,4.08715663902305e-05,4.08715663902305e-05,0.0,0.0,0.0,-1.0,0.7418335366433835,0.0
1736044200.0,4.08715663902305e-05,4.08715663902305e-05,4.06302597352802e-05,4.08054257441629e-05,42.89245006654,0.0017516631533548246,-0.0016182557192966419,inf,0.7418335366433835,0.005904022680373207
1736044260.0,4.08054257441629e-05,4.08054257441629e-05,4.05936980868478e-05,4.05936980868478e-05,15.6305718744,0.0006361574277768992,-0.0051887133500962985,-0.6368266201418257,0.7406330602799442,0.0051887133500962985
1736044320.0,4.05936980868478e-05,4.05936980868478e-05,4.05032436211107e-05,4.05032436211107e-05,13.05841058379,0.000529498580956103,-0.0022282883797277104,-0.1676610885351504,0.736790127632547,0.0022282883797277104
1736044380.0,4.05032436211107e-05,4.05032436211107e-05,3.93372691338862e-05,3.93372691338862e-05,340.72774860212,0.013601939079124471,-0.028787187962812558,24.688339059499977,0.7351483467528453,0.028787187962812558
1736044440.0,3.93372691338862e-05,3.93372691338862e-05,3.80901481165584e-05,3.8117121025629e-05,64.09589069254,0.002482254062660816,-0.031017610910009215,-0.8175073386065633,0.7139854931143202,0.031703294224191346
1736044500.0,3.8117121025629e-05,3.8117121025629e-05,3.8117121025629e-05,3.8117121025629e-05,0.0,0.0,0.0,-1.0,0.6918393688935093,0.0
1736044560.0,3.8117121025629e-05,3.8117121025629e-05,3.79440610071741e-05,3.79440610071741e-05,14.995803024,0.0005702992517682616,-0.004540217461296177,inf,0.6918393688935093,0.004540217461296177
1736044620.0,3.79440610071741e-05,3.79440610071741e-05,3.79440610071741e-05,3.79440610071741e-05,0.0,0.0,0.0,-1.0,0.6886982677104468,0.0
1736044680.0,3.79440610071741e-05,3.79440610071741e-05,3.79440610071741e-05,3.79440610071741e-05,0.0,0.0,0.0,0.0,0.6886982677104468,0.0
1736044740.0,3.79440610071741e-05,3.79440610071741e-05,3.76608867086165e-05,3.76608867086165e-05,69.52275695082,0.0026281322021621816,-0.007462941262509018,inf,0.6886982677104468,0.007462941262509018
1736044800.0,3.76608867086165e-05,3.76608867086165e-05,3.74472471730073e-05,3.74472471730073e-05,20.40335510733,0.0007662289635178272,-0.005672716557688589,-0.7084511338937038,0.683558552990932,0.005672716557688589
1736044860.0,3.74472471730073e-05,3.74472471730073e-05,3.56225175854743e-05,3.56225175854743e-05,579.89283241122,0.02118631642470872,-0.04872800339909353,26.650111694343167,0.6796809190692307,0.04872800339909353
1736044920.0,3.56225175854743e-05,3.56225175854743e-05,3.56225175854743e-05,3.56225175854743e-05,0.0,0.0,0.0,-1.0,0.6465614249345263,0.0
1736044980.0,3.56225175854743e-05,3.56225175854743e-05,3.56225175854743e-05,3.56225175854743e-05,0.0,0.0,0.0,0.0,0.6465614249345263,0.0
1736045040.0,3.56225175854743e-05,3.56225175854743e-05,3.39213135553433e-05,3.39213135553433e-05,6.49117636992,0.00022571063668749096,-0.047756423336701444,inf,0.6465614249345263,0.047756423336701444
1736045100.0,3.39213135553433e-05,3.39213135553433e-05,3.39213135553433e-05,3.39213135553433e-05,0.0,0.0,0.0,-1.0,0.615683963812172,0.0
1736045160.0,3.39213135553433e-05,3.39213135553433e-05,3.39011258584074e-05,3.39011258584074e-05,5.707669374,0.00019355403015591772,-0.000595133113078348,inf,0.615683963812172,0.000595133113078348
1736045220.0,3.39011258584074e-05,3.73007729825516e-05,3.39011258584074e-05,3.71433169454564e-05,640.50739109916,0.022752245356198148,0.09563667886991252,116.54984041339797,0.6153175498981162,0.100281245476722
1736045280.0,3.71433169454564e-05,3.71433169454564e-05,3.71366724536052e-05,3.71366724536052e-05,2.02759440198,7.530484534233553e-05,-0.00017888795071678549,-0.9966902235729529,0.6741644768207437,0.00017888795071678549
1736045340.0,3.71366724536052e-05,3.74637006507243e-05,3.71366724536052e-05,3.74637006507243e-05,46.0806811137,0.0017188180019918249,0.008806071613649637,21.824799575353815,0.6740438769190391,0.008806071613649637
1736045400.0,3.74637006507243e-05,3.74637006507243e-05,3.74637006507243e-05,3.74637006507243e-05,0.0,0.0,0.0,-1.0,0.6799795555699302,0.0
1736045460.0,3.74637006507243e-05,3.74637006507243e-05,3.74033364631723e-05,3.74033364631723e-05,1.5771109302,5.9036811272007684e-05,-0.0016112713507610123,inf,0.6799795555699302,0.0016112713507610123
1736045520.0,3.74033364631723e-05,3.74033364631723e-05,3.71582387699331e-05,3.71724761073399e-05,99.12811949446,0.003696280029943093,-0.006172186164721015,61.60975059971921,0.6788839239929372,0.006552829678190001
1736045580.0,3.71724761073399e-05,3.71724761073399e-05,3.71724761073399e-05,3.71724761073399e-05,0.0,0.0,0.0,-1.0,0.6746937260298165,0.0
1736045640.0,3.71724761073399e-05,3.72743158809952e-05,3.71724761073399e-05,3.72743158809952e-05,10.842,0.0004035760593687646,0.0027396553665465133,inf,0.6746937260298165,0.0027396553665465133
1736045700.0,3.72743158809952e-05,3.73428200748299e-05,3.71220883990183e-05,3.71220883990183e-05,32.2795723658,0.0012007420578560044,-0.00408397789144981,1.9752559151652633,0.6765421543171093,0.005921816956113305
1736045760.0,3.71220883990183e-05,3.71220883990183e-05,3.71220883990183e-05,3.71220883990183e-05,0.0,0.0,0.0,-1.0,0.6737791711162444,0.0
1736045820.0,3.71220883990183e-05,3.71220883990183e-05,3.71220883990183e-05,3.71220883990183e-05,0.0,0.0,0.0,0.0,0.6737791711162444,0.0
1736045880.0,3.71220883990183e-05,3.71220883990183e-05,3.71220883990183e-05,3.71220883990183e-05,0.0,0.0,0.0,0.0,0.6737791711162444,0.0
1736045940.0,3.71220883990183e-05,3.72744130677509e-05,3.71220883990183e-05,3.72744130677509e-05,4.339,0.00016140320993215577,0.004103343192745295,inf,0.6737791711162444,0.004103343192745295
1736046000.0,3.72744130677509e-05,3.79490903510912e-05,3.72744130677509e-05,3.79490903510912e-05,215.105925,0.008090510642325346,0.0181002791945775,49.126082657997394,0.6765439182914579,0.0181002791945775
1736046060.0,3.79490903510912e-05,3.79490903510912e-05,3.79490903510912e-05,3.79490903510912e-05,0.0,0.0,0.0,-1.0,0.6887895520999266,0.0
1736046120.0,3.79490903510912e-05,3.79490903510912e-05,3.79490903510912e-05,3.79490903510912e-05,0.0,0.0,0.0,0.0,0.6887895520999266,0.0
1736046180.0,3.79490903510912e-05,3.79490903510912e-05,3.79490903510912e-05,3.79490903510912e-05,0.0,0.0,0.0,0.0,0.6887895520999266,0.0
1736046240.0,3.79490903510912e-05,3.79490903510912e-05,3.79490903510912e-05,3.79490903510912e-05,0.0,0.0,0.0,0.0,0.6887895520999266,0.0
1736046300.0,3.79490903510912e-05,3.79490903510912e-05,3.79490903510912e-05,3.79490903510912e-05,0.0,0.0,0.0,0.0,0.6887895520999266,0.0
1736046360.0,3.79490903510912e-05,3.94277965797425e-05,3.79490903510912e-05,3.94277965797425e-05,262.08072304246,0.010139495236803785,0.03896552499601052,inf,0.6887895520999266,0.03896552499601052
1736046420.0,3.94277965797425e-05,3.94277965797425e-05,3.94277965797425e-05,3.94277965797425e-05,0.0,0.0,0.0,-1.0,0.7156285986092672,0.0
1736046480.0,3.94277965797425e-05,3.94277965797425e-05,3.94277965797425e-05,3.94277965797425e-05,0.0,0.0,0.0,0.0,0.7156285986092672,0.0
1736046540.0,3.94277965797425e-05,3.94277965797425e-05,3.94277965797425e-05,3.94277965797425e-05,0.0,0.0,0.0,0.0,0.7156285986092672,0.0
1736046600.0,3.94277965797425e-05,4.03155656476568e-05,3.94277965797425e-05,4.03155656476568e-05,21.4907625,0.0008568728292902547,0.022516324647226763,inf,0.7156285986092672,0.022516324647226763
1736046660.0,4.03155656476568e-05,4.03155656476568e-05,4.03155656476568e-05,4.03155656476568e-05,0.0,0.0,0.0,-1.0,0.7317419244623934,0.0
1736046720.0,4.03155656476568e-05,4.04771417468949e-05,4.03155656476568e-05,4.04771417468949e-05,23.8475,0.0009633520447957859,0.0040077845031423875,inf,0.7317419244623934,0.0040077845031423875
1736046780.0,4.04771417468949e-05,4.06815318672272e-05,4.04660865616846e-05,4.06815318672272e-05,33.26551914186,0.0013498927053192731,0.005049519593314135,0.4012454871629273,0.7346745884075534,0.005322641279608813
1736046840.0,4.06815318672272e-05,4.06815318672272e-05,4.00988769781232e-05,4.00988769781232e-05,128.28427048008,0.005181427908904189,-0.014322343883352736,2.8383998139160926,0.7383843421364273,0.014322343883352736
1736046900.0,4.00988769781232e-05,4.00988769781232e-05,3.95629320153291e-05,3.95629320153291e-05,40.9096819191,0.0016294696335111168,-0.013365585352589637,-0.6855172623919166,0.7278089476702663,0.013365585352589637
1736046960.0,3.95629320153291e-05,3.95629320153291e-05,3.72070010450842e-05,3.72070010450842e-05,706.9330198566,0.027135600306293504,-0.05954894772035787,15.653026081758139,0.7180813550598009,0.05954894772035787
1736047020.0,3.72070010450842e-05,3.72070010450842e-05,3.72070010450842e-05,3.72070010450842e-05,0.0,0.0,0.0,-1.0,0.675320365988381,0.0
1736047080.0,3.72070010450842e-05,3.72070010450842e-05,3.72070010450842e-05,3.72070010450842e-05,0.0,0.0,0.0,0.0,0.675320365988381,0.0
1736047140.0,3.72070010450842e-05,3.72070010450842e-05,3.72070010450842e-05,3.72070010450842e-05,0.0,0.0,0.0,0.0,0.675320365988381,0.0
1736047200.0,3.72070010450842e-05,3.72070010450842e-05,3.50839621417644e-05,3.50839621417644e-05,3.1504946238,0.0001138761454347451,-0.05706019952393587,inf,0.675320365988381,0.05706019952393587
1736047260.0,3.50839621417644e-05,3.53415606011184e-05,3.50839621417644e-05,3.53415606011184e-05,29.894210835,0.001052657712520413,0.007342342301964585,8.24388254012006,0.6367864511625067,0.007342342301964585
1736047320.0,3.53415606011184e-05,3.53415606011184e-05,3.53415606011184e-05,3.53415606011184e-05,0.0,0.0,0.0,-1.0,0.641461955260195,0.0
1736047380.0,3.53415606011184e-05,3.53415606011184e-05,3.50930557816569e-05,3.50930557816569e-05,50.72475811215,0.0017863894393691773,-0.007031517998490404,inf,0.641461955260195,0.007031517998490404
1736047440.0,3.50930557816569e-05,3.50930557816569e-05,3.49152086380341e-05,3.49152086380341e-05,9.44446096874,0.0003305951604005005,-0.005067872821601286,-0.8149366800347618,0.6369515039764361,0.005067872821601286
1736047500.0,3.49152086380341e-05,3.49152086380341e-05,3.49152086380341e-05,3.49152086380341e-05,0.0,0.0,0.0,-1.0,0.6337235147607558,0.0
1736047560.0,3.49152086380341e-05,3.49152086380341e-05,3.49152086380341e-05,3.49152086380341e-05,0.0,0.0,0.0,0.0,0.6337235147607558,0.0
1736047620.0,3.49152086380341e-05,3.49152086380341e-05,3.49152086380341e-05,3.49152086380341e-05,0.0,0.0,0.0,0.0,0.6337235147607558,0.0
1736047680.0,3.49152086380341e-05,3.49152086380341e-05,3.49152086380341e-05,3.49152086380341e-05,0.0,0.0,0.0,0.0,0.6337235147607558,0.0
1736047740.0,3.49152086380341e-05,3.49152086380341e-05,3.49152086380341e-05,3.49152086380341e-05,0.0,0.0,0.0,0.0,0.6337235147607558,0.0
1736047800.0,3.49152086380341e-05,3.59999007223058e-05,3.49152086380341e-05,3.59999007223058e-05,311.78160459282,0.011055013293121042,0.031066464345572146,inf,0.6337235147607558,0.031066464345572146
1736047860.0,3.59999007223058e-05,3.60723253696667e-05,3.59999007223058e-05,3.60723253696667e-05,5.41084880545,0.00019498595922793583,0.002011801307996992,-0.9823622139514507,0.6534110637370215,0.002011801307996992
1736047920.0,3.60723253696667e-05,3.60723253696667e-05,3.60723253696667e-05,3.60723253696667e-05,0.0,0.0,0.0,-1.0,0.6547255969697073,0.0
1736047980.0,3.60723253696667e-05,3.60723253696667e-05,3.60723253696667e-05,3.60723253696667e-05,0.0,0.0,0.0,0.0,0.6547255969697073,0.0
1736048040.0,3.60723253696667e-05,3.60723253696667e-05,3.60723253696667e-05,3.60723253696667e-05,0.0,0.0,0.0,0.0,0.6547255969697073,0.0
1736048100.0,3.60723253696667e-05,3.60723253696667e-05,3.60723253696667e-05,3.60723253696667e-05,0.0,0.0,0.0,0.0,0.6547255969697073,0.0
1736048160.0,3.60723253696667e-05,3.60723253696667e-05,3.60723253696667e-05,3.60723253696667e-05,0.0,0.0,0.0,0.0,0.6547255969697073,0.0
1736048220.0,3.60723253696667e-05,3.80711148954532e-05,3.60723253696667e-05,3.80711148954532e-05,303.0387,0.011234165875734795,0.055410609249696124,inf,0.6547255969697073,0.055410609249696124
1736048280.0,3.80711148954532e-05,3.80711148954532e-05,3.80711148954532e-05,3.80711148954532e-05,0.0,0.0,0.0,-1.0,0.6910043411891699,0.0
1736048340.0,3.80711148954532e-05,3.80711148954532e-05,3.80711148954532e-05,3.80711148954532e-05,0.0,0.0,0.0,0.0,0.6910043411891699,0.0
1736048400.0,3.80711148954532e-05,3.80711148954532e-05,3.80711148954532e-05,3.80711148954532e-05,0.0,0.0,0.0,0.0,0.6910043411891699,0.0
1736048460.0,3.80711148954532e-05,3.9040521150352e-05,3.80711148954532e-05,3.84213733949647e-05,229.4415207888,0.008775276421136478,0.009200111435489614,inf,0.6910043411891699,0.025463038252514465
1736048520.0,3.84213733949647e-05,3.88873054359103e-05,3.84213733949647e-05,3.88873054359103e-05,1.34712862452,5.207236708844754e-05,0.012126897082930972,-0.9940660140388258,0.6973616581305173,0.012126897082930972
1736048580.0,3.88873054359103e-05,3.88873054359103e-05,3.88873054359103e-05,3.88873054359103e-05,0.0,0.0,0.0,-1.0,0.7058184911882481,0.0
1736048640.0,3.88873054359103e-05,3.88873054359103e-05,3.88873054359103e-05,3.88873054359103e-05,0.0,0.0,0.0,0.0,0.7058184911882481,0.0
1736048700.0,3.88873054359103e-05,3.88873054359103e-05,3.88873054359103e-05,3.88873054359103e-05,0.0,0.0,0.0,0.0,0.7058184911882481,0.0
1736048760.0,3.88873054359103e-05,3.9810713864233e-05,3.88873054359103e-05,3.9810713864233e-05,234.02745259134,0.009208748490398322,0.023745755021379926,inf,0.7058184911882481,0.023745755021379926
1736048820.0,3.9810713864233e-05,4.08584723705266e-05,3.9810713864233e-05,4.08584723705266e-05,93.16816591942,0.0037579000638523373,0.02631850586419488,-0.591920653738064,0.7225786841695643,0.02631850586419488
1736048880.0,4.08584723705266e-05,4.29508777208384e-05,4.08584723705266e-05,4.29508777208384e-05,386.90669021223,0.016213199126344044,0.05121105192912609,3.3144306263757852,0.7415958755062232,0.05121105192912609
1736048940.0,4.29508777208384e-05,4.59427983211183e-05,4.29508777208384e-05,4.59427983211183e-05,415.99533327639,0.01848967719561861,0.06965912593745004,0.14040893789897566,0.7795737803971982,0.06965912593745004
1736049000.0,4.59427983211183e-05,4.7248860943846e-05,4.59427983211183e-05,4.7248860943846e-05,208.5961779836,0.00971971197131075,0.028428016369376186,-0.47431683806713665,0.8338782085434205,0.028428016369376186
1736049060.0,4.7248860943846e-05,4.88103306922055e-05,4.58794799045496e-05,4.58794799045496e-05,1241.30383284016,0.057800283220579146,-0.02898230797402448,4.94670741182308,0.8575837119059591,0.062030083458289934
1736049120.0,4.58794799045496e-05,4.58794799045496e-05,4.2330055904504e-05,4.2330055904504e-05,241.84165451727,0.01066637004213095,-0.07736408536953848,-0.8154616301545508,0.8327289566539934,0.07736408536953848
1736049180.0,4.2330055904504e-05,4.2330055904504e-05,4.2330055904504e-05,4.2330055904504e-05,0.0,0.0,0.0,-1.0,0.7683056425617272,0.0
1736049240.0,4.2330055904504e-05,4.2330055904504e-05,4.2330055904504e-05,4.2330055904504e-05,0.0,0.0,0.0,0.0,0.7683056425617272,0.0
1736049300.0,4.2330055904504e-05,4.2330055904504e-05,4.2330055904504e-05,4.2330055904504e-05,0.0,0.0,0.0,0.0,0.7683056425617272,0.0
1736049360.0,4.2330055904504e-05,4.2330055904504e-05,4.2330055904504e-05,4.2330055904504e-05,0.0,0.0,0.0,0.0,0.7683056425617272,0.0
1736049420.0,4.2330055904504e-05,4.30178778784861e-05,4.2330055904504e-05,4.30178778784861e-05,198.96364666142,0.008490568070240557,0.01624902115730289,inf,0.7683056425617272,0.01624902115730289
1736049480.0,4.30178778784861e-05,4.30178778784861e-05,4.30178778784861e-05,4.30178778784861e-05,0.0,0.0,0.0,-1.0,0.7807898572029879,0.0
1736049540.0,4.30178778784861e-05,4.30178778784861e-05,4.30178778784861e-05,4.30178778784861e-05,0.0,0.0,0.0,0.0,0.7807898572029879,0.0
1736049600.0,4.30178778784861e-05,4.30178778784861e-05,4.28328391160668e-05,4.28328391160668e-05,39.44585719998,0.0016932275615415147,-0.004301438647019814,inf,0.7807898572029879,0.004301438647019814
1736049660.0,4.28328391160668e-05,4.28328391160668e-05,4.26036689308123e-05,4.26036689308123e-05,30.61871502984,0.0013079780465160118,-0.005350338431536227,-0.22752376808393773,0.7774313375360139,0.005350338431536227
1736049720.0,4.26036689308123e-05,4.27789720768503e-05,4.26036689308123e-05,4.27789720768503e-05,6.49006155,0.0002770692977206421,0.004114742942038397,-0.7881697644248263,0.7732718167729143,0.004114742942038397
1736049780.0,4.27789720768503e-05,4.27789720768503e-05,4.27789720768503e-05,4.27789720768503e-05,0.0,0.0,0.0,-1.0,0.7764536315232579,0.0
1736049840.0,4.27789720768503e-05,4.27789720768503e-05,4.27789720768503e-05,4.27789720768503e-05,0.0,0.0,0.0,0.0,0.7764536315232579,0.0
1736049900.0,4.27789720768503e-05,4.27789720768503e-05,4.27789720768503e-05,4.27789720768503e-05,0.0,0.0,0.0,0.0,0.7764536315232579,0.0
1736049960.0,4.27789720768503e-05,4.27789720768503e-05,4.13030400930604e-05,4.13030400930604e-05,207.43375714064,0.008720723846174797,-0.03450134288263066,inf,0.7764536315232579,0.03450134288263066
1736050020.0,4.13030400930604e-05,4.13030400930604e-05,4.12509126627152e-05,4.12509126627152e-05,2.4456031118,0.00010094710187545751,-0.0012620724825038645,-0.9884244583756958,0.7496649385496101,0.0012620724825038645
1736050080.0,4.12509126627152e-05,4.12509126627152e-05,4.12509126627152e-05,4.12509126627152e-05,0.0,0.0,0.0,-1.0,0.7487188070595687,0.0
1736050140.0,4.12509126627152e-05,4.12509126627152e-05,4.12509126627152e-05,4.12509126627152e-05,0.0,0.0,0.0,0.0,0.7487188070595687,0.0
1736050200.0,4.12509126627152e-05,4.12509126627152e-05,4.12509126627152e-05,4.12509126627152e-05,0.0,0.0,0.0,0.0,0.7487188070595687,0.0
1736050260.0,4.12509126627152e-05,4.16396071039204e-05,4.12509126627152e-05,4.16396071039204e-05,54.5925,0.002262600350180027,0.009422687065940322,inf,0.7487188070595687,0.009422687065940322
1736050320.0,4.16396071039204e-05,4.16396071039204e-05,4.14211633635115e-05,4.14211633635115e-05,54.30610464885,0.0022553534466092334,-0.005246056713833147,-0.003202909241226323,0.7557737500788753,0.005246056713833147
1736050380.0,4.14211633635115e-05,4.14211633635115e-05,4.14211633635115e-05,4.14211633635115e-05,0.0,0.0,0.0,-1.0,0.7518089181231351,0.0
1736050440.0,4.14211633635115e-05,4.14211633635115e-05,4.14211633635115e-05,4.14211633635115e-05,0.0,0.0,0.0,0.0,0.7518089181231351,0.0
1736050500.0,4.14211633635115e-05,4.14211633635115e-05,4.14211633635115e-05,4.14211633635115e-05,0.0,0.0,0.0,0.0,0.7518089181231351,0.0
1736050560.0,4.14211633635115e-05,4.14211633635115e-05,4.14211633635115e-05,4.14211633635115e-05,0.0,0.0,0.0,0.0,0.7518089181231351,0.0
1736050620.0,4.14211633635115e-05,4.14211633635115e-05,4.14211633635115e-05,4.14211633635115e-05,0.0,0.0,0.0,0.0,0.7518089181231351,0.0
1736050680.0,4.14211633635115e-05,4.14211633635115e-05,4.14211633635115e-05,4.14211633635115e-05,0.0,0.0,0.0,0.0,0.7518089181231351,0.0
1736050740.0,4.14211633635115e-05,4.14211633635115e-05,4.10604248649194e-05,4.10604248649194e-05,46.98029232996,0.0019375045634055356,-0.008709038310350364,inf,0.7518089181231351,0.008709038310350364
1736050800.0,4.10604248649194e-05,4.10604248649194e-05,4.09090249933434e-05,4.09090249933434e-05,2.40932701499,9.87456049736904e-05,-0.0036872456160421435,-0.9490346465041991,0.7452613854531377,0.0036872456160421435
1736050860.0,4.09090249933434e-05,4.09090249933434e-05,4.08538073179665e-05,4.08538073179665e-05,22.3869797886,0.000915211437205993,-0.0013497675729470344,8.268376424954207,0.74251342367682,0.0013497675729470344
1736050920.0,4.08538073179665e-05,4.08538073179665e-05,4.08538073179665e-05,4.08538073179665e-05,0.0,0.0,0.0,-1.0,0.7415112031350632,0.0
1736050980.0,4.08538073179665e-05,4.10169038750484e-05,4.08538073179665e-05,4.10169038750484e-05,0.04704448716,1.925782810749929e-06,0.003992199694204975,inf,0.7415112031350632,0.003992199694204975
1736051040.0,4.10169038750484e-05,4.10169038750484e-05,4.10169038750484e-05,4.10169038750484e-05,0.0,0.0,0.0,-1.0,0.7444714639334686,0.0
1736051100.0,4.10169038750484e-05,4.10169038750484e-05,4.10169038750484e-05,4.10169038750484e-05,0.0,0.0,0.0,0.0,0.7444714639334686,0.0
1736051160.0,4.10169038750484e-05,4.10169038750484e-05,4.10169038750484e-05,4.10169038750484e-05,0.0,0.0,0.0,0.0,0.7444714639334686,0.0
1736051220.0,4.10169038750484e-05,4.10169038750484e-05,4.10169038750484e-05,4.10169038750484e-05,0.0,0.0,0.0,0.0,0.7444714639334686,0.0
1736051280.0,4.10169038750484e-05,4.10718460982867e-05,4.10169038750484e-05,4.10718460982867e-05,0.09425259375,3.868538801341038e-06,0.001339501962548847,inf,0.7444714639334686,0.001339501962548847
1736051340.0,4.10718460982867e-05,4.10718460982867e-05,4.10718460982867e-05,4.10718460982867e-05,0.0,0.0,0.0,-1.0,0.745468684920469,0.0
1736051400.0,4.10718460982867e-05,4.10718460982867e-05,4.10718460982867e-05,4.10718460982867e-05,0.0,0.0,0.0,0.0,0.745468684920469,0.0
1736051460.0,4.10718460982867e-05,4.12275611521648e-05,4.10718460982867e-05,4.11422960361595e-05,50.00775899092,0.0020556725027523134,0.0017152853977931417,inf,0.745468684920469,0.003791284509234448
1736051520.0,4.11422960361595e-05,4.11422960361595e-05,4.11422960361595e-05,4.11422960361595e-05,0.0,0.0,0.0,-1.0,0.7467473764702253,0.0
1736051580.0,4.11422960361595e-05,4.11422960361595e-05,4.11422960361595e-05,4.11422960361595e-05,0.0,0.0,0.0,0.0,0.7467473764702253,0.0
1736051640.0,4.11422960361595e-05,4.11422960361595e-05,3.76138586788365e-05,3.76138586788365e-05,1082.63218253046,0.04263197383340135,-0.08576179983299666,inf,0.7467473764702253,0.08576179983299666
1736051700.0,3.76138586788365e-05,3.76138586788365e-05,3.76138586788365e-05,3.76138586788365e-05,0.0,0.0,0.0,-1.0,0.6827049774435704,0.0
1736051760.0,3.76138586788365e-05,3.76138586788365e-05,3.76138586788365e-05,3.76138586788365e-05,0.0,0.0,0.0,0.0,0.6827049774435704,0.0
1736051820.0,3.76138586788365e-05,3.76138586788365e-05,3.76138586788365e-05,3.76138586788365e-05,0.0,0.0,0.0,0.0,0.6827049774435704,0.0
1736051880.0,3.76138586788365e-05,3.76138586788365e-05,3.41336632942094e-05,3.41336632942094e-05,47.92703353357,0.0017193229457763606,-0.09252428511370028,inf,0.6827049774435704,0.09252428511370028
1736051940.0,3.41336632942094e-05,3.41336632942094e-05,3.39541140795972e-05,3.39541140795972e-05,60.27959362976,0.0020521517756233146,-0.005260180047614656,0.19358133424821194,0.6195381874620391,0.005260180047614656
1736052000.0,3.39541140795972e-05,3.39541140795972e-05,3.37664747910448e-05,3.37664747910448e-05,7.57411849203,0.00025646188222814534,-0.005526260768062703,-0.875027819445641,0.6162793050496159,0.005526260768062703
1736052060.0,3.37664747910448e-05,3.37664747910448e-05,3.37371315001207e-05,3.37371315001207e-05,0.89488302528,3.020391570757411e-05,-0.0008690066435919651,-0.8822284409473955,0.6128735849039514,0.0008690066435919651
1736052120.0,3.37371315001207e-05,3.37371315001207e-05,3.37371315001207e-05,3.37371315001207e-05,0.0,0.0,0.0,-1.0,0.6123409936869878,0.0
1736052180.0,3.37371315001207e-05,3.37371315001207e-05,3.37371315001207e-05,3.37371315001207e-05,0.0,0.0,0.0,0.0,0.6123409936869878,0.0
1736052240.0,3.37371315001207e-05,3.37371315001207e-05,3.37371315001207e-05,3.37371315001207e-05,0.0,0.0,0.0,0.0,0.6123409936869878,0.0
1736052300.0,3.37371315001207e-05,3.37371315001207e-05,2.98351122389982e-05,2.98351122389982e-05,765.49897403785,0.024332243679789825,-0.11565948519092502,inf,0.6123409936869878,0.11565948519092502
1736052360.0,2.98351122389982e-05,2.98351122389982e-05,2.93676490901965e-05,2.93676490901965e-05,7.20947406741,0.0002134103862609464,-0.015668221559115438,-0.9912293174000142,0.5415179495958513,0.015668221559115438
1736052420.0,2.93676490901965e-05,2.95072049986052e-05,2.93676490901965e-05,2.95072049986052e-05,4.3682,0.0001285885688153518,0.004752028600589791,-0.39745871291324686,0.5330333263833456,0.004752028600589791
1736052480.0,2.95072049986052e-05,2.95072049986052e-05,2.95072049986052e-05,2.95072049986052e-05,0.0,0.0,0.0,-1.0,0.5355663159953867,0.0
1736052540.0,2.95072049986052e-05,2.95072049986052e-05,2.93683155441853e-05,2.93683155441853e-05,0.7574411208,2.2297370133807332e-05,-0.0047069674822289315,inf,0.5355663159953867,0.0047069674822289315
1736052600.0,2.93683155441853e-05,2.93683155441853e-05,2.93683155441853e-05,2.93683155441853e-05,0.0,0.0,0.0,-1.0,0.5330454227614193,0.0
1736052660.0,2.93683155441853e-05,2.93683155441853e-05,2.93683155441853e-05,2.93683155441853e-05,0.0,0.0,0.0,0.0,0.5330454227614193,0.0
1736052720.0,2.93683155441853e-05,2.93683155441853e-05,2.93683155441853e-05,2.93683155441853e-05,0.0,0.0,0.0,0.0,0.5330454227614193,0.0
1736052780.0,2.93683155441853e-05,2.93683155441853e-05,2.93683155441853e-05,2.93683155441853e-05,0.0,0.0,0.0,0.0,0.5330454227614193,0.0
1736052840.0,2.93683155441853e-05,2.93683155441853e-05,2.78005842376429e-05,2.78005842376429e-05,294.40012735122,0.008415265688149678,-0.05338172372139339,inf,0.5330454227614193,0.05338172372139339
1736052900.0,2.78005842376429e-05,2.78005842376429e-05,2.78005842376429e-05,2.78005842376429e-05,0.0,0.0,0.0,-1.0,0.5045905392726159,0.0
1736052960.0,2.78005842376429e-05,2.78005842376429e-05,2.71595817693642e-05,2.71595817693642e-05,125.39377437309,0.0034458313278951094,-0.02305715818053776,inf,0.5045905392726159,0.02305715818053776
1736053020.0,2.71595817693642e-05,2.71595817693642e-05,2.71595817693642e-05,2.71595817693642e-05,0.0,0.0,0.0,-1.0,0.49295611539220435,0.0
1736053080.0,2.71595817693642e-05,2.71595817693642e-05,2.71595817693642e-05,2.71595817693642e-05,0.0,0.0,0.0,0.0,0.49295611539220435,0.0
1736053140.0,2.71595817693642e-05,2.74267657720136e-05,2.71595817693642e-05,2.74267657720136e-05,69.85656946346,0.001906607489390414,0.009837559536751824,inf,0.49295611539220435,0.009837559536751824
1736053200.0,2.74267657720136e-05,2.74267657720136e-05,2.74267657720136e-05,2.74267657720136e-05,0.0,0.0,0.0,-1.0,0.49780560052638106,0.0
1736053260.0,2.74267657720136e-05,2.76312675978115e-05,2.74267657720136e-05,2.76312675978115e-05,32.7195,0.0009007356614219962,0.007456286588722547,inf,0.49780560052638106,0.007456286588722547
1736053320.0,2.76312675978115e-05,2.76312675978115e-05,2.75716924053495e-05,2.75716924053495e-05,0.06327213822,1.7464046577365671e-06,-0.002156078878795931,-0.9980611352114344,0.5015173817493769,0.002156078878795931
1736053380.0,2.75716924053495e-05,2.75716924053495e-05,2.75716924053495e-05,2.75716924053495e-05,0.0,0.0,0.0,-1.0,0.500436070715238,0.0
1736053440.0,2.75716924053495e-05,2.77564664656082e-05,2.75716924053495e-05,2.77564664656082e-05,24.34955993058,0.000673608160138518,0.006701585725758608,inf,0.500436070715238,0.006701585725758608
1736053500.0,2.77564664656082e-05,2.77564664656082e-05,2.77564664656082e-05,2.77564664656082e-05,0.0,0.0,0.0,-1.0,0.503789785943398,0.0
1736053560.0,2.77564664656082e-05,2.77564664656082e-05,2.77564664656082e-05,2.77564664656082e-05,0.0,0.0,0.0,0.0,0.503789785943398,0.0
1736053620.0,2.77564664656082e-05,2.77564664656082e-05,2.77564664656082e-05,2.77564664656082e-05,0.0,0.0,0.0,0.0,0.503789785943398,0.0
1736053680.0,2.77564664656082e-05,2.77564664656082e-05,2.77564664656082e-05,2.77564664656082e-05,0.0,0.0,0.0,0.0,0.503789785943398,0.0
1736053740.0,2.77564664656082e-05,2.77564664656082e-05,2.77564664656082e-05,2.77564664656082e-05,0.0,0.0,0.0,0.0,0.503789785943398,0.0
1736053800.0,2.77564664656082e-05,2.77564664656082e-05,2.77564664656082e-05,2.77564664656082e-05,0.0,0.0,0.0,0.0,0.503789785943398,0.0
1736053860.0,2.77564664656082e-05,2.77564664656082e-05,2.77564664656082e-05,2.77564664656082e-05,0.0,0.0,0.0,0.0,0.503789785943398,0.0
1736053920.0,2.77564664656082e-05,2.77564664656082e-05,2.76139943591939e-05,2.76139943591939e-05,15.23004565005,0.00042164732301302056,-0.00513293385492095,inf,0.503789785943398,0.00513293385492095
1736053980.0,2.76139943591939e-05,2.76139943591939e-05,2.76139943591939e-05,2.76139943591939e-05,0.0,0.0,0.0,-1.0,0.5012038662953657,0.0
1736054040.0,2.76139943591939e-05,2.76139943591939e-05,2.76139943591939e-05,2.76139943591939e-05,0.0,0.0,0.0,0.0,0.5012038662953657,0.0
1736054100.0,2.76139943591939e-05,2.76139943591939e-05,2.75585439861114e-05,2.75585439861114e-05,0.4738779648,1.3072525091961617e-05,-0.002008053321124716,inf,0.5012038662953657,0.002008053321124716
1736054160.0,2.75585439861114e-05,2.75585439861114e-05,2.75585439861114e-05,2.75585439861114e-05,0.0,0.0,0.0,-1.0,0.5001974222070908,0.0
1736054220.0,2.75585439861114e-05,2.79780585800305e-05,2.75585439861114e-05,2.79780585800305e-05,108.78,0.003020635813572458,0.015222669025276544,inf,0.5001974222070908,0.015222669025276544
1736054280.0,2.79780585800305e-05,2.79780585800305e-05,2.79780585800305e-05,2.79780585800305e-05,0.0,0.0,0.0,-1.0,0.5078117620126459,0.0
1736054340.0,2.79780585800305e-05,2.79780585800305e-05,2.79780585800305e-05,2.79780585800305e-05,0.0,0.0,0.0,0.0,0.5078117620126459,0.0
1736054400.0,2.79780585800305e-05,3.43590222877874e-05,2.79780585800305e-05,2.84989510628818e-05,1280.26718369302,0.03615283103946743,0.018617892351654786,inf,0.5078117620126459,0.22807028191410497
1736054460.0,2.84989510628818e-05,2.84989510628818e-05,2.84989510628818e-05,2.84989510628818e-05,0.0,0.0,0.0,-1.0,0.5172661467327014,0.0
1736054520.0,2.84989510628818e-05,2.84989510628818e-05,2.84989510628818e-05,2.84989510628818e-05,0.0,0.0,0.0,0.0,0.5172661467327014,0.0
1736054580.0,2.84989510628818e-05,2.84989510628818e-05,2.84989510628818e-05,2.84989510628818e-05,0.0,0.0,0.0,0.0,0.5172661467327014,0.0
1736054640.0,2.84989510628818e-05,3.44837644233416e-05,2.84989510628818e-05,3.44837644233416e-05,103.25439228146,0.003251621005883048,0.21000118029798867,inf,0.5172661467327014,0.21000118029798867
1736054700.0,3.44837644233416e-05,3.44837644233416e-05,3.44837644233416e-05,3.44837644233416e-05,0.0,0.0,0.0,-1.0,0.6258926480747613,0.0
1736054760.0,3.44837644233416e-05,3.516163649094e-05,3.44837644233416e-05,3.516163649094e-05,191.47776839754,0.006667772973109317,0.019657716578633244,inf,0.6258926480747613,0.019657716578633244
1736054820.0,3.516163649094e-05,3.516163649094e-05,3.516163649094e-05,3.516163649094e-05,0.0,0.0,0.0,-1.0,0.6381962683592652,0.0
1736054880.0,3.516163649094e-05,3.516163649094e-05,3.516163649094e-05,3.516163649094e-05,0.0,0.0,0.0,0.0,0.6381962683592652,0.0
1736054940.0,3.516163649094e-05,3.516163649094e-05,3.516163649094e-05,3.516163649094e-05,0.0,0.0,0.0,0.0,0.6381962683592652,0.0
1736055000.0,3.516163649094e-05,3.516163649094e-05,3.516163649094e-05,3.516163649094e-05,0.0,0.0,0.0,0.0,0.6381962683592652,0.0
1736055060.0,3.516163649094e-05,3.62115343170302e-05,3.516163649094e-05,3.62115343170302e-05,133.06285515202,0.004748558944480661,0.029859185489296572,inf,0.6381962683592652,0.029859185489296572
1736055120.0,3.62115343170302e-05,3.77109222854577e-05,3.62115343170302e-05,3.77109222854577e-05,358.45543581782,0.01324895319908434,0.04140636393090752,1.790099765842403,0.6572522891147814,0.04140636393090752
1736055180.0,3.77109222854577e-05,3.97027581528685e-05,3.77109222854577e-05,3.97027581528685e-05,550.34369466748,0.021302065455118036,0.05281854027152519,0.6078300779710099,0.6844667165922901,0.05281854027152519
1736055240.0,3.97027581528685e-05,4.09116619370894e-05,3.97027581528685e-05,4.09116619370894e-05,76.64068489832,0.0030891721841876303,0.030448861501415715,-0.8549825043634242,0.7206192494271386,0.030448861501415715
1736055300.0,4.09116619370894e-05,4.09116619370894e-05,4.09116619370894e-05,4.09116619370894e-05,0.0,0.0,0.0,-1.0,0.7425612851481996,0.0
1736055360.0,4.09116619370894e-05,4.09116619370894e-05,4.09116619370894e-05,4.09116619370894e-05,0.0,0.0,0.0,0.0,0.7425612851481996,0.0
1736055420.0,4.09116619370894e-05,4.18322017682356e-05,4.09116619370894e-05,4.18322017682356e-05,177.5187318267,0.007344292875705301,0.022500670653803564,inf,0.7425612851481996,0.022500670653803564
1736055480.0,4.18322017682356e-05,4.2267784498068e-05,4.18322017682356e-05,4.2267784498068e-05,39.0204,0.0016408075520528364,0.010412617825991517,-0.7765874019702322,0.7592694120655844,0.010412617825991517
1736055540.0,4.2267784498068e-05,4.2267784498068e-05,4.2267784498068e-05,4.2267784498068e-05,0.0,0.0,0.0,-1.0,0.7671753942803886,0.0
1736055600.0,4.2267784498068e-05,4.2267784498068e-05,4.2267784498068e-05,4.2267784498068e-05,0.0,0.0,0.0,0.0,0.7671753942803886,0.0
1736055660.0,4.2267784498068e-05,4.2267784498068e-05,4.2267784498068e-05,4.2267784498068e-05,0.0,0.0,0.0,0.0,0.7671753942803886,0.0
1736055720.0,4.2267784498068e-05,4.2267784498068e-05,4.14092505523272e-05,4.14092505523272e-05,236.57945946807,0.009898133861056622,-0.020311780140263674,inf,0.7671753942803886,0.020311780140263674
1736055780.0,4.14092505523272e-05,4.14092505523272e-05,4.01802763194786e-05,4.03290398088427e-05,111.53134011584,0.004558190531379463,-0.026086218153585833,-0.5394899083641128,0.7515926963427453,0.029678736428605326
1736055840.0,4.03290398088427e-05,4.07244630563124e-05,4.03290398088427e-05,4.07244630563124e-05,100.36761285771,0.004067573298165587,0.009804925913039024,-0.10763420919691094,0.7319864853033067,0.009804925913039024
1736055900.0,4.07244630563124e-05,4.07244630563124e-05,4.07244630563124e-05,4.07244630563124e-05,0.0,0.0,0.0,-1.0,0.7391635585610514,0.0
1736055960.0,4.07244630563124e-05,4.07244630563124e-05,4.06358463215025e-05,4.06358463215025e-05,62.3283810064,0.0025355281808495133,-0.0021760074451408493,inf,0.7391635585610514,0.0021760074451408493
1736056020.0,4.06358463215025e-05,4.06358463215025e-05,4.06358463215025e-05,4.06358463215025e-05,0.0,0.0,0.0,-1.0,0.7375551331544458,0.0
1736056080.0,4.06358463215025e-05,4.06358463215025e-05,4.06358463215025e-05,4.06358463215025e-05,0.0,0.0,0.0,0.0,0.7375551331544458,0.0
1736056140.0,4.06358463215025e-05,4.06358463215025e-05,4.06358463215025e-05,4.06358463215025e-05,0.0,0.0,0.0,0.0,0.7375551331544458,0.0
1736056200.0,4.06358463215025e-05,4.07497195139278e-05,4.06358463215025e-05,4.07497195139278e-05,43.324,0.0017629741271270912,0.0028022842572136045,inf,0.7375551331544458,0.0028022842572136045
1736056260.0,4.07497195139278e-05,4.09383898003493e-05,4.07497195139278e-05,4.09383898003493e-05,21.651,0.0008843146273817067,0.004629977547624931,-0.4983961399236364,0.7396219722929115,0.004629977547624931
1736056320.0,4.09383898003493e-05,4.09383898003493e-05,4.09383898003493e-05,4.09383898003493e-05,0.0,0.0,0.0,-1.0,0.7430464054183578,0.0
1736056380.0,4.09383898003493e-05,4.09383898003493e-05,4.09383898003493e-05,4.09383898003493e-05,0.0,0.0,0.0,0.0,0.7430464054183578,0.0
1736056440.0,4.09383898003493e-05,4.10788696391205e-05,4.09383898003493e-05,4.10788696391205e-05,27.7517410367,0.0011380608722520022,0.0034314939951545992,inf,0.7430464054183578,0.0034314939951545992
1736056500.0,4.10788696391205e-05,4.10788696391205e-05,4.07914924534923e-05,4.07914924534923e-05,54.44790586546,0.002228834884194853,-0.006995742291665174,0.9584496212266926,0.7455961646966721,0.006995742291665174
1736056560.0,4.07914924534923e-05,4.07914924534923e-05,4.07914924534923e-05,4.07914924534923e-05,0.0,0.0,0.0,-1.0,0.7403801660748002,0.0
1736056620.0,4.07914924534923e-05,4.07914924534923e-05,4.03200417386621e-05,4.03200417386621e-05,99.3708949345,0.00403006287109234,-0.011557574544930326,inf,0.7403801660748002,0.011557574544930326
1736056680.0,4.03200417386621e-05,4.03200417386621e-05,4.03200417386621e-05,4.03200417386621e-05,0.0,0.0,0.0,-1.0,0.7318231671138028,0.0
1736056740.0,4.03200417386621e-05,4.03200417386621e-05,3.88065362833373e-05,3.88065362833373e-05,374.0911178888,0.014800275013482555,-0.03753729882361534,inf,0.7318231671138028,0.03753729882361534
1736056800.0,3.88065362833373e-05,3.88065362833373e-05,3.88065362833373e-05,3.88065362833373e-05,0.0,0.0,0.0,-1.0,0.7043525022038074,0.0
1736056860.0,3.88065362833373e-05,3.88065362833373e-05,3.70693454380589e-05,3.70693454380589e-05,133.90699646373,0.005080155712674698,-0.04476541870664993,inf,0.7043525022038074,0.04476541870664993
1736056920.0,3.70693454380589e-05,3.70693454380589e-05,3.70693454380589e-05,3.70693454380589e-05,0.0,0.0,0.0,-1.0,0.6728218675255774,0.0
1736056980.0,3.70693454380589e-05,3.70693454380589e-05,3.70693454380589e-05,3.70693454380589e-05,0.0,0.0,0.0,0.0,0.6728218675255774,0.0
1736057040.0,3.70693454380589e-05,3.70693454380589e-05,3.70693454380589e-05,3.70693454380589e-05,0.0,0.0,0.0,0.0,0.6728218675255774,0.0
1736057100.0,3.70693454380589e-05,3.70693454380589e-05,3.70693454380589e-05,3.70693454380589e-05,0.0,0.0,0.0,0.0,0.6728218675255774,0.0
1736057160.0,3.70693454380589e-05,3.70693454380589e-05,3.70693454380589e-05,3.70693454380589e-05,0.0,0.0,0.0,0.0,0.6728218675255774,0.0
1736057220.0,3.70693454380589e-05,3.70693454380589e-05,3.70693454380589e-05,3.70693454380589e-05,0.0,0.0,0.0,0.0,0.6728218675255774,0.0
1736057280.0,3.70693454380589e-05,3.70693454380589e-05,3.30719561097422e-05,3.30719561097422e-05,1171.36437791164,0.04108051102672639,-0.10783544411368538,inf,0.6728218675255774,0.10783544411368538
1736057340.0,3.30719561097422e-05,3.30719561097422e-05,3.30719561097422e-05,3.30719561097422e-05,0.0,0.0,0.0,-1.0,0.6002678226315575,0.0
1736057400.0,3.30719561097422e-05,3.30719561097422e-05,3.30719561097422e-05,3.30719561097422e-05,0.0,0.0,0.0,0.0,0.6002678226315575,0.0
1736057460.0,3.30719561097422e-05,3.30719561097422e-05,3.30719561097422e-05,3.30719561097422e-05,0.0,0.0,0.0,0.0,0.6002678226315575,0.0
1736057520.0,3.30719561097422e-05,3.30719561097422e-05,3.30719561097422e-05,3.30719561097422e-05,0.0,0.0,0.0,0.0,0.6002678226315575,0.0
1736057580.0,3.30719561097422e-05,3.30719561097422e-05,3.30719561097422e-05,3.30719561097422e-05,0.0,0.0,0.0,0.0,0.6002678226315575,0.0
1736057640.0,3.30719561097422e-05,3.30719561097422e-05,3.30719561097422e-05,3.30719561097422e-05,0.0,0.0,0.0,0.0,0.6002678226315575,0.0
1736057700.0,3.30719561097422e-05,3.30719561097422e-05,3.30719561097422e-05,3.30719561097422e-05,0.0,0.0,0.0,0.0,0.6002678226315575,0.0
1736057760.0,3.30719561097422e-05,3.30719561097422e-05,3.30719561097422e-05,3.30719561097422e-05,0.0,0.0,0.0,0.0,0.6002678226315575,0.0
1736057820.0,3.30719561097422e-05,3.30719561097422e-05,3.30719561097422e-05,3.30719561097422e-05,0.0,0.0,0.0,0.0,0.6002678226315575,0.0
1736057880.0,3.30719561097422e-05,3.30719561097422e-05,2.98974741430113e-05,2.98974741430113e-05,31.7383036196,0.000999271448057558,-0.09598712444456156,inf,0.6002678226315575,0.09598712444456156
1736057940.0,2.98974741430113e-05,3.10712451167409e-05,2.98974741430113e-05,3.10712451167409e-05,504.67917706808,0.015384821531453268,0.03925987085447395,14.3960383450955,0.5426498404405563,0.03925987085447395
1736058000.0,3.10712451167409e-05,3.10712451167409e-05,3.10712451167409e-05,3.10712451167409e-05,0.0,0.0,0.0,-1.0,0.5639542030954534,0.0
1736058060.0,3.10712451167409e-05,3.10712451167409e-05,3.10712451167409e-05,3.10712451167409e-05,0.0,0.0,0.0,0.0,0.5639542030954534,0.0
1736058120.0,3.10712451167409e-05,3.10712451167409e-05,3.10712451167409e-05,3.10712451167409e-05,0.0,0.0,0.0,0.0,0.5639542030954534,0.0
1736058180.0,3.10712451167409e-05,3.10862248373257e-05,3.10712451167409e-05,3.10862248373257e-05,1.14678730342,3.5640698678016854e-05,0.0004821087963652256,inf,0.5639542030954534,0.0004821087963652256
1736058240.0,3.10862248373257e-05,3.10862248373257e-05,3.10862248373257e-05,3.10862248373257e-05,0.0,0.0,0.0,-1.0,0.5642260903775128,0.0
1736058300.0,3.10862248373257e-05,3.10862248373257e-05,3.10862248373257e-05,3.10862248373257e-05,0.0,0.0,0.0,0.0,0.5642260903775128,0.0
1736058360.0,3.10862248373257e-05,3.10862248373257e-05,3.10862248373257e-05,3.10862248373257e-05,0.0,0.0,0.0,0.0,0.5642260903775128,0.0
1736058420.0,3.10862248373257e-05,3.10862248373257e-05,3.10862248373257e-05,3.10862248373257e-05,0.0,0.0,0.0,0.0,0.5642260903775128,0.0
1736058480.0,3.10862248373257e-05,3.10862248373257e-05,3.10862248373257e-05,3.10862248373257e-05,0.0,0.0,0.0,0.0,0.5642260903775128,0.0
1736058540.0,3.10862248373257e-05,3.10896153032359e-05,3.10862248373257e-05,3.10896153032359e-05,1.22333212452,3.8030851306484555e-05,0.0001090665054358927,inf,0.5642260903775128,0.0001090665054358927
1736058600.0,3.10896153032359e-05,3.10896153032359e-05,3.10896153032359e-05,3.10896153032359e-05,0.0,0.0,0.0,-1.0,0.5642876285454661,0.0
1736058660.0,3.10896153032359e-05,3.10896153032359e-05,3.10896153032359e-05,3.10896153032359e-05,0.0,0.0,0.0,0.0,0.5642876285454661,0.0
1736058720.0,3.10896153032359e-05,3.10896153032359e-05,3.10896153032359e-05,3.10896153032359e-05,0.0,0.0,0.0,0.0,0.5642876285454661,0.0
1736058780.0,3.10896153032359e-05,3.10896153032359e-05,3.10896153032359e-05,3.10896153032359e-05,0.0,0.0,0.0,0.0,0.5642876285454661,0.0
1736058840.0,3.10896153032359e-05,3.10955622757694e-05,3.10896153032359e-05,3.10955622757694e-05,0.22836905119,7.100585000899551e-06,0.0001912848542993109,inf,0.5642876285454661,0.0001912848542993109
1736058900.0,3.10955622757694e-05,3.24712915202861e-05,3.10955622757694e-05,3.24712915202861e-05,433.48,0.013777479891757071,0.044241980007182914,1939.3302530723379,0.5643955682222753,0.044241980007182914
1736058960.0,3.24712915202861e-05,3.24712915202861e-05,3.24712915202861e-05,3.24712915202861e-05,0.0,0.0,0.0,-1.0,0.5893655456677078,0.0
1736059020.0,3.24712915202861e-05,3.24712915202861e-05,3.24712915202861e-05,3.24712915202861e-05,0.0,0.0,0.0,0.0,0.5893655456677078,0.0
1736059080.0,3.24712915202861e-05,3.24712915202861e-05,3.24712915202861e-05,3.24712915202861e-05,0.0,0.0,0.0,0.0,0.5893655456677078,0.0
1736059140.0,3.24712915202861e-05,3.24712915202861e-05,3.24712915202861e-05,3.24712915202861e-05,0.0,0.0,0.0,0.0,0.5893655456677078,0.0
1736059200.0,3.24712915202861e-05,3.24712915202861e-05,3.24712915202861e-05,3.24712915202861e-05,0.0,0.0,0.0,0.0,0.5893655456677078,0.0
1736059260.0,3.24712915202861e-05,3.24712915202861e-05,3.24712915202861e-05,3.24712915202861e-05,0.0,0.0,0.0,0.0,0.5893655456677078,0.0
1736059320.0,3.24712915202861e-05,3.37369562363926e-05,3.24712915202861e-05,3.37369562363926e-05,0.26428759695,8.74900934894142e-06,0.038977960433627654,inf,0.5893655456677078,0.038977960433627654
1736059380.0,3.37369562363926e-05,3.37369562363926e-05,3.37369562363926e-05,3.37369562363926e-05,0.0,0.0,0.0,-1.0,0.6123378125876872,0.0
1736059440.0,3.37369562363926e-05,3.37369562363926e-05,3.37369562363926e-05,3.37369562363926e-05,0.0,0.0,0.0,0.0,0.6123378125876872,0.0
1736059500.0,3.37369562363926e-05,3.37369562363926e-05,3.08328542767877e-05,3.08328542767877e-05,568.26430276572,0.018346359175493532,-0.08608073411412849,inf,0.6123378125876872,0.08608073411412849
1736059560.0,3.08328542767877e-05,3.08328542767877e-05,3.08328542767877e-05,3.08328542767877e-05,0.0,0.0,0.0,-1.0,0.5596273241542994,0.0
1736059620.0,3.08328542767877e-05,3.08328542767877e-05,3.08328542767877e-05,3.08328542767877e-05,0.0,0.0,0.0,0.0,0.5596273241542994,0.0
1736059680.0,3.08328542767877e-05,3.08328542767877e-05,3.08328542767877e-05,3.08328542767877e-05,0.0,0.0,0.0,0.0,0.5596273241542994,0.0
1736059740.0,3.08328542767877e-05,3.08328542767877e-05,3.03229398559653e-05,3.03229398559653e-05,5.91745417858,0.00018094330476761873,-0.01653802195038063,inf,0.5596273241542994,0.01653802195038063
1736059800.0,3.03229398559653e-05,3.03229398559653e-05,3.03229398559653e-05,3.03229398559653e-05,0.0,0.0,0.0,-1.0,0.5503721951834029,0.0
1736059860.0,3.03229398559653e-05,3.03229398559653e-05,3.03229398559653e-05,3.03229398559653e-05,0.0,0.0,0.0,0.0,0.5503721951834029,0.0
1736059920.0,3.03229398559653e-05,3.03229398559653e-05,3.03229398559653e-05,3.03229398559653e-05,0.0,0.0,0.0,0.0,0.5503721951834029,0.0
1736059980.0,3.03229398559653e-05,3.03229398559653e-05,3.02706385346824e-05,3.02706385346824e-05,21.03954198132,0.0006374305681742183,-0.001724810375620957,inf,0.5503721951834029,0.001724810375620957
1736060040.0,3.02706385346824e-05,3.02706385346824e-05,3.02706385346824e-05,3.02706385346824e-05,0.0,0.0,0.0,-1.0,0.5494229075106972,0.0
1736060100.0,3.02706385346824e-05,3.02706385346824e-05,2.9866644129501e-05,2.9866644129501e-05,77.64061500328,0.002334547805336644,-0.013346081375803362,inf,0.5494229075106972,0.013346081375803362
1736060160.0,2.9866644129501e-05,2.9866644129501e-05,2.9866644129501e-05,2.9866644129501e-05,0.0,0.0,0.0,-1.0,0.5420902646773289,0.0
1736060220.0,2.9866644129501e-05,2.9866644129501e-05,2.9866644129501e-05,2.9866644129501e-05,0.0,0.0,0.0,0.0,0.5420902646773289,0.0
1736060280.0,2.9866644129501e-05,2.9866644129501e-05,2.9866644129501e-05,2.9866644129501e-05,0.0,0.0,0.0,0.0,0.5420902646773289,0.0
1736060340.0,2.9866644129501e-05,2.9866644129501e-05,2.9866644129501e-05,2.9866644129501e-05,0.0,0.0,0.0,0.0,0.5420902646773289,0.0
1736060400.0,2.9866644129501e-05,2.9866644129501e-05,2.9866644129501e-05,2.9866644129501e-05,0.0,0.0,0.0,0.0,0.5420902646773289,0.0
1736060460.0,2.9866644129501e-05,2.9866644129501e-05,2.9866644129501e-05,2.9866644129501e-05,0.0,0.0,0.0,0.0,0.5420902646773289,0.0
1736060520.0,2.9866644129501e-05,2.9866644129501e-05,2.9866644129501e-05,2.9866644129501e-05,0.0,0.0,0.0,0.0,0.5420902646773289,0.0
1736060580.0,2.9866644129501e-05,2.9866644129501e-05,2.9866644129501e-05,2.9866644129501e-05,0.0,0.0,0.0,0.0,0.5420902646773289,0.0
1736060640.0,2.9866644129501e-05,2.9866644129501e-05,2.9866644129501e-05,2.9866644129501e-05,0.0,0.0,0.0,0.0,0.5420902646773289,0.0
1736060700.0,2.9866644129501e-05,2.9866644129501e-05,2.9866644129501e-05,2.9866644129501e-05,0.0,0.0,0.0,0.0,0.5420902646773289,0.0
1736060760.0,2.9866644129501e-05,2.9866644129501e-05,2.9866644129501e-05,2.9866644129501e-05,0.0,0.0,0.0,0.0,0.5420902646773289,0.0
1736060820.0,2.9866644129501e-05,2.9866644129501e-05,2.96691208228068e-05,2.96691208228068e-05,29.92645443795,0.0008908471786368699,-0.006613508562855075,inf,0.5420902646773289,0.006613508562855075
1736060880.0,2.96691208228068e-05,2.97649872916772e-05,2.96691208228068e-05,2.97649872916772e-05,10.74042375,0.00031917375317643584,0.0032311867090010398,-0.6417188482711258,0.5385051460700451,0.0032311867090010398
1736060940.0,2.97649872916772e-05,2.97649872916772e-05,2.97649872916772e-05,2.97649872916772e-05,0.0,0.0,0.0,-1.0,0.5402451567407552,0.0
1736061000.0,2.97649872916772e-05,2.97649872916772e-05,2.97649872916772e-05,2.97649872916772e-05,0.0,0.0,0.0,0.0,0.5402451567407552,0.0
1736061060.0,2.97649872916772e-05,2.97649872916772e-05,2.97649872916772e-05,2.97649872916772e-05,0.0,0.0,0.0,0.0,0.5402451567407552,0.0
1736061120.0,2.97649872916772e-05,2.97649872916772e-05,2.97649872916772e-05,2.97649872916772e-05,0.0,0.0,0.0,0.0,0.5402451567407552,0.0
1736061180.0,2.97649872916772e-05,2.98148577777612e-05,2.97649872916772e-05,2.98148577777612e-05,9.9006857142,0.000294940660466619,0.001675474798470543,inf,0.5402451567407552,0.001675474798470543
1736061240.0,2.98148577777612e-05,2.98148577777612e-05,2.98148577777612e-05,2.98148577777612e-05,0.0,0.0,0.0,-1.0,0.5411503238858701,0.0
1736061300.0,2.98148577777612e-05,2.98148577777612e-05,2.98148577777612e-05,2.98148577777612e-05,0.0,0.0,0.0,0.0,0.5411503238858701,0.0
1736061360.0,2.98148577777612e-05,2.98148577777612e-05,2.98148577777612e-05,2.98148577777612e-05,0.0,0.0,0.0,0.0,0.5411503238858701,0.0
1736061420.0,2.98148577777612e-05,2.98148577777612e-05,2.98148577777612e-05,2.98148577777612e-05,0.0,0.0,0.0,0.0,0.5411503238858701,0.0
1736061480.0,2.98148577777612e-05,2.98148577777612e-05,2.98148577777612e-05,2.98148577777612e-05,0.0,0.0,0.0,0.0,0.5411503238858701,0.0
1736061540.0,2.98148577777612e-05,2.98148577777612e-05,2.98148577777612e-05,2.98148577777612e-05,0.0,0.0,0.0,0.0,0.5411503238858701,0.0
1736061600.0,2.98148577777612e-05,2.98148577777612e-05,2.98148577777612e-05,2.98148577777612e-05,0.0,0.0,0.0,0.0,0.5411503238858701,0.0
1736061660.0,2.98148577777612e-05,2.98148577777612e-05,2.98148577777612e-05,2.98148577777612e-05,0.0,0.0,0.0,0.0,0.5411503238858701,0.0
1736061720.0,2.98148577777612e-05,2.98148577777612e-05,2.98148577777612e-05,2.98148577777612e-05,0.0,0.0,0.0,0.0,0.5411503238858701,0.0
1736061780.0,2.98148577777612e-05,2.98148577777612e-05,2.98148577777612e-05,2.98148577777612e-05,0.0,0.0,0.0,0.0,0.5411503238858701,0.0
1736061840.0,2.98148577777612e-05,2.98148577777612e-05,2.98148577777612e-05,2.98148577777612e-05,0.0,0.0,0.0,0.0,0.5411503238858701,0.0
1736061900.0,2.98148577777612e-05,2.98148577777612e-05,2.98148577777612e-05,2.98148577777612e-05,0.0,0.0,0.0,0.0,0.5411503238858701,0.0
1736061960.0,2.98148577777612e-05,2.98148577777612e-05,2.96665179648578e-05,2.96665179648578e-05,0.69658391214,2.071688470713142e-05,-0.004975365437230003,inf,0.5411503238858701,0.004975365437230003
1736062020.0,2.96665179648578e-05,2.96665179648578e-05,2.96665179648578e-05,2.96665179648578e-05,0.0,0.0,0.0,-1.0,0.5384579032680625,0.0
1736062080.0,2.96665179648578e-05,2.96665179648578e-05,2.96665179648578e-05,2.96665179648578e-05,0.0,0.0,0.0,0.0,0.5384579032680625,0.0
1736062140.0,2.96665179648578e-05,2.96665179648578e-05,2.96665179648578e-05,2.96665179648578e-05,0.0,0.0,0.0,0.0,0.5384579032680625,0.0
1736062200.0,2.96665179648578e-05,3.01136317234219e-05,2.96665179648578e-05,3.01136317234219e-05,108.22,0.0032347038996328147,0.015071325832500444,inf,0.5384579032680625,0.015071325832500444
1736062260.0,3.01136317234219e-05,3.01136317234219e-05,3.01136317234219e-05,3.01136317234219e-05,0.0,0.0,0.0,-1.0,0.5465731777753006,0.0
1736062320.0,3.01136317234219e-05,3.02580496660402e-05,3.01136317234219e-05,3.02580496660402e-05,2.7443642994,8.284094354999558e-05,0.004795766380644593,inf,0.5465731777753006,0.004795766380644593
1736062380.0,3.02580496660402e-05,3.02580496660402e-05,3.02446466127407e-05,3.02446466127407e-05,0.04177858248,1.2638584433727184e-06,-0.0004429582688715265,-0.9847435532574546,0.5491944150458374,0.0004429582688715265
1736062440.0,3.02446466127407e-05,3.02446466127407e-05,3.02446466127407e-05,3.02446466127407e-05,0.0,0.0,0.0,-1.0,0.5489511448384748,0.0
1736062500.0,3.02446466127407e-05,3.02446466127407e-05,3.02446466127407e-05,3.02446466127407e-05,0.0,0.0,0.0,0.0,0.5489511448384748,0.0
1736062560.0,3.02446466127407e-05,3.02446466127407e-05,3.02446466127407e-05,3.02446466127407e-05,0.0,0.0,0.0,0.0,0.5489511448384748,0.0
1736062620.0,3.02446466127407e-05,3.02446466127407e-05,3.02446466127407e-05,3.02446466127407e-05,0.0,0.0,0.0,0.0,0.5489511448384748,0.0
1736062680.0,3.02446466127407e-05,3.02446466127407e-05,3.02446466127407e-05,3.02446466127407e-05,0.0,0.0,0.0,0.0,0.5489511448384748,0.0
1736062740.0,3.02446466127407e-05,3.02446466127407e-05,3.02446466127407e-05,3.02446466127407e-05,0.0,0.0,0.0,0.0,0.5489511448384748,0.0
1736062800.0,3.02446466127407e-05,3.02446466127407e-05,3.02446466127407e-05,3.02446466127407e-05,0.0,0.0,0.0,0.0,0.5489511448384748,0.0
1736062860.0,3.02446466127407e-05,3.02446466127407e-05,3.02446466127407e-05,3.02446466127407e-05,0.0,0.0,0.0,0.0,0.5489511448384748,0.0
1736062920.0,3.02446466127407e-05,3.02446466127407e-05,3.0228648547919e-05,3.0228648547919e-05,4.956626342,0.00014987176389043348,-0.0005289552569929276,inf,0.5489511448384748,0.0005289552569929276
1736062980.0,3.0228648547919e-05,3.0228648547919e-05,2.9060726836435e-05,2.9060726836435e-05,421.55039139888,0.012496729699534774,-0.0386362529450362,82.3828159163506,0.5486607742445803,0.0386362529450362
1736063040.0,2.9060726836435e-05,2.9060726836435e-05,2.9060726836435e-05,2.9060726836435e-05,0.0,0.0,0.0,-1.0,0.5274625777898472,0.0
1736063100.0,2.9060726836435e-05,2.9060726836435e-05,2.79225525518661e-05,2.79225525518661e-05,9.24421854876,0.0002633829441452532,-0.0391653756967258,inf,0.5274625777898472,0.0391653756967258
1736063160.0,2.79225525518661e-05,2.79225525518661e-05,2.78648518195696e-05,2.78648518195696e-05,13.9024348278,0.0003877903767430048,-0.0020664562163262945,0.47234430081069373,0.5068043077647444,0.0020664562163262945
1736063220.0,2.78648518195696e-05,2.78648518195696e-05,2.78648518195696e-05,2.78648518195696e-05,0.0,0.0,0.0,-1.0,0.505757018852503,0.0
1736063280.0,2.78648518195696e-05,2.78648518195696e-05,2.78648518195696e-05,2.78648518195696e-05,0.0,0.0,0.0,0.0,0.505757018852503,0.0
1736063340.0,2.78648518195696e-05,2.78648518195696e-05,2.78648518195696e-05,2.78648518195696e-05,0.0,0.0,0.0,0.0,0.505757018852503,0.0
1736063400.0,2.78648518195696e-05,2.78648518195696e-05,2.78648518195696e-05,2.78648518195696e-05,0.0,0.0,0.0,0.0,0.505757018852503,0.0
1736063460.0,2.78648518195696e-05,2.78648518195696e-05,2.78648518195696e-05,2.78648518195696e-05,0.0,0.0,0.0,0.0,0.505757018852503,0.0
1736063520.0,2.78648518195696e-05,3.04245886234134e-05,2.78648518195696e-05,3.04245886234134e-05,476.234,0.013879706689961782,0.09186256651995142,inf,0.505757018852503,0.09186256651995142
1736063580.0,3.04245886234134e-05,3.04245886234134e-05,3.04245886234134e-05,3.04245886234134e-05,0.0,0.0,0.0,-1.0,0.5522171566397733,0.0
1736063640.0,3.04245886234134e-05,3.05715420054145e-05,3.04245886234134e-05,3.05715420054145e-05,6.39779978432,0.00019512051569073484,0.004830086080046725,inf,0.5522171566397733,0.004830086080046725
1736063700.0,3.05715420054145e-05,3.0667655436e-05,3.05715420054145e-05,3.0667655436e-05,30.667655436,0.0009390313031552363,0.0031438855968887423,3.8125708351632115,0.5548844130412222,0.0031438855968887423
1736063760.0,3.0667655436e-05,3.0667655436e-05,3.0667655436e-05,3.0667655436e-05,0.0,0.0,0.0,-1.0,0.5566289061553205,0.0
1736063820.0,3.0667655436e-05,3.0667655436e-05,3.03966893233763e-05,3.06405330554369e-05,180.82718329636,0.005543093518954424,-0.0008843969379955001,inf,0.5566289061553205,0.008835566618034238
1736063880.0,3.06405330554369e-05,3.07604468901367e-05,3.06405330554369e-05,3.07604468901367e-05,8.53735686676,0.00026210103888206797,0.003913568816927784,-0.9527157465437266,0.5561366252551169,0.003913568816927784
1736063940.0,3.07604468901367e-05,3.07604468901367e-05,3.04263485775851e-05,3.04263485775851e-05,108.65513355255,0.0033241297165989363,-0.010861295797972629,11.682627015815166,0.5583131042096668,0.010861295797972629
1736064000.0,3.04263485775851e-05,3.04263485775851e-05,3.00241536752568e-05,3.00241536752568e-05,38.75963418405,0.0011715196767811214,-0.013218638487057692,-0.6475710105622007,0.5522491004369613,0.013218638487057692
1736064060.0,3.00241536752568e-05,3.00241536752568e-05,3.00241536752568e-05,3.00241536752568e-05,0.0,0.0,0.0,-1.0,0.5449491192234823,0.0
1736064120.0,3.00241536752568e-05,3.00241536752568e-05,3.00241536752568e-05,3.00241536752568e-05,0.0,0.0,0.0,0.0,0.5449491192234823,0.0
1736064180.0,3.00241536752568e-05,3.00241536752568e-05,2.98746397653904e-05,2.98746397653904e-05,1.910252952,5.7210923495617274e-05,-0.004979787656416689,inf,0.5449491192234823,0.004979787656416689
1736064240.0,2.98746397653904e-05,2.98746397653904e-05,2.98746397653904e-05,2.98746397653904e-05,0.0,0.0,0.0,-1.0,0.542235388326198,0.0
1736064300.0,2.98746397653904e-05,2.98746397653904e-05,2.98746397653904e-05,2.98746397653904e-05,0.0,0.0,0.0,0.0,0.542235388326198,0.0
1736064360.0,2.98746397653904e-05,2.98746397653904e-05,2.98746397653904e-05,2.98746397653904e-05,0.0,0.0,0.0,0.0,0.542235388326198,0.0
1736064420.0,2.98746397653904e-05,2.98746397653904e-05,2.98746397653904e-05,2.98746397653904e-05,0.0,0.0,0.0,0.0,0.542235388326198,0.0
1736064480.0,2.98746397653904e-05,3.06000369023882e-05,2.98746397653904e-05,3.06000369023882e-05,216.07,0.006533381693803461,0.024281368501660378,inf,0.542235388326198,0.024281368501660378
1736064540.0,3.06000369023882e-05,3.10279403020811e-05,3.06000369023882e-05,3.10279403020811e-05,1.96618322043,6.0585947344235044e-05,0.01398375436794004,-0.9907267093545602,0.5554016056047874,0.01398375436794004
1736064600.0,3.10279403020811e-05,3.10279403020811e-05,3.10279403020811e-05,3.10279403020811e-05,0.0,0.0,0.0,-1.0,0.5631682052331243,0.0
1736064660.0,3.10279403020811e-05,3.16227014346766e-05,3.10279403020811e-05,3.15704988319414e-05,170.49395793344,0.005336327824207517,0.017486127811839107,inf,0.5631682052331243,0.01916856635680749
1736064720.0,3.15704988319414e-05,3.15704988319414e-05,3.15704988319414e-05,3.15704988319414e-05,0.0,0.0,0.0,-1.0,0.5730158364493947,0.0
1736064780.0,3.15704988319414e-05,3.15704988319414e-05,3.15704988319414e-05,3.15704988319414e-05,0.0,0.0,0.0,0.0,0.5730158364493947,0.0
1736064840.0,3.15704988319414e-05,3.15704988319414e-05,3.15704988319414e-05,3.15704988319414e-05,0.0,0.0,0.0,0.0,0.5730158364493947,0.0
1736064900.0,3.15704988319414e-05,3.15704988319414e-05,3.15704988319414e-05,3.15704988319414e-05,0.0,0.0,0.0,0.0,0.5730158364493947,0.0
1736064960.0,3.15704988319414e-05,3.25946070561486e-05,3.15704988319414e-05,3.25946070561486e-05,360.56440697808,0.01156782667661244,0.032438772338024,inf,0.5730158364493947,0.032438772338024
