time,open,high,low,close,volume,usd_vol,price_change,vol_change,norm_open,mov_in_min
1730199840.0,6.925903297343782e-05,0.0001419066908512,6.623456565499477e-05,7.829007929936126e-05,56490.45937084568,4.167558566025453,0.130395212554975,0.0,1.0,1.092595751737206
1730199900.0,7.829007929936126e-05,9.52840055423592e-05,7.829007929936126e-05,8.806745768631723e-05,23245.389154108976,1.9335228429755866,0.12488655618254983,-0.5360538280762392,1.130395212554975,0.21706359726648772
1730199960.0,8.806745768631723e-05,9.790497442535618e-05,6.659446348328594e-05,6.781725486328177e-05,19934.03821300825,1.5537059083937566,-0.22993967754994782,-0.19643777985953992,1.2715663777762072,0.35552872496437304
1730200020.0,6.781725486328177e-05,9.31065842248575e-05,4.038136528502271e-05,5.060843276143165e-05,36703.95480497992,2.1733455431630757,-0.25375285591466007,0.39881397851534944,0.979182814886991,0.7774602355422344
1730200080.0,5.060843276143165e-05,7.97237812268052e-05,5.060843276143165e-05,7.479297196382709e-05,20170.34496176028,1.2646947959988921,0.4778756796599778,-0.4180884857553475,0.7307123791468612,0.5753062657091838
1730200140.0,7.479297196382709e-05,9.276968099070104e-05,7.026459590143469e-05,7.248577408704636e-05,17965.457472742877,1.3229650244079325,-0.030847789788278335,0.04607453797816642,1.0799020539676267,0.30089839323607465
1730200200.0,7.248577408704636e-05,8.334051096703728e-05,5.3880188049901286e-05,7.518188387032941e-05,16022.608493711028,1.1830105353171319,0.037195019536459144,-0.10578850272586351,1.0465894624149035,0.40642903091243565
1730200260.0,7.518188387032941e-05,0.000144914191208,7.518188387032941e-05,0.0001153342212034,31350.682845640396,2.986404993576596,0.5340693165167779,1.5244111564704068,1.085517377916078,0.9275147648327353
1730200320.0,0.0001153342212034,0.0001765510321193,0.0001074880046658,0.0001339022614334,39448.19201575395,4.915964312193806,0.16099332909400718,0.6461144160847118,1.6652589020068027,0.5988077669653875
1730200380.0,0.0001339022614334,0.0001522309759937,0.0001044493571345,0.0001090289218693,28125.6497135426,3.4162986830340745,-0.18575742708028456,-0.30506031653644944,1.933354476444309,0.35683952121275797
1730200440.0,0.0001090289218693,0.0001831233849397,0.0001083669116921,0.0001757336953054,28212.172470022084,4.016886034373755,0.6118080624154324,0.17580059797531764,1.5742195232658636,0.6856572730051885
1730200500.0,0.0001757336953054,0.0001895599726932,0.0001445683545232,0.000186370359446,22212.7545834264,4.021664250928222,0.06052717506517463,0.0011895325168745274,2.537339719611697,0.25602157908197976
1730200560.0,0.000186370359446,0.0002843002122506,0.0001663961960185,0.000169728399193,42130.612547506375,7.501329414433849,-0.08929510198118133,0.8652301501057683,2.6909177250204555,0.6326328745760784
1730200620.0,0.000169728399193,0.0002238894397568,0.0001678222425588,0.0001738067660277,30524.586426242535,5.243134420616383,0.024028782773485233,-0.30103930504269155,2.4506319523417854,0.33033480233467216
1730200680.0,0.0001738067660277,0.0001783378491096,0.0001308887130347,0.0001470742497027,22033.700401659757,3.535098082591953,-0.1538059589736545,-0.3257662689913705,2.509517655182368,0.2729993610682447
1730200740.0,0.0001470742497027,0.0001470742497027,0.0001093556788245,0.0001287907301633,16880.23389597653,2.328332691923468,-0.12431489248701798,-0.3413668765262881,2.1235388856657273,0.2564593799012769
1730200800.0,0.0001287907301633,0.0001489756059126,0.0001187233210715,0.0001213542264059,18478.97606463058,2.311211332565152,-0.05774098607850821,-0.007353484928380979,1.8595513774021903,0.23489489346587017
1730200860.0,0.0001213542264059,0.0001350249615237,0.0001205187831648,0.0001348302047395,5793.720342172907,0.7421304750375493,0.11104663374908892,-0.6788997766751695,1.7521790472073397,0.11953583149531512
1730200920.0,0.0001348302047395,0.0001379104715452,0.0001049150673204,0.0001115902846548,12857.908365942683,1.58422603606133,-0.172364346175999,1.1347001495675995,1.9467526321254007,0.24471819418022175
1730200980.0,0.0001115902846548,0.0001115902846548,7.648906001525461e-05,8.111519945986997e-05,12354.76593015534,1.1904155748470076,-0.2730980146632251,-0.24858224284295055,1.611201887522701,0.31455448606596526
1730201040.0,8.111519945986997e-05,8.111519945986997e-05,4.688275600804222e-05,4.77651686174374e-05,10866.501481659743,0.7002393553344568,-0.4111440403833536,-0.4117689904851491,1.1711858508186104,0.42202255162749763
1730201100.0,4.77651686174374e-05,6.364832471204074e-05,4.77651686174374e-05,5.966300781003338e-05,8387.160909299833,0.4505087009449244,0.24909027931814925,-0.35663613089877394,0.6896597680732313,0.3325259086137707
1730201160.0,5.966300781003338e-05,6.703265823829938e-05,4.915560553260575e-05,4.929859745149139e-05,11127.76410960149,0.6062495201768802,-0.17371585407732384,0.34569991413106,0.8614473123370825,0.2996337825041278
1730201220.0,4.929859745149139e-05,6.380888558633527e-05,4.9061327988543575e-05,6.287869720655582e-05,4521.604201552376,0.2536106634223026,0.27546624969253775,-0.5816728014097087,0.711800256731831,0.2991476098747623
1730201280.0,6.287869720655582e-05,6.294575673163397e-05,4.350363741233254e-05,4.760637543319363e-05,5284.008712398622,0.29190204320921537,-0.24288546760427915,0.1509848965741297,0.9078772039839341,0.3092004157693389
1730201340.0,4.760637543319363e-05,4.760637543319363e-05,3.563038665604365e-05,3.6856179416577455e-05,14603.888656988122,0.6167408733554045,-0.22581420910108993,1.1128350681443053,0.6873670247670307,0.2515627091576415
1730201400.0,3.6856179416577455e-05,4.475382652495982e-05,3.640739981416428e-05,4.32147313465252e-05,3179.6224473292637,0.12729763262022978,0.17252336054907924,-0.7935962441930244,0.5321497837070944,0.2264593575057707
1730201460.0,4.32147313465252e-05,4.661001179057493e-05,4.173146954092335e-05,4.173146954092335e-05,1755.0325816412385,0.07454167512205705,-0.03432305973877387,-0.4144299969470831,0.623958052707708,0.11289072262261902
1730201520.0,4.173146954092335e-05,4.540265912586031e-05,3.885136184072752e-05,4.035395902964801e-05,3057.857076203769,0.12550275430387034,-0.033008914529705335,0.683658894147038,0.6025419031901323,0.15698697786590915
1730201580.0,4.035395902964801e-05,4.035395902964801e-05,3.088206241519277e-05,3.1328009446776005e-05,4028.1884602705663,0.14437423911310485,-0.2236694936484584,0.1503670968331293,0.5826526490071633,0.2347203804091749
1730201640.0,3.1328009446776005e-05,3.39310323960384e-05,2.966481880902011e-05,3.200562061214711e-05,2583.4534067738045,0.08180974116953837,0.02162956336317243,-0.4333494557471056,0.4523310260307981,0.13617889110593737
1730201700.0,3.200562061214711e-05,3.200562061214711e-05,2.6660562086291163e-05,2.6660562086291163e-05,789.0173388707858,0.02314431767721455,-0.1670037457054445,-0.7170958207867761,0.46211474861946006,0.1670037457054445
1730201760.0,2.6660562086291163e-05,2.6660562086291163e-05,2.0148881057907544e-05,2.446012603807869e-05,3751.58887478291,0.09589190241931637,-0.08253524592206313,3.1432157887169607,0.3849398546542803,0.24424395132058824
1730201820.0,2.446012603807869e-05,3.236874785496698e-05,2.446012603807869e-05,2.6120179109561723e-05,3521.787932481603,0.08906655414509855,0.06786772353088942,-0.07117752492146753,0.3531687490851861,0.32332710815048205
1730201880.0,2.6120179109561723e-05,2.7038910273844153e-05,2.249781022275155e-05,2.249781022275155e-05,943.3292455813248,0.022931385599265986,-0.1386808594082016,-0.742536513067426,0.3771375081078495,0.17385409311493805
1730201940.0,2.249781022275155e-05,2.249781022275155e-05,1.5322794829029444e-05,1.8587393929502665e-05,2324.5593355884425,0.04775249743333979,-0.17381319579691204,1.082407852182657,0.32483575436838535,0.3189206115031661
1730202000.0,1.8587393929502665e-05,1.986705166573441e-05,1.7524473972146362e-05,1.9487032703970132e-05,1039.9554379595784,0.01979785351233652,0.048400479264579604,-0.5854069509144861,0.26837501379251555,0.12603045389110804
1730202060.0,1.9487032703970132e-05,1.9778551805057257e-05,1.8460091904111155e-05,1.9421602640863084e-05,427.0732472883532,0.008308418622138157,-0.0033576206342445123,-0.5803374028926429,0.2813644930827115,0.06765832032895852
1730202120.0,1.9421602640863084e-05,1.9421602640863084e-05,1.306734345116936e-05,1.306734345116936e-05,1116.364723418928,0.018134756659102132,-0.32717481184196157,1.1826965495914294,0.2804197778549932,0.32717481184196157
1730202180.0,1.306734345116936e-05,1.3922553699645124e-05,9.880569222813032e-06,1.0486619303918424e-05,2000.4421016570336,0.023559169378069653,-0.19749416986663762,0.29911692894125047,0.18867348979852117,0.30931952557429615
1730202240.0,1.0486619303918424e-05,1.2187163225873592e-05,1.0486619303918424e-05,1.2187163225873592e-05,856.7405790038417,0.0097127747863906,0.16216321701692205,-0.5877284707910009,0.15141157555492069,0.16216321701692205
1730202300.0,1.2187163225873592e-05,1.9438375218954065e-05,1.2091843367549852e-05,1.923658517091494e-05,4956.039340246925,0.07786866663625261,0.5784300919245328,7.017139113053569,0.17596496374050738,0.6028090143083814
1730202360.0,1.923658517091494e-05,1.935582856386366e-05,1.484285363182226e-05,1.5581479708296163e-05,2963.7156390845353,0.05159542170258897,-0.19000802014201412,-0.3374045822101164,0.27774839389242617,0.23460374551637503
1730202420.0,1.5581479708296163e-05,1.8416942232301667e-05,1.5321730118979782e-05,1.8416942232301667e-05,818.6614084559423,0.013916597995584612,0.18197646032910456,-0.7302745566107797,0.224973971471302,0.1986468661043712
1730202480.0,1.8416942232301667e-05,1.8416942232301667e-05,1.7424332261922807e-05,1.827295962273336e-05,573.496065060797,0.010520757170664714,-0.007817943269419224,-0.24401371843875305,0.26591393846583045,0.053896567511511825
1730202540.0,1.827295962273336e-05,2.2093018762144975e-05,1.8086610642017663e-05,2.0906040550615755e-05,1109.1617208500345,0.02172792362672785,0.14409712396050947,1.0652433350816568,0.26383503838035677,0.21925337782407975
1730202600.0,2.0906040550615755e-05,2.0906040550615755e-05,1.776195807915527e-05,1.8306568587990784e-05,997.6473288152148,0.01956017738150295,-0.1243407117828635,-0.09976775887403817,0.3018529086109768,0.15039110174154344
1730202660.0,1.8306568587990784e-05,1.8306568587990784e-05,1.7769589823994474e-05,1.7769589823994474e-05,138.2083822617115,0.0024930137461688586,-0.029332573246335814,-0.8725464653236543,0.2643203031005603,0.029332573246335814
1730202720.0,1.7769589823994474e-05,1.7769589823994474e-05,1.5806934619829965e-05,1.5806934619829965e-05,376.6444535358448,0.006323205850388595,-0.11045022555975459,1.5363702306518718,0.2565671084493694,0.11045022555975459
1730202780.0,1.5806934619829965e-05,1.5806934619829965e-05,1.5753122567867304e-05,1.5753122567867304e-05,2.9170622786826423,4.603132616764935e-05,-0.0034043319123464736,-0.9927202550008994,0.22822921344992256,0.0034043319123464736
1730202840.0,1.5753122567867304e-05,1.5753122567867304e-05,1.526506294984392e-05,1.526506294984392e-05,113.22101264887525,0.0017559551874229708,-0.03098176986313254,37.14696063779822,0.22745224545524526,0.03098176986313254
1730202900.0,1.526506294984392e-05,1.526506294984392e-05,1.2500064035515594e-05,1.2500064035515594e-05,675.2090180738247,0.009373632064239825,-0.18113249342064433,4.33819549119389,0.2204053723316981,0.18113249342064433
1730202960.0,1.2500064035515594e-05,1.2500064035515594e-05,1.0793804178094883e-05,1.0793804178094883e-05,445.2800337670508,0.005186147212360852,-0.13650008932536897,-0.4467302346818288,0.18048279767795214,0.13650008932536897
1730203020.0,1.0793804178094883e-05,1.079453572556892e-05,1.042804911027316e-05,1.0614671588543848e-05,211.49276150470615,0.0022638688297465033,-0.01659587172375891,-0.563477715335439,0.15584687967321917,0.03395342450621014
1730203080.0,1.0614671588543848e-05,1.0773593795063236e-05,1.0614671588543848e-05,1.0773593795063236e-05,44.15873947653408,0.00047223941946483873,0.014971938151238639,-0.7914015983347773,0.15326046484961434,0.014971938151238639
1730203140.0,1.0773593795063236e-05,1.2302800135089489e-05,1.0773593795063236e-05,1.2268197755839865e-05,404.2346215769192,0.004657144944016785,0.13872844931850856,8.861830148136415,0.15555507105037286,0.14194022617847146
1730203200.0,1.2268197755839865e-05,1.2356375894194228e-05,1.2268197755839865e-05,1.2329493927706115e-05,18.29420567121757,0.00022499761534799402,0.004996346903282741,-0.951687650255108,0.1771349848408215,0.007187538064618264
1730203260.0,1.2329493927706115e-05,1.2333998453515836e-05,1.2265608240078524e-05,1.2333998453515836e-05,59.720769110470414,0.0007364613669784012,0.0003653455556353986,2.2731963218336713,0.17802001267379397,0.005546879201881081
1730203320.0,1.2333998453515836e-05,1.2333998453515836e-05,1.2221311301924888e-05,1.2221311301924888e-05,25.428026343580715,0.00031219653166806563,-0.009136303366312352,-0.576085663598398,0.1780850514942385,0.009136303366312352
1730203380.0,1.2221311301924888e-05,1.2221311301924888e-05,1.1020774067693537e-05,1.1020774067693537e-05,328.3481397389236,0.003815747747383731,-0.09823309500693793,11.222261813724181,0.17645801243878179,0.09823309500693793
1730203440.0,1.1020774067693537e-05,1.1020774067693537e-05,1.0078343555729786e-05,1.0078343555729786e-05,311.7387090501386,0.0032887058450115077,-0.08551400347879426,-0.13812283653540508,0.1591239957381475,0.08551400347879426
1730203500.0,1.0078343555729786e-05,1.0078343555729786e-05,9.482974370184677e-06,9.632331362913923e-06,147.77059570876256,0.001456329087274873,-0.04425451368566354,-0.5571725913146309,0.1455166658130359,0.05907411096406091
1730203560.0,9.632331362913923e-06,1.1258443638252727e-05,9.401220133850124e-06,1.0245412877904286e-05,1162.035332344774,0.011549320567571802,0.06364829986547475,6.930433216288525,0.1390768965343208,0.19281142170349566
1730203620.0,1.0245412877904286e-05,1.0245412877904286e-05,9.298713920162304e-06,9.298713920162304e-06,17.631469344585966,0.00017229583625340606,-0.09240222614978012,-0.9850817340080439,0.14792890454929686,0.09240222614978012
1730203680.0,9.298713920162304e-06,9.298713920162304e-06,9.218305655963526e-06,9.218305655963526e-06,22.82422153869833,0.00021131827852095486,-0.008647245725500852,0.22648511488203407,0.13425994445704348,0.008647245725500852
1730203740.0,9.218305655963526e-06,9.939141606401324e-06,9.16457027237163e-06,9.939141606401324e-06,293.4081213329646,0.002810475305392908,0.07819614334131715,12.29972648397386,0.13309896572623134,0.08402534727502844
1730203800.0,9.939141606401324e-06,1.0218945196243412e-05,9.939141606401324e-06,1.0218945196243412e-05,51.24095685444025,0.0005164598280611902,0.028151685620605257,-0.8162375499011941,0.14350679152874077,0.028151685620605257
1730203860.0,1.0218945196243412e-05,1.0268828157618256e-05,1.0128064723304233e-05,1.0268828157618256e-05,105.40182958657286,0.001079724397826028,0.004881419795967028,1.0906261032525113,0.14754674960827963,0.01377475185655851
1730203920.0,1.0268828157618256e-05,1.0312481496853113e-05,1.0268828157618256e-05,1.0290636975246423e-05,19.168409279742143,0.00019704612111966918,0.00212378835183714,-0.8175033170349657,0.14826698723264806,0.004251053631905479
1730203980.0,1.0290636975246423e-05,1.0290636975246423e-05,1.0290636975246423e-05,1.0290636975246423e-05,0.0,0.0,0.0,-1.0,0.14858187493309474,0.0
1730204040.0,1.0290636975246423e-05,1.0737444943806784e-05,1.0290636975246423e-05,1.0737444943806784e-05,243.07369008253795,0.00255568673371108,0.04341888355746423,0.0,0.14858187493309474,0.04341888355746423
1730204100.0,1.0737444943806784e-05,1.130585110422743e-05,1.0737444943806784e-05,1.130585110422743e-05,63.00623218198763,0.000694432514429367,0.05293681722191234,-0.7282794854043044,0.1550331340595645,0.05293681722191234
1730204160.0,1.130585110422743e-05,1.130585110422743e-05,1.130585110422743e-05,1.130585110422743e-05,0.0,0.0,0.0,-1.0,0.1632400947406159,0.0
1730204220.0,1.130585110422743e-05,1.130585110422743e-05,1.130585110422743e-05,1.130585110422743e-05,0.0,0.0,0.0,0.0,0.1632400947406159,0.0
1730204280.0,1.130585110422743e-05,1.142932007795016e-05,1.130585110422743e-05,1.142932007795016e-05,1.8003852958600228,2.0466033947626533e-05,0.010920803094298994,0.0,0.1632400947406159,0.010920803094298994
1730204340.0,1.142932007795016e-05,1.142932007795016e-05,1.1245907522703126e-05,1.1245907522703126e-05,69.13829152923088,0.0007838632481728146,-0.016047547360308875,37.30069129068947,0.16502280767237287,0.016047547360308875
1730204400.0,1.1245907522703126e-05,1.2151506397550052e-05,1.1189887598429174e-05,1.2151506397550052e-05,291.3813998406531,0.0034087856103672772,0.08052697152441558,3.348699366009514,0.16237459635071932,0.085508332447121
1730204460.0,1.2151506397550052e-05,1.2151506397550052e-05,1.1769684761807057e-05,1.1769684761807057e-05,181.51560883401956,0.002171034788662836,-0.03142175325850769,-0.36310609207572914,0.17545013084734218,0.03142175325850769
1730204520.0,1.1769684761807057e-05,1.1769684761807057e-05,1.1433862943701582e-05,1.1518892759643496e-05,23.10694103897466,0.00026906389383487433,-0.02130830240903197,-0.8760665212552426,0.1699371801266841,0.028532779331119
1730204580.0,1.1518892759643496e-05,1.1518892759643496e-05,1.134941534610004e-05,1.134941534610004e-05,73.12855875329716,0.0008361632064496839,-0.014712995170614081,2.107675260816826,0.16631610730200658,0.014712995170614081
1730204640.0,1.134941534610004e-05,1.134941534610004e-05,1.1194054347501918e-05,1.1235753257606006e-05,10.238492055468216,0.00011561903466022725,-0.010014796800356046,-0.8617267134353578,0.16386909921847684,0.013688898842838445
1730204700.0,1.1235753257606006e-05,1.1235753257606006e-05,1.10627018891483e-05,1.10627018891483e-05,61.65118904910792,0.0006873631368778016,-0.015401848411058561,4.945068983647667,0.1622279834879464,0.015401848411058561
1730204760.0,1.10627018891483e-05,1.10627018891483e-05,1.0313086339943652e-05,1.0313086339943652e-05,234.8147169257772,0.0025096748310397933,-0.06776062093293557,2.6511629681502105,0.15972937267823334,0.06776062093293557
1730204820.0,1.0313086339943652e-05,1.0313086339943652e-05,1.0313086339943652e-05,1.0313086339943652e-05,0.0,0.0,0.0,-1.0,0.14890601120432798,0.0
1730204880.0,1.0313086339943652e-05,1.0313086339943652e-05,1.0313086339943652e-05,1.0313086339943652e-05,0.0,0.0,0.0,0.0,0.14890601120432798,0.0
1730204940.0,1.0313086339943652e-05,1.0313086339943652e-05,1.0017930485928988e-05,1.0017930485928988e-05,46.30222747129772,0.00047068568289716816,-0.02861954649516459,0.0,0.14890601120432798,0.02861954649516459
1730205000.0,1.0017930485928988e-05,1.0017930485928988e-05,9.87550069134967e-06,9.87550069134967e-06,34.77132736757072,0.000345860503964697,-0.014217486813206906,-0.2651985889270017,0.14464438869325622,0.014217486813206906
1730205060.0,9.87550069134967e-06,9.87550069134967e-06,9.800978583732267e-06,9.800978583732267e-06,7.884591141767874,7.757049709674509e-05,-0.007546159931179875,-0.7757173883472309,0.14258790900440546,0.007546159931179875
1730205120.0,9.800978583732267e-06,9.800978583732267e-06,9.800978583732267e-06,9.800978583732267e-06,0.0,0.0,0.0,-1.0,0.1415119178388057,0.0
1730205180.0,9.800978583732267e-06,9.800978583732267e-06,9.786536173796868e-06,9.786536173796868e-06,0.3894877706979918,3.8145487282120193e-06,-0.001473568155670767,0.0,0.1415119178388057,0.001473568155670767
1730205240.0,9.786536173796868e-06,9.786536173796868e-06,9.786536173796868e-06,9.786536173796868e-06,0.0,0.0,0.0,-1.0,0.14130339038303052,0.0
1730205300.0,9.786536173796868e-06,9.786536173796868e-06,9.776455826741274e-06,9.776455826741274e-06,5.404425614387224,5.286336753088035e-05,-0.0010300219481724341,0.0,0.14130339038303052,0.0010300219481724341
1730205360.0,9.776455826741274e-06,9.884477868511782e-06,9.776455826741274e-06,9.828506523711434e-06,74.72817003422128,0.0007325214800195682,0.005324086549625387,12.856882643574739,0.14115784478958485,0.011049202664531894
1730205420.0,9.828506523711434e-06,9.828506523711434e-06,9.828506523711434e-06,9.828506523711434e-06,0.0,0.0,0.0,-1.0,0.14190938137240316,0.0
1730205480.0,9.828506523711434e-06,9.828506523711434e-06,9.76194741022254e-06,9.76194741022254e-06,0.81421213246753,7.975392636777646e-06,-0.006772047546422183,0.0,0.14190938137240316,0.006772047546422183
1730205540.0,9.76194741022254e-06,9.76194741022254e-06,9.713776988140106e-06,9.713776988140106e-06,17.09354615645071,0.00016645459696686254,-0.004934509484448802,19.871022223943616,0.1409483642944659,0.004934509484448802
1730205600.0,9.713776988140106e-06,9.713776988140106e-06,9.713776988140106e-06,9.713776988140106e-06,0.0,0.0,0.0,-1.0,0.1402528532540373,0.0
1730205660.0,9.713776988140106e-06,9.713776988140106e-06,9.69215074998085e-06,9.69215074998085e-06,4.24691818054341,4.1207693660668775e-05,-0.0022263469900183617,0.0,0.1402528532540373,0.0022263469900183617
1730205720.0,9.69215074998085e-06,9.69215074998085e-06,9.69215074998085e-06,9.69215074998085e-06,0.0,0.0,0.0,-1.0,0.1399406017363537,0.0
1730205780.0,9.69215074998085e-06,9.69215074998085e-06,9.69215074998085e-06,9.69215074998085e-06,0.0,0.0,0.0,0.0,0.1399406017363537,0.0
1730205840.0,9.69215074998085e-06,9.69215074998085e-06,9.69215074998085e-06,9.69215074998085e-06,0.0,0.0,0.0,0.0,0.1399406017363537,0.0
1730205900.0,9.69215074998085e-06,9.69215074998085e-06,9.69215074998085e-06,9.69215074998085e-06,0.0,0.0,0.0,0.0,0.1399406017363537,0.0
1730205960.0,9.69215074998085e-06,9.69215074998085e-06,9.69215074998085e-06,9.69215074998085e-06,0.0,0.0,0.0,0.0,0.1399406017363537,0.0
1730206020.0,9.69215074998085e-06,9.69215074998085e-06,9.69215074998085e-06,9.69215074998085e-06,0.0,0.0,0.0,0.0,0.1399406017363537,0.0
1730206080.0,9.69215074998085e-06,9.69215074998085e-06,9.69215074998085e-06,9.69215074998085e-06,0.0,0.0,0.0,0.0,0.1399406017363537,0.0
1730206140.0,9.69215074998085e-06,9.69215074998085e-06,9.69215074998085e-06,9.69215074998085e-06,0.0,0.0,0.0,0.0,0.1399406017363537,0.0
1730206200.0,9.69215074998085e-06,9.69215074998085e-06,9.69215074998085e-06,9.69215074998085e-06,0.0,0.0,0.0,0.0,0.1399406017363537,0.0
1730206260.0,9.69215074998085e-06,9.69215074998085e-06,9.678632869635674e-06,9.678632869635674e-06,0.7416897274498985,7.183555611662169e-06,-0.001394724524399627,0.0,0.1399406017363537,0.001394724524399627
1730206320.0,9.678632869635674e-06,9.678632869635674e-06,9.671570283738756e-06,9.671570283738756e-06,3.3287000687140003,3.220551128313366e-05,-0.000729709039700723,3.483227112608345,0.13974542314715277,0.000729709039700723
1730206380.0,9.671570283738756e-06,9.671570283738756e-06,9.671570283738756e-06,9.671570283738756e-06,0.0,0.0,0.0,-1.0,0.1396434496486255,0.0
1730206440.0,9.671570283738756e-06,9.671570283738756e-06,9.671570283738756e-06,9.671570283738756e-06,0.0,0.0,0.0,0.0,0.1396434496486255,0.0
1730206500.0,9.671570283738756e-06,9.671570283738756e-06,9.647500164236345e-06,9.647500164236345e-06,10.372466173614873,0.00010019320236365222,-0.0024887498923398064,0.0,0.1396434496486255,0.0024887498923398064
1730206560.0,9.647500164236345e-06,9.647500164236345e-06,9.647500164236345e-06,9.647500164236345e-06,0.0,0.0,0.0,-1.0,0.1392959120283465,0.0
1730206620.0,9.647500164236345e-06,9.647500164236345e-06,9.647500164236345e-06,9.647500164236345e-06,0.0,0.0,0.0,0.0,0.1392959120283465,0.0
1730206680.0,9.647500164236345e-06,9.647500164236345e-06,9.647500164236345e-06,9.647500164236345e-06,0.0,0.0,0.0,0.0,0.1392959120283465,0.0
1730206740.0,9.647500164236345e-06,9.647500164236345e-06,9.647500164236345e-06,9.647500164236345e-06,0.0,0.0,0.0,0.0,0.1392959120283465,0.0
1730206800.0,9.647500164236345e-06,9.647500164236345e-06,9.647500164236345e-06,9.647500164236345e-06,0.0,0.0,0.0,0.0,0.1392959120283465,0.0
1730206860.0,9.647500164236345e-06,9.647500164236345e-06,9.647500164236345e-06,9.647500164236345e-06,0.0,0.0,0.0,0.0,0.1392959120283465,0.0
1730206920.0,9.647500164236345e-06,9.647500164236345e-06,9.647500164236345e-06,9.647500164236345e-06,0.0,0.0,0.0,0.0,0.1392959120283465,0.0
1730206980.0,9.647500164236345e-06,9.647500164236345e-06,9.647500164236345e-06,9.647500164236345e-06,0.0,0.0,0.0,0.0,0.1392959120283465,0.0
1730207040.0,9.647500164236345e-06,9.647500164236345e-06,9.647500164236345e-06,9.647500164236345e-06,0.0,0.0,0.0,0.0,0.1392959120283465,0.0
1730207100.0,9.647500164236345e-06,9.647500164236345e-06,9.577770516661227e-06,9.577770516661227e-06,14.15357824493243,0.00013605318643104456,-0.0072277425641937895,0.0,0.1392959120283465,0.0072277425641937895
1730207160.0,9.577770516661227e-06,9.577770516661227e-06,9.577770516661227e-06,9.577770516661227e-06,0.0,0.0,0.0,-1.0,0.13828911703596103,0.0
1730207220.0,9.577770516661227e-06,9.577770516661227e-06,9.577770516661227e-06,9.577770516661227e-06,0.0,0.0,0.0,0.0,0.13828911703596103,0.0
1730207280.0,9.577770516661227e-06,9.577770516661227e-06,9.363533063703962e-06,9.363533063703962e-06,62.01865801052835,0.0005873571145121324,-0.022368196500906313,0.0,0.13828911703596103,0.022368196500906313
1730207340.0,9.363533063703962e-06,9.363533063703962e-06,9.347134578377004e-06,9.347134578377004e-06,9.197084028435931,8.604179126617792e-05,-0.0017513138700309316,-0.853510259533256,0.13519583889216383,0.0017513138700309316
1730207400.0,9.347134578377004e-06,9.347134578377004e-06,9.284402260758469e-06,9.284402260758469e-06,24.49565832569124,0.00022819588024699597,-0.0067113955718210985,1.65215166826376,0.13495906854434153,0.0067113955718210985
1730207460.0,9.284402260758469e-06,9.284402260758469e-06,9.211486415761043e-06,9.211486415761043e-06,11.231512631025629,0.00010386840364618638,-0.007853585287403165,-0.5448278753597098,0.13405330484933592,0.007853585287403165
1730207520.0,9.211486415761043e-06,9.211486415761043e-06,9.211486415761043e-06,9.211486415761043e-06,0.0,0.0,0.0,-1.0,0.1330005057866434,0.0
1730207580.0,9.211486415761043e-06,9.211486415761043e-06,9.140103404223508e-06,9.140103404223508e-06,17.767709438629712,0.00016303285782920022,-0.007749347750803507,0.0,0.1330005057866434,0.007749347750803507
1730207640.0,9.140103404223508e-06,9.140103404223508e-06,9.140103404223508e-06,9.140103404223508e-06,0.0,0.0,0.0,-1.0,0.13196983861626996,0.0
1730207700.0,9.140103404223508e-06,9.140103404223508e-06,9.12993584668094e-06,9.12993584668094e-06,1.8087131438610005,1.652263006598363e-05,-0.0011124116536657353,0.0,0.13196983861626996,0.0011124116536657353
1730207760.0,9.12993584668094e-06,9.12993584668094e-06,9.12993584668094e-06,9.12993584668094e-06,0.0,0.0,0.0,-1.0,0.13182303382986083,0.0
1730207820.0,9.12993584668094e-06,9.12993584668094e-06,9.126326369674112e-06,9.126326369674112e-06,0.4537103284420617,4.141527363153426e-06,-0.0003953452759627844,0.0,0.13182303382986083,0.0003953452759627844
1730207880.0,9.126326369674112e-06,9.126326369674112e-06,8.842405389165785e-06,8.842405389165785e-06,168.1446935314857,0.0015106734473698043,-0.031110105973392352,363.76239679352335,0.13177091821617312,0.031110105973392352
1730207940.0,8.842405389165785e-06,8.842405389165785e-06,8.842405389165785e-06,8.842405389165785e-06,0.0,0.0,0.0,-1.0,0.12767151098625676,0.0
1730208000.0,8.842405389165785e-06,8.842405389165785e-06,8.842405389165785e-06,8.842405389165785e-06,0.0,0.0,0.0,0.0,0.12767151098625676,0.0
1730208060.0,8.842405389165785e-06,8.842405389165785e-06,8.842405389165785e-06,8.842405389165785e-06,0.0,0.0,0.0,0.0,0.12767151098625676,0.0
1730208120.0,8.842405389165785e-06,8.842405389165785e-06,8.842405389165785e-06,8.842405389165785e-06,0.0,0.0,0.0,0.0,0.12767151098625676,0.0
1730208180.0,8.842405389165785e-06,8.842405389165785e-06,8.262400108884751e-06,8.262400108884751e-06,187.0437607750792,0.0015996735738408117,-0.06559360883766865,0.0,0.12767151098625676,0.06559360883766865
1730208240.0,8.262400108884751e-06,8.262400108884751e-06,8.262400108884751e-06,8.262400108884751e-06,0.0,0.0,0.0,-1.0,0.1192970758349101,0.0
1730208300.0,8.262400108884751e-06,8.262400108884751e-06,8.262400108884751e-06,8.262400108884751e-06,0.0,0.0,0.0,0.0,0.1192970758349101,0.0
1730208360.0,8.262400108884751e-06,8.262400108884751e-06,7.965987765394845e-06,7.965987765394845e-06,0.9854029223876956,7.99575041847808e-06,-0.03587484745154943,0.0,0.1192970758349101,0.03587484745154943
1730208420.0,7.965987765394845e-06,7.965987765394845e-06,7.965987765394845e-06,7.965987765394845e-06,0.0,0.0,0.0,-1.0,0.11501731143791678,0.0
1730208480.0,7.965987765394845e-06,7.965987765394845e-06,7.965987765394845e-06,7.965987765394845e-06,0.0,0.0,0.0,0.0,0.11501731143791678,0.0
1730208540.0,7.965987765394845e-06,7.965987765394845e-06,7.965987765394845e-06,7.965987765394845e-06,0.0,0.0,0.0,0.0,0.11501731143791678,0.0
1730208600.0,7.965987765394845e-06,7.965987765394845e-06,7.935386379207001e-06,7.935386379207001e-06,16.898683182182232,0.00013435614191548528,-0.003841505546968044,0.0,0.11501731143791678,0.003841505546968044
1730208660.0,7.935386379207001e-06,7.935386379207001e-06,7.935386379207001e-06,7.935386379207001e-06,0.0,0.0,0.0,-1.0,0.11457547179803068,0.0
1730208720.0,7.935386379207001e-06,7.935386379207001e-06,7.935386379207001e-06,7.935386379207001e-06,0.0,0.0,0.0,0.0,0.11457547179803068,0.0
1730208780.0,7.935386379207001e-06,7.935386379207001e-06,7.877811930051025e-06,7.877811930051025e-06,9.353758065003106,7.395641560935786e-05,-0.007255405900188771,0.0,0.11457547179803068,0.007255405900188771
1730208840.0,7.877811930051025e-06,7.877811930051025e-06,7.728602239941301e-06,7.728602239941301e-06,85.03871804969417,0.0006635747271843647,-0.01894049914298446,7.972510656673864,0.11374418024393033,0.01894049914298446
1730208900.0,7.728602239941301e-06,7.728602239941301e-06,7.728602239941301e-06,7.728602239941301e-06,0.0,0.0,0.0,-1.0,0.1115898086955007,0.0
1730208960.0,7.728602239941301e-06,7.728602239941301e-06,7.57376226655889e-06,7.57376226655889e-06,7.8053833144428575,5.9720410295279594e-05,-0.020034667146175644,0.0,0.1115898086955007,0.020034667146175644
1730209020.0,7.57376226655889e-06,7.57376226655889e-06,7.57376226655889e-06,7.57376226655889e-06,0.0,0.0,0.0,-1.0,0.10935414402138093,0.0
1730209080.0,7.57376226655889e-06,7.57376226655889e-06,7.572736296800629e-06,7.572736296800629e-06,5.440238610148978,4.1200283146477244e-05,-0.00013546368662648858,0.0,0.10935414402138093,0.00013546368662648858
1730209140.0,7.572736296800629e-06,7.572736296800629e-06,7.572736296800629e-06,7.572736296800629e-06,0.0,0.0,0.0,-1.0,0.1093393305058839,0.0
1730209200.0,7.572736296800629e-06,7.572736296800629e-06,7.555960895103669e-06,7.555960895103669e-06,24.026177848117,0.00018174238467150045,-0.0022152364798504456,0.0,0.1093393305058839,0.0022152364798504456
1730209260.0,7.555960895103669e-06,7.555960895103669e-06,7.555960895103669e-06,7.555960895103669e-06,0.0,0.0,0.0,-1.0,0.10909711803226485,0.0
1730209320.0,7.555960895103669e-06,7.555960895103669e-06,7.555960895103669e-06,7.555960895103669e-06,0.0,0.0,0.0,0.0,0.10909711803226485,0.0
1730209380.0,7.555960895103669e-06,7.555960895103669e-06,7.555960895103669e-06,7.555960895103669e-06,0.0,0.0,0.0,0.0,0.10909711803226485,0.0
1730209440.0,7.555960895103669e-06,7.555960895103669e-06,7.555960895103669e-06,7.555960895103669e-06,0.0,0.0,0.0,0.0,0.10909711803226485,0.0
1730209500.0,7.555960895103669e-06,7.555960895103669e-06,7.555960895103669e-06,7.555960895103669e-06,0.0,0.0,0.0,0.0,0.10909711803226485,0.0
1730209560.0,7.555960895103669e-06,7.555960895103669e-06,7.555960895103669e-06,7.555960895103669e-06,0.0,0.0,0.0,0.0,0.10909711803226485,0.0
1730209620.0,7.555960895103669e-06,7.555960895103669e-06,7.555960895103669e-06,7.555960895103669e-06,0.0,0.0,0.0,0.0,0.10909711803226485,0.0
1730209680.0,7.555960895103669e-06,7.555960895103669e-06,7.518387825015162e-06,7.518387825015162e-06,0.6083232779615124,4.585038613278808e-06,-0.0049726395636661355,0.0,0.10909711803226485,0.0049726395636661355
1730209740.0,7.518387825015162e-06,7.518387825015162e-06,7.518387825015162e-06,7.518387825015162e-06,0.0,0.0,0.0,-1.0,0.10855461738685565,0.0
1730209800.0,7.518387825015162e-06,7.518387825015162e-06,7.518387825015162e-06,7.518387825015162e-06,0.0,0.0,0.0,0.0,0.10855461738685565,0.0
1730209860.0,7.518387825015162e-06,7.518387825015162e-06,7.504241689394131e-06,7.504241689394131e-06,5.5287158406288714,4.152792488210673e-05,-0.0018815384295505168,0.0,0.10855461738685565,0.0018815384295505168
1730209920.0,7.504241689394131e-06,7.504241689394131e-06,7.504241689394131e-06,7.504241689394131e-06,0.0,0.0,0.0,-1.0,0.10835036770253713,0.0
1730209980.0,7.504241689394131e-06,7.504241689394131e-06,7.504241689394131e-06,7.504241689394131e-06,0.0,0.0,0.0,0.0,0.10835036770253713,0.0
1730210040.0,7.504241689394131e-06,7.504241689394131e-06,7.504241689394131e-06,7.504241689394131e-06,0.0,0.0,0.0,0.0,0.10835036770253713,0.0
1730210100.0,7.504241689394131e-06,7.504241689394131e-06,7.444268314569549e-06,7.444268314569549e-06,35.06036745503582,0.00026205012682212284,-0.007991930071940954,0.0,0.10835036770253713,0.007991930071940954
1730210160.0,7.444268314569549e-06,7.444268314569549e-06,7.444268314569549e-06,7.444268314569549e-06,0.0,0.0,0.0,-1.0,0.10748443914058936,0.0
1730210220.0,7.444268314569549e-06,7.444268314569549e-06,7.444268314569549e-06,7.444268314569549e-06,0.0,0.0,0.0,0.0,0.10748443914058936,0.0
1730210280.0,7.444268314569549e-06,7.444268314569549e-06,7.29962365829893e-06,7.29962365829893e-06,74.13086818556431,0.0005464887561914565,-0.019430338907522684,0.0,0.10748443914058936,0.019430338907522684
1730210340.0,7.29962365829893e-06,7.29962365829893e-06,7.29962365829893e-06,7.29962365829893e-06,0.0,0.0,0.0,-1.0,0.10539598006080271,0.0
1730210400.0,7.29962365829893e-06,7.29962365829893e-06,7.29962365829893e-06,7.29962365829893e-06,0.0,0.0,0.0,0.0,0.10539598006080271,0.0
1730210460.0,7.29962365829893e-06,7.29962365829893e-06,7.29962365829893e-06,7.29962365829893e-06,0.0,0.0,0.0,0.0,0.10539598006080271,0.0
1730210520.0,7.29962365829893e-06,7.29962365829893e-06,7.175176107823873e-06,7.175176107823873e-06,1.7331393439813307,1.2543422485459598e-05,-0.017048488566060976,0.0,0.10539598006080271,0.017048488566060976
1730210580.0,7.175176107823873e-06,7.175176107823873e-06,7.175176107823873e-06,7.175176107823873e-06,0.0,0.0,0.0,-1.0,0.10359913789982733,0.0
1730210640.0,7.175176107823873e-06,7.175176107823873e-06,7.175176107823873e-06,7.175176107823873e-06,0.0,0.0,0.0,0.0,0.10359913789982733,0.0
1730210700.0,7.175176107823873e-06,7.175176107823873e-06,7.175176107823873e-06,7.175176107823873e-06,0.0,0.0,0.0,0.0,0.10359913789982733,0.0
1730210760.0,7.175176107823873e-06,7.175176107823873e-06,7.175176107823873e-06,7.175176107823873e-06,0.0,0.0,0.0,0.0,0.10359913789982733,0.0
1730210820.0,7.175176107823873e-06,7.175176107823873e-06,7.175176107823873e-06,7.175176107823873e-06,0.0,0.0,0.0,0.0,0.10359913789982733,0.0
1730210880.0,7.175176107823873e-06,7.1779582757497776e-06,7.175176107823873e-06,7.1779582757497776e-06,1.0675600494494015,7.661416426140896e-06,0.0003877490787816547,0.0,0.10359913789982733,0.0003877490787816547
1730210940.0,7.1779582757497776e-06,7.1779582757497776e-06,7.1779582757497776e-06,7.1779582757497776e-06,0.0,0.0,0.0,-1.0,0.10363930837011057,0.0
1730211000.0,7.1779582757497776e-06,7.1779582757497776e-06,7.1779582757497776e-06,7.1779582757497776e-06,0.0,0.0,0.0,0.0,0.10363930837011057,0.0
1730211060.0,7.1779582757497776e-06,7.1779582757497776e-06,7.1779582757497776e-06,7.1779582757497776e-06,0.0,0.0,0.0,0.0,0.10363930837011057,0.0
1730211120.0,7.1779582757497776e-06,7.1779582757497776e-06,7.1779582757497776e-06,7.1779582757497776e-06,0.0,0.0,0.0,0.0,0.10363930837011057,0.0
1730211180.0,7.1779582757497776e-06,7.1779582757497776e-06,7.1779582757497776e-06,7.1779582757497776e-06,0.0,0.0,0.0,0.0,0.10363930837011057,0.0
1730211240.0,7.1779582757497776e-06,7.1779582757497776e-06,7.1779582757497776e-06,7.1779582757497776e-06,0.0,0.0,0.0,0.0,0.10363930837011057,0.0
1730211300.0,7.1779582757497776e-06,7.1779582757497776e-06,7.1779582757497776e-06,7.1779582757497776e-06,0.0,0.0,0.0,0.0,0.10363930837011057,0.0
1730211360.0,7.1779582757497776e-06,7.1779582757497776e-06,6.881022769520366e-06,6.881022769520366e-06,171.34293709301406,0.0012044535524157996,-0.04136768351420864,0.0,0.10363930837011057,0.04136768351420864
1730211420.0,6.881022769520366e-06,6.881022769520366e-06,6.881022769520366e-06,6.881022769520366e-06,0.0,0.0,0.0,-1.0,0.09935199026182435,0.0
1730211480.0,6.881022769520366e-06,6.881022769520366e-06,6.881022769520366e-06,6.881022769520366e-06,0.0,0.0,0.0,0.0,0.09935199026182435,0.0
1730211540.0,6.881022769520366e-06,6.881022769520366e-06,6.881022769520366e-06,6.881022769520366e-06,0.0,0.0,0.0,0.0,0.09935199026182435,0.0
1730211600.0,6.881022769520366e-06,6.881022769520366e-06,6.881022769520366e-06,6.881022769520366e-06,0.0,0.0,0.0,0.0,0.09935199026182435,0.0
1730211660.0,6.881022769520366e-06,6.881022769520366e-06,6.587971150229417e-06,6.587971150229417e-06,24.960638554465906,0.00016809734446158667,-0.042588380987347844,0.0,0.09935199026182435,0.042588380987347844
1730211720.0,6.587971150229417e-06,6.587971150229417e-06,6.587971150229417e-06,6.587971150229417e-06,0.0,0.0,0.0,-1.0,0.0951207498487025,0.0
1730211780.0,6.587971150229417e-06,6.587971150229417e-06,6.587971150229417e-06,6.587971150229417e-06,0.0,0.0,0.0,0.0,0.0951207498487025,0.0
1730211840.0,6.587971150229417e-06,6.587971150229417e-06,6.587971150229417e-06,6.587971150229417e-06,0.0,0.0,0.0,0.0,0.0951207498487025,0.0
1730211900.0,6.587971150229417e-06,6.587971150229417e-06,6.587971150229417e-06,6.587971150229417e-06,0.0,0.0,0.0,0.0,0.0951207498487025,0.0
1730211960.0,6.587971150229417e-06,6.587971150229417e-06,6.587971150229417e-06,6.587971150229417e-06,0.0,0.0,0.0,0.0,0.0951207498487025,0.0
1730212020.0,6.587971150229417e-06,6.587971150229417e-06,6.587971150229417e-06,6.587971150229417e-06,0.0,0.0,0.0,0.0,0.0951207498487025,0.0
1730212080.0,6.587971150229417e-06,6.587971150229417e-06,6.587971150229417e-06,6.587971150229417e-06,0.0,0.0,0.0,0.0,0.0951207498487025,0.0
1730212140.0,6.587971150229417e-06,6.587971150229417e-06,6.587971150229417e-06,6.587971150229417e-06,0.0,0.0,0.0,0.0,0.0951207498487025,0.0
1730212200.0,6.587971150229417e-06,6.587971150229417e-06,6.587971150229417e-06,6.587971150229417e-06,0.0,0.0,0.0,0.0,0.0951207498487025,0.0
1730212260.0,6.587971150229417e-06,6.587971150229417e-06,6.587971150229417e-06,6.587971150229417e-06,0.0,0.0,0.0,0.0,0.0951207498487025,0.0
1730212320.0,6.587971150229417e-06,6.587971150229417e-06,6.587971150229417e-06,6.587971150229417e-06,0.0,0.0,0.0,0.0,0.0951207498487025,0.0
1730212380.0,6.587971150229417e-06,6.587971150229417e-06,6.572105275239471e-06,6.572105275239471e-06,0.8708563918653542,5.730268336278072e-06,-0.00240830972512582,0.0,0.0951207498487025,0.00240830972512582
1730212440.0,6.572105275239471e-06,6.572105275239471e-06,6.572105275239471e-06,6.572105275239471e-06,0.0,0.0,0.0,-1.0,0.09489166962178061,0.0
1730212500.0,6.572105275239471e-06,6.572105275239471e-06,6.572105275239471e-06,6.572105275239471e-06,0.0,0.0,0.0,0.0,0.09489166962178061,0.0
1730212560.0,6.572105275239471e-06,6.572105275239471e-06,6.572105275239471e-06,6.572105275239471e-06,0.0,0.0,0.0,0.0,0.09489166962178061,0.0
1730212620.0,6.572105275239471e-06,6.572105275239471e-06,6.572105275239471e-06,6.572105275239471e-06,0.0,0.0,0.0,0.0,0.09489166962178061,0.0
1730212680.0,6.572105275239471e-06,6.572105275239471e-06,6.572105275239471e-06,6.572105275239471e-06,0.0,0.0,0.0,0.0,0.09489166962178061,0.0
1730212740.0,6.572105275239471e-06,6.572105275239471e-06,6.536885381426663e-06,6.536885381426663e-06,23.899224130352753,0.00015664735291318201,-0.005358997206800741,0.0,0.09489166962178061,0.005358997206800741
1730212800.0,6.536885381426663e-06,6.53941695505877e-06,6.536885381426663e-06,6.53941695505877e-06,5.373450526761034,3.513243183903709e-05,0.00038727520591079587,-0.7757227863371021,0.09438314542932884,0.00038727520591079587
1730212860.0,6.53941695505877e-06,6.53941695505877e-06,6.53941695505877e-06,6.53941695505877e-06,0.0,0.0,0.0,-1.0,0.09441969768140948,0.0
1730212920.0,6.53941695505877e-06,6.53941695505877e-06,6.53941695505877e-06,6.53941695505877e-06,0.0,0.0,0.0,0.0,0.09441969768140948,0.0
1730212980.0,6.53941695505877e-06,6.53941695505877e-06,6.53941695505877e-06,6.53941695505877e-06,0.0,0.0,0.0,0.0,0.09441969768140948,0.0
1730213040.0,6.53941695505877e-06,6.53941695505877e-06,6.53941695505877e-06,6.53941695505877e-06,0.0,0.0,0.0,0.0,0.09441969768140948,0.0
1730213100.0,6.53941695505877e-06,6.53941695505877e-06,6.51380846672013e-06,6.51380846672013e-06,0.452048337379265,2.950344424675953e-06,-0.003916020115345271,0.0,0.09441969768140948,0.003916020115345271
1730213160.0,6.51380846672013e-06,6.596946331798294e-06,6.51380846672013e-06,6.596946331798294e-06,35.82327671848941,0.0002348350985677942,0.012763326631866098,78.59582501747639,0.09404994824600427,0.012763326631866098
1730213220.0,6.596946331798294e-06,6.777287109315826e-06,6.596946331798294e-06,6.777287109315826e-06,89.5581917962235,0.0005988860818233822,0.02733700843498781,1.550240937048389,0.09525033845517812,0.02733700843498781
1730213280.0,6.777287109315826e-06,6.777287109315826e-06,6.777287109315826e-06,6.777287109315826e-06,0.0,0.0,0.0,-1.0,0.09785419776096277,0.0
1730213340.0,6.777287109315826e-06,6.777287109315826e-06,6.777287109315826e-06,6.777287109315826e-06,0.0,0.0,0.0,0.0,0.09785419776096277,0.0
1730213400.0,6.777287109315826e-06,6.791401719732241e-06,6.777287109315826e-06,6.791401719732241e-06,57.50043417917875,0.0003901027494562182,0.002082634273677765,0.0,0.09785419776096277,0.002082634273677765
1730213460.0,6.791401719732241e-06,6.791401719732241e-06,6.791401719732241e-06,6.791401719732241e-06,0.0,0.0,0.0,-1.0,0.098057992267043,0.0
1730213520.0,6.791401719732241e-06,6.791401719732241e-06,6.791401719732241e-06,6.791401719732241e-06,0.0,0.0,0.0,0.0,0.098057992267043,0.0
1730213580.0,6.791401719732241e-06,6.791401719732241e-06,6.791401719732241e-06,6.791401719732241e-06,0.0,0.0,0.0,0.0,0.098057992267043,0.0
1730213640.0,6.791401719732241e-06,6.791401719732241e-06,6.791401719732241e-06,6.791401719732241e-06,0.0,0.0,0.0,0.0,0.098057992267043,0.0
1730213700.0,6.791401719732241e-06,6.791401719732241e-06,6.709110695951222e-06,6.709110695951222e-06,0.7511124223991301,5.0702012920867686e-06,-0.012116942448261484,0.0,0.098057992267043,0.012116942448261484
1730213760.0,6.709110695951222e-06,6.709110695951222e-06,6.706856842223579e-06,6.706856842223579e-06,0.9640157158398266,6.466601774998728e-06,-0.00033593926673517545,0.2754132237493939,0.09686982921815117,0.00033593926673517545
1730213820.0,6.706856842223579e-06,6.706856842223579e-06,6.706856842223579e-06,6.706856842223579e-06,0.0,0.0,0.0,-1.0,0.09683728683875485,0.0
1730213880.0,6.706856842223579e-06,6.706856842223579e-06,6.706856842223579e-06,6.706856842223579e-06,0.0,0.0,0.0,0.0,0.09683728683875485,0.0
1730213940.0,6.706856842223579e-06,6.706856842223579e-06,6.706856842223579e-06,6.706856842223579e-06,0.0,0.0,0.0,0.0,0.09683728683875485,0.0
1730214000.0,6.706856842223579e-06,6.706856842223579e-06,6.705558621445733e-06,6.705558621445733e-06,0.0708117191859222,4.748780987091359e-07,-0.00019356619775641397,0.0,0.09683728683875485,0.00019356619775641397
1730214060.0,6.705558621445733e-06,6.705558621445733e-06,6.705558621445733e-06,6.705558621445733e-06,0.0,0.0,0.0,-1.0,0.09681854241334042,0.0
1730214120.0,6.705558621445733e-06,6.705558621445733e-06,6.705558621445733e-06,6.705558621445733e-06,0.0,0.0,0.0,0.0,0.09681854241334042,0.0
1730214180.0,6.705558621445733e-06,6.7073125024011565e-06,6.705558621445733e-06,6.7073125024011565e-06,0.1286375021953107,8.626991193196368e-07,0.00026155627807269874,0.0,0.09681854241334042,0.00026155627807269874
1730214240.0,6.7073125024011565e-06,6.7073125024011565e-06,6.7073125024011565e-06,6.7073125024011565e-06,0.0,0.0,0.0,-1.0,0.09684386591094249,0.0
1730214300.0,6.7073125024011565e-06,6.7073125024011565e-06,6.7073125024011565e-06,6.7073125024011565e-06,0.0,0.0,0.0,0.0,0.09684386591094249,0.0
1730214360.0,6.7073125024011565e-06,6.7073125024011565e-06,6.7073125024011565e-06,6.7073125024011565e-06,0.0,0.0,0.0,0.0,0.09684386591094249,0.0
1730214420.0,6.7073125024011565e-06,6.7073125024011565e-06,6.672065193943645e-06,6.672065193943645e-06,25.359306899124302,0.00016964587256045326,-0.005255056842050116,0.0,0.09684386591094249,0.005255056842050116
1730214480.0,6.672065193943645e-06,6.672065193943645e-06,6.672065193943645e-06,6.672065193943645e-06,0.0,0.0,0.0,-1.0,0.09633494589077661,0.0
1730214540.0,6.672065193943645e-06,6.672065193943645e-06,6.672065193943645e-06,6.672065193943645e-06,0.0,0.0,0.0,0.0,0.09633494589077661,0.0
1730214600.0,6.672065193943645e-06,6.672065193943645e-06,6.63392482326067e-06,6.63392482326067e-06,1.5641212745707127,1.0406091032567396e-05,-0.005716426559739773,0.0,0.09633494589077661,0.005716426559739773
1730214660.0,6.63392482326067e-06,6.63392482326067e-06,6.63392482326067e-06,6.63392482326067e-06,0.0,0.0,0.0,-1.0,0.09578425424745547,0.0
1730214720.0,6.63392482326067e-06,6.63392482326067e-06,6.63392482326067e-06,6.63392482326067e-06,0.0,0.0,0.0,0.0,0.09578425424745547,0.0
1730214780.0,6.63392482326067e-06,6.63392482326067e-06,6.63392482326067e-06,6.63392482326067e-06,0.0,0.0,0.0,0.0,0.09578425424745547,0.0
1730214840.0,6.63392482326067e-06,6.63392482326067e-06,6.63392482326067e-06,6.63392482326067e-06,0.0,0.0,0.0,0.0,0.09578425424745547,0.0
1730214900.0,6.63392482326067e-06,6.63392482326067e-06,6.508686173630243e-06,6.508686173630243e-06,86.00877538125287,0.0005651899385773873,-0.01887851505210011,0.0,0.09578425424745547,0.01887851505210011
1730214960.0,6.508686173630243e-06,6.508686173630243e-06,6.508686173630243e-06,6.508686173630243e-06,0.0,0.0,0.0,-1.0,0.0939759897618907,0.0
1730215020.0,6.508686173630243e-06,6.508686173630243e-06,6.508686173630243e-06,6.508686173630243e-06,0.0,0.0,0.0,0.0,0.0939759897618907,0.0
1730215080.0,6.508686173630243e-06,6.508686173630243e-06,6.508686173630243e-06,6.508686173630243e-06,0.0,0.0,0.0,0.0,0.0939759897618907,0.0
1730215140.0,6.508686173630243e-06,6.508686173630243e-06,6.508686173630243e-06,6.508686173630243e-06,0.0,0.0,0.0,0.0,0.0939759897618907,0.0
1730215200.0,6.508686173630243e-06,6.508686173630243e-06,6.414079292928997e-06,6.414079292928997e-06,0.6761817306600111,4.369068959045726e-06,-0.01453548046064093,0.0,0.0939759897618907,0.01453548046064093
1730215260.0,6.414079292928997e-06,6.414079292928997e-06,6.3914168513434614e-06,6.3914168513434614e-06,1.1448285576874524,7.330048840659836e-06,-0.0035332337737887017,0.6777141558921137,0.09261000359893735,0.0035332337737887017
1730215320.0,6.3914168513434614e-06,6.3914168513434614e-06,6.3914168513434614e-06,6.3914168513434614e-06,0.0,0.0,0.0,-1.0,0.0922827908064309,0.0
1730215380.0,6.3914168513434614e-06,6.3914168513434614e-06,6.3914168513434614e-06,6.3914168513434614e-06,0.0,0.0,0.0,0.0,0.0922827908064309,0.0
1730215440.0,6.3914168513434614e-06,6.3914168513434614e-06,6.3914168513434614e-06,6.3914168513434614e-06,0.0,0.0,0.0,0.0,0.0922827908064309,0.0
1730215500.0,6.3914168513434614e-06,6.3914168513434614e-06,6.3914168513434614e-06,6.3914168513434614e-06,0.0,0.0,0.0,0.0,0.0922827908064309,0.0
1730215560.0,6.3914168513434614e-06,6.3914168513434614e-06,6.3914168513434614e-06,6.3914168513434614e-06,0.0,0.0,0.0,0.0,0.0922827908064309,0.0
1730215620.0,6.3914168513434614e-06,6.3914168513434614e-06,6.3914168513434614e-06,6.3914168513434614e-06,0.0,0.0,0.0,0.0,0.0922827908064309,0.0
1730215680.0,6.3914168513434614e-06,6.3914168513434614e-06,6.3914168513434614e-06,6.3914168513434614e-06,0.0,0.0,0.0,0.0,0.0922827908064309,0.0
1730215740.0,6.3914168513434614e-06,6.3914168513434614e-06,6.3914168513434614e-06,6.3914168513434614e-06,0.0,0.0,0.0,0.0,0.0922827908064309,0.0
1730215800.0,6.3914168513434614e-06,6.3914168513434614e-06,6.3914168513434614e-06,6.3914168513434614e-06,0.0,0.0,0.0,0.0,0.0922827908064309,0.0
1730215860.0,6.3914168513434614e-06,6.3914168513434614e-06,6.3914168513434614e-06,6.3914168513434614e-06,0.0,0.0,0.0,0.0,0.0922827908064309,0.0
1730215920.0,6.3914168513434614e-06,6.3914168513434614e-06,6.3914168513434614e-06,6.3914168513434614e-06,0.0,0.0,0.0,0.0,0.0922827908064309,0.0
1730215980.0,6.3914168513434614e-06,6.3914168513434614e-06,6.383990539270067e-06,6.383990539270067e-06,5.666646490433799,3.619685872694109e-05,-0.0011619195314781304,0.0,0.0922827908064309,0.0011619195314781304
1730216040.0,6.383990539270067e-06,6.383990539270067e-06,6.371564748708113e-06,6.371564748708113e-06,0.198825974450317,1.2680678548935777e-06,-0.001946398649170682,-0.9649674612800099,0.09217556562937358,0.001946398649170682
1730216100.0,6.371564748708113e-06,6.371564748708113e-06,6.371564748708113e-06,6.371564748708113e-06,0.0,0.0,0.0,-1.0,0.09199615523294603,0.0
1730216160.0,6.371564748708113e-06,6.371564748708113e-06,6.371564748708113e-06,6.371564748708113e-06,0.0,0.0,0.0,0.0,0.09199615523294603,0.0
1730216220.0,6.371564748708113e-06,6.371564748708113e-06,6.371564748708113e-06,6.371564748708113e-06,0.0,0.0,0.0,0.0,0.09199615523294603,0.0
1730216280.0,6.371564748708113e-06,6.371564748708113e-06,6.371564748708113e-06,6.371564748708113e-06,0.0,0.0,0.0,0.0,0.09199615523294603,0.0
1730216340.0,6.371564748708113e-06,6.371564748708113e-06,6.371564748708113e-06,6.371564748708113e-06,0.0,0.0,0.0,0.0,0.09199615523294603,0.0
1730216400.0,6.371564748708113e-06,6.371564748708113e-06,6.371564748708113e-06,6.371564748708113e-06,0.0,0.0,0.0,0.0,0.09199615523294603,0.0
1730216460.0,6.371564748708113e-06,6.371564748708113e-06,6.371564748708113e-06,6.371564748708113e-06,0.0,0.0,0.0,0.0,0.09199615523294603,0.0
1730216520.0,6.371564748708113e-06,6.371564748708113e-06,6.371564748708113e-06,6.371564748708113e-06,0.0,0.0,0.0,0.0,0.09199615523294603,0.0
1730216580.0,6.371564748708113e-06,6.371564748708113e-06,6.371564748708113e-06,6.371564748708113e-06,0.0,0.0,0.0,0.0,0.09199615523294603,0.0
1730216640.0,6.371564748708113e-06,6.371564748708113e-06,6.371564748708113e-06,6.371564748708113e-06,0.0,0.0,0.0,0.0,0.09199615523294603,0.0
1730216700.0,6.371564748708113e-06,6.371564748708113e-06,6.291123742294491e-06,6.291123742294491e-06,53.09233038207513,0.00033614582044480534,-0.01262500022932865,0.0,0.09199615523294603,0.01262500022932865
1730216760.0,6.291123742294491e-06,6.291123742294491e-06,6.291123742294491e-06,6.291123742294491e-06,0.0,0.0,0.0,-1.0,0.09083470375203273,0.0
1730216820.0,6.291123742294491e-06,6.291123742294491e-06,6.291123742294491e-06,6.291123742294491e-06,0.0,0.0,0.0,0.0,0.09083470375203273,0.0
1730216880.0,6.291123742294491e-06,6.291123742294491e-06,6.291123742294491e-06,6.291123742294491e-06,0.0,0.0,0.0,0.0,0.09083470375203273,0.0
1730216940.0,6.291123742294491e-06,6.291123742294491e-06,6.291123742294491e-06,6.291123742294491e-06,0.0,0.0,0.0,0.0,0.09083470375203273,0.0
1730217000.0,6.291123742294491e-06,6.291123742294491e-06,6.291123742294491e-06,6.291123742294491e-06,0.0,0.0,0.0,0.0,0.09083470375203273,0.0
1730217060.0,6.291123742294491e-06,6.291123742294491e-06,6.291123742294491e-06,6.291123742294491e-06,0.0,0.0,0.0,0.0,0.09083470375203273,0.0
1730217120.0,6.291123742294491e-06,6.291123742294491e-06,6.291123742294491e-06,6.291123742294491e-06,0.0,0.0,0.0,0.0,0.09083470375203273,0.0
1730217180.0,6.291123742294491e-06,6.291123742294491e-06,6.291123742294491e-06,6.291123742294491e-06,0.0,0.0,0.0,0.0,0.09083470375203273,0.0
1730217240.0,6.291123742294491e-06,6.291123742294491e-06,6.291123742294491e-06,6.291123742294491e-06,0.0,0.0,0.0,0.0,0.09083470375203273,0.0
1730217300.0,6.291123742294491e-06,6.291123742294491e-06,6.291123742294491e-06,6.291123742294491e-06,0.0,0.0,0.0,0.0,0.09083470375203273,0.0
1730217360.0,6.291123742294491e-06,6.291123742294491e-06,6.291123742294491e-06,6.291123742294491e-06,0.0,0.0,0.0,0.0,0.09083470375203273,0.0
1730217420.0,6.291123742294491e-06,6.291123742294491e-06,6.291123742294491e-06,6.291123742294491e-06,0.0,0.0,0.0,0.0,0.09083470375203273,0.0
1730217480.0,6.291123742294491e-06,6.291123742294491e-06,6.259094108704389e-06,6.259094108704389e-06,6.95379478620193,4.36358197289872e-05,-0.005091242026407811,0.0,0.09083470375203273,0.005091242026407811
1730217540.0,6.259094108704389e-06,6.259094108704389e-06,6.259094108704389e-06,6.259094108704389e-06,0.0,0.0,0.0,-1.0,0.09037224229083408,0.0
1730217600.0,6.259094108704389e-06,6.259094108704389e-06,6.259094108704389e-06,6.259094108704389e-06,0.0,0.0,0.0,0.0,0.09037224229083408,0.0
1730217660.0,6.259094108704389e-06,6.259094108704389e-06,6.259094108704389e-06,6.259094108704389e-06,0.0,0.0,0.0,0.0,0.09037224229083408,0.0
1730217720.0,6.259094108704389e-06,6.259094108704389e-06,6.259094108704389e-06,6.259094108704389e-06,0.0,0.0,0.0,0.0,0.09037224229083408,0.0
1730217780.0,6.259094108704389e-06,6.259094108704389e-06,6.259094108704389e-06,6.259094108704389e-06,0.0,0.0,0.0,0.0,0.09037224229083408,0.0
1730217840.0,6.259094108704389e-06,6.259094108704389e-06,6.259094108704389e-06,6.259094108704389e-06,0.0,0.0,0.0,0.0,0.09037224229083408,0.0
1730217900.0,6.259094108704389e-06,6.259094108704389e-06,6.259094108704389e-06,6.259094108704389e-06,0.0,0.0,0.0,0.0,0.09037224229083408,0.0
1730217960.0,6.259094108704389e-06,6.259094108704389e-06,6.259094108704389e-06,6.259094108704389e-06,0.0,0.0,0.0,0.0,0.09037224229083408,0.0
1730218020.0,6.259094108704389e-06,6.259094108704389e-06,6.259094108704389e-06,6.259094108704389e-06,0.0,0.0,0.0,0.0,0.09037224229083408,0.0
1730218080.0,6.259094108704389e-06,6.259094108704389e-06,6.259094108704389e-06,6.259094108704389e-06,0.0,0.0,0.0,0.0,0.09037224229083408,0.0
1730218140.0,6.259094108704389e-06,6.259094108704389e-06,6.259094108704389e-06,6.259094108704389e-06,0.0,0.0,0.0,0.0,0.09037224229083408,0.0
1730218200.0,6.259094108704389e-06,6.259094108704389e-06,6.259094108704389e-06,6.259094108704389e-06,0.0,0.0,0.0,0.0,0.09037224229083408,0.0
1730218260.0,6.259094108704389e-06,6.259094108704389e-06,6.259094108704389e-06,6.259094108704389e-06,0.0,0.0,0.0,0.0,0.09037224229083408,0.0
1730218320.0,6.259094108704389e-06,6.259094108704389e-06,6.259094108704389e-06,6.259094108704389e-06,0.0,0.0,0.0,0.0,0.09037224229083408,0.0
1730218380.0,6.259094108704389e-06,6.259094108704389e-06,6.259094108704389e-06,6.259094108704389e-06,0.0,0.0,0.0,0.0,0.09037224229083408,0.0
1730218440.0,6.259094108704389e-06,6.259094108704389e-06,6.259094108704389e-06,6.259094108704389e-06,0.0,0.0,0.0,0.0,0.09037224229083408,0.0
1730218500.0,6.259094108704389e-06,6.259094108704389e-06,6.259094108704389e-06,6.259094108704389e-06,0.0,0.0,0.0,0.0,0.09037224229083408,0.0
1730218560.0,6.259094108704389e-06,6.259094108704389e-06,6.259094108704389e-06,6.259094108704389e-06,0.0,0.0,0.0,0.0,0.09037224229083408,0.0
1730218620.0,6.259094108704389e-06,6.259094108704389e-06,6.259094108704389e-06,6.259094108704389e-06,0.0,0.0,0.0,0.0,0.09037224229083408,0.0
1730218680.0,6.259094108704389e-06,6.259094108704389e-06,6.259094108704389e-06,6.259094108704389e-06,0.0,0.0,0.0,0.0,0.09037224229083408,0.0
1730218740.0,6.259094108704389e-06,6.259094108704389e-06,6.023093395682866e-06,6.023093395682866e-06,121.3754802091413,0.000745378203181859,-0.037705250779553265,0.0,0.09037224229083408,0.037705250779553265
1730218800.0,6.023093395682866e-06,6.023093395682866e-06,6.023093395682866e-06,6.023093395682866e-06,0.0,0.0,0.0,-1.0,0.08696473423174764,0.0
1730218860.0,6.023093395682866e-06,6.023093395682866e-06,6.023093395682866e-06,6.023093395682866e-06,0.0,0.0,0.0,0.0,0.08696473423174764,0.0
1730218920.0,6.023093395682866e-06,6.023093395682866e-06,6.023093395682866e-06,6.023093395682866e-06,0.0,0.0,0.0,0.0,0.08696473423174764,0.0
1730218980.0,6.023093395682866e-06,6.023093395682866e-06,6.023093395682866e-06,6.023093395682866e-06,0.0,0.0,0.0,0.0,0.08696473423174764,0.0
1730219040.0,6.023093395682866e-06,6.023093395682866e-06,6.023093395682866e-06,6.023093395682866e-06,0.0,0.0,0.0,0.0,0.08696473423174764,0.0
1730219100.0,6.023093395682866e-06,6.023093395682866e-06,5.942331811135959e-06,5.942331811135959e-06,3.0656747356450347,1.834105087889737e-05,-0.013408655526542858,0.0,0.08696473423174764,0.013408655526542858
1730219160.0,5.942331811135959e-06,5.942331811135959e-06,5.942331811135959e-06,5.942331811135959e-06,0.0,0.0,0.0,-1.0,0.08579865406747678,0.0
1730219220.0,5.942331811135959e-06,5.942331811135959e-06,5.924459290109656e-06,5.924459290109656e-06,0.7775170343841828,4.613316112348551e-06,-0.0030076612337281046,0.0,0.08579865406747678,0.0030076612337281046
1730219280.0,5.924459290109656e-06,5.924459290109656e-06,5.924459290109656e-06,5.924459290109656e-06,0.0,0.0,0.0,-1.0,0.08554060078173198,0.0
1730219340.0,5.924459290109656e-06,5.924459290109656e-06,5.924459290109656e-06,5.924459290109656e-06,0.0,0.0,0.0,0.0,0.08554060078173198,0.0
1730219400.0,5.924459290109656e-06,5.924459290109656e-06,5.924459290109656e-06,5.924459290109656e-06,0.0,0.0,0.0,0.0,0.08554060078173198,0.0
1730219460.0,5.924459290109656e-06,5.924459290109656e-06,5.924459290109656e-06,5.924459290109656e-06,0.0,0.0,0.0,0.0,0.08554060078173198,0.0
1730219520.0,5.924459290109656e-06,5.924459290109656e-06,5.924459290109656e-06,5.924459290109656e-06,0.0,0.0,0.0,0.0,0.08554060078173198,0.0
1730219580.0,5.924459290109656e-06,5.924459290109656e-06,5.924459290109656e-06,5.924459290109656e-06,0.0,0.0,0.0,0.0,0.08554060078173198,0.0
1730219640.0,5.924459290109656e-06,5.924459290109656e-06,5.924459290109656e-06,5.924459290109656e-06,0.0,0.0,0.0,0.0,0.08554060078173198,0.0
1730219700.0,5.924459290109656e-06,5.924459290109656e-06,5.924459290109656e-06,5.924459290109656e-06,0.0,0.0,0.0,0.0,0.08554060078173198,0.0
1730219760.0,5.924459290109656e-06,5.924459290109656e-06,5.924459290109656e-06,5.924459290109656e-06,0.0,0.0,0.0,0.0,0.08554060078173198,0.0
1730219820.0,5.924459290109656e-06,5.995148113815849e-06,5.924459290109656e-06,5.995148113815849e-06,22.606745808738054,0.000134731767360248,0.011931692032081602,0.0,0.08554060078173198,0.011931692032081602
1730219880.0,5.995148113815849e-06,5.995148113815849e-06,5.995148113815849e-06,5.995148113815849e-06,0.0,0.0,0.0,-1.0,0.08656124488649884,0.0
1730219940.0,5.995148113815849e-06,5.995148113815849e-06,5.995148113815849e-06,5.995148113815849e-06,0.0,0.0,0.0,0.0,0.08656124488649884,0.0
1730220000.0,5.995148113815849e-06,5.995148113815849e-06,5.995148113815849e-06,5.995148113815849e-06,0.0,0.0,0.0,0.0,0.08656124488649884,0.0
1730220060.0,5.995148113815849e-06,5.995148113815849e-06,5.995148113815849e-06,5.995148113815849e-06,0.0,0.0,0.0,0.0,0.08656124488649884,0.0
1730220120.0,5.995148113815849e-06,5.995148113815849e-06,5.995148113815849e-06,5.995148113815849e-06,0.0,0.0,0.0,0.0,0.08656124488649884,0.0
1730220180.0,5.995148113815849e-06,5.995148113815849e-06,5.995148113815849e-06,5.995148113815849e-06,0.0,0.0,0.0,0.0,0.08656124488649884,0.0
1730220240.0,5.995148113815849e-06,5.995148113815849e-06,5.955245104346056e-06,5.955245104346056e-06,20.07938661930781,0.00011997828284011348,-0.006655883843442841,0.0,0.08656124488649884,0.006655883843442841
1730220300.0,5.955245104346056e-06,5.955245104346056e-06,5.955245104346056e-06,5.955245104346056e-06,0.0,0.0,0.0,-1.0,0.0859851032951905,0.0
1730220360.0,5.955245104346056e-06,5.955245104346056e-06,5.955245104346056e-06,5.955245104346056e-06,0.0,0.0,0.0,0.0,0.0859851032951905,0.0
1730220420.0,5.955245104346056e-06,5.955245104346056e-06,5.955245104346056e-06,5.955245104346056e-06,0.0,0.0,0.0,0.0,0.0859851032951905,0.0
1730220480.0,5.955245104346056e-06,5.955245104346056e-06,5.955245104346056e-06,5.955245104346056e-06,0.0,0.0,0.0,0.0,0.0859851032951905,0.0
1730220540.0,5.955245104346056e-06,5.955245104346056e-06,5.941758541884081e-06,5.941758541884081e-06,28.955862059101687,0.0001722439982484348,-0.002264652793573875,0.0,0.0859851032951905,0.002264652793573875
1730220600.0,5.941758541884081e-06,5.941758541884081e-06,5.941758541884081e-06,5.941758541884081e-06,0.0,0.0,0.0,-1.0,0.0857903768908073,0.0
1730220660.0,5.941758541884081e-06,5.941758541884081e-06,5.941758541884081e-06,5.941758541884081e-06,0.0,0.0,0.0,0.0,0.0857903768908073,0.0
1730220720.0,5.941758541884081e-06,5.941758541884081e-06,5.85996885721569e-06,5.85996885721569e-06,33.60476166416415,0.00019829711823609185,-0.013765231974986383,0.0,0.0857903768908073,0.013765231974986383
1730220780.0,5.85996885721569e-06,5.85996885721569e-06,5.85996885721569e-06,5.85996885721569e-06,0.0,0.0,0.0,-1.0,0.08460945245168383,0.0
1730220840.0,5.85996885721569e-06,5.85996885721569e-06,5.85996885721569e-06,5.85996885721569e-06,0.0,0.0,0.0,0.0,0.08460945245168383,0.0
1730220900.0,5.85996885721569e-06,5.85996885721569e-06,5.85996885721569e-06,5.85996885721569e-06,0.0,0.0,0.0,0.0,0.08460945245168383,0.0
1730220960.0,5.85996885721569e-06,5.85996885721569e-06,5.85996885721569e-06,5.85996885721569e-06,0.0,0.0,0.0,0.0,0.08460945245168383,0.0
1730221020.0,5.85996885721569e-06,5.85996885721569e-06,5.85996885721569e-06,5.85996885721569e-06,0.0,0.0,0.0,0.0,0.08460945245168383,0.0
1730221080.0,5.85996885721569e-06,5.85996885721569e-06,5.85996885721569e-06,5.85996885721569e-06,0.0,0.0,0.0,0.0,0.08460945245168383,0.0
1730221140.0,5.85996885721569e-06,5.85996885721569e-06,5.85996885721569e-06,5.85996885721569e-06,0.0,0.0,0.0,0.0,0.08460945245168383,0.0
1730221200.0,5.85996885721569e-06,5.85996885721569e-06,5.85996885721569e-06,5.85996885721569e-06,0.0,0.0,0.0,0.0,0.08460945245168383,0.0
1730221260.0,5.85996885721569e-06,5.85996885721569e-06,5.85996885721569e-06,5.85996885721569e-06,0.0,0.0,0.0,0.0,0.08460945245168383,0.0
1730221320.0,5.85996885721569e-06,5.85996885721569e-06,5.85996885721569e-06,5.85996885721569e-06,0.0,0.0,0.0,0.0,0.08460945245168383,0.0
1730221380.0,5.85996885721569e-06,5.85996885721569e-06,5.85996885721569e-06,5.85996885721569e-06,0.0,0.0,0.0,0.0,0.08460945245168383,0.0
1730221440.0,5.85996885721569e-06,5.85996885721569e-06,5.857648326288907e-06,5.857648326288907e-06,18.255311428671995,0.00010695437544341741,-0.00039599714321449515,0.0,0.08460945245168383,0.00039599714321449515
1730221500.0,5.857648326288907e-06,5.857648326288907e-06,5.857648326288907e-06,5.857648326288907e-06,0.0,0.0,0.0,-1.0,0.08457594735022403,0.0
1730221560.0,5.857648326288907e-06,5.857648326288907e-06,5.857648326288907e-06,5.857648326288907e-06,0.0,0.0,0.0,0.0,0.08457594735022403,0.0
1730221620.0,5.857648326288907e-06,5.857648326288907e-06,5.857648326288907e-06,5.857648326288907e-06,0.0,0.0,0.0,0.0,0.08457594735022403,0.0
1730221680.0,5.857648326288907e-06,5.857648326288907e-06,5.857648326288907e-06,5.857648326288907e-06,0.0,0.0,0.0,0.0,0.08457594735022403,0.0
1730221740.0,5.857648326288907e-06,5.857648326288907e-06,5.857648326288907e-06,5.857648326288907e-06,0.0,0.0,0.0,0.0,0.08457594735022403,0.0
1730221800.0,5.857648326288907e-06,5.857648326288907e-06,5.857648326288907e-06,5.857648326288907e-06,0.0,0.0,0.0,0.0,0.08457594735022403,0.0
1730221860.0,5.857648326288907e-06,5.857648326288907e-06,5.857648326288907e-06,5.857648326288907e-06,0.0,0.0,0.0,0.0,0.08457594735022403,0.0
1730221920.0,5.857648326288907e-06,5.857648326288907e-06,5.857648326288907e-06,5.857648326288907e-06,0.0,0.0,0.0,0.0,0.08457594735022403,0.0
1730221980.0,5.857648326288907e-06,5.857648326288907e-06,5.857648326288907e-06,5.857648326288907e-06,0.0,0.0,0.0,0.0,0.08457594735022403,0.0
1730222040.0,5.857648326288907e-06,5.857648326288907e-06,5.857648326288907e-06,5.857648326288907e-06,0.0,0.0,0.0,0.0,0.08457594735022403,0.0
1730222100.0,5.857648326288907e-06,5.857648326288907e-06,5.857648326288907e-06,5.857648326288907e-06,0.0,0.0,0.0,0.0,0.08457594735022403,0.0
1730222160.0,5.857648326288907e-06,5.857648326288907e-06,5.857648326288907e-06,5.857648326288907e-06,0.0,0.0,0.0,0.0,0.08457594735022403,0.0
1730222220.0,5.857648326288907e-06,5.857648326288907e-06,5.857648326288907e-06,5.857648326288907e-06,0.0,0.0,0.0,0.0,0.08457594735022403,0.0
1730222280.0,5.857648326288907e-06,5.857648326288907e-06,5.857648326288907e-06,5.857648326288907e-06,0.0,0.0,0.0,0.0,0.08457594735022403,0.0
1730222340.0,5.857648326288907e-06,5.857648326288907e-06,5.832662882848621e-06,5.832662882848621e-06,0.9095930478984784,5.316712901800575e-06,-0.004265439310883836,0.0,0.08457594735022403,0.004265439310883836
1730222400.0,5.832662882848621e-06,5.832662882848621e-06,5.832662882848621e-06,5.832662882848621e-06,0.0,0.0,0.0,-1.0,0.08421519377964114,0.0
1730222460.0,5.832662882848621e-06,5.832662882848621e-06,5.832662882848621e-06,5.832662882848621e-06,0.0,0.0,0.0,0.0,0.08421519377964114,0.0
1730222520.0,5.832662882848621e-06,5.832662882848621e-06,5.832662882848621e-06,5.832662882848621e-06,0.0,0.0,0.0,0.0,0.08421519377964114,0.0
1730222580.0,5.832662882848621e-06,5.832662882848621e-06,5.832662882848621e-06,5.832662882848621e-06,0.0,0.0,0.0,0.0,0.08421519377964114,0.0
1730222640.0,5.832662882848621e-06,5.832662882848621e-06,5.832662882848621e-06,5.832662882848621e-06,0.0,0.0,0.0,0.0,0.08421519377964114,0.0
1730222700.0,5.832662882848621e-06,5.832662882848621e-06,5.832662882848621e-06,5.832662882848621e-06,0.0,0.0,0.0,0.0,0.08421519377964114,0.0
1730222760.0,5.832662882848621e-06,5.832662882848621e-06,5.832662882848621e-06,5.832662882848621e-06,0.0,0.0,0.0,0.0,0.08421519377964114,0.0
1730222820.0,5.832662882848621e-06,5.832662882848621e-06,5.832662882848621e-06,5.832662882848621e-06,0.0,0.0,0.0,0.0,0.08421519377964114,0.0
1730222880.0,5.832662882848621e-06,5.832662882848621e-06,5.832662882848621e-06,5.832662882848621e-06,0.0,0.0,0.0,0.0,0.08421519377964114,0.0
1730222940.0,5.832662882848621e-06,5.832662882848621e-06,5.832662882848621e-06,5.832662882848621e-06,0.0,0.0,0.0,0.0,0.08421519377964114,0.0
1730223000.0,5.832662882848621e-06,5.832662882848621e-06,5.832662882848621e-06,5.832662882848621e-06,0.0,0.0,0.0,0.0,0.08421519377964114,0.0
1730223060.0,5.832662882848621e-06,5.832662882848621e-06,5.832662882848621e-06,5.832662882848621e-06,0.0,0.0,0.0,0.0,0.08421519377964114,0.0
1730223120.0,5.832662882848621e-06,5.832662882848621e-06,5.832662882848621e-06,5.832662882848621e-06,0.0,0.0,0.0,0.0,0.08421519377964114,0.0
1730223180.0,5.832662882848621e-06,5.832662882848621e-06,5.832662882848621e-06,5.832662882848621e-06,0.0,0.0,0.0,0.0,0.08421519377964114,0.0
1730223240.0,5.832662882848621e-06,5.832662882848621e-06,5.832662882848621e-06,5.832662882848621e-06,0.0,0.0,0.0,0.0,0.08421519377964114,0.0
1730223300.0,5.832662882848621e-06,5.832662882848621e-06,5.832662882848621e-06,5.832662882848621e-06,0.0,0.0,0.0,0.0,0.08421519377964114,0.0
1730223360.0,5.832662882848621e-06,5.832662882848621e-06,5.832662882848621e-06,5.832662882848621e-06,0.0,0.0,0.0,0.0,0.08421519377964114,0.0
1730223420.0,5.832662882848621e-06,5.832662882848621e-06,5.832662882848621e-06,5.832662882848621e-06,0.0,0.0,0.0,0.0,0.08421519377964114,0.0
1730223480.0,5.832662882848621e-06,5.832662882848621e-06,5.832662882848621e-06,5.832662882848621e-06,0.0,0.0,0.0,0.0,0.08421519377964114,0.0
1730223540.0,5.832662882848621e-06,5.832662882848621e-06,5.832662882848621e-06,5.832662882848621e-06,0.0,0.0,0.0,0.0,0.08421519377964114,0.0
1730223600.0,5.832662882848621e-06,5.832662882848621e-06,5.832662882848621e-06,5.832662882848621e-06,0.0,0.0,0.0,0.0,0.08421519377964114,0.0
1730223660.0,5.832662882848621e-06,5.832662882848621e-06,5.832662882848621e-06,5.832662882848621e-06,0.0,0.0,0.0,0.0,0.08421519377964114,0.0
1730223720.0,5.832662882848621e-06,5.832662882848621e-06,5.832662882848621e-06,5.832662882848621e-06,0.0,0.0,0.0,0.0,0.08421519377964114,0.0
1730223780.0,5.832662882848621e-06,5.832662882848621e-06,5.826311004780798e-06,5.826311004780798e-06,0.3430086876440992,1.999564666236294e-06,-0.0010890185487149556,0.0,0.08421519377964114,0.0010890185487149556
1730223840.0,5.826311004780798e-06,5.826311004780798e-06,5.826311004780798e-06,5.826311004780798e-06,0.0,0.0,0.0,-1.0,0.08412348187153149,0.0
1730223900.0,5.826311004780798e-06,5.826311004780798e-06,5.826311004780798e-06,5.826311004780798e-06,0.0,0.0,0.0,0.0,0.08412348187153149,0.0
1730223960.0,5.826311004780798e-06,5.826311004780798e-06,5.783346923468696e-06,5.783346923468696e-06,19.8262516505583,0.00011508799983118688,-0.007374148286428165,0.0,0.08412348187153149,0.007374148286428165
1730224020.0,5.783346923468696e-06,5.783346923468696e-06,5.783346923468696e-06,5.783346923468696e-06,0.0,0.0,0.0,-1.0,0.08350314284184016,0.0
1730224080.0,5.783346923468696e-06,5.783346923468696e-06,5.783346923468696e-06,5.783346923468696e-06,0.0,0.0,0.0,0.0,0.08350314284184016,0.0
1730224140.0,5.783346923468696e-06,5.783346923468696e-06,5.783346923468696e-06,5.783346923468696e-06,0.0,0.0,0.0,0.0,0.08350314284184016,0.0
1730224200.0,5.783346923468696e-06,5.783346923468696e-06,5.783346923468696e-06,5.783346923468696e-06,0.0,0.0,0.0,0.0,0.08350314284184016,0.0
1730224260.0,5.783346923468696e-06,5.783346923468696e-06,5.783346923468696e-06,5.783346923468696e-06,0.0,0.0,0.0,0.0,0.08350314284184016,0.0
1730224320.0,5.783346923468696e-06,5.783346923468696e-06,5.783346923468696e-06,5.783346923468696e-06,0.0,0.0,0.0,0.0,0.08350314284184016,0.0
1730224380.0,5.783346923468696e-06,5.783346923468696e-06,5.783346923468696e-06,5.783346923468696e-06,0.0,0.0,0.0,0.0,0.08350314284184016,0.0
1730224440.0,5.783346923468696e-06,5.783346923468696e-06,5.783346923468696e-06,5.783346923468696e-06,0.0,0.0,0.0,0.0,0.08350314284184016,0.0
1730224500.0,5.783346923468696e-06,5.783346923468696e-06,5.783346923468696e-06,5.783346923468696e-06,0.0,0.0,0.0,0.0,0.08350314284184016,0.0
1730224560.0,5.783346923468696e-06,5.783346923468696e-06,5.783346923468696e-06,5.783346923468696e-06,0.0,0.0,0.0,0.0,0.08350314284184016,0.0
1730224620.0,5.783346923468696e-06,5.783346923468696e-06,5.767399609905313e-06,5.767399609905313e-06,1.8066452071493264,1.0434050431758425e-05,-0.002757454078825718,0.0,0.08350314284184016,0.002757454078825718
1730224680.0,5.767399609905313e-06,5.767399609905313e-06,5.767399609905313e-06,5.767399609905313e-06,0.0,0.0,0.0,-1.0,0.08327288676001617,0.0
1730224740.0,5.767399609905313e-06,5.767399609905313e-06,5.767399609905313e-06,5.767399609905313e-06,0.0,0.0,0.0,0.0,0.08327288676001617,0.0
1730224800.0,5.767399609905313e-06,5.767399609905313e-06,5.767399609905313e-06,5.767399609905313e-06,0.0,0.0,0.0,0.0,0.08327288676001617,0.0
1730224860.0,5.767399609905313e-06,5.767399609905313e-06,5.767399609905313e-06,5.767399609905313e-06,0.0,0.0,0.0,0.0,0.08327288676001617,0.0
1730224920.0,5.767399609905313e-06,5.767399609905313e-06,5.767399609905313e-06,5.767399609905313e-06,0.0,0.0,0.0,0.0,0.08327288676001617,0.0
1730224980.0,5.767399609905313e-06,5.767399609905313e-06,5.767399609905313e-06,5.767399609905313e-06,0.0,0.0,0.0,0.0,0.08327288676001617,0.0
1730225040.0,5.767399609905313e-06,5.767399609905313e-06,5.767399609905313e-06,5.767399609905313e-06,0.0,0.0,0.0,0.0,0.08327288676001617,0.0
1730225100.0,5.767399609905313e-06,5.767399609905313e-06,5.767399609905313e-06,5.767399609905313e-06,0.0,0.0,0.0,0.0,0.08327288676001617,0.0
1730225160.0,5.767399609905313e-06,5.767399609905313e-06,5.767399609905313e-06,5.767399609905313e-06,0.0,0.0,0.0,0.0,0.08327288676001617,0.0
1730225220.0,5.767399609905313e-06,5.767399609905313e-06,5.767399609905313e-06,5.767399609905313e-06,0.0,0.0,0.0,0.0,0.08327288676001617,0.0
1730225280.0,5.767399609905313e-06,5.767399609905313e-06,5.767399609905313e-06,5.767399609905313e-06,0.0,0.0,0.0,0.0,0.08327288676001617,0.0
1730225340.0,5.767399609905313e-06,5.767399609905313e-06,5.767399609905313e-06,5.767399609905313e-06,0.0,0.0,0.0,0.0,0.08327288676001617,0.0
1730225400.0,5.767399609905313e-06,5.767399609905313e-06,5.767399609905313e-06,5.767399609905313e-06,0.0,0.0,0.0,0.0,0.08327288676001617,0.0
1730225460.0,5.767399609905313e-06,5.767399609905313e-06,5.767399609905313e-06,5.767399609905313e-06,0.0,0.0,0.0,0.0,0.08327288676001617,0.0
1730225520.0,5.767399609905313e-06,5.767399609905313e-06,5.767399609905313e-06,5.767399609905313e-06,0.0,0.0,0.0,0.0,0.08327288676001617,0.0
1730225580.0,5.767399609905313e-06,5.767399609905313e-06,5.7489202792073915e-06,5.7489202792073915e-06,6.065558191042296,3.4926454217035434e-05,-0.0032041009723314034,0.0,0.08327288676001617,0.0032041009723314034
1730225640.0,5.7489202792073915e-06,5.7489202792073915e-06,5.7489202792073915e-06,5.7489202792073915e-06,0.0,0.0,0.0,-1.0,0.08300607202257955,0.0
1730225700.0,5.7489202792073915e-06,5.7489202792073915e-06,5.7489202792073915e-06,5.7489202792073915e-06,0.0,0.0,0.0,0.0,0.08300607202257955,0.0
1730225760.0,5.7489202792073915e-06,5.7489202792073915e-06,5.7489202792073915e-06,5.7489202792073915e-06,0.0,0.0,0.0,0.0,0.08300607202257955,0.0
1730225820.0,5.7489202792073915e-06,5.7489202792073915e-06,5.7489202792073915e-06,5.7489202792073915e-06,0.0,0.0,0.0,0.0,0.08300607202257955,0.0
1730225880.0,5.7489202792073915e-06,5.7489202792073915e-06,5.7489202792073915e-06,5.7489202792073915e-06,0.0,0.0,0.0,0.0,0.08300607202257955,0.0
1730225940.0,5.7489202792073915e-06,5.7489202792073915e-06,5.7489202792073915e-06,5.7489202792073915e-06,0.0,0.0,0.0,0.0,0.08300607202257955,0.0
1730226000.0,5.7489202792073915e-06,5.7489202792073915e-06,5.7489202792073915e-06,5.7489202792073915e-06,0.0,0.0,0.0,0.0,0.08300607202257955,0.0
1730226060.0,5.7489202792073915e-06,5.7489202792073915e-06,5.7489202792073915e-06,5.7489202792073915e-06,0.0,0.0,0.0,0.0,0.08300607202257955,0.0
1730226120.0,5.7489202792073915e-06,5.7489202792073915e-06,5.7489202792073915e-06,5.7489202792073915e-06,0.0,0.0,0.0,0.0,0.08300607202257955,0.0
1730226180.0,5.7489202792073915e-06,5.7489202792073915e-06,5.7489202792073915e-06,5.7489202792073915e-06,0.0,0.0,0.0,0.0,0.08300607202257955,0.0
1730226240.0,5.7489202792073915e-06,5.7489202792073915e-06,5.7489202792073915e-06,5.7489202792073915e-06,0.0,0.0,0.0,0.0,0.08300607202257955,0.0
1730226300.0,5.7489202792073915e-06,5.7489202792073915e-06,5.7489202792073915e-06,5.7489202792073915e-06,0.0,0.0,0.0,0.0,0.08300607202257955,0.0
1730226360.0,5.7489202792073915e-06,5.7489202792073915e-06,5.7489202792073915e-06,5.7489202792073915e-06,0.0,0.0,0.0,0.0,0.08300607202257955,0.0
1730226420.0,5.7489202792073915e-06,5.7489202792073915e-06,5.7489202792073915e-06,5.7489202792073915e-06,0.0,0.0,0.0,0.0,0.08300607202257955,0.0
1730226480.0,5.7489202792073915e-06,5.7489202792073915e-06,5.7489202792073915e-06,5.7489202792073915e-06,0.0,0.0,0.0,0.0,0.08300607202257955,0.0
1730226540.0,5.7489202792073915e-06,5.7489202792073915e-06,5.7489202792073915e-06,5.7489202792073915e-06,0.0,0.0,0.0,0.0,0.08300607202257955,0.0
1730226600.0,5.7489202792073915e-06,5.7489202792073915e-06,5.7489202792073915e-06,5.7489202792073915e-06,0.0,0.0,0.0,0.0,0.08300607202257955,0.0
1730226660.0,5.7489202792073915e-06,5.7489202792073915e-06,5.7489202792073915e-06,5.7489202792073915e-06,0.0,0.0,0.0,0.0,0.08300607202257955,0.0
1730226720.0,5.7489202792073915e-06,5.7489202792073915e-06,5.7489202792073915e-06,5.7489202792073915e-06,0.0,0.0,0.0,0.0,0.08300607202257955,0.0
1730226780.0,5.7489202792073915e-06,5.7489202792073915e-06,5.7489202792073915e-06,5.7489202792073915e-06,0.0,0.0,0.0,0.0,0.08300607202257955,0.0
1730226840.0,5.7489202792073915e-06,5.7489202792073915e-06,5.7489202792073915e-06,5.7489202792073915e-06,0.0,0.0,0.0,0.0,0.08300607202257955,0.0
1730226900.0,5.7489202792073915e-06,5.7489202792073915e-06,5.7489202792073915e-06,5.7489202792073915e-06,0.0,0.0,0.0,0.0,0.08300607202257955,0.0
1730226960.0,5.7489202792073915e-06,5.7489202792073915e-06,5.7489202792073915e-06,5.7489202792073915e-06,0.0,0.0,0.0,0.0,0.08300607202257955,0.0
1730227020.0,5.7489202792073915e-06,5.7489202792073915e-06,5.7489202792073915e-06,5.7489202792073915e-06,0.0,0.0,0.0,0.0,0.08300607202257955,0.0
1730227080.0,5.7489202792073915e-06,5.7489202792073915e-06,5.7489202792073915e-06,5.7489202792073915e-06,0.0,0.0,0.0,0.0,0.08300607202257955,0.0
1730227140.0,5.7489202792073915e-06,5.7489202792073915e-06,5.7489202792073915e-06,5.7489202792073915e-06,0.0,0.0,0.0,0.0,0.08300607202257955,0.0
1730227200.0,5.7489202792073915e-06,5.7489202792073915e-06,5.7489202792073915e-06,5.7489202792073915e-06,0.0,0.0,0.0,0.0,0.08300607202257955,0.0
1730227260.0,5.7489202792073915e-06,5.7489202792073915e-06,5.7489202792073915e-06,5.7489202792073915e-06,0.0,0.0,0.0,0.0,0.08300607202257955,0.0
1730227320.0,5.7489202792073915e-06,5.7489202792073915e-06,5.7489202792073915e-06,5.7489202792073915e-06,0.0,0.0,0.0,0.0,0.08300607202257955,0.0
1730227380.0,5.7489202792073915e-06,5.7489202792073915e-06,5.7489202792073915e-06,5.7489202792073915e-06,0.0,0.0,0.0,0.0,0.08300607202257955,0.0
1730227440.0,5.7489202792073915e-06,5.7489202792073915e-06,5.7489202792073915e-06,5.7489202792073915e-06,0.0,0.0,0.0,0.0,0.08300607202257955,0.0
1730227500.0,5.7489202792073915e-06,5.7489202792073915e-06,5.7489202792073915e-06,5.7489202792073915e-06,0.0,0.0,0.0,0.0,0.08300607202257955,0.0
1730227560.0,5.7489202792073915e-06,5.7489202792073915e-06,5.7489202792073915e-06,5.7489202792073915e-06,0.0,0.0,0.0,0.0,0.08300607202257955,0.0
1730227620.0,5.7489202792073915e-06,5.7489202792073915e-06,5.7489202792073915e-06,5.7489202792073915e-06,0.0,0.0,0.0,0.0,0.08300607202257955,0.0
1730227680.0,5.7489202792073915e-06,5.7489202792073915e-06,5.7489202792073915e-06,5.7489202792073915e-06,0.0,0.0,0.0,0.0,0.08300607202257955,0.0
1730227740.0,5.7489202792073915e-06,5.7489202792073915e-06,5.7489202792073915e-06,5.7489202792073915e-06,0.0,0.0,0.0,0.0,0.08300607202257955,0.0
1730227800.0,5.7489202792073915e-06,5.7489202792073915e-06,5.7489202792073915e-06,5.7489202792073915e-06,0.0,0.0,0.0,0.0,0.08300607202257955,0.0
1730227860.0,5.7489202792073915e-06,5.7489202792073915e-06,5.7489202792073915e-06,5.7489202792073915e-06,0.0,0.0,0.0,0.0,0.08300607202257955,0.0
1730227920.0,5.7489202792073915e-06,5.7489202792073915e-06,5.7489202792073915e-06,5.7489202792073915e-06,0.0,0.0,0.0,0.0,0.08300607202257955,0.0
1730227980.0,5.7489202792073915e-06,5.7489202792073915e-06,5.7489202792073915e-06,5.7489202792073915e-06,0.0,0.0,0.0,0.0,0.08300607202257955,0.0
1730228040.0,5.7489202792073915e-06,5.7489202792073915e-06,5.744357129907048e-06,5.744357129907048e-06,0.943260853079612,5.4205793268009594e-06,-0.0007937402292474613,0.0,0.08300607202257955,0.0007937402292474613
1730228100.0,5.744357129907048e-06,5.744357129907048e-06,5.744357129907048e-06,5.744357129907048e-06,0.0,0.0,0.0,-1.0,0.08294018676394342,0.0
1730228160.0,5.744357129907048e-06,5.744357129907048e-06,5.744357129907048e-06,5.744357129907048e-06,0.0,0.0,0.0,0.0,0.08294018676394342,0.0
1730228220.0,5.744357129907048e-06,5.744357129907048e-06,5.744357129907048e-06,5.744357129907048e-06,0.0,0.0,0.0,0.0,0.08294018676394342,0.0
1730228280.0,5.744357129907048e-06,5.749716868772632e-06,5.744357129907048e-06,5.749716868772632e-06,0.1506243632019827,8.656437883237968e-07,0.0009330441587065463,0.0,0.08294018676394342,0.0009330441587065463
1730228340.0,5.749716868772632e-06,5.749716868772632e-06,5.749716868772632e-06,5.749716868772632e-06,0.0,0.0,0.0,-1.0,0.08301757362072554,0.0
1730228400.0,5.749716868772632e-06,5.749716868772632e-06,5.749716868772632e-06,5.749716868772632e-06,0.0,0.0,0.0,0.0,0.08301757362072554,0.0
1730228460.0,5.749716868772632e-06,5.749716868772632e-06,5.749716868772632e-06,5.749716868772632e-06,0.0,0.0,0.0,0.0,0.08301757362072554,0.0
1730228520.0,5.749716868772632e-06,5.749716868772632e-06,5.749716868772632e-06,5.749716868772632e-06,0.0,0.0,0.0,0.0,0.08301757362072554,0.0
1730228580.0,5.749716868772632e-06,5.749716868772632e-06,5.749716868772632e-06,5.749716868772632e-06,0.0,0.0,0.0,0.0,0.08301757362072554,0.0
1730228640.0,5.749716868772632e-06,5.749716868772632e-06,5.749647873861242e-06,5.749647873861242e-06,0.0056877625624082,3.2702828137314877e-08,-1.1999705892401695e-05,0.0,0.08301757362072554,1.1999705892401695e-05
1730228700.0,5.749647873861242e-06,5.749647873861242e-06,5.749647873861242e-06,5.749647873861242e-06,0.0,0.0,0.0,-1.0,0.08301657743425819,0.0
1730228760.0,5.749647873861242e-06,5.749647873861242e-06,5.749647873861242e-06,5.749647873861242e-06,0.0,0.0,0.0,0.0,0.08301657743425819,0.0
1730228820.0,5.749647873861242e-06,5.749647873861242e-06,5.749647873861242e-06,5.749647873861242e-06,0.0,0.0,0.0,0.0,0.08301657743425819,0.0
1730228880.0,5.749647873861242e-06,5.749647873861242e-06,5.749647873861242e-06,5.749647873861242e-06,0.0,0.0,0.0,0.0,0.08301657743425819,0.0
1730228940.0,5.749647873861242e-06,5.749647873861242e-06,5.749647873861242e-06,5.749647873861242e-06,0.0,0.0,0.0,0.0,0.08301657743425819,0.0
1730229000.0,5.749647873861242e-06,5.749647873861242e-06,5.749647873861242e-06,5.749647873861242e-06,0.0,0.0,0.0,0.0,0.08301657743425819,0.0
1730229060.0,5.749647873861242e-06,5.749647873861242e-06,5.728126975443935e-06,5.728126975443935e-06,3.842989946383544,2.2054486676366846e-05,-0.003742994160589357,0.0,0.08301657743425819,0.003742994160589357
1730229120.0,5.728126975443935e-06,5.728126975443935e-06,5.723577916902079e-06,5.723577916902079e-06,0.8207346783459828,4.699405665666362e-06,-0.0007941616101314357,-0.7869183837907162,0.08270584686968965,0.0007941616101314357
1730229180.0,5.723577916902079e-06,5.723577916902079e-06,5.723577916902079e-06,5.723577916902079e-06,0.0,0.0,0.0,-1.0,0.08264016506117233,0.0
1730229240.0,5.723577916902079e-06,5.723577916902079e-06,5.723577916902079e-06,5.723577916902079e-06,0.0,0.0,0.0,0.0,0.08264016506117233,0.0
1730229300.0,5.723577916902079e-06,5.723577916902079e-06,5.7112238143434065e-06,5.7112238143434065e-06,8.837805716494927,5.052927805369372e-05,-0.0021584580026751854,0.0,0.08264016506117233,0.0021584580026751854
1730229360.0,5.7112238143434065e-06,5.7112238143434065e-06,5.7112238143434065e-06,5.7112238143434065e-06,0.0,0.0,0.0,-1.0,0.08246178973555365,0.0
1730229420.0,5.7112238143434065e-06,5.7112238143434065e-06,5.7112238143434065e-06,5.7112238143434065e-06,0.0,0.0,0.0,0.0,0.08246178973555365,0.0
1730229480.0,5.7112238143434065e-06,5.7112238143434065e-06,5.7112238143434065e-06,5.7112238143434065e-06,0.0,0.0,0.0,0.0,0.08246178973555365,0.0
1730229540.0,5.7112238143434065e-06,5.7112238143434065e-06,5.7112238143434065e-06,5.7112238143434065e-06,0.0,0.0,0.0,0.0,0.08246178973555365,0.0
1730229600.0,5.7112238143434065e-06,5.7112238143434065e-06,5.7112238143434065e-06,5.7112238143434065e-06,0.0,0.0,0.0,0.0,0.08246178973555365,0.0
1730229660.0,5.7112238143434065e-06,5.7112238143434065e-06,5.7112238143434065e-06,5.7112238143434065e-06,0.0,0.0,0.0,0.0,0.08246178973555365,0.0
1730229720.0,5.7112238143434065e-06,5.7112238143434065e-06,5.7112238143434065e-06,5.7112238143434065e-06,0.0,0.0,0.0,0.0,0.08246178973555365,0.0
1730229780.0,5.7112238143434065e-06,5.7112238143434065e-06,5.6372576204574006e-06,5.6372576204574006e-06,2.880345462264064,1.634377350215824e-05,-0.012951023509224786,0.0,0.08246178973555365,0.012951023509224786
1730229840.0,5.6372576204574006e-06,5.6372576204574006e-06,5.6372576204574006e-06,5.6372576204574006e-06,0.0,0.0,0.0,-1.0,0.08139382515807575,0.0
1730229900.0,5.6372576204574006e-06,5.6372576204574006e-06,5.6372576204574006e-06,5.6372576204574006e-06,0.0,0.0,0.0,0.0,0.08139382515807575,0.0
1730229960.0,5.6372576204574006e-06,5.6372576204574006e-06,5.6372576204574006e-06,5.6372576204574006e-06,0.0,0.0,0.0,0.0,0.08139382515807575,0.0
1730230020.0,5.6372576204574006e-06,5.6372576204574006e-06,5.6372576204574006e-06,5.6372576204574006e-06,0.0,0.0,0.0,0.0,0.08139382515807575,0.0
1730230080.0,5.6372576204574006e-06,5.6372576204574006e-06,5.6372576204574006e-06,5.6372576204574006e-06,0.0,0.0,0.0,0.0,0.08139382515807575,0.0
1730230140.0,5.6372576204574006e-06,5.6372576204574006e-06,5.6372576204574006e-06,5.6372576204574006e-06,0.0,0.0,0.0,0.0,0.08139382515807575,0.0
1730230200.0,5.6372576204574006e-06,5.6372576204574006e-06,5.6372576204574006e-06,5.6372576204574006e-06,0.0,0.0,0.0,0.0,0.08139382515807575,0.0
1730230260.0,5.6372576204574006e-06,5.676367583277233e-06,5.62709779279173e-06,5.62709779279173e-06,0.0001356415845128,7.639575083842239e-10,-0.0018022642124428123,0.0,0.08139382515807575,0.008740028184396852
1730230320.0,5.62709779279173e-06,5.62709779279173e-06,5.62709779279173e-06,5.62709779279173e-06,0.0,0.0,0.0,-1.0,0.08124713197987951,0.0
1730230380.0,5.62709779279173e-06,5.62709779279173e-06,5.62709779279173e-06,5.62709779279173e-06,0.0,0.0,0.0,0.0,0.08124713197987951,0.0
1730230440.0,5.62709779279173e-06,5.62709779279173e-06,5.62709779279173e-06,5.62709779279173e-06,0.0,0.0,0.0,0.0,0.08124713197987951,0.0
1730230500.0,5.62709779279173e-06,5.62709779279173e-06,5.62709779279173e-06,5.62709779279173e-06,0.0,0.0,0.0,0.0,0.08124713197987951,0.0
1730230560.0,5.62709779279173e-06,5.62709779279173e-06,5.62709779279173e-06,5.62709779279173e-06,0.0,0.0,0.0,0.0,0.08124713197987951,0.0
1730230620.0,5.62709779279173e-06,5.62709779279173e-06,5.62709779279173e-06,5.62709779279173e-06,0.0,0.0,0.0,0.0,0.08124713197987951,0.0
1730230680.0,5.62709779279173e-06,5.62709779279173e-06,5.62709779279173e-06,5.62709779279173e-06,0.0,0.0,0.0,0.0,0.08124713197987951,0.0
1730230740.0,5.62709779279173e-06,5.62709779279173e-06,5.62709779279173e-06,5.62709779279173e-06,0.0,0.0,0.0,0.0,0.08124713197987951,0.0
1730230800.0,5.62709779279173e-06,5.62709779279173e-06,5.6187271536397324e-06,5.6187271536397324e-06,0.5425478667692001,3.050699167373122e-06,-0.0014875588554227603,0.0,0.08124713197987951,0.0014875588554227603
1730230860.0,5.6187271536397324e-06,5.6187271536397324e-06,5.6187271536397324e-06,5.6187271536397324e-06,0.0,0.0,0.0,-1.0,0.08112627208922514,0.0
1730230920.0,5.6187271536397324e-06,5.6187271536397324e-06,5.6187271536397324e-06,5.6187271536397324e-06,0.0,0.0,0.0,0.0,0.08112627208922514,0.0
1730230980.0,5.6187271536397324e-06,5.6187271536397324e-06,5.6187271536397324e-06,5.6187271536397324e-06,0.0,0.0,0.0,0.0,0.08112627208922514,0.0
1730231040.0,5.6187271536397324e-06,5.6187271536397324e-06,5.6187271536397324e-06,5.6187271536397324e-06,0.0,0.0,0.0,0.0,0.08112627208922514,0.0
1730231100.0,5.6187271536397324e-06,5.6187271536397324e-06,5.6187271536397324e-06,5.6187271536397324e-06,0.0,0.0,0.0,0.0,0.08112627208922514,0.0
1730231160.0,5.6187271536397324e-06,5.6187271536397324e-06,5.6187271536397324e-06,5.6187271536397324e-06,0.0,0.0,0.0,0.0,0.08112627208922514,0.0
1730231220.0,5.6187271536397324e-06,5.6187271536397324e-06,5.6187271536397324e-06,5.6187271536397324e-06,0.0,0.0,0.0,0.0,0.08112627208922514,0.0
1730231280.0,5.6187271536397324e-06,5.6187271536397324e-06,5.6187271536397324e-06,5.6187271536397324e-06,0.0,0.0,0.0,0.0,0.08112627208922514,0.0
1730231340.0,5.6187271536397324e-06,5.6187271536397324e-06,5.6187271536397324e-06,5.6187271536397324e-06,0.0,0.0,0.0,0.0,0.08112627208922514,0.0
1730231400.0,5.6187271536397324e-06,5.6187271536397324e-06,5.6187271536397324e-06,5.6187271536397324e-06,0.0,0.0,0.0,0.0,0.08112627208922514,0.0
1730231460.0,5.6187271536397324e-06,5.6187271536397324e-06,5.6187271536397324e-06,5.6187271536397324e-06,0.0,0.0,0.0,0.0,0.08112627208922514,0.0
1730231520.0,5.6187271536397324e-06,5.6187271536397324e-06,5.6187271536397324e-06,5.6187271536397324e-06,0.0,0.0,0.0,0.0,0.08112627208922514,0.0
1730231580.0,5.6187271536397324e-06,5.6187271536397324e-06,5.610396362200013e-06,5.610396362200013e-06,1.3433195200222792,7.542150405784367e-06,-0.0014826830369085954,0.0,0.08112627208922514,0.0014826830369085954
1730231640.0,5.610396362200013e-06,5.610396362200013e-06,5.610396362200013e-06,5.610396362200013e-06,0.0,0.0,0.0,-1.0,0.08100598754175081,0.0
1730231700.0,5.610396362200013e-06,5.610396362200013e-06,5.610396362200013e-06,5.610396362200013e-06,0.0,0.0,0.0,0.0,0.08100598754175081,0.0
1730231760.0,5.610396362200013e-06,5.610396362200013e-06,5.610396362200013e-06,5.610396362200013e-06,0.0,0.0,0.0,0.0,0.08100598754175081,0.0
1730231820.0,5.610396362200013e-06,5.610396362200013e-06,5.610396362200013e-06,5.610396362200013e-06,0.0,0.0,0.0,0.0,0.08100598754175081,0.0
1730231880.0,5.610396362200013e-06,5.610396362200013e-06,5.610396362200013e-06,5.610396362200013e-06,0.0,0.0,0.0,0.0,0.08100598754175081,0.0
1730231940.0,5.610396362200013e-06,5.610396362200013e-06,5.610396362200013e-06,5.610396362200013e-06,0.0,0.0,0.0,0.0,0.08100598754175081,0.0
1730232000.0,5.610396362200013e-06,5.610396362200013e-06,5.610396362200013e-06,5.610396362200013e-06,0.0,0.0,0.0,0.0,0.08100598754175081,0.0
1730232060.0,5.610396362200013e-06,5.610396362200013e-06,5.610396362200013e-06,5.610396362200013e-06,0.0,0.0,0.0,0.0,0.08100598754175081,0.0
1730232120.0,5.610396362200013e-06,5.610396362200013e-06,5.610396362200013e-06,5.610396362200013e-06,0.0,0.0,0.0,0.0,0.08100598754175081,0.0
1730232180.0,5.610396362200013e-06,5.610396362200013e-06,5.610396362200013e-06,5.610396362200013e-06,0.0,0.0,0.0,0.0,0.08100598754175081,0.0
1730232240.0,5.610396362200013e-06,5.610396362200013e-06,5.610396362200013e-06,5.610396362200013e-06,0.0,0.0,0.0,0.0,0.08100598754175081,0.0
1730232300.0,5.610396362200013e-06,5.610396362200013e-06,5.610396362200013e-06,5.610396362200013e-06,0.0,0.0,0.0,0.0,0.08100598754175081,0.0
1730232360.0,5.610396362200013e-06,5.610396362200013e-06,5.610396362200013e-06,5.610396362200013e-06,0.0,0.0,0.0,0.0,0.08100598754175081,0.0
1730232420.0,5.610396362200013e-06,5.610396362200013e-06,5.610396362200013e-06,5.610396362200013e-06,0.0,0.0,0.0,0.0,0.08100598754175081,0.0
1730232480.0,5.610396362200013e-06,5.610396362200013e-06,5.610396362200013e-06,5.610396362200013e-06,0.0,0.0,0.0,0.0,0.08100598754175081,0.0
1730232540.0,5.610396362200013e-06,5.610396362200013e-06,5.610396362200013e-06,5.610396362200013e-06,0.0,0.0,0.0,0.0,0.08100598754175081,0.0
1730232600.0,5.610396362200013e-06,5.610396362200013e-06,5.610396362200013e-06,5.610396362200013e-06,0.0,0.0,0.0,0.0,0.08100598754175081,0.0
1730232660.0,5.610396362200013e-06,5.610396362200013e-06,5.610396362200013e-06,5.610396362200013e-06,0.0,0.0,0.0,0.0,0.08100598754175081,0.0
1730232720.0,5.610396362200013e-06,5.610396362200013e-06,5.610396362200013e-06,5.610396362200013e-06,0.0,0.0,0.0,0.0,0.08100598754175081,0.0
1730232780.0,5.610396362200013e-06,5.610396362200013e-06,5.610396362200013e-06,5.610396362200013e-06,0.0,0.0,0.0,0.0,0.08100598754175081,0.0
1730232840.0,5.610396362200013e-06,5.610396362200013e-06,5.610396362200013e-06,5.610396362200013e-06,0.0,0.0,0.0,0.0,0.08100598754175081,0.0
1730232900.0,5.610396362200013e-06,5.610396362200013e-06,5.610396362200013e-06,5.610396362200013e-06,0.0,0.0,0.0,0.0,0.08100598754175081,0.0
1730232960.0,5.610396362200013e-06,5.610396362200013e-06,5.610396362200013e-06,5.610396362200013e-06,0.0,0.0,0.0,0.0,0.08100598754175081,0.0
1730233020.0,5.610396362200013e-06,5.610396362200013e-06,5.610396362200013e-06,5.610396362200013e-06,0.0,0.0,0.0,0.0,0.08100598754175081,0.0
1730233080.0,5.610396362200013e-06,5.610396362200013e-06,5.610396362200013e-06,5.610396362200013e-06,0.0,0.0,0.0,0.0,0.08100598754175081,0.0
1730233140.0,5.610396362200013e-06,5.610396362200013e-06,5.610396362200013e-06,5.610396362200013e-06,0.0,0.0,0.0,0.0,0.08100598754175081,0.0
1730233200.0,5.610396362200013e-06,5.610396362200013e-06,5.610396362200013e-06,5.610396362200013e-06,0.0,0.0,0.0,0.0,0.08100598754175081,0.0
1730233260.0,5.610396362200013e-06,5.610396362200013e-06,5.610396362200013e-06,5.610396362200013e-06,0.0,0.0,0.0,0.0,0.08100598754175081,0.0
1730233320.0,5.610396362200013e-06,5.610396362200013e-06,5.610396362200013e-06,5.610396362200013e-06,0.0,0.0,0.0,0.0,0.08100598754175081,0.0
1730233380.0,5.610396362200013e-06,5.610396362200013e-06,5.610396362200013e-06,5.610396362200013e-06,0.0,0.0,0.0,0.0,0.08100598754175081,0.0
1730233440.0,5.610396362200013e-06,5.610396362200013e-06,5.610396362200013e-06,5.610396362200013e-06,0.0,0.0,0.0,0.0,0.08100598754175081,0.0
1730233500.0,5.610396362200013e-06,5.610396362200013e-06,5.610396362200013e-06,5.610396362200013e-06,0.0,0.0,0.0,0.0,0.08100598754175081,0.0
1730233560.0,5.610396362200013e-06,5.610396362200013e-06,5.610396362200013e-06,5.610396362200013e-06,0.0,0.0,0.0,0.0,0.08100598754175081,0.0
1730233620.0,5.610396362200013e-06,5.610396362200013e-06,5.492469392575915e-06,5.492469392575915e-06,37.14120303378691,0.0002061868956275062,-0.02101936512340374,0.0,0.08100598754175081,0.02101936512340374
1730233680.0,5.492469392575915e-06,5.492469392575915e-06,5.492469392575915e-06,5.492469392575915e-06,0.0,0.0,0.0,-1.0,0.07930329311242887,0.0
1730233740.0,5.492469392575915e-06,5.492469392575915e-06,5.492469392575915e-06,5.492469392575915e-06,0.0,0.0,0.0,0.0,0.07930329311242887,0.0
1730233800.0,5.492469392575915e-06,5.492469392575915e-06,5.492469392575915e-06,5.492469392575915e-06,0.0,0.0,0.0,0.0,0.07930329311242887,0.0
1730233860.0,5.492469392575915e-06,5.492469392575915e-06,5.492469392575915e-06,5.492469392575915e-06,0.0,0.0,0.0,0.0,0.07930329311242887,0.0
1730233920.0,5.492469392575915e-06,5.492469392575915e-06,5.492469392575915e-06,5.492469392575915e-06,0.0,0.0,0.0,0.0,0.07930329311242887,0.0
1730233980.0,5.492469392575915e-06,5.492469392575915e-06,5.457469071612858e-06,5.457469071612858e-06,3.24211607568232,1.7750485761239295e-05,-0.006372419846411224,0.0,0.07930329311242887,0.006372419846411224
1730234040.0,5.457469071612858e-06,5.457469071612858e-06,5.457469071612858e-06,5.457469071612858e-06,0.0,0.0,0.0,-1.0,0.07879793923351346,0.0
1730234100.0,5.457469071612858e-06,5.457469071612858e-06,5.457469071612858e-06,5.457469071612858e-06,0.0,0.0,0.0,0.0,0.07879793923351346,0.0
1730234160.0,5.457469071612858e-06,5.457469071612858e-06,5.457469071612858e-06,5.457469071612858e-06,0.0,0.0,0.0,0.0,0.07879793923351346,0.0
1730234220.0,5.457469071612858e-06,5.457469071612858e-06,5.457469071612858e-06,5.457469071612858e-06,0.0,0.0,0.0,0.0,0.07879793923351346,0.0
1730234280.0,5.457469071612858e-06,5.457469071612858e-06,5.457469071612858e-06,5.457469071612858e-06,0.0,0.0,0.0,0.0,0.07879793923351346,0.0
1730234340.0,5.457469071612858e-06,5.457469071612858e-06,5.457469071612858e-06,5.457469071612858e-06,0.0,0.0,0.0,0.0,0.07879793923351346,0.0
1730234400.0,5.457469071612858e-06,5.457469071612858e-06,5.457469071612858e-06,5.457469071612858e-06,0.0,0.0,0.0,0.0,0.07879793923351346,0.0
1730234460.0,5.457469071612858e-06,5.457469071612858e-06,5.457469071612858e-06,5.457469071612858e-06,0.0,0.0,0.0,0.0,0.07879793923351346,0.0
1730234520.0,5.457469071612858e-06,5.457469071612858e-06,5.457469071612858e-06,5.457469071612858e-06,0.0,0.0,0.0,0.0,0.07879793923351346,0.0
1730234580.0,5.457469071612858e-06,5.457469071612858e-06,5.457469071612858e-06,5.457469071612858e-06,0.0,0.0,0.0,0.0,0.07879793923351346,0.0
1730234640.0,5.457469071612858e-06,5.457469071612858e-06,5.457469071612858e-06,5.457469071612858e-06,0.0,0.0,0.0,0.0,0.07879793923351346,0.0
1730234700.0,5.457469071612858e-06,5.457469071612858e-06,5.457469071612858e-06,5.457469071612858e-06,0.0,0.0,0.0,0.0,0.07879793923351346,0.0
1730234760.0,5.457469071612858e-06,5.457469071612858e-06,5.457469071612858e-06,5.457469071612858e-06,0.0,0.0,0.0,0.0,0.07879793923351346,0.0
1730234820.0,5.457469071612858e-06,5.457469071612858e-06,5.457469071612858e-06,5.457469071612858e-06,0.0,0.0,0.0,0.0,0.07879793923351346,0.0
1730234880.0,5.457469071612858e-06,5.457469071612858e-06,5.457469071612858e-06,5.457469071612858e-06,0.0,0.0,0.0,0.0,0.07879793923351346,0.0
1730234940.0,5.457469071612858e-06,5.457469071612858e-06,5.457469071612858e-06,5.457469071612858e-06,0.0,0.0,0.0,0.0,0.07879793923351346,0.0
1730235000.0,5.457469071612858e-06,5.457469071612858e-06,5.457469071612858e-06,5.457469071612858e-06,0.0,0.0,0.0,0.0,0.07879793923351346,0.0
1730235060.0,5.457469071612858e-06,5.457469071612858e-06,5.457469071612858e-06,5.457469071612858e-06,0.0,0.0,0.0,0.0,0.07879793923351346,0.0
1730235120.0,5.457469071612858e-06,5.457469071612858e-06,5.457469071612858e-06,5.457469071612858e-06,0.0,0.0,0.0,0.0,0.07879793923351346,0.0
1730235180.0,5.457469071612858e-06,5.473821439289355e-06,5.446842813380509e-06,5.446842813380509e-06,20.63154927981224,0.00011248642400884147,-0.0019471037019013107,0.0,0.07879793923351346,0.004943431754689466
1730235240.0,5.446842813380509e-06,5.446842813380509e-06,5.446842813380509e-06,5.446842813380509e-06,0.0,0.0,0.0,-1.0,0.07864451147432969,0.0
1730235300.0,5.446842813380509e-06,5.446842813380509e-06,5.446842813380509e-06,5.446842813380509e-06,0.0,0.0,0.0,0.0,0.07864451147432969,0.0
1730235360.0,5.446842813380509e-06,5.446842813380509e-06,5.446842813380509e-06,5.446842813380509e-06,0.0,0.0,0.0,0.0,0.07864451147432969,0.0
1730235420.0,5.446842813380509e-06,5.446842813380509e-06,5.446842813380509e-06,5.446842813380509e-06,0.0,0.0,0.0,0.0,0.07864451147432969,0.0
1730235480.0,5.446842813380509e-06,5.446842813380509e-06,5.446842813380509e-06,5.446842813380509e-06,0.0,0.0,0.0,0.0,0.07864451147432969,0.0
1730235540.0,5.446842813380509e-06,5.446842813380509e-06,5.446842813380509e-06,5.446842813380509e-06,0.0,0.0,0.0,0.0,0.07864451147432969,0.0
1730235600.0,5.446842813380509e-06,5.446842813380509e-06,5.446842813380509e-06,5.446842813380509e-06,0.0,0.0,0.0,0.0,0.07864451147432969,0.0
1730235660.0,5.446842813380509e-06,5.446842813380509e-06,5.446842813380509e-06,5.446842813380509e-06,0.0,0.0,0.0,0.0,0.07864451147432969,0.0
1730235720.0,5.446842813380509e-06,5.446842813380509e-06,5.446842813380509e-06,5.446842813380509e-06,0.0,0.0,0.0,0.0,0.07864451147432969,0.0
1730235780.0,5.446842813380509e-06,5.446842813380509e-06,5.446842813380509e-06,5.446842813380509e-06,0.0,0.0,0.0,0.0,0.07864451147432969,0.0
