time,open,high,low,close,volume,usd_vol,price_change,vol_change,norm_open,mov_in_min
1729888560.0,6.609053930155465e-05,0.0001012236976837,5.6578874827684225e-05,6.903296284532375e-05,25026.401368690593,1.690827499535452,0.04452110052156708,0.0,1.0,0.6755100401331661
1729888620.0,6.903296284532375e-05,7.005293151005063e-05,5.490930187553018e-05,6.893832675233581e-05,9441.688248011164,0.6513409517785836,-0.0013708826781776676,-0.614779773834092,1.044521100521567,0.21936809620139702
1729888680.0,6.893832675233581e-05,0.0001003223876419,6.794665378810177e-05,8.131870347112797e-05,14309.72858011492,1.0750686598759454,0.1795862664794469,0.6505467020618156,1.043089184637871,0.46963329948679466
1729888740.0,8.131870347112797e-05,9.949468429497614e-05,6.806761955774752e-05,8.15579698927818e-05,16428.273957411115,1.3378913056470378,0.002942329518802303,0.24447056786254023,1.2304136769120766,0.3864678529753826
1729888800.0,8.15579698927818e-05,0.0001942703377567,8.112874271573361e-05,0.0001099088696464,42688.04029310763,4.086672080521283,0.3476165455183474,2.054562103268072,1.234033959393993,1.3872536943931442
1729888860.0,0.0001099088696464,0.0001367751180064,0.0001047192914362,0.0001152355842887,15844.174968391218,1.7836140606553106,0.04846482963055819,-0.5635534181573486,1.6630045814108616,0.29165823170896366
1729888920.0,0.0001152355842887,0.0001300434240791,9.35885149411782e-05,9.74539242235519e-05,23031.31169496967,2.4492591823977894,-0.1543070239536397,0.37320019864494497,1.7436018151237769,0.3163511458977049
1729888980.0,9.74539242235519e-05,0.0003157724523342,9.735668903179989e-05,0.00014563140317,41928.9014023432,5.0961503623202775,0.4943616106821171,1.0806905201968948,1.4745518080718625,2.241220813246791
1729889040.0,0.00014563140317,0.0002474801261677,0.0001251115402565,0.0002075321517161,29814.55220465517,5.2647066219666145,0.42505082831510826,0.03307521318299434,2.2035136149444963,0.8402623558351311
1729889100.0,0.0002075321517161,0.0002075321517161,0.0001650694444583,0.0001835596899994,19319.96928008823,3.777941183818294,-0.11551203762149516,-0.282402334053126,3.140118902180273,0.20460784946656438
1729889160.0,0.0001835596899994,0.0002397832842945,0.0001835596899994,0.0002269630360422,23658.937179753146,4.856265693139612,0.23645358108276307,0.28542649471093023,2.7773973694156573,0.3062959754142305
1729889220.0,0.0002269630360422,0.0002898157086199,0.0002269630360422,0.0002898157086199,21333.988736896594,5.5124759590444015,0.27692911442202256,0.13512651641606221,3.434122923503835,0.27692911442202256
1729889280.0,0.0002898157086199,0.0004346816811891,0.0002879904186636,0.0003124686132282,48833.78799910081,14.705912444156159,0.07816313586372836,1.6677508534124215,4.38513154352612,0.5061535940340934
1729889340.0,0.0003124686132282,0.0050978892993872,0.000244914658264,0.0003383147346908,261124.1780537336,84.9676334082029,0.08271589647221382,4.777787249234398,4.7278871761430725,15.531078756953448
1729889400.0,0.0003383147346908,0.0003769532951091,0.000279201946028,0.0003135792821712,37803.437905851475,12.321917493819354,-0.07311373104161943,-0.8549810439626794,5.11895860233723,0.2889361268005044
1729889460.0,0.0003135792821712,0.0003246782360811,0.0002423134594342,0.0002856555588279,32003.43751512179,9.58878739539932,-0.08904836808719685,-0.22181045277985068,4.744692439872762,0.26266013518690495
1729889520.0,0.0002856555588279,0.0002858641506432,0.0001447088453194,0.000155488833639,47589.88269669528,10.497004944902336,-0.45567719992216943,0.09471662182631944,4.322185321026432,0.494145137251967
1729889580.0,0.000155488833639,0.0002031449337277,0.0001102547855514,0.0001203629436494,36193.477239437176,4.992017511373,-0.22590618996571885,-0.5244341088171751,2.3526640163964045,0.5974071964033378
1729889640.0,0.0001203629436494,0.0001611184298201,0.0001151703425582,0.0001543022521002,20661.987045013728,2.8375643581471977,0.2819747292793065,-0.43157964656923714,1.8211826521828474,0.3817461244196569
1729889700.0,0.0001543022521002,0.0001650620454983,0.0001117106845589,0.0001362737420127,28189.001281829303,4.095523535258681,-0.1168389303598287,0.4433235755515601,2.334710137500275,0.34575879621481465
1729889760.0,0.0001362737420127,0.000179908179371,0.0001362737420127,0.0001651458805923,11527.926109349426,1.7373715686492153,0.21186868543544715,-0.5757876731284662,2.061925102334494,0.3201969558760155
1729889820.0,0.0001651458805923,0.0001753254299571,0.0001230203658587,0.0001266590543754,16273.987338604884,2.374414908503386,-0.23304744919380366,0.36667075215779205,2.4987824632324536,0.3167203681424358
1729889880.0,0.0001266590543754,0.000137288648819,6.337697725233834e-05,6.337697725233834e-05,40580.868194256334,3.8559135758223886,-0.4996253717124897,0.6239426235125872,1.9164475840859208,0.5835482661002477
1729889940.0,6.337697725233834e-05,7.56706706242493e-05,5.4621861574191613e-05,6.938725886587647e-05,18960.22387837522,1.258619819921411,0.09483383200192587,-0.6735871291791148,0.9589417475194897,0.33212074735358377
1729890000.0,6.938725886587647e-05,8.470922931624354e-05,5.8333179560684544e-05,5.8333179560684544e-05,13903.3764766935,0.8878726696064144,-0.15930992931366741,-0.2945664325690868,1.0498818681033861,0.3801281414869426
1729890060.0,5.8333179560684544e-05,7.077521323694339e-05,5.637845102232561e-05,6.411912162363541e-05,8502.630213781324,0.5205833178984246,0.09918783969133209,-0.4136734514767818,0.8826252619081347,0.2468022885610186
1729890120.0,6.411912162363541e-05,7.688621658933542e-05,4.915424563814775e-05,5.496535603870258e-05,16370.381443062406,0.9747291616401588,-0.14276186811577585,0.8723787876551711,0.9701709548937988,0.43250703142766056
1729890180.0,5.496535603870258e-05,6.288005657289015e-05,5.242669671645629e-05,5.365135576797641e-05,5084.414781496328,0.2761262075137027,-0.023905972150911725,-0.7167149415648237,0.831667536981494,0.19018088137323022
1729890240.0,5.365135576797641e-05,6.271514321994214e-05,5.365135576797641e-05,6.271514321994214e-05,1967.5913044675588,0.11448085576998075,0.16893864697778532,-0.5854038745514598,0.811785716003597,0.16893864697778532
1729890300.0,6.271514321994214e-05,6.894437633918363e-05,6.024832709697836e-05,6.872929704358385e-05,3619.8488643640344,0.23790450390744533,0.09589635795855642,1.0781160509967886,0.9489276965011374,0.13865948151801571
1729890360.0,6.872929704358385e-05,7.72719031702976e-05,6.872929704358385e-05,7.347261267984317e-05,4477.002033668113,0.31831911951163605,0.06901446457762264,0.3380121615329961,1.0399264065615987,0.1242935181091196
1729890420.0,7.347261267984317e-05,7.466765573355458e-05,6.118250758408155e-05,6.199615224839666e-05,3334.896439041926,0.2258871508802974,-0.15620052170262638,-0.2903751705934203,1.1116963707105787,0.18353979336810236
1729890480.0,6.199615224839666e-05,6.201916003986942e-05,4.149955834693403e-05,4.5303508883048666e-05,3143.8952684235996,0.1686694484673033,-0.2692528932838683,-0.25330215636441855,0.9380488176306699,0.3309818585308424
1729890540.0,4.5303508883048666e-05,4.5303508883048666e-05,3.825103254118599e-05,4.234985785580255e-05,3857.07814646205,0.16904294265612327,-0.06519695935409739,0.002214355902707323,0.6854764594421003,0.1556717463114986
1729890600.0,4.234985785580255e-05,4.6207480432144513e-05,4.234985785580255e-05,4.5008523027379016e-05,2504.3795082017655,0.10938926947676239,0.06277860909543025,-0.352890645666952,0.6407854785776631,0.09108938663919058
1729890660.0,4.5008523027379016e-05,4.5008523027379016e-05,4.226853321470402e-05,4.226853321470402e-05,1507.6653639332542,0.0657922973811216,-0.06087713233798493,-0.3985488915336628,0.6810130996513184,0.06087713233798493
1729890720.0,4.226853321470402e-05,5.057924824653115e-05,3.2943904464497445e-05,3.399290754451561e-05,9122.760248446357,0.3478574201237278,-0.19578691382906938,4.287205857984551,0.6395549750599439,0.41722156982487557
1729890780.0,3.399290754451561e-05,4.183857535174751e-05,3.235013736053767e-05,4.183857535174751e-05,8090.936408586295,0.3067738529412321,0.23080308140624808,-0.11810461644855197,0.5143384802689299,0.279129932583266
1729890840.0,4.183857535174751e-05,4.3525143606893874e-05,3.886986554148608e-05,4.1438446794354646e-05,3741.272144395561,0.15578100161171213,-0.009563627681604379,-0.49219596090689416,0.6330493864008058,0.11126760474680815
1729890900.0,4.1438446794354646e-05,4.2278530099267864e-05,4.074974213099704e-05,4.211984589490395e-05,1355.231101379438,0.05662039851532468,0.01644364480963445,-0.6365384871741139,0.6269951377652003,0.03689298433065536
1729890960.0,4.211984589490395e-05,4.293359439875053e-05,4.009288521750601e-05,4.1691670355634065e-05,1150.761610377573,0.048223537704327635,-0.010165648286991685,-0.14830098394175698,0.6373052231079791,0.06744348467780649
1729891020.0,4.1691670355634065e-05,4.2123232364317494e-05,3.1676805022469794e-05,3.1676805022469794e-05,2411.2947249254607,0.08845650882752269,-0.2402126191571717,0.8343015265672743,0.6308266023584006,0.25056389568320586
1729891080.0,3.1676805022469794e-05,3.1676805022469794e-05,2.869145169691317e-05,2.9154400949342875e-05,1461.627924338493,0.04445629465979394,-0.07962937143874399,-0.49742200716425244,0.4792940919718695,0.09424414247077562
1729891140.0,2.9154400949342875e-05,2.9154400949342875e-05,2.409668952194635e-05,2.409668952194635e-05,1104.5561548523524,0.029409409866330987,-0.1734802041099913,-0.3384646630721405,0.441128204693846,0.1734802041099913
1729891200.0,2.409668952194635e-05,2.6099193823322913e-05,2.334036926341365e-05,2.603020441662831e-05,2563.9214857199954,0.06426071019075949,0.08023985589061891,1.1850390906458683,0.3646011937048836,0.11448977492931676
1729891260.0,2.603020441662831e-05,3.093591053441206e-05,2.603020441662831e-05,3.093591053441206e-05,813.943149468613,0.02318358950812042,0.18846206657716216,-0.6392260614720975,0.3938567409453111,0.18846206657716216
1729891320.0,3.093591053441206e-05,3.160320564809999e-05,2.784576747027476e-05,2.8002099224948357e-05,3440.252660973498,0.10138082245356084,-0.09483513686142284,3.372956242088853,0.46808379627921043,0.12145878730951157
1729891380.0,2.8002099224948357e-05,2.8002099224948357e-05,2.691689013690057e-05,2.7242166695856298e-05,469.1601361048932,0.01295920365920981,-0.027138412837813274,-0.872173026953436,0.4236930053964571,0.03875456191087716
1729891440.0,2.7242166695856298e-05,2.7242166695856298e-05,2.60671035153632e-05,2.60671035153632e-05,495.7306588783775,0.013213519823066651,-0.04313398393057457,0.019624366631209148,0.41219464969951425,0.04313398393057457
1729891500.0,2.60671035153632e-05,2.628013808985655e-05,2.5895677067849904e-05,2.5895677067849904e-05,135.49558459805235,0.003520363666231391,-0.006576351968382686,-0.7335786593299732,0.3944150523031066,0.01474889689144239
1729891560.0,2.5895677067849904e-05,2.5930256657291263e-05,2.2280744383677277e-05,2.2280744383677277e-05,1150.7622980169922,0.02771980472989727,-0.13959599027671887,6.874131015439035,0.3918212400975333,0.14093133244022962
1729891620.0,2.2280744383677277e-05,2.2280744383677277e-05,1.5026707134041252e-05,1.52844550977395e-05,1196.650642969646,0.022476210056360198,-0.31400608370442107,-0.1891641995544643,0.33712456607466607,0.32557427726473465
1729891680.0,1.52844550977395e-05,1.52844550977395e-05,1.178741814338051e-05,1.178741814338051e-05,1414.2887749858864,0.01914372322137841,-0.22879696606758232,-0.14826729357954094,0.23126540136100784,0.22879696606758232
1729891740.0,1.178741814338051e-05,1.5375718153682895e-05,1.178741814338051e-05,1.5375718153682895e-05,2664.5607045897027,0.036188912795284696,0.304417809451977,0.8903800674923766,0.17835257917320754,0.304417809451977
1729891800.0,1.5375718153682895e-05,1.6019274903708165e-05,1.5007722590553214e-05,1.599012127822179e-05,354.4708026414303,0.005559137139474739,0.039959312364979155,-0.846385627252138,0.23264628063522566,0.0657889474198418
1729891860.0,1.599012127822179e-05,1.599012127822179e-05,1.3724336195474693e-05,1.3724336195474693e-05,833.942818379088,0.01239007920611,-0.1416990555182999,1.2287773975082563,0.24194266603367925,0.1416990555182999
1729891920.0,1.3724336195474693e-05,1.3724336195474693e-05,1.205058495220149e-05,1.2126537854672593e-05,645.1646931074945,0.008339035611561884,-0.11642081030694512,-0.3269586519310061,0.20765961876712744,0.12195498707071065
1729891980.0,1.2126537854672593e-05,1.2126537854672593e-05,1.1807357122886765e-05,1.1807357122886765e-05,66.03080287842516,0.000790187150688076,-0.026320845703115617,-0.9052423820336611,0.18348371768222715,0.026320845703115617
1729892040.0,1.1807357122886765e-05,1.1807357122886765e-05,1.1226735205907092e-05,1.1226735205907092e-05,164.72782005032573,0.0018971779080800715,-0.04917458758439901,1.4009222453542234,0.17865427106007922,0.04917458758439901
1729892100.0,1.1226735205907092e-05,1.1226735205907092e-05,1.0410856566850944e-05,1.0410856566850944e-05,245.5570019498686,0.0026566310825668032,-0.07267283177988051,0.40030677737297293,0.1698690209605084,0.07267283177988051
1729892160.0,1.0410856566850944e-05,1.1896637486999084e-05,1.0410856566850944e-05,1.1896637486999084e-05,435.1662434680423,0.004853734194299804,0.1427145701804205,0.8270260504556725,0.1575241581756324,0.1427145701804205
1729892220.0,1.1896637486999084e-05,1.1942986786314977e-05,1.1896637486999084e-05,1.1942986786314977e-05,11.756876465146288,0.00014013975877842812,0.003895999971970578,-0.9711274344312041,0.18000515070270032,0.003895999971970578
1729892280.0,1.1942986786314977e-05,1.433471352451787e-05,1.1942986786314977e-05,1.433471352451787e-05,618.4382228256476,0.008125567140088217,0.2002620266601554,56.981883306473875,0.1807064507647926,0.2002620266601554
1729892340.0,1.433471352451787e-05,1.445293250837114e-05,1.3265020012169996e-05,1.3265020012169996e-05,541.07469731439,0.007466758734660603,-0.07462259434193003,-0.08107845201073091,0.21689509082551356,0.08286963629718562
1729892400.0,1.3265020012169996e-05,1.3265020012169996e-05,1.3265020012169996e-05,1.3265020012169996e-05,0.0,0.0,0.0,-1.0,0.2007098164480852,0.0
1729892460.0,1.3265020012169996e-05,1.3265020012169996e-05,1.2461328540016022e-05,1.2553630207935369e-05,91.57849706823112,0.0011822165917438018,-0.05362900346791502,0.0,0.2007098164480852,0.06058727928164652
1729892520.0,1.2553630207935369e-05,1.2553630207935369e-05,1.2504672968406754e-05,1.2504672968406754e-05,16.635511624914702,0.00020842884689533818,-0.0038998471930189716,-0.8236965642751638,0.18994594900574627,0.0038998471930189716
1729892580.0,1.2504672968406754e-05,1.2540202985254722e-05,1.2457478784012683e-05,1.250506003839256e-05,26.71117818828799,0.000334019717393062,3.0954027089243536e-05,0.6025599256939173,0.18920518882969087,0.006615462991398724
1729892640.0,1.250506003839256e-05,1.2901023184253797e-05,1.250506003839256e-05,1.2901023184253797e-05,167.989722357269,0.0021339804333790156,0.03166423388976667,5.3887858178977694,0.18921104549223133,0.03166423388976667
1729892700.0,1.2901023184253797e-05,1.3857286175410288e-05,1.2901023184253797e-05,1.3857286175410288e-05,216.8290014010142,0.0029009887488176877,0.0741230348553786,0.35942612380197214,0.1952022682912246,0.0741230348553786
1729892760.0,1.3857286175410288e-05,1.3928805666758928e-05,1.38502252316748e-05,1.38502252316748e-05,37.84193047959359,0.0005242528602147302,-0.0005095473706834047,-0.8192847661238286,0.20967125282762403,0.005670694397837344
1729892820.0,1.38502252316748e-05,1.4450527240122806e-05,1.3816403794583304e-05,1.390834763608045e-05,172.17271951455652,0.0023896344902422017,0.004196495250685591,3.5581715839631753,0.20956441539203782,0.045784341765742
1729892880.0,1.390834763608045e-05,1.4347665616210666e-05,1.390834763608045e-05,1.404252147326908e-05,90.34456530444918,0.0012626045597828699,0.009647000542362267,-0.4716327685516046,0.21044385146594322,0.03158664074448042
1729892940.0,1.404252147326908e-05,1.404252147326908e-05,1.3911817995858524e-05,1.3911817995858524e-05,52.48799974388128,0.00073363368144797,-0.00930769289969464,-0.4189521368637121,0.21247400341517197,0.00930769289969464
1729893000.0,1.3911817995858524e-05,1.3911817995858524e-05,1.3218414930362052e-05,1.3218414930362052e-05,225.92677582169583,0.0030647230261563133,-0.04984273555784695,3.177456820285951,0.21049636064221489,0.04984273555784695
1729893060.0,1.3218414930362052e-05,1.3218414930362052e-05,1.2774750984471102e-05,1.2774750984471102e-05,45.98417735564595,0.0005976371757312095,-0.03356408073345278,-0.8049947187296894,0.20000464620283578,0.03356408073345278
1729893120.0,1.2774750984471102e-05,1.3007205341189267e-05,1.2774750984471102e-05,1.3007205341189267e-05,130.07205341189268,0.0016767560001271899,0.01819639044242312,1.8056420654817493,0.19329167411061815,0.01819639044242312
1729893180.0,1.3007205341189267e-05,1.3363535791890026e-05,1.3007205341189267e-05,1.3264559773516592e-05,98.21558930884176,0.0012901484464621533,0.01978552852643708,-0.23056876112905547,0.19680888488200454,0.0273948508810255
1729893240.0,1.3264559773516592e-05,1.3264559773516592e-05,1.2877613819384048e-05,1.2877613819384048e-05,99.1466191060192,0.0012959540639093767,-0.0291714132047641,0.004499960809272387,0.20070285268809374,0.0291714132047641
1729893300.0,1.2877613819384048e-05,1.2877613819384048e-05,1.2851436445431985e-05,1.2851436445431985e-05,1.7962077020887235,2.3107359126545234e-05,-0.0020327814080477887,-0.9821696155982261,0.19484806684095446,0.0020327814080477887
1729893360.0,1.2851436445431985e-05,1.2851436445431985e-05,1.2457278890883094e-05,1.2457278890883094e-05,262.07577365110444,0.0033164005759401733,-0.030670311153349155,142.52140189531065,0.1944519833132861,0.030670311153349155
1729893420.0,1.2457278890883094e-05,1.2591876085686835e-05,1.2457278890883094e-05,1.251047495720132e-05,40.21073762837885,0.0005019858995776344,0.004270279792576395,-0.8486353237243286,0.18848808048068175,0.010804702694923745
1729893480.0,1.251047495720132e-05,1.2574632918574616e-05,1.243209756065908e-05,1.2574632918574616e-05,43.33044302713072,0.0005434744188203686,0.00512833937902291,0.08264877415409916,0.18929297732189992,0.01139328110268829
1729893540.0,1.2574632918574616e-05,1.2574632918574616e-05,1.2574632918574616e-05,1.2574632918574616e-05,0.0,0.0,0.0,-1.0,0.1902637359516723,0.0
1729893600.0,1.2574632918574616e-05,1.2574632918574616e-05,1.2574632918574616e-05,1.2574632918574616e-05,0.0,0.0,0.0,0.0,0.1902637359516723,0.0
1729893660.0,1.2574632918574616e-05,1.2574632918574616e-05,1.2574632918574616e-05,1.2574632918574616e-05,0.0,0.0,0.0,0.0,0.1902637359516723,0.0
1729893720.0,1.2574632918574616e-05,1.2574632918574616e-05,1.2574632918574616e-05,1.2574632918574616e-05,0.0,0.0,0.0,0.0,0.1902637359516723,0.0
1729893780.0,1.2574632918574616e-05,1.3021189360507524e-05,1.2574632918574616e-05,1.293199235782238e-05,177.01207691758955,0.0022574903576668593,0.028419075257448648,0.0,0.1902637359516723,0.03551248333247779
1729893840.0,1.293199235782238e-05,1.293199235782238e-05,1.2501385132150803e-05,1.2545881718192452e-05,140.2979116128381,0.001787246262599874,-0.029857011119897102,-0.2083039218617029,0.19567085538244622,0.033297825559810805
1729893900.0,1.2545881718192452e-05,1.2545881718192452e-05,1.2482980180411532e-05,1.2482980180411532e-05,0.6866350800363115,8.592847296482867e-06,-0.005013719975512625,-0.9951921302193784,0.18982870847745276,0.005013719975512625
1729893960.0,1.2482980180411532e-05,1.2577797927275614e-05,1.2482980180411532e-05,1.2577797927275614e-05,16.78303457493204,0.00021029795272800664,0.007595762029076318,23.47360525236886,0.1888769604898336,0.007595762029076318
1729894020.0,1.2577797927275614e-05,1.2622113315217944e-05,1.2577797927275614e-05,1.2622113315217944e-05,5.048845326087178,6.361522704723767e-05,0.0035233025843283416,-0.6974995418547142,0.1903116249344896,0.0035233025843283416
1729894080.0,1.2622113315217944e-05,1.2622113315217944e-05,1.2622113315217944e-05,1.2622113315217944e-05,0.0,0.0,0.0,-1.0,0.19098215037444902,0.0
1729894140.0,1.2622113315217944e-05,1.2622113315217944e-05,1.2490915134631191e-05,1.2490915134631191e-05,19.41446485944332,0.0002437780041768982,-0.010394311737684422,0.0,0.19098215037444902,0.010394311737684422
1729894200.0,1.2490915134631191e-05,1.3213367724331696e-05,1.2490915134631191e-05,1.3181999346193649e-05,199.2146417188972,0.0025572102300887045,0.055326947954871565,9.489913717699723,0.18899702236712368,0.05783824338838854
1729894260.0,1.3181999346193649e-05,1.3636180505588256e-05,1.3181999346193649e-05,1.3636180505588256e-05,177.88215351651272,0.0023852377927140586,0.03445464890921524,-0.06725001931838842,0.19945365078725522,0.03445464890921524
1729894320.0,1.3636180505588256e-05,1.4009238640131123e-05,1.3636180505588256e-05,1.4009238640131123e-05,13.048079222973357,0.00018035980958282542,0.02735796393938788,-0.9243849774082266,0.20632575629879132,0.02735796393938788
1729894380.0,1.4009238640131123e-05,1.405930686252284e-05,1.4009238640131123e-05,1.405930686252284e-05,16.761784403503174,0.00023523945411770217,0.0035739431440827796,0.3042786786136783,0.2119704088993806,0.0035739431440827796
1729894440.0,1.405930686252284e-05,1.405930686252284e-05,1.3995834604777452e-05,1.3995834604777452e-05,4.346501394071484,6.0970855749246706e-05,-0.00451460789397676,-0.740813648892673,0.21272797908901495,0.00451460789397676
1729894500.0,1.3995834604777452e-05,1.3995834604777452e-05,1.3974804375801435e-05,1.3974804375801435e-05,6.304309077926995,8.816777662034107e-05,-0.0015026062803598882,0.4460642800052939,0.21176759567534997,0.0015026062803598882
1729894560.0,1.3974804375801435e-05,1.3974804375801435e-05,1.3945379027807054e-05,1.3945379027807054e-05,7.3622259309147875,0.00010277734912497156,-0.002105599992893884,0.16570194990331574,0.2114493923561115,0.002105599992893884
1729894620.0,1.3945379027807054e-05,1.3945379027807054e-05,1.3945379027807054e-05,1.3945379027807054e-05,0.0,0.0,0.0,-1.0,0.21100416451706902,0.0
1729894680.0,1.3945379027807054e-05,1.4050690520331908e-05,1.3945379027807054e-05,1.4050690520331908e-05,31.87077504897533,0.00044612821741210265,0.007551712457213413,0.0,0.21100416451706902,0.007551712457213413
1729894740.0,1.4050690520331908e-05,1.4160235715452824e-05,1.4050690520331908e-05,1.4160235715452824e-05,16.725560766635557,0.00023592178051984542,0.007796427866829774,-0.47117942485597797,0.21259760729477648,0.007796427866829774
1729894800.0,1.4160235715452824e-05,1.4314152002078784e-05,1.4039752327292664e-05,1.4314152002078784e-05,159.24585102736225,0.002267214052280696,0.010869613311450317,8.61002433639221,0.2142551092047108,0.019378185526012982
1729894860.0,1.4314152002078784e-05,1.4314152002078784e-05,1.4314152002078784e-05,1.4314152002078784e-05,0.0,0.0,0.0,-1.0,0.21658397939176857,0.0
1729894920.0,1.4314152002078784e-05,1.4314152002078784e-05,1.3951043169204675e-05,1.3951043169204675e-05,114.5490619184338,0.0016188757959059825,-0.025367121490771947,0.0,0.21658397939176857,0.025367121490771947
1729894980.0,1.3951043169204675e-05,1.3951043169204675e-05,1.3951043169204675e-05,1.3951043169204675e-05,0.0,0.0,0.0,-1.0,0.21108986727358275,0.0
1729895040.0,1.3951043169204675e-05,1.3951043169204675e-05,1.379894876938215e-05,1.379894876938215e-05,1.4104666595574595,1.9570219216182496e-05,-0.010902009117014057,0.0,0.21108986727358275,0.010902009117014057
1729895100.0,1.379894876938215e-05,1.379894876938215e-05,1.3702538390447893e-05,1.3702538390447893e-05,12.306643507871351,0.00016922549920616486,-0.006986791569817068,7.647092673659645,0.20878856361605685,0.006986791569817068
1729895160.0,1.3702538390447893e-05,1.3702538390447893e-05,1.3702538390447893e-05,1.3702538390447893e-05,0.0,0.0,0.0,-1.0,0.20732980143990998,0.0
1729895220.0,1.3702538390447893e-05,1.4431365666977964e-05,1.3702538390447893e-05,1.4362361259907494e-05,659.3320745011812,0.009252044253568147,0.04815333120464508,0.0,0.20732980143990998,0.05318921617020541
1729895280.0,1.4362361259907494e-05,1.4362361259907494e-05,1.4362361259907494e-05,1.4362361259907494e-05,0.0,0.0,0.0,-1.0,0.21731342203723925,0.0
1729895340.0,1.4362361259907494e-05,1.4362361259907494e-05,1.3570586196824445e-05,1.421098238381012e-05,194.6643167554376,0.0027811052089113074,-0.010539971343009505,0.0,0.21731342203723925,0.05512847426371931
1729895400.0,1.421098238381012e-05,1.421098238381012e-05,1.421098238381012e-05,1.421098238381012e-05,0.0,0.0,0.0,-1.0,0.21502294479651543,0.0
1729895460.0,1.421098238381012e-05,1.421098238381012e-05,1.3997365447823768e-05,1.3997365447823768e-05,100.00664612490306,0.0014105111296831934,-0.015031820476374294,0.0,0.21502294479651543,0.015031820476374294
1729895520.0,1.3997365447823768e-05,1.3997365447823768e-05,1.3997365447823768e-05,1.3997365447823768e-05,0.0,0.0,0.0,-1.0,0.21179075849203285,0.0
1729895580.0,1.3997365447823768e-05,1.3997365447823768e-05,1.3972701522780545e-05,1.3972701522780545e-05,55.89080609112218,0.0007816347947048734,-0.001762040516492918,0.0,0.21179075849203285,0.001762040516492918
1729895640.0,1.3972701522780545e-05,1.4103980869065453e-05,1.3972701522780545e-05,1.397802825749364e-05,35.820120628434886,0.0005005992561911043,0.00038122439704388973,-0.3595483983282518,0.21141757459455113,0.009395416202863525
1729895700.0,1.397802825749364e-05,1.397802825749364e-05,1.3900102332369384e-05,1.3900102332369384e-05,5.560040932947754,7.750177360685066e-05,-0.005574886792955267,-0.8451820040714078,0.21149817213195043,0.005574886792955267
1729895760.0,1.3900102332369384e-05,1.3900102332369384e-05,1.3900102332369384e-05,1.3900102332369384e-05,0.0,0.0,0.0,-1.0,0.21031909376539784,0.0
1729895820.0,1.3900102332369384e-05,1.3900102332369384e-05,1.3900102332369384e-05,1.3900102332369384e-05,0.0,0.0,0.0,0.0,0.21031909376539784,0.0
1729895880.0,1.3900102332369384e-05,1.3900102332369384e-05,1.3900102332369384e-05,1.3900102332369384e-05,0.0,0.0,0.0,0.0,0.21031909376539784,0.0
1729895940.0,1.3900102332369384e-05,1.3900102332369384e-05,1.3614746376197067e-05,1.3614746376197067e-05,136.1474637619707,0.0018730384337328288,-0.020529054344283777,0.0,0.21031909376539784,0.020529054344283777
1729896000.0,1.3614746376197067e-05,1.3614746376197067e-05,1.296805428118726e-05,1.296805428118726e-05,172.78127818080367,0.002296505137604186,-0.0474993861171319,0.22608543222864852,0.20600144165984746,0.0474993861171319
1729896060.0,1.296805428118726e-05,1.296805428118726e-05,1.296805428118726e-05,1.296805428118726e-05,0.0,0.0,0.0,-1.0,0.19621649964176055,0.0
1729896120.0,1.296805428118726e-05,1.296805428118726e-05,1.2608808706722028e-05,1.2608808706722028e-05,3.3850830567946586,4.328990277316507e-05,-0.027702349687600346,0.0,0.19621649964176055,0.027702349687600346
1729896180.0,1.2608808706722028e-05,1.2608808706722028e-05,1.2294335479621963e-05,1.2294335479621963e-05,151.29996637997797,0.0018839224390747949,-0.024940756451671146,42.51874960187292,0.1907808415542076,0.024940756451671146
1729896240.0,1.2294335479621963e-05,1.2294335479621963e-05,1.2294335479621963e-05,1.2294335479621963e-05,0.0,0.0,0.0,-1.0,0.18602262304935924,0.0
1729896300.0,1.2294335479621963e-05,1.2294335479621963e-05,1.1856684052840684e-05,1.1856684052840684e-05,60.783064300288885,0.000733986486579605,-0.0355978106752246,0.0,0.18602262304935924,0.0355978106752246
1729896360.0,1.1856684052840684e-05,1.1856684052840684e-05,1.1856684052840684e-05,1.1856684052840684e-05,0.0,0.0,0.0,-1.0,0.17940062493273948,0.0
1729896420.0,1.1856684052840684e-05,1.1856684052840684e-05,1.1742642055043731e-05,1.1742642055043731e-05,5.3307104927597715,6.290058765267954e-05,-0.009618371990744754,0.0,0.17940062493273948,0.009618371990744754
1729896480.0,1.1742642055043731e-05,1.1802315092358668e-05,1.1742642055043731e-05,1.1802315092358668e-05,0.4742893456469845,5.5835611593638875e-06,0.005081738593003101,-0.9112319714690927,0.17767508298676432,0.005081738593003101
1729896540.0,1.1802315092358668e-05,1.1802315092358668e-05,1.126240819468464e-05,1.126240819468464e-05,240.5778094283355,0.002774430301733799,-0.0457458467638766,495.8926143274983,0.17857798131299318,0.0457458467638766
1729896600.0,1.126240819468464e-05,1.126240819468464e-05,1.126240819468464e-05,1.126240819468464e-05,0.0,0.0,0.0,-1.0,0.17040878034444656,0.0
1729896660.0,1.126240819468464e-05,1.126240819468464e-05,1.126240819468464e-05,1.126240819468464e-05,0.0,0.0,0.0,0.0,0.17040878034444656,0.0
1729896720.0,1.126240819468464e-05,1.238415904530211e-05,1.0790933881835045e-05,1.0790933881835045e-05,954.4713282526404,0.010524641352092794,-0.04186265536638165,0.0,0.17040878034444656,0.1414639867358917
1729896780.0,1.0790933881835045e-05,1.0790933881835045e-05,1.0790933881835045e-05,1.0790933881835045e-05,0.0,0.0,0.0,-1.0,0.16327501630148158,0.0
1729896840.0,1.0790933881835045e-05,1.0790933881835045e-05,1.0790933881835045e-05,1.0790933881835045e-05,0.0,0.0,0.0,0.0,0.16327501630148158,0.0
1729896900.0,1.0790933881835045e-05,1.0790933881835045e-05,1.0790933881835045e-05,1.0790933881835045e-05,0.0,0.0,0.0,0.0,0.16327501630148158,0.0
1729896960.0,1.0790933881835045e-05,1.0790933881835045e-05,1.0790933881835045e-05,1.0790933881835045e-05,0.0,0.0,0.0,0.0,0.16327501630148158,0.0
1729897020.0,1.0790933881835045e-05,1.0790933881835045e-05,1.0790933881835045e-05,1.0790933881835045e-05,0.0,0.0,0.0,0.0,0.16327501630148158,0.0
1729897080.0,1.0790933881835045e-05,1.0790933881835045e-05,1.0790933881835045e-05,1.0790933881835045e-05,0.0,0.0,0.0,0.0,0.16327501630148158,0.0
1729897140.0,1.0790933881835045e-05,1.0790933881835045e-05,1.0656438629405235e-05,1.0656438629405235e-05,0.759415606018637,8.143734696565497e-06,-0.012463726856506128,0.0,0.16327501630148158,0.012463726856506128
1729897200.0,1.0656438629405235e-05,1.0656438629405235e-05,1.0637817510824349e-05,1.0637817510824349e-05,7.465396554137484,7.948503320609544e-05,-0.001747405416430938,8.76026800573662,0.16124000109580833,0.001747405416430938
1729897260.0,1.0637817510824349e-05,1.0637817510824349e-05,1.0637817510824349e-05,1.0637817510824349e-05,0.0,0.0,0.0,-1.0,0.16095824944454817,0.0
1729897320.0,1.0637817510824349e-05,1.0712330620523868e-05,1.0569443696057829e-05,1.0569443696057829e-05,77.01469400656028,0.0008166353662826135,-0.006427428812061059,0.0,0.16095824944454817,0.013431977407080652
1729897380.0,1.0569443696057829e-05,1.0569443696057829e-05,1.0569443696057829e-05,1.0569443696057829e-05,0.0,0.0,0.0,-1.0,0.15992370175452938,0.0
1729897440.0,1.0569443696057829e-05,1.0569443696057829e-05,1.0569443696057829e-05,1.0569443696057829e-05,0.0,0.0,0.0,0.0,0.15992370175452938,0.0
1729897500.0,1.0569443696057829e-05,1.0569443696057829e-05,1.0503206845540903e-05,1.0503206845540903e-05,1.2585484535309273,1.3260475875463369e-05,-0.0062668246713524205,0.0,0.15992370175452938,0.0062668246713524205
1729897560.0,1.0503206845540903e-05,1.0503206845540903e-05,1.0503206845540903e-05,1.0503206845540903e-05,0.0,0.0,0.0,-1.0,0.1589214879548401,0.0
1729897620.0,1.0503206845540903e-05,1.0503206845540903e-05,1.0503206845540903e-05,1.0503206845540903e-05,0.0,0.0,0.0,0.0,0.1589214879548401,0.0
1729897680.0,1.0503206845540903e-05,1.0503206845540903e-05,1.0503206845540903e-05,1.0503206845540903e-05,0.0,0.0,0.0,0.0,0.1589214879548401,0.0
1729897740.0,1.0503206845540903e-05,1.0503206845540903e-05,1.0503206845540903e-05,1.0503206845540903e-05,0.0,0.0,0.0,0.0,0.1589214879548401,0.0
1729897800.0,1.0503206845540903e-05,1.0503206845540903e-05,1.0503206845540903e-05,1.0503206845540903e-05,0.0,0.0,0.0,0.0,0.1589214879548401,0.0
1729897860.0,1.0503206845540903e-05,1.0503206845540903e-05,1.0390905812879696e-05,1.0390905812879696e-05,59.28869931133598,0.0006193923813911388,-0.010692070937257088,0.0,0.1589214879548401,0.010692070937257088
1729897920.0,1.0390905812879696e-05,1.0390905812879696e-05,1.0390905812879696e-05,1.0390905812879696e-05,0.0,0.0,0.0,-1.0,0.15722228813217248,0.0
1729897980.0,1.0390905812879696e-05,1.0390905812879696e-05,1.0161210935834571e-05,1.0161210935834571e-05,20.42390226137206,0.00020987721187002396,-0.022105375718102838,0.0,0.15722228813217248,0.022105375718102838
1729898040.0,1.0161210935834571e-05,1.0161210935834571e-05,1.0115407799675204e-05,1.0115407799675204e-05,2.215819470091638,2.2464663290883722e-05,-0.004507645441926415,-0.8929628276899543,0.153746830381751,0.004507645441926415
1729898100.0,1.0115407799675204e-05,1.0115407799675204e-05,1.0115407799675204e-05,1.0115407799675204e-05,0.0,0.0,0.0,-1.0,0.15305379418257006,0.0
1729898160.0,1.0115407799675204e-05,1.0115407799675204e-05,1.0115407799675204e-05,1.0115407799675204e-05,0.0,0.0,0.0,0.0,0.15305379418257006,0.0
1729898220.0,1.0115407799675204e-05,1.0115407799675204e-05,1.0115407799675204e-05,1.0115407799675204e-05,0.0,0.0,0.0,0.0,0.15305379418257006,0.0
1729898280.0,1.0115407799675204e-05,1.0289811920971288e-05,1.0115407799675204e-05,1.0289811920971288e-05,13.037316789129251,0.0001330146568249279,0.017241432550221467,0.0,0.15305379418257006,0.017241432550221467
1729898340.0,1.0289811920971288e-05,1.0289811920971288e-05,1.0289811920971288e-05,1.0289811920971288e-05,0.0,0.0,0.0,-1.0,0.15569266085152433,0.0
1729898400.0,1.0289811920971288e-05,1.0289811920971288e-05,1.0289811920971288e-05,1.0289811920971288e-05,0.0,0.0,0.0,0.0,0.15569266085152433,0.0
1729898460.0,1.0289811920971288e-05,1.0289811920971288e-05,1.0289811920971288e-05,1.0289811920971288e-05,0.0,0.0,0.0,0.0,0.15569266085152433,0.0
1729898520.0,1.0289811920971288e-05,1.0289811920971288e-05,1.0289811920971288e-05,1.0289811920971288e-05,0.0,0.0,0.0,0.0,0.15569266085152433,0.0
1729898580.0,1.0289811920971288e-05,1.0289811920971288e-05,1.0289811920971288e-05,1.0289811920971288e-05,0.0,0.0,0.0,0.0,0.15569266085152433,0.0
1729898640.0,1.0289811920971288e-05,1.0289811920971288e-05,1.0289811920971288e-05,1.0289811920971288e-05,0.0,0.0,0.0,0.0,0.15569266085152433,0.0
1729898700.0,1.0289811920971288e-05,1.0289811920971288e-05,1.0289811920971288e-05,1.0289811920971288e-05,0.0,0.0,0.0,0.0,0.15569266085152433,0.0
1729898760.0,1.0289811920971288e-05,1.0289811920971288e-05,1.0160935349899382e-05,1.0160935349899382e-05,0.1148693741306125,1.1745822697541229e-06,-0.012524677036054203,0.0,0.15569266085152433,0.012524677036054203
1729898820.0,1.0160935349899382e-05,1.0160935349899382e-05,1.0160935349899382e-05,1.0160935349899382e-05,0.0,0.0,0.0,-1.0,0.15374266055747507,0.0
1729898880.0,1.0160935349899382e-05,1.0160935349899382e-05,1.0160935349899382e-05,1.0160935349899382e-05,0.0,0.0,0.0,0.0,0.15374266055747507,0.0
1729898940.0,1.0160935349899382e-05,1.020220933867819e-05,1.0160935349899382e-05,1.0200005040874758e-05,1.1864073629240584,1.2078184797836147e-05,0.0038450880386482577,0.0,0.15374266055747507,0.0040620265120786744
1729899000.0,1.0200005040874758e-05,1.0200005040874758e-05,1.0200005040874758e-05,1.0200005040874758e-05,0.0,0.0,0.0,-1.0,0.15433381462261456,0.0
1729899060.0,1.0200005040874758e-05,1.0200005040874758e-05,1.0200005040874758e-05,1.0200005040874758e-05,0.0,0.0,0.0,0.0,0.15433381462261456,0.0
1729899120.0,1.0200005040874758e-05,1.0200005040874758e-05,1.0200005040874758e-05,1.0200005040874758e-05,0.0,0.0,0.0,0.0,0.15433381462261456,0.0
1729899180.0,1.0200005040874758e-05,1.0200005040874758e-05,1.0200005040874758e-05,1.0200005040874758e-05,0.0,0.0,0.0,0.0,0.15433381462261456,0.0
1729899240.0,1.0200005040874758e-05,1.0200005040874758e-05,1.0200005040874758e-05,1.0200005040874758e-05,0.0,0.0,0.0,0.0,0.15433381462261456,0.0
1729899300.0,1.0200005040874758e-05,1.0200005040874758e-05,1.0200005040874758e-05,1.0200005040874758e-05,0.0,0.0,0.0,0.0,0.15433381462261456,0.0
1729899360.0,1.0200005040874758e-05,1.0200005040874758e-05,1.0200005040874758e-05,1.0200005040874758e-05,0.0,0.0,0.0,0.0,0.15433381462261456,0.0
1729899420.0,1.0200005040874758e-05,1.0200005040874758e-05,1.0200005040874758e-05,1.0200005040874758e-05,0.0,0.0,0.0,0.0,0.15433381462261456,0.0
1729899480.0,1.0200005040874758e-05,1.0200005040874758e-05,1.0200005040874758e-05,1.0200005040874758e-05,0.0,0.0,0.0,0.0,0.15433381462261456,0.0
1729899540.0,1.0200005040874758e-05,1.0200005040874758e-05,1.0200005040874758e-05,1.0200005040874758e-05,0.0,0.0,0.0,0.0,0.15433381462261456,0.0
1729899600.0,1.0200005040874758e-05,1.0200005040874758e-05,1.0200005040874758e-05,1.0200005040874758e-05,0.0,0.0,0.0,0.0,0.15433381462261456,0.0
1729899660.0,1.0200005040874758e-05,1.0200005040874758e-05,1.0200005040874758e-05,1.0200005040874758e-05,0.0,0.0,0.0,0.0,0.15433381462261456,0.0
1729899720.0,1.0200005040874758e-05,1.0200005040874758e-05,1.0200005040874758e-05,1.0200005040874758e-05,0.0,0.0,0.0,0.0,0.15433381462261456,0.0
1729899780.0,1.0200005040874758e-05,1.0200005040874758e-05,1.0200005040874758e-05,1.0200005040874758e-05,0.0,0.0,0.0,0.0,0.15433381462261456,0.0
1729899840.0,1.0200005040874758e-05,1.0200005040874758e-05,1.0200005040874758e-05,1.0200005040874758e-05,0.0,0.0,0.0,0.0,0.15433381462261456,0.0
1729899900.0,1.0200005040874758e-05,1.0200005040874758e-05,1.0200005040874758e-05,1.0200005040874758e-05,0.0,0.0,0.0,0.0,0.15433381462261456,0.0
1729899960.0,1.0200005040874758e-05,1.0200005040874758e-05,1.0200005040874758e-05,1.0200005040874758e-05,0.0,0.0,0.0,0.0,0.15433381462261456,0.0
1729900020.0,1.0200005040874758e-05,1.0200005040874758e-05,1.0200005040874758e-05,1.0200005040874758e-05,0.0,0.0,0.0,0.0,0.15433381462261456,0.0
1729900080.0,1.0200005040874758e-05,1.0200005040874758e-05,1.0200005040874758e-05,1.0200005040874758e-05,0.0,0.0,0.0,0.0,0.15433381462261456,0.0
1729900140.0,1.0200005040874758e-05,1.0377696325022078e-05,1.0200005040874758e-05,1.0377696325022078e-05,1.394275948306956,1.4345497042956577e-05,0.017420705522718113,0.0,0.15433381462261456,0.017420705522718113
1729900200.0,1.0377696325022078e-05,1.0377696325022078e-05,1.0377696325022078e-05,1.0377696325022078e-05,0.0,0.0,0.0,-1.0,0.1570224185593529,0.0
1729900260.0,1.0377696325022078e-05,1.0377696325022078e-05,1.0377696325022078e-05,1.0377696325022078e-05,0.0,0.0,0.0,0.0,0.1570224185593529,0.0
1729900320.0,1.0377696325022078e-05,1.0377696325022078e-05,1.0377696325022078e-05,1.0377696325022078e-05,0.0,0.0,0.0,0.0,0.1570224185593529,0.0
1729900380.0,1.0377696325022078e-05,1.0377696325022078e-05,1.0377696325022078e-05,1.0377696325022078e-05,0.0,0.0,0.0,0.0,0.1570224185593529,0.0
1729900440.0,1.0377696325022078e-05,1.0377696325022078e-05,1.0377696325022078e-05,1.0377696325022078e-05,0.0,0.0,0.0,0.0,0.1570224185593529,0.0
1729900500.0,1.0377696325022078e-05,1.0377696325022078e-05,1.030238389958336e-05,1.030238389958336e-05,17.367507129209876,0.00017958072036673356,-0.00725714292266674,0.0,0.1570224185593529,0.00725714292266674
1729900560.0,1.030238389958336e-05,1.032387049557066e-05,1.030238389958336e-05,1.032387049557066e-05,1.312800458098549,1.3539078109407704e-05,0.0020855945766270674,-0.9246072847811353,0.1558828844258049,0.0020855945766270674
1729900620.0,1.032387049557066e-05,1.032387049557066e-05,1.032387049557066e-05,1.032387049557066e-05,0.0,0.0,0.0,-1.0,0.15620799292415233,0.0
1729900680.0,1.032387049557066e-05,1.032387049557066e-05,1.032387049557066e-05,1.032387049557066e-05,0.0,0.0,0.0,0.0,0.15620799292415233,0.0
1729900740.0,1.032387049557066e-05,1.032387049557066e-05,1.032387049557066e-05,1.032387049557066e-05,0.0,0.0,0.0,0.0,0.15620799292415233,0.0
1729900800.0,1.032387049557066e-05,1.032387049557066e-05,1.032387049557066e-05,1.032387049557066e-05,0.0,0.0,0.0,0.0,0.15620799292415233,0.0
1729900860.0,1.032387049557066e-05,1.032387049557066e-05,1.032387049557066e-05,1.032387049557066e-05,0.0,0.0,0.0,0.0,0.15620799292415233,0.0
1729900920.0,1.032387049557066e-05,1.032387049557066e-05,1.032387049557066e-05,1.032387049557066e-05,0.0,0.0,0.0,0.0,0.15620799292415233,0.0
1729900980.0,1.032387049557066e-05,1.0345507269194437e-05,1.0284534588889171e-05,1.0284534588889171e-05,3.069128823015842,3.162492502055095e-05,-0.003810189860320862,0.0,0.15620799292415233,0.005905990425918763
1729901040.0,1.0284534588889171e-05,1.0284534588889171e-05,1.0284534588889171e-05,1.0284534588889171e-05,0.0,0.0,0.0,-1.0,0.15561281081341163,0.0
1729901100.0,1.0284534588889171e-05,1.0284534588889171e-05,1.0284534588889171e-05,1.0284534588889171e-05,0.0,0.0,0.0,0.0,0.15561281081341163,0.0
1729901160.0,1.0284534588889171e-05,1.0284534588889171e-05,1.0284534588889171e-05,1.0284534588889171e-05,0.0,0.0,0.0,0.0,0.15561281081341163,0.0
1729901220.0,1.0284534588889171e-05,1.0284534588889171e-05,1.0284534588889171e-05,1.0284534588889171e-05,0.0,0.0,0.0,0.0,0.15561281081341163,0.0
1729901280.0,1.0284534588889171e-05,1.0284534588889171e-05,1.0284534588889171e-05,1.0284534588889171e-05,0.0,0.0,0.0,0.0,0.15561281081341163,0.0
1729901340.0,1.0284534588889171e-05,1.0284534588889171e-05,1.0284534588889171e-05,1.0284534588889171e-05,0.0,0.0,0.0,0.0,0.15561281081341163,0.0
1729901400.0,1.0284534588889171e-05,1.0284534588889171e-05,1.0284534588889171e-05,1.0284534588889171e-05,0.0,0.0,0.0,0.0,0.15561281081341163,0.0
1729901460.0,1.0284534588889171e-05,1.0284534588889171e-05,1.0266271149622869e-05,1.0266271149622869e-05,3.628641426570431,3.7285752526083066e-05,-0.0017758158240853427,0.0,0.15561281081341163,0.0017758158240853427
1729901520.0,1.0266271149622869e-05,1.0266271149622869e-05,1.0266271149622869e-05,1.0266271149622869e-05,0.0,0.0,0.0,-1.0,0.15533647112153878,0.0
1729901580.0,1.0266271149622869e-05,1.0266271149622869e-05,1.0266271149622869e-05,1.0266271149622869e-05,0.0,0.0,0.0,0.0,0.15533647112153878,0.0
1729901640.0,1.0266271149622869e-05,1.0266271149622869e-05,1.0266271149622869e-05,1.0266271149622869e-05,0.0,0.0,0.0,0.0,0.15533647112153878,0.0
1729901700.0,1.0266271149622869e-05,1.0266271149622869e-05,1.0266271149622869e-05,1.0266271149622869e-05,0.0,0.0,0.0,0.0,0.15533647112153878,0.0
1729901760.0,1.0266271149622869e-05,1.0266271149622869e-05,1.018679467073486e-05,1.018679467073486e-05,38.39337026839556,0.0003926310645824299,-0.007741513713178017,0.0,0.15533647112153878,0.007741513713178017
1729901820.0,1.018679467073486e-05,1.018679467073486e-05,1.018679467073486e-05,1.018679467073486e-05,0.0,0.0,0.0,-1.0,0.1541339317001947,0.0
1729901880.0,1.018679467073486e-05,1.018679467073486e-05,1.018679467073486e-05,1.018679467073486e-05,0.0,0.0,0.0,0.0,0.1541339317001947,0.0
1729901940.0,1.018679467073486e-05,1.018679467073486e-05,1.0076667459735897e-05,1.0076667459735897e-05,30.856090074939015,0.0003126256063639607,-0.010810781463510008,0.0,0.1541339317001947,0.010810781463510008
1729902000.0,1.0076667459735897e-05,1.0076667459735897e-05,1.0076667459735897e-05,1.0076667459735897e-05,0.0,0.0,0.0,-1.0,0.15246762344847234,0.0
1729902060.0,1.0076667459735897e-05,1.0076667459735897e-05,9.960253442359538e-06,9.960253442359538e-06,32.90547262349453,0.00032966217610151335,-0.011552829131409054,0.0,0.15246762344847234,0.011552829131409054
1729902120.0,9.960253442359538e-06,9.960253442359538e-06,9.802325713359782e-06,9.802325713359782e-06,27.200420327638568,0.000268775229896897,-0.015855794223881076,-0.1846949714542543,0.1507061910467001,0.015855794223881076
1729902180.0,9.802325713359782e-06,9.802325713359782e-06,9.802325713359782e-06,9.802325713359782e-06,0.0,0.0,0.0,-1.0,0.14831662469319873,0.0
1729902240.0,9.802325713359782e-06,9.802325713359782e-06,9.571120622653273e-06,9.571120622653273e-06,127.25218340228425,0.0012326566731423226,-0.023586758639472204,0.0,0.14831662469319873,0.023586758639472204
1729902300.0,9.571120622653273e-06,9.571120622653273e-06,9.571120622653273e-06,9.571120622653273e-06,0.0,0.0,0.0,-1.0,0.14481831626433908,0.0
1729902360.0,9.571120622653273e-06,9.571120622653273e-06,9.571120622653273e-06,9.571120622653273e-06,0.0,0.0,0.0,0.0,0.14481831626433908,0.0
1729902420.0,9.571120622653273e-06,9.571120622653273e-06,9.571120622653273e-06,9.571120622653273e-06,0.0,0.0,0.0,0.0,0.14481831626433908,0.0
1729902480.0,9.571120622653273e-06,9.571120622653273e-06,9.208488972915832e-06,9.208488972915832e-06,93.471948143682,0.000877683347137814,-0.03788810778114647,0.0,0.14481831626433908,0.03788810778114647
1729902540.0,9.208488972915832e-06,9.208488972915832e-06,9.208488972915832e-06,9.208488972915832e-06,0.0,0.0,0.0,-1.0,0.13933142428903164,0.0
1729902600.0,9.208488972915832e-06,9.208488972915832e-06,9.208488972915832e-06,9.208488972915832e-06,0.0,0.0,0.0,0.0,0.13933142428903164,0.0
1729902660.0,9.208488972915832e-06,9.208488972915832e-06,9.208488972915832e-06,9.208488972915832e-06,0.0,0.0,0.0,0.0,0.13933142428903164,0.0
1729902720.0,9.208488972915832e-06,9.208488972915832e-06,9.208488972915832e-06,9.208488972915832e-06,0.0,0.0,0.0,0.0,0.13933142428903164,0.0
1729902780.0,9.208488972915832e-06,9.208488972915832e-06,9.208488972915832e-06,9.208488972915832e-06,0.0,0.0,0.0,0.0,0.13933142428903164,0.0
1729902840.0,9.208488972915832e-06,9.208488972915832e-06,9.069774804378213e-06,9.069774804378213e-06,1.1910065482117294,1.0884765924349233e-05,-0.015063727495966791,0.0,0.13933142428903164,0.015063727495966791
1729902900.0,9.069774804378213e-06,9.069774804378213e-06,9.069774804378213e-06,9.069774804378213e-06,0.0,0.0,0.0,-1.0,0.13723257368191674,0.0
1729902960.0,9.069774804378213e-06,9.069774804378213e-06,9.069774804378213e-06,9.069774804378213e-06,0.0,0.0,0.0,0.0,0.13723257368191674,0.0
1729903020.0,9.069774804378213e-06,9.069774804378213e-06,9.069774804378213e-06,9.069774804378213e-06,0.0,0.0,0.0,0.0,0.13723257368191674,0.0
1729903080.0,9.069774804378213e-06,9.069774804378213e-06,9.069774804378213e-06,9.069774804378213e-06,0.0,0.0,0.0,0.0,0.13723257368191674,0.0
1729903140.0,9.069774804378213e-06,9.069774804378213e-06,8.952870193737714e-06,8.952870193737714e-06,53.02666947207485,0.0004778404196638182,-0.012889472248425132,0.0,0.13723257368191674,0.012889472248425132
1729903200.0,8.952870193737714e-06,8.952870193737714e-06,8.952870193737714e-06,8.952870193737714e-06,0.0,0.0,0.0,-1.0,0.1354637182318637,0.0
1729903260.0,8.952870193737714e-06,8.952870193737714e-06,8.952870193737714e-06,8.952870193737714e-06,0.0,0.0,0.0,0.0,0.1354637182318637,0.0
1729903320.0,8.952870193737714e-06,8.952870193737714e-06,8.952870193737714e-06,8.952870193737714e-06,0.0,0.0,0.0,0.0,0.1354637182318637,0.0
1729903380.0,8.952870193737714e-06,8.952870193737714e-06,8.952870193737714e-06,8.952870193737714e-06,0.0,0.0,0.0,0.0,0.1354637182318637,0.0
1729903440.0,8.952870193737714e-06,8.952870193737714e-06,8.952870193737714e-06,8.952870193737714e-06,0.0,0.0,0.0,0.0,0.1354637182318637,0.0
1729903500.0,8.952870193737714e-06,8.952870193737714e-06,8.952870193737714e-06,8.952870193737714e-06,0.0,0.0,0.0,0.0,0.1354637182318637,0.0
1729903560.0,8.952870193737714e-06,8.952870193737714e-06,8.952870193737714e-06,8.952870193737714e-06,0.0,0.0,0.0,0.0,0.1354637182318637,0.0
1729903620.0,8.952870193737714e-06,8.952870193737714e-06,8.952870193737714e-06,8.952870193737714e-06,0.0,0.0,0.0,0.0,0.1354637182318637,0.0
1729903680.0,8.952870193737714e-06,8.952870193737714e-06,8.952870193737714e-06,8.952870193737714e-06,0.0,0.0,0.0,0.0,0.1354637182318637,0.0
1729903740.0,8.952870193737714e-06,8.952870193737714e-06,8.952870193737714e-06,8.952870193737714e-06,0.0,0.0,0.0,0.0,0.1354637182318637,0.0
1729903800.0,8.952870193737714e-06,8.952870193737714e-06,8.834270833655152e-06,8.834270833655152e-06,24.6341814429038,0.00021908582970965707,-0.013247076916799175,0.0,0.1354637182318637,0.013247076916799175
1729903860.0,8.834270833655152e-06,8.834270833655152e-06,8.834270833655152e-06,8.834270833655152e-06,0.0,0.0,0.0,-1.0,0.1336692199370106,0.0
1729903920.0,8.834270833655152e-06,8.834270833655152e-06,8.834270833655152e-06,8.834270833655152e-06,0.0,0.0,0.0,0.0,0.1336692199370106,0.0
1729903980.0,8.834270833655152e-06,8.834270833655152e-06,8.834270833655152e-06,8.834270833655152e-06,0.0,0.0,0.0,0.0,0.1336692199370106,0.0
1729904040.0,8.834270833655152e-06,8.834270833655152e-06,8.834270833655152e-06,8.834270833655152e-06,0.0,0.0,0.0,0.0,0.1336692199370106,0.0
1729904100.0,8.834270833655152e-06,8.834270833655152e-06,8.834270833655152e-06,8.834270833655152e-06,0.0,0.0,0.0,0.0,0.1336692199370106,0.0
1729904160.0,8.834270833655152e-06,8.834270833655152e-06,8.834270833655152e-06,8.834270833655152e-06,0.0,0.0,0.0,0.0,0.1336692199370106,0.0
1729904220.0,8.834270833655152e-06,8.834270833655152e-06,8.834270833655152e-06,8.834270833655152e-06,0.0,0.0,0.0,0.0,0.1336692199370106,0.0
1729904280.0,8.834270833655152e-06,8.834270833655152e-06,8.834270833655152e-06,8.834270833655152e-06,0.0,0.0,0.0,0.0,0.1336692199370106,0.0
1729904340.0,8.834270833655152e-06,8.834270833655152e-06,8.834270833655152e-06,8.834270833655152e-06,0.0,0.0,0.0,0.0,0.1336692199370106,0.0
1729904400.0,8.834270833655152e-06,8.834270833655152e-06,8.834270833655152e-06,8.834270833655152e-06,0.0,0.0,0.0,0.0,0.1336692199370106,0.0
1729904460.0,8.834270833655152e-06,8.834270833655152e-06,8.834270833655152e-06,8.834270833655152e-06,0.0,0.0,0.0,0.0,0.1336692199370106,0.0
1729904520.0,8.834270833655152e-06,8.834270833655152e-06,8.834270833655152e-06,8.834270833655152e-06,0.0,0.0,0.0,0.0,0.1336692199370106,0.0
1729904580.0,8.834270833655152e-06,8.834270833655152e-06,8.834270833655152e-06,8.834270833655152e-06,0.0,0.0,0.0,0.0,0.1336692199370106,0.0
1729904640.0,8.834270833655152e-06,8.834270833655152e-06,8.834270833655152e-06,8.834270833655152e-06,0.0,0.0,0.0,0.0,0.1336692199370106,0.0
1729904700.0,8.834270833655152e-06,8.834270833655152e-06,8.834270833655152e-06,8.834270833655152e-06,0.0,0.0,0.0,0.0,0.1336692199370106,0.0
1729904760.0,8.834270833655152e-06,8.834270833655152e-06,8.834270833655152e-06,8.834270833655152e-06,0.0,0.0,0.0,0.0,0.1336692199370106,0.0
1729904820.0,8.834270833655152e-06,8.834270833655152e-06,8.834270833655152e-06,8.834270833655152e-06,0.0,0.0,0.0,0.0,0.1336692199370106,0.0
1729904880.0,8.834270833655152e-06,8.834270833655152e-06,8.834270833655152e-06,8.834270833655152e-06,0.0,0.0,0.0,0.0,0.1336692199370106,0.0
1729904940.0,8.834270833655152e-06,8.834270833655152e-06,8.834270833655152e-06,8.834270833655152e-06,0.0,0.0,0.0,0.0,0.1336692199370106,0.0
1729905000.0,8.834270833655152e-06,8.834270833655152e-06,8.834270833655152e-06,8.834270833655152e-06,0.0,0.0,0.0,0.0,0.1336692199370106,0.0
1729905060.0,8.834270833655152e-06,8.834270833655152e-06,8.834270833655152e-06,8.834270833655152e-06,0.0,0.0,0.0,0.0,0.1336692199370106,0.0
1729905120.0,8.834270833655152e-06,8.834270833655152e-06,8.834270833655152e-06,8.834270833655152e-06,0.0,0.0,0.0,0.0,0.1336692199370106,0.0
1729905180.0,8.834270833655152e-06,8.834270833655152e-06,8.834270833655152e-06,8.834270833655152e-06,0.0,0.0,0.0,0.0,0.1336692199370106,0.0
1729905240.0,8.834270833655152e-06,8.834270833655152e-06,8.834270833655152e-06,8.834270833655152e-06,0.0,0.0,0.0,0.0,0.1336692199370106,0.0
1729905300.0,8.834270833655152e-06,8.834270833655152e-06,8.834270833655152e-06,8.834270833655152e-06,0.0,0.0,0.0,0.0,0.1336692199370106,0.0
1729905360.0,8.834270833655152e-06,8.834270833655152e-06,8.834270833655152e-06,8.834270833655152e-06,0.0,0.0,0.0,0.0,0.1336692199370106,0.0
1729905420.0,8.834270833655152e-06,8.834270833655152e-06,8.834270833655152e-06,8.834270833655152e-06,0.0,0.0,0.0,0.0,0.1336692199370106,0.0
1729905480.0,8.834270833655152e-06,8.834270833655152e-06,8.834270833655152e-06,8.834270833655152e-06,0.0,0.0,0.0,0.0,0.1336692199370106,0.0
1729905540.0,8.834270833655152e-06,8.834270833655152e-06,8.834270833655152e-06,8.834270833655152e-06,0.0,0.0,0.0,0.0,0.1336692199370106,0.0
1729905600.0,8.834270833655152e-06,8.834270833655152e-06,8.834270833655152e-06,8.834270833655152e-06,0.0,0.0,0.0,0.0,0.1336692199370106,0.0
1729905660.0,8.834270833655152e-06,8.834270833655152e-06,8.834270833655152e-06,8.834270833655152e-06,0.0,0.0,0.0,0.0,0.1336692199370106,0.0
1729905720.0,8.834270833655152e-06,8.834270833655152e-06,8.834270833655152e-06,8.834270833655152e-06,0.0,0.0,0.0,0.0,0.1336692199370106,0.0
1729905780.0,8.834270833655152e-06,8.834270833655152e-06,8.834270833655152e-06,8.834270833655152e-06,0.0,0.0,0.0,0.0,0.1336692199370106,0.0
1729905840.0,8.834270833655152e-06,8.834270833655152e-06,8.834270833655152e-06,8.834270833655152e-06,0.0,0.0,0.0,0.0,0.1336692199370106,0.0
1729905900.0,8.834270833655152e-06,8.834270833655152e-06,8.834270833655152e-06,8.834270833655152e-06,0.0,0.0,0.0,0.0,0.1336692199370106,0.0
1729905960.0,8.834270833655152e-06,8.834270833655152e-06,8.834270833655152e-06,8.834270833655152e-06,0.0,0.0,0.0,0.0,0.1336692199370106,0.0
1729906020.0,8.834270833655152e-06,8.834270833655152e-06,8.834270833655152e-06,8.834270833655152e-06,0.0,0.0,0.0,0.0,0.1336692199370106,0.0
1729906080.0,8.834270833655152e-06,8.834270833655152e-06,8.834270833655152e-06,8.834270833655152e-06,0.0,0.0,0.0,0.0,0.1336692199370106,0.0
1729906140.0,8.834270833655152e-06,8.834270833655152e-06,8.834270833655152e-06,8.834270833655152e-06,0.0,0.0,0.0,0.0,0.1336692199370106,0.0
1729906200.0,8.834270833655152e-06,8.834270833655152e-06,8.834270833655152e-06,8.834270833655152e-06,0.0,0.0,0.0,0.0,0.1336692199370106,0.0
1729906260.0,8.834270833655152e-06,8.834270833655152e-06,8.834270833655152e-06,8.834270833655152e-06,0.0,0.0,0.0,0.0,0.1336692199370106,0.0
1729906320.0,8.834270833655152e-06,8.834270833655152e-06,8.834270833655152e-06,8.834270833655152e-06,0.0,0.0,0.0,0.0,0.1336692199370106,0.0
1729906380.0,8.834270833655152e-06,8.834270833655152e-06,8.665775629168405e-06,8.665775629168405e-06,31.384224455574724,0.00027461269308612054,-0.019072904562179062,0.0,0.1336692199370106,0.019072904562179062
1729906440.0,8.665775629168405e-06,8.665775629168405e-06,8.665775629168405e-06,8.665775629168405e-06,0.0,0.0,0.0,-1.0,0.13111975966225106,0.0
1729906500.0,8.665775629168405e-06,8.665775629168405e-06,8.665775629168405e-06,8.665775629168405e-06,0.0,0.0,0.0,0.0,0.13111975966225106,0.0
1729906560.0,8.665775629168405e-06,8.665775629168405e-06,8.665775629168405e-06,8.665775629168405e-06,0.0,0.0,0.0,0.0,0.13111975966225106,0.0
1729906620.0,8.665775629168405e-06,8.665775629168405e-06,8.665775629168405e-06,8.665775629168405e-06,0.0,0.0,0.0,0.0,0.13111975966225106,0.0
1729906680.0,8.665775629168405e-06,8.665775629168405e-06,8.665775629168405e-06,8.665775629168405e-06,0.0,0.0,0.0,0.0,0.13111975966225106,0.0
1729906740.0,8.665775629168405e-06,8.665775629168405e-06,8.665775629168405e-06,8.665775629168405e-06,0.0,0.0,0.0,0.0,0.13111975966225106,0.0
1729906800.0,8.665775629168405e-06,8.665775629168405e-06,8.665775629168405e-06,8.665775629168405e-06,0.0,0.0,0.0,0.0,0.13111975966225106,0.0
1729906860.0,8.665775629168405e-06,8.665775629168405e-06,8.665775629168405e-06,8.665775629168405e-06,0.0,0.0,0.0,0.0,0.13111975966225106,0.0
1729906920.0,8.665775629168405e-06,8.665775629168405e-06,8.665775629168405e-06,8.665775629168405e-06,0.0,0.0,0.0,0.0,0.13111975966225106,0.0
1729906980.0,8.665775629168405e-06,8.665775629168405e-06,8.665775629168405e-06,8.665775629168405e-06,0.0,0.0,0.0,0.0,0.13111975966225106,0.0
1729907040.0,8.665775629168405e-06,8.665775629168405e-06,8.665775629168405e-06,8.665775629168405e-06,0.0,0.0,0.0,0.0,0.13111975966225106,0.0
1729907100.0,8.665775629168405e-06,8.665775629168405e-06,8.665775629168405e-06,8.665775629168405e-06,0.0,0.0,0.0,0.0,0.13111975966225106,0.0
1729907160.0,8.665775629168405e-06,8.689073929496352e-06,8.665775629168405e-06,8.689073929496352e-06,22.95588907999642,0.0001991980007343665,0.002688541836869924,0.0,0.13111975966225106,0.002688541836869924
1729907220.0,8.689073929496352e-06,8.689073929496352e-06,8.689073929496352e-06,8.689073929496352e-06,0.0,0.0,0.0,-1.0,0.13147228062174338,0.0
1729907280.0,8.689073929496352e-06,8.689073929496352e-06,8.689073929496352e-06,8.689073929496352e-06,0.0,0.0,0.0,0.0,0.13147228062174338,0.0
1729907340.0,8.689073929496352e-06,8.689073929496352e-06,8.689073929496352e-06,8.689073929496352e-06,0.0,0.0,0.0,0.0,0.13147228062174338,0.0
1729907400.0,8.689073929496352e-06,8.9138824791963e-06,8.689073929496352e-06,8.9138824791963e-06,108.23558781436398,0.0009526331670827373,0.025872555754969665,0.0,0.13147228062174338,0.025872555754969665
1729907460.0,8.9138824791963e-06,8.9138824791963e-06,8.9138824791963e-06,8.9138824791963e-06,0.0,0.0,0.0,-1.0,0.13487380453236245,0.0
1729907520.0,8.9138824791963e-06,8.9138824791963e-06,8.9138824791963e-06,8.9138824791963e-06,0.0,0.0,0.0,0.0,0.13487380453236245,0.0
1729907580.0,8.9138824791963e-06,8.9138824791963e-06,8.9138824791963e-06,8.9138824791963e-06,0.0,0.0,0.0,0.0,0.13487380453236245,0.0
1729907640.0,8.9138824791963e-06,8.9138824791963e-06,8.9138824791963e-06,8.9138824791963e-06,0.0,0.0,0.0,0.0,0.13487380453236245,0.0
1729907700.0,8.9138824791963e-06,8.9138824791963e-06,8.9138824791963e-06,8.9138824791963e-06,0.0,0.0,0.0,0.0,0.13487380453236245,0.0
1729907760.0,8.9138824791963e-06,8.9138824791963e-06,8.9138824791963e-06,8.9138824791963e-06,0.0,0.0,0.0,0.0,0.13487380453236245,0.0
1729907820.0,8.9138824791963e-06,8.9138824791963e-06,8.9138824791963e-06,8.9138824791963e-06,0.0,0.0,0.0,0.0,0.13487380453236245,0.0
1729907880.0,8.9138824791963e-06,9.096103812395989e-06,8.9138824791963e-06,9.044878964972589e-06,6.186463023633818,5.555060681230574e-05,0.014695783356131895,0.0,0.13487380453236245,0.020442420418371767
1729907940.0,9.044878964972589e-06,9.044878964972589e-06,8.997283330778046e-06,8.997283330778046e-06,21.51948520450857,0.00019412902229037408,-0.00526216374800177,2.494633694035004,0.1368558807441873,0.00526216374800177
1729908000.0,8.997283330778046e-06,8.997283330778046e-06,8.997283330778046e-06,8.997283330778046e-06,0.0,0.0,0.0,-1.0,0.1361357226898344,0.0
1729908060.0,8.997283330778046e-06,8.997283330778046e-06,8.997283330778046e-06,8.997283330778046e-06,0.0,0.0,0.0,0.0,0.1361357226898344,0.0
1729908120.0,8.997283330778046e-06,8.997283330778046e-06,8.997283330778046e-06,8.997283330778046e-06,0.0,0.0,0.0,0.0,0.1361357226898344,0.0
1729908180.0,8.997283330778046e-06,8.997283330778046e-06,8.997283330778046e-06,8.997283330778046e-06,0.0,0.0,0.0,0.0,0.1361357226898344,0.0
1729908240.0,8.997283330778046e-06,8.997283330778046e-06,8.913949331580734e-06,8.913949331580734e-06,2.5298935476173003,2.2656755971186856e-05,-0.00926212903757757,0.0,0.1361357226898344,0.00926212903757757
1729908300.0,8.913949331580734e-06,8.913949331580734e-06,8.913949331580734e-06,8.913949331580734e-06,0.0,0.0,0.0,-1.0,0.1348748160596573,0.0
1729908360.0,8.913949331580734e-06,8.913949331580734e-06,8.913949331580734e-06,8.913949331580734e-06,0.0,0.0,0.0,0.0,0.1348748160596573,0.0
1729908420.0,8.913949331580734e-06,8.913949331580734e-06,8.913949331580734e-06,8.913949331580734e-06,0.0,0.0,0.0,0.0,0.1348748160596573,0.0
1729908480.0,8.913949331580734e-06,8.913949331580734e-06,8.913949331580734e-06,8.913949331580734e-06,0.0,0.0,0.0,0.0,0.1348748160596573,0.0
1729908540.0,8.913949331580734e-06,8.913949331580734e-06,8.913949331580734e-06,8.913949331580734e-06,0.0,0.0,0.0,0.0,0.1348748160596573,0.0
1729908600.0,8.913949331580734e-06,8.913949331580734e-06,8.913949331580734e-06,8.913949331580734e-06,0.0,0.0,0.0,0.0,0.1348748160596573,0.0
1729908660.0,8.913949331580734e-06,8.913949331580734e-06,8.913949331580734e-06,8.913949331580734e-06,0.0,0.0,0.0,0.0,0.1348748160596573,0.0
1729908720.0,8.913949331580734e-06,8.913949331580734e-06,8.913949331580734e-06,8.913949331580734e-06,0.0,0.0,0.0,0.0,0.1348748160596573,0.0
1729908780.0,8.913949331580734e-06,8.913949331580734e-06,8.913949331580734e-06,8.913949331580734e-06,0.0,0.0,0.0,0.0,0.1348748160596573,0.0
1729908840.0,8.913949331580734e-06,8.913949331580734e-06,8.913949331580734e-06,8.913949331580734e-06,0.0,0.0,0.0,0.0,0.1348748160596573,0.0
1729908900.0,8.913949331580734e-06,8.913949331580734e-06,8.913949331580734e-06,8.913949331580734e-06,0.0,0.0,0.0,0.0,0.1348748160596573,0.0
1729908960.0,8.913949331580734e-06,8.913949331580734e-06,8.84827242071848e-06,8.84827242071848e-06,23.376479690210022,0.0002076091080228146,-0.007367880208783714,0.0,0.1348748160596573,0.007367880208783714
1729909020.0,8.84827242071848e-06,8.84827242071848e-06,8.806059980342836e-06,8.806059980342836e-06,1.1294212227788705,9.969588843875653e-06,-0.004770698546396677,-0.9519790391721153,0.133881074571748,0.004770698546396677
1729909080.0,8.806059980342836e-06,8.806059980342836e-06,8.806059980342836e-06,8.806059980342836e-06,0.0,0.0,0.0,-1.0,0.13324236832389852,0.0
1729909140.0,8.806059980342836e-06,8.806059980342836e-06,8.806059980342836e-06,8.806059980342836e-06,0.0,0.0,0.0,0.0,0.13324236832389852,0.0
1729909200.0,8.806059980342836e-06,8.806059980342836e-06,8.806059980342836e-06,8.806059980342836e-06,0.0,0.0,0.0,0.0,0.13324236832389852,0.0
1729909260.0,8.806059980342836e-06,8.806059980342836e-06,8.806059980342836e-06,8.806059980342836e-06,0.0,0.0,0.0,0.0,0.13324236832389852,0.0
1729909320.0,8.806059980342836e-06,8.806059980342836e-06,8.806059980342836e-06,8.806059980342836e-06,0.0,0.0,0.0,0.0,0.13324236832389852,0.0
1729909380.0,8.806059980342836e-06,8.806059980342836e-06,8.806059980342836e-06,8.806059980342836e-06,0.0,0.0,0.0,0.0,0.13324236832389852,0.0
1729909440.0,8.806059980342836e-06,8.806059980342836e-06,8.806059980342836e-06,8.806059980342836e-06,0.0,0.0,0.0,0.0,0.13324236832389852,0.0
1729909500.0,8.806059980342836e-06,8.806059980342836e-06,8.806059980342836e-06,8.806059980342836e-06,0.0,0.0,0.0,0.0,0.13324236832389852,0.0
1729909560.0,8.806059980342836e-06,8.806059980342836e-06,8.806059980342836e-06,8.806059980342836e-06,0.0,0.0,0.0,0.0,0.13324236832389852,0.0
1729909620.0,8.806059980342836e-06,8.84420173620108e-06,8.806059980342836e-06,8.84420173620108e-06,12.784817232561643,0.00011282768507644685,0.004331307752091757,0.0,0.13324236832389852,0.004331307752091757
1729909680.0,8.84420173620108e-06,8.84420173620108e-06,8.84420173620108e-06,8.84420173620108e-06,0.0,0.0,0.0,-1.0,0.1338194820267269,0.0
1729909740.0,8.84420173620108e-06,8.84420173620108e-06,8.84420173620108e-06,8.84420173620108e-06,0.0,0.0,0.0,0.0,0.1338194820267269,0.0
1729909800.0,8.84420173620108e-06,8.84420173620108e-06,8.84420173620108e-06,8.84420173620108e-06,0.0,0.0,0.0,0.0,0.1338194820267269,0.0
1729909860.0,8.84420173620108e-06,8.84420173620108e-06,8.84420173620108e-06,8.84420173620108e-06,0.0,0.0,0.0,0.0,0.1338194820267269,0.0
1729909920.0,8.84420173620108e-06,8.84420173620108e-06,8.84420173620108e-06,8.84420173620108e-06,0.0,0.0,0.0,0.0,0.1338194820267269,0.0
1729909980.0,8.84420173620108e-06,8.872403441196213e-06,8.84420173620108e-06,8.872403441196213e-06,16.336078179042488,0.00014470992362259556,0.0031887224914485474,0.0,0.1338194820267269,0.0031887224914485474
1729910040.0,8.872403441196213e-06,8.872403441196213e-06,8.872403441196213e-06,8.872403441196213e-06,0.0,0.0,0.0,-1.0,0.1342461952188595,0.0
1729910100.0,8.872403441196213e-06,8.872403441196213e-06,8.872403441196213e-06,8.872403441196213e-06,0.0,0.0,0.0,0.0,0.1342461952188595,0.0
1729910160.0,8.872403441196213e-06,8.872403441196213e-06,8.872403441196213e-06,8.872403441196213e-06,0.0,0.0,0.0,0.0,0.1342461952188595,0.0
1729910220.0,8.872403441196213e-06,8.872403441196213e-06,8.872403441196213e-06,8.872403441196213e-06,0.0,0.0,0.0,0.0,0.1342461952188595,0.0
1729910280.0,8.872403441196213e-06,8.872403441196213e-06,8.872403441196213e-06,8.872403441196213e-06,0.0,0.0,0.0,0.0,0.1342461952188595,0.0
1729910340.0,8.872403441196213e-06,8.872403441196213e-06,8.872403441196213e-06,8.872403441196213e-06,0.0,0.0,0.0,0.0,0.1342461952188595,0.0
1729910400.0,8.872403441196213e-06,8.872403441196213e-06,8.872403441196213e-06,8.872403441196213e-06,0.0,0.0,0.0,0.0,0.1342461952188595,0.0
1729910460.0,8.872403441196213e-06,8.872403441196213e-06,8.872403441196213e-06,8.872403441196213e-06,0.0,0.0,0.0,0.0,0.1342461952188595,0.0
1729910520.0,8.872403441196213e-06,8.872403441196213e-06,8.872403441196213e-06,8.872403441196213e-06,0.0,0.0,0.0,0.0,0.1342461952188595,0.0
1729910580.0,8.872403441196213e-06,8.875194503315183e-06,8.872403441196213e-06,8.875194503315183e-06,11.627226077755736,0.0001031776668189735,0.0003145779086206541,0.0,0.1342461952188595,0.0003145779086206541
1729910640.0,8.875194503315183e-06,8.875194503315183e-06,8.796009698007466e-06,8.796009698007466e-06,39.162606196801896,0.000346025205579835,-0.008922036049817113,2.3536831782302325,0.13428842610619174,0.008922036049817113
1729910700.0,8.796009698007466e-06,8.796009698007466e-06,8.796009698007466e-06,8.796009698007466e-06,0.0,0.0,0.0,-1.0,0.1330902999273991,0.0
1729910760.0,8.796009698007466e-06,8.796009698007466e-06,8.796009698007466e-06,8.796009698007466e-06,0.0,0.0,0.0,0.0,0.1330902999273991,0.0
1729910820.0,8.796009698007466e-06,8.796009698007466e-06,8.796009698007466e-06,8.796009698007466e-06,0.0,0.0,0.0,0.0,0.1330902999273991,0.0
1729910880.0,8.796009698007466e-06,8.796009698007466e-06,8.673445895383711e-06,8.673445895383711e-06,65.40625737378794,0.0005713058543606513,-0.0139340231345492,0.0,0.1330902999273991,0.0139340231345492
1729910940.0,8.673445895383711e-06,8.673445895383711e-06,8.673445895383711e-06,8.673445895383711e-06,0.0,0.0,0.0,-1.0,0.13123581660922662,0.0
1729911000.0,8.673445895383711e-06,8.673445895383711e-06,8.562073559486504e-06,8.562073559486504e-06,0.7202985994761761,6.207360262293701e-06,-0.012840609976766369,0.0,0.13123581660922662,0.012840609976766369
1729911060.0,8.562073559486504e-06,8.562073559486504e-06,8.562073559486504e-06,8.562073559486504e-06,0.0,0.0,0.0,-1.0,0.12955066867316511,0.0
1729911120.0,8.562073559486504e-06,8.562073559486504e-06,8.562073559486504e-06,8.562073559486504e-06,0.0,0.0,0.0,0.0,0.12955066867316511,0.0
1729911180.0,8.562073559486504e-06,8.562073559486504e-06,8.562073559486504e-06,8.562073559486504e-06,0.0,0.0,0.0,0.0,0.12955066867316511,0.0
1729911240.0,8.562073559486504e-06,8.562073559486504e-06,8.562073559486504e-06,8.562073559486504e-06,0.0,0.0,0.0,0.0,0.12955066867316511,0.0
1729911300.0,8.562073559486504e-06,8.562073559486504e-06,8.51640659080827e-06,8.51640659080827e-06,17.466384930256794,0.0001491496541643992,-0.0053336342371920935,0.0,0.12955066867316511,0.0053336342371920935
1729911360.0,8.51640659080827e-06,8.51640659080827e-06,8.51640659080827e-06,8.51640659080827e-06,0.0,0.0,0.0,-1.0,0.1288596927912788,0.0
1729911420.0,8.51640659080827e-06,8.51640659080827e-06,8.51640659080827e-06,8.51640659080827e-06,0.0,0.0,0.0,0.0,0.1288596927912788,0.0
1729911480.0,8.51640659080827e-06,8.51640659080827e-06,8.51640659080827e-06,8.51640659080827e-06,0.0,0.0,0.0,0.0,0.1288596927912788,0.0
1729911540.0,8.51640659080827e-06,8.51640659080827e-06,8.443270189611277e-06,8.443270189611277e-06,26.928299751529305,0.0002283476300160945,-0.008587706612778237,0.0,0.1288596927912788,0.008587706612778237
1729911600.0,8.443270189611277e-06,8.443270189611277e-06,8.06413238844529e-06,8.06413238844529e-06,101.68532115837868,0.0008392802663201651,-0.04490414171898508,2.675449866771162,0.12775308355537454,0.04490414171898508
1729911660.0,8.06413238844529e-06,8.06413238844529e-06,8.06413238844529e-06,8.06413238844529e-06,0.0,0.0,0.0,-1.0,0.12201644098636666,0.0
1729911720.0,8.06413238844529e-06,8.06413238844529e-06,8.06413238844529e-06,8.06413238844529e-06,0.0,0.0,0.0,0.0,0.12201644098636666,0.0
1729911780.0,8.06413238844529e-06,8.06413238844529e-06,8.06413238844529e-06,8.06413238844529e-06,0.0,0.0,0.0,0.0,0.12201644098636666,0.0
1729911840.0,8.06413238844529e-06,8.06413238844529e-06,8.06413238844529e-06,8.06413238844529e-06,0.0,0.0,0.0,0.0,0.12201644098636666,0.0
1729911900.0,8.06413238844529e-06,8.06413238844529e-06,8.030037131185333e-06,8.030037131185333e-06,1.4052771806189306,1.1308384583474827e-05,-0.004228013085302357,0.0,0.12201644098636666,0.004228013085302357
1729911960.0,8.030037131185333e-06,8.030037131185333e-06,8.030037131185333e-06,8.030037131185333e-06,0.0,0.0,0.0,-1.0,0.12150055387725428,0.0
1729912020.0,8.030037131185333e-06,8.030037131185333e-06,8.030037131185333e-06,8.030037131185333e-06,0.0,0.0,0.0,0.0,0.12150055387725428,0.0
1729912080.0,8.030037131185333e-06,8.030037131185333e-06,8.030037131185333e-06,8.030037131185333e-06,0.0,0.0,0.0,0.0,0.12150055387725428,0.0
1729912140.0,8.030037131185333e-06,8.030037131185333e-06,8.030037131185333e-06,8.030037131185333e-06,0.0,0.0,0.0,0.0,0.12150055387725428,0.0
1729912200.0,8.030037131185333e-06,8.030037131185333e-06,8.030037131185333e-06,8.030037131185333e-06,0.0,0.0,0.0,0.0,0.12150055387725428,0.0
1729912260.0,8.030037131185333e-06,8.030037131185333e-06,8.030037131185333e-06,8.030037131185333e-06,0.0,0.0,0.0,0.0,0.12150055387725428,0.0
1729912320.0,8.030037131185333e-06,8.030037131185333e-06,8.030037131185333e-06,8.030037131185333e-06,0.0,0.0,0.0,0.0,0.12150055387725428,0.0
1729912380.0,8.030037131185333e-06,8.030037131185333e-06,8.030037131185333e-06,8.030037131185333e-06,0.0,0.0,0.0,0.0,0.12150055387725428,0.0
1729912440.0,8.030037131185333e-06,8.030037131185333e-06,8.030037131185333e-06,8.030037131185333e-06,0.0,0.0,0.0,0.0,0.12150055387725428,0.0
1729912500.0,8.030037131185333e-06,8.030037131185333e-06,8.030037131185333e-06,8.030037131185333e-06,0.0,0.0,0.0,0.0,0.12150055387725428,0.0
1729912560.0,8.030037131185333e-06,8.030037131185333e-06,8.030037131185333e-06,8.030037131185333e-06,0.0,0.0,0.0,0.0,0.12150055387725428,0.0
1729912620.0,8.030037131185333e-06,8.030037131185333e-06,8.018882717505715e-06,8.018882717505715e-06,1.2771775848815856,1.0248660346154687e-05,-0.0013890861894396865,0.0,0.12150055387725428,0.0013890861894396865
1729912680.0,8.018882717505715e-06,8.018882717505715e-06,8.018882717505715e-06,8.018882717505715e-06,0.0,0.0,0.0,-1.0,0.12133177913585412,0.0
1729912740.0,8.018882717505715e-06,8.018882717505715e-06,8.018882717505715e-06,8.018882717505715e-06,0.0,0.0,0.0,0.0,0.12133177913585412,0.0
1729912800.0,8.018882717505715e-06,8.018882717505715e-06,8.018882717505715e-06,8.018882717505715e-06,0.0,0.0,0.0,0.0,0.12133177913585412,0.0
1729912860.0,8.018882717505715e-06,8.018882717505715e-06,8.018882717505715e-06,8.018882717505715e-06,0.0,0.0,0.0,0.0,0.12133177913585412,0.0
1729912920.0,8.018882717505715e-06,8.018882717505715e-06,8.018882717505715e-06,8.018882717505715e-06,0.0,0.0,0.0,0.0,0.12133177913585412,0.0
1729912980.0,8.018882717505715e-06,8.018882717505715e-06,8.018882717505715e-06,8.018882717505715e-06,0.0,0.0,0.0,0.0,0.12133177913585412,0.0
1729913040.0,8.018882717505715e-06,8.018882717505715e-06,8.018882717505715e-06,8.018882717505715e-06,0.0,0.0,0.0,0.0,0.12133177913585412,0.0
1729913100.0,8.018882717505715e-06,8.018882717505715e-06,8.018882717505715e-06,8.018882717505715e-06,0.0,0.0,0.0,0.0,0.12133177913585412,0.0
1729913160.0,8.018882717505715e-06,8.018882717505715e-06,8.018882717505715e-06,8.018882717505715e-06,0.0,0.0,0.0,0.0,0.12133177913585412,0.0
1729913220.0,8.018882717505715e-06,8.018882717505715e-06,8.018882717505715e-06,8.018882717505715e-06,0.0,0.0,0.0,0.0,0.12133177913585412,0.0
1729913280.0,8.018882717505715e-06,8.018882717505715e-06,8.018882717505715e-06,8.018882717505715e-06,0.0,0.0,0.0,0.0,0.12133177913585412,0.0
1729913340.0,8.018882717505715e-06,8.018882717505715e-06,8.018882717505715e-06,8.018882717505715e-06,0.0,0.0,0.0,0.0,0.12133177913585412,0.0
1729913400.0,8.018882717505715e-06,8.018882717505715e-06,8.018882717505715e-06,8.018882717505715e-06,0.0,0.0,0.0,0.0,0.12133177913585412,0.0
1729913460.0,8.018882717505715e-06,8.018882717505715e-06,8.018882717505715e-06,8.018882717505715e-06,0.0,0.0,0.0,0.0,0.12133177913585412,0.0
1729913520.0,8.018882717505715e-06,8.018882717505715e-06,8.018882717505715e-06,8.018882717505715e-06,0.0,0.0,0.0,0.0,0.12133177913585412,0.0
1729913580.0,8.018882717505715e-06,8.018882717505715e-06,8.018882717505715e-06,8.018882717505715e-06,0.0,0.0,0.0,0.0,0.12133177913585412,0.0
1729913640.0,8.018882717505715e-06,8.018882717505715e-06,8.018882717505715e-06,8.018882717505715e-06,0.0,0.0,0.0,0.0,0.12133177913585412,0.0
1729913700.0,8.018882717505715e-06,8.018882717505715e-06,8.018882717505715e-06,8.018882717505715e-06,0.0,0.0,0.0,0.0,0.12133177913585412,0.0
1729913760.0,8.018882717505715e-06,8.018882717505715e-06,8.018882717505715e-06,8.018882717505715e-06,0.0,0.0,0.0,0.0,0.12133177913585412,0.0
1729913820.0,8.018882717505715e-06,8.018882717505715e-06,8.018882717505715e-06,8.018882717505715e-06,0.0,0.0,0.0,0.0,0.12133177913585412,0.0
1729913880.0,8.018882717505715e-06,8.018882717505715e-06,8.018882717505715e-06,8.018882717505715e-06,0.0,0.0,0.0,0.0,0.12133177913585412,0.0
1729913940.0,8.018882717505715e-06,8.018882717505715e-06,8.018882717505715e-06,8.018882717505715e-06,0.0,0.0,0.0,0.0,0.12133177913585412,0.0
1729914000.0,8.018882717505715e-06,8.018882717505715e-06,8.018882717505715e-06,8.018882717505715e-06,0.0,0.0,0.0,0.0,0.12133177913585412,0.0
1729914060.0,8.018882717505715e-06,8.018882717505715e-06,8.018882717505715e-06,8.018882717505715e-06,0.0,0.0,0.0,0.0,0.12133177913585412,0.0
1729914120.0,8.018882717505715e-06,8.018882717505715e-06,8.018882717505715e-06,8.018882717505715e-06,0.0,0.0,0.0,0.0,0.12133177913585412,0.0
1729914180.0,8.018882717505715e-06,8.018882717505715e-06,8.018882717505715e-06,8.018882717505715e-06,0.0,0.0,0.0,0.0,0.12133177913585412,0.0
1729914240.0,8.018882717505715e-06,8.018882717505715e-06,8.018882717505715e-06,8.018882717505715e-06,0.0,0.0,0.0,0.0,0.12133177913585412,0.0
1729914300.0,8.018882717505715e-06,8.018882717505715e-06,8.018882717505715e-06,8.018882717505715e-06,0.0,0.0,0.0,0.0,0.12133177913585412,0.0
1729914360.0,8.018882717505715e-06,8.018882717505715e-06,8.018882717505715e-06,8.018882717505715e-06,0.0,0.0,0.0,0.0,0.12133177913585412,0.0
1729914420.0,8.018882717505715e-06,8.018882717505715e-06,8.018882717505715e-06,8.018882717505715e-06,0.0,0.0,0.0,0.0,0.12133177913585412,0.0
1729914480.0,8.018882717505715e-06,8.018882717505715e-06,8.018882717505715e-06,8.018882717505715e-06,0.0,0.0,0.0,0.0,0.12133177913585412,0.0
1729914540.0,8.018882717505715e-06,8.018882717505715e-06,8.018882717505715e-06,8.018882717505715e-06,0.0,0.0,0.0,0.0,0.12133177913585412,0.0
1729914600.0,8.018882717505715e-06,8.018882717505715e-06,8.018882717505715e-06,8.018882717505715e-06,0.0,0.0,0.0,0.0,0.12133177913585412,0.0
1729914660.0,8.018882717505715e-06,8.018882717505715e-06,8.018882717505715e-06,8.018882717505715e-06,0.0,0.0,0.0,0.0,0.12133177913585412,0.0
1729914720.0,8.018882717505715e-06,8.018882717505715e-06,8.018882717505715e-06,8.018882717505715e-06,0.0,0.0,0.0,0.0,0.12133177913585412,0.0
1729914780.0,8.018882717505715e-06,8.018882717505715e-06,8.018882717505715e-06,8.018882717505715e-06,0.0,0.0,0.0,0.0,0.12133177913585412,0.0
1729914840.0,8.018882717505715e-06,8.018882717505715e-06,8.018882717505715e-06,8.018882717505715e-06,0.0,0.0,0.0,0.0,0.12133177913585412,0.0
1729914900.0,8.018882717505715e-06,8.018882717505715e-06,8.018882717505715e-06,8.018882717505715e-06,0.0,0.0,0.0,0.0,0.12133177913585412,0.0
1729914960.0,8.018882717505715e-06,8.018882717505715e-06,8.018882717505715e-06,8.018882717505715e-06,0.0,0.0,0.0,0.0,0.12133177913585412,0.0
1729915020.0,8.018882717505715e-06,8.077322530936333e-06,8.018882717505715e-06,8.077322530936333e-06,3.84826319052221,3.097121708233497e-05,0.007287775054128165,0.0,0.12133177913585412,0.007287775054128165
1729915080.0,8.077322530936333e-06,8.077322530936333e-06,8.077322530936333e-06,8.077322530936333e-06,0.0,0.0,0.0,-1.0,0.12221601784911339,0.0
1729915140.0,8.077322530936333e-06,8.077322530936333e-06,8.077322530936333e-06,8.077322530936333e-06,0.0,0.0,0.0,0.0,0.12221601784911339,0.0
1729915200.0,8.077322530936333e-06,8.077322530936333e-06,8.077322530936333e-06,8.077322530936333e-06,0.0,0.0,0.0,0.0,0.12221601784911339,0.0
1729915260.0,8.077322530936333e-06,8.077322530936333e-06,8.077322530936333e-06,8.077322530936333e-06,0.0,0.0,0.0,0.0,0.12221601784911339,0.0
1729915320.0,8.077322530936333e-06,8.077322530936333e-06,8.077322530936333e-06,8.077322530936333e-06,0.0,0.0,0.0,0.0,0.12221601784911339,0.0
1729915380.0,8.077322530936333e-06,8.077322530936333e-06,8.077322530936333e-06,8.077322530936333e-06,0.0,0.0,0.0,0.0,0.12221601784911339,0.0
1729915440.0,8.077322530936333e-06,8.077322530936333e-06,8.077322530936333e-06,8.077322530936333e-06,0.0,0.0,0.0,0.0,0.12221601784911339,0.0
1729915500.0,8.077322530936333e-06,8.077322530936333e-06,8.077322530936333e-06,8.077322530936333e-06,0.0,0.0,0.0,0.0,0.12221601784911339,0.0
1729915560.0,8.077322530936333e-06,8.077322530936333e-06,8.077322530936333e-06,8.077322530936333e-06,0.0,0.0,0.0,0.0,0.12221601784911339,0.0
1729915620.0,8.077322530936333e-06,8.243252640019702e-06,8.077322530936333e-06,8.243252640019702e-06,82.77680430866488,0.0006754825285655413,0.020542711826580316,0.0,0.12221601784911339,0.020542711826580316
1729915680.0,8.243252640019702e-06,8.338511063625163e-06,8.243252640019702e-06,8.338511063625163e-06,0.4171966755074506,3.4589283456053747e-06,0.011555926739767198,-0.994879322263226,0.12472666628437992,0.011555926739767198
1729915740.0,8.338511063625163e-06,8.338511063625163e-06,8.338511063625163e-06,8.338511063625163e-06,0.0,0.0,0.0,-1.0,0.1261679985024576,0.0
1729915800.0,8.338511063625163e-06,8.338511063625163e-06,8.338511063625163e-06,8.338511063625163e-06,0.0,0.0,0.0,0.0,0.1261679985024576,0.0
1729915860.0,8.338511063625163e-06,8.338511063625163e-06,8.338511063625163e-06,8.338511063625163e-06,0.0,0.0,0.0,0.0,0.1261679985024576,0.0
1729915920.0,8.338511063625163e-06,8.338511063625163e-06,8.338511063625163e-06,8.338511063625163e-06,0.0,0.0,0.0,0.0,0.1261679985024576,0.0
1729915980.0,8.338511063625163e-06,8.338511063625163e-06,8.338511063625163e-06,8.338511063625163e-06,0.0,0.0,0.0,0.0,0.1261679985024576,0.0
1729916040.0,8.338511063625163e-06,8.338511063625163e-06,8.338511063625163e-06,8.338511063625163e-06,0.0,0.0,0.0,0.0,0.1261679985024576,0.0
1729916100.0,8.338511063625163e-06,8.338511063625163e-06,8.338511063625163e-06,8.338511063625163e-06,0.0,0.0,0.0,0.0,0.1261679985024576,0.0
1729916160.0,8.338511063625163e-06,8.338511063625163e-06,8.338511063625163e-06,8.338511063625163e-06,0.0,0.0,0.0,0.0,0.1261679985024576,0.0
1729916220.0,8.338511063625163e-06,8.338511063625163e-06,8.196901872441939e-06,8.196901872441939e-06,84.56344949404055,0.0006991457783411076,-0.016982551213604716,0.0,0.1261679985024576,0.016982551213604716
1729916280.0,8.196901872441939e-06,8.196901872441939e-06,8.196901872441939e-06,8.196901872441939e-06,0.0,0.0,0.0,-1.0,0.12402534400637161,0.0
1729916340.0,8.196901872441939e-06,8.196901872441939e-06,8.196901872441939e-06,8.196901872441939e-06,0.0,0.0,0.0,0.0,0.12402534400637161,0.0
1729916400.0,8.196901872441939e-06,8.196901872441939e-06,8.196901872441939e-06,8.196901872441939e-06,0.0,0.0,0.0,0.0,0.12402534400637161,0.0
1729916460.0,8.196901872441939e-06,8.196901872441939e-06,8.196901872441939e-06,8.196901872441939e-06,0.0,0.0,0.0,0.0,0.12402534400637161,0.0
1729916520.0,8.196901872441939e-06,8.196901872441939e-06,8.196901872441939e-06,8.196901872441939e-06,0.0,0.0,0.0,0.0,0.12402534400637161,0.0
1729916580.0,8.196901872441939e-06,8.196901872441939e-06,8.196901872441939e-06,8.196901872441939e-06,0.0,0.0,0.0,0.0,0.12402534400637161,0.0
1729916640.0,8.196901872441939e-06,8.196901872441939e-06,8.196901872441939e-06,8.196901872441939e-06,0.0,0.0,0.0,0.0,0.12402534400637161,0.0
1729916700.0,8.196901872441939e-06,8.196901872441939e-06,8.196901872441939e-06,8.196901872441939e-06,0.0,0.0,0.0,0.0,0.12402534400637161,0.0
1729916760.0,8.196901872441939e-06,8.196901872441939e-06,8.196901872441939e-06,8.196901872441939e-06,0.0,0.0,0.0,0.0,0.12402534400637161,0.0
1729916820.0,8.196901872441939e-06,8.196901872441939e-06,8.196901872441939e-06,8.196901872441939e-06,0.0,0.0,0.0,0.0,0.12402534400637161,0.0
1729916880.0,8.196901872441939e-06,8.196901872441939e-06,8.196901872441939e-06,8.196901872441939e-06,0.0,0.0,0.0,0.0,0.12402534400637161,0.0
1729916940.0,8.196901872441939e-06,8.196901872441939e-06,8.196901872441939e-06,8.196901872441939e-06,0.0,0.0,0.0,0.0,0.12402534400637161,0.0
1729917000.0,8.196901872441939e-06,8.196901872441939e-06,8.196901872441939e-06,8.196901872441939e-06,0.0,0.0,0.0,0.0,0.12402534400637161,0.0
1729917060.0,8.196901872441939e-06,8.196901872441939e-06,7.979250304829878e-06,7.979250304829878e-06,46.965971509277935,0.0003798643511437462,-0.026552906329622823,0.0,0.12402534400637161,0.026552906329622823
1729917120.0,7.979250304829878e-06,7.979250304829878e-06,7.979250304829878e-06,7.979250304829878e-06,0.0,0.0,0.0,-1.0,0.12073211066447118,0.0
1729917180.0,7.979250304829878e-06,7.979250304829878e-06,7.979250304829878e-06,7.979250304829878e-06,0.0,0.0,0.0,0.0,0.12073211066447118,0.0
1729917240.0,7.979250304829878e-06,7.979250304829878e-06,7.979250304829878e-06,7.979250304829878e-06,0.0,0.0,0.0,0.0,0.12073211066447118,0.0
1729917300.0,7.979250304829878e-06,7.979250304829878e-06,7.979250304829878e-06,7.979250304829878e-06,0.0,0.0,0.0,0.0,0.12073211066447118,0.0
1729917360.0,7.979250304829878e-06,7.979250304829878e-06,7.979250304829878e-06,7.979250304829878e-06,0.0,0.0,0.0,0.0,0.12073211066447118,0.0
1729917420.0,7.979250304829878e-06,7.979250304829878e-06,7.979250304829878e-06,7.979250304829878e-06,0.0,0.0,0.0,0.0,0.12073211066447118,0.0
1729917480.0,7.979250304829878e-06,7.979250304829878e-06,7.979250304829878e-06,7.979250304829878e-06,0.0,0.0,0.0,0.0,0.12073211066447118,0.0
1729917540.0,7.979250304829878e-06,7.979250304829878e-06,7.90281751377658e-06,7.90281751377658e-06,1.2789398010118482,1.0156104327792611e-05,-0.009578943902415567,0.0,0.12073211066447118,0.009578943902415567
1729917600.0,7.90281751377658e-06,7.90281751377658e-06,7.90281751377658e-06,7.90281751377658e-06,0.0,0.0,0.0,-1.0,0.11957562454919599,0.0
1729917660.0,7.90281751377658e-06,7.90281751377658e-06,7.90281751377658e-06,7.90281751377658e-06,0.0,0.0,0.0,0.0,0.11957562454919599,0.0
1729917720.0,7.90281751377658e-06,7.90281751377658e-06,7.90281751377658e-06,7.90281751377658e-06,0.0,0.0,0.0,0.0,0.11957562454919599,0.0
1729917780.0,7.90281751377658e-06,7.90281751377658e-06,7.90281751377658e-06,7.90281751377658e-06,0.0,0.0,0.0,0.0,0.11957562454919599,0.0
1729917840.0,7.90281751377658e-06,7.90281751377658e-06,7.90281751377658e-06,7.90281751377658e-06,0.0,0.0,0.0,0.0,0.11957562454919599,0.0
1729917900.0,7.90281751377658e-06,7.90281751377658e-06,7.90281751377658e-06,7.90281751377658e-06,0.0,0.0,0.0,0.0,0.11957562454919599,0.0
1729917960.0,7.90281751377658e-06,7.90281751377658e-06,7.90281751377658e-06,7.90281751377658e-06,0.0,0.0,0.0,0.0,0.11957562454919599,0.0
1729918020.0,7.90281751377658e-06,7.90281751377658e-06,7.90281751377658e-06,7.90281751377658e-06,0.0,0.0,0.0,0.0,0.11957562454919599,0.0
1729918080.0,7.90281751377658e-06,7.90281751377658e-06,7.90281751377658e-06,7.90281751377658e-06,0.0,0.0,0.0,0.0,0.11957562454919599,0.0
1729918140.0,7.90281751377658e-06,7.90281751377658e-06,7.90281751377658e-06,7.90281751377658e-06,0.0,0.0,0.0,0.0,0.11957562454919599,0.0
1729918200.0,7.90281751377658e-06,7.90281751377658e-06,7.90281751377658e-06,7.90281751377658e-06,0.0,0.0,0.0,0.0,0.11957562454919599,0.0
1729918260.0,7.90281751377658e-06,7.91113977463913e-06,7.90281751377658e-06,7.91113977463913e-06,0.8536654827915398,6.749914741730094e-06,0.0010530751656660918,0.0,0.11957562454919599,0.0010530751656660918
1729918320.0,7.91113977463913e-06,7.91113977463913e-06,7.91113977463913e-06,7.91113977463913e-06,0.0,0.0,0.0,-1.0,0.11970154666982775,0.0
1729918380.0,7.91113977463913e-06,7.91113977463913e-06,7.91113977463913e-06,7.91113977463913e-06,0.0,0.0,0.0,0.0,0.11970154666982775,0.0
1729918440.0,7.91113977463913e-06,7.91113977463913e-06,7.91113977463913e-06,7.91113977463913e-06,0.0,0.0,0.0,0.0,0.11970154666982775,0.0
1729918500.0,7.91113977463913e-06,7.91113977463913e-06,7.91113977463913e-06,7.91113977463913e-06,0.0,0.0,0.0,0.0,0.11970154666982775,0.0
1729918560.0,7.91113977463913e-06,7.91113977463913e-06,7.91113977463913e-06,7.91113977463913e-06,0.0,0.0,0.0,0.0,0.11970154666982775,0.0
1729918620.0,7.91113977463913e-06,7.91113977463913e-06,7.91113977463913e-06,7.91113977463913e-06,0.0,0.0,0.0,0.0,0.11970154666982775,0.0
1729918680.0,7.91113977463913e-06,7.91113977463913e-06,7.91113977463913e-06,7.91113977463913e-06,0.0,0.0,0.0,0.0,0.11970154666982775,0.0
1729918740.0,7.91113977463913e-06,7.91113977463913e-06,7.91113977463913e-06,7.91113977463913e-06,0.0,0.0,0.0,0.0,0.11970154666982775,0.0
1729918800.0,7.91113977463913e-06,7.92196378018373e-06,7.91113977463913e-06,7.92196378018373e-06,1.735087939277285,1.3735913509650728e-05,0.0013681979908001455,0.0,0.11970154666982775,0.0013681979908001455
1729918860.0,7.92196378018373e-06,7.92196378018373e-06,7.92196378018373e-06,7.92196378018373e-06,0.0,0.0,0.0,-1.0,0.11986532208547708,0.0
1729918920.0,7.92196378018373e-06,7.92196378018373e-06,7.92196378018373e-06,7.92196378018373e-06,0.0,0.0,0.0,0.0,0.11986532208547708,0.0
1729918980.0,7.92196378018373e-06,7.92196378018373e-06,7.92196378018373e-06,7.92196378018373e-06,0.0,0.0,0.0,0.0,0.11986532208547708,0.0
1729919040.0,7.92196378018373e-06,7.92196378018373e-06,7.92196378018373e-06,7.92196378018373e-06,0.0,0.0,0.0,0.0,0.11986532208547708,0.0
1729919100.0,7.92196378018373e-06,7.92196378018373e-06,7.92196378018373e-06,7.92196378018373e-06,0.0,0.0,0.0,0.0,0.11986532208547708,0.0
1729919160.0,7.92196378018373e-06,7.92196378018373e-06,7.92196378018373e-06,7.92196378018373e-06,0.0,0.0,0.0,0.0,0.11986532208547708,0.0
1729919220.0,7.92196378018373e-06,7.92196378018373e-06,7.92196378018373e-06,7.92196378018373e-06,0.0,0.0,0.0,0.0,0.11986532208547708,0.0
1729919280.0,7.92196378018373e-06,8.240723582010092e-06,7.92196378018373e-06,8.200910759259702e-06,331.8747791663369,0.0026753877136521725,0.03521184731666406,0.0,0.11986532208547708,0.040237472761958215
1729919340.0,8.200910759259702e-06,8.200910759259702e-06,8.200910759259702e-06,8.200910759259702e-06,0.0,0.0,0.0,-1.0,0.12408600150531367,0.0
1729919400.0,8.200910759259702e-06,8.200910759259702e-06,8.200910759259702e-06,8.200910759259702e-06,0.0,0.0,0.0,0.0,0.12408600150531367,0.0
1729919460.0,8.200910759259702e-06,8.200910759259702e-06,8.200910759259702e-06,8.200910759259702e-06,0.0,0.0,0.0,0.0,0.12408600150531367,0.0
1729919520.0,8.200910759259702e-06,8.200910759259702e-06,8.200910759259702e-06,8.200910759259702e-06,0.0,0.0,0.0,0.0,0.12408600150531367,0.0
1729919580.0,8.200910759259702e-06,8.200910759259702e-06,8.200910759259702e-06,8.200910759259702e-06,0.0,0.0,0.0,0.0,0.12408600150531367,0.0
1729919640.0,8.200910759259702e-06,8.200910759259702e-06,8.200910759259702e-06,8.200910759259702e-06,0.0,0.0,0.0,0.0,0.12408600150531367,0.0
1729919700.0,8.200910759259702e-06,8.200910759259702e-06,8.200910759259702e-06,8.200910759259702e-06,0.0,0.0,0.0,0.0,0.12408600150531367,0.0
1729919760.0,8.200910759259702e-06,8.200910759259702e-06,8.200910759259702e-06,8.200910759259702e-06,0.0,0.0,0.0,0.0,0.12408600150531367,0.0
1729919820.0,8.200910759259702e-06,8.200910759259702e-06,8.200910759259702e-06,8.200910759259702e-06,0.0,0.0,0.0,0.0,0.12408600150531367,0.0
1729919880.0,8.200910759259702e-06,8.200910759259702e-06,8.200910759259702e-06,8.200910759259702e-06,0.0,0.0,0.0,0.0,0.12408600150531367,0.0
1729919940.0,8.200910759259702e-06,8.200910759259702e-06,8.200910759259702e-06,8.200910759259702e-06,0.0,0.0,0.0,0.0,0.12408600150531367,0.0
1729920000.0,8.200910759259702e-06,8.200910759259702e-06,8.200910759259702e-06,8.200910759259702e-06,0.0,0.0,0.0,0.0,0.12408600150531367,0.0
1729920060.0,8.200910759259702e-06,8.200910759259702e-06,8.200910759259702e-06,8.200910759259702e-06,0.0,0.0,0.0,0.0,0.12408600150531367,0.0
1729920120.0,8.200910759259702e-06,8.200910759259702e-06,8.200910759259702e-06,8.200910759259702e-06,0.0,0.0,0.0,0.0,0.12408600150531367,0.0
1729920180.0,8.200910759259702e-06,8.200910759259702e-06,8.200910759259702e-06,8.200910759259702e-06,0.0,0.0,0.0,0.0,0.12408600150531367,0.0
1729920240.0,8.200910759259702e-06,8.200910759259702e-06,8.200910759259702e-06,8.200910759259702e-06,0.0,0.0,0.0,0.0,0.12408600150531367,0.0
1729920300.0,8.200910759259702e-06,8.200910759259702e-06,8.200910759259702e-06,8.200910759259702e-06,0.0,0.0,0.0,0.0,0.12408600150531367,0.0
1729920360.0,8.200910759259702e-06,8.200910759259702e-06,8.200910759259702e-06,8.200910759259702e-06,0.0,0.0,0.0,0.0,0.12408600150531367,0.0
1729920420.0,8.200910759259702e-06,8.200910759259702e-06,8.009260880644057e-06,8.009260880644057e-06,6.843690287433602,5.546869710482049e-05,-0.02336934082586526,0.0,0.12408600150531367,0.02336934082586526
1729920480.0,8.009260880644057e-06,8.009260880644057e-06,7.979508225761574e-06,7.979508225761574e-06,0.497188519211179,3.974716218011631e-06,-0.003714781591692906,-0.9283430759063889,0.12118619344441715,0.003714781591692906
1729920540.0,7.979508225761574e-06,7.979508225761574e-06,7.979508225761574e-06,7.979508225761574e-06,0.0,0.0,0.0,-1.0,0.1207360132038425,0.0
1729920600.0,7.979508225761574e-06,7.979508225761574e-06,7.979508225761574e-06,7.979508225761574e-06,0.0,0.0,0.0,0.0,0.1207360132038425,0.0
1729920660.0,7.979508225761574e-06,7.979508225761574e-06,7.979508225761574e-06,7.979508225761574e-06,0.0,0.0,0.0,0.0,0.1207360132038425,0.0
1729920720.0,7.979508225761574e-06,7.979508225761574e-06,7.979508225761574e-06,7.979508225761574e-06,0.0,0.0,0.0,0.0,0.1207360132038425,0.0
1729920780.0,7.979508225761574e-06,7.979508225761574e-06,7.979508225761574e-06,7.979508225761574e-06,0.0,0.0,0.0,0.0,0.1207360132038425,0.0
1729920840.0,7.979508225761574e-06,7.979508225761574e-06,7.979508225761574e-06,7.979508225761574e-06,0.0,0.0,0.0,0.0,0.1207360132038425,0.0
1729920900.0,7.979508225761574e-06,7.979508225761574e-06,7.90671717757352e-06,7.90671717757352e-06,44.79800328094838,0.00035583558887024546,-0.009122247402797413,0.0,0.1207360132038425,0.009122247402797413
1729920960.0,7.90671717757352e-06,7.90671717757352e-06,7.806064956514334e-06,7.806064956514334e-06,18.122248160445416,0.0001423754685624766,-0.012729963497957743,-0.599884123410732,0.11963462942096963,0.012729963497957743
1729921020.0,7.806064956514334e-06,7.806064956514334e-06,7.806064956514334e-06,7.806064956514334e-06,0.0,0.0,0.0,-1.0,0.11811168495534899,0.0
1729921080.0,7.806064956514334e-06,7.806064956514334e-06,7.806064956514334e-06,7.806064956514334e-06,0.0,0.0,0.0,0.0,0.11811168495534899,0.0
1729921140.0,7.806064956514334e-06,7.806064956514334e-06,7.806064956514334e-06,7.806064956514334e-06,0.0,0.0,0.0,0.0,0.11811168495534899,0.0
1729921200.0,7.806064956514334e-06,7.806064956514334e-06,7.722967184881504e-06,7.722967184881504e-06,33.92556743490829,0.0002634156135558914,-0.010645283135068328,0.0,0.11811168495534899,0.010645283135068328
1729921260.0,7.722967184881504e-06,7.722967184881504e-06,7.722967184881504e-06,7.722967184881504e-06,0.0,0.0,0.0,-1.0,0.1168543526274393,0.0
1729921320.0,7.722967184881504e-06,7.722967184881504e-06,7.722967184881504e-06,7.722967184881504e-06,0.0,0.0,0.0,0.0,0.1168543526274393,0.0
1729921380.0,7.722967184881504e-06,7.722967184881504e-06,7.722967184881504e-06,7.722967184881504e-06,0.0,0.0,0.0,0.0,0.1168543526274393,0.0
1729921440.0,7.722967184881504e-06,7.722967184881504e-06,7.722967184881504e-06,7.722967184881504e-06,0.0,0.0,0.0,0.0,0.1168543526274393,0.0
1729921500.0,7.722967184881504e-06,7.722967184881504e-06,7.722967184881504e-06,7.722967184881504e-06,0.0,0.0,0.0,0.0,0.1168543526274393,0.0
1729921560.0,7.722967184881504e-06,7.722967184881504e-06,7.722967184881504e-06,7.722967184881504e-06,0.0,0.0,0.0,0.0,0.1168543526274393,0.0
1729921620.0,7.722967184881504e-06,7.722967184881504e-06,7.722967184881504e-06,7.722967184881504e-06,0.0,0.0,0.0,0.0,0.1168543526274393,0.0
1729921680.0,7.722967184881504e-06,7.722967184881504e-06,7.722967184881504e-06,7.722967184881504e-06,0.0,0.0,0.0,0.0,0.1168543526274393,0.0
1729921740.0,7.722967184881504e-06,7.771782509898882e-06,7.681141212193985e-06,7.771782509898882e-06,34.3797592172752,0.00026635288181924905,0.0063207992276517,0.0,0.1168543526274393,0.011736589776315096
1729921800.0,7.771782509898882e-06,7.771782509898882e-06,7.709430727938085e-06,7.709430727938085e-06,33.341143820249414,0.0002580806785373357,-0.00802284184887828,-0.03105730722871247,0.11759296552927456,0.00802284184887828
1729921860.0,7.709430727938085e-06,7.709430727938085e-06,7.709430727938085e-06,7.709430727938085e-06,0.0,0.0,0.0,-1.0,0.1166495357642926,0.0
1729921920.0,7.709430727938085e-06,7.709430727938085e-06,7.709430727938085e-06,7.709430727938085e-06,0.0,0.0,0.0,0.0,0.1166495357642926,0.0
1729921980.0,7.709430727938085e-06,7.709430727938085e-06,7.709430727938085e-06,7.709430727938085e-06,0.0,0.0,0.0,0.0,0.1166495357642926,0.0
1729922040.0,7.709430727938085e-06,7.709430727938085e-06,7.709430727938085e-06,7.709430727938085e-06,0.0,0.0,0.0,0.0,0.1166495357642926,0.0
1729922100.0,7.709430727938085e-06,7.709430727938085e-06,7.709430727938085e-06,7.709430727938085e-06,0.0,0.0,0.0,0.0,0.1166495357642926,0.0
1729922160.0,7.709430727938085e-06,7.709430727938085e-06,7.709430727938085e-06,7.709430727938085e-06,0.0,0.0,0.0,0.0,0.1166495357642926,0.0
1729922220.0,7.709430727938085e-06,7.778423937680014e-06,7.651253551198073e-06,7.778423937680014e-06,60.62573270443752,0.0004694812685614692,0.008949196403296729,0.0,0.1166495357642926,0.016495431500680068
1729922280.0,7.778423937680014e-06,7.778423937680014e-06,7.740040993622576e-06,7.740040993622576e-06,58.02490164613337,0.0004502287006689013,-0.004934539999999752,-0.0410081704677151,0.11769345537020064,0.004934539999999752
1729922340.0,7.740040993622576e-06,7.740040993622576e-06,7.740040993622576e-06,7.740040993622576e-06,0.0,0.0,0.0,-1.0,0.1171126923069382,0.0
1729922400.0,7.740040993622576e-06,7.740040993622576e-06,7.740040993622576e-06,7.740040993622576e-06,0.0,0.0,0.0,0.0,0.1171126923069382,0.0
1729922460.0,7.740040993622576e-06,7.740040993622576e-06,7.740040993622576e-06,7.740040993622576e-06,0.0,0.0,0.0,0.0,0.1171126923069382,0.0
1729922520.0,7.740040993622576e-06,7.740040993622576e-06,7.740040993622576e-06,7.740040993622576e-06,0.0,0.0,0.0,0.0,0.1171126923069382,0.0
1729922580.0,7.740040993622576e-06,7.740040993622576e-06,7.740040993622576e-06,7.740040993622576e-06,0.0,0.0,0.0,0.0,0.1171126923069382,0.0
1729922640.0,7.740040993622576e-06,7.740040993622576e-06,7.740040993622576e-06,7.740040993622576e-06,0.0,0.0,0.0,0.0,0.1171126923069382,0.0
1729922700.0,7.740040993622576e-06,7.740040993622576e-06,7.637614625834413e-06,7.637614625834413e-06,2.765850073249601,2.1266144960741127e-05,-0.013233310763154649,0.0,0.1171126923069382,0.013233310763154649
1729922760.0,7.637614625834413e-06,7.637614625834413e-06,7.637614625834413e-06,7.637614625834413e-06,0.0,0.0,0.0,-1.0,0.11556290365533077,0.0
1729922820.0,7.637614625834413e-06,7.637614625834413e-06,7.637614625834413e-06,7.637614625834413e-06,0.0,0.0,0.0,0.0,0.11556290365533077,0.0
1729922880.0,7.637614625834413e-06,7.637614625834413e-06,7.637614625834413e-06,7.637614625834413e-06,0.0,0.0,0.0,0.0,0.11556290365533077,0.0
1729922940.0,7.637614625834413e-06,7.637614625834413e-06,7.637614625834413e-06,7.637614625834413e-06,0.0,0.0,0.0,0.0,0.11556290365533077,0.0
1729923000.0,7.637614625834413e-06,7.637614625834413e-06,7.637614625834413e-06,7.637614625834413e-06,0.0,0.0,0.0,0.0,0.11556290365533077,0.0
1729923060.0,7.637614625834413e-06,7.637614625834413e-06,7.637614625834413e-06,7.637614625834413e-06,0.0,0.0,0.0,0.0,0.11556290365533077,0.0
1729923120.0,7.637614625834413e-06,7.637614625834413e-06,7.4895435255593054e-06,7.4895435255593054e-06,90.94074864034606,0.000687837543544329,-0.019387087137684725,0.0,0.11556290365533077,0.019387087137684725
1729923180.0,7.4895435255593054e-06,7.4895435255593054e-06,7.4895435255593054e-06,7.4895435255593054e-06,0.0,0.0,0.0,-1.0,0.11332247557228102,0.0
1729923240.0,7.4895435255593054e-06,7.4895435255593054e-06,7.4895435255593054e-06,7.4895435255593054e-06,0.0,0.0,0.0,0.0,0.11332247557228102,0.0
1729923300.0,7.4895435255593054e-06,7.4895435255593054e-06,7.4895435255593054e-06,7.4895435255593054e-06,0.0,0.0,0.0,0.0,0.11332247557228102,0.0
1729923360.0,7.4895435255593054e-06,7.4895435255593054e-06,7.4895435255593054e-06,7.4895435255593054e-06,0.0,0.0,0.0,0.0,0.11332247557228102,0.0
1729923420.0,7.4895435255593054e-06,7.4895435255593054e-06,7.4895435255593054e-06,7.4895435255593054e-06,0.0,0.0,0.0,0.0,0.11332247557228102,0.0
1729923480.0,7.4895435255593054e-06,7.4895435255593054e-06,7.4895435255593054e-06,7.4895435255593054e-06,0.0,0.0,0.0,0.0,0.11332247557228102,0.0
1729923540.0,7.4895435255593054e-06,7.4895435255593054e-06,7.4895435255593054e-06,7.4895435255593054e-06,0.0,0.0,0.0,0.0,0.11332247557228102,0.0
1729923600.0,7.4895435255593054e-06,7.4895435255593054e-06,7.4895435255593054e-06,7.4895435255593054e-06,0.0,0.0,0.0,0.0,0.11332247557228102,0.0
1729923660.0,7.4895435255593054e-06,7.4895435255593054e-06,7.4895435255593054e-06,7.4895435255593054e-06,0.0,0.0,0.0,0.0,0.11332247557228102,0.0
1729923720.0,7.4895435255593054e-06,7.4895435255593054e-06,7.4895435255593054e-06,7.4895435255593054e-06,0.0,0.0,0.0,0.0,0.11332247557228102,0.0
1729923780.0,7.4895435255593054e-06,7.4895435255593054e-06,7.4895435255593054e-06,7.4895435255593054e-06,0.0,0.0,0.0,0.0,0.11332247557228102,0.0
1729923840.0,7.4895435255593054e-06,7.4895435255593054e-06,7.4895435255593054e-06,7.4895435255593054e-06,0.0,0.0,0.0,0.0,0.11332247557228102,0.0
1729923900.0,7.4895435255593054e-06,7.4895435255593054e-06,7.4895435255593054e-06,7.4895435255593054e-06,0.0,0.0,0.0,0.0,0.11332247557228102,0.0
1729923960.0,7.4895435255593054e-06,7.4895435255593054e-06,7.4895435255593054e-06,7.4895435255593054e-06,0.0,0.0,0.0,0.0,0.11332247557228102,0.0
1729924020.0,7.4895435255593054e-06,7.4895435255593054e-06,7.4895435255593054e-06,7.4895435255593054e-06,0.0,0.0,0.0,0.0,0.11332247557228102,0.0
1729924080.0,7.4895435255593054e-06,7.4895435255593054e-06,7.4895435255593054e-06,7.4895435255593054e-06,0.0,0.0,0.0,0.0,0.11332247557228102,0.0
1729924140.0,7.4895435255593054e-06,7.4895435255593054e-06,7.3674638063452925e-06,7.3674638063452925e-06,0.0238610296074697,1.77251745912485e-07,-0.016300021329390194,0.0,0.11332247557228102,0.016300021329390194
1729924200.0,7.3674638063452925e-06,7.3674638063452925e-06,7.3674638063452925e-06,7.3674638063452925e-06,0.0,0.0,0.0,-1.0,0.11147531680335353,0.0
1729924260.0,7.3674638063452925e-06,7.3674638063452925e-06,7.3674638063452925e-06,7.3674638063452925e-06,0.0,0.0,0.0,0.0,0.11147531680335353,0.0
1729924320.0,7.3674638063452925e-06,7.3674638063452925e-06,7.3674638063452925e-06,7.3674638063452925e-06,0.0,0.0,0.0,0.0,0.11147531680335353,0.0
1729924380.0,7.3674638063452925e-06,7.3674638063452925e-06,7.3674638063452925e-06,7.3674638063452925e-06,0.0,0.0,0.0,0.0,0.11147531680335353,0.0
1729924440.0,7.3674638063452925e-06,7.3674638063452925e-06,7.3674638063452925e-06,7.3674638063452925e-06,0.0,0.0,0.0,0.0,0.11147531680335353,0.0
1729924500.0,7.3674638063452925e-06,7.3674638063452925e-06,7.3674638063452925e-06,7.3674638063452925e-06,0.0,0.0,0.0,0.0,0.11147531680335353,0.0
