0,1,2,3,4,5
1738632480.0,7.09334833672772e-05,8.32373084843347e-05,3.99998234158879e-05,5.551658189752e-05,22778.1935201222
1738632540.0,5.551658189752e-05,6.33864325017376e-05,4.70603059334942e-05,6.1865459262381e-05,7601.09315618462
1738632600.0,6.1865459262381e-05,7.33613259014296e-05,5.96573194684746e-05,7.04127756384284e-05,5753.451422073
1738632660.0,7.04127756384284e-05,7.1304202122523e-05,5.36999954026767e-05,6.71765335469809e-05,11269.06872106868
1738632720.0,6.71765335469809e-05,8.03304053058385e-05,6.71765335469809e-05,7.70481158312371e-05,6531.57317915688
1738632780.0,7.70481158312371e-05,8.15519733215869e-05,5.98228268582806e-05,5.98228268582806e-05,5510.87604959024
1738632840.0,5.98228268582806e-05,6.12344436430673e-05,5.03585099498151e-05,6.08866720162648e-05,9321.19668253268
1738632900.0,6.08866720162648e-05,7.24161452041732e-05,6.01687857613903e-05,6.71254119046217e-05,6003.62287005393
1738632960.0,6.71254119046217e-05,7.08921177417136e-05,5.8632936186302e-05,6.20605546472393e-05,6054.25212451397
1738633020.0,6.20605546472393e-05,6.8033920525105e-05,5.28628106836142e-05,5.39907262182696e-05,4057.91884383011
1738633080.0,5.39907262182696e-05,6.1194445959911e-05,4.79973112773281e-05,5.2643932746504e-05,6332.41279390215
1738633140.0,5.2643932746504e-05,6.54378274272837e-05,5.2643932746504e-05,6.19367557186651e-05,3043.61284574412
1738633200.0,6.19367557186651e-05,6.51089414723664e-05,6.19367557186651e-05,6.2786680726118e-05,1218.35825342476
1738633260.0,6.2786680726118e-05,6.2786680726118e-05,4.38165481996295e-05,4.38165481996295e-05,3273.33655606468
1738633320.0,4.38165481996295e-05,6.9825634087944e-05,3.70827288867753e-05,4.36585400760303e-05,17985.98385064058
1738633380.0,4.36585400760303e-05,5.20024278174916e-05,4.18683839026533e-05,4.83093871550639e-05,5613.29396096349
1738633440.0,4.83093871550639e-05,4.83093871550639e-05,4.27677466129887e-05,4.82281751935279e-05,2102.57116399525
1738633500.0,4.82281751935279e-05,5.29349649142566e-05,4.64980822678092e-05,4.814423756461e-05,2192.78975260004
1738633560.0,4.814423756461e-05,7.16873634785342e-05,4.75357118090933e-05,7.16873634785342e-05,9871.76627074996
1738633620.0,7.16873634785342e-05,7.16873634785342e-05,5.12951087310584e-05,5.12951087310584e-05,1636.08485561354
1738633680.0,5.12951087310584e-05,5.33598713759584e-05,4.52586671917363e-05,4.6493354983227e-05,2157.28887249686
1738633740.0,4.6493354983227e-05,4.70242617356596e-05,3.80840530565273e-05,4.48069434830174e-05,3620.00599177554
1738633800.0,4.48069434830174e-05,4.55645504954267e-05,4.03504016608423e-05,4.06609725743727e-05,1355.87313056331
1738633860.0,4.06609725743727e-05,4.11595824824424e-05,3.46932171937788e-05,4.07559241231092e-05,2268.09957881218
1738633920.0,4.07559241231092e-05,4.29174901089158e-05,3.92078972898451e-05,3.95289870782302e-05,1770.67755740067
1738633980.0,3.95289870782302e-05,3.95289870782302e-05,2.65878904637853e-05,3.09586301053803e-05,3183.32792455015
1738634040.0,3.09586301053803e-05,3.52932260448025e-05,3.09586301053803e-05,3.26711780458966e-05,2219.84203053373
1738634100.0,3.26711780458966e-05,3.26711780458966e-05,2.77971035390416e-05,2.80820794199528e-05,1233.62990259346
1738634160.0,2.80820794199528e-05,2.94238123848478e-05,2.66423580074048e-05,2.77902300165861e-05,1724.57241244921
1738634220.0,2.77902300165861e-05,3.03384141001688e-05,2.77902300165861e-05,3.00786093600275e-05,710.950116202
1738634280.0,3.00786093600275e-05,3.00786093600275e-05,2.71343075508887e-05,2.71343075508887e-05,473.13258764118
1738634340.0,2.71343075508887e-05,2.71343075508887e-05,2.10865830044376e-05,2.10865830044376e-05,1629.62982352002
1738634400.0,2.10865830044376e-05,3.09263998841807e-05,1.9765109201696e-05,2.1435522291693e-05,5830.6147949284
1738634460.0,2.1435522291693e-05,2.45794837628171e-05,2.1435522291693e-05,2.32676415024477e-05,908.59625227537
1738634520.0,2.32676415024477e-05,2.32676415024477e-05,2.23515804190961e-05,2.27501756184655e-05,253.36077158375
1738634580.0,2.27501756184655e-05,2.81748815777236e-05,2.27501756184655e-05,2.81748815777236e-05,1038.72592079568
1738634640.0,2.81748815777236e-05,2.87637224312325e-05,2.79894748770539e-05,2.80395495509344e-05,255.2333928099
1738634700.0,2.80395495509344e-05,2.85451492360956e-05,2.60893180631947e-05,2.75005005724917e-05,1452.47078815754
1738634760.0,2.75005005724917e-05,2.9215443880213e-05,2.75005005724917e-05,2.89075933734535e-05,209.10282812998
1738634820.0,2.89075933734535e-05,2.91168719880163e-05,2.88631639472477e-05,2.90469870588474e-05,205.88303011077
1738634880.0,2.90469870588474e-05,2.92280005163337e-05,2.35789088799427e-05,2.45411932839093e-05,1242.09261927299
1738634940.0,2.45411932839093e-05,2.45411932839093e-05,2.1886547247795e-05,2.1886547247795e-05,178.69959194299
1738635000.0,2.1886547247795e-05,2.20405571040472e-05,2.18634114514238e-05,2.18634114514238e-05,64.23081981566
1738635060.0,2.18634114514238e-05,2.32682905792436e-05,2.18114598386107e-05,2.32682905792436e-05,453.05861379973
1738635120.0,2.32682905792436e-05,2.52420956619171e-05,2.22638283977713e-05,2.50781570172475e-05,1080.27127350652
1738635180.0,2.50781570172475e-05,2.58958940133645e-05,2.50781570172475e-05,2.57571480448522e-05,146.56284486894
1738635240.0,2.57571480448522e-05,2.58784046582529e-05,2.30533400408068e-05,2.30533400408068e-05,539.70736597122
1738635300.0,2.30533400408068e-05,2.31349421886317e-05,2.28353205901669e-05,2.28353205901669e-05,150.22010873157
1738635360.0,2.28353205901669e-05,2.28353205901669e-05,2.09027904579887e-05,2.09027904579887e-05,496.16364399369
1738635420.0,2.09027904579887e-05,2.09027904579887e-05,1.73827762363728e-05,1.76150472877897e-05,717.21436780341
1738635480.0,1.76150472877897e-05,1.76150472877897e-05,1.52124008660966e-05,1.52124008660966e-05,595.57548162801
1738635540.0,1.52124008660966e-05,1.52124008660966e-05,1.48622368419294e-05,1.48622368419294e-05,80.75945004274
1738635600.0,1.48622368419294e-05,1.48622368419294e-05,1.42584021111589e-05,1.42584021111589e-05,155.06760534844
1738635660.0,1.42584021111589e-05,1.43439553811513e-05,1.42584021111589e-05,1.43439553811513e-05,10.34779487767
1738635720.0,1.43439553811513e-05,1.54123589247833e-05,1.43439553811513e-05,1.54010867205431e-05,290.19824828206
1738635780.0,1.54010867205431e-05,1.56017908458482e-05,1.54010867205431e-05,1.56017908458482e-05,53.40591957168
1738635840.0,1.56017908458482e-05,1.58927610352071e-05,1.56017908458482e-05,1.58927610352071e-05,46.4099837585
1738635900.0,1.58927610352071e-05,1.59038648388254e-05,1.57951340691088e-05,1.57951340691088e-05,11.40413784637
1738635960.0,1.57951340691088e-05,1.57951340691088e-05,1.47736444031315e-05,1.47736444031315e-05,266.28091533671
1738636020.0,1.47736444031315e-05,1.47741552864941e-05,1.47021008433208e-05,1.47741552864941e-05,3.89128262274
1738636080.0,1.47741552864941e-05,1.47741552864941e-05,1.43477180430972e-05,1.45111943734017e-05,165.82439127176
1738636140.0,1.45111943734017e-05,1.45711656804372e-05,1.4445855907229e-05,1.4445855907229e-05,33.93042929946
1738636200.0,1.4445855907229e-05,1.4445855907229e-05,1.43507718452193e-05,1.43507718452193e-05,18.49384142578
1738636260.0,1.43507718452193e-05,1.43710677355339e-05,1.42514854662967e-05,1.43536344491761e-05,57.54024944152
1738636320.0,1.43536344491761e-05,1.43536344491761e-05,1.42029777569912e-05,1.42029777569912e-05,47.60032153879
1738636380.0,1.42029777569912e-05,1.42029777569912e-05,1.41058776182577e-05,1.41058776182577e-05,13.69167800426
1738636440.0,1.41058776182577e-05,1.41058776182577e-05,1.30614990778229e-05,1.30614990778229e-05,272.85493531668
1738636500.0,1.30614990778229e-05,1.33664890895401e-05,1.29958763104712e-05,1.33664890895401e-05,195.79991088067
1738636560.0,1.33664890895401e-05,1.38219608540488e-05,1.33442313108856e-05,1.38219608540488e-05,287.29209284277
1738636620.0,1.38219608540488e-05,1.42549519950583e-05,1.38219608540488e-05,1.41821431625687e-05,6.6740114973
1738636680.0,1.41821431625687e-05,1.41821431625687e-05,1.41533666062513e-05,1.41533666062513e-05,7.89674407676
1738636740.0,1.41533666062513e-05,1.47427592867472e-05,1.40261081920071e-05,1.46904077224041e-05,314.54802763575
1738636800.0,1.46904077224041e-05,1.48943016467673e-05,1.46663564915245e-05,1.48943016467673e-05,105.88983822144
1738636860.0,1.48943016467673e-05,1.50640371468588e-05,1.47872253519452e-05,1.50640371468588e-05,328.03824929504
1738636920.0,1.50640371468588e-05,1.58829118245199e-05,1.50640371468588e-05,1.57617260319142e-05,170.08769862626
1738636980.0,1.57617260319142e-05,1.58101898940178e-05,1.57075231725119e-05,1.57487355325379e-05,16.10776913079
1738637040.0,1.57487355325379e-05,1.58743047892951e-05,1.57487355325379e-05,1.58743047892951e-05,22.83891506886
1738637100.0,1.58743047892951e-05,1.60727237596648e-05,1.58743047892951e-05,1.60727237596648e-05,63.66994652376
1738637160.0,1.60727237596648e-05,1.6103319229629e-05,1.60260845186821e-05,1.60260845186821e-05,27.935389404
1738637220.0,1.60260845186821e-05,1.62850057234689e-05,1.60260845186821e-05,1.62850057234689e-05,149.91974216873
1738637280.0,1.62850057234689e-05,1.99421654447773e-05,1.62850057234689e-05,1.99421654447773e-05,828.22768374386
1738637340.0,1.99421654447773e-05,1.99421654447773e-05,1.90095126823925e-05,1.90095126823925e-05,321.90216461348
1738637400.0,1.90095126823925e-05,1.90095126823925e-05,1.79277611216261e-05,1.79667919326769e-05,256.96654656068
1738637460.0,1.79667919326769e-05,1.79860217618066e-05,1.78648250438408e-05,1.79860217618066e-05,18.16445418597
1738637520.0,1.79860217618066e-05,1.90848683877767e-05,1.79860217618066e-05,1.8976158203237e-05,243.48471111744
1738637580.0,1.8976158203237e-05,1.91235892275818e-05,1.83963186602897e-05,1.83963186602897e-05,259.4572098204
1738637640.0,1.83963186602897e-05,1.99745448855712e-05,1.83963186602897e-05,1.99745448855712e-05,435.9458815776
1738637700.0,1.99745448855712e-05,2.23188429113741e-05,1.99745448855712e-05,2.05662845036865e-05,1026.03584833807
1738637760.0,2.05662845036865e-05,2.05662845036865e-05,1.99398411610107e-05,1.99398411610107e-05,216.53286001755
1738637820.0,1.99398411610107e-05,1.99398411610107e-05,1.90323259422699e-05,1.90323259422699e-05,154.04652811098
1738637880.0,1.90323259422699e-05,1.91893585075473e-05,1.90323259422699e-05,1.91288898184884e-05,24.15963387302
1738637940.0,1.91288898184884e-05,1.95275774089723e-05,1.90961517140285e-05,1.95275774089723e-05,108.57068881382
1738638000.0,1.95275774089723e-05,1.95275774089723e-05,1.83520597954693e-05,1.83520597954693e-05,236.18165046053
1738638060.0,1.83520597954693e-05,2.08417262852486e-05,1.83520597954693e-05,2.08417262852486e-05,542.39494586008
1738638120.0,2.08417262852486e-05,2.08417262852486e-05,2.07714830970893e-05,2.08366435957066e-05,38.51301167898
1738638180.0,2.08366435957066e-05,2.14787816180447e-05,2.08366435957066e-05,2.14787816180447e-05,338.60606027036
1738638240.0,2.14787816180447e-05,2.31364922260184e-05,2.14787816180447e-05,2.31364922260184e-05,263.51453900934
1738638300.0,2.31364922260184e-05,2.46589250538471e-05,2.31364922260184e-05,2.46589250538471e-05,295.867509
1738638360.0,2.46589250538471e-05,2.66659792945915e-05,2.46589250538471e-05,2.66659792945915e-05,508.90461072787
1738638420.0,2.66659792945915e-05,2.89673386674598e-05,2.66659792945915e-05,2.89077157545704e-05,427.03584314494
1738638480.0,2.89077157545704e-05,3.13618498834293e-05,2.89077157545704e-05,3.10152039664207e-05,533.6352776936
1738638540.0,3.10152039664207e-05,3.19622596878804e-05,3.09450670095959e-05,3.19622596878804e-05,208.256902817
1738638600.0,3.19622596878804e-05,3.19622596878804e-05,3.19055601809139e-05,3.19055601809139e-05,2.2306978512
1738638660.0,3.19055601809139e-05,3.19055601809139e-05,1.83891164683227e-05,1.8457773253261e-05,2750.80892192825
1738638720.0,1.8457773253261e-05,2.03191306449866e-05,1.8457773253261e-05,2.02566503551429e-05,510.68850093792
1738638780.0,2.02566503551429e-05,2.04017700747756e-05,2.02566503551429e-05,2.03920376458105e-05,52.8315685965
1738638840.0,2.03920376458105e-05,2.04943027653598e-05,1.98806817047157e-05,1.98806817047157e-05,122.4956252357
1738638900.0,1.98806817047157e-05,1.98806817047157e-05,1.81730889002133e-05,1.81730889002133e-05,365.04371219876
1738638960.0,1.81730889002133e-05,1.81730889002133e-05,1.81616166964195e-05,1.81616166964195e-05,1.17166285084
1738639020.0,1.81616166964195e-05,1.84431143390279e-05,1.81616166964195e-05,1.84431143390279e-05,86.485428
1738639080.0,1.84431143390279e-05,1.85317636024168e-05,1.84431143390279e-05,1.85317636024168e-05,1.1716313448
1738639140.0,1.85317636024168e-05,1.85317636024168e-05,1.844953927957e-05,1.844953927957e-05,15.59940103812
1738639200.0,1.844953927957e-05,1.94281890238301e-05,1.844953927957e-05,1.94281890238301e-05,217.14513294112
1738639260.0,1.94281890238301e-05,1.94289343402204e-05,1.94281890238301e-05,1.94289343402204e-05,1.17971027576
1738639320.0,1.94289343402204e-05,1.94289343402204e-05,1.93627060979245e-05,1.93627060979245e-05,12.79665222314
1738639380.0,1.93627060979245e-05,1.93627060979245e-05,1.91922821513281e-05,1.91922821513281e-05,69.82638497128
1738639440.0,1.91922821513281e-05,1.91922821513281e-05,1.71605165496549e-05,1.71605165496549e-05,486.02710010256
1738639500.0,1.71605165496549e-05,1.71605165496549e-05,1.53429562181462e-05,1.53429562181462e-05,362.27121591512
1738639560.0,1.53429562181462e-05,1.55179217928441e-05,1.53429562181462e-05,1.53975391684847e-05,127.7042820875
1738639620.0,1.53975391684847e-05,1.53975391684847e-05,1.50896303670082e-05,1.53391464215981e-05,123.21454899628
1738639680.0,1.53391464215981e-05,1.54294865797826e-05,1.53391464215981e-05,1.53863137005359e-05,17.36679571488
1738639740.0,1.53863137005359e-05,1.53863137005359e-05,1.46437714499841e-05,1.46437714499841e-05,321.46379977938
1738639800.0,1.46437714499841e-05,1.46437714499841e-05,1.38660829419431e-05,1.38660829419431e-05,86.97561703291
1738639860.0,1.38660829419431e-05,1.38660829419431e-05,1.35619910197343e-05,1.35619910197343e-05,40.11065819946
1738639920.0,1.35619910197343e-05,1.35619910197343e-05,1.34775411980149e-05,1.34775411980149e-05,45.3602493856
1738639980.0,1.34775411980149e-05,1.48246428271521e-05,1.34775411980149e-05,1.48246428271521e-05,429.59603201926
1738640040.0,1.48246428271521e-05,1.53465421173801e-05,1.48246428271521e-05,1.53465421173801e-05,127.38718962027
1738640100.0,1.53465421173801e-05,1.53465421173801e-05,1.53465421173801e-05,1.53465421173801e-05,0.0
1738640160.0,1.53465421173801e-05,1.53465421173801e-05,1.53405234532735e-05,1.53405234532735e-05,0.7610747569
1738640220.0,1.53405234532735e-05,1.53405234532735e-05,1.52847955515606e-05,1.52847955515606e-05,9.3972328434
1738640280.0,1.52847955515606e-05,1.52847955515606e-05,1.52847955515606e-05,1.52847955515606e-05,0.0
1738640340.0,1.52847955515606e-05,1.54310094642976e-05,1.52192341177839e-05,1.54310094642976e-05,74.40454703205
1738640400.0,1.54310094642976e-05,1.54627993838673e-05,1.54310094642976e-05,1.54627993838673e-05,0.72202708125
1738640460.0,1.54627993838673e-05,1.54627993838673e-05,1.54627993838673e-05,1.54627993838673e-05,0.0
1738640520.0,1.54627993838673e-05,1.54764075904912e-05,1.54627993838673e-05,1.54764075904912e-05,0.70820925894
1738640580.0,1.54764075904912e-05,1.54828693661793e-05,1.54764075904912e-05,1.54828693661793e-05,0.69433485443
1738640640.0,1.54828693661793e-05,1.64470540753225e-05,1.54828693661793e-05,1.64470540753225e-05,430.2
1738640700.0,1.64470540753225e-05,1.74357816741341e-05,1.64470540753225e-05,1.74357816741341e-05,18.61943262752
1738640760.0,1.74357816741341e-05,1.74357816741341e-05,1.73852503802498e-05,1.73852503802498e-05,0.74877376281
1738640820.0,1.73852503802498e-05,1.76131040180294e-05,1.73852503802498e-05,1.76131040180294e-05,34.42861754007
1738640880.0,1.76131040180294e-05,1.79693974069832e-05,1.76131040180294e-05,1.79693974069832e-05,98.48362459284
1738640940.0,1.79693974069832e-05,1.79693974069832e-05,1.79318507583971e-05,1.79318507583971e-05,0.7417318629
1738641000.0,1.79318507583971e-05,1.80271456839757e-05,1.79318507583971e-05,1.80271456839757e-05,1.61698351782
1738641060.0,1.80271456839757e-05,1.80271456839757e-05,1.79382586247942e-05,1.79382586247942e-05,0.72715697911
1738641120.0,1.79382586247942e-05,1.79517478455247e-05,1.79382586247942e-05,1.79517478455247e-05,0.71314971123
1738641180.0,1.79517478455247e-05,1.79517478455247e-05,1.77509473066335e-05,1.77697688202923e-05,75.51319563416
1738641240.0,1.77697688202923e-05,1.77697688202923e-05,1.76637833108127e-05,1.76637833108127e-05,5.82494986755
1738641300.0,1.76637833108127e-05,1.76637833108127e-05,1.76533891310617e-05,1.76533891310617e-05,0.67352577
1738641360.0,1.76533891310617e-05,1.76533891310617e-05,1.76533891310617e-05,1.76533891310617e-05,0.0
1738641420.0,1.76533891310617e-05,1.76685149063872e-05,1.76533891310617e-05,1.76685149063872e-05,0.66062080308
1738641480.0,1.76685149063872e-05,1.77952791068714e-05,1.76104141500892e-05,1.76104141500892e-05,46.57615723206
1738641540.0,1.76104141500892e-05,1.76104141500892e-05,1.75978159528173e-05,1.75978159528173e-05,0.24696120192
1738641600.0,1.75978159528173e-05,1.75991579192828e-05,1.75978159528173e-05,1.75991579192828e-05,0.63196967328
1738641660.0,1.75991579192828e-05,1.75991579192828e-05,1.64303734711344e-05,1.64303734711344e-05,277.70507911742
1738641720.0,1.64303734711344e-05,1.64343745252256e-05,1.64303734711344e-05,1.64343745252256e-05,0.04824039312
1738641780.0,1.64343745252256e-05,1.64467921727448e-05,1.64343745252256e-05,1.64467921727448e-05,0.5672019375
1738641840.0,1.64467921727448e-05,1.66224307388127e-05,1.64467921727448e-05,1.65595674747625e-05,62.65842371688
1738641900.0,1.65595674747625e-05,1.65595674747625e-05,1.65595674747625e-05,1.65595674747625e-05,0.0
1738641960.0,1.65595674747625e-05,1.65595674747625e-05,1.65487649330202e-05,1.65487649330202e-05,0.5481182211
1738642020.0,1.65487649330202e-05,1.65487649330202e-05,1.65387783286501e-05,1.65387783286501e-05,0.5368317018
1738642080.0,1.65387783286501e-05,1.66196080201994e-05,1.65387783286501e-05,1.66196080201994e-05,5.3015488704
1738642140.0,1.66196080201994e-05,1.66196080201994e-05,1.6525267650495e-05,1.6525267650495e-05,0.52566529592
1738642200.0,1.6525267650495e-05,1.6525267650495e-05,1.65044470618803e-05,1.65044470618803e-05,5.49178319842
1738642260.0,1.65044470618803e-05,1.65044470618803e-05,1.64297209873784e-05,1.64297209873784e-05,25.09649939784
1738642320.0,1.64297209873784e-05,1.64297209873784e-05,1.6360587831779e-05,1.6360587831779e-05,4.21468983908
1738642380.0,1.6360587831779e-05,1.6360587831779e-05,1.63476900083464e-05,1.63476900083464e-05,2.94482347236
1738642440.0,1.63476900083464e-05,1.63555285517991e-05,1.63476900083464e-05,1.63555285517991e-05,2.68510333143
1738642500.0,1.63555285517991e-05,1.63556053589971e-05,1.63555285517991e-05,1.63556053589971e-05,0.50229510436
1738642560.0,1.63556053589971e-05,1.63556053589971e-05,1.63556053589971e-05,1.63556053589971e-05,0.0
1738642620.0,1.63556053589971e-05,1.63556053589971e-05,1.63556053589971e-05,1.63556053589971e-05,0.0
1738642680.0,1.63556053589971e-05,1.63556053589971e-05,1.63556053589971e-05,1.63556053589971e-05,0.0
1738642740.0,1.63556053589971e-05,1.63556053589971e-05,1.63556053589971e-05,1.63556053589971e-05,0.0
1738642800.0,1.63556053589971e-05,1.63556053589971e-05,1.63556053589971e-05,1.63556053589971e-05,0.0
1738642860.0,1.63556053589971e-05,1.63556053589971e-05,1.63556053589971e-05,1.63556053589971e-05,0.0
1738642920.0,1.63556053589971e-05,1.63556053589971e-05,1.63556053589971e-05,1.63556053589971e-05,0.0
1738642980.0,1.63556053589971e-05,1.63556053589971e-05,1.63556053589971e-05,1.63556053589971e-05,0.0
1738643040.0,1.63556053589971e-05,1.63556053589971e-05,1.63556053589971e-05,1.63556053589971e-05,0.0
1738643100.0,1.63556053589971e-05,1.63556053589971e-05,1.63254075257971e-05,1.63254075257971e-05,2.63221379594
1738643160.0,1.63254075257971e-05,1.63254075257971e-05,1.63254075257971e-05,1.63254075257971e-05,0.0
1738643220.0,1.63254075257971e-05,1.63254075257971e-05,1.63254075257971e-05,1.63254075257971e-05,0.0
1738643280.0,1.63254075257971e-05,1.64185220714284e-05,1.63254075257971e-05,1.64185220714284e-05,5.5535009184
1738643340.0,1.64185220714284e-05,1.64185220714284e-05,1.63216124101529e-05,1.63216124101529e-05,3.10276010935
1738643400.0,1.63216124101529e-05,1.63216124101529e-05,1.63216124101529e-05,1.63216124101529e-05,0.0
1738643460.0,1.63216124101529e-05,1.63216124101529e-05,1.63216124101529e-05,1.63216124101529e-05,0.0
1738643520.0,1.63216124101529e-05,1.63216124101529e-05,1.63216124101529e-05,1.63216124101529e-05,0.0
1738643580.0,1.63216124101529e-05,1.63216124101529e-05,1.63216124101529e-05,1.63216124101529e-05,0.0
1738643640.0,1.63216124101529e-05,1.63216124101529e-05,1.62121573484469e-05,1.62121573484469e-05,26.75833828488
1738643700.0,1.62121573484469e-05,1.62121573484469e-05,1.62121573484469e-05,1.62121573484469e-05,0.0
1738643760.0,1.62121573484469e-05,1.62121573484469e-05,1.62121573484469e-05,1.62121573484469e-05,0.0
1738643820.0,1.62121573484469e-05,1.62121573484469e-05,1.6198386448448e-05,1.6198386448448e-05,2.22613623264
1738643880.0,1.6198386448448e-05,1.6198386448448e-05,1.60933479911747e-05,1.60933479911747e-05,50.47522207455
1738643940.0,1.60933479911747e-05,1.60933479911747e-05,1.60933479911747e-05,1.60933479911747e-05,0.0
1738644000.0,1.60933479911747e-05,1.60933479911747e-05,1.60933479911747e-05,1.60933479911747e-05,0.0
1738644060.0,1.60933479911747e-05,1.60933479911747e-05,1.60933479911747e-05,1.60933479911747e-05,0.0
1738644120.0,1.60933479911747e-05,1.60933479911747e-05,1.58784244046997e-05,1.58784244046997e-05,32.90158482842
1738644180.0,1.58784244046997e-05,1.58784244046997e-05,1.57410608290606e-05,1.57410608290606e-05,29.60136001431
1738644240.0,1.57410608290606e-05,1.57410608290606e-05,1.54798939353798e-05,1.54798939353798e-05,100.87472306745
1738644300.0,1.54798939353798e-05,1.54798939353798e-05,1.54798939353798e-05,1.54798939353798e-05,0.0
1738644360.0,1.54798939353798e-05,1.54798939353798e-05,1.54798939353798e-05,1.54798939353798e-05,0.0
1738644420.0,1.54798939353798e-05,1.54798939353798e-05,1.54798939353798e-05,1.54798939353798e-05,0.0
1738644480.0,1.54798939353798e-05,1.54798939353798e-05,1.54798939353798e-05,1.54798939353798e-05,0.0
1738644540.0,1.54798939353798e-05,1.54798939353798e-05,1.54798939353798e-05,1.54798939353798e-05,0.0
1738644600.0,1.54798939353798e-05,1.54798939353798e-05,1.54798939353798e-05,1.54798939353798e-05,0.0
1738644660.0,1.54798939353798e-05,1.54798939353798e-05,1.54798939353798e-05,1.54798939353798e-05,0.0
1738644720.0,1.54798939353798e-05,1.54798939353798e-05,1.51386905312929e-05,1.51386905312929e-05,24.46157533075
1738644780.0,1.51386905312929e-05,1.51386905312929e-05,1.49837161930257e-05,1.49837161930257e-05,50.0032938804
1738644840.0,1.49837161930257e-05,1.49837161930257e-05,1.49837161930257e-05,1.49837161930257e-05,0.0
1738644900.0,1.49837161930257e-05,1.49837161930257e-05,1.49837161930257e-05,1.49837161930257e-05,0.0
1738644960.0,1.49837161930257e-05,1.49837161930257e-05,1.49837161930257e-05,1.49837161930257e-05,0.0
1738645020.0,1.49837161930257e-05,1.49837161930257e-05,1.49837161930257e-05,1.49837161930257e-05,0.0
1738645080.0,1.49837161930257e-05,1.49837161930257e-05,1.49837161930257e-05,1.49837161930257e-05,0.0
1738645140.0,1.49837161930257e-05,1.53595630380985e-05,1.48520314518921e-05,1.53595630380985e-05,213.010351161
1738645200.0,1.53595630380985e-05,1.57150011735886e-05,1.53595630380985e-05,1.57150011735886e-05,6.94812150585
1738645260.0,1.57150011735886e-05,1.57150011735886e-05,1.57024117150871e-05,1.57024117150871e-05,0.48656622586
1738645320.0,1.57024117150871e-05,1.57024117150871e-05,1.57024117150871e-05,1.57024117150871e-05,0.0
1738645380.0,1.57024117150871e-05,1.57024117150871e-05,1.54769978219139e-05,1.54769978219139e-05,111.19110019246
1738645440.0,1.54769978219139e-05,1.54769978219139e-05,1.52161341227798e-05,1.54004686360102e-05,70.72220140506
1738645500.0,1.54004686360102e-05,1.54004686360102e-05,1.54004686360102e-05,1.54004686360102e-05,0.0
1738645560.0,1.54004686360102e-05,1.64357610445235e-05,1.54004686360102e-05,1.64357610445235e-05,444.885
1738645620.0,1.64357610445235e-05,1.64357610445235e-05,1.64357610445235e-05,1.64357610445235e-05,0.0
1738645680.0,1.64357610445235e-05,1.64357610445235e-05,1.64357610445235e-05,1.64357610445235e-05,0.0
1738645740.0,1.64357610445235e-05,1.64357610445235e-05,1.64357610445235e-05,1.64357610445235e-05,0.0
1738645800.0,1.64357610445235e-05,1.64357610445235e-05,1.64357610445235e-05,1.64357610445235e-05,0.0
1738645860.0,1.64357610445235e-05,1.64357610445235e-05,1.64357610445235e-05,1.64357610445235e-05,0.0
1738645920.0,1.64357610445235e-05,1.70692579807216e-05,1.64357610445235e-05,1.70692579807216e-05,82.89376184768
1738645980.0,1.70692579807216e-05,1.70692579807216e-05,1.70692579807216e-05,1.70692579807216e-05,0.0
1738646040.0,1.70692579807216e-05,1.70692579807216e-05,1.70692579807216e-05,1.70692579807216e-05,0.0
1738646100.0,1.70692579807216e-05,1.70692579807216e-05,1.70692579807216e-05,1.70692579807216e-05,0.0
1738646160.0,1.70692579807216e-05,1.70692579807216e-05,1.70692579807216e-05,1.70692579807216e-05,0.0
1738646220.0,1.70692579807216e-05,1.70692579807216e-05,1.6642910640081e-05,1.6642910640081e-05,14.64919180632
1738646280.0,1.6642910640081e-05,1.6642910640081e-05,1.66140777557387e-05,1.66140777557387e-05,16.4061734422
1738646340.0,1.66140777557387e-05,1.66140777557387e-05,1.66140777557387e-05,1.66140777557387e-05,0.0
1738646400.0,1.66140777557387e-05,1.66140777557387e-05,1.66140777557387e-05,1.66140777557387e-05,0.0
1738646460.0,1.66140777557387e-05,1.66140777557387e-05,1.64771851379893e-05,1.64944076548889e-05,21.73149344411
1738646520.0,1.64944076548889e-05,1.64944076548889e-05,1.64944076548889e-05,1.64944076548889e-05,0.0
1738646580.0,1.64944076548889e-05,1.64944076548889e-05,1.64944076548889e-05,1.64944076548889e-05,0.0
1738646640.0,1.64944076548889e-05,1.65173203319322e-05,1.64944076548889e-05,1.65173203319322e-05,2.2669284
1738646700.0,1.65173203319322e-05,1.65173203319322e-05,1.65173203319322e-05,1.65173203319322e-05,0.0
1738646760.0,1.65173203319322e-05,1.65173203319322e-05,1.65173203319322e-05,1.65173203319322e-05,0.0
1738646820.0,1.65173203319322e-05,1.65173203319322e-05,1.65173203319322e-05,1.65173203319322e-05,0.0
1738646880.0,1.65173203319322e-05,1.65173203319322e-05,1.63227459493718e-05,1.63227459493718e-05,1.9802123957
1738646940.0,1.63227459493718e-05,1.63227459493718e-05,1.63227459493718e-05,1.63227459493718e-05,0.0
1738647000.0,1.63227459493718e-05,1.63227459493718e-05,1.63227459493718e-05,1.63227459493718e-05,0.0
1738647060.0,1.63227459493718e-05,1.63227459493718e-05,1.63227459493718e-05,1.63227459493718e-05,0.0
1738647120.0,1.63227459493718e-05,1.64169651462825e-05,1.63227459493718e-05,1.64169651462825e-05,20.535
1738647180.0,1.64169651462825e-05,1.64169651462825e-05,1.64169651462825e-05,1.64169651462825e-05,0.0
1738647240.0,1.64169651462825e-05,1.64169651462825e-05,1.64169651462825e-05,1.64169651462825e-05,0.0
1738647300.0,1.64169651462825e-05,1.64169651462825e-05,1.62505652836879e-05,1.62505652836879e-05,10.54181724618
1738647360.0,1.62505652836879e-05,1.62505652836879e-05,1.62505652836879e-05,1.62505652836879e-05,0.0
1738647420.0,1.62505652836879e-05,1.62505652836879e-05,1.62505652836879e-05,1.62505652836879e-05,0.0
1738647480.0,1.62505652836879e-05,1.62505652836879e-05,1.61704537311988e-05,1.61704537311988e-05,18.3485648056
1738647540.0,1.61704537311988e-05,1.61704537311988e-05,1.61704537311988e-05,1.61704537311988e-05,0.0
1738647600.0,1.61704537311988e-05,1.61704537311988e-05,1.60743900992559e-05,1.60743900992559e-05,23.51498416035
1738647660.0,1.60743900992559e-05,1.60743900992559e-05,1.60743900992559e-05,1.60743900992559e-05,0.0
1738647720.0,1.60743900992559e-05,1.60743900992559e-05,1.60743900992559e-05,1.60743900992559e-05,0.0
1738647780.0,1.60743900992559e-05,1.60743900992559e-05,1.60743900992559e-05,1.60743900992559e-05,0.0
1738647840.0,1.60743900992559e-05,1.60743900992559e-05,1.60657147395102e-05,1.60657147395102e-05,3.1028356868
1738647900.0,1.60657147395102e-05,1.60657147395102e-05,1.55190181867634e-05,1.55190181867634e-05,249.44114612054
1738647960.0,1.55190181867634e-05,1.55190181867634e-05,1.42183175306413e-05,1.42183175306413e-05,283.57741327515
1738648020.0,1.42183175306413e-05,1.42183175306413e-05,1.42183175306413e-05,1.42183175306413e-05,0.0
1738648080.0,1.42183175306413e-05,1.42183175306413e-05,1.36335626101514e-05,1.36335626101514e-05,106.86702918582
1738648140.0,1.36335626101514e-05,1.36335626101514e-05,1.36335626101514e-05,1.36335626101514e-05,0.0
1738648200.0,1.36335626101514e-05,1.36335626101514e-05,1.36335626101514e-05,1.36335626101514e-05,0.0
1738648260.0,1.36335626101514e-05,1.36335626101514e-05,1.36335626101514e-05,1.36335626101514e-05,0.0
1738648320.0,1.36335626101514e-05,1.36335626101514e-05,1.3419483809261e-05,1.3419483809261e-05,16.0469546581
1738648380.0,1.3419483809261e-05,1.3419483809261e-05,1.3419483809261e-05,1.3419483809261e-05,0.0
1738648440.0,1.3419483809261e-05,1.3419483809261e-05,1.3419483809261e-05,1.3419483809261e-05,0.0
1738648500.0,1.3419483809261e-05,1.3419483809261e-05,1.27287409910032e-05,1.27287409910032e-05,344.54297068704
1738648560.0,1.27287409910032e-05,1.27287409910032e-05,1.19792027473005e-05,1.19792027473005e-05,54.01811973636
1738648620.0,1.19792027473005e-05,1.42068321220064e-05,1.19792027473005e-05,1.42068321220064e-05,653.55503153608
1738648680.0,1.42068321220064e-05,1.42330993609643e-05,1.42068321220064e-05,1.42330993609643e-05,8.67264959738
1738648740.0,1.42330993609643e-05,1.42330993609643e-05,1.42330993609643e-05,1.42330993609643e-05,0.0
1738648800.0,1.42330993609643e-05,1.42330993609643e-05,1.40054357335654e-05,1.40054357335654e-05,97.26397811832
1738648860.0,1.40054357335654e-05,1.40054357335654e-05,1.40054357335654e-05,1.40054357335654e-05,0.0
1738648920.0,1.40054357335654e-05,1.40054357335654e-05,1.38207290664302e-05,1.39929673043268e-05,53.70645954984
1738648980.0,1.39929673043268e-05,1.39929673043268e-05,1.39929673043268e-05,1.39929673043268e-05,0.0
1738649040.0,1.39929673043268e-05,1.39929673043268e-05,1.39929673043268e-05,1.39929673043268e-05,0.0
1738649100.0,1.39929673043268e-05,1.40990690234229e-05,1.39929673043268e-05,1.40990690234229e-05,0.88064606376
1738649160.0,1.40990690234229e-05,1.40990690234229e-05,1.40990690234229e-05,1.40990690234229e-05,0.0
1738649220.0,1.40990690234229e-05,1.41017174743991e-05,1.40990690234229e-05,1.41017174743991e-05,21.69082345629
1738649280.0,1.41017174743991e-05,1.41017174743991e-05,1.41017174743991e-05,1.41017174743991e-05,0.0
1738649340.0,1.41017174743991e-05,1.41017174743991e-05,1.41017174743991e-05,1.41017174743991e-05,0.0
1738649400.0,1.41017174743991e-05,1.41017174743991e-05,1.40362081262431e-05,1.40362081262431e-05,4.47746079486
1738649460.0,1.40362081262431e-05,1.43581526892042e-05,1.40362081262431e-05,1.43581526892042e-05,130.4393039408
1738649520.0,1.43581526892042e-05,1.43581526892042e-05,1.43581526892042e-05,1.43581526892042e-05,0.0
1738649580.0,1.43581526892042e-05,1.43581526892042e-05,1.43581526892042e-05,1.43581526892042e-05,0.0
1738649640.0,1.43581526892042e-05,1.43581526892042e-05,1.43581526892042e-05,1.43581526892042e-05,0.0
1738649700.0,1.43581526892042e-05,1.43581526892042e-05,1.43581526892042e-05,1.43581526892042e-05,0.0
1738649760.0,1.43581526892042e-05,1.5013376447468e-05,1.43581526892042e-05,1.5013376447468e-05,181.2786026346
1738649820.0,1.5013376447468e-05,1.5013376447468e-05,1.5013376447468e-05,1.5013376447468e-05,0.0
1738649880.0,1.5013376447468e-05,1.5013376447468e-05,1.5013376447468e-05,1.5013376447468e-05,0.0
1738649940.0,1.5013376447468e-05,1.5013376447468e-05,1.5013376447468e-05,1.5013376447468e-05,0.0
1738650000.0,1.5013376447468e-05,1.54684128940943e-05,1.5013376447468e-05,1.54684128940943e-05,10.345
1738650060.0,1.54684128940943e-05,1.54684128940943e-05,1.47770063422354e-05,1.47770063422354e-05,307.81943931838
1738650120.0,1.47770063422354e-05,1.47770063422354e-05,1.47770063422354e-05,1.47770063422354e-05,0.0
1738650180.0,1.47770063422354e-05,1.47770063422354e-05,1.47770063422354e-05,1.47770063422354e-05,0.0
1738650240.0,1.47770063422354e-05,1.47770063422354e-05,1.39041887290298e-05,1.39041887290298e-05,115.47009972576
1738650300.0,1.39041887290298e-05,1.39041887290298e-05,1.37671749460433e-05,1.37671749460433e-05,6.1842
1738650360.0,1.37671749460433e-05,1.37671749460433e-05,1.37671749460433e-05,1.37671749460433e-05,0.0
1738650420.0,1.37671749460433e-05,1.37671749460433e-05,1.37671749460433e-05,1.37671749460433e-05,0.0
1738650480.0,1.37671749460433e-05,1.37671749460433e-05,1.35745925618851e-05,1.35745925618851e-05,36.82805377667
1738650540.0,1.35745925618851e-05,1.35745925618851e-05,1.35745925618851e-05,1.35745925618851e-05,0.0
1738650600.0,1.35745925618851e-05,1.35745925618851e-05,1.35745925618851e-05,1.35745925618851e-05,0.0
1738650660.0,1.35745925618851e-05,1.35745925618851e-05,1.35745925618851e-05,1.35745925618851e-05,0.0
1738650720.0,1.35745925618851e-05,1.35745925618851e-05,1.27809039274197e-05,1.27809039274197e-05,204.4396525235
1738650780.0,1.27809039274197e-05,1.27809039274197e-05,1.27809039274197e-05,1.27809039274197e-05,0.0
1738650840.0,1.27809039274197e-05,1.27809039274197e-05,1.27121851243854e-05,1.27121851243854e-05,2.079129102
1738650900.0,1.27121851243854e-05,1.27121851243854e-05,1.26912746731941e-05,1.26912746731941e-05,12.11163877632
1738650960.0,1.26912746731941e-05,1.26912746731941e-05,1.26912746731941e-05,1.26912746731941e-05,0.0
1738651020.0,1.26912746731941e-05,1.26912746731941e-05,1.26912746731941e-05,1.26912746731941e-05,0.0
1738651080.0,1.26912746731941e-05,1.26912746731941e-05,1.26912746731941e-05,1.26912746731941e-05,0.0
1738651140.0,1.26912746731941e-05,1.26912746731941e-05,1.26912746731941e-05,1.26912746731941e-05,0.0
1738651200.0,1.26912746731941e-05,1.26912746731941e-05,1.26912746731941e-05,1.26912746731941e-05,0.0
1738651260.0,1.26912746731941e-05,1.26912746731941e-05,1.26912746731941e-05,1.26912746731941e-05,0.0
1738651320.0,1.26912746731941e-05,1.26912746731941e-05,1.26912746731941e-05,1.26912746731941e-05,0.0
1738651380.0,1.26912746731941e-05,1.26912746731941e-05,1.26912746731941e-05,1.26912746731941e-05,0.0
1738651440.0,1.26912746731941e-05,1.26912746731941e-05,1.26912746731941e-05,1.26912746731941e-05,0.0
1738651500.0,1.26912746731941e-05,1.26912746731941e-05,1.26783153008438e-05,1.26783153008438e-05,2.42543553336
1738651560.0,1.26783153008438e-05,1.26783153008438e-05,1.26680145224829e-05,1.26680145224829e-05,5.56428002624
1738651620.0,1.26680145224829e-05,1.26680145224829e-05,1.2610175662241e-05,1.26310462895708e-05,29.71228300592
1738651680.0,1.26310462895708e-05,1.26310462895708e-05,1.26310462895708e-05,1.26310462895708e-05,0.0
1738651740.0,1.26310462895708e-05,1.26310462895708e-05,1.26310462895708e-05,1.26310462895708e-05,0.0
1738651800.0,1.26310462895708e-05,1.26310462895708e-05,1.26310462895708e-05,1.26310462895708e-05,0.0
1738651860.0,1.26310462895708e-05,1.26310462895708e-05,1.26310462895708e-05,1.26310462895708e-05,0.0
1738651920.0,1.26310462895708e-05,1.26310462895708e-05,1.26310462895708e-05,1.26310462895708e-05,0.0
1738651980.0,1.26310462895708e-05,1.26310462895708e-05,1.26310462895708e-05,1.26310462895708e-05,0.0
1738652040.0,1.26310462895708e-05,1.26310462895708e-05,1.26040768333995e-05,1.26040768333995e-05,0.96025484016
1738652100.0,1.26040768333995e-05,1.26040768333995e-05,1.25954276999996e-05,1.25954276999996e-05,4.56728816475
1738652160.0,1.25954276999996e-05,1.25954276999996e-05,1.25954276999996e-05,1.25954276999996e-05,0.0
1738652220.0,1.25954276999996e-05,1.25954276999996e-05,1.21394657999139e-05,1.21394657999139e-05,228.48220801938
1738652280.0,1.21394657999139e-05,1.21394657999139e-05,1.16801492765235e-05,1.16801492765235e-05,10.61112127455
1738652340.0,1.16801492765235e-05,1.16801492765235e-05,1.16503828613338e-05,1.16503828613338e-05,16.619121791
1738652400.0,1.16503828613338e-05,1.16503828613338e-05,1.16503828613338e-05,1.16503828613338e-05,0.0
1738652460.0,1.16503828613338e-05,1.16503828613338e-05,1.15896502635039e-05,1.15896502635039e-05,17.62593060176
1738652520.0,1.15896502635039e-05,1.15896502635039e-05,1.15260109484981e-05,1.15260109484981e-05,17.07411987561
1738652580.0,1.15260109484981e-05,1.15260109484981e-05,1.15260109484981e-05,1.15260109484981e-05,0.0
1738652640.0,1.15260109484981e-05,1.15260109484981e-05,1.15260109484981e-05,1.15260109484981e-05,0.0
1738652700.0,1.15260109484981e-05,1.15260109484981e-05,1.15260109484981e-05,1.15260109484981e-05,0.0
1738652760.0,1.15260109484981e-05,1.15260109484981e-05,1.15260109484981e-05,1.15260109484981e-05,0.0
1738652820.0,1.15260109484981e-05,1.15260109484981e-05,1.15260109484981e-05,1.15260109484981e-05,0.0
1738652880.0,1.15260109484981e-05,1.15260109484981e-05,1.15260109484981e-05,1.15260109484981e-05,0.0
1738652940.0,1.15260109484981e-05,1.15260109484981e-05,1.15260109484981e-05,1.15260109484981e-05,0.0
1738653000.0,1.15260109484981e-05,1.15260109484981e-05,1.15260109484981e-05,1.15260109484981e-05,0.0
1738653060.0,1.15260109484981e-05,1.15260109484981e-05,1.14840611503283e-05,1.14840611503283e-05,2.97577895025
1738653120.0,1.14840611503283e-05,1.14840611503283e-05,1.14840611503283e-05,1.14840611503283e-05,0.0
1738653180.0,1.14840611503283e-05,1.14840611503283e-05,1.14840611503283e-05,1.14840611503283e-05,0.0
1738653240.0,1.14840611503283e-05,1.14840611503283e-05,1.14840611503283e-05,1.14840611503283e-05,0.0
1738653300.0,1.14840611503283e-05,1.14840611503283e-05,1.14840611503283e-05,1.14840611503283e-05,0.0
1738653360.0,1.14840611503283e-05,1.14840611503283e-05,1.14802535125251e-05,1.14802535125251e-05,4.3463634725
1738653420.0,1.14802535125251e-05,1.14802535125251e-05,1.14802535125251e-05,1.14802535125251e-05,0.0
1738653480.0,1.14802535125251e-05,1.14802535125251e-05,1.14802535125251e-05,1.14802535125251e-05,0.0
1738653540.0,1.14802535125251e-05,1.15014086147354e-05,1.14802535125251e-05,1.15014086147354e-05,0.83960369285
1738653600.0,1.15014086147354e-05,1.15014086147354e-05,1.15014086147354e-05,1.15014086147354e-05,0.0
1738653660.0,1.15014086147354e-05,1.15014086147354e-05,1.15014086147354e-05,1.15014086147354e-05,0.0
1738653720.0,1.15014086147354e-05,1.15014086147354e-05,1.15014086147354e-05,1.15014086147354e-05,0.0
1738653780.0,1.15014086147354e-05,1.15014086147354e-05,1.15014086147354e-05,1.15014086147354e-05,0.0
1738653840.0,1.15014086147354e-05,1.15014086147354e-05,1.15014086147354e-05,1.15014086147354e-05,0.0
1738653900.0,1.15014086147354e-05,1.15014086147354e-05,1.15014086147354e-05,1.15014086147354e-05,0.0
1738653960.0,1.15014086147354e-05,1.21651880242046e-05,1.15014086147354e-05,1.21651880242046e-05,188.66544
1738654020.0,1.21651880242046e-05,1.21651880242046e-05,1.15778380827119e-05,1.15778380827119e-05,318.19726340468
1738654080.0,1.15778380827119e-05,1.15778380827119e-05,1.15778380827119e-05,1.15778380827119e-05,0.0
1738654140.0,1.15778380827119e-05,1.15778380827119e-05,1.09522154579087e-05,1.09522154579087e-05,18.77934216584
1738654200.0,1.09522154579087e-05,1.09522154579087e-05,1.08428577749684e-05,1.08428577749684e-05,19.88556650772
1738654260.0,1.08428577749684e-05,1.08428577749684e-05,1.07880926034476e-05,1.08206399081231e-05,18.49775094986
1738654320.0,1.08206399081231e-05,1.08206399081231e-05,1.07244796990202e-05,1.07244796990202e-05,18.38904330829
1738654380.0,1.07244796990202e-05,1.07603762139116e-05,1.07030806910305e-05,1.07603762139116e-05,11.46788544992
1738654440.0,1.07603762139116e-05,1.07603762139116e-05,1.07603762139116e-05,1.07603762139116e-05,0.0
1738654500.0,1.07603762139116e-05,1.07603762139116e-05,1.07603762139116e-05,1.07603762139116e-05,0.0
1738654560.0,1.07603762139116e-05,1.07603762139116e-05,1.07603762139116e-05,1.07603762139116e-05,0.0
1738654620.0,1.07603762139116e-05,1.07603762139116e-05,1.07603762139116e-05,1.07603762139116e-05,0.0
1738654680.0,1.07603762139116e-05,1.07603762139116e-05,1.07603762139116e-05,1.07603762139116e-05,0.0
1738654740.0,1.07603762139116e-05,1.07603762139116e-05,1.07174318809571e-05,1.07174318809571e-05,9.61185769574
1738654800.0,1.07174318809571e-05,1.07174318809571e-05,1.07174318809571e-05,1.07174318809571e-05,0.0
1738654860.0,1.07174318809571e-05,1.07174318809571e-05,1.07174318809571e-05,1.07174318809571e-05,0.0
1738654920.0,1.07174318809571e-05,1.07174318809571e-05,1.06325630147681e-05,1.06325630147681e-05,33.644951083
1738654980.0,1.06325630147681e-05,1.06325630147681e-05,1.06325630147681e-05,1.06325630147681e-05,0.0
1738655040.0,1.06325630147681e-05,1.06325630147681e-05,1.06325630147681e-05,1.06325630147681e-05,0.0
1738655100.0,1.06325630147681e-05,1.06325630147681e-05,1.06325630147681e-05,1.06325630147681e-05,0.0
1738655160.0,1.06325630147681e-05,1.06325630147681e-05,1.06325630147681e-05,1.06325630147681e-05,0.0
1738655220.0,1.06325630147681e-05,1.06325630147681e-05,1.06325630147681e-05,1.06325630147681e-05,0.0
1738655280.0,1.06325630147681e-05,1.06325630147681e-05,1.06325630147681e-05,1.06325630147681e-05,0.0
1738655340.0,1.06325630147681e-05,1.06325630147681e-05,1.06325630147681e-05,1.06325630147681e-05,0.0
1738655400.0,1.06325630147681e-05,1.06325630147681e-05,1.05339621859259e-05,1.05339621859259e-05,3.08735728479
1738655460.0,1.05339621859259e-05,1.05339621859259e-05,1.05339621859259e-05,1.05339621859259e-05,0.0
1738655520.0,1.05339621859259e-05,1.05339621859259e-05,1.05339621859259e-05,1.05339621859259e-05,0.0
1738655580.0,1.05339621859259e-05,1.05339621859259e-05,1.05339621859259e-05,1.05339621859259e-05,0.0
1738655640.0,1.05339621859259e-05,1.05339621859259e-05,9.25077369459386e-06,9.25077369459386e-06,464.57357515795
1738655700.0,9.25077369459386e-06,9.25077369459386e-06,8.4023461607167e-06,8.4023461607167e-06,191.1687742661
1738655760.0,8.4023461607167e-06,8.4023461607167e-06,8.34954569387706e-06,8.34954569387706e-06,2.01911022334
1738655820.0,8.34954569387706e-06,8.34954569387706e-06,8.33570302593533e-06,8.33570302593533e-06,1.65449842143
1738655880.0,8.33570302593533e-06,8.33570302593533e-06,8.33570302593533e-06,8.33570302593533e-06,0.0
1738655940.0,8.33570302593533e-06,8.33570302593533e-06,8.33570302593533e-06,8.33570302593533e-06,0.0
1738656000.0,8.33570302593533e-06,8.33570302593533e-06,8.33570302593533e-06,8.33570302593533e-06,0.0
1738656060.0,8.33570302593533e-06,8.33570302593533e-06,8.33570302593533e-06,8.33570302593533e-06,0.0
1738656120.0,8.33570302593533e-06,8.33570302593533e-06,8.33570302593533e-06,8.33570302593533e-06,0.0
1738656180.0,8.33570302593533e-06,8.33570302593533e-06,8.33570302593533e-06,8.33570302593533e-06,0.0
1738656240.0,8.33570302593533e-06,8.33570302593533e-06,8.33570302593533e-06,8.33570302593533e-06,0.0
1738656300.0,8.33570302593533e-06,8.33570302593533e-06,8.33570302593533e-06,8.33570302593533e-06,0.0
1738656360.0,8.33570302593533e-06,8.33570302593533e-06,8.33570302593533e-06,8.33570302593533e-06,0.0
1738656420.0,8.33570302593533e-06,8.33570302593533e-06,8.33570302593533e-06,8.33570302593533e-06,0.0
1738656480.0,8.33570302593533e-06,8.33570302593533e-06,8.29436225630884e-06,8.29436225630884e-06,2.69349976896
1738656540.0,8.29436225630884e-06,8.30745523749709e-06,8.29436225630884e-06,8.30745523749709e-06,1.45542060112
1738656600.0,8.30745523749709e-06,8.30745523749709e-06,8.30745523749709e-06,8.30745523749709e-06,0.0
1738656660.0,8.30745523749709e-06,8.30745523749709e-06,8.27867736639097e-06,8.27867736639097e-06,28.18733442622
1738656720.0,8.27867736639097e-06,8.27867736639097e-06,8.27867736639097e-06,8.27867736639097e-06,0.0
1738656780.0,8.27867736639097e-06,8.27867736639097e-06,8.27867736639097e-06,8.27867736639097e-06,0.0
1738656840.0,8.27867736639097e-06,8.27867736639097e-06,8.27867736639097e-06,8.27867736639097e-06,0.0
1738656900.0,8.27867736639097e-06,8.27867736639097e-06,8.27867736639097e-06,8.27867736639097e-06,0.0
1738656960.0,8.27867736639097e-06,8.27867736639097e-06,8.27867736639097e-06,8.27867736639097e-06,0.0
1738657020.0,8.27867736639097e-06,8.27867736639097e-06,8.27867736639097e-06,8.27867736639097e-06,0.0
1738657080.0,8.27867736639097e-06,8.27867736639097e-06,8.27867736639097e-06,8.27867736639097e-06,0.0
1738657140.0,8.27867736639097e-06,8.27867736639097e-06,8.27867736639097e-06,8.27867736639097e-06,0.0
1738657200.0,8.27867736639097e-06,8.27867736639097e-06,8.27867736639097e-06,8.27867736639097e-06,0.0
1738657260.0,8.27867736639097e-06,8.27867736639097e-06,8.27867736639097e-06,8.27867736639097e-06,0.0
1738657320.0,8.27867736639097e-06,8.27867736639097e-06,8.27867736639097e-06,8.27867736639097e-06,0.0
1738657380.0,8.27867736639097e-06,8.27867736639097e-06,8.27867736639097e-06,8.27867736639097e-06,0.0
1738657440.0,8.27867736639097e-06,8.27867736639097e-06,8.27867736639097e-06,8.27867736639097e-06,0.0
1738657500.0,8.27867736639097e-06,8.27867736639097e-06,8.27867736639097e-06,8.27867736639097e-06,0.0
1738657560.0,8.27867736639097e-06,8.27867736639097e-06,8.27867736639097e-06,8.27867736639097e-06,0.0
1738657620.0,8.27867736639097e-06,8.27867736639097e-06,8.26565832784029e-06,8.26565832784029e-06,0.8584700358
1738657680.0,8.26565832784029e-06,8.26565832784029e-06,8.25741121591004e-06,8.25741121591004e-06,3.97841342434
1738657740.0,8.25741121591004e-06,8.25741121591004e-06,8.14336446403327e-06,8.14336446403327e-06,71.77706850071
1738657800.0,8.14336446403327e-06,8.14336446403327e-06,8.14336446403327e-06,8.14336446403327e-06,0.0
1738657860.0,8.14336446403327e-06,8.14336446403327e-06,8.14336446403327e-06,8.14336446403327e-06,0.0
1738657920.0,8.14336446403327e-06,8.14336446403327e-06,8.14336446403327e-06,8.14336446403327e-06,0.0
1738657980.0,8.14336446403327e-06,8.14336446403327e-06,8.03369102095982e-06,8.03369102095982e-06,1.65295162692
1738658040.0,8.03369102095982e-06,8.03369102095982e-06,8.01605089691102e-06,8.01605089691102e-06,7.4029095252
1738658100.0,8.01605089691102e-06,8.01605089691102e-06,8.01605089691102e-06,8.01605089691102e-06,0.0
1738658160.0,8.01605089691102e-06,8.01605089691102e-06,7.94717590306204e-06,7.94717590306204e-06,29.32718109006
1738658220.0,7.94717590306204e-06,7.94717590306204e-06,7.8780406462629e-06,7.8780406462629e-06,4.75368376824
1738658280.0,7.8780406462629e-06,7.8780406462629e-06,7.8780406462629e-06,7.8780406462629e-06,0.0
1738658340.0,7.8780406462629e-06,7.8780406462629e-06,7.8780406462629e-06,7.8780406462629e-06,0.0
1738658400.0,7.8780406462629e-06,7.8780406462629e-06,7.8780406462629e-06,7.8780406462629e-06,0.0
1738658460.0,7.8780406462629e-06,7.8780406462629e-06,7.8780406462629e-06,7.8780406462629e-06,0.0
1738658520.0,7.8780406462629e-06,7.8780406462629e-06,7.8780406462629e-06,7.8780406462629e-06,0.0
1738658580.0,7.8780406462629e-06,7.8780406462629e-06,7.8780406462629e-06,7.8780406462629e-06,0.0
1738658640.0,7.8780406462629e-06,7.8780406462629e-06,7.8780406462629e-06,7.8780406462629e-06,0.0
1738658700.0,7.8780406462629e-06,7.8780406462629e-06,7.8780406462629e-06,7.8780406462629e-06,0.0
1738658760.0,7.8780406462629e-06,7.8780406462629e-06,7.8780406462629e-06,7.8780406462629e-06,0.0
1738658820.0,7.8780406462629e-06,7.8780406462629e-06,7.8780406462629e-06,7.8780406462629e-06,0.0
1738658880.0,7.8780406462629e-06,7.8780406462629e-06,7.8780406462629e-06,7.8780406462629e-06,0.0
1738658940.0,7.8780406462629e-06,7.8780406462629e-06,7.8780406462629e-06,7.8780406462629e-06,0.0
1738659000.0,7.8780406462629e-06,7.8780406462629e-06,7.8780406462629e-06,7.8780406462629e-06,0.0
1738659060.0,7.8780406462629e-06,7.8780406462629e-06,7.8780406462629e-06,7.8780406462629e-06,0.0
1738659120.0,7.8780406462629e-06,7.8780406462629e-06,7.8780406462629e-06,7.8780406462629e-06,0.0
1738659180.0,7.8780406462629e-06,7.8780406462629e-06,7.8780406462629e-06,7.8780406462629e-06,0.0
1738659240.0,7.8780406462629e-06,7.8780406462629e-06,7.8780406462629e-06,7.8780406462629e-06,0.0
1738659300.0,7.8780406462629e-06,7.8780406462629e-06,7.8780406462629e-06,7.8780406462629e-06,0.0
1738659360.0,7.8780406462629e-06,7.8780406462629e-06,7.8780406462629e-06,7.8780406462629e-06,0.0
1738659420.0,7.8780406462629e-06,7.8780406462629e-06,7.8780406462629e-06,7.8780406462629e-06,0.0
1738659480.0,7.8780406462629e-06,7.8780406462629e-06,7.8780406462629e-06,7.8780406462629e-06,0.0
1738659540.0,7.8780406462629e-06,7.8780406462629e-06,7.8780406462629e-06,7.8780406462629e-06,0.0
1738659600.0,7.8780406462629e-06,7.8780406462629e-06,7.82718573669833e-06,7.82718573669833e-06,1.18285938358
1738659660.0,7.82718573669833e-06,7.82718573669833e-06,7.82718573669833e-06,7.82718573669833e-06,0.0
1738659720.0,7.82718573669833e-06,7.82718573669833e-06,7.82718573669833e-06,7.82718573669833e-06,0.0
1738659780.0,7.82718573669833e-06,7.82718573669833e-06,7.82718573669833e-06,7.82718573669833e-06,0.0
1738659840.0,7.82718573669833e-06,7.82718573669833e-06,7.82718573669833e-06,7.82718573669833e-06,0.0
1738659900.0,7.82718573669833e-06,7.82718573669833e-06,7.82718573669833e-06,7.82718573669833e-06,0.0
1738659960.0,7.82718573669833e-06,7.85555521406759e-06,7.82718573669833e-06,7.85555521406759e-06,10.36062573546
1738660020.0,7.85555521406759e-06,7.85555521406759e-06,7.85555521406759e-06,7.85555521406759e-06,0.0
1738660080.0,7.85555521406759e-06,7.85555521406759e-06,7.85555521406759e-06,7.85555521406759e-06,0.0
1738660140.0,7.85555521406759e-06,7.85555521406759e-06,7.85555521406759e-06,7.85555521406759e-06,0.0
1738660200.0,7.85555521406759e-06,7.85555521406759e-06,7.85555521406759e-06,7.85555521406759e-06,0.0
1738660260.0,7.85555521406759e-06,7.85555521406759e-06,7.85555521406759e-06,7.85555521406759e-06,0.0
1738660320.0,7.85555521406759e-06,7.85555521406759e-06,7.85555521406759e-06,7.85555521406759e-06,0.0
1738660380.0,7.85555521406759e-06,7.85555521406759e-06,7.85555521406759e-06,7.85555521406759e-06,0.0
1738660440.0,7.85555521406759e-06,7.85555521406759e-06,7.85555521406759e-06,7.85555521406759e-06,0.0
1738660500.0,7.85555521406759e-06,7.85555521406759e-06,7.85555521406759e-06,7.85555521406759e-06,0.0
1738660560.0,7.85555521406759e-06,7.85555521406759e-06,7.85555521406759e-06,7.85555521406759e-06,0.0
1738660620.0,7.85555521406759e-06,7.85555521406759e-06,7.85555521406759e-06,7.85555521406759e-06,0.0
1738660680.0,7.85555521406759e-06,7.85555521406759e-06,7.85555521406759e-06,7.85555521406759e-06,0.0
1738660740.0,7.85555521406759e-06,7.85555521406759e-06,7.85555521406759e-06,7.85555521406759e-06,0.0
1738660800.0,7.85555521406759e-06,7.85555521406759e-06,7.85555521406759e-06,7.85555521406759e-06,0.0
1738660860.0,7.85555521406759e-06,7.85555521406759e-06,7.84680557420116e-06,7.84680557420116e-06,1.05433659408
1738660920.0,7.84680557420116e-06,7.84680557420116e-06,7.84680557420116e-06,7.84680557420116e-06,0.0
1738660980.0,7.84680557420116e-06,7.84680557420116e-06,7.84680557420116e-06,7.84680557420116e-06,0.0
1738661040.0,7.84680557420116e-06,7.84680557420116e-06,7.84680557420116e-06,7.84680557420116e-06,0.0
1738661100.0,7.84680557420116e-06,7.84680557420116e-06,7.84680557420116e-06,7.84680557420116e-06,0.0
1738661160.0,7.84680557420116e-06,7.84680557420116e-06,7.84680557420116e-06,7.84680557420116e-06,0.0
1738661220.0,7.84680557420116e-06,7.84680557420116e-06,7.84680557420116e-06,7.84680557420116e-06,0.0
1738661280.0,7.84680557420116e-06,7.84680557420116e-06,7.84680557420116e-06,7.84680557420116e-06,0.0
1738661340.0,7.84680557420116e-06,7.84680557420116e-06,7.84680557420116e-06,7.84680557420116e-06,0.0
1738661400.0,7.84680557420116e-06,7.84680557420116e-06,7.84680557420116e-06,7.84680557420116e-06,0.0
1738661460.0,7.84680557420116e-06,7.84680557420116e-06,7.84680557420116e-06,7.84680557420116e-06,0.0
1738661520.0,7.84680557420116e-06,7.84680557420116e-06,7.84680557420116e-06,7.84680557420116e-06,0.0
1738661580.0,7.84680557420116e-06,7.84680557420116e-06,7.84680557420116e-06,7.84680557420116e-06,0.0
1738661640.0,7.84680557420116e-06,7.84680557420116e-06,7.84680557420116e-06,7.84680557420116e-06,0.0
1738661700.0,7.84680557420116e-06,7.84680557420116e-06,7.84680557420116e-06,7.84680557420116e-06,0.0
1738661760.0,7.84680557420116e-06,7.84680557420116e-06,7.84680557420116e-06,7.84680557420116e-06,0.0
1738661820.0,7.84680557420116e-06,7.84680557420116e-06,7.84680557420116e-06,7.84680557420116e-06,0.0
1738661880.0,7.84680557420116e-06,7.84680557420116e-06,7.84680557420116e-06,7.84680557420116e-06,0.0
1738661940.0,7.84680557420116e-06,7.84680557420116e-06,7.84680557420116e-06,7.84680557420116e-06,0.0
1738662000.0,7.84680557420116e-06,7.84680557420116e-06,7.84680557420116e-06,7.84680557420116e-06,0.0
1738662060.0,7.84680557420116e-06,7.84680557420116e-06,7.84680557420116e-06,7.84680557420116e-06,0.0
1738662120.0,7.84680557420116e-06,7.84680557420116e-06,7.84680557420116e-06,7.84680557420116e-06,0.0
1738662180.0,7.84680557420116e-06,7.84680557420116e-06,7.84680557420116e-06,7.84680557420116e-06,0.0
1738662240.0,7.84680557420116e-06,7.84680557420116e-06,7.84680557420116e-06,7.84680557420116e-06,0.0
1738662300.0,7.84680557420116e-06,7.84680557420116e-06,7.84680557420116e-06,7.84680557420116e-06,0.0
1738662360.0,7.84680557420116e-06,7.84680557420116e-06,7.84680557420116e-06,7.84680557420116e-06,0.0
1738662420.0,7.84680557420116e-06,7.84680557420116e-06,7.84680557420116e-06,7.84680557420116e-06,0.0
1738662480.0,7.84680557420116e-06,7.84680557420116e-06,7.84680557420116e-06,7.84680557420116e-06,0.0
1738662540.0,7.84680557420116e-06,7.84680557420116e-06,7.84680557420116e-06,7.84680557420116e-06,0.0
1738662600.0,7.84680557420116e-06,7.84680557420116e-06,7.84680557420116e-06,7.84680557420116e-06,0.0
1738662660.0,7.84680557420116e-06,7.84680557420116e-06,7.84680557420116e-06,7.84680557420116e-06,0.0
1738662720.0,7.84680557420116e-06,7.84680557420116e-06,7.84680557420116e-06,7.84680557420116e-06,0.0
1738662780.0,7.84680557420116e-06,7.84680557420116e-06,7.84680557420116e-06,7.84680557420116e-06,0.0
1738662840.0,7.84680557420116e-06,7.84680557420116e-06,7.84680557420116e-06,7.84680557420116e-06,0.0
1738662900.0,7.84680557420116e-06,7.8668721587025e-06,7.84680557420116e-06,7.8668721587025e-06,0.35785220634
1738662960.0,7.8668721587025e-06,7.8668721587025e-06,7.8668721587025e-06,7.8668721587025e-06,0.0
1738663020.0,7.8668721587025e-06,7.8668721587025e-06,7.8668721587025e-06,7.8668721587025e-06,0.0
1738663080.0,7.8668721587025e-06,7.8668721587025e-06,7.8668721587025e-06,7.8668721587025e-06,0.0
1738663140.0,7.8668721587025e-06,7.8668721587025e-06,7.83550327060525e-06,7.83550327060525e-06,5.7620299792
1738663200.0,7.83550327060525e-06,7.83550327060525e-06,7.83550327060525e-06,7.83550327060525e-06,0.0
1738663260.0,7.83550327060525e-06,7.83550327060525e-06,7.83550327060525e-06,7.83550327060525e-06,0.0
1738663320.0,7.83550327060525e-06,7.83550327060525e-06,7.83550327060525e-06,7.83550327060525e-06,0.0
1738663380.0,7.83550327060525e-06,7.83550327060525e-06,7.83550327060525e-06,7.83550327060525e-06,0.0
1738663440.0,7.83550327060525e-06,7.83550327060525e-06,7.83550327060525e-06,7.83550327060525e-06,0.0
1738663500.0,7.83550327060525e-06,7.83550327060525e-06,7.83550327060525e-06,7.83550327060525e-06,0.0
1738663560.0,7.83550327060525e-06,7.83550327060525e-06,7.83550327060525e-06,7.83550327060525e-06,0.0
1738663620.0,7.83550327060525e-06,7.83550327060525e-06,7.83550327060525e-06,7.83550327060525e-06,0.0
1738663680.0,7.83550327060525e-06,7.83550327060525e-06,7.83550327060525e-06,7.83550327060525e-06,0.0
1738663740.0,7.83550327060525e-06,7.83550327060525e-06,7.83550327060525e-06,7.83550327060525e-06,0.0
1738663800.0,7.83550327060525e-06,7.83550327060525e-06,7.83550327060525e-06,7.83550327060525e-06,0.0
1738663860.0,7.83550327060525e-06,7.83550327060525e-06,7.83550327060525e-06,7.83550327060525e-06,0.0
1738663920.0,7.83550327060525e-06,7.83550327060525e-06,7.83550327060525e-06,7.83550327060525e-06,0.0
1738663980.0,7.83550327060525e-06,7.83550327060525e-06,7.83550327060525e-06,7.83550327060525e-06,0.0
1738664040.0,7.83550327060525e-06,7.83550327060525e-06,7.83550327060525e-06,7.83550327060525e-06,0.0
1738664100.0,7.83550327060525e-06,7.83550327060525e-06,7.83550327060525e-06,7.83550327060525e-06,0.0
1738664160.0,7.83550327060525e-06,7.83550327060525e-06,7.83550327060525e-06,7.83550327060525e-06,0.0
1738664220.0,7.83550327060525e-06,7.83550327060525e-06,7.83550327060525e-06,7.83550327060525e-06,0.0
1738664280.0,7.83550327060525e-06,7.83550327060525e-06,7.83550327060525e-06,7.83550327060525e-06,0.0
1738664340.0,7.83550327060525e-06,7.83550327060525e-06,7.83550327060525e-06,7.83550327060525e-06,0.0
1738664400.0,7.83550327060525e-06,7.90952289787456e-06,7.83550327060525e-06,7.90952289787456e-06,0.09583773315
1738664460.0,7.90952289787456e-06,7.90952289787456e-06,7.90952289787456e-06,7.90952289787456e-06,0.0
1738664520.0,7.90952289787456e-06,7.90952289787456e-06,7.90952289787456e-06,7.90952289787456e-06,0.0
1738664580.0,7.90952289787456e-06,7.90952289787456e-06,7.90952289787456e-06,7.90952289787456e-06,0.0
1738664640.0,7.90952289787456e-06,7.90952289787456e-06,7.90952289787456e-06,7.90952289787456e-06,0.0
1738664700.0,7.90952289787456e-06,7.90952289787456e-06,7.90952289787456e-06,7.90952289787456e-06,0.0
1738664760.0,7.90952289787456e-06,7.90952289787456e-06,7.90952289787456e-06,7.90952289787456e-06,0.0
1738664820.0,7.90952289787456e-06,7.90952289787456e-06,7.90952289787456e-06,7.90952289787456e-06,0.0
1738664880.0,7.90952289787456e-06,7.90952289787456e-06,7.90952289787456e-06,7.90952289787456e-06,0.0
1738664940.0,7.90952289787456e-06,7.93317471799765e-06,7.90952289787456e-06,7.93317471799765e-06,2.46939102717
1738665000.0,7.93317471799765e-06,7.93317471799765e-06,7.93317471799765e-06,7.93317471799765e-06,0.0
1738665060.0,7.93317471799765e-06,7.93317471799765e-06,7.93317471799765e-06,7.93317471799765e-06,0.0
1738665120.0,7.93317471799765e-06,7.93317471799765e-06,7.93317471799765e-06,7.93317471799765e-06,0.0
1738665180.0,7.93317471799765e-06,7.93317471799765e-06,7.93317471799765e-06,7.93317471799765e-06,0.0
1738665240.0,7.93317471799765e-06,7.93317471799765e-06,7.93317471799765e-06,7.93317471799765e-06,0.0
1738665300.0,7.93317471799765e-06,7.93317471799765e-06,7.93317471799765e-06,7.93317471799765e-06,0.0
1738665360.0,7.93317471799765e-06,7.93317471799765e-06,7.93317471799765e-06,7.93317471799765e-06,0.0
1738665420.0,7.93317471799765e-06,7.93317471799765e-06,7.93317471799765e-06,7.93317471799765e-06,0.0
1738665480.0,7.93317471799765e-06,7.93317471799765e-06,7.93317471799765e-06,7.93317471799765e-06,0.0
1738665540.0,7.93317471799765e-06,7.93317471799765e-06,7.93317471799765e-06,7.93317471799765e-06,0.0
1738665600.0,7.93317471799765e-06,7.93317471799765e-06,7.90742525128385e-06,7.90742525128385e-06,5.04014150185
1738665660.0,7.90742525128385e-06,7.90742525128385e-06,7.90742525128385e-06,7.90742525128385e-06,0.0
1738665720.0,7.90742525128385e-06,7.90742525128385e-06,7.90742525128385e-06,7.90742525128385e-06,0.0
1738665780.0,7.90742525128385e-06,7.90742525128385e-06,7.90742525128385e-06,7.90742525128385e-06,0.0
1738665840.0,7.90742525128385e-06,7.90742525128385e-06,7.90742525128385e-06,7.90742525128385e-06,0.0
1738665900.0,7.90742525128385e-06,7.90742525128385e-06,7.90742525128385e-06,7.90742525128385e-06,0.0
1738665960.0,7.90742525128385e-06,7.90742525128385e-06,7.62352626918269e-06,7.62352626918269e-06,199.40598462408
1738666020.0,7.62352626918269e-06,7.62352626918269e-06,7.31668771124703e-06,7.31668771124703e-06,15.37859469926
1738666080.0,7.31668771124703e-06,7.31668771124703e-06,7.31668771124703e-06,7.31668771124703e-06,0.0
1738666140.0,7.31668771124703e-06,7.31668771124703e-06,7.31668771124703e-06,7.31668771124703e-06,0.0
1738666200.0,7.31668771124703e-06,7.31668771124703e-06,7.31668771124703e-06,7.31668771124703e-06,0.0
1738666260.0,7.31668771124703e-06,7.31668771124703e-06,7.31668771124703e-06,7.31668771124703e-06,0.0
1738666320.0,7.31668771124703e-06,7.31668771124703e-06,7.31668771124703e-06,7.31668771124703e-06,0.0
1738666380.0,7.31668771124703e-06,7.31668771124703e-06,7.27396080570908e-06,7.27396080570908e-06,0.18541899012
1738666440.0,7.27396080570908e-06,7.27396080570908e-06,7.27396080570908e-06,7.27396080570908e-06,0.0
1738666500.0,7.27396080570908e-06,7.27396080570908e-06,7.27396080570908e-06,7.27396080570908e-06,0.0
1738666560.0,7.27396080570908e-06,7.27396080570908e-06,7.27396080570908e-06,7.27396080570908e-06,0.0
1738666620.0,7.27396080570908e-06,7.27396080570908e-06,7.27177773710026e-06,7.27177773710026e-06,1.5842719045
1738666680.0,7.27177773710026e-06,7.27177773710026e-06,7.2675745271711e-06,7.2675745271711e-06,2.5600954533
1738666740.0,7.2675745271711e-06,7.2675745271711e-06,7.2675745271711e-06,7.2675745271711e-06,0.0
1738666800.0,7.2675745271711e-06,7.2675745271711e-06,7.2675745271711e-06,7.2675745271711e-06,0.0
1738666860.0,7.2675745271711e-06,7.2675745271711e-06,7.2675745271711e-06,7.2675745271711e-06,0.0
1738666920.0,7.2675745271711e-06,7.2675745271711e-06,7.2675745271711e-06,7.2675745271711e-06,0.0
1738666980.0,7.2675745271711e-06,7.2675745271711e-06,7.2675745271711e-06,7.2675745271711e-06,0.0
1738667040.0,7.2675745271711e-06,7.2675745271711e-06,7.2675745271711e-06,7.2675745271711e-06,0.0
1738667100.0,7.2675745271711e-06,7.2675745271711e-06,7.2675745271711e-06,7.2675745271711e-06,0.0
1738667160.0,7.2675745271711e-06,7.2675745271711e-06,7.2675745271711e-06,7.2675745271711e-06,0.0
1738667220.0,7.2675745271711e-06,7.2675745271711e-06,7.2675745271711e-06,7.2675745271711e-06,0.0
1738667280.0,7.2675745271711e-06,7.2675745271711e-06,7.2675745271711e-06,7.2675745271711e-06,0.0
1738667340.0,7.2675745271711e-06,7.2675745271711e-06,7.2675745271711e-06,7.2675745271711e-06,0.0
1738667400.0,7.2675745271711e-06,7.2675745271711e-06,7.2675745271711e-06,7.2675745271711e-06,0.0
1738667460.0,7.2675745271711e-06,7.2675745271711e-06,7.2675745271711e-06,7.2675745271711e-06,0.0
1738667520.0,7.2675745271711e-06,7.2675745271711e-06,7.2675745271711e-06,7.2675745271711e-06,0.0
1738667580.0,7.2675745271711e-06,7.2675745271711e-06,7.2675745271711e-06,7.2675745271711e-06,0.0
1738667640.0,7.2675745271711e-06,7.2675745271711e-06,7.2675745271711e-06,7.2675745271711e-06,0.0
1738667700.0,7.2675745271711e-06,7.2675745271711e-06,7.2675745271711e-06,7.2675745271711e-06,0.0
1738667760.0,7.2675745271711e-06,7.2675745271711e-06,7.2675745271711e-06,7.2675745271711e-06,0.0
1738667820.0,7.2675745271711e-06,7.2675745271711e-06,7.2675745271711e-06,7.2675745271711e-06,0.0
1738667880.0,7.2675745271711e-06,7.2675745271711e-06,7.2675745271711e-06,7.2675745271711e-06,0.0
1738667940.0,7.2675745271711e-06,7.2675745271711e-06,7.2675745271711e-06,7.2675745271711e-06,0.0
1738668000.0,7.2675745271711e-06,7.2675745271711e-06,7.2675745271711e-06,7.2675745271711e-06,0.0
1738668060.0,7.2675745271711e-06,7.2675745271711e-06,7.2675745271711e-06,7.2675745271711e-06,0.0
1738668120.0,7.2675745271711e-06,7.2675745271711e-06,7.2675745271711e-06,7.2675745271711e-06,0.0
1738668180.0,7.2675745271711e-06,7.2675745271711e-06,7.2675745271711e-06,7.2675745271711e-06,0.0
1738668240.0,7.2675745271711e-06,7.33632220602478e-06,7.2675745271711e-06,7.33632220602478e-06,0.2194991074
1738668300.0,7.33632220602478e-06,7.33887977890288e-06,7.33632220602478e-06,7.33887977890288e-06,0.18949036378
1738668360.0,7.33887977890288e-06,7.33887977890288e-06,7.33887977890288e-06,7.33887977890288e-06,0.0
1738668420.0,7.33887977890288e-06,7.33887977890288e-06,7.33887977890288e-06,7.33887977890288e-06,0.0
