0,1,2,3,4,5
1731527160.0,8.31766639468161e-05,9.255635684500192e-05,7.931476137003269e-05,8.748775556013422e-05,4951.583136232373
1731527220.0,8.748775556013422e-05,0.0001690772286004,7.881908775885524e-05,8.96731917833736e-05,113327.93203982188
1731527280.0,8.96731917833736e-05,0.000123603181874,5.16859986693605e-05,6.99291823358931e-05,46052.74697550551
1731527340.0,6.99291823358931e-05,0.0001534280308322,6.660337122302577e-05,9.240892824536012e-05,54368.13943265518
1731527400.0,9.240892824536012e-05,0.0001005647475543,7.286263067685037e-05,9.794123558117752e-05,14180.356540452727
1731527460.0,9.794123558117752e-05,9.79534590743546e-05,5.019701140314666e-05,5.0677247458895934e-05,11800.86431265988
1731527520.0,5.0677247458895934e-05,5.3015228835191694e-05,3.766452983182812e-05,4.986264725528236e-05,12576.854728529765
1731527580.0,4.986264725528236e-05,0.0001033272529222,4.798817082878152e-05,8.93596332811465e-05,32984.74110145544
1731527640.0,8.93596332811465e-05,8.93596332811465e-05,7.122344898457107e-05,7.304273150737455e-05,14323.908013764109
1731527700.0,7.304273150737455e-05,7.304273150737455e-05,3.8182185583375823e-05,4.406583473053557e-05,16108.759053369677
1731527760.0,4.406583473053557e-05,4.476503746166571e-05,2.8854921173171036e-05,2.8993508480367e-05,5044.317929673606
1731527820.0,2.8993508480367e-05,4.2118951435419205e-05,2.45679971902768e-05,3.6053247705846634e-05,8611.436748298043
1731527880.0,3.6053247705846634e-05,3.891027777832071e-05,3.407435609539569e-05,3.4578808756432335e-05,3451.9017824472858
1731527940.0,3.4578808756432335e-05,3.530897860464295e-05,2.599195499050029e-05,2.926098883184891e-05,3619.5190189607456
1731528000.0,2.926098883184891e-05,3.403761217768717e-05,2.916716389848943e-05,3.403761217768717e-05,947.354183606016
1731528060.0,3.403761217768717e-05,4.701739327451575e-05,3.403761217768717e-05,4.6413449677637504e-05,2141.87166578088
1731528120.0,4.6413449677637504e-05,4.6413449677637504e-05,2.8707676030759423e-05,2.8707676030759423e-05,3148.5106381555443
1731528180.0,2.8707676030759423e-05,3.8111483418482214e-05,2.8397924836963464e-05,3.697577294846241e-05,2277.363811595375
1731528240.0,3.697577294846241e-05,3.697577294846241e-05,3.1466000286060055e-05,3.229572297860094e-05,2145.511655576709
1731528300.0,3.229572297860094e-05,3.2571474315721645e-05,2.987793554148423e-05,2.987793554148423e-05,1029.6356534678494
1731528360.0,2.987793554148423e-05,2.987793554148423e-05,2.7077376103936056e-05,2.7492607515169136e-05,779.0897779214864
1731528420.0,2.7492607515169136e-05,2.9820837215881744e-05,2.747042428336816e-05,2.9820837215881744e-05,1024.5229670033532
1731528480.0,2.9820837215881744e-05,4.398605202355387e-05,2.9820837215881744e-05,3.60554336628274e-05,3899.782760115875
1731528540.0,3.60554336628274e-05,3.90527764426008e-05,3.60554336628274e-05,3.90527764426008e-05,575.9590790569669
1731528600.0,3.90527764426008e-05,3.90527764426008e-05,3.8618399796713275e-05,3.867141467557286e-05,107.25684776903827
1731528660.0,3.867141467557286e-05,3.867141467557286e-05,3.2218635339275394e-05,3.2218635339275394e-05,1671.7845479496896
1731528720.0,3.2218635339275394e-05,3.2218635339275394e-05,2.8341334138822383e-05,2.8341334138822383e-05,764.76060455017
1731528780.0,2.8341334138822383e-05,3.2933548895453366e-05,2.8051825934710252e-05,3.2933548895453366e-05,2494.144477129345
1731528840.0,3.2933548895453366e-05,3.3587834280053694e-05,3.001503666939132e-05,3.26222934381802e-05,968.8250229245436
1731528900.0,3.26222934381802e-05,3.26222934381802e-05,3.0414757859455717e-05,3.0414757859455717e-05,465.2932087757699
1731528960.0,3.0414757859455717e-05,3.645190220173396e-05,2.837087188402344e-05,3.645190220173396e-05,2934.6089542104837
1731529020.0,3.645190220173396e-05,3.8311572691502754e-05,3.5407084745999885e-05,3.5407084745999885e-05,1634.713757652866
1731529080.0,3.5407084745999885e-05,3.712364987101947e-05,3.5407084745999885e-05,3.6896326037869914e-05,1013.0099736472472
1731529140.0,3.6896326037869914e-05,3.774525593798758e-05,3.664856408387297e-05,3.664856408387297e-05,255.8783566553531
1731529200.0,3.664856408387297e-05,3.776193354183101e-05,3.4277891563522544e-05,3.776193354183101e-05,1339.4228095104802
1731529260.0,3.776193354183101e-05,4.21700741878483e-05,3.776193354183101e-05,4.033533698120541e-05,923.8671386595576
1731529320.0,4.033533698120541e-05,4.5091756940197e-05,3.9959817156386625e-05,4.4028760508665265e-05,2436.507985614827
1731529380.0,4.4028760508665265e-05,4.9480325539059136e-05,4.0039771839161866e-05,4.111537703359727e-05,10497.439313238065
1731529440.0,4.111537703359727e-05,7.83519653779849e-05,3.387026695483888e-05,3.387026695483888e-05,15963.924671317864
1731529500.0,3.387026695483888e-05,3.387026695483888e-05,2.9548775499311647e-05,3.3215566481063094e-05,1973.0025032276596
1731529560.0,3.3215566481063094e-05,3.5189755965564044e-05,3.30207605067755e-05,3.5027867772071385e-05,694.8043650919927
1731529620.0,3.5027867772071385e-05,3.5027867772071385e-05,3.2859953660094875e-05,3.2859953660094875e-05,621.411590259887
1731529680.0,3.2859953660094875e-05,3.30021350365153e-05,3.139495524270255e-05,3.139495524270255e-05,349.7326725769126
1731529740.0,3.139495524270255e-05,3.14246732495191e-05,2.159603435608217e-05,2.159603435608217e-05,1884.0748352135847
1731529800.0,2.159603435608217e-05,2.159603435608217e-05,1.564736895555362e-05,1.564736895555362e-05,2133.494399648254
1731529860.0,1.564736895555362e-05,1.5680690131784327e-05,1.507175529419763e-05,1.507175529419763e-05,258.07149688851655
1731529920.0,1.507175529419763e-05,1.507175529419763e-05,1.4481475645811889e-05,1.4481475645811889e-05,23.077741892792933
1731529980.0,1.4481475645811889e-05,1.4619407902061336e-05,1.4323761639268486e-05,1.441017033625733e-05,253.41656006848677
1731530040.0,1.441017033625733e-05,1.441017033625733e-05,1.1797177285306892e-05,1.1797177285306892e-05,673.0357129445039
1731530100.0,1.1797177285306892e-05,1.1797177285306892e-05,1.15952272980795e-05,1.15952272980795e-05,49.34074557919243
1731530160.0,1.15952272980795e-05,1.217879601724256e-05,1.072824658599307e-05,1.2092021475024455e-05,965.57761793922
1731530220.0,1.2092021475024455e-05,1.2092021475024455e-05,1.2092021475024455e-05,1.2092021475024455e-05,0.0
1731530280.0,1.2092021475024455e-05,1.24032211479203e-05,1.0823349777974318e-05,1.0823349777974318e-05,1346.0208385329108
1731530340.0,1.0823349777974318e-05,1.0823349777974318e-05,1.0762399963572464e-05,1.0762399963572464e-05,16.506655096738143
1731530400.0,1.0762399963572464e-05,1.1329526802073075e-05,1.0762399963572464e-05,1.1329526802073075e-05,316.8851908587657
1731530460.0,1.1329526802073075e-05,1.1554972102525678e-05,1.0839424310560472e-05,1.1554972102525678e-05,553.6404302913243
1731530520.0,1.1554972102525678e-05,1.1619111795802525e-05,1.1554972102525678e-05,1.1619111795802525e-05,4.273257008065991
1731530580.0,1.1619111795802525e-05,1.2002891992640918e-05,1.1619111795802525e-05,1.2002891992640918e-05,141.96316920740134
1731530640.0,1.2002891992640918e-05,1.2002891992640918e-05,1.2002891992640918e-05,1.2002891992640918e-05,0.0
1731530700.0,1.2002891992640918e-05,1.2002891992640918e-05,1.2002891992640918e-05,1.2002891992640918e-05,0.0
1731530760.0,1.2002891992640918e-05,1.2002891992640918e-05,1.1240780395574262e-05,1.1240780395574262e-05,416.6887756403882
1731530820.0,1.1240780395574262e-05,1.1240780395574262e-05,8.84179842232574e-06,8.84179842232574e-06,543.3284866466521
1731530880.0,8.84179842232574e-06,9.047785452839622e-06,8.663564954581518e-06,9.047785452839622e-06,274.8605024453938
1731530940.0,9.047785452839622e-06,9.047785452839622e-06,8.431741873172982e-06,8.431741873172982e-06,249.06913473418635
1731531000.0,8.431741873172982e-06,8.431741873172982e-06,8.078529946647901e-06,8.078529946647901e-06,72.9524883075666
1731531060.0,8.078529946647901e-06,8.078529946647901e-06,8.05776554716002e-06,8.05776554716002e-06,3.332181159410988
1731531120.0,8.05776554716002e-06,8.05776554716002e-06,8.03859596674038e-06,8.03859596674038e-06,0.3085756154787387
1731531180.0,8.03859596674038e-06,8.03859596674038e-06,7.9114136616026e-06,7.9114136616026e-06,82.0848317164014
1731531240.0,7.9114136616026e-06,7.9114136616026e-06,7.652058150384487e-06,7.652058150384487e-06,96.24184294031642
1731531300.0,7.652058150384487e-06,7.652058150384487e-06,7.652058150384487e-06,7.652058150384487e-06,0.0
1731531360.0,7.652058150384487e-06,7.652058150384487e-06,7.652058150384487e-06,7.652058150384487e-06,0.0
1731531420.0,7.652058150384487e-06,7.652058150384487e-06,7.652058150384487e-06,7.652058150384487e-06,0.0
1731531480.0,7.652058150384487e-06,7.652058150384487e-06,7.459154872902754e-06,7.459154872902754e-06,7.591070132093632
1731531540.0,7.459154872902754e-06,7.459154872902754e-06,7.459154872902754e-06,7.459154872902754e-06,0.0
1731531600.0,7.459154872902754e-06,7.459154872902754e-06,7.459154872902754e-06,7.459154872902754e-06,0.0
1731531660.0,7.459154872902754e-06,7.459154872902754e-06,7.459154872902754e-06,7.459154872902754e-06,0.0
1731531720.0,7.459154872902754e-06,7.459154872902754e-06,7.411861382975781e-06,7.411861382975781e-06,6.251356598797731
1731531780.0,7.411861382975781e-06,7.411861382975781e-06,7.297289170137988e-06,7.297289170137988e-06,73.32015663529049
1731531840.0,7.297289170137988e-06,7.297289170137988e-06,7.297289170137988e-06,7.297289170137988e-06,0.0
1731531900.0,7.297289170137988e-06,7.297289170137988e-06,7.297289170137988e-06,7.297289170137988e-06,0.0
1731531960.0,7.297289170137988e-06,7.297289170137988e-06,7.014851482461493e-06,7.014851482461493e-06,64.1145023383013
1731532020.0,7.014851482461493e-06,7.014851482461493e-06,7.014851482461493e-06,7.014851482461493e-06,0.0
1731532080.0,7.014851482461493e-06,7.014851482461493e-06,6.961534885516463e-06,6.961534885516463e-06,7.436401864643377
1731532140.0,6.961534885516463e-06,6.961534885516463e-06,6.961534885516463e-06,6.961534885516463e-06,0.0
1731532200.0,6.961534885516463e-06,6.961534885516463e-06,6.961534885516463e-06,6.961534885516463e-06,0.0
1731532260.0,6.961534885516463e-06,6.961534885516463e-06,6.787752123849371e-06,6.787752123849371e-06,105.72278076737354
1731532320.0,6.787752123849371e-06,6.787752123849371e-06,6.675948605588334e-06,6.675948605588334e-06,0.1571512014013299
1731532380.0,6.675948605588334e-06,6.675948605588334e-06,6.675948605588334e-06,6.675948605588334e-06,0.0
1731532440.0,6.675948605588334e-06,6.675948605588334e-06,6.675948605588334e-06,6.675948605588334e-06,0.0
1731532500.0,6.675948605588334e-06,6.675948605588334e-06,6.675948605588334e-06,6.675948605588334e-06,0.0
1731532560.0,6.675948605588334e-06,6.675948605588334e-06,6.649542453174364e-06,6.658191719028054e-06,4.677187168495424
1731532620.0,6.658191719028054e-06,6.658191719028054e-06,6.616375252972542e-06,6.616375252972542e-06,10.080067795480934
1731532680.0,6.616375252972542e-06,6.616375252972542e-06,6.616375252972542e-06,6.616375252972542e-06,0.0
1731532740.0,6.616375252972542e-06,6.616375252972542e-06,6.616375252972542e-06,6.616375252972542e-06,0.0
1731532800.0,6.616375252972542e-06,6.616375252972542e-06,6.616375252972542e-06,6.616375252972542e-06,0.0
1731532860.0,6.616375252972542e-06,6.616375252972542e-06,6.616375252972542e-06,6.616375252972542e-06,0.0
1731532920.0,6.616375252972542e-06,6.616375252972542e-06,6.616375252972542e-06,6.616375252972542e-06,0.0
1731532980.0,6.616375252972542e-06,6.616375252972542e-06,6.616375252972542e-06,6.616375252972542e-06,0.0
1731533040.0,6.616375252972542e-06,6.616375252972542e-06,6.616375252972542e-06,6.616375252972542e-06,0.0
1731533100.0,6.616375252972542e-06,6.616375252972542e-06,6.616375252972542e-06,6.616375252972542e-06,0.0
1731533160.0,6.616375252972542e-06,6.616375252972542e-06,6.616375252972542e-06,6.616375252972542e-06,0.0
1731533220.0,6.616375252972542e-06,6.616375252972542e-06,6.616375252972542e-06,6.616375252972542e-06,0.0
1731533280.0,6.616375252972542e-06,6.691694048959961e-06,6.616375252972542e-06,6.691694048959961e-06,20.90496094107632
1731533340.0,6.691694048959961e-06,6.691694048959961e-06,6.691694048959961e-06,6.691694048959961e-06,0.0
1731533400.0,6.691694048959961e-06,6.691694048959961e-06,6.691694048959961e-06,6.691694048959961e-06,0.0
1731533460.0,6.691694048959961e-06,6.691694048959961e-06,6.691694048959961e-06,6.691694048959961e-06,0.0
1731533520.0,6.691694048959961e-06,6.691694048959961e-06,6.691694048959961e-06,6.691694048959961e-06,0.0
1731533580.0,6.691694048959961e-06,6.732815663041842e-06,6.691694048959961e-06,6.732815663041842e-06,1.5411743298136094
1731533640.0,6.732815663041842e-06,6.732815663041842e-06,6.732815663041842e-06,6.732815663041842e-06,0.0
1731533700.0,6.732815663041842e-06,6.768706762007218e-06,6.732815663041842e-06,6.768706762007218e-06,2.0849812534334404
1731533760.0,6.768706762007218e-06,6.768706762007218e-06,6.768706762007218e-06,6.768706762007218e-06,0.0
1731533820.0,6.768706762007218e-06,6.768706762007218e-06,6.768706762007218e-06,6.768706762007218e-06,0.0
1731533880.0,6.768706762007218e-06,6.768706762007218e-06,6.768706762007218e-06,6.768706762007218e-06,0.0
1731533940.0,6.768706762007218e-06,6.768706762007218e-06,6.768706762007218e-06,6.768706762007218e-06,0.0
1731534000.0,6.768706762007218e-06,6.768706762007218e-06,6.768706762007218e-06,6.768706762007218e-06,0.0
1731534060.0,6.768706762007218e-06,6.768706762007218e-06,6.768706762007218e-06,6.768706762007218e-06,0.0
1731534120.0,6.768706762007218e-06,6.768706762007218e-06,6.768706762007218e-06,6.768706762007218e-06,0.0
1731534180.0,6.768706762007218e-06,6.768706762007218e-06,6.768706762007218e-06,6.768706762007218e-06,0.0
1731534240.0,6.768706762007218e-06,6.768706762007218e-06,6.768706762007218e-06,6.768706762007218e-06,0.0
1731534300.0,6.768706762007218e-06,6.768706762007218e-06,6.581697849645154e-06,6.581697849645154e-06,131.1072456211641
1731534360.0,6.581697849645154e-06,6.581697849645154e-06,6.581697849645154e-06,6.581697849645154e-06,0.0
1731534420.0,6.581697849645154e-06,6.581697849645154e-06,6.581697849645154e-06,6.581697849645154e-06,0.0
1731534480.0,6.581697849645154e-06,6.581697849645154e-06,6.581697849645154e-06,6.581697849645154e-06,0.0
1731534540.0,6.581697849645154e-06,8.227385238943044e-06,6.581697849645154e-06,8.227385238943044e-06,846.6383832903451
1731534600.0,8.227385238943044e-06,9.12931026212978e-06,8.227385238943044e-06,9.12931026212978e-06,133.2657901858059
1731534660.0,9.12931026212978e-06,9.314054985209153e-06,9.12931026212978e-06,9.314054985209153e-06,10.144988333675922
1731534720.0,9.314054985209153e-06,9.665108904456992e-06,9.314054985209153e-06,9.665108904456992e-06,211.5272784185084
1731534780.0,9.665108904456992e-06,1.09606850862348e-05,9.665108904456992e-06,1.09606850862348e-05,576.1097905769851
1731534840.0,1.09606850862348e-05,1.1869569829958456e-05,1.09606850862348e-05,1.1869569829958456e-05,36.58481492127845
1731534900.0,1.1869569829958456e-05,1.1869569829958456e-05,1.1869569829958456e-05,1.1869569829958456e-05,0.0
1731534960.0,1.1869569829958456e-05,1.1869569829958456e-05,1.1869569829958456e-05,1.1869569829958456e-05,0.0
1731535020.0,1.1869569829958456e-05,1.1869569829958456e-05,1.1869569829958456e-05,1.1869569829958456e-05,0.0
1731535080.0,1.1869569829958456e-05,1.1869569829958456e-05,1.1869569829958456e-05,1.1869569829958456e-05,0.0
1731535140.0,1.1869569829958456e-05,1.1869569829958456e-05,1.1869569829958456e-05,1.1869569829958456e-05,0.0
1731535200.0,1.1869569829958456e-05,1.1869569829958456e-05,1.1869569829958456e-05,1.1869569829958456e-05,0.0
1731535260.0,1.1869569829958456e-05,1.2949712636632484e-05,1.1869569829958456e-05,1.2949712636632484e-05,420.43853146289706
1731535320.0,1.2949712636632484e-05,1.3749208189015123e-05,1.2949712636632484e-05,1.3749208189015123e-05,210.18574618931612
1731535380.0,1.3749208189015123e-05,1.4368097022288565e-05,1.3749208189015123e-05,1.4368097022288565e-05,105.08873069070722
1731535440.0,1.4368097022288565e-05,1.7075306084056116e-05,1.4368097022288565e-05,1.7075306084056116e-05,667.1381349434818
1731535500.0,1.7075306084056116e-05,1.7075306084056116e-05,1.7075306084056116e-05,1.7075306084056116e-05,0.0
1731535560.0,1.7075306084056116e-05,1.7181963986164077e-05,1.7075306084056116e-05,1.7181963986164077e-05,23.23491551817611
1731535620.0,1.7181963986164077e-05,1.7455910766736877e-05,1.6512062797620684e-05,1.6512062797620684e-05,604.0491884792696
1731535680.0,1.6512062797620684e-05,1.6512062797620684e-05,1.42276821160352e-05,1.42276821160352e-05,469.91021302338174
1731535740.0,1.42276821160352e-05,1.430893365399581e-05,1.4106388177310555e-05,1.4106388177310555e-05,105.26143079142138
1731535800.0,1.4106388177310555e-05,1.4106388177310555e-05,1.4106388177310555e-05,1.4106388177310555e-05,0.0
1731535860.0,1.4106388177310555e-05,1.4106388177310555e-05,1.295727232684308e-05,1.295727232684308e-05,516.0242194685516
1731535920.0,1.295727232684308e-05,1.295727232684308e-05,1.295727232684308e-05,1.295727232684308e-05,0.0
1731535980.0,1.295727232684308e-05,1.295727232684308e-05,1.1263127136188467e-05,1.1263127136188467e-05,259.69295607278
1731536040.0,1.1263127136188467e-05,1.1382707032851054e-05,1.1263127136188467e-05,1.1382707032851054e-05,106.19901141584658
1731536100.0,1.1382707032851054e-05,1.1496866983894532e-05,1.1358603052675929e-05,1.1358603052675929e-05,78.72451430033036
1731536160.0,1.1358603052675929e-05,1.1358603052675929e-05,1.123775379707253e-05,1.123775379707253e-05,0.5532755449243303
1731536220.0,1.123775379707253e-05,1.123775379707253e-05,1.123775379707253e-05,1.123775379707253e-05,0.0
1731536280.0,1.123775379707253e-05,1.123775379707253e-05,1.123775379707253e-05,1.123775379707253e-05,0.0
1731536340.0,1.123775379707253e-05,1.123775379707253e-05,1.123775379707253e-05,1.123775379707253e-05,0.0
1731536400.0,1.123775379707253e-05,1.123775379707253e-05,1.123775379707253e-05,1.123775379707253e-05,0.0
1731536460.0,1.123775379707253e-05,1.123775379707253e-05,1.123775379707253e-05,1.123775379707253e-05,0.0
1731536520.0,1.123775379707253e-05,1.123775379707253e-05,1.123775379707253e-05,1.123775379707253e-05,0.0
1731536580.0,1.123775379707253e-05,1.123775379707253e-05,1.123775379707253e-05,1.123775379707253e-05,0.0
1731536640.0,1.123775379707253e-05,1.123775379707253e-05,1.097613772182143e-05,1.097613772182143e-05,82.66860249657292
1731536700.0,1.097613772182143e-05,1.097613772182143e-05,1.0576875354738276e-05,1.0576875354738276e-05,231.48188810659653
1731536760.0,1.0576875354738276e-05,1.0576875354738276e-05,1.0576875354738276e-05,1.0576875354738276e-05,0.0
1731536820.0,1.0576875354738276e-05,1.0576875354738276e-05,1.0192371353063222e-05,1.0192371353063222e-05,4.281273450011752
1731536880.0,1.0192371353063222e-05,1.0192371353063222e-05,1.0192371353063222e-05,1.0192371353063222e-05,0.0
1731536940.0,1.0192371353063222e-05,1.0192371353063222e-05,1.0169215264220246e-05,1.0169215264220246e-05,14.016589657708154
1731537000.0,1.0169215264220246e-05,1.0169215264220246e-05,1.014576873940341e-05,1.014576873940341e-05,1.214262328549001
1731537060.0,1.014576873940341e-05,1.014576873940341e-05,1.014576873940341e-05,1.014576873940341e-05,0.0
1731537120.0,1.014576873940341e-05,1.014576873940341e-05,1.014576873940341e-05,1.014576873940341e-05,0.0
1731537180.0,1.014576873940341e-05,1.014576873940341e-05,1.014576873940341e-05,1.014576873940341e-05,0.0
1731537240.0,1.014576873940341e-05,1.014576873940341e-05,1.014576873940341e-05,1.014576873940341e-05,0.0
1731537300.0,1.014576873940341e-05,1.014576873940341e-05,1.014576873940341e-05,1.014576873940341e-05,0.0
1731537360.0,1.014576873940341e-05,1.014576873940341e-05,1.014576873940341e-05,1.014576873940341e-05,0.0
1731537420.0,1.014576873940341e-05,1.014576873940341e-05,1.014576873940341e-05,1.014576873940341e-05,0.0
1731537480.0,1.014576873940341e-05,1.014576873940341e-05,1.014576873940341e-05,1.014576873940341e-05,0.0
1731537540.0,1.014576873940341e-05,1.014576873940341e-05,1.014576873940341e-05,1.014576873940341e-05,0.0
1731537600.0,1.014576873940341e-05,1.014576873940341e-05,1.014576873940341e-05,1.014576873940341e-05,0.0
1731537660.0,1.014576873940341e-05,1.014576873940341e-05,1.014576873940341e-05,1.014576873940341e-05,0.0
1731537720.0,1.014576873940341e-05,1.014576873940341e-05,1.014576873940341e-05,1.014576873940341e-05,0.0
1731537780.0,1.014576873940341e-05,1.014576873940341e-05,1.014576873940341e-05,1.014576873940341e-05,0.0
1731537840.0,1.014576873940341e-05,1.014576873940341e-05,1.014576873940341e-05,1.014576873940341e-05,0.0
1731537900.0,1.014576873940341e-05,1.014576873940341e-05,1.014576873940341e-05,1.014576873940341e-05,0.0
1731537960.0,1.014576873940341e-05,1.014576873940341e-05,1.014576873940341e-05,1.014576873940341e-05,0.0
1731538020.0,1.014576873940341e-05,1.014576873940341e-05,1.0145020002453395e-05,1.0145020002453395e-05,0.0015357976544641
1731538080.0,1.0145020002453395e-05,1.0145020002453395e-05,1.0145020002453395e-05,1.0145020002453395e-05,0.0
1731538140.0,1.0145020002453395e-05,1.0145020002453395e-05,1.0145020002453395e-05,1.0145020002453395e-05,0.0
1731538200.0,1.0145020002453395e-05,1.0145020002453395e-05,1.0139406285488614e-05,1.0139406285488614e-05,6.53840310897959
1731538260.0,1.0139406285488614e-05,1.0139406285488614e-05,1.0122771956212836e-05,1.0122771956212836e-05,2.893473811622581
1731538320.0,1.0122771956212836e-05,1.0344639019961943e-05,1.0122771956212836e-05,1.0344639019961943e-05,106.64128228447812
1731538380.0,1.0344639019961943e-05,1.0344639019961943e-05,1.0344639019961943e-05,1.0344639019961943e-05,0.0
1731538440.0,1.0344639019961943e-05,1.0344639019961943e-05,1.0344639019961943e-05,1.0344639019961943e-05,0.0
1731538500.0,1.0344639019961943e-05,1.0344639019961943e-05,1.0344639019961943e-05,1.0344639019961943e-05,0.0
1731538560.0,1.0344639019961943e-05,1.0344639019961943e-05,1.0344639019961943e-05,1.0344639019961943e-05,0.0
1731538620.0,1.0344639019961943e-05,1.0533725525684064e-05,1.0344639019961943e-05,1.0533725525684064e-05,4.528954803410278
1731538680.0,1.0533725525684064e-05,1.0533725525684064e-05,1.0533725525684064e-05,1.0533725525684064e-05,0.0
1731538740.0,1.0533725525684064e-05,1.0533725525684064e-05,1.0533725525684064e-05,1.0533725525684064e-05,0.0
1731538800.0,1.0533725525684064e-05,1.0533725525684064e-05,1.0533725525684064e-05,1.0533725525684064e-05,0.0
1731538860.0,1.0533725525684064e-05,1.0533725525684064e-05,1.0533725525684064e-05,1.0533725525684064e-05,0.0
1731538920.0,1.0533725525684064e-05,1.0533725525684064e-05,1.0533725525684064e-05,1.0533725525684064e-05,0.0
1731538980.0,1.0533725525684064e-05,1.0533725525684064e-05,1.0533725525684064e-05,1.0533725525684064e-05,0.0
1731539040.0,1.0533725525684064e-05,1.0533725525684064e-05,1.0435584733765962e-05,1.0435584733765962e-05,12.828987941661673
1731539100.0,1.0435584733765962e-05,1.0435584733765962e-05,1.0399164357888353e-05,1.0399164357888353e-05,8.51917173850594
1731539160.0,1.0399164357888353e-05,1.0399164357888353e-05,1.0399164357888353e-05,1.0399164357888353e-05,0.0
1731539220.0,1.0399164357888353e-05,1.0399164357888353e-05,1.0399164357888353e-05,1.0399164357888353e-05,0.0
1731539280.0,1.0399164357888353e-05,1.0399164357888353e-05,1.0399164357888353e-05,1.0399164357888353e-05,0.0
1731539340.0,1.0399164357888353e-05,1.0399164357888353e-05,1.0399164357888353e-05,1.0399164357888353e-05,0.0
1731539400.0,1.0399164357888353e-05,1.0399164357888353e-05,1.0399164357888353e-05,1.0399164357888353e-05,0.0
1731539460.0,1.0399164357888353e-05,1.0399164357888353e-05,1.0399164357888353e-05,1.0399164357888353e-05,0.0
1731539520.0,1.0399164357888353e-05,1.0399164357888353e-05,9.893004903275936e-06,9.893004903275936e-06,298.6306042467684
1731539580.0,9.893004903275936e-06,9.893004903275936e-06,9.893004903275936e-06,9.893004903275936e-06,0.0
1731539640.0,9.893004903275936e-06,9.893004903275936e-06,9.893004903275936e-06,9.893004903275936e-06,0.0
1731539700.0,9.893004903275936e-06,9.893004903275936e-06,9.44859080292511e-06,9.44859080292511e-06,16.759265840907723
1731539760.0,9.44859080292511e-06,9.44859080292511e-06,9.44859080292511e-06,9.44859080292511e-06,0.0
1731539820.0,9.44859080292511e-06,9.44859080292511e-06,9.44859080292511e-06,9.44859080292511e-06,0.0
1731539880.0,9.44859080292511e-06,9.44859080292511e-06,9.44859080292511e-06,9.44859080292511e-06,0.0
1731539940.0,9.44859080292511e-06,9.44859080292511e-06,9.44859080292511e-06,9.44859080292511e-06,0.0
1731540000.0,9.44859080292511e-06,9.44859080292511e-06,9.44859080292511e-06,9.44859080292511e-06,0.0
1731540060.0,9.44859080292511e-06,9.44859080292511e-06,9.44859080292511e-06,9.44859080292511e-06,0.0
1731540120.0,9.44859080292511e-06,9.44859080292511e-06,9.44859080292511e-06,9.44859080292511e-06,0.0
1731540180.0,9.44859080292511e-06,9.44859080292511e-06,9.44859080292511e-06,9.44859080292511e-06,0.0
1731540240.0,9.44859080292511e-06,9.44859080292511e-06,9.44859080292511e-06,9.44859080292511e-06,0.0
1731540300.0,9.44859080292511e-06,9.44859080292511e-06,9.44859080292511e-06,9.44859080292511e-06,0.0
1731540360.0,9.44859080292511e-06,9.44859080292511e-06,9.37210099019963e-06,9.37210099019963e-06,84.20426830738053
1731540420.0,9.37210099019963e-06,9.37210099019963e-06,9.37210099019963e-06,9.37210099019963e-06,0.0
1731540480.0,9.37210099019963e-06,9.37210099019963e-06,8.886676775981478e-06,8.886676775981478e-06,228.6209424012392
1731540540.0,8.886676775981478e-06,8.886676775981478e-06,8.886676775981478e-06,8.886676775981478e-06,0.0
1731540600.0,8.886676775981478e-06,8.886676775981478e-06,8.886676775981478e-06,8.886676775981478e-06,0.0
1731540660.0,8.886676775981478e-06,8.886676775981478e-06,8.886676775981478e-06,8.886676775981478e-06,0.0
1731540720.0,8.886676775981478e-06,8.886676775981478e-06,8.886676775981478e-06,8.886676775981478e-06,0.0
1731540780.0,8.886676775981478e-06,8.886676775981478e-06,8.886676775981478e-06,8.886676775981478e-06,0.0
1731540840.0,8.886676775981478e-06,8.886676775981478e-06,8.679326740915897e-06,8.679326740915897e-06,57.56625711863767
1731540900.0,8.679326740915897e-06,8.679326740915897e-06,8.679326740915897e-06,8.679326740915897e-06,0.0
1731540960.0,8.679326740915897e-06,8.679326740915897e-06,8.679326740915897e-06,8.679326740915897e-06,0.0
1731541020.0,8.679326740915897e-06,8.679326740915897e-06,8.655353156727389e-06,8.655353156727389e-06,50.09640198996727
1731541080.0,8.655353156727389e-06,8.655353156727389e-06,8.655353156727389e-06,8.655353156727389e-06,0.0
1731541140.0,8.655353156727389e-06,8.655353156727389e-06,8.655353156727389e-06,8.655353156727389e-06,0.0
1731541200.0,8.655353156727389e-06,8.655353156727389e-06,8.655353156727389e-06,8.655353156727389e-06,0.0
1731541260.0,8.655353156727389e-06,8.655353156727389e-06,8.655353156727389e-06,8.655353156727389e-06,0.0
1731541320.0,8.655353156727389e-06,8.655353156727389e-06,8.655353156727389e-06,8.655353156727389e-06,0.0
1731541380.0,8.655353156727389e-06,8.655353156727389e-06,8.655353156727389e-06,8.655353156727389e-06,0.0
1731541440.0,8.655353156727389e-06,8.655353156727389e-06,8.655353156727389e-06,8.655353156727389e-06,0.0
1731541500.0,8.655353156727389e-06,8.655353156727389e-06,8.655353156727389e-06,8.655353156727389e-06,0.0
1731541560.0,8.655353156727389e-06,8.655353156727389e-06,8.655353156727389e-06,8.655353156727389e-06,0.0
1731541620.0,8.655353156727389e-06,8.655353156727389e-06,8.655353156727389e-06,8.655353156727389e-06,0.0
1731541680.0,8.655353156727389e-06,8.655353156727389e-06,8.655353156727389e-06,8.655353156727389e-06,0.0
1731541740.0,8.655353156727389e-06,8.655353156727389e-06,8.655353156727389e-06,8.655353156727389e-06,0.0
1731541800.0,8.655353156727389e-06,8.655353156727389e-06,8.655353156727389e-06,8.655353156727389e-06,0.0
1731541860.0,8.655353156727389e-06,8.655353156727389e-06,8.655353156727389e-06,8.655353156727389e-06,0.0
1731541920.0,8.655353156727389e-06,8.655353156727389e-06,8.655353156727389e-06,8.655353156727389e-06,0.0
1731541980.0,8.655353156727389e-06,8.655353156727389e-06,8.655353156727389e-06,8.655353156727389e-06,0.0
1731542040.0,8.655353156727389e-06,8.655353156727389e-06,8.655353156727389e-06,8.655353156727389e-06,0.0
1731542100.0,8.655353156727389e-06,8.655353156727389e-06,8.581270100255594e-06,8.581270100255594e-06,4.488551060852907
1731542160.0,8.581270100255594e-06,8.581270100255594e-06,8.581270100255594e-06,8.581270100255594e-06,0.0
1731542220.0,8.581270100255594e-06,8.581270100255594e-06,8.581270100255594e-06,8.581270100255594e-06,0.0
1731542280.0,8.581270100255594e-06,8.581270100255594e-06,8.581270100255594e-06,8.581270100255594e-06,0.0
1731542340.0,8.581270100255594e-06,8.581270100255594e-06,8.531994648862666e-06,8.531994648862666e-06,29.65833935669562
1731542400.0,8.531994648862666e-06,8.531994648862666e-06,8.48146220400456e-06,8.48146220400456e-06,4.060301514826979
1731542460.0,8.48146220400456e-06,8.48146220400456e-06,8.48146220400456e-06,8.48146220400456e-06,0.0
1731542520.0,8.48146220400456e-06,8.48146220400456e-06,8.461762932915812e-06,8.461762932915812e-06,9.86512591048399
1731542580.0,8.461762932915812e-06,8.461762932915812e-06,8.461762932915812e-06,8.461762932915812e-06,0.0
1731542640.0,8.461762932915812e-06,8.461762932915812e-06,8.461762932915812e-06,8.461762932915812e-06,0.0
1731542700.0,8.461762932915812e-06,8.461762932915812e-06,8.461762932915812e-06,8.461762932915812e-06,0.0
1731542760.0,8.461762932915812e-06,8.511526487214067e-06,8.461762932915812e-06,8.511526487214067e-06,21.50411905320246
1731542820.0,8.511526487214067e-06,8.511526487214067e-06,8.511526487214067e-06,8.511526487214067e-06,0.0
1731542880.0,8.511526487214067e-06,8.511526487214067e-06,8.502594965745107e-06,8.502594965745107e-06,0.4976335928243661
1731542940.0,8.502594965745107e-06,8.502594965745107e-06,8.502594965745107e-06,8.502594965745107e-06,0.0
1731543000.0,8.502594965745107e-06,8.502594965745107e-06,8.502594965745107e-06,8.502594965745107e-06,0.0
1731543060.0,8.502594965745107e-06,8.502594965745107e-06,8.384457685814003e-06,8.384457685814003e-06,78.22577836024811
1731543120.0,8.384457685814003e-06,8.384457685814003e-06,8.384457685814003e-06,8.384457685814003e-06,0.0
1731543180.0,8.384457685814003e-06,8.384457685814003e-06,8.131734766746863e-06,8.131734766746863e-06,93.26678666397096
1731543240.0,8.131734766746863e-06,8.131734766746863e-06,8.131734766746863e-06,8.131734766746863e-06,0.0
1731543300.0,8.131734766746863e-06,8.131734766746863e-06,8.131734766746863e-06,8.131734766746863e-06,0.0
1731543360.0,8.131734766746863e-06,8.131734766746863e-06,8.131734766746863e-06,8.131734766746863e-06,0.0
1731543420.0,8.131734766746863e-06,8.131734766746863e-06,8.131734766746863e-06,8.131734766746863e-06,0.0
1731543480.0,8.131734766746863e-06,8.131734766746863e-06,8.131734766746863e-06,8.131734766746863e-06,0.0
1731543540.0,8.131734766746863e-06,8.131734766746863e-06,8.131734766746863e-06,8.131734766746863e-06,0.0
1731543600.0,8.131734766746863e-06,8.131734766746863e-06,7.999237979821798e-06,7.999237979821798e-06,3.761306582619208
1731543660.0,7.999237979821798e-06,7.999237979821798e-06,7.877534858058787e-06,7.877534858058787e-06,84.98457446005573
1731543720.0,7.877534858058787e-06,7.877534858058787e-06,7.877534858058787e-06,7.877534858058787e-06,0.0
1731543780.0,7.877534858058787e-06,7.877534858058787e-06,7.877534858058787e-06,7.877534858058787e-06,0.0
1731543840.0,7.877534858058787e-06,7.877534858058787e-06,7.877534858058787e-06,7.877534858058787e-06,0.0
1731543900.0,7.877534858058787e-06,7.877534858058787e-06,7.877534858058787e-06,7.877534858058787e-06,0.0
1731543960.0,7.877534858058787e-06,7.877534858058787e-06,7.877534858058787e-06,7.877534858058787e-06,0.0
1731544020.0,7.877534858058787e-06,7.877534858058787e-06,7.652621256800477e-06,7.652621256800477e-06,42.85467903808267
1731544080.0,7.652621256800477e-06,7.652621256800477e-06,7.652621256800477e-06,7.652621256800477e-06,0.0
1731544140.0,7.652621256800477e-06,7.652621256800477e-06,7.652621256800477e-06,7.652621256800477e-06,0.0
1731544200.0,7.652621256800477e-06,7.652621256800477e-06,7.59945405356413e-06,7.59945405356413e-06,0.22573662304979
1731544260.0,7.59945405356413e-06,7.59945405356413e-06,7.59945405356413e-06,7.59945405356413e-06,0.0
1731544320.0,7.59945405356413e-06,7.59945405356413e-06,7.59945405356413e-06,7.59945405356413e-06,0.0
1731544380.0,7.59945405356413e-06,7.59945405356413e-06,7.59945405356413e-06,7.59945405356413e-06,0.0
1731544440.0,7.59945405356413e-06,7.59945405356413e-06,7.583329216262571e-06,7.586020621722485e-06,2.769211902793982
1731544500.0,7.586020621722485e-06,7.586020621722485e-06,7.586020621722485e-06,7.586020621722485e-06,0.0
1731544560.0,7.586020621722485e-06,7.586020621722485e-06,7.585527710843123e-06,7.585527710843123e-06,5.735276015449201
1731544620.0,7.585527710843123e-06,7.585527710843123e-06,7.585527710843123e-06,7.585527710843123e-06,0.0
1731544680.0,7.585527710843123e-06,7.585527710843123e-06,7.585527710843123e-06,7.585527710843123e-06,0.0
1731544740.0,7.585527710843123e-06,7.585527710843123e-06,7.585527710843123e-06,7.585527710843123e-06,0.0
1731544800.0,7.585527710843123e-06,7.585527710843123e-06,7.575875777244246e-06,7.575875777244246e-06,0.6870631520441206
1731544860.0,7.575875777244246e-06,7.575875777244246e-06,7.575875777244246e-06,7.575875777244246e-06,0.0
1731544920.0,7.575875777244246e-06,7.575875777244246e-06,7.575875777244246e-06,7.575875777244246e-06,0.0
1731544980.0,7.575875777244246e-06,7.575875777244246e-06,7.545402838805629e-06,7.545402838805629e-06,3.772701419402815
1731545040.0,7.545402838805629e-06,7.545402838805629e-06,7.545402838805629e-06,7.545402838805629e-06,0.0
1731545100.0,7.545402838805629e-06,7.545402838805629e-06,7.545402838805629e-06,7.545402838805629e-06,0.0
1731545160.0,7.545402838805629e-06,7.545402838805629e-06,7.545402838805629e-06,7.545402838805629e-06,0.0
1731545220.0,7.545402838805629e-06,7.545402838805629e-06,7.545402838805629e-06,7.545402838805629e-06,0.0
1731545280.0,7.545402838805629e-06,7.545402838805629e-06,7.545402838805629e-06,7.545402838805629e-06,0.0
1731545340.0,7.545402838805629e-06,7.545402838805629e-06,7.545402838805629e-06,7.545402838805629e-06,0.0
1731545400.0,7.545402838805629e-06,7.545402838805629e-06,7.545402838805629e-06,7.545402838805629e-06,0.0
1731545460.0,7.545402838805629e-06,7.545402838805629e-06,7.545402838805629e-06,7.545402838805629e-06,0.0
1731545520.0,7.545402838805629e-06,7.545402838805629e-06,7.545402838805629e-06,7.545402838805629e-06,0.0
1731545580.0,7.545402838805629e-06,7.545402838805629e-06,7.545402838805629e-06,7.545402838805629e-06,0.0
1731545640.0,7.545402838805629e-06,7.545402838805629e-06,7.545402838805629e-06,7.545402838805629e-06,0.0
1731545700.0,7.545402838805629e-06,7.545402838805629e-06,7.545402838805629e-06,7.545402838805629e-06,0.0
1731545760.0,7.545402838805629e-06,7.545402838805629e-06,7.545402838805629e-06,7.545402838805629e-06,0.0
1731545820.0,7.545402838805629e-06,7.545402838805629e-06,7.545402838805629e-06,7.545402838805629e-06,0.0
1731545880.0,7.545402838805629e-06,7.545402838805629e-06,7.545402838805629e-06,7.545402838805629e-06,0.0
1731545940.0,7.545402838805629e-06,7.545402838805629e-06,7.545402838805629e-06,7.545402838805629e-06,0.0
1731546000.0,7.545402838805629e-06,7.545402838805629e-06,7.545402838805629e-06,7.545402838805629e-06,0.0
1731546060.0,7.545402838805629e-06,7.545402838805629e-06,7.545402838805629e-06,7.545402838805629e-06,0.0
1731546120.0,7.545402838805629e-06,7.545402838805629e-06,7.545402838805629e-06,7.545402838805629e-06,0.0
1731546180.0,7.545402838805629e-06,7.545402838805629e-06,7.545402838805629e-06,7.545402838805629e-06,0.0
1731546240.0,7.545402838805629e-06,7.545402838805629e-06,7.545402838805629e-06,7.545402838805629e-06,0.0
1731546300.0,7.545402838805629e-06,7.545402838805629e-06,7.545402838805629e-06,7.545402838805629e-06,0.0
1731546360.0,7.545402838805629e-06,7.545402838805629e-06,7.545402838805629e-06,7.545402838805629e-06,0.0
1731546420.0,7.545402838805629e-06,7.545402838805629e-06,7.545402838805629e-06,7.545402838805629e-06,0.0
1731546480.0,7.545402838805629e-06,7.545402838805629e-06,7.545402838805629e-06,7.545402838805629e-06,0.0
1731546540.0,7.545402838805629e-06,7.54795369580784e-06,7.545402838805629e-06,7.54795369580784e-06,4.242796772270019
1731546600.0,7.54795369580784e-06,7.54795369580784e-06,7.54795369580784e-06,7.54795369580784e-06,0.0
1731546660.0,7.54795369580784e-06,7.54795369580784e-06,7.54795369580784e-06,7.54795369580784e-06,0.0
1731546720.0,7.54795369580784e-06,7.54795369580784e-06,7.54795369580784e-06,7.54795369580784e-06,0.0
1731546780.0,7.54795369580784e-06,7.54795369580784e-06,7.54795369580784e-06,7.54795369580784e-06,0.0
1731546840.0,7.54795369580784e-06,7.54795369580784e-06,7.54795369580784e-06,7.54795369580784e-06,0.0
1731546900.0,7.54795369580784e-06,7.54795369580784e-06,7.54795369580784e-06,7.54795369580784e-06,0.0
1731546960.0,7.54795369580784e-06,7.54795369580784e-06,7.54795369580784e-06,7.54795369580784e-06,0.0
1731547020.0,7.54795369580784e-06,7.54795369580784e-06,7.54795369580784e-06,7.54795369580784e-06,0.0
1731547080.0,7.54795369580784e-06,7.54795369580784e-06,7.54795369580784e-06,7.54795369580784e-06,0.0
1731547140.0,7.54795369580784e-06,7.54795369580784e-06,7.54795369580784e-06,7.54795369580784e-06,0.0
1731547200.0,7.54795369580784e-06,7.54795369580784e-06,7.54795369580784e-06,7.54795369580784e-06,0.0
1731547260.0,7.54795369580784e-06,7.54795369580784e-06,7.54795369580784e-06,7.54795369580784e-06,0.0
1731547320.0,7.54795369580784e-06,7.54795369580784e-06,7.54795369580784e-06,7.54795369580784e-06,0.0
1731547380.0,7.54795369580784e-06,7.54795369580784e-06,7.54795369580784e-06,7.54795369580784e-06,0.0
1731547440.0,7.54795369580784e-06,7.54795369580784e-06,7.54795369580784e-06,7.54795369580784e-06,0.0
1731547500.0,7.54795369580784e-06,7.54795369580784e-06,7.54795369580784e-06,7.54795369580784e-06,0.0
1731547560.0,7.54795369580784e-06,7.54795369580784e-06,7.54795369580784e-06,7.54795369580784e-06,0.0
1731547620.0,7.54795369580784e-06,7.54795369580784e-06,7.54795369580784e-06,7.54795369580784e-06,0.0
1731547680.0,7.54795369580784e-06,7.54795369580784e-06,7.54795369580784e-06,7.54795369580784e-06,0.0
1731547740.0,7.54795369580784e-06,7.54795369580784e-06,7.54795369580784e-06,7.54795369580784e-06,0.0
1731547800.0,7.54795369580784e-06,7.54795369580784e-06,7.54795369580784e-06,7.54795369580784e-06,0.0
1731547860.0,7.54795369580784e-06,7.54795369580784e-06,7.54795369580784e-06,7.54795369580784e-06,0.0
1731547920.0,7.54795369580784e-06,7.54795369580784e-06,7.54795369580784e-06,7.54795369580784e-06,0.0
1731547980.0,7.54795369580784e-06,7.54795369580784e-06,7.54795369580784e-06,7.54795369580784e-06,0.0
1731548040.0,7.54795369580784e-06,7.54795369580784e-06,7.54795369580784e-06,7.54795369580784e-06,0.0
1731548100.0,7.54795369580784e-06,7.54795369580784e-06,7.54795369580784e-06,7.54795369580784e-06,0.0
1731548160.0,7.54795369580784e-06,7.54795369580784e-06,7.54795369580784e-06,7.54795369580784e-06,0.0
1731548220.0,7.54795369580784e-06,7.54795369580784e-06,7.54795369580784e-06,7.54795369580784e-06,0.0
1731548280.0,7.54795369580784e-06,7.54795369580784e-06,7.54795369580784e-06,7.54795369580784e-06,0.0
1731548340.0,7.54795369580784e-06,7.54795369580784e-06,7.54795369580784e-06,7.54795369580784e-06,0.0
1731548400.0,7.54795369580784e-06,7.54795369580784e-06,7.54795369580784e-06,7.54795369580784e-06,0.0
1731548460.0,7.54795369580784e-06,7.54795369580784e-06,7.54795369580784e-06,7.54795369580784e-06,0.0
1731548520.0,7.54795369580784e-06,7.54795369580784e-06,7.54795369580784e-06,7.54795369580784e-06,0.0
1731548580.0,7.54795369580784e-06,7.54795369580784e-06,7.54795369580784e-06,7.54795369580784e-06,0.0
1731548640.0,7.54795369580784e-06,7.54795369580784e-06,7.54795369580784e-06,7.54795369580784e-06,0.0
1731548700.0,7.54795369580784e-06,7.54795369580784e-06,7.54795369580784e-06,7.54795369580784e-06,0.0
1731548760.0,7.54795369580784e-06,7.54795369580784e-06,7.54795369580784e-06,7.54795369580784e-06,0.0
1731548820.0,7.54795369580784e-06,7.54795369580784e-06,7.54795369580784e-06,7.54795369580784e-06,0.0
1731548880.0,7.54795369580784e-06,7.54795369580784e-06,7.54795369580784e-06,7.54795369580784e-06,0.0
1731548940.0,7.54795369580784e-06,7.54795369580784e-06,7.54795369580784e-06,7.54795369580784e-06,0.0
1731549000.0,7.54795369580784e-06,7.54795369580784e-06,7.54795369580784e-06,7.54795369580784e-06,0.0
1731549060.0,7.54795369580784e-06,7.54795369580784e-06,7.54795369580784e-06,7.54795369580784e-06,0.0
1731549120.0,7.54795369580784e-06,7.54795369580784e-06,7.54795369580784e-06,7.54795369580784e-06,0.0
1731549180.0,7.54795369580784e-06,7.54795369580784e-06,7.54795369580784e-06,7.54795369580784e-06,0.0
1731549240.0,7.54795369580784e-06,7.54795369580784e-06,7.54795369580784e-06,7.54795369580784e-06,0.0
1731549300.0,7.54795369580784e-06,7.54795369580784e-06,7.54795369580784e-06,7.54795369580784e-06,0.0
1731549360.0,7.54795369580784e-06,7.54795369580784e-06,7.54795369580784e-06,7.54795369580784e-06,0.0
1731549420.0,7.54795369580784e-06,7.54795369580784e-06,7.54795369580784e-06,7.54795369580784e-06,0.0
1731549480.0,7.54795369580784e-06,7.627450767592987e-06,7.54795369580784e-06,7.627450767592987e-06,2.1567862023587967
1731549540.0,7.627450767592987e-06,7.627450767592987e-06,7.627450767592987e-06,7.627450767592987e-06,0.0
1731549600.0,7.627450767592987e-06,7.627450767592987e-06,7.627450767592987e-06,7.627450767592987e-06,0.0
1731549660.0,7.627450767592987e-06,7.627450767592987e-06,7.627450767592987e-06,7.627450767592987e-06,0.0
1731549720.0,7.627450767592987e-06,7.627450767592987e-06,7.627450767592987e-06,7.627450767592987e-06,0.0
1731549780.0,7.627450767592987e-06,7.627450767592987e-06,7.627450767592987e-06,7.627450767592987e-06,0.0
1731549840.0,7.627450767592987e-06,7.627450767592987e-06,7.627450767592987e-06,7.627450767592987e-06,0.0
1731549900.0,7.627450767592987e-06,7.627450767592987e-06,7.627450767592987e-06,7.627450767592987e-06,0.0
1731549960.0,7.627450767592987e-06,7.627450767592987e-06,7.627450767592987e-06,7.627450767592987e-06,0.0
1731550020.0,7.627450767592987e-06,7.627450767592987e-06,7.627450767592987e-06,7.627450767592987e-06,0.0
1731550080.0,7.627450767592987e-06,7.627450767592987e-06,7.627450767592987e-06,7.627450767592987e-06,0.0
1731550140.0,7.627450767592987e-06,7.627450767592987e-06,7.627450767592987e-06,7.627450767592987e-06,0.0
1731550200.0,7.627450767592987e-06,7.627450767592987e-06,7.627450767592987e-06,7.627450767592987e-06,0.0
1731550260.0,7.627450767592987e-06,7.627450767592987e-06,7.627450767592987e-06,7.627450767592987e-06,0.0
1731550320.0,7.627450767592987e-06,7.627450767592987e-06,7.525836085881822e-06,7.525836085881822e-06,31.07950006243268
1731550380.0,7.525836085881822e-06,7.525836085881822e-06,7.525836085881822e-06,7.525836085881822e-06,0.0
1731550440.0,7.525836085881822e-06,7.525836085881822e-06,7.525836085881822e-06,7.525836085881822e-06,0.0
1731550500.0,7.525836085881822e-06,7.525836085881822e-06,7.525836085881822e-06,7.525836085881822e-06,0.0
1731550560.0,7.525836085881822e-06,7.525836085881822e-06,7.525836085881822e-06,7.525836085881822e-06,0.0
1731550620.0,7.525836085881822e-06,7.525836085881822e-06,7.525836085881822e-06,7.525836085881822e-06,0.0
1731550680.0,7.525836085881822e-06,7.525836085881822e-06,7.525836085881822e-06,7.525836085881822e-06,0.0
1731550740.0,7.525836085881822e-06,7.525836085881822e-06,7.48293068383272e-06,7.48293068383272e-06,0.1172092959457719
1731550800.0,7.48293068383272e-06,7.48293068383272e-06,7.48293068383272e-06,7.48293068383272e-06,0.0
1731550860.0,7.48293068383272e-06,7.48293068383272e-06,7.48293068383272e-06,7.48293068383272e-06,0.0
1731550920.0,7.48293068383272e-06,7.48293068383272e-06,7.48293068383272e-06,7.48293068383272e-06,0.0
1731550980.0,7.48293068383272e-06,7.48293068383272e-06,7.48293068383272e-06,7.48293068383272e-06,0.0
1731551040.0,7.48293068383272e-06,7.48293068383272e-06,7.48293068383272e-06,7.48293068383272e-06,0.0
1731551100.0,7.48293068383272e-06,7.48293068383272e-06,7.48293068383272e-06,7.48293068383272e-06,0.0
1731551160.0,7.48293068383272e-06,7.48293068383272e-06,7.48293068383272e-06,7.48293068383272e-06,0.0
1731551220.0,7.48293068383272e-06,7.48293068383272e-06,7.48293068383272e-06,7.48293068383272e-06,0.0
1731551280.0,7.48293068383272e-06,7.48293068383272e-06,7.48293068383272e-06,7.48293068383272e-06,0.0
1731551340.0,7.48293068383272e-06,7.48293068383272e-06,7.48293068383272e-06,7.48293068383272e-06,0.0
1731551400.0,7.48293068383272e-06,7.48293068383272e-06,7.438475600938063e-06,7.438475600938063e-06,4.184104580182525
1731551460.0,7.438475600938063e-06,7.438475600938063e-06,7.438475600938063e-06,7.438475600938063e-06,0.0
1731551520.0,7.438475600938063e-06,7.438475600938063e-06,7.438475600938063e-06,7.438475600938063e-06,0.0
1731551580.0,7.438475600938063e-06,7.438475600938063e-06,7.438475600938063e-06,7.438475600938063e-06,0.0
1731551640.0,7.438475600938063e-06,7.438475600938063e-06,7.438475600938063e-06,7.438475600938063e-06,0.0
1731551700.0,7.438475600938063e-06,7.438475600938063e-06,7.438475600938063e-06,7.438475600938063e-06,0.0
1731551760.0,7.438475600938063e-06,7.438475600938063e-06,7.438475600938063e-06,7.438475600938063e-06,0.0
1731551820.0,7.438475600938063e-06,7.438475600938063e-06,7.438475600938063e-06,7.438475600938063e-06,0.0
1731551880.0,7.438475600938063e-06,7.438475600938063e-06,7.438475600938063e-06,7.438475600938063e-06,0.0
1731551940.0,7.438475600938063e-06,7.438475600938063e-06,7.438475600938063e-06,7.438475600938063e-06,0.0
1731552000.0,7.438475600938063e-06,7.438475600938063e-06,7.438475600938063e-06,7.438475600938063e-06,0.0
1731552060.0,7.438475600938063e-06,7.438475600938063e-06,7.416993061213393e-06,7.416993061213393e-06,6.231384502569951
1731552120.0,7.416993061213393e-06,7.416993061213393e-06,7.416993061213393e-06,7.416993061213393e-06,0.0
1731552180.0,7.416993061213393e-06,7.416993061213393e-06,7.416993061213393e-06,7.416993061213393e-06,0.0
1731552240.0,7.416993061213393e-06,7.416993061213393e-06,7.416993061213393e-06,7.416993061213393e-06,0.0
1731552300.0,7.416993061213393e-06,7.416993061213393e-06,7.416993061213393e-06,7.416993061213393e-06,0.0
1731552360.0,7.416993061213393e-06,7.416993061213393e-06,7.416993061213393e-06,7.416993061213393e-06,0.0
1731552420.0,7.416993061213393e-06,7.416993061213393e-06,7.416993061213393e-06,7.416993061213393e-06,0.0
1731552480.0,7.416993061213393e-06,7.416993061213393e-06,7.416993061213393e-06,7.416993061213393e-06,0.0
1731552540.0,7.416993061213393e-06,7.416993061213393e-06,7.416993061213393e-06,7.416993061213393e-06,0.0
1731552600.0,7.416993061213393e-06,7.416993061213393e-06,7.416993061213393e-06,7.416993061213393e-06,0.0
1731552660.0,7.416993061213393e-06,7.416993061213393e-06,7.416993061213393e-06,7.416993061213393e-06,0.0
1731552720.0,7.416993061213393e-06,7.416993061213393e-06,7.416993061213393e-06,7.416993061213393e-06,0.0
1731552780.0,7.416993061213393e-06,7.416993061213393e-06,7.416993061213393e-06,7.416993061213393e-06,0.0
1731552840.0,7.416993061213393e-06,7.416993061213393e-06,7.416993061213393e-06,7.416993061213393e-06,0.0
1731552900.0,7.416993061213393e-06,7.416993061213393e-06,7.416993061213393e-06,7.416993061213393e-06,0.0
1731552960.0,7.416993061213393e-06,7.416993061213393e-06,7.416993061213393e-06,7.416993061213393e-06,0.0
1731553020.0,7.416993061213393e-06,7.416993061213393e-06,7.416993061213393e-06,7.416993061213393e-06,0.0
1731553080.0,7.416993061213393e-06,7.416993061213393e-06,7.416993061213393e-06,7.416993061213393e-06,0.0
1731553140.0,7.416993061213393e-06,7.416993061213393e-06,7.416993061213393e-06,7.416993061213393e-06,0.0
1731553200.0,7.416993061213393e-06,7.416993061213393e-06,7.416993061213393e-06,7.416993061213393e-06,0.0
1731553260.0,7.416993061213393e-06,7.416993061213393e-06,7.416993061213393e-06,7.416993061213393e-06,0.0
1731553320.0,7.416993061213393e-06,7.416993061213393e-06,7.416993061213393e-06,7.416993061213393e-06,0.0
1731553380.0,7.416993061213393e-06,7.416993061213393e-06,7.416993061213393e-06,7.416993061213393e-06,0.0
1731553440.0,7.416993061213393e-06,7.416993061213393e-06,7.416993061213393e-06,7.416993061213393e-06,0.0
1731553500.0,7.416993061213393e-06,7.416993061213393e-06,7.416993061213393e-06,7.416993061213393e-06,0.0
1731553560.0,7.416993061213393e-06,7.416993061213393e-06,7.416993061213393e-06,7.416993061213393e-06,0.0
1731553620.0,7.416993061213393e-06,7.416993061213393e-06,7.416993061213393e-06,7.416993061213393e-06,0.0
1731553680.0,7.416993061213393e-06,7.416993061213393e-06,7.416993061213393e-06,7.416993061213393e-06,0.0
1731553740.0,7.416993061213393e-06,7.416993061213393e-06,7.416993061213393e-06,7.416993061213393e-06,0.0
1731553800.0,7.416993061213393e-06,7.416993061213393e-06,7.416993061213393e-06,7.416993061213393e-06,0.0
1731553860.0,7.416993061213393e-06,7.416993061213393e-06,7.416993061213393e-06,7.416993061213393e-06,0.0
1731553920.0,7.416993061213393e-06,7.416993061213393e-06,7.416993061213393e-06,7.416993061213393e-06,0.0
1731553980.0,7.416993061213393e-06,7.416993061213393e-06,7.416993061213393e-06,7.416993061213393e-06,0.0
1731554040.0,7.416993061213393e-06,7.416993061213393e-06,7.416993061213393e-06,7.416993061213393e-06,0.0
1731554100.0,7.416993061213393e-06,7.416993061213393e-06,7.416993061213393e-06,7.416993061213393e-06,0.0
1731554160.0,7.416993061213393e-06,7.416993061213393e-06,7.416993061213393e-06,7.416993061213393e-06,0.0
1731554220.0,7.416993061213393e-06,7.416993061213393e-06,7.416993061213393e-06,7.416993061213393e-06,0.0
1731554280.0,7.416993061213393e-06,7.416993061213393e-06,7.416993061213393e-06,7.416993061213393e-06,0.0
1731554340.0,7.416993061213393e-06,7.416993061213393e-06,7.416993061213393e-06,7.416993061213393e-06,0.0
1731554400.0,7.416993061213393e-06,7.416993061213393e-06,7.416993061213393e-06,7.416993061213393e-06,0.0
1731554460.0,7.416993061213393e-06,7.416993061213393e-06,7.416993061213393e-06,7.416993061213393e-06,0.0
1731554520.0,7.416993061213393e-06,7.416993061213393e-06,7.416993061213393e-06,7.416993061213393e-06,0.0
1731554580.0,7.416993061213393e-06,7.493607697935538e-06,7.416993061213393e-06,7.493607697935538e-06,10.736038149784054
1731554640.0,7.493607697935538e-06,7.493607697935538e-06,7.493607697935538e-06,7.493607697935538e-06,0.0
1731554700.0,7.493607697935538e-06,7.493607697935538e-06,7.493607697935538e-06,7.493607697935538e-06,0.0
1731554760.0,7.493607697935538e-06,7.493607697935538e-06,7.493607697935538e-06,7.493607697935538e-06,0.0
1731554820.0,7.493607697935538e-06,7.493607697935538e-06,7.493607697935538e-06,7.493607697935538e-06,0.0
1731554880.0,7.493607697935538e-06,7.493607697935538e-06,7.493607697935538e-06,7.493607697935538e-06,0.0
1731554940.0,7.493607697935538e-06,7.493607697935538e-06,7.493607697935538e-06,7.493607697935538e-06,0.0
1731555000.0,7.493607697935538e-06,7.493607697935538e-06,7.493607697935538e-06,7.493607697935538e-06,0.0
1731555060.0,7.493607697935538e-06,7.493607697935538e-06,7.493607697935538e-06,7.493607697935538e-06,0.0
1731555120.0,7.493607697935538e-06,7.493607697935538e-06,7.483188120331759e-06,7.483188120331759e-06,0.4560412735275689
1731555180.0,7.483188120331759e-06,7.483188120331759e-06,7.483188120331759e-06,7.483188120331759e-06,0.0
1731555240.0,7.483188120331759e-06,7.483188120331759e-06,7.483188120331759e-06,7.483188120331759e-06,0.0
1731555300.0,7.483188120331759e-06,7.483188120331759e-06,7.483188120331759e-06,7.483188120331759e-06,0.0
1731555360.0,7.483188120331759e-06,7.483188120331759e-06,7.483188120331759e-06,7.483188120331759e-06,0.0
1731555420.0,7.483188120331759e-06,7.483188120331759e-06,7.483188120331759e-06,7.483188120331759e-06,0.0
1731555480.0,7.483188120331759e-06,7.483188120331759e-06,7.483188120331759e-06,7.483188120331759e-06,0.0
1731555540.0,7.483188120331759e-06,7.483188120331759e-06,7.483188120331759e-06,7.483188120331759e-06,0.0
1731555600.0,7.483188120331759e-06,7.483188120331759e-06,7.483188120331759e-06,7.483188120331759e-06,0.0
1731555660.0,7.483188120331759e-06,7.483188120331759e-06,7.483188120331759e-06,7.483188120331759e-06,0.0
1731555720.0,7.483188120331759e-06,7.483188120331759e-06,7.483188120331759e-06,7.483188120331759e-06,0.0
1731555780.0,7.483188120331759e-06,7.483188120331759e-06,7.483188120331759e-06,7.483188120331759e-06,0.0
1731555840.0,7.483188120331759e-06,7.483188120331759e-06,7.483188120331759e-06,7.483188120331759e-06,0.0
1731555900.0,7.483188120331759e-06,7.483188120331759e-06,7.483188120331759e-06,7.483188120331759e-06,0.0
1731555960.0,7.483188120331759e-06,7.483188120331759e-06,7.483188120331759e-06,7.483188120331759e-06,0.0
1731556020.0,7.483188120331759e-06,7.483188120331759e-06,7.483188120331759e-06,7.483188120331759e-06,0.0
1731556080.0,7.483188120331759e-06,7.483188120331759e-06,7.483188120331759e-06,7.483188120331759e-06,0.0
1731556140.0,7.483188120331759e-06,7.483188120331759e-06,7.483188120331759e-06,7.483188120331759e-06,0.0
1731556200.0,7.483188120331759e-06,7.483188120331759e-06,7.483188120331759e-06,7.483188120331759e-06,0.0
1731556260.0,7.483188120331759e-06,7.483188120331759e-06,7.483188120331759e-06,7.483188120331759e-06,0.0
1731556320.0,7.483188120331759e-06,7.483188120331759e-06,7.483188120331759e-06,7.483188120331759e-06,0.0
1731556380.0,7.483188120331759e-06,7.483188120331759e-06,7.483188120331759e-06,7.483188120331759e-06,0.0
1731556440.0,7.483188120331759e-06,7.483188120331759e-06,7.483188120331759e-06,7.483188120331759e-06,0.0
1731556500.0,7.483188120331759e-06,7.483188120331759e-06,7.483188120331759e-06,7.483188120331759e-06,0.0
1731556560.0,7.483188120331759e-06,7.483188120331759e-06,7.483188120331759e-06,7.483188120331759e-06,0.0
1731556620.0,7.483188120331759e-06,7.483188120331759e-06,7.483188120331759e-06,7.483188120331759e-06,0.0
1731556680.0,7.483188120331759e-06,7.483188120331759e-06,7.483188120331759e-06,7.483188120331759e-06,0.0
1731556740.0,7.483188120331759e-06,7.483188120331759e-06,7.483188120331759e-06,7.483188120331759e-06,0.0
1731556800.0,7.483188120331759e-06,7.483188120331759e-06,7.483188120331759e-06,7.483188120331759e-06,0.0
1731556860.0,7.483188120331759e-06,7.483188120331759e-06,7.483188120331759e-06,7.483188120331759e-06,0.0
1731556920.0,7.483188120331759e-06,7.483188120331759e-06,7.483188120331759e-06,7.483188120331759e-06,0.0
1731556980.0,7.483188120331759e-06,7.483188120331759e-06,7.483188120331759e-06,7.483188120331759e-06,0.0
1731557040.0,7.483188120331759e-06,7.483188120331759e-06,7.483188120331759e-06,7.483188120331759e-06,0.0
1731557100.0,7.483188120331759e-06,7.483188120331759e-06,7.483188120331759e-06,7.483188120331759e-06,0.0
1731557160.0,7.483188120331759e-06,7.483188120331759e-06,7.483188120331759e-06,7.483188120331759e-06,0.0
1731557220.0,7.483188120331759e-06,7.483188120331759e-06,7.483188120331759e-06,7.483188120331759e-06,0.0
1731557280.0,7.483188120331759e-06,7.483188120331759e-06,7.483188120331759e-06,7.483188120331759e-06,0.0
1731557340.0,7.483188120331759e-06,7.483188120331759e-06,7.483188120331759e-06,7.483188120331759e-06,0.0
1731557400.0,7.483188120331759e-06,7.483188120331759e-06,7.483188120331759e-06,7.483188120331759e-06,0.0
1731557460.0,7.483188120331759e-06,7.483188120331759e-06,7.483188120331759e-06,7.483188120331759e-06,0.0
1731557520.0,7.483188120331759e-06,7.483188120331759e-06,7.483188120331759e-06,7.483188120331759e-06,0.0
1731557580.0,7.483188120331759e-06,7.483188120331759e-06,7.483188120331759e-06,7.483188120331759e-06,0.0
1731557640.0,7.483188120331759e-06,7.483188120331759e-06,7.483188120331759e-06,7.483188120331759e-06,0.0
1731557700.0,7.483188120331759e-06,7.483188120331759e-06,7.483188120331759e-06,7.483188120331759e-06,0.0
1731557760.0,7.483188120331759e-06,7.639252055478463e-06,7.483188120331759e-06,7.639252055478463e-06,0.9617855292194456
1731557820.0,7.639252055478463e-06,7.639252055478463e-06,7.639252055478463e-06,7.639252055478463e-06,0.0
1731557880.0,7.639252055478463e-06,7.639252055478463e-06,7.639252055478463e-06,7.639252055478463e-06,0.0
1731557940.0,7.639252055478463e-06,7.639252055478463e-06,7.639252055478463e-06,7.639252055478463e-06,0.0
1731558000.0,7.639252055478463e-06,7.639252055478463e-06,7.639252055478463e-06,7.639252055478463e-06,0.0
1731558060.0,7.639252055478463e-06,7.639252055478463e-06,7.639252055478463e-06,7.639252055478463e-06,0.0
1731558120.0,7.639252055478463e-06,7.639252055478463e-06,7.639252055478463e-06,7.639252055478463e-06,0.0
1731558180.0,7.639252055478463e-06,7.639252055478463e-06,7.639252055478463e-06,7.639252055478463e-06,0.0
1731558240.0,7.639252055478463e-06,7.639252055478463e-06,7.639252055478463e-06,7.639252055478463e-06,0.0
1731558300.0,7.639252055478463e-06,7.639252055478463e-06,7.639252055478463e-06,7.639252055478463e-06,0.0
1731558360.0,7.639252055478463e-06,7.639252055478463e-06,7.639252055478463e-06,7.639252055478463e-06,0.0
1731558420.0,7.639252055478463e-06,7.639252055478463e-06,7.639252055478463e-06,7.639252055478463e-06,0.0
1731558480.0,7.639252055478463e-06,7.639252055478463e-06,7.639252055478463e-06,7.639252055478463e-06,0.0
1731558540.0,7.639252055478463e-06,7.639252055478463e-06,7.639252055478463e-06,7.639252055478463e-06,0.0
1731558600.0,7.639252055478463e-06,7.639252055478463e-06,7.639252055478463e-06,7.639252055478463e-06,0.0
1731558660.0,7.639252055478463e-06,7.639252055478463e-06,7.639252055478463e-06,7.639252055478463e-06,0.0
1731558720.0,7.639252055478463e-06,7.639252055478463e-06,7.639252055478463e-06,7.639252055478463e-06,0.0
1731558780.0,7.639252055478463e-06,7.639252055478463e-06,7.639252055478463e-06,7.639252055478463e-06,0.0
1731558840.0,7.639252055478463e-06,7.639252055478463e-06,7.552531889716971e-06,7.552531889716971e-06,15.614681543275012
1731558900.0,7.552531889716971e-06,7.552531889716971e-06,7.552531889716971e-06,7.552531889716971e-06,0.0
1731558960.0,7.552531889716971e-06,7.552531889716971e-06,7.552531889716971e-06,7.552531889716971e-06,0.0
1731559020.0,7.552531889716971e-06,7.552531889716971e-06,7.527096556562848e-06,7.527096556562848e-06,0.8332229409853416
1731559080.0,7.527096556562848e-06,7.527096556562848e-06,7.527096556562848e-06,7.527096556562848e-06,0.0
1731559140.0,7.527096556562848e-06,7.527096556562848e-06,7.527096556562848e-06,7.527096556562848e-06,0.0
1731559200.0,7.527096556562848e-06,7.527096556562848e-06,7.527096556562848e-06,7.527096556562848e-06,0.0
1731559260.0,7.527096556562848e-06,7.527096556562848e-06,7.527096556562848e-06,7.527096556562848e-06,0.0
1731559320.0,7.527096556562848e-06,7.527096556562848e-06,7.527096556562848e-06,7.527096556562848e-06,0.0
1731559380.0,7.527096556562848e-06,7.527096556562848e-06,7.527096556562848e-06,7.527096556562848e-06,0.0
1731559440.0,7.527096556562848e-06,7.527096556562848e-06,7.527096556562848e-06,7.527096556562848e-06,0.0
1731559500.0,7.527096556562848e-06,7.527096556562848e-06,7.527096556562848e-06,7.527096556562848e-06,0.0
1731559560.0,7.527096556562848e-06,7.527096556562848e-06,7.527096556562848e-06,7.527096556562848e-06,0.0
1731559620.0,7.527096556562848e-06,7.527096556562848e-06,7.527096556562848e-06,7.527096556562848e-06,0.0
1731559680.0,7.527096556562848e-06,7.527096556562848e-06,7.527096556562848e-06,7.527096556562848e-06,0.0
1731559740.0,7.527096556562848e-06,7.527096556562848e-06,7.527096556562848e-06,7.527096556562848e-06,0.0
1731559800.0,7.527096556562848e-06,7.527096556562848e-06,7.527096556562848e-06,7.527096556562848e-06,0.0
1731559860.0,7.527096556562848e-06,7.527096556562848e-06,7.527096556562848e-06,7.527096556562848e-06,0.0
1731559920.0,7.527096556562848e-06,7.527096556562848e-06,7.527096556562848e-06,7.527096556562848e-06,0.0
1731559980.0,7.527096556562848e-06,7.527096556562848e-06,7.527096556562848e-06,7.527096556562848e-06,0.0
1731560040.0,7.527096556562848e-06,7.527096556562848e-06,7.527096556562848e-06,7.527096556562848e-06,0.0
1731560100.0,7.527096556562848e-06,7.527096556562848e-06,7.527096556562848e-06,7.527096556562848e-06,0.0
1731560160.0,7.527096556562848e-06,7.527096556562848e-06,7.527096556562848e-06,7.527096556562848e-06,0.0
1731560220.0,7.527096556562848e-06,7.527096556562848e-06,7.527096556562848e-06,7.527096556562848e-06,0.0
1731560280.0,7.527096556562848e-06,7.527096556562848e-06,7.527096556562848e-06,7.527096556562848e-06,0.0
1731560340.0,7.527096556562848e-06,7.527096556562848e-06,7.527096556562848e-06,7.527096556562848e-06,0.0
1731560400.0,7.527096556562848e-06,7.527096556562848e-06,7.527096556562848e-06,7.527096556562848e-06,0.0
1731560460.0,7.527096556562848e-06,7.527096556562848e-06,7.527096556562848e-06,7.527096556562848e-06,0.0
1731560520.0,7.527096556562848e-06,7.527096556562848e-06,7.527096556562848e-06,7.527096556562848e-06,0.0
1731560580.0,7.527096556562848e-06,7.527096556562848e-06,7.527096556562848e-06,7.527096556562848e-06,0.0
1731560640.0,7.527096556562848e-06,7.527096556562848e-06,7.527096556562848e-06,7.527096556562848e-06,0.0
1731560700.0,7.527096556562848e-06,7.527096556562848e-06,7.527096556562848e-06,7.527096556562848e-06,0.0
1731560760.0,7.527096556562848e-06,7.527096556562848e-06,7.527096556562848e-06,7.527096556562848e-06,0.0
1731560820.0,7.527096556562848e-06,7.527096556562848e-06,7.527096556562848e-06,7.527096556562848e-06,0.0
1731560880.0,7.527096556562848e-06,7.527096556562848e-06,7.527096556562848e-06,7.527096556562848e-06,0.0
1731560940.0,7.527096556562848e-06,7.527096556562848e-06,7.527096556562848e-06,7.527096556562848e-06,0.0
1731561000.0,7.527096556562848e-06,7.527096556562848e-06,7.527096556562848e-06,7.527096556562848e-06,0.0
1731561060.0,7.527096556562848e-06,7.527096556562848e-06,7.527096556562848e-06,7.527096556562848e-06,0.0
1731561120.0,7.527096556562848e-06,7.527096556562848e-06,7.527096556562848e-06,7.527096556562848e-06,0.0
1731561180.0,7.527096556562848e-06,7.527096556562848e-06,7.527096556562848e-06,7.527096556562848e-06,0.0
1731561240.0,7.527096556562848e-06,7.527096556562848e-06,7.527096556562848e-06,7.527096556562848e-06,0.0
1731561300.0,7.527096556562848e-06,7.61778056775731e-06,7.527096556562848e-06,7.61778056775731e-06,3.391191657345725
1731561360.0,7.61778056775731e-06,7.61778056775731e-06,7.61778056775731e-06,7.61778056775731e-06,0.0
1731561420.0,7.61778056775731e-06,7.61778056775731e-06,7.61778056775731e-06,7.61778056775731e-06,0.0
1731561480.0,7.61778056775731e-06,7.61778056775731e-06,7.61778056775731e-06,7.61778056775731e-06,0.0
1731561540.0,7.61778056775731e-06,7.61778056775731e-06,7.239641063125946e-06,7.239641063125946e-06,167.7876522141322
1731561600.0,7.239641063125946e-06,7.239641063125946e-06,7.239641063125946e-06,7.239641063125946e-06,0.0
1731561660.0,7.239641063125946e-06,7.239641063125946e-06,7.239641063125946e-06,7.239641063125946e-06,0.0
1731561720.0,7.239641063125946e-06,7.3017365801451374e-06,7.239641063125946e-06,7.3017365801451374e-06,21.906169038863425
1731561780.0,7.3017365801451374e-06,7.3017365801451374e-06,7.3017365801451374e-06,7.3017365801451374e-06,0.0
1731561840.0,7.3017365801451374e-06,7.3017365801451374e-06,7.3017365801451374e-06,7.3017365801451374e-06,0.0
1731561900.0,7.3017365801451374e-06,7.3017365801451374e-06,7.3017365801451374e-06,7.3017365801451374e-06,0.0
1731561960.0,7.3017365801451374e-06,7.3017365801451374e-06,7.3017365801451374e-06,7.3017365801451374e-06,0.0
1731562020.0,7.3017365801451374e-06,7.3017365801451374e-06,7.3017365801451374e-06,7.3017365801451374e-06,0.0
1731562080.0,7.3017365801451374e-06,7.3017365801451374e-06,7.3017365801451374e-06,7.3017365801451374e-06,0.0
1731562140.0,7.3017365801451374e-06,7.3017365801451374e-06,7.3017365801451374e-06,7.3017365801451374e-06,0.0
1731562200.0,7.3017365801451374e-06,7.3017365801451374e-06,7.3017365801451374e-06,7.3017365801451374e-06,0.0
1731562260.0,7.3017365801451374e-06,7.3017365801451374e-06,7.3017365801451374e-06,7.3017365801451374e-06,0.0
1731562320.0,7.3017365801451374e-06,7.3017365801451374e-06,7.3017365801451374e-06,7.3017365801451374e-06,0.0
1731562380.0,7.3017365801451374e-06,7.3017365801451374e-06,7.3017365801451374e-06,7.3017365801451374e-06,0.0
1731562440.0,7.3017365801451374e-06,7.3017365801451374e-06,7.3017365801451374e-06,7.3017365801451374e-06,0.0
1731562500.0,7.3017365801451374e-06,7.3017365801451374e-06,7.3017365801451374e-06,7.3017365801451374e-06,0.0
1731562560.0,7.3017365801451374e-06,7.3017365801451374e-06,7.3017365801451374e-06,7.3017365801451374e-06,0.0
1731562620.0,7.3017365801451374e-06,7.3017365801451374e-06,7.3017365801451374e-06,7.3017365801451374e-06,0.0
1731562680.0,7.3017365801451374e-06,7.3017365801451374e-06,7.3017365801451374e-06,7.3017365801451374e-06,0.0
1731562740.0,7.3017365801451374e-06,7.3017365801451374e-06,7.074255475012978e-06,7.074255475012978e-06,126.6548681044136
1731562800.0,7.074255475012978e-06,7.074255475012978e-06,7.074255475012978e-06,7.074255475012978e-06,0.0
1731562860.0,7.074255475012978e-06,7.074255475012978e-06,7.074255475012978e-06,7.074255475012978e-06,0.0
1731562920.0,7.074255475012978e-06,7.074255475012978e-06,7.074255475012978e-06,7.074255475012978e-06,0.0
1731562980.0,7.074255475012978e-06,7.074255475012978e-06,7.074255475012978e-06,7.074255475012978e-06,0.0
1731563040.0,7.074255475012978e-06,7.074255475012978e-06,7.074255475012978e-06,7.074255475012978e-06,0.0
1731563100.0,7.074255475012978e-06,7.074255475012978e-06,7.074255475012978e-06,7.074255475012978e-06,0.0
