time,open,high,low,close,volume,usd_vol,price_change,vol_change,norm_open,mov_in_min
1735606200.0,3.05358453554909e-05,3.05358453554909e-05,3.05358453554909e-05,3.05358453554909e-05,6.84771592965,0.00020910079466612402,0.0,0.0,1.0,0.0
1735606260.0,3.05358453554909e-05,3.05358453554909e-05,3.05358453554909e-05,3.05358453554909e-05,0.0,0.0,0.0,-1.0,1.0,0.0
1735606320.0,3.05358453554909e-05,3.05358453554909e-05,3.05358453554909e-05,3.05358453554909e-05,0.0,0.0,0.0,0.0,1.0,0.0
1735606380.0,3.05358453554909e-05,3.05358453554909e-05,2.97444125056072e-05,2.97444125056072e-05,212.5971488624,0.006407705476979865,-0.025918157518484697,inf,1.0,0.025918157518484697
1735606440.0,2.97444125056072e-05,2.97444125056072e-05,2.97125894731048e-05,2.97125894731048e-05,8.23035192075,0.0002446760252187644,-0.0010698827047399767,-0.9618153446506272,0.9740818424815153,0.0010698827047399767
1735606500.0,2.97125894731048e-05,3.00484038355296e-05,2.97125894731048e-05,3.00484038355296e-05,76.216,0.0022773719330054397,0.01130209006955698,8.307703650037823,0.9730396891652431,0.01130209006955698
1735606560.0,3.00484038355296e-05,3.00484038355296e-05,3.00484038355296e-05,3.00484038355296e-05,0.0,0.0,0.0,-1.0,0.9840370713734424,0.0
1735606620.0,3.00484038355296e-05,3.00484038355296e-05,2.93619878521074e-05,2.93619878521074e-05,237.24884120812,0.007047523291806202,-0.022843675397179478,inf,0.9840370713734424,0.022843675397179478
1735606680.0,2.93619878521074e-05,2.93619878521074e-05,2.93619878521074e-05,2.93619878521074e-05,0.0,0.0,0.0,-1.0,0.9615580479361964,0.0
1735606740.0,2.93619878521074e-05,2.93619878521074e-05,2.93619878521074e-05,2.93619878521074e-05,0.0,0.0,0.0,0.0,0.9615580479361964,0.0
1735606800.0,2.93619878521074e-05,2.93619878521074e-05,2.93619878521074e-05,2.93619878521074e-05,0.0,0.0,0.0,0.0,0.9615580479361964,0.0
1735606860.0,2.93619878521074e-05,2.93619878521074e-05,2.93619878521074e-05,2.93619878521074e-05,0.0,0.0,0.0,0.0,0.9615580479361964,0.0
1735606920.0,2.93619878521074e-05,2.93619878521074e-05,2.85037647686936e-05,2.85037647686936e-05,48.49651418472,0.001403143646392087,-0.029229052465267694,inf,0.9615580479361964,0.029229052465267694
1735606980.0,2.85037647686936e-05,2.85037647686936e-05,2.85037647686936e-05,2.85037647686936e-05,0.0,0.0,0.0,-1.0,0.9334526173046689,0.0
1735607040.0,2.85037647686936e-05,2.85037647686936e-05,2.85037647686936e-05,2.85037647686936e-05,0.0,0.0,0.0,0.0,0.9334526173046689,0.0
1735607100.0,2.85037647686936e-05,2.85099543472056e-05,2.85037647686936e-05,2.85099543472056e-05,0.07479335088,2.132123549404606e-06,0.00021714950857293025,inf,0.9334526173046689,0.00021714950857293025
1735607160.0,2.85099543472056e-05,2.85099543472056e-05,2.83332937643772e-05,2.83332937643772e-05,6.6597527659,0.00018928098941692678,-0.006196452673229645,87.77580732588567,0.9336553160817926,0.006196452673229645
1735607220.0,2.83332937643772e-05,2.83332937643772e-05,2.83332937643772e-05,2.83332937643772e-05,0.0,0.0,0.0,-1.0,0.9278699651025826,0.0
1735607280.0,2.83332937643772e-05,2.83332937643772e-05,2.82831157318122e-05,2.82831157318122e-05,6.39122679846,0.00018092415680231547,-0.0017709918579283126,inf,0.9278699651025826,0.0017709918579283126
1735607340.0,2.82831157318122e-05,2.82831157318122e-05,2.80520152511606e-05,2.80520152511606e-05,48.1694618845,0.0013568164723213117,-0.008170969664125883,6.499366012266788,0.9262267149491696,0.008170969664125883
1735607400.0,2.80520152511606e-05,2.80520152511606e-05,2.80520152511606e-05,2.80520152511606e-05,0.0,0.0,0.0,-1.0,0.918658544559217,0.0
1735607460.0,2.80520152511606e-05,2.80520152511606e-05,2.78426333241854e-05,2.78426333241854e-05,4.40540345376,0.00012311923894026537,-0.007464060071995559,inf,0.918658544559217,0.007464060071995559
1735607520.0,2.78426333241854e-05,2.90956952137346e-05,2.78426333241854e-05,2.90956952137346e-05,198.745623027,0.005658121789692462,0.04500515001433907,44.95643896432508,0.911801621996975,0.04500515001433907
1735607580.0,2.90956952137346e-05,2.90956952137346e-05,2.90956952137346e-05,2.90956952137346e-05,0.0,0.0,0.0,-1.0,0.9528373907782666,0.0
1735607640.0,2.90956952137346e-05,2.96687304425823e-05,2.90956952137346e-05,2.96687304425823e-05,188.88,0.005549712358982568,0.01969484573708336,inf,0.9528373907782666,0.01969484573708336
1735607700.0,2.96687304425823e-05,3.15680383365828e-05,2.96687304425823e-05,3.15680383365828e-05,216.41275880874,0.006626209036016018,0.06401716101995743,0.19397341833240625,0.9716033762021695,0.06401716101995743
1735607760.0,3.15680383365828e-05,3.15680383365828e-05,3.15680383365828e-05,3.15680383365828e-05,0.0,0.0,0.0,-1.0,1.033802665984038,0.0
1735607820.0,3.15680383365828e-05,3.15680383365828e-05,3.15680383365828e-05,3.15680383365828e-05,0.0,0.0,0.0,0.0,1.033802665984038,0.0
1735607880.0,3.15680383365828e-05,3.15680383365828e-05,3.15680383365828e-05,3.15680383365828e-05,0.0,0.0,0.0,0.0,1.033802665984038,0.0
1735607940.0,3.15680383365828e-05,3.15680383365828e-05,3.14470087589766e-05,3.14470087589766e-05,2.15566413356,6.791963844924583e-05,-0.003833927731453136,inf,1.033802665984038,0.003833927731453136
1735608000.0,3.14470087589766e-05,3.14470087589766e-05,3.14470087589766e-05,3.14470087589766e-05,0.0,0.0,0.0,-1.0,1.0298391412740717,0.0
1735608060.0,3.14470087589766e-05,3.14470087589766e-05,3.14470087589766e-05,3.14470087589766e-05,0.0,0.0,0.0,0.0,1.0298391412740717,0.0
1735608120.0,3.14470087589766e-05,3.1456948477221e-05,3.14470087589766e-05,3.1456948477221e-05,1.61391233436,5.0760736231776636e-05,0.00031607833738899203,inf,1.0298391412740717,0.00031607833738899203
1735608180.0,3.1456948477221e-05,3.1456948477221e-05,3.1456948477221e-05,3.1456948477221e-05,0.0,0.0,0.0,-1.0,1.0301646511176237,0.0
1735608240.0,3.1456948477221e-05,3.1456948477221e-05,3.1456948477221e-05,3.1456948477221e-05,0.0,0.0,0.0,0.0,1.0301646511176237,0.0
1735608300.0,3.1456948477221e-05,3.1456948477221e-05,3.1456948477221e-05,3.1456948477221e-05,0.0,0.0,0.0,0.0,1.0301646511176237,0.0
1735608360.0,3.1456948477221e-05,3.1456948477221e-05,3.1456948477221e-05,3.1456948477221e-05,0.0,0.0,0.0,0.0,1.0301646511176237,0.0
1735608420.0,3.1456948477221e-05,3.1456948477221e-05,3.14256342822235e-05,3.14256342822235e-05,3.6711049128,0.00011542427924887465,-0.0009954619412677365,inf,1.0301646511176237,0.0009954619412677365
1735608480.0,3.14256342822235e-05,3.14256342822235e-05,2.93825542096495e-05,2.93825542096495e-05,650.2749454526,0.019771020727312072,-0.06501316900164236,170.28996478013386,1.029139161414197,0.06501316900164236
1735608540.0,2.93825542096495e-05,2.93825542096495e-05,2.69433329227435e-05,2.69433329227435e-05,89.329703492,0.0025157873982302624,-0.08301597163751466,-0.8727537928906773,0.9622315631869671,0.08301597163751466
1735608600.0,2.69433329227435e-05,2.71517183955804e-05,2.69433329227435e-05,2.71517183955804e-05,28.0475496081,0.0007586168177017024,0.007734212891716787,-0.6984575015220469,0.8823509750287165,0.007734212891716787
1735608660.0,2.71517183955804e-05,2.71517183955804e-05,2.69732506794579e-05,2.69732506794579e-05,32.4810416364,0.0008790176870475908,-0.0065729805208775425,0.15871104691648358,0.8891752653148025,0.0065729805208775425
1735608720.0,2.69732506794579e-05,2.69732506794579e-05,2.69732506794579e-05,2.69732506794579e-05,0.0,0.0,0.0,-1.0,0.8833307336162421,0.0
1735608780.0,2.69732506794579e-05,2.69732506794579e-05,2.69732506794579e-05,2.69732506794579e-05,0.0,0.0,0.0,0.0,0.8833307336162421,0.0
1735608840.0,2.69732506794579e-05,2.82444229080239e-05,2.69732506794579e-05,2.82444229080239e-05,406.06447862635,0.011210967918130386,0.0471271425039657,inf,0.8833307336162421,0.0471271425039657
1735608900.0,2.82444229080239e-05,2.95209953876811e-05,2.82444229080239e-05,2.95209953876811e-05,32.40648728733,0.000935987146823532,0.045197329179437376,-0.9165114775406812,0.9249595869775074,0.045197329179437376
1735608960.0,2.95209953876811e-05,2.95209953876811e-05,2.95209953876811e-05,2.95209953876811e-05,0.0,0.0,0.0,-1.0,0.9667652899078062,0.0
1735609020.0,2.95209953876811e-05,2.95209953876811e-05,2.94428845375582e-05,2.94428845375582e-05,17.5990957342,0.0005188554838320799,-0.0026459422894491553,inf,0.9667652899078062,0.0026459422894491553
1735609080.0,2.94428845375582e-05,2.94428845375582e-05,2.94428845375582e-05,2.94428845375582e-05,0.0,0.0,0.0,-1.0,0.9642072847432676,0.0
1735609140.0,2.94428845375582e-05,2.94428845375582e-05,2.93866281651325e-05,2.93866281651325e-05,20.4627823972,0.0006019077584842366,-0.001910695005237622,inf,0.9642072847432676,0.001910695005237622
1735609200.0,2.93866281651325e-05,2.94807446309655e-05,2.93866281651325e-05,2.94807446309655e-05,3.7514394,0.00011041869084088511,0.0032026969989251697,-0.8165521389540673,0.9623649787002949,0.0032026969989251697
1735609260.0,2.94807446309655e-05,2.94807446309655e-05,2.94807446309655e-05,2.94807446309655e-05,0.0,0.0,0.0,-1.0,0.9654471421294489,0.0
1735609320.0,2.94807446309655e-05,2.94807446309655e-05,2.94807446309655e-05,2.94807446309655e-05,0.0,0.0,0.0,0.0,0.9654471421294489,0.0
1735609380.0,2.94807446309655e-05,2.94807446309655e-05,2.94807446309655e-05,2.94807446309655e-05,0.0,0.0,0.0,0.0,0.9654471421294489,0.0
1735609440.0,2.94807446309655e-05,2.94807446309655e-05,2.94807446309655e-05,2.94807446309655e-05,0.0,0.0,0.0,0.0,0.9654471421294489,0.0
1735609500.0,2.94807446309655e-05,3.51492950688159e-05,2.923854162352e-05,3.51492950688159e-05,998.87293308193,0.03227859866006111,0.1922797578150847,inf,0.9654471421294489,0.20049539179846437
1735609560.0,3.51492950688159e-05,3.51492950688159e-05,3.51492950688159e-05,3.51492950688159e-05,0.0,0.0,0.0,-1.0,1.1510830848013651,0.0
1735609620.0,3.51492950688159e-05,3.91927130110548e-05,3.51492950688159e-05,3.91927130110548e-05,577.98809491056,0.02148439781095496,0.115035534406099,inf,1.1510830848013651,0.115035534406099
1735609680.0,3.91927130110548e-05,3.99383754178658e-05,3.91927130110548e-05,3.99383754178658e-05,113.591,0.00449428973286476,0.019025536879793775,-0.7908114636299879,1.283498542607311,0.019025536879793775
1735609740.0,3.99383754178658e-05,4.06021007492169e-05,3.99383754178658e-05,4.06021007492169e-05,171.11597364264,0.006890880998486099,0.016618736350858088,0.5332525066410658,1.307917791464848,0.016618736350858088
1735609800.0,4.06021007492169e-05,4.13900269936683e-05,4.06021007492169e-05,4.13900269936683e-05,40.42953696,0.0016574518795050093,0.019406046236821847,-0.7594717018231565,1.329653732409799,0.019406046236821847
1735609860.0,4.13900269936683e-05,4.54646667267791e-05,4.13900269936683e-05,4.54646667267791e-05,574.441482118,0.024946469494839377,0.09844496438077037,14.051097291759403,1.3554570542199063,0.09844496438077037
1735609920.0,4.54646667267791e-05,4.54646667267791e-05,4.54646667267791e-05,4.54646667267791e-05,0.0,0.0,0.0,-1.0,1.488894975642249,0.0
1735609980.0,4.54646667267791e-05,4.54646667267791e-05,4.54646667267791e-05,4.54646667267791e-05,0.0,0.0,0.0,0.0,1.488894975642249,0.0
1735610040.0,4.54646667267791e-05,4.54646667267791e-05,4.04999910256718e-05,4.08223180272928e-05,813.9328303995,0.03511590486376012,-0.10210893499746958,inf,1.488894975642249,0.10919855040272551
1735610100.0,4.08223180272928e-05,4.08223180272928e-05,4.08223180272928e-05,4.08223180272928e-05,0.0,0.0,0.0,-1.0,1.3368654953563355,0.0
1735610160.0,4.08223180272928e-05,4.08223180272928e-05,4.08223180272928e-05,4.08223180272928e-05,0.0,0.0,0.0,0.0,1.3368654953563355,0.0
1735610220.0,4.08223180272928e-05,4.09299588764573e-05,4.08223180272928e-05,4.09299588764573e-05,0.07658620515,3.1305483252151063e-06,0.002636813742241139,inf,1.3368654953563355,0.002636813742241139
1735610280.0,4.09299588764573e-05,4.09299588764573e-05,4.09299588764573e-05,4.09299588764573e-05,0.0,0.0,0.0,-1.0,1.340390560666019,0.0
1735610340.0,4.09299588764573e-05,4.11134914748056e-05,4.09299588764573e-05,4.11134914748056e-05,1.8761163,7.696152725612253e-05,0.004484065056167598,inf,1.340390560666019,0.004484065056167598
1735610400.0,4.11134914748056e-05,4.11134914748056e-05,4.11134914748056e-05,4.11134914748056e-05,0.0,0.0,0.0,-1.0,1.3464009591407184,0.0
1735610460.0,4.11134914748056e-05,4.11134914748056e-05,4.05902171325042e-05,4.05902171325042e-05,60.76053055093,0.0024821803414793644,-0.012727557877736164,inf,1.3464009591407184,0.012727557877736164
1735610520.0,4.05902171325042e-05,4.05902171325042e-05,4.00697851397287e-05,4.00697851397287e-05,95.91628582576,0.003868303916324971,-0.01282161145077346,0.5584298415720614,1.3292645630066153,0.01282161145077346
1735610580.0,4.00697851397287e-05,4.00697851397287e-05,3.97233083960932e-05,3.97233083960932e-05,3.62246560016,0.00014452386823193204,-0.008646833079520915,-0.9626389571868916,1.3122212492644625,0.008646833079520915
1735610640.0,3.97233083960932e-05,3.97233083960932e-05,3.18023289009037e-05,3.18023289009037e-05,1411.6824703509,0.050485744176423535,-0.1994038214593558,348.3246118724415,1.3008746911586722,0.1994038214593558
1735610700.0,3.18023289009037e-05,3.18023289009037e-05,3.18023289009037e-05,3.18023289009037e-05,0.0,0.0,0.0,-1.0,1.0414753065018736,0.0
1735610760.0,3.18023289009037e-05,3.18023289009037e-05,3.12768961926017e-05,3.15013966117874e-05,251.523941704,0.007961201282750067,-0.009462586531131405,inf,1.0414753065018736,0.016521831150770588
1735610820.0,3.15013966117874e-05,3.15013966117874e-05,3.12102426599708e-05,3.12612995122394e-05,38.290344996,0.0012016026437340493,-0.007621792217877616,-0.8490676719432253,1.031620256294063,0.009242572810491045
1735610880.0,3.12612995122394e-05,3.14661387156618e-05,3.07604176208598e-05,3.07604176208598e-05,222.58348906208,0.006902505098553303,-0.016022427064604213,4.744415705597461,1.0237574610528362,0.022574912297734052
1735610940.0,3.07604176208598e-05,3.07604176208598e-05,3.04001908392133e-05,3.04001908392133e-05,20.87195449035,0.0006382707181903805,-0.0117107246750193,-0.9075305691082857,1.0073543818012727,0.0117107246750193
1735611000.0,3.04001908392133e-05,3.41202997829244e-05,3.04001908392133e-05,3.41202997829244e-05,597.1931,0.019265595904077667,0.12237123652896689,29.184050991246025,0.9955575319858236,0.12237123652896689
1735611060.0,3.41202997829244e-05,3.53577080190563e-05,3.41202997829244e-05,3.53577080190563e-05,279.01223949394,0.009692607276204036,0.03626604232683687,-0.4968955372850656,1.1173851382106554,0.03626604232683687
1735611120.0,3.53577080190563e-05,3.53577080190563e-05,3.53577080190563e-05,3.53577080190563e-05,0.0,0.0,0.0,-1.0,1.1579082749283816,0.0
1735611180.0,3.53577080190563e-05,3.70813980295943e-05,3.53577080190563e-05,3.70813980295943e-05,189.07495454694,0.00684821034178479,0.04875004934168829,inf,1.1579082749283816,0.04875004934168829
1735611240.0,3.70813980295943e-05,3.76081255834371e-05,3.70813980295943e-05,3.76081255834371e-05,94.495,0.003528893266906701,0.014204630403158473,-0.48469846999661576,1.2143563604642893,0.014204630403158473
1735611300.0,3.76081255834371e-05,3.76081255834371e-05,3.76081255834371e-05,3.76081255834371e-05,0.0,0.0,0.0,-1.0,1.2316058437424091,0.0
1735611360.0,3.76081255834371e-05,3.76081255834371e-05,3.76081255834371e-05,3.76081255834371e-05,0.0,0.0,0.0,0.0,1.2316058437424091,0.0
1735611420.0,3.76081255834371e-05,3.93174615644703e-05,3.76081255834371e-05,3.88851344818749e-05,329.03492234166,0.012584476942625166,0.03395566459712647,inf,1.2316058437424091,0.04545124104206906
1735611480.0,3.88851344818749e-05,3.88851344818749e-05,3.78753741992817e-05,3.78753741992817e-05,184.41352184319,0.0070778378721834245,-0.02596777138738886,-0.4375739329928032,1.2734258386883874,0.02596777138738886
1735611540.0,3.78753741992817e-05,3.89131789114993e-05,3.78753741992817e-05,3.89131789114993e-05,437.88057872112,0.016812108037653123,0.02740051376805361,1.3753169175753948,1.2403578076305335,0.02740051376805361
1735611600.0,3.89131789114993e-05,4.02418144626543e-05,3.89131789114993e-05,4.02418144626543e-05,0.05658596306,2.2395307655422e-06,0.034143588067598575,-0.9998667906035027,1.2743442488158268,0.034143588067598575
1735611660.0,4.02418144626543e-05,4.28841129970958e-05,4.02418144626543e-05,4.28841129970958e-05,378.54108827751,0.015733289522345578,0.06566052176632449,7024.261614808171,1.3178549339037076,0.06566052176632449
1735611720.0,4.28841129970958e-05,4.28841129970958e-05,3.59741400928829e-05,4.25038151553051e-05,2917.5586373349,0.12456214365258458,-0.008868035624671877,6.917107447598434,1.4043859764761502,0.16113130064461997
1735611780.0,4.25038151553051e-05,4.25038151553051e-05,3.29121922154023e-05,3.29121922154023e-05,543.72619870226,0.020502829504488177,-0.2256649880688564,-0.8354007975194094,1.39193183160597,0.2256649880688564
1735611840.0,3.29121922154023e-05,3.36183206101756e-05,3.29121922154023e-05,3.315146773546e-05,199.2932588003,0.0065830210399411065,0.007270117970012408,-0.6789213391985701,1.0778215514339473,0.0214549182914301
1735611900.0,3.315146773546e-05,3.34142453328461e-05,3.315146773546e-05,3.34142453328461e-05,0.67914397884,2.2603851613765594e-05,0.007926575060959602,-0.9965663406699414,1.0856574412634938,0.007926575060959602
1735611960.0,3.34142453328461e-05,3.34142453328461e-05,3.32764426170132e-05,3.32764426170132e-05,38.21601145164,0.0012743260472047864,-0.00412407087037935,55.37650029646852,1.0942629864621585,0.00412407087037935
1735612020.0,3.32764426170132e-05,3.32764426170132e-05,3.32764426170132e-05,3.32764426170132e-05,0.0,0.0,0.0,-1.0,1.0897501683551554,0.0
1735612080.0,3.32764426170132e-05,3.32764426170132e-05,3.32764426170132e-05,3.32764426170132e-05,0.0,0.0,0.0,0.0,1.0897501683551554,0.0
1735612140.0,3.32764426170132e-05,3.32764426170132e-05,3.08460143536131e-05,3.08460143536131e-05,398.56770281514,0.012778570186822595,-0.07303750257719852,inf,1.0897501683551554,0.07303750257719852
1735612200.0,3.08460143536131e-05,3.08460143536131e-05,3.08460143536131e-05,3.08460143536131e-05,0.0,0.0,0.0,-1.0,1.0101575376254133,0.0
1735612260.0,3.08460143536131e-05,3.08460143536131e-05,3.05497573924936e-05,3.05497573924936e-05,51.72649914858,0.0015878941674756998,-0.00960438381838464,inf,1.0101575376254133,0.00960438381838464
1735612320.0,3.05497573924936e-05,3.05497573924936e-05,3.05497573924936e-05,3.05497573924936e-05,0.0,0.0,0.0,-1.0,1.0004555969170246,0.0
1735612380.0,3.05497573924936e-05,3.05497573924936e-05,3.05497573924936e-05,3.05497573924936e-05,0.0,0.0,0.0,0.0,1.0004555969170246,0.0
1735612440.0,3.05497573924936e-05,3.05497573924936e-05,2.93738294456269e-05,2.94441371370916e-05,198.8314942224,0.005964337846769248,-0.03619080312806875,inf,1.0004555969170246,0.03849221883364739
1735612500.0,2.94441371370916e-05,3.83393220438478e-05,2.9319464051093e-05,3.79536127828782e-05,1429.23690300652,0.04816367568261278,0.2890040759614237,7.075276236858715,0.964248305370626,0.3063379969587301
1735612560.0,3.79536127828782e-05,5.42717224759894e-05,3.79536127828782e-05,5.40059163538348e-05,2487.18569787112,0.11436021282589756,0.42294533758320335,1.3744079164452538,1.2429199958616324,0.4299487847563408
1735612620.0,5.40059163538348e-05,5.45726880639717e-05,3.07889592518286e-05,3.77751381845599e-05,5997.53564828004,0.27523007321537835,-0.3005370386261838,1.4066943075245033,1.7686072131002444,0.440391172261894
1735612680.0,3.77751381845599e-05,4.61149421529738e-05,3.77751381845599e-05,4.58676895476089e-05,1292.98463711154,0.05407444563113067,0.21422956346342958,-0.803530024900966,1.2370752387821888,0.22077494270617087
1735612740.0,4.58676895476089e-05,4.65536382483399e-05,4.45779224003568e-05,4.48956520636244e-05,388.31540452977,0.01762240185711988,-0.02119220509189945,-0.6741085063112573,1.502093327157915,0.043074239567536546
1735612800.0,4.48956520636244e-05,4.72003278401912e-05,4.29514530987426e-05,4.72003278401912e-05,1394.56077540718,0.06421672057327459,0.051334052867763325,2.64403905290183,1.470260657301611,0.09463889143267716
1735612860.0,4.72003278401912e-05,5.45737624525324e-05,4.72003278401912e-05,5.38528628860567e-05,1052.53431918095,0.05318097565105701,0.14094256015317014,-0.1718515804559845,1.5457350956129243,0.15621574996906482
1735612920.0,5.38528628860567e-05,5.38528628860567e-05,5.32383394767557e-05,5.32383394767557e-05,65.33408844075,0.00349835304319912,-0.011411155811738814,-0.9342179604572639,1.7635949573072152,0.011411155811738814
1735612980.0,5.32383394767557e-05,5.74717196338119e-05,5.10644198389698e-05,5.10644198389698e-05,869.18163909079,0.045329021651867224,-0.0408337235750009,11.957246193315994,1.7434703004605856,0.12035123292377624
1735613040.0,5.10644198389698e-05,5.10644198389698e-05,4.5434313716959e-05,5.00766125547371e-05,1458.27946251101,0.07374594517845177,-0.019344335788945136,0.6269035265051652,1.6722779161503543,0.11025497087336313
1735613100.0,5.00766125547371e-05,5.36829482251967e-05,4.64541987876604e-05,5.36829482251967e-05,2333.35879039625,0.12105414161675623,0.07201636625316127,0.6415023405534668,1.6399288106079044,0.14435380247884763
1735613160.0,5.36829482251967e-05,7.38306682560349e-05,5.36829482251967e-05,7.1110675258619e-05,3099.02344491436,0.19336918247608006,0.32464176446334597,0.5973776683185702,1.7580305244617545,0.37530949206291253
1735613220.0,7.1110675258619e-05,7.15228203570756e-05,6.42055852400245e-05,6.98500643789413e-05,1948.2843518119,0.1373158016278451,-0.01772744915011776,-0.28987752924470694,2.32876065590344,0.10289924952110771
1735613280.0,6.98500643789413e-05,8.27452019971817e-05,6.68103893760184e-05,8.05261061963916e-05,3890.49988971348,0.2925192375194341,0.15284226166968234,1.1302663936101336,2.287477669793117,0.22812881795950637
1735613340.0,8.05261061963916e-05,8.05261061963916e-05,5.20863647459789e-05,6.32021871132739e-05,7102.73104003,0.5104317051105486,-0.21513419562181674,0.7449508943036167,2.6371009303631916,0.3531741790799155
1735613400.0,6.32021871132739e-05,8.18722527293131e-05,6.28071426846126e-05,8.18722527293131e-05,2589.50542202809,0.1878355242850335,0.2954022078789431,-0.6320065497413561,2.069770342935962,0.30165269455835625
1735613460.0,8.18722527293131e-05,0.000273950530502,8.08609381243099e-05,0.000273950530502,26748.2220697309,4.758813411670441,2.3460729535284455,24.335002150334013,2.681185072041602,2.3584253021116313
1735613520.0,0.000273950530502,0.000273950530502,9.93355289865973e-05,0.0001508415460321,29364.80917429373,6.236969133087912,-0.44938399733816625,0.3106143472220332,8.97144085296262,0.6373961064993372
1735613580.0,0.0001508415460321,0.0001721656499352,0.0001388883773498,0.000161397733195,11451.7743657593,1.7878468869180317,0.06998196080974657,-0.7133468438326435,4.93981890057535,0.22061078967142386
1735613640.0,0.000161397733195,0.0001658439442476,0.000100238789165,0.0001229319782531,12839.51683697781,1.8253280586954612,-0.23832896646340032,0.020964419297695658,5.28551711328266,0.4064812670159137
1735613700.0,0.0001229319782531,0.0001327812415747,0.0001096328787648,0.0001327812415747,4672.27124259824,0.5973807616768161,0.08011961949657814,-0.6727269058123412,4.0258252824493885,0.18830220695090988
1735613760.0,0.0001327812415747,0.0001335880293219,0.0001055429926244,0.0001098363228892,4053.58093606978,0.49173496703327296,-0.1728024110438194,-0.17684833764482302,4.348372872238937,0.2112123396716579
1735613820.0,0.0001098363228892,0.0001185616726638,0.0001091964111569,0.0001150164326001,2905.19485799585,0.32662053452685624,0.04716208240260876,-0.335779319299952,3.5969635557985113,0.08526561396585926
1735613880.0,0.0001150164326001,0.0001378079223457,0.0001076476432308,0.0001090797469392,5721.64984855142,0.6410999358609939,-0.05161597805368583,0.962828016277953,3.766603847416261,0.26222582663265265
1735613940.0,0.0001090797469392,0.0001462995330467,9.96140105296757e-05,0.0001290178455777,8464.84848753785,1.0077300229515422,0.1827846066567545,0.5718766553894067,3.572186905891095,0.4279944153431743
1735614000.0,0.0001290178455777,0.0001412819968331,0.000128455110066,0.0001412819968331,2486.08473032443,0.3359941554132948,0.09505778987771121,-0.6665831643784901,4.2251276843888075,0.09941947727979315
1735614060.0,0.0001412819968331,0.000142738365789,0.0001261097845765,0.000126805576547,2075.4138419284,0.2781963303210276,-0.1024647202799757,-0.17202032880950596,4.62675898401794,0.11769780711794278
1735614120.0,0.000126805576547,0.0001300089561854,0.0001104434401567,0.0001106630956537,2754.66273754064,0.3270730513222606,-0.12730103306865878,0.17569146560930987,4.152679418917677,0.15429539111356122
1735614180.0,0.0001106630956537,0.0001265057325812,0.0001106630956537,0.0001265057325812,1690.59606691624,0.2004783441045276,0.14316097732415373,-0.3870533102802192,3.6240390388864987,0.14316097732415373
1735614240.0,0.0001265057325812,0.0001344043815369,0.0001250977146881,0.0001344043815369,1268.95039867152,0.16554099666379737,0.0624370832415053,-0.17426993223025733,4.142860009554377,0.07356715509177691
1735614300.0,0.0001344043815369,0.0001604646230927,0.0001314320965957,0.0001332715407285,4872.07294637983,0.6520683096332628,-0.008428600284053855,2.9390140374566527,4.401528104828826,0.2160087801083275
1735614360.0,0.0001332715407285,0.0001440526235045,0.000127668260364,0.0001289360670538,2614.75556221705,0.3428044004521978,-0.03253112893421261,-0.47428145887813755,4.364429383794195,0.12293969928567212
1735614420.0,0.0001289360670538,0.000151977653258,0.0001289360670538,0.000144974674801,4039.12507002702,0.5531798721877109,0.12439194178699202,0.6136895309920295,4.22244956878572,0.17870551452903893
1735614480.0,0.000144974674801,0.0001502969817363,0.0001357581936965,0.0001369947367951,1692.002144624,0.2385464245694843,-0.05504366895013675,-0.5687724073797498,4.747688269744623,0.1002850191577025
1735614540.0,0.0001369947367951,0.0001512510894574,0.0001337856549258,0.0001512510894574,2025.52551209106,0.2919246374141029,0.10406496625941833,0.22376446404909536,4.4863580883463525,0.12748982143542248
1735614600.0,0.0001512510894574,0.0001561343859335,0.0001500180430009,0.0001500180430009,1203.73360017336,0.18132388871756716,-0.008152314544797146,-0.37886746961903606,4.953230791437784,0.04043833968100213
1735614660.0,0.0001500180430009,0.00017649444303,0.0001222622909752,0.00017649444303,7737.45271357196,1.2631874605274571,0.17648810436049442,5.966470162654724,4.912850496013009,0.3615041962284139
1735614720.0,0.00017649444303,0.0002075815923004,0.00015991818075,0.0001759950948715,9963.77509433218,1.7560632393778126,-0.002829257113863432,0.3901841921740975,5.7799101670608595,0.2700561600248134
1735614780.0,0.0001759950948715,0.000200642282856,0.0001668028083496,0.000177637372539,8358.33366295476,1.477889078335467,0.009331383176895205,-0.1584078265546433,5.763557315103212,0.19227510022996575
1735614840.0,0.000177637372539,0.0001901148594968,0.000177637372539,0.000183890955658,3371.2811721299,0.6094068230210727,0.03520420860552328,-0.5876504996522187,5.817339276872437,0.0702413393052219
1735614900.0,0.000183890955658,0.0002029967283155,0.0001709362484757,0.0001830528509219,8406.27017897632,1.542314389306334,-0.004557618035650981,1.5308452925756004,6.022134102304558,0.17434506077300505
1735614960.0,0.0001830528509219,0.000188397718389,0.0001459749338969,0.0001459749338969,5556.38027254473,0.9141017463431363,-0.20255307053818794,-0.4073181494764763,5.994687515306786,0.23175156397973729
1735615020.0,0.0001459749338969,0.000164695911856,0.0001454009428602,0.0001532714852933,4093.6154967508,0.6124998894720943,0.04998496112732243,-0.3299434204973354,4.7804451521644555,0.13218001529925508
1735615080.0,0.0001532714852933,0.0001906628534816,0.0001532714852933,0.0001779884671226,6783.42389785237,1.1235383388097275,0.1612627540080377,0.8343486392758219,5.019395517266693,0.24395515001859583
1735615140.0,0.0001779884671226,0.0001979211472484,0.0001651465037312,0.0001681972288902,6188.75901924493,1.0712299242663998,-0.05501052057297457,-0.04655685768475247,5.828837061836719,0.18413914141203613
1735615200.0,0.0001681972288902,0.0001870472351477,0.0001062518061206,0.0001213592388359,19247.10764919268,2.786562252422116,-0.27847064046980274,1.6012737221940574,5.508189700730034,0.48036123757926874
1735615260.0,0.0001213592388359,0.0001213592388359,0.0001009398015746,0.0001009398015746,2891.12514402608,0.3213471726118331,-0.1682561414950109,-0.8846797080049031,3.97432058693857,0.1682561414950109
1735615320.0,0.0001009398015746,0.0001293074955866,0.0001004096248632,0.0001276335693808,5198.42361163021,0.5941106042822312,0.2644523507059985,0.8488122968484273,3.305616739916099,0.2862881665369919
1735615380.0,0.0001276335693808,0.0001316528469986,0.0001186865398836,0.0001204591337841,3201.93121700918,0.3971878854879427,-0.05621119609445996,-0.3314580103012951,4.179794857320011,0.10159010029966715
1735615440.0,0.0001204591337841,0.00012106246856,0.0001038996032972,0.0001041633820457,1614.18810201082,0.18129149624810012,-0.1352803330597331,-0.5435623721871963,3.9448435889605804,0.14247873717539064
1735615500.0,0.0001041633820457,0.0001041633820457,8.78435225851636e-05,8.8807977136319e-05,2471.24507686356,0.23843976067711706,-0.14741653552151443,0.3152285993095268,3.4111838343774403,0.1566755911724941
1735615560.0,8.8807977136319e-05,0.0001039414749669,8.8807977136319e-05,9.87640784096898e-05,1968.55167345072,0.1846226419188435,0.11210818661130327,-0.2257053043730821,2.9083189314865225,0.17040696476343897
1735615620.0,9.87640784096898e-05,0.0001043194188665,8.2786412039848e-05,8.56123406082162e-05,4096.31483077838,0.37763192983442867,-0.13316317038790162,1.0454258801064513,3.2343652929827997,0.21802468238836298
1735615680.0,8.56123406082162e-05,9.24135254933891e-05,8.48418419147531e-05,8.48418419147531e-05,1693.93485193716,0.14436914021705782,-0.00899985548799664,-0.6176987992504873,2.803666956376616,0.0884414971585223
1735615740.0,8.48418419147531e-05,9.98326292059785e-05,8.06182288937573e-05,9.10628511129604e-05,3732.86846927672,0.32831454110047614,0.07332477770176186,1.2741324122790918,2.778434358932755,0.22647316322443048
1735615800.0,9.10628511129604e-05,0.0001099043169775,9.10628511129604e-05,0.0001050692289514,3499.36447793292,0.3431688169801591,0.15381000778314266,0.0452440389325827,2.9821624406604363,0.2069061712241735
1735615860.0,0.0001050692289514,0.000105534825459,8.44941164559879e-05,8.44941164559879e-05,3040.87305067163,0.2882190342222418,-0.19582434077753785,-0.16012463848396313,3.440848868869014,0.20025567155103546
1735615920.0,8.44941164559879e-05,8.51554710724867e-05,8.21210243964457e-05,8.24235065377791e-05,624.9139888818,0.0521545787998517,-0.024505965682088224,-0.8190453349460743,2.7670469074076025,0.03591311209960534
1735615980.0,8.24235065377791e-05,8.59932362377336e-05,8.24235065377791e-05,8.47838046800766e-05,570.35450594071,0.047683721689667315,0.02863622577396242,-0.08572319464685423,2.6992377508539436,0.04330960729410739
1735616040.0,8.47838046800766e-05,8.56592909599767e-05,8.10770870262915e-05,8.15060496988006e-05,1692.55344325235,0.14072723280345026,-0.03866015442034345,1.9512636140132649,2.7765337325049995,0.05404574554038587
1735616100.0,8.15060496988006e-05,8.33374771542884e-05,8.14045213221209e-05,8.14045213221209e-05,678.21596177548,0.05524427480417346,-0.0012456544888986539,-0.6074372123742988,2.6691925096530635,0.023715489087136436
1735616160.0,8.14045213221209e-05,0.0001040945610269,8.14045213221209e-05,0.0001035766517714,4751.13745243128,0.43943548973965024,0.27236976631240317,6.954407787908058,2.6658676180216796,0.2787319344953055
1735616220.0,0.0001035766517714,0.0001035766517714,9.7142133662396e-05,9.7142133662396e-05,810.8379626505,0.081375205523411,-0.062123248810990565,-0.814818767661158,3.391969358162047,0.062123248810990565
1735616280.0,9.7142133662396e-05,9.86269633119909e-05,8.84027861450783e-05,8.90571935456401e-05,1195.33426653264,0.11128521810854443,-0.08322794457916671,0.36755683002887846,3.1812492017656906,0.10524966645724818
1735616340.0,8.90571935456401e-05,8.90571935456401e-05,8.67802782251911e-05,8.67981863338874e-05,325.97240667186,0.028662000702761887,-0.025365802826416282,-0.7424455719284677,2.916480369508617,0.025566888308490437
1735616400.0,8.67981863338874e-05,8.67981863338874e-05,8.61762457021934e-05,8.645388161741e-05,115.95893989288,0.010045063066940828,-0.003966727082901953,-0.6495337791973161,2.842501503508548,0.007165364369499344
1735616460.0,8.645388161741e-05,8.93401722502763e-05,8.55265784483186e-05,8.90916864725367e-05,482.17571105066,0.04232190455778105,0.030511121140863875,3.2132044642971036,2.831226075811391,0.04411130802471352
1735616520.0,8.90916864725367e-05,8.95491753370472e-05,8.81567920748565e-05,8.95491753370472e-05,319.78661864488,0.02856347857494706,0.0051350342846134015,-0.3250899534554253,2.917609957587645,0.015628655347319293
1735616580.0,8.95491753370472e-05,9.50304432222005e-05,8.95491753370472e-05,9.50304432222005e-05,434.41862251541,0.040092411819464095,0.06120958528677427,0.4036249721568937,2.932591984748987,0.06120958528677427
1735616640.0,9.50304432222005e-05,0.0001003259870482,9.50304432222005e-05,0.0001003259870482,502.7233412,0.04910511867522028,0.05572470932938241,0.224798320847854,3.112094723950791,0.05572470932938241
1735616700.0,0.0001003259870482,0.000117822979063,0.0001003259870482,0.000117822979063,2553.0719505337,0.27847500320821567,0.17440139419105694,4.670997458534631,3.285515297848453,0.17440139419105694
1735616760.0,0.000117822979063,0.0001215511210906,0.0001137012373057,0.0001137012373057,939.98904810704,0.10881511387907135,-0.034982494841656525,-0.6092463861192227,3.858513746429269,0.0666243872572826
1735616820.0,0.0001137012373057,0.0001137012373057,0.0001117244817692,0.0001123655507347,135.10634440392,0.015271528661637132,-0.011747335408574576,-0.8596561808628099,3.7235333091983462,0.017385523529398685
1735616880.0,0.0001123655507347,0.0001123655507347,0.000111516960039,0.000111516960039,39.8005084857,0.004455318884924234,-0.0075520539004303704,-0.7082597961449514,3.679791714510194,0.0075520539004303704
1735616940.0,0.000111516960039,0.000111516960039,0.0001075258317936,0.0001075258317936,743.89641634699,0.08147257393545544,-0.035789428298657104,17.28658644640224,3.652001729139856,0.035789428298657104
1735617000.0,0.0001075258317936,0.0001075301908436,0.0001057811964429,0.0001062674587734,376.76181920274,0.04027457454368146,-0.01170298335952894,-0.5056670901843857,3.521298675108233,0.01626580675104441
1735617060.0,0.0001062674587734,0.0001062784533714,0.0001051089580479,0.0001060095017975,333.31778024962,0.03537784264781425,-0.002427431491046096,-0.12158370265479165,3.4800889753095103,0.011005206457357478
1735617120.0,0.0001060095017975,0.0001135967782074,0.0001060095017975,0.0001135967782074,675.96345599232,0.07422290999486465,0.0715716636834428,1.0980055435757432,3.4716412977392017,0.0715716636834428
1735617180.0,0.0001135967782074,0.0001137782530246,0.0001089259558878,0.0001089259558878,402.0099785621,0.044728179781595614,-0.041117559787410635,-0.3973804074147689,3.7201124411305426,0.042715094682886964
1735617240.0,0.0001089259558878,0.0001281283308287,0.0001089259558878,0.0001281283308287,1671.0968791736,0.19807033936333346,0.176288330769202,3.4283120916276104,3.5671504954164672,0.176288330769202
1735617300.0,0.0001281283308287,0.0001281283308287,0.0001281283308287,0.0001281283308287,0.0,0.0,0.0,-1.0,4.1959975018559685,0.0
1735617360.0,0.0001281283308287,0.0001281539798963,0.0001281283308287,0.0001281539798963,9.4815,0.001214970364569544,0.0002001826405925213,inf,4.1959975018559685,0.0002001826405925213
1735617420.0,0.0001281539798963,0.0001321943085044,0.0001281539798963,0.0001293985918059,824.52956051354,0.10617985437737347,0.009711847502567705,86.39295827597599,4.19683746771581,0.03152714111079011
1735617480.0,0.0001293985918059,0.0001293985918059,0.0001088019094737,0.0001088019094737,1576.0340578158,0.1877060513027228,-0.15917238390890187,0.7678122879656375,4.237596513195328,0.15917238390890187
1735617540.0,0.0001088019094737,0.0001088019094737,9.78623334781256e-05,9.78623334781256e-05,1032.68100973369,0.10670911954366995,-0.10054580887864611,-0.43150943295069966,3.5630881741459772,0.10054580887864611
1735617600.0,9.78623334781256e-05,9.78623334781256e-05,9.51044826193392e-05,9.51044826193392e-05,258.1844662054,0.02491051720473977,-0.02818092273880672,-0.7665568105962554,3.2048345915705316,0.02818092273880672
1735617660.0,9.51044826193392e-05,9.51044826193392e-05,9.51044826193392e-05,9.51044826193392e-05,0.0,0.0,0.0,-1.0,3.114519395554827,0.0
1735617720.0,9.51044826193392e-05,9.51044826193392e-05,8.56182755054022e-05,8.72593518683303e-05,1321.3325610797,0.12048163623595344,-0.08248960022641054,inf,3.114519395554827,0.09974511035306352
1735617780.0,8.72593518683303e-05,9.12602672794694e-05,8.72593518683303e-05,9.07343299276421e-05,669.32850127777,0.059568122136705245,0.03982356028217293,-0.5055833901521228,2.857603935718108,0.045850849513256284
1735617840.0,9.07343299276421e-05,9.47599441275598e-05,9.07343299276421e-05,9.47599441275598e-05,365.43379641657,0.033892938390764044,0.04436704611284411,-0.4310222116288676,2.9714038983147524,0.04436704611284411
1735617900.0,9.47599441275598e-05,9.47599441275598e-05,9.40109302340244e-05,9.40109302340244e-05,112.40003477381,0.010608926421262294,-0.007904330257172005,-0.6869871151639875,3.103236312091168,0.007904330257172005
1735617960.0,9.40109302340244e-05,9.56570904432135e-05,9.31935994949765e-05,9.56570904432135e-05,343.33409721678,0.032559749325056515,0.017510306568515602,2.069089937300406,3.078707307414351,0.026204303500715856
1735618020.0,9.56570904432135e-05,0.0001001277610147,9.56570904432135e-05,0.0001001277610147,456.4395358932,0.044681973367184574,0.0467364264454656,0.37230704453855673,3.1326164162019055,0.0467364264454656
1735618080.0,0.0001001277610147,0.0001158638661094,0.0001001277610147,0.0001113109830997,1994.9557847996,0.21090547285089234,0.11168952517931728,3.720146783082458,3.279023712919584,0.15716026140232728
1735618140.0,0.0001113109830997,0.0001113109830997,9.48701617676885e-05,9.63448399912694e-05,1510.3829047111,0.15681990263015635,-0.13445342671194985,-0.2564446028338669,3.645256314467294,0.14770169909725478
1735618200.0,9.63448399912694e-05,0.0001046020845226,9.63448399912694e-05,0.0001046020845226,817.67216216478,0.08215435312380921,0.08570510400016093,-0.4761229171429737,3.155139111743793,0.08570510400016093
1735618260.0,0.0001046020845226,0.0001046020845226,0.0001009198489487,0.0001010600168675,777.70511050402,0.07997223364403834,-0.03386230466883969,-0.026561215526611826,3.4255506374507703,0.035202315429043264
1735618320.0,0.0001010600168675,0.0001025892685216,0.0001010600168675,0.0001019763172822,163.8219028181,0.016630899300807717,0.00906689354605352,-0.792041580646191,3.3095535981068744,0.015132113584594068
1735618380.0,0.0001019763172822,0.0001019763172822,0.0001010957851416,0.0001010957851416,143.93425162544,0.014614515544187178,-0.008634672873734896,-0.12124321843032317,3.339560968265868,0.008634672873734896
1735618440.0,0.0001010957851416,0.0001017407010593,0.0001000915407167,0.0001017407010593,384.827607261,0.0390285398249606,0.006379256235031965,1.6705325747512674,3.3107249517629986,0.016312849643435757
1735618500.0,0.0001017407010593,0.0001023356990348,0.0001017407010593,0.0001023356990348,23.14473214053,0.002361646808190788,0.005848180416539491,-0.939489234832188,3.3318449145540088,0.005848180416539491
1735618560.0,0.0001023356990348,0.0001069897660342,0.0001023356990348,0.0001069897660342,401.59829852816,0.04203237530516309,0.045478430726479356,16.79790913670249,3.3513301447342503,0.045478430726479356
1735618620.0,0.0001069897660342,0.0001070582088706,0.0001056871835458,0.0001056871835458,115.47676416564,0.012279622975058685,-0.012174832572151047,-0.7078532229999788,3.5037433805631086,0.01281454643392481
1735618680.0,0.0001056871835458,0.0001061719537333,0.0001056871835458,0.0001061719537333,56.925,0.006030040694806383,0.00458683987249907,-0.5089392640918957,3.4610858915289704,0.00458683987249907
1735618740.0,0.0001061719537333,0.0001175806813548,0.0001061719537333,0.0001175806813548,990.4554811561,0.11080851192306466,0.10745519151091723,17.37608028391964,3.4769613382983797,0.10745519151091723
1735618800.0,0.0001175806813548,0.0001178900191149,0.0001159884655947,0.0001159884655947,260.9170813824,0.03047109006152022,-0.013541474175468318,-0.7250112871953684,3.850578884781287,0.016172329487205896
1735618860.0,0.0001159884655947,0.0001175340387444,0.0001141284023224,0.0001175340387444,462.1186213553,0.05395754888031098,0.013325231451036795,0.7707784254311973,3.7984363702524178,0.02936185425454589
1735618920.0,0.0001175340387444,0.0001175340387444,0.0001105540908307,0.0001122424313896,994.35248682703,0.11423940224603985,-0.04502191374796198,1.1172088913721139,3.849051414038067,0.05938660823933068
1735618980.0,0.0001122424313896,0.0001122424313896,0.0001105557065116,0.0001105557065116,245.5737188256,0.02735668363590827,-0.01502751550476737,-0.760531978476309,3.6757597532637742,0.01502751550476737
1735619040.0,0.0001105557065116,0.0001105557065116,0.000109762434179,0.000109762434179,9.48,0.001044307986873444,-0.007175317834152355,-0.9618262213076628,3.6205222165798028,0.007175317834152355
1735619100.0,0.000109762434179,0.000109762434179,0.0001086468748049,0.0001086468748049,103.47320446632,0.011299755542919374,-0.01016339863856106,9.820328566814602,3.5945438189502332,0.01016339863856106
1735619160.0,0.0001086468748049,0.0001224067945604,0.0001086468748049,0.0001224067945604,1193.8419165,0.13792077772471356,0.12664809531069393,11.205642608891406,3.558011037194466,0.12664809531069393
1735619220.0,0.0001224067945604,0.0001384117138919,0.0001224067945604,0.0001343823305861,3300.22662469229,0.4237311538699599,0.09783391574550887,2.072279324843402,4.008626358149572,0.13075188668225915
1735619280.0,0.0001343823305861,0.0001374190383256,0.0001313822977869,0.0001374190383256,970.456719115,0.13188573236250709,0.022597522503558235,-0.6887513906919814,4.400805971528003,0.04492213010721829
1735619340.0,0.0001374190383256,0.0001429069262662,0.0001364616,0.0001364616,710.46285684656,0.09729101036988262,-0.0069672902478871935,-0.2623082980464926,4.500253283503401,0.0469027170087485
1735619400.0,0.0001364616,0.0001371888445307,0.0001334894800173,0.0001363044808693,584.03750989568,0.07965281132745483,-0.001151379807213315,-0.1812932045352452,4.468898712688225,0.027109197850530897
1735619460.0,0.0001363044808693,0.0001441785728344,0.0001363044808693,0.0001441785728344,984.14735144189,0.1380183272134149,0.05776840141191202,0.7327489753753683,4.4637533129499545,0.05776840141191202
1735619520.0,0.0001441785728344,0.0001484345624986,0.0001441785728344,0.0001471225712774,179.42490161527,0.026133339561337645,0.02041911211301426,-0.8106531205748625,4.7216172061362,0.029518877739817335
1735619580.0,0.0001471225712774,0.0001498008917344,0.0001453990384326,0.0001453990384326,794.13989976115,0.11615154090653482,-0.01171494509534003,3.444573210167616,4.818028437223032,0.02991963274962273
1735619640.0,0.0001453990384326,0.0001453990384326,0.0001405142725598,0.0001405142725598,689.92222295718,0.09862897354646208,-0.033595585813068075,-0.1508595342198073,4.761585498613177,0.033595585813068075
1735619700.0,0.0001405142725598,0.0001405142725598,0.000127243147851,0.0001276504543725,838.9811864149,0.11249258037814439,-0.09154812499082914,0.14056322734770677,4.601617244388257,0.09444680933142995
1735619760.0,0.0001276504543725,0.0001429174667457,0.0001245348186019,0.0001418837351878,1869.09802426539,0.2518929105895649,0.11150199883946749,1.2391957740041664,4.180347813739046,0.14400769847757164
1735619820.0,0.0001418837351878,0.0001420591668424,0.0001314887347469,0.0001314887347469,943.72081067934,0.1289936444720943,-0.07326421472581736,-0.48790283866989437,4.646464950815148,0.07450066127388566
1735619880.0,0.0001314887347469,0.0001317191836276,0.0001268656125836,0.0001285429098758,540.37109071654,0.07025679171279207,-0.02240362930535744,-0.4553468738687277,4.306045344942643,0.03691244769631826
1735619940.0,0.0001285429098758,0.0001319320733805,0.0001038936359384,0.0001142251798589,5621.79598759617,0.6823963363934616,-0.11138482885391335,8.712887818491343,4.209574301262488,0.21812511844637042
1735620000.0,0.0001142251798589,0.0001582818086121,0.0001142251798589,0.0001557187253448,4411.55997158719,0.595436863385285,0.3632609336851658,-0.12743250274139342,3.7406915881685334,0.385699797606992
1735620060.0,0.0001557187253448,0.0001557187253448,0.0001399993660733,0.0001406990035138,1167.57026573385,0.17304426322582994,-0.09645417914732228,-0.7093826837626285,5.099538707114881,0.10094713552717202
1735620120.0,0.0001406990035138,0.0001640636184247,0.0001406990035138,0.0001490950303085,2994.84795463182,0.43394453472860983,0.05967367632334733,1.5077082975139962,4.607666887090118,0.16606098357056498
1735620180.0,0.0001490950303085,0.0001490950303085,9.26199022599365e-05,0.000120613732946,8361.74200637053,1.1276175475956984,-0.19102781161496749,1.5985292067358647,4.882623309516139,0.37878612004510137
1735620240.0,0.000120613732946,0.0001730764560171,0.000120613732946,0.0001371937215118,7266.88230928034,0.936728214999992,0.13746352227754233,-0.16928552859320065,3.949906463759041,0.4349647572435894
1735620300.0,0.0001371937215118,0.0001595631932125,0.000137145960326,0.0001576298486363,3259.80951246915,0.48053433923444605,0.14895818044226075,-0.4870077237564045,4.49287451893419,0.16339838761915854
1735620360.0,0.0001576298486363,0.0001684984299324,0.0001498487398993,0.0001655968293463,2565.55977655809,0.4146286818713265,0.050542335597760155,-0.13715077567217332,5.162124932230025,0.11831318874213034
1735620420.0,0.0001655968293463,0.0001921590448832,0.0001625018129337,0.0001691346955703,4261.79611760799,0.713278756665284,0.021364335524815637,0.7202832024211938,5.42303078295236,0.1790929939092017
1735620480.0,0.0001691346955703,0.0002027948511131,0.0001691346955703,0.0001851104643485,5536.35726775145,0.9806138828411115,0.0944558934187442,0.3747975439864085,5.538890232160758,0.19901390089893972
1735620540.0,0.0001851104643485,0.0001942521552593,0.000180256693347,0.0001901182311325,3125.44744799224,0.5863787843522743,0.02705285625869361,-0.4020288774075157,6.062071057587858,0.07560600078205909
1735620600.0,0.0001901182311325,0.0001901182311325,0.0001602392376287,0.0001602392376287,4335.91836590892,0.759560691717524,-0.15716006469140917,0.29534135952164425,6.226067394538768,0.15716006469140917
1735620660.0,0.0001602392376287,0.0001602392376287,0.0001409134849108,0.0001468221671486,2146.10142674442,0.32949245944535477,-0.08373149222782438,-0.5662065414413375,5.247578240039982,0.12060562071994431
1735620720.0,0.0001468221671486,0.0001546228822386,0.0001468221671486,0.0001544061097468,689.34189050193,0.10382463493385695,0.05165393445340042,-0.6848952625239791,4.808190683419174,0.05313036336062808
1735620780.0,0.0001544061097468,0.0001554070775026,0.0001453617317696,0.0001483345473913,1289.16703757715,0.19514163805844206,-0.03932203437711326,0.8795311746846978,5.056552649819959,0.0650579549570458
1735620840.0,0.0001483345473913,0.0001483345473913,0.0001447665935377,0.0001466539560909,401.64887529492,0.05924090032427861,-0.011329736261416382,-0.6964210154547497,4.857718712694055,0.02405342461583071
1735620900.0,0.0001466539560909,0.0001627360215336,0.0001458957299859,0.0001626942925861,1385.239335851,0.21426068127199874,0.10937540945201484,2.616769497073099,4.802682040847085,0.11483012116810519
1735620960.0,0.0001626942925861,0.0001958075863888,0.0001626942925861,0.0001874897160949,6009.19433058087,1.0521618798129737,0.15240499906091012,3.9106624396348284,5.327977355532573,0.20353076482493082
1735621020.0,0.0001874897160949,0.0001926469043191,0.0001781249744074,0.0001781249744074,1352.82519737309,0.2473063829206376,-0.04994802852418816,-0.7649540553925054,6.139987739399064,0.0774545410498652
1735621080.0,0.0001781249744074,0.0001781249744074,0.0001491442425679,0.0001507709175077,3909.36568613073,0.6428871570811266,-0.15356665729049848,1.5995574780107222,5.833307456653395,0.162698868790945
1735621140.0,0.0001507709175077,0.0001540488929892,0.0001495456953372,0.0001509912299178,1120.74450675219,0.16909913453643682,0.0014612394335847757,-0.736969182423568,4.9375059295873935,0.029867813544147404
1735621200.0,0.0001509912299178,0.0001516758238135,0.0001489575226889,0.0001489575226889,181.87592780544,0.02727672883721398,-0.013469042076199813,-0.8386938590076787,4.944720807955265,0.018003039819463995
1735621260.0,0.0001489575226889,0.0001527970463391,0.0001489575226889,0.0001511182222229,488.80540616448,0.07333932318586066,0.01450547441308254,1.688714017855503,4.878120155337855,0.02577596338131174
1735621320.0,0.0001511182222229,0.0001563074304539,0.0001511182222229,0.0001563074304539,376.1574,0.05782021710210406,0.0343387326469861,-0.21160688985944417,4.94887960243505,0.0343387326469861
1735621380.0,0.0001563074304539,0.0001726312742611,0.0001563074304539,0.0001665417016498,3580.46528138546,0.5779750543113629,0.06547526989715584,8.99607201907809,5.11881785600519,0.10443421505808977
1735621440.0,0.0001665417016498,0.0001790822038114,0.000165965950154,0.00017485888214,2037.42652990932,0.3477893033699341,0.04994052785463409,-0.3982624323046037,5.453973836681511,0.07875657284312215
1735621500.0,0.00017485888214,0.0001844622375939,0.00017485888214,0.000179389522463,1174.07696473263,0.20795744581883344,0.025910266996746253,-0.40205910934059197,5.726348168990749,0.054920604183041205
1735621560.0,0.000179389522463,0.000179389522463,0.0001765062868942,0.0001767514957125,257.65134691799,0.04588010651283096,-0.01470557875554911,-0.7793774282417356,5.8747193789656285,0.016072485891112636
1735621620.0,0.0001760010337372,0.0001763601472129,0.0001722408171555,0.0001722408171555,396.37567323284,0.06901729904772212,-0.021364741455522706,0.5042968356758402,5.763751803437524,0.02340514694675526
1735621680.0,0.0001722408171555,0.0001722408171555,0.0001577661319478,0.0001577661319478,1022.03126791193,0.16863871030589672,-0.08403748569441677,1.443426686247041,5.640610736343278,0.08403748569441677
1735621740.0,0.0001577661319478,0.0001609381251723,0.0001572566688504,0.0001609381251723,566.829314424,0.09032545778369826,0.020105666440180605,-0.46438479267390437,5.166587992280056,0.023334896257189645
1735621800.0,0.0001609381251723,0.0001728977137173,0.0001541568778896,0.0001610190400164,3269.21856935872,0.5262741714864955,0.0005027698937923081,4.826421303579336,5.2704656870866815,0.11644745959129384
1735621860.0,0.0001610190400164,0.0001610190400164,0.0001540707541182,0.0001547867741729,311.57427594465,0.04919848394757092,-0.03870514842757248,-0.9065154882889148,5.273115518560414,0.04315195207655137
1735621920.0,0.0001547867741729,0.000155701536297,0.000136060993634,0.0001373171620014,2084.3474026996,0.304423040341616,-0.1128624345642483,5.187650836274321,5.069018799738797,0.12688773164211767
1735621980.0,0.0001373171620014,0.0001448255540932,0.0001362814444145,0.0001448255540932,103.8525,0.014650613211607225,0.054679196557553614,-0.9518741643366854,4.4969169971483325,0.0622217176219596
1735622040.0,0.0001448255540932,0.0001700960056104,0.000144367243826,0.0001700960056104,2386.9473712572,0.37585059454336267,0.17448889925142394,24.654256863841574,4.74280480553841,0.17765346692782338
1735622100.0,0.0001700960056104,0.0001720642086017,0.0001700960056104,0.0001720642086017,71.09112863812,0.012162277901699547,0.011571129987661802,-0.9676406580745841,5.570371595421171,0.011571129987661802
1735622160.0,0.0001720642086017,0.0001746535872287,0.0001537850695657,0.0001537850695657,1636.93104293962,0.2666963993758422,-0.10623440624024935,20.928161939020836,5.6348270892313685,0.12128331529601925
1735622220.0,0.0001537850695657,0.0001537850695657,0.0001513322086052,0.0001513322086052,7.88955219696,0.0012036193461618398,-0.015949929127886474,-0.9954869306485624,5.036214579140402,0.015949929127886474
1735622280.0,0.0001513322086052,0.0001516034163817,0.0001436376822094,0.0001514180021651,1083.02727382472,0.16394336771020868,0.000566922010130925,135.20865120937054,4.955887313530283,0.052637401156823374
1735622340.0,0.0001514180021651,0.0001514180021651,0.0001514180021651,0.0001514180021651,0.0,0.0,0.0,-1.0,4.958696915128052,0.0
1735622400.0,0.0001514180021651,0.0001647717416918,0.0001514180021651,0.0001647717416918,1022.50222190304,0.16165235781831666,0.08819122783128268,inf,4.958696915128052,0.08819122783128268
1735622460.0,0.0001647717416918,0.0001783203781592,0.0001647717416918,0.0001727399276634,1704.73747998439,0.2876843963409541,0.04835893515348178,0.7796486251334893,5.396010484516389,0.0822266993617285
1735622520.0,0.0001727399276634,0.0001727399276634,0.0001689496638428,0.0001689496638428,94.055,0.01606880726455782,-0.021942025053904565,-0.9441443211069619,5.656955805624625,0.021942025053904565
1735622580.0,0.0001689496638428,0.0001689496638428,0.0001300381364187,0.000152469373059,6860.82277523182,1.102599524384473,-0.09754556717635245,67.61738436656856,5.532830739608778,0.2303143228524291
1735622640.0,0.000152469373059,0.0001593927721495,0.0001428371263006,0.0001593927721495,3751.40936206229,0.5849612856039981,0.045408457787918514,-0.4694707618973869,4.993127627022883,0.10858341919261101
1735622700.0,0.0001593927721495,0.0001646673831604,0.0001593927721495,0.0001608703673817,319.45627513335,0.051155034808574744,0.009270152041863737,-0.9125497087285787,5.219857852104241,0.033091908370554896
1735622760.0,0.0001608703673817,0.0002121519040035,0.0001596115307198,0.0001894813774247,8216.65572719004,1.439359835247265,0.17785133774894746,27.13720762058783,5.268246728030164,0.3266006918417519
1735622820.0,0.0001894813774247,0.0002016457821154,0.0001882778177093,0.0001953068981016,4272.05052388352,0.8219174770231831,0.03074455524905113,-0.42897011789828954,6.205211456201844,0.07055028091830524
1735622880.0,0.0001953068981016,0.0001957930516537,0.0001850619532432,0.0001957930516537,1879.44471421785,0.3675253666492327,0.002489177580645914,-0.5528439570596134,6.395987922649086,0.054944799773112035
1735622940.0,0.0001957930516537,0.0002010874380372,0.0001700677770934,0.0001737472312059,3947.0750071664,0.7293016073081646,-0.11259756289407316,0.9843571994969595,6.411908672392226,0.15843085687568023
1735623000.0,0.0001737472312059,0.0001737472312059,0.0001703567002835,0.0001710432431568,99.54492110618,0.017161070284298672,-0.015562769146494383,-0.9764691725448956,5.68994338238149,0.019514158003369995
1735623060.0,0.0001710432431568,0.0001781174478465,0.0001629176069746,0.000176725610871,1667.24644151693,0.2899081921741351,0.03322181928572781,15.893363139441444,5.6013921070648625,0.08886548565947086
1735623120.0,0.000176725610871,0.0002042226855321,0.000176725610871,0.0001802433465967,4165.33484959994,0.7434476193827848,0.01990507039903663,1.5644243227739785,5.787480543394274,0.15559190615089374
1735623180.0,0.0001802433465967,0.0001860964991696,0.0001721659960356,0.0001855368200695,1563.49514737266,0.28594775779388326,0.029368481959249803,-0.6153760529473764,5.902680751043592,0.07728719754172084
1735623240.0,0.0001855368200695,0.0002016735030379,0.0001799783514556,0.0001999706132014,2800.51640446148,0.5398099454584974,0.07779476400691392,0.8877921954107538,6.076033524191827,0.11693178515279741
1735623300.0,0.0001999706132014,0.0001999706132014,0.0001759350547258,0.0001759350547258,1697.94650654336,0.31913385782341885,-0.12019545317587553,-0.40880330103522505,6.5487171183044275,0.12019545317587553
1735623360.0,0.0001759350547258,0.0001759350547258,0.0001554945491539,0.0001657063351631,2281.13490277048,0.38966504935329377,-0.05813917856587352,0.2210081750990545,5.761591096549213,0.11618210824305104
1735623420.0,0.0001657063351631,0.0001657063351631,0.0001613094668592,0.0001613094668592,762.83508781638,0.12472956402651257,-0.026534099010591707,-0.6799056927648,5.426616922963391,0.026534099010591707
1735623480.0,0.0001613094668592,0.0001613094668592,0.0001251499922972,0.0001381929639255,4596.86605784607,0.6883862791582898,-0.1433053086331095,4.51903058854568,5.282626532236928,0.22416213546575067
1735623540.0,0.0001381929639255,0.0001381929639255,0.0001345141568936,0.0001345141568936,463.55596393151,0.06320750613114233,-0.026620798392335356,-0.9081801772568331,4.5255981066412625,0.026620798392335356
1735623600.0,0.0001345141568936,0.0001345141568936,0.0001141178123762,0.0001156377780861,2016.10985117015,0.252166890200924,-0.14033005330755713,2.9895086143365712,4.405123071839631,0.1516297242492729
1735623660.0,0.0001156377780861,0.0001446032735857,0.0001156377780861,0.0001390059234634,4213.30355005272,0.5364456058685368,0.20208054637560455,1.127343543956554,3.7869519163420255,0.2504847116487595
1735623720.0,0.0001390059234634,0.0001406995442485,0.0001346246371972,0.0001406995442485,1501.31648509674,0.20996321482378472,0.012183802984093077,-0.608602973858194,4.552221228694565,0.04370250490008438
1735623780.0,0.0001406995442485,0.0001428849832893,0.0001386086503765,0.0001411275532299,811.39067606798,0.11433593957863773,0.003042006878459152,-0.45544775700545376,4.607684595284985,0.030393367197034046
1735623840.0,0.0001411275532299,0.0001449305993663,0.0001403523904495,0.0001449305993663,478.36590310138,0.06842023325309679,0.02694758074778472,-0.40158594484598725,4.621701203517612,0.03244022029732219
1735623900.0,0.0001449305993663,0.0001519853867402,0.0001396777364658,0.0001396777364658,1535.5072004242,0.21850907448546916,-0.036243987974022285,2.1936324110029126,4.746244869891537,0.08492099203490798
1735623960.0,0.0001396777364658,0.0001396777364658,0.0001347896922753,0.0001353828860435,665.72990083458,0.09155804047330707,-0.030748281945072842,-0.5809874684202386,4.5742220279054235,0.03499515609416265
1735624020.0,0.0001353828860435,0.0001353828860435,0.00012930933481,0.0001320561566914,947.98424188626,0.1267639990889156,-0.024572746595393675,0.384520665073348,4.433572559312024,0.044862031021768174
1735624080.0,0.0001320561566914,0.000132241385522,0.0001226940228277,0.0001226940228277,867.63376293323,0.11051492843203628,-0.07089509567947087,-0.1281836386802676,4.324627504299759,0.07229774766663151
1735624140.0,0.0001226940228277,0.0001226940228277,0.0001214109492573,0.0001222593191796,93.26019545616,0.011422198276620202,-0.0035429896101006634,-0.8966456528663044,4.018032623604356,0.010457506737731135
1735624200.0,0.0001222593191796,0.0001309769594287,0.0001222593191796,0.000127693823414,1073.00144441152,0.13410004151906574,0.044450633872880126,10.740300620901634,4.00379677576588,0.07130450510928901
1735624260.0,0.000127693823414,0.0001287229152729,0.0001228161104575,0.0001228161104575,606.9138427921,0.07601897331177346,-0.03819850346782875,-0.43311745133974905,4.181768080346868,0.046257560917800776
1735624320.0,0.0001228161104575,0.0001237583613727,0.0001228161104575,0.0001230701975697,149.27588793654,0.018352448481098932,0.002068841874681483,-0.7585806847741708,4.022030797828082,0.007672046539253186
1735624380.0,0.0001230701975697,0.0001234616052279,0.0001215970781451,0.0001215970781451,288.58922477639,0.0353041697133427,-0.011969749408793274,0.9236762740242664,4.030351743563887,0.01515011042168866
1735624440.0,0.0001215970781451,0.0001215970781451,0.0001186760556211,0.0001186760556211,213.53358349729,0.0256531916356102,-0.024022144023184457,-0.27336652174785614,3.9821094431641346,0.024022144023184457
1735624500.0,0.0001186760556211,0.0001186760556211,0.0001166930778477,0.0001166930778477,162.3295266855,0.019103680016183292,-0.01670916481864804,-0.25530981534224667,3.886450636604363,0.01670916481864804
1735624560.0,0.0001166930778477,0.0001166930778477,0.0001159974847566,0.0001159974847566,78.59621262444,0.009144298467074064,-0.005960877062543868,-0.5213331431782956,3.821511292357801,0.005960877062543868
1735624620.0,0.0001159974847566,0.0001163560139114,9.26938313684451e-05,9.26938313684451e-05,2788.71281690868,0.29099007402772714,-0.20089791978725613,30.822022769214833,3.798731733350933,0.20398875538211675
1735624680.0,9.26938313684451e-05,9.26938313684451e-05,9.07957329887093e-05,9.21831227492431e-05,333.76950107904,0.030853144368436683,-0.00550962897597803,-0.8939718322986618,3.035574430290893,0.02047707330373617
1735624740.0,9.21831227492431e-05,9.97114337200089e-05,9.21831227492431e-05,9.97114337200089e-05,677.28252820075,0.06498341517672829,0.08166691197090761,1.1062169353217521,3.0188495414510244,0.08166691197090761
1735624800.0,9.97114337200089e-05,0.0001013242849205,9.13760739582944e-05,9.13760739582944e-05,1137.20931447938,0.10865324680620829,-0.08359482409129033,0.6720150289226249,3.26538966120612,0.09977001223490892
1735624860.0,9.13760739582944e-05,9.26792861263448e-05,8.98402938857823e-05,9.26792861263448e-05,923.3795405104,0.08497647691171518,0.01426207224273173,-0.21791129662901385,2.992419986888076,0.031069317356075807
1735624920.0,9.26792861263448e-05,0.0001022308736771,9.26792861263448e-05,0.0001001232512785,621.402,0.05990394117422269,0.08031962117195467,-0.2950526622036963,3.035098096921668,0.10306065087439309
1735624980.0,0.0001001232512785,0.0001135898995945,0.0001001232512785,0.0001135898995945,1603.35409914644,0.17132892824686305,0.13450070931617625,1.8600610391989991,3.278876026286137,0.13450070931617625
1735625040.0,0.0001135898995945,0.0001304231695116,0.0001078619576128,0.0001295252745724,2540.06238460083,0.308763854513511,0.14028866153405395,0.8021699993863374,3.719887177581428,0.1986198771135493
1735625100.0,0.0001295252745724,0.000131861453654,0.0001241586768352,0.0001241586768352,1153.67363795774,0.14633424355595023,-0.0414328227051953,-0.5260642027334619,4.241745170782016,0.059469295426927755
1735625160.0,0.0001241586768352,0.0001250884302003,0.0001238767509935,0.0001250884302003,201.9340246716,0.025165735730715795,0.007488428427230232,-0.8280256546985615,4.0659976951603864,0.009759118232294818
1735625220.0,0.0001250884302003,0.0001261085570179,0.0001228008149199,0.0001228008149199,375.98130580926,0.04660086103818226,-0.018287984562096675,0.8517583406593606,4.0964456278858785,0.02644322974317781
1735625280.0,0.0001228008149199,0.0001228008149199,0.0001228008149199,0.0001228008149199,0.0,0.0,0.0,-1.0,4.021529893483633,0.0
1735625340.0,0.0001228008149199,0.0001244293656751,0.0001211279246547,0.0001238410970647,1051.77225080352,0.12970555945526321,0.00847129675384106,inf,4.021529893483633,0.026884520453332873
1735625400.0,0.0001238410970647,0.0001238410970647,0.0001151944095084,0.0001151944095084,569.7016977919,0.06808946696362096,-0.06982082492197711,-0.4750458866251934,4.055597466615776,0.06982082492197711
1735625460.0,0.0001151944095084,0.000120821239514,0.0001140227198001,0.0001194939831877,974.6701254316,0.1143718825732242,0.03732449949306323,0.6797294452948375,3.7724323059451814,0.059017792121276884
1735625520.0,0.0001194939831877,0.0001194939831877,0.0001069167214442,0.0001069167214442,988.79751615384,0.11193717118533171,-0.10525435179228865,-0.021287674322696536,3.9132364536360478,0.10525435179228865
1735625580.0,0.0001069167214442,0.000109548288767,0.0001018257656699,0.0001081073744114,2121.52616085446,0.22808962228586627,0.011136265226963598,1.0376575526303387,3.501351287298631,0.07222932945180523
1735625640.0,0.0001081073744114,0.0001108799017327,9.75252379062385e-05,9.75252379062385e-05,1620.89808285183,0.16665475353873693,-0.09788542699123769,-0.2693453044090388,3.540343263886759,0.12353147876518257
1735625700.0,9.75252379062385e-05,9.75252379062385e-05,7.50817311836613e-05,8.98780672531386e-05,5246.46759927944,0.4916026842582747,-0.07841222249005894,1.949826955545,3.1937952518056516,0.230130243252055
1735625760.0,8.98780672531386e-05,8.98780672531386e-05,8.32442753650234e-05,8.32442753650234e-05,683.581530188,0.059171617938327196,-0.07380879552551282,-0.8796352830587068,2.943362667933373,0.07380879552551282
1735625820.0,8.32442753650234e-05,8.32442753650234e-05,8.18268315121273e-05,8.18268315121273e-05,188.84568723996,0.015586483310838208,-0.017027523474505122,-0.7365885224385189,2.726116614618451,0.017027523474505122
1735625880.0,8.18268315121273e-05,8.42338585654881e-05,8.18268315121273e-05,8.42338585654881e-05,294.2784,0.024434037089468265,0.0294161097146242,0.567642719796699,2.679697599968797,0.0294161097146242
1735625940.0,8.42338585654881e-05,8.47840919362764e-05,7.51811091033927e-05,8.38041822662736e-05,2143.88915702092,0.18012746685312625,-0.00510099271874675,6.371989581319172,2.758523878571494,0.11400383404516377
1735626000.0,8.38041822662736e-05,8.38041822662736e-05,8.13816505388835e-05,8.13816505388835e-05,224.96554523088,0.018580560470714578,-0.028907050482193344,-0.8968477112606877,2.744452668352412,0.028907050482193344
1735626060.0,8.13816505388835e-05,8.13816505388835e-05,6.69902054989869e-05,7.03295422984325e-05,2488.91566246435,0.18879818201197257,-0.1358058993307145,9.161059582112363,2.6651186365223585,0.17683894274201886
1735626120.0,7.03295422984325e-05,7.49839405175568e-05,6.69804762486538e-05,6.69804762486538e-05,3795.48265006004,0.2605788965374442,-0.04761961958414952,0.3801981235228191,2.3031798032663917,0.11379946473903599
1735626180.0,6.69804762486538e-05,6.76290387766081e-05,6.02875965394162e-05,6.76290387766081e-05,1396.69931207867,0.09400450851751334,0.009682859308832474,-0.6392474226937052,2.19350325720095,0.10960570375668918
1735626240.0,6.76290387766081e-05,6.9471221010624e-05,6.33368312091798e-05,6.33368312091798e-05,999.72131144158,0.06546468564813969,-0.06346693144059457,-0.30360057532832685,2.2147426406338924,0.09070644670416327
1735626300.0,6.33368312091798e-05,6.33368312091798e-05,6.23479167683175e-05,6.23479167683175e-05,133.26075490798,0.008374422197950251,-0.015613576208071717,-0.872077256385814,2.0741797213022197,0.015613576208071717
1735626360.0,6.23479167683175e-05,6.58207533827985e-05,6.22132219635934e-05,6.24881735448321e-05,840.8424097126,0.05248373949900424,0.0022495824044255724,5.267147542650801,2.041794358154431,0.057861298439377755
1735626420.0,6.24881735448321e-05,6.52651915779281e-05,6.24881735448321e-05,6.52651915779281e-05,291.1842,0.018599880710289413,0.04444069774424809,-0.6456067938786584,2.0463875428159906,0.04444069774424809
1735626480.0,6.52651915779281e-05,6.52651915779281e-05,6.48182694877086e-05,6.48182694877086e-05,24.43610864178,0.0015893667935493285,-0.006847786383739759,-0.91454962436022,2.1373304330738705,0.006847786383739759
1735626540.0,6.48182694877086e-05,6.48182694877086e-05,6.37845897679875e-05,6.37845897679875e-05,206.76062590687,0.013295003836560416,-0.015947351385508957,7.364968923800398,2.1226944508367147,0.015947351385508957
1735626600.0,6.37845897679875e-05,6.37845897679875e-05,6.27107618825196e-05,6.284066455928e-05,84.76267712017,0.005366547773900792,-0.014798640426174452,-0.5963485351434705,2.0888430965451517,0.016835224454274617
1735626660.0,6.284066455928e-05,6.284066455928e-05,6.2289435209071e-05,6.2289435209071e-05,86.55661139499,0.005415418709732743,-0.008771857428226436,0.009106587305460328,2.057931058652683,0.008771857428226436
1735626720.0,6.2289435209071e-05,6.2289435209071e-05,5.4323014791084e-05,5.4323014791084e-05,989.48155227952,0.05769293402063563,-0.12789360493072624,9.653457675756128,2.0398791808090624,0.12789360493072624
1735626780.0,5.4323014791084e-05,5.48459312251918e-05,5.24170432925189e-05,5.24170432925189e-05,606.8923901372,0.03238986448687066,-0.03508589326080497,-0.4385817771846126,1.7789916787522548,0.04471195021141488
1735626840.0,5.24170432925189e-05,5.26412174444465e-05,5.14895547246341e-05,5.15282266269929e-05,183.96826468995,0.009561315464910522,-0.01695663489765843,-0.7048053267161327,1.716574166599693,0.02197114998237165
1735626900.0,5.15282266269929e-05,5.31815834591503e-05,5.15282266269929e-05,5.31815834591503e-05,378.3,0.019805860577793988,0.0320864299120144,1.071457703752204,1.6874668451819097,0.0320864299120144
1735626960.0,5.31815834591503e-05,5.86092464083774e-05,5.31815834591503e-05,5.8391946289044e-05,764.7213291102,0.042661328981277793,0.09797306682107104,1.1539750223784262,1.741611631838687,0.10205907000486701
1735627020.0,5.8391946289044e-05,5.8391946289044e-05,5.7847909215645e-05,5.7847909215645e-05,50.13262182753,0.0029137043586516527,-0.009316988180287483,-0.931701509816294,1.9122426646211734,0.009316988180287483
1735627080.0,5.7847909215645e-05,5.7847909215645e-05,5.7847909215645e-05,5.7847909215645e-05,0.0,0.0,0.0,-1.0,1.8944263223170563,0.0
1735627140.0,5.7847909215645e-05,5.81997313140316e-05,5.57881562036665e-05,5.57881562036665e-05,355.58172456112,0.020203454057069515,-0.035606351895972006,inf,1.8944263223170563,0.04168819829555549
1735627200.0,5.57881562036665e-05,5.60190478254214e-05,5.57881562036665e-05,5.58954709075529e-05,61.927553968,0.0034581469226360136,0.0019236108735091828,-0.828833875986371,1.8269727120436432,0.004138721145613424
1735627260.0,5.58954709075529e-05,5.61942100042377e-05,5.58954709075529e-05,5.61942100042377e-05,17.72698037696,0.00099350578699151,0.005344602913872756,-0.7127057325157837,1.830487096618135,0.005344602913872756
1735627320.0,5.61942100042377e-05,5.6332020957585e-05,5.61942100042377e-05,5.6332020957585e-05,18.866,0.0010614599366628734,0.002452404853398783,0.06839834308075769,1.8402703232885267,0.002452404853398783
1735627380.0,5.6332020957585e-05,5.6332020957585e-05,5.58632466207819e-05,5.58632466207819e-05,33.0619530699,0.0018546973356704196,-0.00832163179723419,0.7473079026434171,1.8447834111609251,0.00832163179723419
1735627440.0,5.58632466207819e-05,5.58632466207819e-05,5.58632466207819e-05,5.58632466207819e-05,0.0,0.0,0.0,-1.0,1.8294318028675982,0.0
1735627500.0,5.58632466207819e-05,5.58632466207819e-05,5.49657485716247e-05,5.49657485716247e-05,124.44456155693,0.006896032857257071,-0.01606598440741753,inf,1.8294318028675982,0.01606598440741753
1735627560.0,5.49657485716247e-05,5.49657485716247e-05,5.47312283414626e-05,5.47312283414626e-05,23.12657732244,0.0012684578093092144,-0.004266661261903795,-0.8160597787792808,1.8000401800482937,0.004266661261903795
1735627620.0,5.47312283414626e-05,5.79767247824008e-05,5.47312283414626e-05,5.69538537644774e-05,568.0309565125,0.0317202920084071,0.040609821675261164,24.00697443431844,1.7923600183422113,0.05929880507504551
1735627680.0,5.69538537644774e-05,5.69538537644774e-05,5.6371911549e-05,5.6371911549e-05,114.8112938588,0.006505538871589528,-0.010217784697834824,-0.7949092375989064,1.8651474390649563,0.010217784697834824
1735627740.0,5.6371911549e-05,5.6371911549e-05,5.6371911549e-05,5.6371911549e-05,0.0,0.0,0.0,-1.0,1.8460897641028726,0.0
1735627800.0,5.6371911549e-05,5.6371911549e-05,5.61052379561735e-05,5.61052379561735e-05,1.46216292906,8.2229959186402e-05,-0.004730611141236467,inf,1.8460897641028726,0.004730611141236467
1735627860.0,5.61052379561735e-05,5.69368398872409e-05,5.60667745742577e-05,5.69368398872409e-05,143.6068158588,0.008116806428577674,0.01482217991334425,97.70862771776632,1.837356631297085,0.015507737685077549
1735627920.0,5.69368398872409e-05,5.70856741547867e-05,5.41957680620112e-05,5.41957680620112e-05,416.08189732452,0.023120133185073423,-0.04814232455925165,1.8484273203401766,1.8645902618511465,0.05075634858728975
1735627980.0,5.41957680620112e-05,5.41957680620112e-05,5.19017585715284e-05,5.19017585715284e-05,632.39499491118,0.03354777240775303,-0.04232820333606087,0.4510198595833258,1.7748245522950885,0.04232820333606087
1735628040.0,5.19017585715284e-05,5.20590899428905e-05,5.16378029781513e-05,5.16378029781513e-05,64.37343625856,0.003332598682828778,-0.005085677261076409,-0.900661103744146,1.699699417759709,0.00811700752217495
1735628100.0,5.16378029781513e-05,5.16378029781513e-05,5.13245206049229e-05,5.13245206049229e-05,31.7256874254,0.0016332752472947513,-0.006066919101127383,-0.509909412222298,1.6910552950801436,0.006066919101127383
1735628160.0,5.13245206049229e-05,5.13245206049229e-05,5.11516123292915e-05,5.11516123292915e-05,15.33234920082,0.0007855999274485131,-0.003368921396507221,-0.5190033469559227,1.6807957994093592,0.003368921396507221
1735628220.0,5.11516123292915e-05,5.11516123292915e-05,4.08498617505646e-05,4.24636126093457e-05,1618.66579374485,0.07576588119095093,-0.16984801307955438,95.44334036158182,1.6751333304775695,0.20139640002760376
1735628280.0,4.24636126093457e-05,4.24636126093457e-05,4.05650877409823e-05,4.05650877409823e-05,265.92155784425,0.011039560671471323,-0.04470945243941771,-0.854293773160922,1.3906152626526178,0.04470945243941771
1735628340.0,4.05650877409823e-05,4.05650877409823e-05,4.01199211840288e-05,4.01199211840288e-05,89.34280471728,0.003604312497999631,-0.010974130261864388,-0.6735094262116811,1.3284416157055223,0.010974130261864388
1735628400.0,4.01199211840288e-05,4.05785488953261e-05,3.97810588361465e-05,4.05785488953261e-05,201.0221381118,0.00811108949885152,0.011431421043764906,1.2503846443262394,1.3138631243694883,0.0198776576733921
1735628460.0,4.05785488953261e-05,4.65905656505494e-05,4.05785488953261e-05,4.65905656505494e-05,763.14256416347,0.033261230795199326,0.1481575097900008,3.100710613525953,1.3288824469380323,0.1481575097900008
1735628520.0,4.65905656505494e-05,4.65905656505494e-05,4.3147099309939e-05,4.42894732640952e-05,908.5083921309,0.041282639015568695,-0.049389664073054,0.24116390249536762,1.525766361080014,0.0739090906609286
1735628580.0,4.42894732640952e-05,4.58149307637185e-05,4.42894732640952e-05,4.58149307637185e-05,94.545,0.004259460439404824,0.03444289098962854,-0.8968219924651988,1.4504092730523062,0.03444289098962854
1735628640.0,4.58149307637185e-05,4.61994827371894e-05,4.58149307637185e-05,4.61994827371894e-05,8.13259,0.0003741577495466743,0.008393594993172653,-0.9121584165718991,1.5003655615343932,0.008393594993172653
1735628700.0,4.61994827371894e-05,4.61994827371894e-05,4.60011659777315e-05,4.60011659777315e-05,7.91946035618,0.0003650896911559473,-0.0042926186119018475,-0.024235922954191903,1.512959022399617,0.0042926186119018475
1735628760.0,4.60011659777315e-05,4.60011659777315e-05,4.60011659777315e-05,4.60011659777315e-05,0.0,0.0,0.0,-1.0,1.5064644663410196,0.0
1735628820.0,4.60011659777315e-05,4.83941150381518e-05,4.60011659777315e-05,4.83941150381518e-05,478.44747835283,0.022581592085228065,0.052019313196945735,inf,1.5064644663410196,0.052019313196945735
1735628880.0,4.83941150381518e-05,4.83941150381518e-05,4.66227361495174e-05,4.66227361495174e-05,370.892538324,0.0176205205602742,-0.036603187954525565,-0.21969538313461928,1.5848297132356828,0.036603187954525565
1735628940.0,4.66227361495174e-05,4.66227361495174e-05,4.55387431422425e-05,4.55387431422425e-05,9.459,0.0004358777163103784,-0.02325030868627205,-0.975263062471998,1.5268198933662003,0.02325030868627205
1735629000.0,4.55387431422425e-05,4.55387431422425e-05,4.4382204203575e-05,4.4382204203575e-05,266.29322522145,0.011972669541842961,-0.025396812886447004,26.467955102613,1.491320859537095,0.025396812886447004
1735629060.0,4.4382204203575e-05,4.4382204203575e-05,4.4382204203575e-05,4.4382204203575e-05,0.0,0.0,0.0,-1.0,1.4534460627137762,0.0
1735629120.0,4.4382204203575e-05,4.4382204203575e-05,4.33907382841258e-05,4.33907382841258e-05,17.0284120713,0.0007473169166955424,-0.0223392672184888,inf,1.4534460627137762,0.0223392672184888
1735629180.0,4.33907382841258e-05,4.36101127586691e-05,4.33907382841258e-05,4.36101127586691e-05,18.2185540908,0.0007925148553343963,0.00505579031881916,0.06048028303535322,1.4209771427311526,0.00505579031881916
1735629240.0,4.36101127586691e-05,4.36101127586691e-05,4.36101127586691e-05,4.36101127586691e-05,0.0,0.0,0.0,-1.0,1.428161305212636,0.0
1735629300.0,4.36101127586691e-05,6.12090790569098e-05,4.34491343357346e-05,5.67852577852841e-05,3366.12798064442,0.16897183295758272,0.30211215227816535,inf,1.428161305212636,0.40724372393751185
1735629360.0,5.67852577852841e-05,5.67852577852841e-05,5.67852577852841e-05,5.67852577852841e-05,0.0,0.0,0.0,-1.0,1.8596261909308194,0.0
1735629420.0,5.67852577852841e-05,6.14888086097138e-05,5.54104341989196e-05,6.101995589504e-05,1280.45398103403,0.07542207742176778,0.07457389954569028,inf,1.8596261909308194,0.10704141616786697
1735629480.0,6.101995589504e-05,6.10706761539403e-05,6.02571524153583e-05,6.03100687080764e-05,136.76089885092,0.008296601611163218,-0.01163368895553893,-0.8899977049854011,1.998305767685829,0.013332093192288449
1735629540.0,6.03100687080764e-05,6.03100687080764e-05,5.22687055346857e-05,5.23994484054569e-05,995.787701365,0.05611737548422223,-0.13116583137900079,5.763899017245247,1.9750580999465126,0.1333336762110809
1735629600.0,5.23994484054569e-05,5.23994484054569e-05,5.16975701249497e-05,5.18258334105002e-05,74.22571421197,0.0038680979908666327,-0.01094696628327421,-0.9310712955213992,1.7159979622451986,0.013394764675311071
1735629660.0,5.18258334105002e-05,5.18258334105002e-05,5.06976068088608e-05,5.06976068088608e-05,130.6697397068,0.006698355623654785,-0.021769579520371233,0.7316923303057388,1.6972129904103332,0.021769579520371233
1735629720.0,5.06976068088608e-05,5.35278529676902e-05,5.06976068088608e-05,5.35278529676902e-05,453.4541132485,0.02363073172044657,0.05582603079273423,2.5278407191454946,1.6602653772525884,0.05582603079273423
1735629780.0,5.35278529676902e-05,5.35278529676902e-05,5.1886529903064e-05,5.1886529903064e-05,369.08781171223,0.019453581948380923,-0.030662972146798285,-0.17676768631126868,1.752951403327202,0.030662972146798285
1735629840.0,5.1886529903064e-05,5.1886529903064e-05,5.1886529903064e-05,5.1886529903064e-05,0.0,0.0,0.0,-1.0,1.699200703272289,0.0
1735629900.0,5.1886529903064e-05,5.1886529903064e-05,4.94112347367896e-05,4.94112347367896e-05,286.58516147338,0.014515218118102446,-0.047705930053499795,inf,1.699200703272289,0.047705930053499795
1735629960.0,4.94112347367896e-05,4.94112347367896e-05,4.82516996950837e-05,4.82516996950837e-05,33.30602637616,0.0016263821350805785,-0.02346703230313242,-0.8879533106669435,1.6181387533751235,0.02346703230313242
1735630020.0,4.82516996950837e-05,4.82516996950837e-05,4.28798785483855e-05,4.28879025548022e-05,760.13881612767,0.0346393746782875,-0.11116286419290655,20.298423003503604,1.580165838978719,0.1113291589859897
1735630080.0,4.28879025548022e-05,4.32361251268041e-05,4.26651630229405e-05,4.32361251268041e-05,68.36094747724,0.0029437600664353266,0.008119365864463457,-0.9150169397174331,1.4045100784180575,0.013312894076226243
1735630140.0,4.32361251268041e-05,4.32361251268041e-05,4.29982694876002e-05,4.29982694876002e-05,25.0964190603,0.001082087252327184,-0.005501317208845773,-0.6324132307299383,1.4159138096050599,0.005501317208845773
1735630200.0,4.29982694876002e-05,4.29982694876002e-05,4.29982694876002e-05,4.29982694876002e-05,0.0,0.0,0.0,-1.0,1.4081244185980373,0.0
1735630260.0,4.29982694876002e-05,4.29982694876002e-05,4.29982694876002e-05,4.29982694876002e-05,0.0,0.0,0.0,0.0,1.4081244185980373,0.0
1735630320.0,4.29982694876002e-05,4.29982694876002e-05,4.29982694876002e-05,4.29982694876002e-05,0.0,0.0,0.0,0.0,1.4081244185980373,0.0
1735630380.0,4.29982694876002e-05,4.29982694876002e-05,4.29982694876002e-05,4.29982694876002e-05,0.0,0.0,0.0,0.0,1.4081244185980373,0.0
1735630440.0,4.29982694876002e-05,4.29982694876002e-05,4.29982694876002e-05,4.29982694876002e-05,0.0,0.0,0.0,0.0,1.4081244185980373,0.0
1735630500.0,4.29982694876002e-05,4.29982694876002e-05,4.16020266244694e-05,4.16020266244694e-05,368.90595219834,0.015604776396742277,-0.03247207108028961,inf,1.4081244185980373,0.03247207108028961
1735630560.0,4.16020266244694e-05,4.16020266244694e-05,4.16020266244694e-05,4.16020266244694e-05,0.0,0.0,0.0,-1.0,1.3623997023874304,0.0
1735630620.0,4.16020266244694e-05,4.16020266244694e-05,4.16020266244694e-05,4.16020266244694e-05,0.0,0.0,0.0,0.0,1.3623997023874304,0.0
1735630680.0,4.16020266244694e-05,4.99004807808863e-05,4.16020266244694e-05,4.99004807808863e-05,1311.29553368128,0.059993414640640584,0.1994723533861673,inf,1.3623997023874304,0.1994723533861673
1735630740.0,4.99004807808863e-05,4.99004807808863e-05,4.96946937572222e-05,4.96946937572222e-05,6.14986448528,0.0003062484133985882,-0.004123948716400489,-0.9948952995052371,1.6341607772752649,0.004123948716400489
1735630800.0,4.96946937572222e-05,5.33393512509377e-05,4.96946937572222e-05,5.33393512509377e-05,515.01157665059,0.026531862984170138,0.07334097904941443,85.63510347607387,1.6274215820354285,0.07334097904941443
1735630860.0,5.33393512509377e-05,5.35771943947197e-05,5.28620483395797e-05,5.28620483395797e-05,99.73720120584,0.005296115179650623,-0.008948419884458362,-0.8003866074986714,1.7467782741880538,0.013407475688550514
1735630920.0,5.28620483395797e-05,5.28620483395797e-05,5.21429060285165e-05,5.21429060285165e-05,92.22417114795,0.004841997441512992,-0.013604132523271,-0.0857454422219701,1.7311473687455696,0.013604132523271
1735630980.0,5.21429060285165e-05,5.28848702035669e-05,5.17271675553426e-05,5.27221966212995e-05,256.07929908888,0.013426890992724167,0.01110967218563137,1.773006626895001,1.707596610523843,0.022202495725711143
1735631040.0,5.27221966212995e-05,5.27221966212995e-05,5.16373769398483e-05,5.16373769398483e-05,183.95630995585,0.009598801030437415,-0.020576147258115886,-0.28510620696638833,1.7265674490920582,0.020576147258115886
1735631100.0,5.16373769398483e-05,5.16373769398483e-05,4.94056800872524e-05,4.94056800872524e-05,490.632205908,0.024787488980447126,-0.04321863318494221,1.5823526190247081,1.6910413430084705,0.04321863318494221
1735631160.0,4.94056800872524e-05,4.94056800872524e-05,4.74819336689097e-05,4.74819336689097e-05,16.68834458933,0.0008084469424003714,-0.038937758066386115,-0.9673848794027466,1.6179568475044153,0.038937758066386115
1735631220.0,4.74819336689097e-05,4.74819336689097e-05,3.80621113744456e-05,3.80621113744456e-05,2055.42546978584,0.08791470448530982,-0.19838750376402695,107.74517531636772,1.5549572352144356,0.19838750376402695
1735631280.0,3.80621113744456e-05,3.80621113744456e-05,3.19533624003358e-05,3.4018072554618e-05,852.04653169378,0.030707835360304192,-0.10624841013267365,-0.6507087689132215,1.246473150860431,0.16049422256199727
1735631340.0,3.4018072554618e-05,3.4018072554618e-05,3.4018072554618e-05,3.4018072554618e-05,0.0,0.0,0.0,-1.0,1.114037360308446,0.0
1735631400.0,3.4018072554618e-05,3.4018072554618e-05,3.19138146012203e-05,3.19138146012203e-05,19.16365849156,0.0006317480845792782,-0.061857059950095446,inf,1.114037360308446,0.061857059950095446
1735631460.0,3.19138146012203e-05,3.35889636173162e-05,3.19138146012203e-05,3.35811955336239e-05,334.79377848584,0.010963660957506437,0.05224636895458585,16.354482308890336,1.0451262845252003,0.052489777139704596
1735631520.0,3.35811955336239e-05,3.69670518848323e-05,3.35811955336239e-05,3.69006905529217e-05,576.62858427776,0.02032093509565557,0.09884981658780075,0.8534808012046863,1.0997303379906394,0.10082596219119824
1735631580.0,3.69006905529217e-05,3.69006905529217e-05,3.26352932689825e-05,3.26352932689825e-05,849.903297969,0.029549430988877703,-0.1155912591343491,0.45413736374735547,1.208438480197054,0.1155912591343491
1735631640.0,3.26352932689825e-05,3.26352932689825e-05,3.26352932689825e-05,3.26352932689825e-05,0.0,0.0,0.0,-1.0,1.0687535546846774,0.0
1735631700.0,3.26352932689825e-05,3.26352932689825e-05,3.11661344666101e-05,3.11661344666101e-05,110.04813117376,0.003510613944259832,-0.04501748430030894,inf,1.0687535546846774,0.04501748430030894
1735631760.0,3.11661344666101e-05,5.09060554816133e-05,3.11661344666101e-05,4.25311647268552e-05,4615.72264785785,0.1700831464866169,0.36465960423873056,47.44826266491594,1.0206409583157605,0.6333772651899324
1735631820.0,4.25311647268552e-05,4.25311647268552e-05,4.25311647268552e-05,4.25311647268552e-05,0.0,0.0,0.0,-1.0,1.3928274862450245,0.0
1735631880.0,4.25311647268552e-05,4.25311647268552e-05,4.08719328633973e-05,4.08719328633973e-05,425.09235243744,0.01772700947760491,-0.03901214260446115,inf,1.3928274862450245,0.03901214260446115
1735631940.0,4.08719328633973e-05,4.19130630403867e-05,3.92294119569526e-05,4.19130630403867e-05,531.5398570341,0.02200176244363295,0.025472986082382857,0.24114349188048173,1.3384903017282206,0.06565999930572004
1735632000.0,4.19130630403867e-05,4.64902750166683e-05,4.19130630403867e-05,4.62448550044077e-05,801.57960679726,0.035332794641205686,0.1033518347214795,0.6059074690823497,1.372585646555548,0.10920728871261635
1735632060.0,4.62448550044077e-05,4.8281430748779e-05,4.57927977157639e-05,4.81036954611224e-05,463.20300697121,0.02185126613950425,0.040195616496960206,-0.3815585106868127,1.514444891439432,0.05381426826352689
1735632120.0,4.81036954611224e-05,4.81036954611224e-05,4.46232474055761e-05,4.46232474055761e-05,583.14142247318,0.027036460682437927,-0.07235302864328205,0.23729492423139362,1.575318937501512,0.07235302864328205
1735632180.0,4.46232474055761e-05,4.46232474055761e-05,4.46232474055761e-05,4.46232474055761e-05,0.0,0.0,0.0,-1.0,1.4613398412941603,0.0
1735632240.0,4.46232474055761e-05,4.73194459803096e-05,4.43861071391688e-05,4.73194459803096e-05,492.83877,0.022656461959393522,0.06042138865932439,inf,1.4613398412941603,0.06573566496584139
1735632300.0,4.73194459803096e-05,5.13819458942937e-05,4.73194459803096e-05,5.12696823876346e-05,516.91080778246,0.02548089299162134,0.08348019139887557,0.12466337583025792,1.5496360238083502,0.08585265169153866
1735632360.0,5.12696823876346e-05,5.22591872457603e-05,5.12696823876346e-05,5.22591872457603e-05,190.0,0.009835242615172515,0.019299999766808684,-0.6140149947489457,1.6789999356744638,0.019299999766808684
1735632420.0,5.22591872457603e-05,6.04003913864e-05,5.22591872457603e-05,6.04003913864e-05,923.2790382459,0.052008113704344654,0.1557851273567248,4.287933987933699,1.7114046340414528,0.1557851273567248
1735632480.0,6.04003913864e-05,6.30978015170408e-05,6.04003913864e-05,6.30978015170408e-05,333.49426176418,0.020592969335771642,0.044658818738187264,-0.6040431411752711,1.9780160229144894,0.044658818738187264
1735632540.0,6.30978015170408e-05,6.35245078836049e-05,6.28115415084988e-05,6.28115415084988e-05,97.50024409667,0.006138095839520734,-0.004536766759848097,-0.701932453769143,2.0663518819430577,0.011299385366280248
1735632600.0,6.28115415084988e-05,7.24994370372714e-05,6.24895464151014e-05,7.2359141975025e-05,1269.5537949406,0.08580322709061115,0.15200391898094637,12.978802112889579,2.0569773254109087,0.15936387456460685
1735632660.0,7.2359141975025e-05,7.2359141975025e-05,5.60037869518301e-05,5.62150318629485e-05,1900.92234473318,0.12220476000210603,-0.2231108560912551,0.42424433375977355,2.3696459401283123,0.22603025100601667
1735632720.0,5.62150318629485e-05,6.10819699948577e-05,5.50972586906891e-05,6.10819699948577e-05,1390.55663888438,0.08155406232730293,0.08657716576190393,-0.33264414310950363,1.8409522057931176,0.10646104975550401
1735632780.0,6.10819699948577e-05,6.40050330115436e-05,6.10819699948577e-05,6.40050330115436e-05,934.39745678438,0.05844048874298073,0.04785476003691389,-0.28341412953238215,2.0003366300738112,0.04785476003691389
1735632840.0,6.40050330115436e-05,7.60850199541141e-05,6.40050330115436e-05,7.60850199541141e-05,1229.01105393269,0.08608611182040465,0.18873495370890328,0.47305598690333384,2.096062259499042,0.18873495370890328
1735632900.0,7.60850199541141e-05,9.05048298765744e-05,7.60850199541141e-05,8.37286796581849e-05,2109.83729019063,0.16859045146267612,0.10046208450336994,0.958393147252305,2.4916624730165733,0.1895223255662771
1735632960.0,8.37286796581849e-05,8.77479599070592e-05,8.33222047348995e-05,8.33222047348995e-05,781.84810301292,0.06530420853468182,-0.004854667778648832,-0.6126458647680924,2.74198007893464,0.052858294078295176
1735633020.0,8.33222047348995e-05,8.33222047348995e-05,6.88096366136927e-05,6.88096366136927e-05,1461.72933198498,0.11118778741406132,-0.17417407721483652,0.7026128929349418,2.728668676595739,0.17417407721483652
1735633080.0,6.88096366136927e-05,6.931980404356e-05,6.88096366136927e-05,6.92605929948138e-05,106.4848073496,0.007351190900288426,0.006553680608035175,-0.9338849070454769,2.253405327824647,0.007414185788125203
1735633140.0,6.92605929948138e-05,7.15700922332876e-05,6.92605929948138e-05,7.13518955808e-05,262.35558955808,0.018445236169741974,0.03019469651584995,1.5091493908855327,2.268173426623654,0.03334506879903168
1735633200.0,7.13518955808e-05,8.34793449723043e-05,7.13518955808e-05,8.34793449723043e-05,1315.1451700244,0.10181277909115057,0.1699667443000302,4.519733016927525,2.336660234885871,0.1699667443000302
1735633260.0,8.34793449723043e-05,8.52522546705149e-05,8.34793449723043e-05,8.52522546705149e-05,123.958,0.010457815814262292,0.02123770495322888,-0.897283858592057,2.7338147675447666,0.02123770495322888
1735633320.0,8.52522546705149e-05,8.52522546705149e-05,8.00953117243222e-05,8.00953117243222e-05,560.12904616064,0.0463079873248616,-0.06049039953398754,3.428074480113439,2.791874718974662,0.06049039953398754
1735633380.0,8.00953117243222e-05,8.00953117243222e-05,7.50802783235151e-05,7.50802783235151e-05,844.82441444908,0.06554806349947732,-0.06261332021614696,0.4154807255958242,2.622993101775046,0.06261332021614696
1735633440.0,7.50802783235151e-05,7.50802783235151e-05,7.21178056777359e-05,7.23223972591412e-05,38.63395038128,0.0028473738272641286,-0.0367324299530486,-0.9565605194837398,2.45875879476886,0.039457400957068144
1735633500.0,7.23223972591412e-05,7.23819770682052e-05,7.23223972591412e-05,7.23819770682052e-05,2.71780800665,0.00019663935357207038,0.0008238085478627875,-0.9309400993683329,2.3684426095685707,0.0008238085478627875
1735633560.0,7.23819770682052e-05,7.23819770682052e-05,7.14992984338705e-05,7.14992984338705e-05,193.72509203488,0.013936706669367768,-0.012194729545767457,69.87445323735678,2.3703937528354557,0.012194729545767457
1735633620.0,7.14992984338705e-05,7.14992984338705e-05,7.14992984338705e-05,7.14992984338705e-05,0.0,0.0,0.0,-1.0,2.341487442102651,0.0
1735633680.0,7.14992984338705e-05,7.14992984338705e-05,6.62038637404248e-05,6.62038637404248e-05,1033.41930448344,0.0711525530396653,-0.07406275039668309,inf,2.341487442102651,0.07406275039668309
1735633740.0,6.62038637404248e-05,6.62038637404248e-05,5.48516166242075e-05,5.48516166242075e-05,916.05909087936,0.05544698664439464,-0.17147408738450248,-0.22073089052075628,2.168070442121234,0.17147408738450248
1735633800.0,5.48516166242075e-05,5.48516166242075e-05,5.44357685509157e-05,5.47165540269907e-05,35.81059918144,0.001961850921116838,-0.0024623266464891963,-0.9646175375823571,1.7963025416731808,0.0075813275685346435
1735633860.0,5.47165540269907e-05,5.47165540269907e-05,5.47165540269907e-05,5.47165540269907e-05,0.0,0.0,0.0,-1.0,1.7918794580596626,0.0
1735633920.0,5.47165540269907e-05,5.48788320541084e-05,5.47165540269907e-05,5.48788320541084e-05,4.19402274366,0.00022982277091216407,0.0029657939905653875,inf,1.7918794580596626,0.0029657939905653875
1735633980.0,5.48788320541084e-05,5.48788320541084e-05,5.04258047049076e-05,5.04258047049076e-05,1099.66941441588,0.05790014412003205,-0.08114289576735682,250.9338875352821,1.7971938033881936,0.08114289576735682
1735634040.0,5.04258047049076e-05,5.04258047049076e-05,4.65125735749899e-05,4.65125735749899e-05,12.44118047276,0.0006030139294584414,-0.07760374183055635,-0.9895852775736043,1.6513642939261257,0.07760374183055635
1735634100.0,4.65125735749899e-05,4.65125735749899e-05,4.65125735749899e-05,4.65125735749899e-05,0.0,0.0,0.0,-1.0,1.5232122455920838,0.0
1735634160.0,4.65125735749899e-05,4.77461990415801e-05,4.65125735749899e-05,4.77461990415801e-05,308.949,0.014560576770558343,0.026522408281736763,inf,1.5232122455920838,0.026522408281736763
1735634220.0,4.77461990415801e-05,4.85458815785166e-05,4.77461990415801e-05,4.85458815785166e-05,7.67627750532,0.00036958236620225404,0.016748611470414423,-0.9746176012100322,1.5636115026694182,0.016748611470414423
1735634280.0,4.85458815785166e-05,5.2286046248367e-05,4.85458815785166e-05,5.2286046248367e-05,648.66858153209,0.03270325179830533,0.07704391285594796,87.48704589008574,1.5897998242182991,0.07704391285594796
1735634340.0,5.2286046248367e-05,5.26230583310657e-05,5.2286046248367e-05,5.26230583310657e-05,34.8528100456,0.0018281885469804767,0.006445545358274726,-0.9440976524825212,1.712284223333775,0.006445545358274726
1735634400.0,5.26230583310657e-05,6.2113290818485e-05,5.26230583310657e-05,6.2113290818485e-05,1462.7208224331,0.08391362349550105,0.18034361339688224,44.89987374885199,1.7233208289615312,0.18034361339688224
1735634460.0,6.2113290818485e-05,6.84452702133641e-05,6.2113290818485e-05,6.38878786168302e-05,1045.66382555319,0.06587743242795369,0.02857017837826568,-0.21493757886065254,2.0341107342985643,0.10194242345624832
1735634520.0,6.38878786168302e-05,6.85008594542674e-05,6.38878786168302e-05,6.85008594542674e-05,191.70665,0.012689900736668792,0.0722043200886933,-0.8073710484914998,2.092225640818619,0.0722043200886933
1735634580.0,6.85008594542674e-05,7.15175093385897e-05,6.18494988430529e-05,6.22370909988726e-05,1534.90499149143,0.10033516636394192,-0.091440727974758,6.906694342691979,2.2432933706860583,0.1411370685354885
1735634640.0,6.22370909988726e-05,6.22370909988726e-05,5.6867342427625e-05,5.9589263858878e-05,1872.02477668151,0.11403097737325148,-0.042544198282701985,0.13650060597528949,2.0381649918095763,0.08627891318610748
1735634700.0,5.9589263858878e-05,5.9589263858878e-05,5.9589263858878e-05,5.9589263858878e-05,0.0,0.0,0.0,-1.0,1.951452896265168,0.0
1735634760.0,5.9589263858878e-05,5.9589263858878e-05,5.9589263858878e-05,5.9589263858878e-05,0.0,0.0,0.0,0.0,1.951452896265168,0.0
1735634820.0,5.9589263858878e-05,5.9589263858878e-05,5.9589263858878e-05,5.9589263858878e-05,0.0,0.0,0.0,0.0,1.951452896265168,0.0
1735634880.0,5.9589263858878e-05,5.9589263858878e-05,5.9589263858878e-05,5.9589263858878e-05,0.0,0.0,0.0,0.0,1.951452896265168,0.0
1735634940.0,5.9589263858878e-05,5.9589263858878e-05,5.9589263858878e-05,5.9589263858878e-05,0.0,0.0,0.0,0.0,1.951452896265168,0.0
1735635000.0,5.9589263858878e-05,5.9589263858878e-05,5.9589263858878e-05,5.9589263858878e-05,0.0,0.0,0.0,0.0,1.951452896265168,0.0
1735635060.0,5.9589263858878e-05,5.9589263858878e-05,5.7818593199553e-05,5.7818593199553e-05,38.472,0.0022584575383759785,-0.02971459193586256,inf,1.951452896265168,0.02971459193586256
1735635120.0,5.7818593199553e-05,5.84448774826703e-05,5.7818593199553e-05,5.84448774826703e-05,115.428,0.006710029946953835,0.010831883801734258,1.9710675684338579,1.8934662697705915,0.010831883801734258
1735635180.0,5.84448774826703e-05,5.84448774826703e-05,5.84448774826703e-05,5.84448774826703e-05,0.0,0.0,0.0,-1.0,1.9139760763872498,0.0
1735635240.0,5.84448774826703e-05,6.64091549871252e-05,5.84448774826703e-05,6.58268266462647e-05,916.08101720408,0.056921474564059625,0.12630617911352873,inf,1.9139760763872498,0.13626989819281296
1735635300.0,6.58268266462647e-05,6.60135642202771e-05,6.5442511743232e-05,6.5442511743232e-05,105.72728103434,0.0069393751155490966,-0.0058382717595956875,-0.8780886270305682,2.1557230815104265,0.008675072248488803
1735635360.0,6.5442511743232e-05,6.5442511743232e-05,6.23285806152921e-05,6.23285806152921e-05,726.5221937295,0.04641426715776474,-0.04758269578890285,5.688536991430833,2.1431373843221357,0.04758269578890285
1735635420.0,6.23285806152921e-05,6.23285806152921e-05,5.82660723537876e-05,5.82660723537876e-05,154.51761949388,0.009316999350236383,-0.06517889901230596,-0.7992643227874875,2.0411611301301105,0.06517889901230596
1735635480.0,5.82660723537876e-05,5.82660723537876e-05,5.82660723537876e-05,5.82660723537876e-05,0.0,0.0,0.0,-1.0,1.9081204949615158,0.0
1735635540.0,5.82660723537876e-05,5.82660723537876e-05,5.82660723537876e-05,5.82660723537876e-05,0.0,0.0,0.0,0.0,1.9081204949615158,0.0
1735635600.0,5.82660723537876e-05,5.82660723537876e-05,5.39546323750437e-05,5.57679480733603e-05,536.34437848647,0.03058075290615603,-0.04287442382007253,inf,1.9081204949615158,0.07399572005755138
1735635660.0,5.57679480733603e-05,5.64398069096559e-05,5.20415138381469e-05,5.6210362402004e-05,984.74199592955,0.055134872479164536,0.00793312904505154,0.8029272414697697,1.8263109281607692,0.07886775869399452
1735635720.0,5.6210362402004e-05,5.66178497159513e-05,5.6210362402004e-05,5.66178497159513e-05,38.356,0.002163819451998147,0.007249327286542621,-0.9607540680752303,1.8407992884302564,0.007249327286542621
1735635780.0,5.66178497159513e-05,5.66178497159513e-05,5.66178497159513e-05,5.66178497159513e-05,0.0,0.0,0.0,-1.0,1.854143844940922,0.0
1735635840.0,5.66178497159513e-05,5.66178497159513e-05,5.66178497159513e-05,5.66178497159513e-05,0.0,0.0,0.0,0.0,1.854143844940922,0.0
1735635900.0,5.66178497159513e-05,5.66178497159513e-05,5.66178497159513e-05,5.66178497159513e-05,0.0,0.0,0.0,0.0,1.854143844940922,0.0
1735635960.0,5.66178497159513e-05,5.66178497159513e-05,5.66178497159513e-05,5.66178497159513e-05,0.0,0.0,0.0,0.0,1.854143844940922,0.0
1735636020.0,5.66178497159513e-05,5.66178497159513e-05,5.66178497159513e-05,5.66178497159513e-05,0.0,0.0,0.0,0.0,1.854143844940922,0.0
1735636080.0,5.66178497159513e-05,5.66178497159513e-05,5.66178497159513e-05,5.66178497159513e-05,0.0,0.0,0.0,0.0,1.854143844940922,0.0
1735636140.0,5.66178497159513e-05,5.73748677083745e-05,5.63757253850172e-05,5.73748677083745e-05,203.43460364512,0.011595031643823943,0.013370659539723303,inf,1.854143844940922,0.017647125921771097
1735636200.0,5.73748677083745e-05,5.83909620375641e-05,5.73748677083745e-05,5.83909620375641e-05,45.8849619376,0.002655955345783538,0.017709745917920246,-0.7709402244539606,1.8789349710293006,0.017709745917920246
1735636260.0,5.83909620375641e-05,5.83909620375641e-05,5.81749110616762e-05,5.81749110616762e-05,27.204368397,0.0015855504771548426,-0.003700075634118083,-0.403020657078447,1.9122104319625244,0.003700075634118083
1735636320.0,5.81749110616762e-05,5.81749110616762e-05,5.80886361657012e-05,5.80886361657012e-05,8.35929964314,0.0004859409144240032,-0.0014830258336540714,-0.6935191143860715,1.9051351087359134,0.0014830258336540714
1735636380.0,5.80886361657012e-05,5.85562908567732e-05,5.80886361657012e-05,5.85562908567732e-05,38.422,0.0022408656930287558,0.008050708743410453,3.6113953909085943,1.9023097441530568,0.008050708743410453
1735636440.0,5.85562908567732e-05,5.85562908567732e-05,5.85562908567732e-05,5.85562908567732e-05,0.0,0.0,0.0,-1.0,1.9176246858429846,0.0
1735636500.0,5.85562908567732e-05,5.87964802807557e-05,5.85562908567732e-05,5.87964802807557e-05,19.213,0.0011273493959326713,0.004101855163094169,inf,1.9176246858429846,0.004101855163094169
1735636560.0,5.87964802807557e-05,5.87964802807557e-05,5.87964802807557e-05,5.87964802807557e-05,0.0,0.0,0.0,-1.0,1.9254905045614865,0.0
1735636620.0,5.87964802807557e-05,5.87964802807557e-05,5.87964802807557e-05,5.87964802807557e-05,0.0,0.0,0.0,0.0,1.9254905045614865,0.0
1735636680.0,5.87964802807557e-05,5.87964802807557e-05,5.58399915834135e-05,5.58399915834135e-05,427.23690719332,0.024488465845400847,-0.05028342994724923,inf,1.9254905045614865,0.05028342994724923
1735636740.0,5.58399915834135e-05,5.58399915834135e-05,5.58399915834135e-05,5.58399915834135e-05,0.0,0.0,0.0,-1.0,1.8286702376612756,0.0
1735636800.0,5.58399915834135e-05,5.58399915834135e-05,5.06927860790531e-05,5.06927860790531e-05,595.41660258298,0.03171569226975692,-0.09217776289725133,inf,1.8286702376612756,0.09217776289725133
1735636860.0,5.06927860790531e-05,5.06927860790531e-05,5.06037391336199e-05,5.06037391336199e-05,16.53584764482,0.0008375119539332143,-0.0017565999488435753,-0.9735931365833109,1.6601075060768742,0.0017565999488435753
1735636920.0,5.06037391336199e-05,5.06037391336199e-05,4.82900165203288e-05,4.82900165203288e-05,337.80721546464,0.016703512112150456,-0.04572236464941221,18.944207403495096,1.6571913613166247,0.04572236464941221
1735636980.0,4.82900165203288e-05,4.82900165203288e-05,4.82900165203288e-05,4.82900165203288e-05,0.0,0.0,0.0,-1.0,1.58142065360065,0.0
1735637040.0,4.82900165203288e-05,4.82900165203288e-05,4.70491009128533e-05,4.70491009128533e-05,152.0308001728,0.0072472411555676115,-0.025697146054052565,inf,1.58142065360065,0.025697146054052565
1735637100.0,4.70491009128533e-05,4.70491009128533e-05,4.70491009128533e-05,4.70491009128533e-05,0.0,0.0,0.0,-1.0,1.540782656092179,0.0
1735637160.0,4.70491009128533e-05,4.70491009128533e-05,4.70491009128533e-05,4.70491009128533e-05,0.0,0.0,0.0,0.0,1.540782656092179,0.0
1735637220.0,4.70491009128533e-05,4.73051506499371e-05,4.70491009128533e-05,4.73051506499371e-05,19.07928,0.0009001055923784578,0.0054421812981733575,inf,1.540782656092179,0.0054421812981733575
1735637280.0,4.73051506499371e-05,4.73051506499371e-05,4.73051506499371e-05,4.73051506499371e-05,0.0,0.0,0.0,-1.0,1.5491678746477138,0.0
1735637340.0,4.73051506499371e-05,4.73051506499371e-05,4.73051506499371e-05,4.73051506499371e-05,0.0,0.0,0.0,0.0,1.5491678746477138,0.0
1735637400.0,4.73051506499371e-05,4.73051506499371e-05,4.73051506499371e-05,4.73051506499371e-05,0.0,0.0,0.0,0.0,1.5491678746477138,0.0
1735637460.0,4.73051506499371e-05,4.73051506499371e-05,4.73051506499371e-05,4.73051506499371e-05,0.0,0.0,0.0,0.0,1.5491678746477138,0.0
1735637520.0,4.73051506499371e-05,4.73051506499371e-05,4.69203176723629e-05,4.69203176723629e-05,47.91381428388,0.00225735079500315,-0.008135117894920217,inf,1.5491678746477138,0.008135117894920217
1735637580.0,4.69203176723629e-05,4.69227371343224e-05,4.66833167564566e-05,4.69227371343224e-05,36.6179975163,0.0017181723739166036,5.15653362877084e-05,-0.23885451135023703,1.5365652113484316,0.005102701553251077
1735637640.0,4.69227371343224e-05,4.69227371343224e-05,4.69227371343224e-05,4.69227371343224e-05,0.0,0.0,0.0,-1.0,1.5366444448502827,0.0
1735637700.0,4.69227371343224e-05,4.69227371343224e-05,4.69227371343224e-05,4.69227371343224e-05,0.0,0.0,0.0,0.0,1.5366444448502827,0.0
1735637760.0,4.69227371343224e-05,4.69227371343224e-05,4.69227371343224e-05,4.69227371343224e-05,0.0,0.0,0.0,0.0,1.5366444448502827,0.0
1735637820.0,4.69227371343224e-05,4.69227371343224e-05,4.67593053921017e-05,4.67593053921017e-05,12.88490761212,0.0006035422314338357,-0.003482996777294915,inf,1.5366444448502827,0.003482996777294915
1735637880.0,4.67593053921017e-05,4.67593053921017e-05,4.67593053921017e-05,4.67593053921017e-05,0.0,0.0,0.0,-1.0,1.531292317201021,0.0
1735637940.0,4.67593053921017e-05,4.67593053921017e-05,4.67593053921017e-05,4.67593053921017e-05,0.0,0.0,0.0,0.0,1.531292317201021,0.0
1735638000.0,4.67593053921017e-05,4.67593053921017e-05,4.61839529751021e-05,4.61839529751021e-05,160.5525361423,0.007461137924091808,-0.012304554402058913,inf,1.531292317201021,0.012304554402058913
1735638060.0,4.61839529751021e-05,4.61839529751021e-05,4.61839529751021e-05,4.61839529751021e-05,0.0,0.0,0.0,-1.0,1.5124504475785663,0.0
1735638120.0,4.61839529751021e-05,4.61839529751021e-05,4.61839529751021e-05,4.61839529751021e-05,0.0,0.0,0.0,0.0,1.5124504475785663,0.0
1735638180.0,4.61839529751021e-05,4.61839529751021e-05,4.55618191168741e-05,4.57131620555668e-05,24.75604729454,0.001137504662965511,-0.010193820346844308,inf,1.5124504475785663,0.013470779743851547
1735638240.0,4.57131620555668e-05,4.57131620555668e-05,4.57131620555668e-05,4.57131620555668e-05,0.0,0.0,0.0,-1.0,1.4970327994324462,0.0
1735638300.0,4.57131620555668e-05,4.59053663725071e-05,4.57131620555668e-05,4.59053663725071e-05,38.656,0.0017708029174578126,0.004204572781612997,inf,1.4970327994324462,0.004204572781612997
1735638360.0,4.59053663725071e-05,4.60557413623236e-05,4.59053663725071e-05,4.60557413623236e-05,0.599292,2.7555778088311084e-05,0.0032757605852931065,-0.9844388227415671,1.5033271827941217,0.0032757605852931065
1735638420.0,4.60557413623236e-05,4.60557413623236e-05,4.60557413623236e-05,4.60557413623236e-05,0.0,0.0,0.0,-1.0,1.5082517227263184,0.0
1735638480.0,4.60557413623236e-05,4.6109178930265e-05,4.60557413623236e-05,4.6109178930265e-05,9.6695,0.0004455943483845927,0.001160280268229852,inf,1.5082517227263184,0.001160280268229852
1735638540.0,4.6109178930265e-05,4.6109178930265e-05,4.58686745261117e-05,4.58686745261117e-05,4.56347983707,0.00020986953985257714,-0.005215976725958181,-0.5290121146881364,1.5100017174397213,0.005215976725958181
1735638600.0,4.58686745261117e-05,4.71041162198617e-05,4.2609239351169e-05,4.50695597302846e-05,1061.26471456836,0.048254769610732544,-0.017421798298797243,228.92745705083792,1.502125583625399,0.09799447913267895
1735638660.0,4.50695597302846e-05,4.50695597302846e-05,3.71571232067201e-05,3.71571232067201e-05,798.67881441799,0.03283635482082544,-0.17556054620714925,-0.31952105282620247,1.4759558546880143,0.17556054620714925
1735638720.0,3.71571232067201e-05,3.81501306087909e-05,3.71571232067201e-05,3.81501306087909e-05,275.817049621,0.01038551228122702,0.026724550136626522,-0.6837190870333655,1.2168362386613465,0.026724550136626522
1735638780.0,3.81501306087909e-05,3.98654702444881e-05,3.81501306087909e-05,3.98654702444881e-05,243.901337499,0.009514054696951437,0.04496287714679383,-0.08391089054420946,1.2493556397295158,0.04496287714679383
1735638840.0,3.98654702444881e-05,3.98654702444881e-05,3.98654702444881e-05,3.98654702444881e-05,0.0,0.0,0.0,-1.0,1.305530263871328,0.0
1735638900.0,3.98654702444881e-05,3.98654702444881e-05,3.98654702444881e-05,3.98654702444881e-05,0.0,0.0,0.0,0.0,1.305530263871328,0.0
1735638960.0,3.98654702444881e-05,3.98654702444881e-05,3.77397571875419e-05,3.77397571875419e-05,452.212311034,0.017547019622678732,-0.053322161858610176,inf,1.305530263871328,0.053322161858610176
1735639020.0,3.77397571875419e-05,3.77397571875419e-05,3.77397571875419e-05,3.77397571875419e-05,0.0,0.0,0.0,-1.0,1.235916567829867,0.0
1735639080.0,3.77397571875419e-05,3.77397571875419e-05,3.77397571875419e-05,3.77397571875419e-05,0.0,0.0,0.0,0.0,1.235916567829867,0.0
1735639140.0,3.77397571875419e-05,3.77397571875419e-05,3.77397571875419e-05,3.77397571875419e-05,0.0,0.0,0.0,0.0,1.235916567829867,0.0
1735639200.0,3.77397571875419e-05,3.77397571875419e-05,3.77397571875419e-05,3.77397571875419e-05,0.0,0.0,0.0,0.0,1.235916567829867,0.0
1735639260.0,3.77397571875419e-05,3.77397571875419e-05,3.77397571875419e-05,3.77397571875419e-05,0.0,0.0,0.0,0.0,1.235916567829867,0.0
1735639320.0,3.77397571875419e-05,3.77397571875419e-05,3.77397571875419e-05,3.77397571875419e-05,0.0,0.0,0.0,0.0,1.235916567829867,0.0
1735639380.0,3.77397571875419e-05,3.77397571875419e-05,3.77397571875419e-05,3.77397571875419e-05,0.0,0.0,0.0,0.0,1.235916567829867,0.0
1735639440.0,3.77397571875419e-05,3.79350455128406e-05,3.72916994094594e-05,3.79350455128406e-05,240.34654095246,0.009094088533148408,0.005174604710047473,inf,1.235916567829867,0.017046906268744545
1735639500.0,3.79350455128406e-05,3.89084952078155e-05,3.79350455128406e-05,3.89084952078155e-05,57.41155,0.002205853390130492,0.025660960249682545,-0.7574409593561745,1.2423119475229851,0.025660960249682545
1735639560.0,3.89084952078155e-05,3.89084952078155e-05,3.87330506743731e-05,3.87330506743731e-05,2.07451523855,8.053428503858964e-05,-0.0045091575118834494,-0.9634906447550327,1.2741908650260783,0.0045091575118834494
1735639620.0,3.87330506743731e-05,3.89664771954234e-05,3.87016376112177e-05,3.87016376112177e-05,40.06363761969,0.001551157645333782,-0.0008110144336290841,18.260835861279617,1.2684453377154725,0.0068375606773707675
1735639680.0,3.87016376112177e-05,3.87016376112177e-05,3.87016376112177e-05,3.87016376112177e-05,0.0,0.0,0.0,-1.0,1.2674166102383158,0.0
1735639740.0,3.87016376112177e-05,3.87016376112177e-05,3.87016376112177e-05,3.87016376112177e-05,0.0,0.0,0.0,0.0,1.2674166102383158,0.0
1735639800.0,3.87016376112177e-05,3.87016376112177e-05,3.87016376112177e-05,3.87016376112177e-05,0.0,0.0,0.0,0.0,1.2674166102383158,0.0
1735639860.0,3.87016376112177e-05,3.87016376112177e-05,3.87016376112177e-05,3.87016376112177e-05,0.0,0.0,0.0,0.0,1.2674166102383158,0.0
1735639920.0,3.87016376112177e-05,3.94837146822514e-05,3.87016376112177e-05,3.94095759884118e-05,214.94930659034,0.008394975600085149,0.018292207278301487,inf,1.2674166102383158,0.020207854739640773
1735639980.0,3.94095759884118e-05,3.94095759884118e-05,3.94095759884118e-05,3.94095759884118e-05,0.0,0.0,0.0,-1.0,1.2906004575807573,0.0
1735640040.0,3.94095759884118e-05,3.94095759884118e-05,3.94095759884118e-05,3.94095759884118e-05,0.0,0.0,0.0,0.0,1.2906004575807573,0.0
1735640100.0,3.94095759884118e-05,3.94095759884118e-05,3.94095759884118e-05,3.94095759884118e-05,0.0,0.0,0.0,0.0,1.2906004575807573,0.0
1735640160.0,3.94095759884118e-05,3.94095759884118e-05,3.94095759884118e-05,3.94095759884118e-05,0.0,0.0,0.0,0.0,1.2906004575807573,0.0
1735640220.0,3.94095759884118e-05,3.94095759884118e-05,3.94095759884118e-05,3.94095759884118e-05,0.0,0.0,0.0,0.0,1.2906004575807573,0.0
1735640280.0,3.94095759884118e-05,3.94095759884118e-05,3.94095759884118e-05,3.94095759884118e-05,0.0,0.0,0.0,0.0,1.2906004575807573,0.0
1735640340.0,3.94095759884118e-05,4.28238680929781e-05,3.8397688973603e-05,4.28238680929781e-05,1036.87508906016,0.04263290482780742,0.0866361035087071,inf,1.2906004575807573,0.11231227457703678
1735640400.0,4.28238680929781e-05,4.3259767414537e-05,4.08719828762481e-05,4.14591273706399e-05,459.50592084365,0.019364267720985484,-0.03186869339722218,-0.5457905624963398,1.4024130524121086,0.05575826389864189
1735640460.0,4.14591273706399e-05,4.14591273706399e-05,3.73001664901504e-05,3.73001664901504e-05,581.84873485471,0.02291299774547558,-0.1003147230598671,0.1832617724368818,1.3577199808285245,0.1003147230598671
1735640520.0,3.73001664901504e-05,3.73001664901504e-05,3.73001664901504e-05,3.73001664901504e-05,0.0,0.0,0.0,-1.0,1.2215206769588631,0.0
1735640580.0,3.73001664901504e-05,3.88879950001339e-05,3.73001664901504e-05,3.88879950001339e-05,443.647,0.01690032464034008,0.042568938945695856,inf,1.2215206769588631,0.042568938945695856
1735640640.0,3.88879950001339e-05,3.98382344756814e-05,3.88798561918462e-05,3.88798561918462e-05,254.89783731852,0.009911428540872107,-0.00020928845232764837,-0.4135362040789376,1.27351951607723,0.024644579486083
1735640700.0,3.88798561918462e-05,3.88798561918462e-05,3.88798561918462e-05,3.88798561918462e-05,0.0,0.0,0.0,-1.0,1.2732529831487012,0.0
1735640760.0,3.88798561918462e-05,3.88798561918462e-05,3.84190643784911e-05,3.84190643784911e-05,70.9744803702,0.002743125360328527,-0.011851685126647648,inf,1.2732529831487012,0.011851685126647648
1735640820.0,3.84190643784911e-05,3.84190643784911e-05,3.75309868079459e-05,3.75309868079459e-05,312.01202007608,0.011848664447780941,-0.023115543934026348,3.3194031957627708,1.2581627897058578,0.023115543934026348
1735640880.0,3.75309868079459e-05,3.75309868079459e-05,3.75309868079459e-05,3.75309868079459e-05,0.0,0.0,0.0,-1.0,1.229079672464255,0.0
1735640940.0,3.75309868079459e-05,3.75309868079459e-05,3.75309868079459e-05,3.75309868079459e-05,0.0,0.0,0.0,0.0,1.229079672464255,0.0
1735641000.0,3.75309868079459e-05,3.75309868079459e-05,3.75309868079459e-05,3.75309868079459e-05,0.0,0.0,0.0,0.0,1.229079672464255,0.0
1735641060.0,3.75309868079459e-05,3.75309868079459e-05,3.75309868079459e-05,3.75309868079459e-05,0.0,0.0,0.0,0.0,1.229079672464255,0.0
1735641120.0,3.75309868079459e-05,4.29406515975337e-05,3.75309868079459e-05,4.29406515975337e-05,784.361,0.031559407385680194,0.14413862383289347,inf,1.229079672464255,0.14413862383289347
1735641180.0,4.29406515975337e-05,4.60980066145954e-05,4.29406515975337e-05,4.60980066145954e-05,516.7716971031,0.023006329256032413,0.0735283443449899,-0.271015169110199,1.406237525034236,0.0735283443449899
1735641240.0,4.60980066145954e-05,5.27965122634829e-05,4.60980066145954e-05,5.02884849659437e-05,1335.93982662678,0.06438327642563449,0.09090367803499617,1.798502781957394,1.5096358420057998,0.1453100934470048
1735641300.0,5.02884849659437e-05,5.02884849659437e-05,4.93061554260153e-05,4.93061554260153e-05,104.0801399138,0.0051829120533298445,-0.019533886148959474,-0.919499094468789,1.6468672925375853,0.019533886148959474
1735641360.0,4.93061554260153e-05,4.93061554260153e-05,4.72796470693964e-05,4.72796470693964e-05,280.42528917764,0.013542550797615125,-0.04110051451202082,1.612923132453019,1.614697574342711,0.04110051451202082
1735641420.0,4.72796470693964e-05,4.72796470693964e-05,4.22298657871747e-05,4.41021837609825e-05,1285.02333996741,0.05871389273299517,-0.0672057323894586,3.3355120915134258,1.5483326732559137,0.10680666196195808
1735641480.0,4.41021837609825e-05,4.50195621524694e-05,4.41021837609825e-05,4.42216205836326e-05,195.32376167042,0.008625868854816202,0.0027081838690212507,-0.8530864084579975,1.4442758419672217,0.020801201057497633
1735641540.0,4.42216205836326e-05,4.42216205836326e-05,4.38638925559667e-05,4.41078070694236e-05,32.54116776679,0.0014371713620013207,-0.00257370744687563,-0.83338822022562,1.4481872065048544,0.00808943731470355
1735641600.0,4.41078070694236e-05,4.79183005417138e-05,4.41078070694236e-05,4.79183005417138e-05,592.06703085042,0.02724281214702368,0.08639045387798736,17.95585513830928,1.4444599963070028,0.08639045387798736
1735641660.0,4.79183005417138e-05,4.84681301531998e-05,4.79183005417138e-05,4.84681301531998e-05,59.32228,0.0028589314149421296,0.011474313681207488,-0.8950574045178199,1.5692475509965607,0.011474313681207488
1735641720.0,4.84681301531998e-05,4.84681301531998e-05,4.81127378213533e-05,4.81127378213533e-05,41.87513069744,0.002022168234653304,-0.007332495202995528,-0.29268389437938414,1.5872535896401618,0.007332495202995528
1735641780.0,4.81127378213533e-05,4.81127378213533e-05,4.73686494089977e-05,4.73686494089977e-05,173.82212845235,0.008298388977981321,-0.015465517990650718,3.10370850247485,1.575615060308188,0.015465517990650718
1735641840.0,4.73686494089977e-05,4.73686494089977e-05,4.64638438078211e-05,4.64638438078211e-05,68.11822118987,0.0031958512638701198,-0.019101359495479517,-0.6148829281984867,1.5512473572466514,0.019101359495479517
1735641900.0,4.64638438078211e-05,4.64638438078211e-05,4.26383267807751e-05,4.26383267807751e-05,732.02987813614,0.03261272553881782,-0.08233320176584405,9.204706929735016,1.5216164238094707,0.08233320176584405
1735641960.0,4.26383267807751e-05,4.26383267807751e-05,3.90695622242724e-05,3.90946061119556e-05,359.78019849222,0.014702945409748975,-0.08311115694195834,-0.5491653896805234,1.3963368717777433,0.08369851319099593
1735642020.0,3.90946061119556e-05,3.90946061119556e-05,3.90946061119556e-05,3.90946061119556e-05,0.0,0.0,0.0,-1.0,1.2802856988835802,0.0
1735642080.0,3.90946061119556e-05,4.10155407731967e-05,3.90946061119556e-05,4.10155407731967e-05,566.70865328209,0.02269955672775754,0.04913554201671981,inf,1.2802856988835802,0.04913554201671981
1735642140.0,4.10155407731967e-05,4.10155407731967e-05,4.10155407731967e-05,4.10155407731967e-05,0.0,0.0,0.0,-1.0,1.3431932306344798,0.0
