0,1,2,3,4,5
1735828860.0,5.80549772921115e-05,6.24106435181962e-05,5.80549772921115e-05,6.04853754027289e-05,1849.2462469164
1735828920.0,6.04853754027289e-05,6.22054269237356e-05,6.04853754027289e-05,6.17616820633205e-05,282.96965031654
1735828980.0,6.17616820633205e-05,6.96466097522134e-05,6.1419652296185e-05,6.92766524108601e-05,1232.00565933706
1735829040.0,6.92766524108601e-05,7.22862557168133e-05,6.48726548229691e-05,6.48726548229691e-05,1933.85701810329
1735829100.0,6.48726548229691e-05,6.82826803223528e-05,6.44607752444442e-05,6.70473654141574e-05,1090.2637971627
1735829160.0,6.70473654141574e-05,7.09018522943529e-05,6.70473654141574e-05,6.98064874804313e-05,918.71117212871
1735829220.0,6.98064874804313e-05,7.29632956716221e-05,6.5253573258886e-05,6.83492987216792e-05,3629.85655500405
1735829280.0,6.83492987216792e-05,6.86040344087866e-05,6.37325227963526e-05,6.4546713867939e-05,910.6592734629
1735829340.0,6.4546713867939e-05,6.48100639817019e-05,6.28033962377366e-05,6.28033962377366e-05,250.76845334805
1735829400.0,6.28033962377366e-05,6.28033962377366e-05,4.99033943181547e-05,5.04485170002411e-05,1962.51346833476
1735829460.0,5.04485170002411e-05,5.58344893821364e-05,4.86105302290999e-05,5.4190305950623e-05,2368.18148041234
1735829520.0,5.4190305950623e-05,6.37880565949836e-05,5.4190305950623e-05,6.37039293329272e-05,1739.12863179302
1735829580.0,6.37039293329272e-05,6.86582231618952e-05,6.0495939675174e-05,6.09893432961698e-05,2819.81809940319
1735829640.0,6.09893432961698e-05,6.56557179094519e-05,6.07121932070973e-05,6.55330507143979e-05,1430.56971235974
1735829700.0,6.55330507143979e-05,6.6302741487159e-05,6.4427840827108e-05,6.58148474918074e-05,510.75569546314
1735829760.0,6.58148474918074e-05,7.2484819967591e-05,6.47511802300234e-05,6.94249509428942e-05,2986.49403590833
1735829820.0,6.94249509428942e-05,6.94249509428942e-05,6.25486905974711e-05,6.40474948608597e-05,1543.92893205843
1735829880.0,6.40474948608597e-05,6.49601136410585e-05,6.24759359408186e-05,6.26758446555248e-05,500.63392196958
1735829940.0,6.26758446555248e-05,6.50927487352445e-05,5.97608876401273e-05,6.32607837780409e-05,2958.6102967265
1735830000.0,6.32607837780409e-05,6.42189823598765e-05,5.93947683364678e-05,5.98718979779412e-05,805.81058915382
1735830060.0,5.98718979779412e-05,6.05012763982362e-05,5.87595618376305e-05,6.05012763982362e-05,410.48424697874
1735830120.0,6.05012763982362e-05,6.07543742534721e-05,5.43877497782647e-05,5.44019413422399e-05,928.06581304413
1735830180.0,5.44019413422399e-05,5.45938404240709e-05,4.98779845925642e-05,4.99736109778332e-05,1132.20482614335
1735830240.0,4.99736109778332e-05,5.28699449112741e-05,4.81093596063101e-05,5.28142041851617e-05,962.54187884655
1735830300.0,5.28142041851617e-05,5.87308311446243e-05,5.28142041851617e-05,5.87308311446243e-05,932.49269950362
1735830360.0,5.87308311446243e-05,7.24451410658307e-05,5.87308311446243e-05,6.83068354791994e-05,4201.59186233265
1735830420.0,6.83068354791994e-05,6.84304703783249e-05,6.15019983666667e-05,6.15885609402291e-05,1042.05680680094
1735830480.0,6.15885609402291e-05,6.44450375470253e-05,6.15885609402291e-05,6.21960338587623e-05,996.88867372128
1735830540.0,6.21960338587623e-05,6.88596781670088e-05,6.16977717117171e-05,6.81958289611752e-05,2769.8930011155
1735830600.0,6.81958289611752e-05,8.86130883311144e-05,6.81958289611752e-05,6.86390337271467e-05,5020.03970325335
1735830660.0,6.86390337271467e-05,6.87116361956307e-05,6.19010796181185e-05,6.26614481409002e-05,1093.96077605663
1735830720.0,6.26614481409002e-05,6.40574120974113e-05,5.9773104703358e-05,5.9773104703358e-05,2500.88324824746
1735830780.0,5.9773104703358e-05,6.18152517083085e-05,5.80132897126557e-05,5.80132897126557e-05,606.708030002
1735830840.0,5.80132897126557e-05,5.80132897126557e-05,5.39688857448675e-05,5.42398581674812e-05,897.65672579614
1735830900.0,5.42398581674812e-05,5.95833205827199e-05,5.42398581674812e-05,5.75127655294948e-05,1877.8448054727
1735830960.0,5.75127655294948e-05,6.53969792764198e-05,5.75127655294948e-05,6.53969792764198e-05,2040.01796515315
1735831020.0,6.53969792764198e-05,6.7247570663495e-05,6.53969792764198e-05,6.70938454478015e-05,211.01829668594
1735831080.0,6.70938454478015e-05,6.81821429901198e-05,6.30166075503488e-05,6.30166075503488e-05,1016.32848583212
1735831140.0,6.30166075503488e-05,6.30166075503488e-05,5.83099974625171e-05,6.30050482128943e-05,2632.13188296006
1735831200.0,6.30050482128943e-05,7.9835852672612e-05,6.30050482128943e-05,6.73110029592853e-05,4706.49772172366
1735831260.0,6.73110029592853e-05,6.85277811824362e-05,6.71004545144381e-05,6.85277811824362e-05,338.98971871436
1735831320.0,6.85277811824362e-05,6.95398093035945e-05,6.36616200994427e-05,6.51683895130453e-05,2883.94035718043
1735831380.0,6.51683895130453e-05,6.57598866075777e-05,6.17456405091541e-05,6.19583426248732e-05,643.69562144672
1735831440.0,6.19583426248732e-05,6.27745047403692e-05,6.07813119753913e-05,6.07813119753913e-05,798.65879773698
1735831500.0,6.07813119753913e-05,6.08786211486685e-05,5.89676992173686e-05,5.89676992173686e-05,281.52151804566
1735831560.0,5.89676992173686e-05,6.89571134046638e-05,5.5117691273574e-05,5.71855629458462e-05,5771.91039075843
1735831620.0,5.71855629458462e-05,6.00825780409664e-05,5.71855629458462e-05,5.94517795785458e-05,687.50738862291
1735831680.0,5.94517795785458e-05,6.49476969250124e-05,5.94517795785458e-05,6.49476969250124e-05,1150.05121755846
1735831740.0,6.49476969250124e-05,6.56282397219883e-05,6.1008988349375e-05,6.43647478093866e-05,2635.07016763205
1735831800.0,6.43647478093866e-05,6.4713271649739e-05,6.2050051499701e-05,6.2050051499701e-05,455.54916036916
1735831860.0,6.2050051499701e-05,6.2050051499701e-05,6.06082441658652e-05,6.09138217157503e-05,384.2406066282
1735831920.0,6.09138217157503e-05,6.11256211883372e-05,5.61758665105656e-05,5.72799766813756e-05,1777.2527598468
1735831980.0,5.72799766813756e-05,5.84083131638326e-05,5.69819741086022e-05,5.76451415551763e-05,671.78422760336
1735832040.0,5.76451415551763e-05,5.80381211823371e-05,5.76451415551763e-05,5.77166445875733e-05,66.81373567118
1735832100.0,5.77166445875733e-05,5.78189843989106e-05,5.75370348315421e-05,5.75370348315421e-05,27.27818331891
1735832160.0,5.75370348315421e-05,6.06072570575315e-05,5.49584657285401e-05,5.49584657285401e-05,3403.45786048254
1735832220.0,5.49584657285401e-05,5.565950282935e-05,5.25055959921407e-05,5.25055959921407e-05,668.51830557441
1735832280.0,5.25055959921407e-05,5.25055959921407e-05,5.19977256687611e-05,5.21172096958104e-05,275.44493039259
1735832340.0,5.21172096958104e-05,5.21172096958104e-05,4.79748856383244e-05,4.81298810401979e-05,2339.84147784444
1735832400.0,4.81298810401979e-05,4.81564760307611e-05,4.6209740595385e-05,4.6209740595385e-05,503.45297914745
1735832460.0,4.6209740595385e-05,4.6282340239243e-05,4.38745764148505e-05,4.39610452910459e-05,424.88155772929
1735832520.0,4.39610452910459e-05,5.0201706618455e-05,4.39610452910459e-05,4.68217561055114e-05,1680.5294456365
1735832580.0,4.68217561055114e-05,4.96524794557879e-05,4.64162655366973e-05,4.96524794557879e-05,1737.94806460111
1735832640.0,4.96524794557879e-05,5.04748553087178e-05,4.93393724743877e-05,5.04748553087178e-05,311.63604025487
1735832700.0,5.04748553087178e-05,5.52528162423734e-05,5.04748553087178e-05,5.52528162423734e-05,568.99629872328
1735832760.0,5.52528162423734e-05,6.17223876742419e-05,5.13721186889726e-05,5.18791865529808e-05,4043.60882124171
1735832820.0,5.18791865529808e-05,5.27372025811215e-05,5.18791865529808e-05,5.20528141224502e-05,291.2649238147
1735832880.0,5.20528141224502e-05,5.20528141224502e-05,5.12985791496151e-05,5.13178825229592e-05,65.40981931044
1735832940.0,5.13178825229592e-05,5.2108639633007e-05,5.03718681026099e-05,5.09222912814652e-05,1396.09163571856
1735833000.0,5.09222912814652e-05,5.23389159195603e-05,5.09222912814652e-05,5.22448988002642e-05,137.3133503548
1735833060.0,5.22448988002642e-05,5.32682943715376e-05,5.19884481775389e-05,5.32682943715376e-05,304.71849149208
1735833120.0,5.32682943715376e-05,5.56916452336255e-05,5.32682943715376e-05,5.55472671241086e-05,236.50364654312
1735833180.0,5.55472671241086e-05,5.70042756735383e-05,5.33963527671398e-05,5.70042756735383e-05,1765.65466850212
1735833240.0,5.70042756735383e-05,5.7076983337008e-05,5.64466397711194e-05,5.67934572870842e-05,225.12027642354
1735833300.0,5.67934572870842e-05,5.68925113944694e-05,5.61888868910864e-05,5.6529562963062e-05,168.5436489571
1735833360.0,5.6529562963062e-05,5.7058061517095e-05,5.38544755584809e-05,5.54456807650054e-05,1708.13772095941
1735833420.0,5.54456807650054e-05,5.91771179812211e-05,5.54456807650054e-05,5.80458989694362e-05,714.08062378704
1735833480.0,5.80458989694362e-05,5.8282401199698e-05,5.71867527757931e-05,5.71867527757931e-05,163.75242687608
1735833540.0,5.71867527757931e-05,5.8065436181644e-05,5.49206778687e-05,5.65387182558635e-05,1498.7937101549
1735833600.0,5.65387182558635e-05,5.67211175173619e-05,5.27398771194177e-05,5.27398771194177e-05,577.15516421926
1735833660.0,5.27398771194177e-05,5.30500641310606e-05,5.27398771194177e-05,5.28406510275128e-05,12.70131271771
1735833720.0,5.28406510275128e-05,5.31458918687416e-05,5.2453136439301e-05,5.273364988e-05,91.56718963504
1735833780.0,5.273364988e-05,5.31398755491286e-05,5.11714336365562e-05,5.27517320178312e-05,1781.9885469701
1735833840.0,5.27517320178312e-05,5.32681811785765e-05,5.27517320178312e-05,5.30115297981492e-05,54.2152708703
1735833900.0,5.30115297981492e-05,5.34019413605301e-05,5.25720156605291e-05,5.25720156605291e-05,156.67328934727
1735833960.0,5.25720156605291e-05,5.29344620075301e-05,4.92459194457457e-05,4.92459194457457e-05,2058.86729464118
1735834020.0,4.92459194457457e-05,4.92459194457457e-05,4.7083423249951e-05,4.7083423249951e-05,325.235659074
1735834080.0,4.7083423249951e-05,4.7083423249951e-05,4.68134397424981e-05,4.6820023526696e-05,74.90541966078
1735834140.0,4.6820023526696e-05,4.99291117348055e-05,4.65128939327446e-05,4.99291117348055e-05,1575.5191944777
1735834200.0,4.99291117348055e-05,5.02066317013499e-05,4.68011595841293e-05,4.71375165309195e-05,672.03597503784
1735834260.0,4.71375165309195e-05,4.76556728800318e-05,4.70387998195106e-05,4.76556728800318e-05,81.94805882184
1735834320.0,4.76556728800318e-05,4.77561449572001e-05,4.701095373616e-05,4.72923919157729e-05,96.19904228493
1735834380.0,4.72923919157729e-05,5.79140988934905e-05,4.72923919157729e-05,5.6701461798916e-05,2956.81691102924
1735834440.0,5.6701461798916e-05,5.6701461798916e-05,4.99194183711299e-05,4.99194183711299e-05,899.80439127035
1735834500.0,4.99194183711299e-05,4.99194183711299e-05,4.78695844771942e-05,4.78695844771942e-05,438.93444643514
1735834560.0,4.78695844771942e-05,5.13524996123785e-05,4.68589179407158e-05,4.99567261939125e-05,2416.736560031
1735834620.0,4.99567261939125e-05,4.99567261939125e-05,4.74528786702607e-05,4.74528786702607e-05,102.66101385096
1735834680.0,4.74528786702607e-05,5.16874390709516e-05,4.74171389068076e-05,5.06087315887799e-05,1238.87689640726
1735834740.0,5.06087315887799e-05,5.16350161781789e-05,4.79427754441129e-05,5.14485576943038e-05,2030.33851880475
1735834800.0,5.14485576943038e-05,5.47997415063145e-05,4.43081837463428e-05,4.44630643441361e-05,1986.0623017855
1735834860.0,4.44630643441361e-05,4.44630643441361e-05,3.88948629581325e-05,3.88948629581325e-05,1021.25001365544
1735834920.0,3.88948629581325e-05,3.97993888313407e-05,3.58996028726183e-05,3.66600028339746e-05,2252.56143839629
1735834980.0,3.66600028339746e-05,4.21510243422007e-05,3.640284549874e-05,4.07193334745052e-05,4873.4154830816
1735835040.0,4.07193334745052e-05,4.07193334745052e-05,3.81141801506366e-05,3.82897505849127e-05,497.0244175087
1735835100.0,3.82897505849127e-05,3.82897505849127e-05,3.75710394272697e-05,3.76885901192868e-05,129.07192523716
1735835160.0,3.76885901192868e-05,3.76885901192868e-05,3.72043415410002e-05,3.72315544458878e-05,76.58116086672
1735835220.0,3.72315544458878e-05,3.77436366274962e-05,3.70889435561223e-05,3.77436366274962e-05,235.54446622935
1735835280.0,3.77436366274962e-05,4.03193144310563e-05,3.77436366274962e-05,4.01447170850028e-05,598.88985521357
1735835340.0,4.01447170850028e-05,4.01447170850028e-05,3.91244252001761e-05,3.91244252001761e-05,165.98464510286
1735835400.0,3.91244252001761e-05,3.9339181090448e-05,3.78872104097337e-05,3.78872104097337e-05,322.59734407813
1735835460.0,3.78872104097337e-05,3.78872104097337e-05,3.77349859704661e-05,3.77349859704661e-05,4.57483113737
1735835520.0,3.77349859704661e-05,3.77349859704661e-05,3.56038773720248e-05,3.56038773720248e-05,374.44095215091
1735835580.0,3.56038773720248e-05,3.61955994100729e-05,3.54537782648615e-05,3.57946492007975e-05,265.10603334599
1735835640.0,3.57946492007975e-05,3.70312487168564e-05,3.57069791650971e-05,3.70312487168564e-05,253.90473053559
1735835700.0,3.70312487168564e-05,4.35455809890233e-05,3.70312487168564e-05,4.35455809890233e-05,1054.51361183064
1735835760.0,4.35455809890233e-05,4.40184224929884e-05,4.35455809890233e-05,4.37533347589777e-05,82.70228342338
1735835820.0,4.37533347589777e-05,4.41439498096406e-05,4.32034904798111e-05,4.32034904798111e-05,294.16682087238
1735835880.0,4.32034904798111e-05,4.32034904798111e-05,4.01362186927871e-05,4.03223111064946e-05,533.45801683399
1735835940.0,4.03223111064946e-05,4.03223111064946e-05,3.96972033571751e-05,4.00078022384409e-05,226.53039661928
1735836000.0,4.00078022384409e-05,4.00078022384409e-05,3.98293562555274e-05,3.98726234503993e-05,89.53576009904
1735836060.0,3.98726234503993e-05,4.0136034452544e-05,3.98726234503993e-05,3.99745882123397e-05,14.91627508896
1735836120.0,3.99745882123397e-05,4.01957899447671e-05,3.99446398095522e-05,3.99446398095522e-05,20.910379689
1735836180.0,3.99446398095522e-05,3.99446398095522e-05,3.91199134585831e-05,3.91199134585831e-05,261.22748105076
1735836240.0,3.91199134585831e-05,3.91199134585831e-05,3.81954014505933e-05,3.81954014505933e-05,22.99240726324
1735836300.0,3.81954014505933e-05,3.85382805741586e-05,3.80009209335574e-05,3.80009209335574e-05,158.25461870492
1735836360.0,3.80009209335574e-05,3.80009209335574e-05,3.79711895795778e-05,3.79711895795778e-05,6.6758517953
1735836420.0,3.79711895795778e-05,3.79711895795778e-05,3.79711895795778e-05,3.79711895795778e-05,0.0
1735836480.0,3.79711895795778e-05,3.79711895795778e-05,3.76523450786133e-05,3.76523450786133e-05,65.45358507744
1735836540.0,3.76523450786133e-05,3.82011946802167e-05,3.41682926431132e-05,3.41682926431132e-05,810.33072954526
1735836600.0,3.41682926431132e-05,3.53819919577497e-05,3.38425767496467e-05,3.45375109946831e-05,613.04407668504
1735836660.0,3.45375109946831e-05,3.50425101191337e-05,3.44272024862324e-05,3.46555970239716e-05,289.66829126518
1735836720.0,3.46555970239716e-05,3.82914752713401e-05,3.46555970239716e-05,3.74157675226524e-05,810.64828594676
1735836780.0,3.74157675226524e-05,4.78561694474051e-05,3.73713494831863e-05,4.02351983358956e-05,3400.22822945896
1735836840.0,4.02351983358956e-05,4.04400246034855e-05,4.01087554901574e-05,4.01579464248107e-05,48.93734414775
1735836900.0,4.01579464248107e-05,4.20642563066757e-05,3.99996427223909e-05,4.20642563066757e-05,339.45558197155
1735836960.0,4.20642563066757e-05,4.20642563066757e-05,4.08343291852107e-05,4.08343291852107e-05,313.13650143193
1735837020.0,4.08343291852107e-05,4.08343291852107e-05,3.91313473751337e-05,3.93316790426377e-05,267.95915194442
1735837080.0,3.93316790426377e-05,3.93316790426377e-05,3.88212718260467e-05,3.88212718260467e-05,61.22906202688
1735837140.0,3.88212718260467e-05,3.9617129599817e-05,3.88212718260467e-05,3.94998068758232e-05,224.48006719117
1735837200.0,3.94998068758232e-05,3.95119829804507e-05,3.92991668018085e-05,3.95119829804507e-05,7.92800344464
1735837260.0,3.95119829804507e-05,3.95119829804507e-05,3.87244430779254e-05,3.87244430779254e-05,204.01986964644
1735837320.0,3.87244430779254e-05,3.87244430779254e-05,3.77292254976e-05,3.84786395891416e-05,271.86559559208
1735837380.0,3.84786395891416e-05,3.84786395891416e-05,3.6784995401885e-05,3.6784995401885e-05,405.194211485
1735837440.0,3.6784995401885e-05,3.6784995401885e-05,3.65717811276437e-05,3.65717811276437e-05,13.70456502027
1735837500.0,3.65717811276437e-05,3.65717811276437e-05,3.65232462855774e-05,3.65232462855774e-05,20.29261523715
1735837560.0,3.65232462855774e-05,3.66618337557801e-05,3.64740265106468e-05,3.64740265106468e-05,3.43399484383
1735837620.0,3.64740265106468e-05,3.67227904831043e-05,3.64740265106468e-05,3.67227904831043e-05,20.76
1735837680.0,3.67227904831043e-05,3.67227904831043e-05,3.65808336656381e-05,3.65808336656381e-05,6.2519780076
1735837740.0,3.65808336656381e-05,3.65808336656381e-05,3.64223309862756e-05,3.65066896624688e-05,60.13436993514
1735837800.0,3.65066896624688e-05,3.65066896624688e-05,3.6190207712546e-05,3.62176793571108e-05,61.17437017705
1735837860.0,3.62176793571108e-05,3.62176793571108e-05,3.59805997227562e-05,3.61395785537054e-05,17.89651018725
1735837920.0,3.61395785537054e-05,3.69658410211207e-05,3.59179724596368e-05,3.67812839800489e-05,176.44732751232
1735837980.0,3.67812839800489e-05,3.69862126262767e-05,3.67581984362019e-05,3.67581984362019e-05,31.60228117296
1735838040.0,3.67581984362019e-05,3.72271789853213e-05,3.66513128578101e-05,3.68547781074463e-05,224.4927529702
1735838100.0,3.68547781074463e-05,3.69851224282535e-05,3.68004438574703e-05,3.69851224282535e-05,20.53180112148
1735838160.0,3.69851224282535e-05,4.46639183047258e-05,3.69851224282535e-05,3.77153698927904e-05,2665.14780016334
1735838220.0,3.77153698927904e-05,3.92660856505195e-05,3.73787969407621e-05,3.90642960125015e-05,446.6154515837
1735838280.0,3.90642960125015e-05,4.12026354852097e-05,3.90642960125015e-05,4.04410297779599e-05,868.23779092651
1735838340.0,4.04410297779599e-05,4.158668237115e-05,4.04410297779599e-05,4.1329746433966e-05,313.41946894924
1735838400.0,4.1329746433966e-05,4.3096478920194e-05,4.1329746433966e-05,4.23308695164738e-05,618.1872163236
1735838460.0,4.23308695164738e-05,4.5608910247802e-05,4.21660293017979e-05,4.49469171541796e-05,1322.88790250126
1735838520.0,4.49469171541796e-05,4.52776666738964e-05,3.92527785391524e-05,3.92527785391524e-05,1049.53421943373
1735838580.0,3.92527785391524e-05,3.93347853872839e-05,3.91601572682213e-05,3.91601572682213e-05,21.85221641349
1735838640.0,3.91601572682213e-05,3.93029230043769e-05,3.91066681400954e-05,3.93029230043769e-05,8.71651876821
1735838700.0,3.93029230043769e-05,3.93029230043769e-05,3.93029230043769e-05,3.93029230043769e-05,0.0
1735838760.0,3.93029230043769e-05,3.93052296292661e-05,3.90722903198129e-05,3.93052296292661e-05,19.10747512187
1735838820.0,3.93052296292661e-05,3.9675221930793e-05,3.91386467817613e-05,3.94777178377448e-05,72.1253343239
1735838880.0,3.94777178377448e-05,4.30416740506283e-05,3.94777178377448e-05,4.05201310574699e-05,1104.74715346016
1735838940.0,4.05201310574699e-05,4.08531302656e-05,4.05201310574699e-05,4.08531302656e-05,82.27211606872
1735839000.0,4.08531302656e-05,4.08531302656e-05,4.07685179329894e-05,4.07685179329894e-05,20.12265641845
1735839060.0,4.07685179329894e-05,4.28838175792369e-05,4.07685179329894e-05,4.28838175792369e-05,379.42791120321
1735839120.0,4.28838175792369e-05,4.28838175792369e-05,3.97244431072311e-05,3.97244431072311e-05,591.89716162749
1735839180.0,3.97244431072311e-05,3.97244431072311e-05,3.83039643060204e-05,3.86784921248391e-05,308.31874572933
1735839240.0,3.86784921248391e-05,3.8931892949566e-05,3.86784921248391e-05,3.8931892949566e-05,21.04160955892
1735839300.0,3.8931892949566e-05,3.89799796994953e-05,3.8931892949566e-05,3.89799796994953e-05,1.43208984672
1735839360.0,3.89799796994953e-05,3.99543714529258e-05,3.86911170713667e-05,3.99543714529258e-05,267.00304572954
1735839420.0,3.99543714529258e-05,4.28148665843079e-05,3.99271553401297e-05,4.08797870765064e-05,924.79233938913
1735839480.0,4.08797870765064e-05,4.26403381915425e-05,4.05850126732706e-05,4.24862954407376e-05,500.56209447134
1735839540.0,4.24862954407376e-05,4.34660951524412e-05,4.24862954407376e-05,4.29955590790002e-05,399.2216809903
1735839600.0,4.29955590790002e-05,4.6808709149234e-05,4.18368478578809e-05,4.5199181587264e-05,2584.96823649897
1735839660.0,4.5199181587264e-05,4.54244643495742e-05,4.11258575884251e-05,4.3709571210181e-05,1488.20959067112
1735839720.0,4.3709571210181e-05,4.3709571210181e-05,4.33495482689176e-05,4.33774350675364e-05,100.98618103048
1735839780.0,4.33774350675364e-05,4.33774350675364e-05,4.24631873616133e-05,4.25348881507918e-05,232.83040147068
1735839840.0,4.25348881507918e-05,4.26182992056244e-05,4.25348881507918e-05,4.26182992056244e-05,12.88824681693
1735839900.0,4.26182992056244e-05,4.26182992056244e-05,4.18293787726299e-05,4.18293787726299e-05,113.06121556334
1735839960.0,4.18293787726299e-05,4.18293787726299e-05,4.18293787726299e-05,4.18293787726299e-05,0.0
1735840020.0,4.18293787726299e-05,4.18293787726299e-05,4.03689902570169e-05,4.03689902570169e-05,464.81305807908
1735840080.0,4.03689902570169e-05,4.03689902570169e-05,3.84212602354267e-05,3.84212602354267e-05,184.78256452612
1735840140.0,3.84212602354267e-05,3.84212602354267e-05,3.73928827138929e-05,3.73928827138929e-05,206.19186717228
1735840200.0,3.73928827138929e-05,3.73928827138929e-05,3.54724890070528e-05,3.54724890070528e-05,245.4679813817
1735840260.0,3.54724890070528e-05,3.54724890070528e-05,3.52976314725865e-05,3.52976314725865e-05,31.16335023642
1735840320.0,3.52976314725865e-05,3.54668313824656e-05,3.52976314725865e-05,3.54668313824656e-05,2.19729544058
1735840380.0,3.54668313824656e-05,3.69373160112292e-05,3.53096724169992e-05,3.69373160112292e-05,379.61135196694
1735840440.0,3.69373160112292e-05,3.78897706487341e-05,3.69373160112292e-05,3.78897706487341e-05,167.10450843716
1735840500.0,3.78897706487341e-05,3.78897706487341e-05,3.76164528935323e-05,3.76270376574394e-05,60.1190879744
1735840560.0,3.76270376574394e-05,3.76270376574394e-05,3.74630448672967e-05,3.74630448672967e-05,54.38252116006
1735840620.0,3.74630448672967e-05,3.7488476527516e-05,3.60973479013951e-05,3.60973479013951e-05,295.74547294202
1735840680.0,3.60973479013951e-05,3.60973479013951e-05,3.20358666469175e-05,3.20358666469175e-05,656.49612430842
1735840740.0,3.20358666469175e-05,3.20358666469175e-05,3.11409723673524e-05,3.11409723673524e-05,281.31212424567
1735840800.0,3.11409723673524e-05,3.89756773651328e-05,3.04977617958581e-05,3.81370741849156e-05,1864.91683340805
1735840860.0,3.81370741849156e-05,3.82197294333417e-05,3.80019756530403e-05,3.82197294333417e-05,20.0723570142
1735840920.0,3.82197294333417e-05,4.03989001209302e-05,3.82197294333417e-05,4.03989001209302e-05,332.055329446
1735840980.0,4.03989001209302e-05,4.03989001209302e-05,4.01258638833718e-05,4.01258638833718e-05,21.68650217703
1735841040.0,4.01258638833718e-05,4.2798656617969e-05,4.01258638833718e-05,4.2798656617969e-05,520.35944040423
1735841100.0,4.2798656617969e-05,4.2798656617969e-05,4.2798656617969e-05,4.2798656617969e-05,0.0
1735841160.0,4.2798656617969e-05,4.2798656617969e-05,4.25368682795952e-05,4.25368682795952e-05,7.7757521724
1735841220.0,4.25368682795952e-05,4.25368682795952e-05,4.23891151393489e-05,4.23891151393489e-05,36.6533918406
1735841280.0,4.23891151393489e-05,4.26917806775229e-05,4.18853826090463e-05,4.25859225348801e-05,295.3724241081
1735841340.0,4.25859225348801e-05,4.35449643121293e-05,4.25859225348801e-05,4.35449643121293e-05,208.35354902632
1735841400.0,4.35449643121293e-05,4.38794545417323e-05,4.28595067405503e-05,4.32438334861965e-05,269.74004789724
1735841460.0,4.32438334861965e-05,4.5104561227209e-05,4.32438334861965e-05,4.5104561227209e-05,267.39360765936
1735841520.0,4.5104561227209e-05,4.54195300162226e-05,4.5104561227209e-05,4.54195300162226e-05,36.57038374992
1735841580.0,4.54195300162226e-05,4.54870112224132e-05,4.50347272014588e-05,4.51726127723787e-05,119.73794580408
1735841640.0,4.51726127723787e-05,4.77346261833484e-05,4.51726127723787e-05,4.61047300477684e-05,987.67023190844
1735841700.0,4.61047300477684e-05,4.63974453926929e-05,4.61047300477684e-05,4.62494272010279e-05,27.38196452412
1735841760.0,4.62494272010279e-05,4.66556491289979e-05,4.62494272010279e-05,4.62666624295561e-05,81.39013313199
1735841820.0,4.62666624295561e-05,4.65746673489345e-05,4.53426188773682e-05,4.53426188773682e-05,326.56945055786
1735841880.0,4.53426188773682e-05,4.53426188773682e-05,4.50484021780719e-05,4.50484021780719e-05,4.04857189109
1735841940.0,4.50484021780719e-05,4.50484021780719e-05,4.46591633456852e-05,4.47487302466833e-05,52.12031137874
1735842000.0,4.47487302466833e-05,4.56319986152995e-05,4.47487302466833e-05,4.56319986152995e-05,186.63506077245
1735842060.0,4.56319986152995e-05,4.56319986152995e-05,4.56319986152995e-05,4.56319986152995e-05,0.0
1735842120.0,4.56319986152995e-05,4.59498773916704e-05,4.56319986152995e-05,4.59498773916704e-05,16.91586992954
1735842180.0,4.59498773916704e-05,4.59498773916704e-05,4.57171839732e-05,4.57171839732e-05,3.42878879799
1735842240.0,4.57171839732e-05,4.57171839732e-05,4.51314531280618e-05,4.51314531280618e-05,90.51496998209
1735842300.0,4.51314531280618e-05,4.54952532561267e-05,4.51314531280618e-05,4.54073139930126e-05,54.77995195448
1735842360.0,4.54073139930126e-05,4.54073139930126e-05,4.54073139930126e-05,4.54073139930126e-05,0.0
1735842420.0,4.54073139930126e-05,4.54073139930126e-05,4.50735699909351e-05,4.52608660334903e-05,47.35537400981
1735842480.0,4.52608660334903e-05,4.52608660334903e-05,4.52608660334903e-05,4.52608660334903e-05,0.0
1735842540.0,4.52608660334903e-05,4.52608660334903e-05,4.52608660334903e-05,4.52608660334903e-05,0.0
1735842600.0,4.52608660334903e-05,4.52608660334903e-05,4.32428510195903e-05,4.32428510195903e-05,290.73840934773
1735842660.0,4.32428510195903e-05,4.34678944047893e-05,4.32198816149883e-05,4.32511810125768e-05,16.99861138937
1735842720.0,4.32511810125768e-05,4.35943993892468e-05,4.32511810125768e-05,4.35943993892468e-05,46.8723693
1735842780.0,4.35943993892468e-05,4.37471800583584e-05,4.34637988616439e-05,4.34637988616439e-05,31.97170509432
1735842840.0,4.34637988616439e-05,4.44412481680482e-05,4.34637988616439e-05,4.44412481680482e-05,205.31
1735842900.0,4.44412481680482e-05,4.47085683730354e-05,4.44412481680482e-05,4.46119378113362e-05,30.50909915568
1735842960.0,4.46119378113362e-05,4.46119378113362e-05,4.45201322060436e-05,4.45201322060436e-05,8.25337659104
1735843020.0,4.45201322060436e-05,4.45201322060436e-05,4.26455742648058e-05,4.26455742648058e-05,304.09005395442
1735843080.0,4.26455742648058e-05,4.27935329887694e-05,4.25201229583791e-05,4.25201229583791e-05,37.01199390206
1735843140.0,4.25201229583791e-05,4.25201229583791e-05,4.25201229583791e-05,4.25201229583791e-05,0.0
1735843200.0,4.25201229583791e-05,4.30830108233583e-05,4.25201229583791e-05,4.30830108233583e-05,66.14629978784
1735843260.0,4.30830108233583e-05,4.33110608523041e-05,4.30830108233583e-05,4.31577009688942e-05,35.0632965256
1735843320.0,4.31577009688942e-05,4.3582684347382e-05,4.31577009688942e-05,4.3443988227311e-05,60.44054144783
1735843380.0,4.3443988227311e-05,4.3443988227311e-05,4.27790624454039e-05,4.3324322951882e-05,289.43432004953
1735843440.0,4.3324322951882e-05,4.3324322951882e-05,4.32118535190126e-05,4.32118535190126e-05,0.00727556448
1735843500.0,4.32118535190126e-05,4.32118535190126e-05,4.32118535190126e-05,4.32118535190126e-05,0.0
1735843560.0,4.32118535190126e-05,4.32118535190126e-05,4.32118535190126e-05,4.32118535190126e-05,0.0
1735843620.0,4.32118535190126e-05,4.32118535190126e-05,4.31515934245636e-05,4.31515934245636e-05,46.39626766778
1735843680.0,4.31515934245636e-05,4.31515934245636e-05,4.31515934245636e-05,4.31515934245636e-05,0.0
1735843740.0,4.31515934245636e-05,4.31515934245636e-05,4.29246156441539e-05,4.31048739289779e-05,60.01832160982
1735843800.0,4.31048739289779e-05,4.31048739289779e-05,4.29577784657363e-05,4.29577784657363e-05,1.94976648184
1735843860.0,4.29577784657363e-05,4.29577784657363e-05,4.29577784657363e-05,4.29577784657363e-05,0.0
1735843920.0,4.29577784657363e-05,4.29577784657363e-05,4.29206612390225e-05,4.29206612390225e-05,4.663737
1735843980.0,4.29206612390225e-05,4.40754573524652e-05,4.28659575393049e-05,4.40754573524652e-05,435.70536738561
1735844040.0,4.40754573524652e-05,4.40754573524652e-05,4.37925010097357e-05,4.37925010097357e-05,14.00689858318
1735844100.0,4.37925010097357e-05,4.41232748168459e-05,4.37925010097357e-05,4.41232748168459e-05,51.5575
1735844160.0,4.41232748168459e-05,4.48076882845224e-05,4.41232748168459e-05,4.48076882845224e-05,134.0545
1735844220.0,4.48076882845224e-05,4.50281836646193e-05,4.4769880653437e-05,4.50281836646193e-05,66.1019591968
1735844280.0,4.50281836646193e-05,4.51003322972879e-05,4.47918834916792e-05,4.51003322972879e-05,65.53113541458
1735844340.0,4.51003322972879e-05,4.5599984848368e-05,4.51003322972879e-05,4.5599984848368e-05,91.42598240574
1735844400.0,4.5599984848368e-05,4.5599984848368e-05,4.5599984848368e-05,4.5599984848368e-05,0.0
1735844460.0,4.5599984848368e-05,4.5599984848368e-05,4.5599984848368e-05,4.5599984848368e-05,0.0
1735844520.0,4.5599984848368e-05,5.18526793223422e-05,4.5599984848368e-05,5.06012467000759e-05,1637.88723082494
1735844580.0,5.06012467000759e-05,5.1502416872761e-05,5.06012467000759e-05,5.13455798077277e-05,258.1227175169
1735844640.0,5.13455798077277e-05,5.15310610644013e-05,4.84198504246495e-05,4.84198504246495e-05,525.88229697405
1735844700.0,4.84198504246495e-05,4.84198504246495e-05,4.78256582327133e-05,4.82468906877981e-05,42.90867688501
1735844760.0,4.82468906877981e-05,4.82468906877981e-05,4.82468906877981e-05,4.82468906877981e-05,0.0
1735844820.0,4.82468906877981e-05,4.8616427009429e-05,4.82415274568339e-05,4.8616427009429e-05,52.46705876584
1735844880.0,4.8616427009429e-05,4.8616427009429e-05,4.84683083652083e-05,4.84683083652083e-05,23.38741937728
1735844940.0,4.84683083652083e-05,4.94846645402244e-05,4.84683083652083e-05,4.94846645402244e-05,258.65
1735845000.0,4.94846645402244e-05,5.05007408315926e-05,4.94846645402244e-05,5.05007408315926e-05,44.19097036352
1735845060.0,5.05007408315926e-05,5.07173812232575e-05,5.05007408315926e-05,5.07173812232575e-05,20.516118
1735845120.0,5.07173812232575e-05,5.07173812232575e-05,4.96629457518924e-05,4.96629457518924e-05,259.58185304632
1735845180.0,4.96629457518924e-05,4.96629457518924e-05,4.85992833303828e-05,4.86290055560978e-05,68.0110054738
1735845240.0,4.86290055560978e-05,4.86290055560978e-05,4.73192177242146e-05,4.73192177242146e-05,217.41634061046
1735845300.0,4.73192177242146e-05,4.73192177242146e-05,4.46780134656725e-05,4.46780134656725e-05,364.31055670199
1735845360.0,4.46780134656725e-05,4.54555349905074e-05,4.46780134656725e-05,4.54555349905074e-05,134.46831984678
1735845420.0,4.54555349905074e-05,4.54555349905074e-05,4.521923272123e-05,4.521923272123e-05,45.27200397275
1735845480.0,4.521923272123e-05,4.54601271617246e-05,4.521923272123e-05,4.54601271617246e-05,20.697
1735845540.0,4.54601271617246e-05,4.54601271617246e-05,4.52519496705967e-05,4.52519496705967e-05,20.32423089833
1735845600.0,4.52519496705967e-05,4.94421619702533e-05,4.52519496705967e-05,4.94421619702533e-05,828.54310849532
1735845660.0,4.94421619702533e-05,4.98012087690731e-05,4.94421619702533e-05,4.98012087690731e-05,30.98404128161
1735845720.0,4.98012087690731e-05,5.26974027044692e-05,4.98012087690731e-05,5.24429786628151e-05,468.2677254075
1735845780.0,5.24429786628151e-05,5.408535086113e-05,5.24429786628151e-05,5.40661820904308e-05,339.5320956793
1735845840.0,5.40661820904308e-05,5.42648369198401e-05,5.40272531874829e-05,5.42648369198401e-05,11.69509426482
1735845900.0,5.42648369198401e-05,5.44718325925677e-05,5.3846378317757e-05,5.3846378317757e-05,149.84801061433
1735845960.0,5.3846378317757e-05,5.44049239646202e-05,5.3846378317757e-05,5.40838683155132e-05,87.88777277279
1735846020.0,5.40838683155132e-05,5.4256944847502e-05,5.38591092406414e-05,5.42229889062282e-05,122.93047953727
1735846080.0,5.42229889062282e-05,5.44844509574336e-05,5.42119961247787e-05,5.44844509574336e-05,6.63427099836
1735846140.0,5.44844509574336e-05,5.45665724315629e-05,5.44844509574336e-05,5.45665724315629e-05,26.9815
1735846200.0,5.45665724315629e-05,5.46651722566501e-05,5.45665724315629e-05,5.46651722566501e-05,1.28951084815
1735846260.0,5.46651722566501e-05,5.46651722566501e-05,5.40689752062848e-05,5.40689752062848e-05,86.86088477415
1735846320.0,5.40689752062848e-05,5.40689752062848e-05,5.10457212817562e-05,5.10457212817562e-05,388.1040991114
1735846380.0,5.10457212817562e-05,5.10457212817562e-05,5.10457212817562e-05,5.10457212817562e-05,0.0
1735846440.0,5.10457212817562e-05,5.10457212817562e-05,5.08412157743036e-05,5.09357976092932e-05,49.77052892116
1735846500.0,5.09357976092932e-05,5.09357976092932e-05,4.98008118732058e-05,4.98008118732058e-05,199.97110992768
1735846560.0,4.98008118732058e-05,4.98008118732058e-05,4.93161191523666e-05,4.93161191523666e-05,3.19881214935
1735846620.0,4.93161191523666e-05,4.95148808416179e-05,4.92012209005373e-05,4.95148808416179e-05,35.64373287008
1735846680.0,4.95148808416179e-05,5.14527507061586e-05,4.95148808416179e-05,5.14527507061586e-05,280.26844445868
1735846740.0,5.14527507061586e-05,5.30865940905788e-05,5.14527507061586e-05,5.30865940905788e-05,231.31555644334
1735846800.0,5.30865940905788e-05,5.30865940905788e-05,5.263286335661e-05,5.29181676750529e-05,40.69904171842
1735846860.0,5.29181676750529e-05,5.37841644953271e-05,5.29181676750529e-05,5.37841644953271e-05,174.2293652184
1735846920.0,5.37841644953271e-05,5.37841644953271e-05,5.36258727864994e-05,5.36258727864994e-05,3.44944428928
1735846980.0,5.36258727864994e-05,5.39785133357922e-05,5.36258727864994e-05,5.39785133357922e-05,20.701
1735847040.0,5.39785133357922e-05,5.41364421487739e-05,5.39785133357922e-05,5.41364421487739e-05,24.8412
1735847100.0,5.41364421487739e-05,5.48211671254902e-05,5.41364421487739e-05,5.48211671254902e-05,115.22164718573
1735847160.0,5.48211671254902e-05,5.54992969886989e-05,5.4164683855287e-05,5.4460233866706e-05,260.5801518131
1735847220.0,5.4460233866706e-05,5.45317375200479e-05,5.4460233866706e-05,5.45317375200479e-05,10.2709485
1735847280.0,5.45317375200479e-05,5.45769912629374e-05,5.29119782791675e-05,5.29119782791675e-05,297.19569550503
1735847340.0,5.29119782791675e-05,5.29119782791675e-05,5.18558637469586e-05,5.18558637469586e-05,57.89644341533
1735847400.0,5.18558637469586e-05,5.29823987625586e-05,5.18558637469586e-05,5.29823987625586e-05,325.1184570599
1735847460.0,5.29823987625586e-05,5.7804257182996e-05,5.29823987625586e-05,5.76819476340466e-05,584.87815875004
1735847520.0,5.76819476340466e-05,5.993499309675e-05,5.76819476340466e-05,5.993499309675e-05,332.42467496167
1735847580.0,5.993499309675e-05,6.05844322824428e-05,5.993499309675e-05,6.05844322824428e-05,49.97217781548
1735847640.0,6.05844322824428e-05,6.21612006724225e-05,6.05844322824428e-05,6.1870440237289e-05,232.17742315712
1735847700.0,6.1870440237289e-05,6.22004402288619e-05,6.1870440237289e-05,6.19169331138733e-05,20.80285622256
1735847760.0,6.19169331138733e-05,6.19169331138733e-05,6.18030993619566e-05,6.18030993619566e-05,23.39488663776
1735847820.0,6.18030993619566e-05,6.18443801044455e-05,6.09125971087098e-05,6.09125971087098e-05,214.04000286589
1735847880.0,6.09125971087098e-05,6.09125971087098e-05,5.76621729388119e-05,5.76621729388119e-05,440.98373223182
1735847940.0,5.76621729388119e-05,5.77268397876536e-05,5.73625684198463e-05,5.73625684198463e-05,71.58588277394
1735848000.0,5.73625684198463e-05,5.73625684198463e-05,5.62845139648759e-05,5.62845139648759e-05,171.10745490285
1735848060.0,5.62845139648759e-05,5.66014451686334e-05,5.62845139648759e-05,5.66014451686334e-05,10.240212
1735848120.0,5.66014451686334e-05,5.67254081828996e-05,5.66014451686334e-05,5.67254081828996e-05,13.8489
1735848180.0,5.67254081828996e-05,5.67254081828996e-05,5.55930974915151e-05,5.55930974915151e-05,269.44264242301
1735848240.0,5.55930974915151e-05,6.16587743357692e-05,5.53623938992893e-05,6.16587743357692e-05,1108.24129672938
1735848300.0,6.16587743357692e-05,6.18402361648145e-05,6.16587743357692e-05,6.18402361648145e-05,20.522067
1735848360.0,6.18402361648145e-05,6.18402361648145e-05,6.15120095708368e-05,6.17442173703751e-05,40.270351734
1735848420.0,6.17442173703751e-05,6.18910497283896e-05,6.1656131251165e-05,6.1656131251165e-05,44.35970379241
1735848480.0,6.1656131251165e-05,6.34192697416243e-05,6.1656131251165e-05,6.34192697416243e-05,403.29621124992
1735848540.0,6.34192697416243e-05,6.48398988927505e-05,6.34192697416243e-05,6.48398988927505e-05,57.93714261899
1735848600.0,6.48398988927505e-05,6.54798674021308e-05,6.12507282763061e-05,6.12507282763061e-05,736.49682817222
1735848660.0,6.12507282763061e-05,6.12507282763061e-05,6.10040759951662e-05,6.11227783611082e-05,32.19013864776
1735848720.0,6.11227783611082e-05,6.12280250907318e-05,6.11227783611082e-05,6.12280250907318e-05,10.264008
1735848780.0,6.12280250907318e-05,6.1336676595288e-05,6.12280250907318e-05,6.1336676595288e-05,10.3575
1735848840.0,6.1336676595288e-05,6.1336676595288e-05,6.08629315103161e-05,6.10143167557477e-05,64.16736754155
1735848900.0,6.10143167557477e-05,6.10143167557477e-05,6.07309845454259e-05,6.07309845454259e-05,3.6482035364
1735848960.0,6.07309845454259e-05,6.07309845454259e-05,5.92959982568097e-05,5.92959982568097e-05,207.18700159958
1735849020.0,5.92959982568097e-05,5.95539868333309e-05,5.79729796066652e-05,5.79729796066652e-05,198.75541373264
1735849080.0,5.79729796066652e-05,5.79729796066652e-05,5.71584812274599e-05,5.71584812274599e-05,176.71983325858
1735849140.0,5.71584812274599e-05,5.71584812274599e-05,4.93492809200663e-05,4.93492809200663e-05,1074.44699917196
1735849200.0,4.93492809200663e-05,4.93492809200663e-05,4.70950713067817e-05,4.7304087564017e-05,467.11029759074
1735849260.0,4.7304087564017e-05,4.74755531091742e-05,4.43306088549263e-05,4.45394351568354e-05,535.65625721791
1735849320.0,4.45394351568354e-05,4.46167682274964e-05,4.43610220505699e-05,4.43610220505699e-05,56.30354189629
1735849380.0,4.43610220505699e-05,4.43610220505699e-05,4.32423882575608e-05,4.32423882575608e-05,331.92239587948
1735849440.0,4.32423882575608e-05,4.32423882575608e-05,4.24441469850647e-05,4.24631329671646e-05,6.1933046
1735849500.0,4.24631329671646e-05,4.24631329671646e-05,4.15860319725926e-05,4.15860319725926e-05,212.0196080121
1735849560.0,4.15860319725926e-05,4.15860319725926e-05,4.12608944328693e-05,4.12608944328693e-05,59.47519144359
1735849620.0,4.12608944328693e-05,4.31570073853649e-05,4.12608944328693e-05,4.31570073853649e-05,360.95152102938
1735849680.0,4.31570073853649e-05,4.50034467117531e-05,4.31570073853649e-05,4.50034467117531e-05,27.66026125082
1735849740.0,4.50034467117531e-05,4.56497600314198e-05,4.48501498710263e-05,4.56497600314198e-05,117.05017102668
1735849800.0,4.56497600314198e-05,4.57480285963907e-05,4.51292975790994e-05,4.51292975790994e-05,143.5410220053
1735849860.0,4.51292975790994e-05,4.51292975790994e-05,4.46574454275421e-05,4.49136945979211e-05,30.87387335824
1735849920.0,4.49136945979211e-05,4.50225436696249e-05,4.49136945979211e-05,4.50225436696249e-05,13.89446
1735849980.0,4.50225436696249e-05,4.50225436696249e-05,4.50225436696249e-05,4.50225436696249e-05,0.0
1735850040.0,4.50225436696249e-05,4.57463128152297e-05,4.50225436696249e-05,4.57463128152297e-05,207.72829624779
1735850100.0,4.57463128152297e-05,4.62598473374002e-05,4.57463128152297e-05,4.61387177331966e-05,112.83429262319
1735850160.0,4.61387177331966e-05,4.63677899622459e-05,4.61387177331966e-05,4.63677899622459e-05,20.56371
1735850220.0,4.63677899622459e-05,4.63677899622459e-05,4.63677899622459e-05,4.63677899622459e-05,0.0
1735850280.0,4.63677899622459e-05,4.63677899622459e-05,4.63655305328713e-05,4.63655305328713e-05,1.0354
1735850340.0,4.63655305328713e-05,4.6382142368261e-05,4.63655305328713e-05,4.6382142368261e-05,6.939494256
1735850400.0,4.6382142368261e-05,4.6382142368261e-05,4.47604084655943e-05,4.50158952031977e-05,263.47331380401
1735850460.0,4.50158952031977e-05,4.5168725405392e-05,4.50158952031977e-05,4.5168725405392e-05,18.489492
1735850520.0,4.5168725405392e-05,4.5168725405392e-05,3.92058021605714e-05,3.92058021605714e-05,999.6219117648
1735850580.0,3.92058021605714e-05,3.92058021605714e-05,3.8581546681084e-05,3.86772397911023e-05,101.65315902526
1735850640.0,3.86772397911023e-05,3.86772397911023e-05,3.78184126936141e-05,3.78184126936141e-05,213.94590337405
1735850700.0,3.78184126936141e-05,3.93595157569832e-05,3.74676487647191e-05,3.93595157569832e-05,448.39209017334
1735850760.0,3.93595157569832e-05,3.93595157569832e-05,3.93595157569832e-05,3.93595157569832e-05,0.0
1735850820.0,3.93595157569832e-05,3.98815683960711e-05,3.93595157569832e-05,3.98815683960711e-05,4.4036035043
1735850880.0,3.98815683960711e-05,3.99389586706347e-05,3.96949645199071e-05,3.99389586706347e-05,11.7063444355
1735850940.0,3.99389586706347e-05,4.14642168410651e-05,3.99389586706347e-05,4.12954267579836e-05,256.46849680077
1735851000.0,4.12954267579836e-05,4.15907643888381e-05,4.12954267579836e-05,4.15907643888381e-05,20.5746165
1735851060.0,4.15907643888381e-05,4.2728407483725e-05,4.15907643888381e-05,4.16815005178804e-05,234.06166013904
1735851120.0,4.16815005178804e-05,4.27212021182717e-05,4.16815005178804e-05,4.26471037365277e-05,53.19527188901
1735851180.0,4.26471037365277e-05,4.26471037365277e-05,4.24311874034518e-05,4.24311874034518e-05,0.6877140288
1735851240.0,4.24311874034518e-05,4.32270671042135e-05,4.23628291682612e-05,4.32270671042135e-05,253.26868902562
1735851300.0,4.32270671042135e-05,4.32270671042135e-05,4.32270671042135e-05,4.32270671042135e-05,0.0
1735851360.0,4.32270671042135e-05,4.36500214666059e-05,4.32270671042135e-05,4.36500214666059e-05,22.06909184274
1735851420.0,4.36500214666059e-05,4.36500214666059e-05,4.36500214666059e-05,4.36500214666059e-05,0.0
1735851480.0,4.36500214666059e-05,4.36500214666059e-05,4.36500214666059e-05,4.36500214666059e-05,0.0
1735851540.0,4.36500214666059e-05,4.37967906466455e-05,4.36500214666059e-05,4.37967906466455e-05,20.686
1735851600.0,4.37967906466455e-05,4.39681311777761e-05,4.36611453745333e-05,4.38556338633791e-05,51.07891358827
1735851660.0,4.38556338633791e-05,6.4128838309769e-05,4.38556338633791e-05,4.73906587998965e-05,6778.12858011132
1735851720.0,4.73906587998965e-05,5.12285123158512e-05,4.65493328193993e-05,5.12285123158512e-05,1345.58249149255
1735851780.0,5.12285123158512e-05,5.80493919614099e-05,5.12285123158512e-05,5.62233362645189e-05,751.64975587481
1735851840.0,5.62233362645189e-05,5.72689424214964e-05,5.62158116257829e-05,5.67488998967907e-05,255.76730168664
1735851900.0,5.67488998967907e-05,5.67498998982233e-05,5.23292473309141e-05,5.23292473309141e-05,931.83616757114
1735851960.0,5.23292473309141e-05,5.23292473309141e-05,5.0709084310453e-05,5.0709084310453e-05,130.97207816635
1735852020.0,5.0709084310453e-05,5.0709084310453e-05,5.06073586054e-05,5.06073586054e-05,18.2724002135
1735852080.0,5.06073586054e-05,5.06073586054e-05,5.02378270488676e-05,5.02378270488676e-05,104.43032524647
1735852140.0,5.02378270488676e-05,5.04296446651422e-05,5.01570065147608e-05,5.04296446651422e-05,14.3527729125
1735852200.0,5.04296446651422e-05,5.04296446651422e-05,4.92519503694005e-05,4.92519503694005e-05,283.58329284138
1735852260.0,4.92519503694005e-05,4.92519503694005e-05,4.80523089789934e-05,4.80523089789934e-05,107.78216842576
1735852320.0,4.80523089789934e-05,4.80523089789934e-05,4.55634708202067e-05,4.55634708202067e-05,446.23818217904
1735852380.0,4.55634708202067e-05,4.55634708202067e-05,4.54224301866737e-05,4.54224301866737e-05,8.25602633316
1735852440.0,4.54224301866737e-05,4.54224301866737e-05,4.54050931737607e-05,4.54050931737607e-05,1.34560793076
1735852500.0,4.54050931737607e-05,4.54050931737607e-05,4.50874633801862e-05,4.50874633801862e-05,98.7439523199
1735852560.0,4.50874633801862e-05,4.50874633801862e-05,4.44288795928245e-05,4.44288795928245e-05,103.66631588224
1735852620.0,4.44288795928245e-05,4.44288795928245e-05,4.44288795928245e-05,4.44288795928245e-05,0.0
1735852680.0,4.44288795928245e-05,4.44288795928245e-05,4.38515741951697e-05,4.38515741951697e-05,74.45790757655
1735852740.0,4.38515741951697e-05,4.38515741951697e-05,4.38515741951697e-05,4.38515741951697e-05,0.0
1735852800.0,4.38515741951697e-05,4.38515741951697e-05,4.26668038257128e-05,4.26668038257128e-05,279.39412611285
1735852860.0,4.26668038257128e-05,4.26668038257128e-05,4.19603249477512e-05,4.22664336177727e-05,27.91438799744
1735852920.0,4.22664336177727e-05,4.24015779301737e-05,4.22664336177727e-05,4.24015779301737e-05,43.3608
1735852980.0,4.24015779301737e-05,4.24015779301737e-05,4.24015779301737e-05,4.24015779301737e-05,0.0
1735853040.0,4.24015779301737e-05,4.24015779301737e-05,4.24015779301737e-05,4.24015779301737e-05,0.0
1735853100.0,4.24015779301737e-05,4.25720303241693e-05,4.24015779301737e-05,4.25720303241693e-05,19.431535525
1735853160.0,4.25720303241693e-05,4.29248981932204e-05,4.25720303241693e-05,4.29248981932204e-05,56.551369979
1735853220.0,4.29248981932204e-05,4.29248981932204e-05,4.27208433959715e-05,4.27208433959715e-05,2.77102019421
1735853280.0,4.27208433959715e-05,4.27208433959715e-05,4.27208433959715e-05,4.27208433959715e-05,0.0
1735853340.0,4.27208433959715e-05,4.27208433959715e-05,4.20459728450214e-05,4.20459728450214e-05,147.65206717728
1735853400.0,4.20459728450214e-05,4.20459728450214e-05,4.12882409537855e-05,4.12882409537855e-05,166.1970789334
1735853460.0,4.12882409537855e-05,4.12882409537855e-05,3.84544666506091e-05,3.84544666506091e-05,894.57940570388
1735853520.0,3.84544666506091e-05,3.84544666506091e-05,3.46139749127661e-05,3.46139749127661e-05,235.10703668128
1735853580.0,3.46139749127661e-05,3.49331001593106e-05,3.45292580094592e-05,3.45292580094592e-05,188.03488655568
1735853640.0,3.45292580094592e-05,3.45292580094592e-05,3.02771941247576e-05,3.02771941247576e-05,784.5143503577
1735853700.0,3.02771941247576e-05,3.02771941247576e-05,2.89819205130168e-05,2.89819205130168e-05,297.64197218922
1735853760.0,2.89819205130168e-05,2.89819205130168e-05,2.83849395198152e-05,2.83849395198152e-05,28.18898410452
1735853820.0,2.83849395198152e-05,2.83849395198152e-05,2.28558669551568e-05,2.28574123148908e-05,1170.1289085332
1735853880.0,2.28574123148908e-05,2.33592693886233e-05,2.28574123148908e-05,2.33592693886233e-05,170.03483018616
1735853940.0,2.33592693886233e-05,2.81377263808816e-05,2.2839455906753e-05,2.81377263808816e-05,1383.69260517349
1735854000.0,2.81377263808816e-05,2.84799534424087e-05,2.81377263808816e-05,2.84799534424087e-05,65.64135556715
1735854060.0,2.84799534424087e-05,2.84876872449811e-05,2.83203690775033e-05,2.83203690775033e-05,12.91078561903
1735854120.0,2.83203690775033e-05,2.83203690775033e-05,2.8256798271533e-05,2.8256798271533e-05,12.40821490344
1735854180.0,2.8256798271533e-05,2.83791608270114e-05,2.8256798271533e-05,2.83791608270114e-05,6.181237236
1735854240.0,2.83791608270114e-05,2.83791608270114e-05,2.75966538606298e-05,2.75966538606298e-05,210.72015872577
1735854300.0,2.75966538606298e-05,2.75966538606298e-05,2.75966538606298e-05,2.75966538606298e-05,0.0
1735854360.0,2.75966538606298e-05,2.75966538606298e-05,2.70521624626636e-05,2.70521624626636e-05,30.50485807825
1735854420.0,2.70521624626636e-05,2.70521624626636e-05,2.70521624626636e-05,2.70521624626636e-05,0.0
1735854480.0,2.70521624626636e-05,2.70521624626636e-05,2.69526983039417e-05,2.69526983039417e-05,12.04162217986
1735854540.0,2.69526983039417e-05,2.71007999642425e-05,2.69526983039417e-05,2.71007999642425e-05,7.2324287407
1735854600.0,2.71007999642425e-05,2.71007999642425e-05,2.71007999642425e-05,2.71007999642425e-05,0.0
1735854660.0,2.71007999642425e-05,2.81527021196532e-05,2.71007999642425e-05,2.81527021196532e-05,290.023394181
1735854720.0,2.81527021196532e-05,2.86554733172152e-05,2.81527021196532e-05,2.86554733172152e-05,40.96773647094
1735854780.0,2.86554733172152e-05,2.87420130637917e-05,2.86554733172152e-05,2.87420130637917e-05,16.82333018077
1735854840.0,2.87420130637917e-05,2.87420130637917e-05,2.8634567472e-05,2.8634567472e-05,8.5903702416
1735854900.0,2.8634567472e-05,3.00920619534014e-05,2.8634567472e-05,3.00920619534014e-05,404.63547881556
1735854960.0,3.00920619534014e-05,3.03262671242264e-05,3.00920619534014e-05,3.03262671242264e-05,32.25687017618
1735855020.0,3.03262671242264e-05,3.03262671242264e-05,3.00148042274558e-05,3.00148042274558e-05,36.52081397157
1735855080.0,3.00148042274558e-05,3.00148042274558e-05,2.99912197693342e-05,2.99912197693342e-05,8.47731818
1735855140.0,2.99912197693342e-05,2.99912197693342e-05,2.99912197693342e-05,2.99912197693342e-05,0.0
1735855200.0,2.99912197693342e-05,2.99912197693342e-05,2.8396721379736e-05,2.8396721379736e-05,400.36200508036
1735855260.0,2.8396721379736e-05,2.8396721379736e-05,2.82936221008332e-05,2.82936221008332e-05,25.77658568932
1735855320.0,2.82936221008332e-05,2.82936221008332e-05,2.82023209036e-05,2.82023209036e-05,8.46069627108
1735855380.0,2.82023209036e-05,2.82023209036e-05,2.80397324943231e-05,2.80397324943231e-05,46.31699202231
1735855440.0,2.80397324943231e-05,2.81792481310933e-05,2.73501048959e-05,2.73501048959e-05,204.22054397457
1735855500.0,2.73501048959e-05,2.73501048959e-05,2.57537993742e-05,2.57537993742e-05,327.74934598359
1735855560.0,2.57537993742e-05,2.57537993742e-05,2.55654751940223e-05,2.55654751940223e-05,35.58967806053
1735855620.0,2.55654751940223e-05,2.58011309612594e-05,2.54902548237502e-05,2.54902548237502e-05,129.46700608867
1735855680.0,2.54902548237502e-05,2.54902548237502e-05,2.47782177569039e-05,2.47782177569039e-05,160.92613419476
1735855740.0,2.47782177569039e-05,2.47782177569039e-05,2.40445931223255e-05,2.40445931223255e-05,269.08923458752
1735855800.0,2.40445931223255e-05,2.40445931223255e-05,2.40445931223255e-05,2.40445931223255e-05,0.0
1735855860.0,2.40445931223255e-05,2.40445931223255e-05,2.40445931223255e-05,2.40445931223255e-05,0.0
1735855920.0,2.40445931223255e-05,2.40445931223255e-05,2.34220156279457e-05,2.34220156279457e-05,30.43796489304
1735855980.0,2.34220156279457e-05,2.34220156279457e-05,2.34220156279457e-05,2.34220156279457e-05,0.0
1735856040.0,2.34220156279457e-05,2.34220156279457e-05,2.28854340809555e-05,2.28854340809555e-05,201.3197716602
1735856100.0,2.28854340809555e-05,2.28854340809555e-05,2.28854340809555e-05,2.28854340809555e-05,0.0
1735856160.0,2.28854340809555e-05,2.28854340809555e-05,2.28854340809555e-05,2.28854340809555e-05,0.0
1735856220.0,2.28854340809555e-05,2.28854340809555e-05,2.24000594272e-05,2.24000594272e-05,1.12000297136
1735856280.0,2.24000594272e-05,2.24000594272e-05,2.19768345814383e-05,2.19768345814383e-05,109.1230760616
1735856340.0,2.19768345814383e-05,2.19768345814383e-05,2.02051562234325e-05,2.02051562234325e-05,430.17148933024
1735856400.0,2.02051562234325e-05,2.02051562234325e-05,2.02051562234325e-05,2.02051562234325e-05,0.0
1735856460.0,2.02051562234325e-05,2.02051562234325e-05,1.94250345944828e-05,1.94250345944828e-05,288.50222630079
1735856520.0,1.94250345944828e-05,1.94250345944828e-05,1.94250345944828e-05,1.94250345944828e-05,0.0
1735856580.0,1.94250345944828e-05,1.94250345944828e-05,1.94250345944828e-05,1.94250345944828e-05,0.0
1735856640.0,1.94250345944828e-05,1.94250345944828e-05,1.87844124273217e-05,1.88686844920545e-05,49.8970429752
1735856700.0,1.88686844920545e-05,1.88686844920545e-05,1.88686844920545e-05,1.88686844920545e-05,0.0
1735856760.0,1.88686844920545e-05,1.88686844920545e-05,1.84723684174661e-05,1.84836025229196e-05,82.07442535798
1735856820.0,1.84836025229196e-05,1.85781441882472e-05,1.78396871434647e-05,1.78396871434647e-05,322.1962937406
1735856880.0,1.78396871434647e-05,1.78396871434647e-05,1.73284660995384e-05,1.73284660995384e-05,2.719796255
1735856940.0,1.73284660995384e-05,1.73381329336565e-05,1.73284660995384e-05,1.73381329336565e-05,1.34199446516
1735857000.0,1.73381329336565e-05,1.73414108668433e-05,1.6605134984172e-05,1.6605134984172e-05,333.20740470028
1735857060.0,1.6605134984172e-05,1.6605134984172e-05,1.60584855271389e-05,1.60631816068965e-05,0.43252489246
1735857120.0,1.60631816068965e-05,1.60631816068965e-05,1.58137355382672e-05,1.59054329144952e-05,191.59782812839
1735857180.0,1.59054329144952e-05,1.59756555731733e-05,1.56373267553355e-05,1.56373267553355e-05,179.9477924216
1735857240.0,1.56373267553355e-05,1.56373267553355e-05,1.52596376059472e-05,1.52596376059472e-05,28.51990323343
1735857300.0,1.52596376059472e-05,1.62598981282764e-05,1.52596376059472e-05,1.62598981282764e-05,328.86939302213
1735857360.0,1.62598981282764e-05,1.70277376568587e-05,1.62598981282764e-05,1.70277376568587e-05,198.55261601909
1735857420.0,1.70277376568587e-05,1.70277376568587e-05,1.70277376568587e-05,1.70277376568587e-05,0.0
1735857480.0,1.70277376568587e-05,1.70277376568587e-05,1.6964774089316e-05,1.6964774089316e-05,3.65028775272
1735857540.0,1.6964774089316e-05,1.70477612822e-05,1.6964774089316e-05,1.69715652502735e-05,3.41170443996
1735857600.0,1.69715652502735e-05,1.69715652502735e-05,1.62549497240283e-05,1.62549497240283e-05,270.44457637137
1735857660.0,1.62549497240283e-05,1.62549497240283e-05,1.59191979404492e-05,1.59191979404492e-05,8.79992384562
1735857720.0,1.59191979404492e-05,1.59191979404492e-05,1.52844544508966e-05,1.52844544508966e-05,168.99025747995
1735857780.0,1.52844544508966e-05,1.52844544508966e-05,1.52844544508966e-05,1.52844544508966e-05,0.0
1735857840.0,1.52844544508966e-05,1.61537514854068e-05,1.42171749021695e-05,1.42171749021695e-05,986.1566436686
1735857900.0,1.42171749021695e-05,1.42171749021695e-05,1.37553215004709e-05,1.37553215004709e-05,61.73160112196
1735857960.0,1.37553215004709e-05,1.37553215004709e-05,1.35396228769044e-05,1.35396228769044e-05,62.94873964275
1735858020.0,1.35396228769044e-05,1.35396228769044e-05,1.32528178505564e-05,1.32528178505564e-05,107.74042477755
1735858080.0,1.32528178505564e-05,1.32528178505564e-05,1.32528178505564e-05,1.32528178505564e-05,0.0
1735858140.0,1.32528178505564e-05,1.32528178505564e-05,1.30607770909816e-05,1.30607770909816e-05,9.60585661448
1735858200.0,1.30607770909816e-05,1.30607770909816e-05,1.30607770909816e-05,1.30607770909816e-05,0.0
1735858260.0,1.30607770909816e-05,1.30607770909816e-05,1.30384673980078e-05,1.30384673980078e-05,7.3897455984
1735858320.0,1.30384673980078e-05,1.30384673980078e-05,1.06172729645569e-05,1.06172729645569e-05,839.82809724459
1735858380.0,1.06172729645569e-05,1.06172729645569e-05,1.03154590681958e-05,1.03154590681958e-05,4.70597329664
1735858440.0,1.03154590681958e-05,1.03154590681958e-05,1.0282115607367e-05,1.0282115607367e-05,16.04488153125
1735858500.0,1.0282115607367e-05,1.0282115607367e-05,1.0282115607367e-05,1.0282115607367e-05,0.0
1735858560.0,1.0282115607367e-05,1.03878440262855e-05,1.0282115607367e-05,1.03878440262855e-05,51.3096625
1735858620.0,1.03878440262855e-05,1.05459518536776e-05,1.03878440262855e-05,1.05459518536776e-05,49.82657368755
1735858680.0,1.05459518536776e-05,1.06512164198232e-05,1.05459518536776e-05,1.06512164198232e-05,18.6283495387
1735858740.0,1.06512164198232e-05,1.07376004861387e-05,1.06150515866932e-05,1.07376004861387e-05,56.6157736033
1735858800.0,1.07376004861387e-05,1.07376004861387e-05,1.07376004861387e-05,1.07376004861387e-05,0.0
1735858860.0,1.07376004861387e-05,1.19712913752226e-05,1.07376004861387e-05,1.19712913752226e-05,606.54989923218
1735858920.0,1.19712913752226e-05,1.27517174583241e-05,1.19712913752226e-05,1.27517174583241e-05,153.1783433648
1735858980.0,1.27517174583241e-05,1.4029782788215e-05,1.27517174583241e-05,1.4029782788215e-05,359.81459031616
1735859040.0,1.4029782788215e-05,1.4029782788215e-05,1.38039277998036e-05,1.3993098222109e-05,174.27434661182
1735859100.0,1.3993098222109e-05,1.55586415762437e-05,1.3993098222109e-05,1.5555706674457e-05,566.55870541291
1735859160.0,1.5555706674457e-05,1.63864783394706e-05,1.5555706674457e-05,1.63864783394706e-05,210.34307206875
1735859220.0,1.63864783394706e-05,1.67428561504628e-05,1.63864783394706e-05,1.67428561504628e-05,152.3402339256
1735859280.0,1.67428561504628e-05,1.74592537384197e-05,1.67428561504628e-05,1.74592537384197e-05,111.9546425569
1735859340.0,1.74592537384197e-05,1.78664075909488e-05,1.74592537384197e-05,1.78664075909488e-05,204.74475
1735859400.0,1.78664075909488e-05,1.82967312175289e-05,1.78664075909488e-05,1.82967312175289e-05,10.3235
1735859460.0,1.82967312175289e-05,1.85143799134176e-05,1.82967312175289e-05,1.85143799134176e-05,102.3079275
1735859520.0,1.85143799134176e-05,1.89318631005366e-05,1.85143799134176e-05,1.89318631005366e-05,102.312885
1735859580.0,1.89318631005366e-05,2.20072161698803e-05,1.89318631005366e-05,2.20072161698803e-05,720.49771728354
1735859640.0,2.20072161698803e-05,2.22952816030802e-05,2.20072161698803e-05,2.22952816030802e-05,18.6498567346
1735859700.0,2.22952816030802e-05,2.26921251087451e-05,2.21656349931821e-05,2.26921251087451e-05,221.87702102652
1735859760.0,2.26921251087451e-05,2.49620982173303e-05,2.26921251087451e-05,2.49620982173303e-05,391.1268255
1735859820.0,2.49620982173303e-05,2.49620982173303e-05,2.49620982173303e-05,2.49620982173303e-05,0.0
1735859880.0,2.49620982173303e-05,2.54668110415978e-05,2.49620982173303e-05,2.54668110415978e-05,108.42855
1735859940.0,2.54668110415978e-05,3.07959117905517e-05,2.54668110415978e-05,3.07959117905517e-05,1388.87442959808
1735860000.0,3.07959117905517e-05,3.07959117905517e-05,2.8985205877336e-05,2.8985205877336e-05,177.03978144908
1735860060.0,2.8985205877336e-05,2.8985205877336e-05,2.8985205877336e-05,2.8985205877336e-05,0.0
1735860120.0,2.8985205877336e-05,2.8985205877336e-05,2.88292854636063e-05,2.88292854636063e-05,20.685
1735860180.0,2.88292854636063e-05,2.96268224792151e-05,2.88292854636063e-05,2.96268224792151e-05,175.49034978625
1735860240.0,2.96268224792151e-05,2.96383134213101e-05,2.96268224792151e-05,2.96383134213101e-05,4.93016770152
1735860300.0,2.96383134213101e-05,2.96383134213101e-05,2.95786523878034e-05,2.95786523878034e-05,22.91486703706
1735860360.0,2.95786523878034e-05,2.95786523878034e-05,2.59675814915758e-05,2.59675814915758e-05,1393.14210385978
1735860420.0,2.59675814915758e-05,2.59675814915758e-05,2.20549237297042e-05,2.30385571214095e-05,1008.18249869916
1735860480.0,2.30385571214095e-05,2.30385571214095e-05,2.30264662995419e-05,2.30264662995419e-05,154.1832075
1735860540.0,2.30264662995419e-05,2.5285601945788e-05,2.30264662995419e-05,2.5285601945788e-05,507.94496013969
1735860600.0,2.5285601945788e-05,2.59539533781509e-05,2.5285601945788e-05,2.59539533781509e-05,59.70791732784
1735860660.0,2.59539533781509e-05,2.5957012205726e-05,2.28221525671348e-05,2.28221525671348e-05,740.27695364844
1735860720.0,2.28221525671348e-05,2.28373332367629e-05,2.28221525671348e-05,2.28373332367629e-05,1.66956005398
1735860780.0,2.28373332367629e-05,2.28373332367629e-05,2.28373332367629e-05,2.28373332367629e-05,0.0
1735860840.0,2.28373332367629e-05,2.28373332367629e-05,2.28373332367629e-05,2.28373332367629e-05,0.0
1735860900.0,2.28373332367629e-05,2.28569808261786e-05,2.28373332367629e-05,2.28569808261786e-05,0.228668
1735860960.0,2.28569808261786e-05,2.41954940962073e-05,2.28569808261786e-05,2.41954940962073e-05,378.09529328616
1735861020.0,2.41954940962073e-05,2.45918070380804e-05,2.41954940962073e-05,2.45918070380804e-05,4.1576
1735861080.0,2.45918070380804e-05,2.45918070380804e-05,2.45918070380804e-05,2.45918070380804e-05,0.0
1735861140.0,2.45918070380804e-05,2.46591955901601e-05,2.14061692459281e-05,2.14061692459281e-05,802.30084253184
1735861200.0,2.14061692459281e-05,2.15200765782154e-05,2.12691654057824e-05,2.15200765782154e-05,116.08563462782
1735861260.0,2.15200765782154e-05,2.17203340709143e-05,2.15200765782154e-05,2.17203340709143e-05,7.60211692482
1735861320.0,2.17203340709143e-05,2.17203340709143e-05,2.15607573405756e-05,2.15607573405756e-05,27.75862549772
1735861380.0,2.15607573405756e-05,2.15607573405756e-05,1.7299964215437e-05,1.7299964215437e-05,1443.15676152452
1735861440.0,1.7299964215437e-05,1.7299964215437e-05,1.56280170021439e-05,1.56280170021439e-05,33.66182117673
1735861500.0,1.56280170021439e-05,1.56280170021439e-05,1.53055027675257e-05,1.53055027675257e-05,139.6100809719
1735861560.0,1.53055027675257e-05,1.53055027675257e-05,1.50323782569914e-05,1.52327570719834e-05,96.16312185424
1735861620.0,1.52327570719834e-05,1.5282982993556e-05,1.45873209184651e-05,1.5282982993556e-05,1460.63162496778
1735861680.0,1.5282982993556e-05,1.57606074271411e-05,1.5282982993556e-05,1.57606074271411e-05,1.03855
1735861740.0,1.57606074271411e-05,1.6216285242e-05,1.57606074271411e-05,1.6216285242e-05,8.108142621
1735861800.0,1.6216285242e-05,1.7297024463691e-05,1.6216285242e-05,1.7297024463691e-05,289.754741445
1735861860.0,1.7297024463691e-05,1.8644386554268e-05,1.7297024463691e-05,1.75254955836611e-05,990.17796007782
1735861920.0,1.75254955836611e-05,1.75254955836611e-05,1.4540750329298e-05,1.4540750329298e-05,606.62452618962
1735861980.0,1.4540750329298e-05,1.4540750329298e-05,1.29336018641641e-05,1.3376329170025e-05,430.05760656783
1735862040.0,1.3376329170025e-05,1.34871717229751e-05,1.31136720518368e-05,1.34871717229751e-05,157.70402401323
1735862100.0,1.34871717229751e-05,1.34871717229751e-05,1.33406095227949e-05,1.33406095227949e-05,60.73138883331
1735862160.0,1.33406095227949e-05,1.52048957064574e-05,1.33406095227949e-05,1.52048957064574e-05,625.38775253358
1735862220.0,1.52048957064574e-05,1.60954354352178e-05,1.49109904806741e-05,1.54582654951415e-05,659.04825736297
1735862280.0,1.54582654951415e-05,1.54582654951415e-05,1.54582654951415e-05,1.54582654951415e-05,0.0
1735862340.0,1.54582654951415e-05,1.54582654951415e-05,1.54582654951415e-05,1.54582654951415e-05,0.0
1735862400.0,1.54582654951415e-05,1.61323283279848e-05,1.54582654951415e-05,1.60322215454508e-05,18.75381541348
1735862460.0,1.60322215454508e-05,1.60322215454508e-05,1.32417918200787e-05,1.32417918200787e-05,948.72775212657
1735862520.0,1.32417918200787e-05,1.32417918200787e-05,1.32417918200787e-05,1.32417918200787e-05,0.0
1735862580.0,1.32417918200787e-05,1.32417918200787e-05,1.27196617054872e-05,1.27196617054872e-05,1.9823265
1735862640.0,1.27196617054872e-05,1.27196617054872e-05,1.27196617054872e-05,1.27196617054872e-05,0.0
1735862700.0,1.27196617054872e-05,1.27196617054872e-05,1.27196617054872e-05,1.27196617054872e-05,0.0
1735862760.0,1.27196617054872e-05,1.27283904925147e-05,1.27196617054872e-05,1.27283904925147e-05,3.61837804617
1735862820.0,1.27283904925147e-05,1.31536519366506e-05,1.27283904925147e-05,1.31536519366506e-05,207.91
1735862880.0,1.31536519366506e-05,1.3447625443998e-05,1.31536519366506e-05,1.3447625443998e-05,2.65622715505
1735862940.0,1.3447625443998e-05,1.34580291830129e-05,1.3447625443998e-05,1.34580291830129e-05,0.76602678852
1735863000.0,1.34580291830129e-05,1.34580291830129e-05,1.34580291830129e-05,1.34580291830129e-05,0.0
1735863060.0,1.34580291830129e-05,1.346764451796e-05,1.34102384222989e-05,1.34102384222989e-05,6.95128463369
1735863120.0,1.34102384222989e-05,1.34102384222989e-05,1.34102384222989e-05,1.34102384222989e-05,0.0
1735863180.0,1.34102384222989e-05,1.34102384222989e-05,1.34102384222989e-05,1.34102384222989e-05,0.0
1735863240.0,1.34102384222989e-05,1.34102384222989e-05,1.20916445492798e-05,1.20916445492798e-05,391.95927263486
1735863300.0,1.20916445492798e-05,1.20916445492798e-05,1.20916445492798e-05,1.20916445492798e-05,0.0
1735863360.0,1.20916445492798e-05,1.28546014126206e-05,1.20916445492798e-05,1.28546014126206e-05,225.7819775716
1735863420.0,1.28546014126206e-05,1.28749005953117e-05,1.28546014126206e-05,1.28749005953117e-05,8.3116
1735863480.0,1.28749005953117e-05,1.28886029591553e-05,1.28749005953117e-05,1.28886029591553e-05,2.05535934967
1735863540.0,1.28886029591553e-05,1.28886029591553e-05,1.28886029591553e-05,1.28886029591553e-05,0.0
1735863600.0,1.28886029591553e-05,1.36062003691939e-05,1.28880150544118e-05,1.36062003691939e-05,424.13662915883
1735863660.0,1.36062003691939e-05,1.36062003691939e-05,1.36062003691939e-05,1.36062003691939e-05,0.0
1735863720.0,1.36062003691939e-05,1.44116548925056e-05,1.36062003691939e-05,1.44116548925056e-05,37.6961989491
1735863780.0,1.44116548925056e-05,1.44116548925056e-05,1.42971504672461e-05,1.42971504672461e-05,55.40998642062
1735863840.0,1.42971504672461e-05,1.42971504672461e-05,1.42971504672461e-05,1.42971504672461e-05,0.0
1735863900.0,1.42971504672461e-05,1.42971504672461e-05,1.42971504672461e-05,1.42971504672461e-05,0.0
1735863960.0,1.42971504672461e-05,1.42971504672461e-05,1.37825176310342e-05,1.37825176310342e-05,243.49268342
1735864020.0,1.37825176310342e-05,1.37825176310342e-05,1.27075415684162e-05,1.27075415684162e-05,387.6088664448
1735864080.0,1.27075415684162e-05,1.27075415684162e-05,1.20288946392536e-05,1.20288946392536e-05,31.46367359205
1735864140.0,1.20288946392536e-05,1.20288946392536e-05,1.20288946392536e-05,1.20288946392536e-05,0.0
1735864200.0,1.20288946392536e-05,1.20288946392536e-05,1.19855393809579e-05,1.19855393809579e-05,1.68730656588
1735864260.0,1.19855393809579e-05,1.19855393809579e-05,1.1753382449016e-05,1.1753382449016e-05,141.90750279147
1735864320.0,1.1753382449016e-05,1.1753382449016e-05,1.1753382449016e-05,1.1753382449016e-05,0.0
1735864380.0,1.1753382449016e-05,1.1753382449016e-05,1.1753382449016e-05,1.1753382449016e-05,0.0
1735864440.0,1.1753382449016e-05,1.1753382449016e-05,1.1753382449016e-05,1.1753382449016e-05,0.0
1735864500.0,1.1753382449016e-05,1.1753382449016e-05,1.1753382449016e-05,1.1753382449016e-05,0.0
1735864560.0,1.1753382449016e-05,1.1753382449016e-05,1.1427929372359e-05,1.1427929372359e-05,49.3422877584
1735864620.0,1.1427929372359e-05,1.1427929372359e-05,1.1427929372359e-05,1.1427929372359e-05,0.0
1735864680.0,1.1427929372359e-05,1.1427929372359e-05,1.10897307995106e-05,1.10897307995106e-05,159.37587052868
1735864740.0,1.10897307995106e-05,1.10897307995106e-05,1.09379228106127e-05,1.09379228106127e-05,25.78869397408
1735864800.0,1.09379228106127e-05,1.09379228106127e-05,1.09379228106127e-05,1.09379228106127e-05,0.0
