0,1,2,3,4,5
1736977620.0,0.0001023739936286,0.0003386676620522,1.05184173684639e-05,1.12545221753822e-05,431638.25083909783
1736977680.0,1.12545221753822e-05,2.82144152477012e-05,1.07848590006206e-05,2.53805726400383e-05,13471.80562737017
1736977740.0,2.53805726400383e-05,2.91994021727573e-05,1.35448657221191e-05,1.51164792085267e-05,11299.26189878273
1736977800.0,1.51164792085267e-05,1.51164792085267e-05,1.19400052275127e-05,1.37505605758125e-05,2601.28557994146
1736977860.0,1.37505605758125e-05,1.50089519060258e-05,1.34315839001746e-05,1.34315839001746e-05,1246.19655765362
1736977920.0,1.34315839001746e-05,1.47969864108463e-05,1.30639927080173e-05,1.39312839276501e-05,1216.86714975808
1736977980.0,1.39312839276501e-05,1.39312839276501e-05,1.11126555616794e-05,1.1414497644922e-05,920.80516428968
1736978040.0,1.1414497644922e-05,1.23651142891396e-05,1.1414497644922e-05,1.21595545843799e-05,628.51014022653
1736978100.0,1.21595545843799e-05,1.64907115800105e-05,1.0530540115493e-05,1.0530540115493e-05,3298.50353027249
1736978160.0,1.0530540115493e-05,1.0530540115493e-05,8.71042251648028e-06,8.80647212182181e-06,1210.44747596535
1736978220.0,8.80647212182181e-06,8.80647212182181e-06,7.74551564132835e-06,7.74551564132835e-06,421.55680613028
1736978280.0,7.74551564132835e-06,7.74551564132835e-06,7.35123608556452e-06,7.41852248282313e-06,231.13879444282
1736978340.0,7.41852248282313e-06,7.41852248282313e-06,7.29234589589685e-06,7.29234589589685e-06,57.68797292191
1736978400.0,7.29234589589685e-06,7.29234589589685e-06,7.09391892110292e-06,7.09391892110292e-06,57.63265846761
1736978460.0,7.09391892110292e-06,7.09391892110292e-06,6.95578501360759e-06,6.95578501360759e-06,47.53507057921
1736978520.0,6.95578501360759e-06,6.95578501360759e-06,6.95578501360759e-06,6.95578501360759e-06,0.0
1736978580.0,6.95578501360759e-06,6.95578501360759e-06,6.89591016692387e-06,6.89591016692387e-06,11.49704510859
1736978640.0,6.89591016692387e-06,6.89591016692387e-06,6.68257492916784e-06,6.68257492916784e-06,119.93874875589
1736978700.0,6.68257492916784e-06,6.68257492916784e-06,6.55444521050217e-06,6.55444521050217e-06,0.88350101248
1736978760.0,6.55444521050217e-06,6.55444521050217e-06,6.44751565162995e-06,6.44751565162995e-06,39.5504588201
1736978820.0,6.44751565162995e-06,6.53322217957765e-06,6.44751565162995e-06,6.53322217957765e-06,40.576
1736978880.0,6.53322217957765e-06,6.55212409153647e-06,6.48616799232169e-06,6.48616799232169e-06,47.31911554998
1736978940.0,6.48616799232169e-06,6.48616799232169e-06,6.48616799232169e-06,6.48616799232169e-06,0.0
1736979000.0,6.48616799232169e-06,6.48616799232169e-06,6.09260388468223e-06,6.09260388468223e-06,245.27455856244
1736979060.0,6.09260388468223e-06,6.09260388468223e-06,5.67716814477859e-06,5.67716814477859e-06,78.2019640476
1736979120.0,5.67716814477859e-06,5.67716814477859e-06,5.57422568813058e-06,5.57422568813058e-06,4.2119148539
1736979180.0,5.57422568813058e-06,5.57422568813058e-06,5.57422568813058e-06,5.57422568813058e-06,0.0
1736979240.0,5.57422568813058e-06,5.61017274588391e-06,5.57422568813058e-06,5.59252926790584e-06,12.45588468566
1736979300.0,5.59252926790584e-06,5.59252926790584e-06,5.57663194543978e-06,5.57663194543978e-06,10.0754012326
1736979360.0,5.57663194543978e-06,5.57663194543978e-06,5.51655537889999e-06,5.51655537889999e-06,37.88242638144
1736979420.0,5.51655537889999e-06,5.51655537889999e-06,5.4089863702261e-06,5.4089863702261e-06,32.71213081276
1736979480.0,5.4089863702261e-06,5.4089863702261e-06,5.38576660585858e-06,5.38576660585858e-06,1.24164662048
1736979540.0,5.38576660585858e-06,5.38576660585858e-06,5.38251691702072e-06,5.38251691702072e-06,0.67240468685
1736979600.0,5.38251691702072e-06,5.38251691702072e-06,5.34035407640195e-06,5.34035407640195e-06,33.90312222522
1736979660.0,5.34035407640195e-06,5.34035407640195e-06,5.34035407640195e-06,5.34035407640195e-06,0.0
1736979720.0,5.34035407640195e-06,5.34035407640195e-06,5.34035407640195e-06,5.34035407640195e-06,0.0
1736979780.0,5.34035407640195e-06,5.34035407640195e-06,5.34035407640195e-06,5.34035407640195e-06,0.0
1736979840.0,5.34035407640195e-06,5.34035407640195e-06,5.29550594070069e-06,5.29550594070069e-06,1.05950546904
1736979900.0,5.29550594070069e-06,5.29550594070069e-06,5.29375928275376e-06,5.29375928275376e-06,0.36017679408
1736979960.0,5.29375928275376e-06,5.29375928275376e-06,5.28808718666946e-06,5.28808718666946e-06,4.4754960684
1736980020.0,5.28808718666946e-06,5.28808718666946e-06,5.28808718666946e-06,5.28808718666946e-06,0.0
1736980080.0,5.28808718666946e-06,5.28808718666946e-06,5.28808718666946e-06,5.28808718666946e-06,0.0
1736980140.0,5.28808718666946e-06,5.28808718666946e-06,5.28808718666946e-06,5.28808718666946e-06,0.0
1736980200.0,5.28808718666946e-06,5.28808718666946e-06,5.28145546326819e-06,5.28145546326819e-06,3.90087959345
1736980260.0,5.28145546326819e-06,5.28145546326819e-06,5.28145546326819e-06,5.28145546326819e-06,0.0
1736980320.0,5.28145546326819e-06,5.28145546326819e-06,5.28145546326819e-06,5.28145546326819e-06,0.0
1736980380.0,5.28145546326819e-06,5.28145546326819e-06,5.28145546326819e-06,5.28145546326819e-06,0.0
1736980440.0,5.28145546326819e-06,5.29045189750702e-06,5.28145546326819e-06,5.28699491213527e-06,6.862752558
1736980500.0,5.28699491213527e-06,5.28699491213527e-06,5.28699491213527e-06,5.28699491213527e-06,0.0
1736980560.0,5.28699491213527e-06,5.28699491213527e-06,5.28699491213527e-06,5.28699491213527e-06,0.0
1736980620.0,5.28699491213527e-06,5.28699491213527e-06,5.28699491213527e-06,5.28699491213527e-06,0.0
1736980680.0,5.28699491213527e-06,5.28699491213527e-06,5.28699491213527e-06,5.28699491213527e-06,0.0
1736980740.0,5.28699491213527e-06,5.28699491213527e-06,5.28699491213527e-06,5.28699491213527e-06,0.0
1736980800.0,5.28699491213527e-06,5.28699491213527e-06,5.28699491213527e-06,5.28699491213527e-06,0.0
1736980860.0,5.28699491213527e-06,5.28699491213527e-06,5.28699491213527e-06,5.28699491213527e-06,0.0
1736980920.0,5.28699491213527e-06,5.28699491213527e-06,5.28699491213527e-06,5.28699491213527e-06,0.0
1736980980.0,5.28699491213527e-06,5.28699491213527e-06,5.28699491213527e-06,5.28699491213527e-06,0.0
1736981040.0,5.28699491213527e-06,5.28699491213527e-06,5.28699491213527e-06,5.28699491213527e-06,0.0
1736981100.0,5.28699491213527e-06,5.34547494678399e-06,5.28699491213527e-06,5.34196435843871e-06,20.42624874517
1736981160.0,5.34196435843871e-06,5.34196435843871e-06,5.34196435843871e-06,5.34196435843871e-06,0.0
1736981220.0,5.34196435843871e-06,5.34196435843871e-06,5.34196435843871e-06,5.34196435843871e-06,0.0
1736981280.0,5.34196435843871e-06,5.34196435843871e-06,5.34196435843871e-06,5.34196435843871e-06,0.0
1736981340.0,5.34196435843871e-06,5.34196435843871e-06,5.34196435843871e-06,5.34196435843871e-06,0.0
1736981400.0,5.34196435843871e-06,5.34196435843871e-06,5.34196435843871e-06,5.34196435843871e-06,0.0
1736981460.0,5.34196435843871e-06,5.34196435843871e-06,5.34196435843871e-06,5.34196435843871e-06,0.0
1736981520.0,5.34196435843871e-06,5.34196435843871e-06,5.34196435843871e-06,5.34196435843871e-06,0.0
1736981580.0,5.34196435843871e-06,5.34196435843871e-06,5.34196435843871e-06,5.34196435843871e-06,0.0
1736981640.0,5.34196435843871e-06,5.34196435843871e-06,5.34196435843871e-06,5.34196435843871e-06,0.0
1736981700.0,5.34196435843871e-06,5.34344285779203e-06,5.34196435843871e-06,5.34344285779203e-06,1.58034968256
1736981760.0,5.34344285779203e-06,5.34344285779203e-06,5.34344285779203e-06,5.34344285779203e-06,0.0
1736981820.0,5.34344285779203e-06,5.34344285779203e-06,5.33885466665843e-06,5.33885466665843e-06,4.28268040634
1736981880.0,5.33885466665843e-06,5.33885466665843e-06,5.33885466665843e-06,5.33885466665843e-06,0.0
1736981940.0,5.33885466665843e-06,5.33885466665843e-06,5.33801416597159e-06,5.33801416597159e-06,0.4346292147
1736982000.0,5.33801416597159e-06,5.33801416597159e-06,5.33801416597159e-06,5.33801416597159e-06,0.0
1736982060.0,5.33801416597159e-06,5.33801416597159e-06,5.33801416597159e-06,5.33801416597159e-06,0.0
1736982120.0,5.33801416597159e-06,5.33801416597159e-06,5.33801416597159e-06,5.33801416597159e-06,0.0
1736982180.0,5.33801416597159e-06,5.33801416597159e-06,5.33801416597159e-06,5.33801416597159e-06,0.0
1736982240.0,5.33801416597159e-06,5.33801416597159e-06,5.33801416597159e-06,5.33801416597159e-06,0.0
1736982300.0,5.33801416597159e-06,5.33801416597159e-06,5.33801416597159e-06,5.33801416597159e-06,0.0
1736982360.0,5.33801416597159e-06,5.33801416597159e-06,5.33801416597159e-06,5.33801416597159e-06,0.0
1736982420.0,5.33801416597159e-06,5.33801416597159e-06,5.33801416597159e-06,5.33801416597159e-06,0.0
1736982480.0,5.33801416597159e-06,5.33801416597159e-06,5.33801416597159e-06,5.33801416597159e-06,0.0
1736982540.0,5.33801416597159e-06,5.33801416597159e-06,5.33801416597159e-06,5.33801416597159e-06,0.0
1736982600.0,5.33801416597159e-06,5.33801416597159e-06,5.33801416597159e-06,5.33801416597159e-06,0.0
1736982660.0,5.33801416597159e-06,5.33801416597159e-06,5.33801416597159e-06,5.33801416597159e-06,0.0
1736982720.0,5.33801416597159e-06,5.33801416597159e-06,5.33801416597159e-06,5.33801416597159e-06,0.0
1736982780.0,5.33801416597159e-06,5.33801416597159e-06,5.32887652451166e-06,5.32887652451166e-06,1.64393839892
1736982840.0,5.32887652451166e-06,5.32887652451166e-06,5.32887652451166e-06,5.32887652451166e-06,0.0
1736982900.0,5.32887652451166e-06,5.32887652451166e-06,5.32887652451166e-06,5.32887652451166e-06,0.0
1736982960.0,5.32887652451166e-06,5.36609616178539e-06,5.23796983165908e-06,5.23796983165908e-06,102.387650414
1736983020.0,5.23796983165908e-06,5.23796983165908e-06,5.23796983165908e-06,5.23796983165908e-06,0.0
1736983080.0,5.23796983165908e-06,5.23796983165908e-06,5.23796983165908e-06,5.23796983165908e-06,0.0
1736983140.0,5.23796983165908e-06,5.23796983165908e-06,5.23796983165908e-06,5.23796983165908e-06,0.0
1736983200.0,5.23796983165908e-06,5.23796983165908e-06,5.13338788738548e-06,5.13338788738548e-06,0.00176416716
1736983260.0,5.13338788738548e-06,5.13338788738548e-06,5.13338788738548e-06,5.13338788738548e-06,0.0
1736983320.0,5.13338788738548e-06,5.13338788738548e-06,5.13338788738548e-06,5.13338788738548e-06,0.0
1736983380.0,5.13338788738548e-06,5.13338788738548e-06,5.11847201225479e-06,5.11847201225479e-06,9.65606859984
1736983440.0,5.11847201225479e-06,5.11847201225479e-06,5.11847201225479e-06,5.11847201225479e-06,0.0
1736983500.0,5.11847201225479e-06,5.11847201225479e-06,5.11847201225479e-06,5.11847201225479e-06,0.0
1736983560.0,5.11847201225479e-06,5.11847201225479e-06,5.11847201225479e-06,5.11847201225479e-06,0.0
1736983620.0,5.11847201225479e-06,5.11847201225479e-06,5.11847201225479e-06,5.11847201225479e-06,0.0
1736983680.0,5.11847201225479e-06,5.11847201225479e-06,5.11847201225479e-06,5.11847201225479e-06,0.0
1736983740.0,5.11847201225479e-06,5.11847201225479e-06,5.11847201225479e-06,5.11847201225479e-06,0.0
1736983800.0,5.11847201225479e-06,5.11847201225479e-06,5.11847201225479e-06,5.11847201225479e-06,0.0
1736983860.0,5.11847201225479e-06,5.11847201225479e-06,5.11847201225479e-06,5.11847201225479e-06,0.0
1736983920.0,5.11847201225479e-06,5.11847201225479e-06,5.11847201225479e-06,5.11847201225479e-06,0.0
1736983980.0,5.11847201225479e-06,5.11847201225479e-06,5.11847201225479e-06,5.11847201225479e-06,0.0
1736984040.0,5.11847201225479e-06,5.11847201225479e-06,5.11847201225479e-06,5.11847201225479e-06,0.0
1736984100.0,5.11847201225479e-06,5.11847201225479e-06,5.11847201225479e-06,5.11847201225479e-06,0.0
1736984160.0,5.11847201225479e-06,5.11847201225479e-06,5.08192984354126e-06,5.08192984354126e-06,36.17722409768
1736984220.0,5.08192984354126e-06,5.08192984354126e-06,5.08192984354126e-06,5.08192984354126e-06,0.0
1736984280.0,5.08192984354126e-06,5.08192984354126e-06,5.08192984354126e-06,5.08192984354126e-06,0.0
1736984340.0,5.08192984354126e-06,5.08192984354126e-06,5.07536800305347e-06,5.07536800305347e-06,0.99156452292
1736984400.0,5.07536800305347e-06,5.07536800305347e-06,5.07536800305347e-06,5.07536800305347e-06,0.0
1736984460.0,5.07536800305347e-06,5.07536800305347e-06,5.07536800305347e-06,5.07536800305347e-06,0.0
1736984520.0,5.07536800305347e-06,5.07536800305347e-06,5.07536800305347e-06,5.07536800305347e-06,0.0
1736984580.0,5.07536800305347e-06,5.07536800305347e-06,5.07536800305347e-06,5.07536800305347e-06,0.0
1736984640.0,5.07536800305347e-06,5.07536800305347e-06,5.07536800305347e-06,5.07536800305347e-06,0.0
1736984700.0,5.07536800305347e-06,5.07536800305347e-06,5.07536800305347e-06,5.07536800305347e-06,0.0
1736984760.0,5.07536800305347e-06,5.07536800305347e-06,5.07536800305347e-06,5.07536800305347e-06,0.0
1736984820.0,5.07536800305347e-06,5.07536800305347e-06,5.04256797088737e-06,5.04256797088737e-06,13.24389116448
1736984880.0,5.04256797088737e-06,5.04256797088737e-06,5.02097897363484e-06,5.02097897363484e-06,1.2108446141
1736984940.0,5.02097897363484e-06,5.02097897363484e-06,5.02097897363484e-06,5.02097897363484e-06,0.0
1736985000.0,5.02097897363484e-06,5.02097897363484e-06,5.02097897363484e-06,5.02097897363484e-06,0.0
1736985060.0,5.02097897363484e-06,5.02097897363484e-06,5.02097897363484e-06,5.02097897363484e-06,0.0
1736985120.0,5.02097897363484e-06,5.02097897363484e-06,5.01523695918838e-06,5.01523695918838e-06,1.36267786188
1736985180.0,5.01523695918838e-06,5.01523695918838e-06,5.00571337126237e-06,5.00571337126237e-06,9.3403107512
1736985240.0,5.00571337126237e-06,5.00571337126237e-06,5.00571337126237e-06,5.00571337126237e-06,0.0
1736985300.0,5.00571337126237e-06,5.00571337126237e-06,4.98937623495058e-06,4.98937623495058e-06,6.4968629462
1736985360.0,4.98937623495058e-06,4.98937623495058e-06,4.98937623495058e-06,4.98937623495058e-06,0.0
1736985420.0,4.98937623495058e-06,4.98937623495058e-06,4.98937623495058e-06,4.98937623495058e-06,0.0
1736985480.0,4.98937623495058e-06,4.98937623495058e-06,4.98937623495058e-06,4.98937623495058e-06,0.0
1736985540.0,4.98937623495058e-06,4.98937623495058e-06,4.98766125439672e-06,4.98766125439672e-06,5.1883070736
1736985600.0,4.98766125439672e-06,4.98766125439672e-06,4.98766125439672e-06,4.98766125439672e-06,0.0
1736985660.0,4.98766125439672e-06,4.98766125439672e-06,4.98766125439672e-06,4.98766125439672e-06,0.0
1736985720.0,4.98766125439672e-06,4.98766125439672e-06,4.98766125439672e-06,4.98766125439672e-06,0.0
1736985780.0,4.98766125439672e-06,4.98766125439672e-06,4.98766125439672e-06,4.98766125439672e-06,0.0
1736985840.0,4.98766125439672e-06,4.98766125439672e-06,4.98766125439672e-06,4.98766125439672e-06,0.0
1736985900.0,4.98766125439672e-06,4.98766125439672e-06,4.98766125439672e-06,4.98766125439672e-06,0.0
1736985960.0,4.98766125439672e-06,4.98766125439672e-06,4.98766125439672e-06,4.98766125439672e-06,0.0
1736986020.0,4.98766125439672e-06,4.98766125439672e-06,4.98766125439672e-06,4.98766125439672e-06,0.0
1736986080.0,4.98766125439672e-06,4.98766125439672e-06,4.98766125439672e-06,4.98766125439672e-06,0.0
1736986140.0,4.98766125439672e-06,4.98766125439672e-06,4.98766125439672e-06,4.98766125439672e-06,0.0
1736986200.0,4.98766125439672e-06,4.98766125439672e-06,4.98766125439672e-06,4.98766125439672e-06,0.0
1736986260.0,4.98766125439672e-06,4.98766125439672e-06,4.98766125439672e-06,4.98766125439672e-06,0.0
1736986320.0,4.98766125439672e-06,4.98766125439672e-06,4.98766125439672e-06,4.98766125439672e-06,0.0
1736986380.0,4.98766125439672e-06,4.98766125439672e-06,4.98766125439672e-06,4.98766125439672e-06,0.0
1736986440.0,4.98766125439672e-06,4.98766125439672e-06,4.98766125439672e-06,4.98766125439672e-06,0.0
1736986500.0,4.98766125439672e-06,4.98766125439672e-06,4.98766125439672e-06,4.98766125439672e-06,0.0
1736986560.0,4.98766125439672e-06,4.98766125439672e-06,4.98766125439672e-06,4.98766125439672e-06,0.0
1736986620.0,4.98766125439672e-06,4.98766125439672e-06,4.98766125439672e-06,4.98766125439672e-06,0.0
1736986680.0,4.98766125439672e-06,4.98766125439672e-06,4.94563772427516e-06,4.94563772427516e-06,0.92956760516
1736986740.0,4.94563772427516e-06,4.94563772427516e-06,4.94563772427516e-06,4.94563772427516e-06,0.0
1736986800.0,4.94563772427516e-06,4.94563772427516e-06,4.93714861215824e-06,4.93714861215824e-06,2.1707784464
1736986860.0,4.93714861215824e-06,4.93714861215824e-06,4.93714861215824e-06,4.93714861215824e-06,0.0
1736986920.0,4.93714861215824e-06,4.93714861215824e-06,4.93714861215824e-06,4.93714861215824e-06,0.0
1736986980.0,4.93714861215824e-06,4.93714861215824e-06,4.93714861215824e-06,4.93714861215824e-06,0.0
1736987040.0,4.93714861215824e-06,4.93714861215824e-06,4.93714861215824e-06,4.93714861215824e-06,0.0
1736987100.0,4.93714861215824e-06,4.93714861215824e-06,4.93714861215824e-06,4.93714861215824e-06,0.0
1736987160.0,4.93714861215824e-06,4.93714861215824e-06,4.93714861215824e-06,4.93714861215824e-06,0.0
1736987220.0,4.93714861215824e-06,4.93714861215824e-06,4.93714861215824e-06,4.93714861215824e-06,0.0
1736987280.0,4.93714861215824e-06,4.93714861215824e-06,4.93714861215824e-06,4.93714861215824e-06,0.0
1736987340.0,4.93714861215824e-06,4.93714861215824e-06,4.93714861215824e-06,4.93714861215824e-06,0.0
1736987400.0,4.93714861215824e-06,4.93714861215824e-06,4.93632645131003e-06,4.93632645131003e-06,9.569459403
1736987460.0,4.93632645131003e-06,4.93632645131003e-06,4.93632645131003e-06,4.93632645131003e-06,0.0
1736987520.0,4.93632645131003e-06,4.93632645131003e-06,4.93632645131003e-06,4.93632645131003e-06,0.0
1736987580.0,4.93632645131003e-06,4.93632645131003e-06,4.9144006041016e-06,4.9144006041016e-06,5.98322606555
1736987640.0,4.9144006041016e-06,4.9144006041016e-06,4.9144006041016e-06,4.9144006041016e-06,0.0
1736987700.0,4.9144006041016e-06,4.9144006041016e-06,4.9144006041016e-06,4.9144006041016e-06,0.0
1736987760.0,4.9144006041016e-06,4.9144006041016e-06,4.9144006041016e-06,4.9144006041016e-06,0.0
1736987820.0,4.9144006041016e-06,4.9144006041016e-06,4.9144006041016e-06,4.9144006041016e-06,0.0
1736987880.0,4.9144006041016e-06,4.9144006041016e-06,4.9144006041016e-06,4.9144006041016e-06,0.0
1736987940.0,4.9144006041016e-06,4.9144006041016e-06,4.9144006041016e-06,4.9144006041016e-06,0.0
1736988000.0,4.9144006041016e-06,4.9144006041016e-06,4.9144006041016e-06,4.9144006041016e-06,0.0
1736988060.0,4.9144006041016e-06,4.9144006041016e-06,4.9144006041016e-06,4.9144006041016e-06,0.0
1736988120.0,4.9144006041016e-06,4.9144006041016e-06,4.9144006041016e-06,4.9144006041016e-06,0.0
1736988180.0,4.9144006041016e-06,4.9144006041016e-06,4.9144006041016e-06,4.9144006041016e-06,0.0
1736988240.0,4.9144006041016e-06,4.9144006041016e-06,4.9144006041016e-06,4.9144006041016e-06,0.0
1736988300.0,4.9144006041016e-06,4.9144006041016e-06,4.9144006041016e-06,4.9144006041016e-06,0.0
1736988360.0,4.9144006041016e-06,4.9144006041016e-06,4.9144006041016e-06,4.9144006041016e-06,0.0
1736988420.0,4.9144006041016e-06,4.9144006041016e-06,4.9144006041016e-06,4.9144006041016e-06,0.0
1736988480.0,4.9144006041016e-06,4.9144006041016e-06,4.879598415386e-06,4.879598415386e-06,0.59451094026
1736988540.0,4.879598415386e-06,4.879598415386e-06,4.879598415386e-06,4.879598415386e-06,0.0
1736988600.0,4.879598415386e-06,4.879598415386e-06,4.879598415386e-06,4.879598415386e-06,0.0
1736988660.0,4.879598415386e-06,4.879598415386e-06,4.879598415386e-06,4.879598415386e-06,0.0
1736988720.0,4.879598415386e-06,4.879598415386e-06,4.879598415386e-06,4.879598415386e-06,0.0
1736988780.0,4.879598415386e-06,4.879598415386e-06,4.879598415386e-06,4.879598415386e-06,0.0
1736988840.0,4.879598415386e-06,4.879598415386e-06,4.879598415386e-06,4.879598415386e-06,0.0
1736988900.0,4.879598415386e-06,4.879598415386e-06,4.879598415386e-06,4.879598415386e-06,0.0
1736988960.0,4.879598415386e-06,4.879598415386e-06,4.879598415386e-06,4.879598415386e-06,0.0
1736989020.0,4.879598415386e-06,4.879598415386e-06,4.879598415386e-06,4.879598415386e-06,0.0
1736989080.0,4.879598415386e-06,4.879598415386e-06,4.879598415386e-06,4.879598415386e-06,0.0
1736989140.0,4.879598415386e-06,4.879598415386e-06,4.879598415386e-06,4.879598415386e-06,0.0
1736989200.0,4.879598415386e-06,4.879598415386e-06,4.879598415386e-06,4.879598415386e-06,0.0
1736989260.0,4.879598415386e-06,4.879598415386e-06,4.879598415386e-06,4.879598415386e-06,0.0
1736989320.0,4.879598415386e-06,4.879598415386e-06,4.879598415386e-06,4.879598415386e-06,0.0
1736989380.0,4.879598415386e-06,4.879598415386e-06,4.879598415386e-06,4.879598415386e-06,0.0
1736989440.0,4.879598415386e-06,4.879598415386e-06,4.879598415386e-06,4.879598415386e-06,0.0
1736989500.0,4.879598415386e-06,4.879598415386e-06,4.879598415386e-06,4.879598415386e-06,0.0
1736989560.0,4.879598415386e-06,4.879598415386e-06,4.879598415386e-06,4.879598415386e-06,0.0
1736989620.0,4.879598415386e-06,4.879598415386e-06,4.879598415386e-06,4.879598415386e-06,0.0
1736989680.0,4.879598415386e-06,4.879598415386e-06,4.879598415386e-06,4.879598415386e-06,0.0
1736989740.0,4.879598415386e-06,4.879598415386e-06,4.879598415386e-06,4.879598415386e-06,0.0
1736989800.0,4.879598415386e-06,4.879598415386e-06,4.879598415386e-06,4.879598415386e-06,0.0
1736989860.0,4.879598415386e-06,4.879598415386e-06,4.879598415386e-06,4.879598415386e-06,0.0
1736989920.0,4.879598415386e-06,4.879598415386e-06,4.879598415386e-06,4.879598415386e-06,0.0
1736989980.0,4.879598415386e-06,4.879598415386e-06,4.879598415386e-06,4.879598415386e-06,0.0
1736990040.0,4.879598415386e-06,4.879598415386e-06,4.879598415386e-06,4.879598415386e-06,0.0
1736990100.0,4.879598415386e-06,4.879598415386e-06,4.879598415386e-06,4.879598415386e-06,0.0
1736990160.0,4.879598415386e-06,4.879598415386e-06,4.879598415386e-06,4.879598415386e-06,0.0
1736990220.0,4.879598415386e-06,4.879598415386e-06,4.879598415386e-06,4.879598415386e-06,0.0
1736990280.0,4.879598415386e-06,4.88723859795286e-06,4.879598415386e-06,4.88723859795286e-06,0.43980177815
1736990340.0,4.88723859795286e-06,4.88723859795286e-06,4.88723859795286e-06,4.88723859795286e-06,0.0
1736990400.0,4.88723859795286e-06,4.88723859795286e-06,4.88723859795286e-06,4.88723859795286e-06,0.0
1736990460.0,4.88723859795286e-06,4.88723859795286e-06,4.88723859795286e-06,4.88723859795286e-06,0.0
1736990520.0,4.88723859795286e-06,4.88723859795286e-06,4.88723859795286e-06,4.88723859795286e-06,0.0
1736990580.0,4.88723859795286e-06,4.88723859795286e-06,4.88723859795286e-06,4.88723859795286e-06,0.0
1736990640.0,4.88723859795286e-06,4.88723859795286e-06,4.88723859795286e-06,4.88723859795286e-06,0.0
1736990700.0,4.88723859795286e-06,4.88723859795286e-06,4.88723859795286e-06,4.88723859795286e-06,0.0
1736990760.0,4.88723859795286e-06,4.88723859795286e-06,4.88723859795286e-06,4.88723859795286e-06,0.0
1736990820.0,4.88723859795286e-06,4.88723859795286e-06,4.88723859795286e-06,4.88723859795286e-06,0.0
1736990880.0,4.88723859795286e-06,4.88723859795286e-06,4.88723859795286e-06,4.88723859795286e-06,0.0
1736990940.0,4.88723859795286e-06,4.88723859795286e-06,4.88723859795286e-06,4.88723859795286e-06,0.0
1736991000.0,4.88723859795286e-06,4.88723859795286e-06,4.88723859795286e-06,4.88723859795286e-06,0.0
1736991060.0,4.88723859795286e-06,5.13886364205089e-06,4.88723859795286e-06,5.13886364205089e-06,203.75151795472
1736991120.0,5.13886364205089e-06,5.13886364205089e-06,5.13886364205089e-06,5.13886364205089e-06,0.0
1736991180.0,5.13886364205089e-06,5.13886364205089e-06,5.13886364205089e-06,5.13886364205089e-06,0.0
1736991240.0,5.13886364205089e-06,5.13886364205089e-06,5.13886364205089e-06,5.13886364205089e-06,0.0
1736991300.0,5.13886364205089e-06,5.36262114374715e-06,5.13886364205089e-06,5.36043125465351e-06,1.78017785134
1736991360.0,5.36043125465351e-06,5.36043125465351e-06,5.36043125465351e-06,5.36043125465351e-06,0.0
1736991420.0,5.36043125465351e-06,5.36043125465351e-06,5.36043125465351e-06,5.36043125465351e-06,0.0
1736991480.0,5.36043125465351e-06,5.36043125465351e-06,5.36043125465351e-06,5.36043125465351e-06,0.0
1736991540.0,5.36043125465351e-06,5.36043125465351e-06,5.36043125465351e-06,5.36043125465351e-06,0.0
1736991600.0,5.36043125465351e-06,5.36043125465351e-06,5.36043125465351e-06,5.36043125465351e-06,0.0
1736991660.0,5.36043125465351e-06,5.36043125465351e-06,5.1733029696145e-06,5.1733029696145e-06,153.38397793824
1736991720.0,5.1733029696145e-06,5.1733029696145e-06,4.98470989197793e-06,4.98470989197793e-06,3.5489443059
1736991780.0,4.98470989197793e-06,4.98470989197793e-06,4.97650838988808e-06,4.97650838988808e-06,0.01389343686
1736991840.0,4.97650838988808e-06,4.97650838988808e-06,4.97650838988808e-06,4.97650838988808e-06,0.0
1736991900.0,4.97650838988808e-06,4.97650838988808e-06,4.97650838988808e-06,4.97650838988808e-06,0.0
1736991960.0,4.97650838988808e-06,4.97650838988808e-06,4.97650838988808e-06,4.97650838988808e-06,0.0
1736992020.0,4.97650838988808e-06,4.97650838988808e-06,4.97650838988808e-06,4.97650838988808e-06,0.0
1736992080.0,4.97650838988808e-06,4.97650838988808e-06,4.97650838988808e-06,4.97650838988808e-06,0.0
1736992140.0,4.97650838988808e-06,4.97650838988808e-06,4.97650838988808e-06,4.97650838988808e-06,0.0
1736992200.0,4.97650838988808e-06,4.97650838988808e-06,4.97650838988808e-06,4.97650838988808e-06,0.0
1736992260.0,4.97650838988808e-06,4.97650838988808e-06,4.97650838988808e-06,4.97650838988808e-06,0.0
1736992320.0,4.97650838988808e-06,4.97650838988808e-06,4.97650838988808e-06,4.97650838988808e-06,0.0
1736992380.0,4.97650838988808e-06,4.97650838988808e-06,4.97650838988808e-06,4.97650838988808e-06,0.0
1736992440.0,4.97650838988808e-06,4.97650838988808e-06,4.97650838988808e-06,4.97650838988808e-06,0.0
1736992500.0,4.97650838988808e-06,4.97650838988808e-06,4.97650838988808e-06,4.97650838988808e-06,0.0
1736992560.0,4.97650838988808e-06,4.97650838988808e-06,4.97650838988808e-06,4.97650838988808e-06,0.0
1736992620.0,4.97650838988808e-06,4.97650838988808e-06,4.97650838988808e-06,4.97650838988808e-06,0.0
1736992680.0,4.97650838988808e-06,4.97650838988808e-06,4.97650838988808e-06,4.97650838988808e-06,0.0
1736992740.0,4.97650838988808e-06,4.97650838988808e-06,4.97650838988808e-06,4.97650838988808e-06,0.0
1736992800.0,4.97650838988808e-06,4.97650838988808e-06,4.97650838988808e-06,4.97650838988808e-06,0.0
1736992860.0,4.97650838988808e-06,4.97650838988808e-06,4.97650838988808e-06,4.97650838988808e-06,0.0
1736992920.0,4.97650838988808e-06,4.97650838988808e-06,4.97650838988808e-06,4.97650838988808e-06,0.0
1736992980.0,4.97650838988808e-06,4.97650838988808e-06,4.97650838988808e-06,4.97650838988808e-06,0.0
1736993040.0,4.97650838988808e-06,4.97650838988808e-06,4.97650838988808e-06,4.97650838988808e-06,0.0
1736993100.0,4.97650838988808e-06,4.97650838988808e-06,4.97650838988808e-06,4.97650838988808e-06,0.0
1736993160.0,4.97650838988808e-06,4.97650838988808e-06,4.97000804010475e-06,4.97000804010475e-06,5.09309491968
1736993220.0,4.97000804010475e-06,4.97000804010475e-06,4.97000804010475e-06,4.97000804010475e-06,0.0
1736993280.0,4.97000804010475e-06,4.97000804010475e-06,4.95830710327247e-06,4.95830710327247e-06,2.2955431104
1736993340.0,4.95830710327247e-06,4.95830710327247e-06,4.95830710327247e-06,4.95830710327247e-06,0.0
1736993400.0,4.95830710327247e-06,4.95830710327247e-06,4.94750020085388e-06,4.94750020085388e-06,3.32420628364
1736993460.0,4.94750020085388e-06,4.94750020085388e-06,4.94750020085388e-06,4.94750020085388e-06,0.0
1736993520.0,4.94750020085388e-06,4.94750020085388e-06,4.94750020085388e-06,4.94750020085388e-06,0.0
1736993580.0,4.94750020085388e-06,4.94750020085388e-06,4.94750020085388e-06,4.94750020085388e-06,0.0
1736993640.0,4.94750020085388e-06,4.94750020085388e-06,4.94750020085388e-06,4.94750020085388e-06,0.0
1736993700.0,4.94750020085388e-06,4.94750020085388e-06,4.94750020085388e-06,4.94750020085388e-06,0.0
1736993760.0,4.94750020085388e-06,4.94750020085388e-06,4.94750020085388e-06,4.94750020085388e-06,0.0
1736993820.0,4.94750020085388e-06,4.94750020085388e-06,4.93499793263978e-06,4.93499793263978e-06,0.24150077856
1736993880.0,4.93499793263978e-06,4.93499793263978e-06,4.93499793263978e-06,4.93499793263978e-06,0.0
1736993940.0,4.93499793263978e-06,4.93499793263978e-06,4.93499793263978e-06,4.93499793263978e-06,0.0
1736994000.0,4.93499793263978e-06,4.93499793263978e-06,4.93499793263978e-06,4.93499793263978e-06,0.0
1736994060.0,4.93499793263978e-06,4.93499793263978e-06,4.93499793263978e-06,4.93499793263978e-06,0.0
1736994120.0,4.93499793263978e-06,4.93499793263978e-06,4.93499793263978e-06,4.93499793263978e-06,0.0
1736994180.0,4.93499793263978e-06,4.93499793263978e-06,4.93499793263978e-06,4.93499793263978e-06,0.0
1736994240.0,4.93499793263978e-06,4.93499793263978e-06,4.93499793263978e-06,4.93499793263978e-06,0.0
1736994300.0,4.93499793263978e-06,4.93499793263978e-06,4.93499793263978e-06,4.93499793263978e-06,0.0
1736994360.0,4.93499793263978e-06,4.93499793263978e-06,4.93499793263978e-06,4.93499793263978e-06,0.0
1736994420.0,4.93499793263978e-06,4.93499793263978e-06,4.93499793263978e-06,4.93499793263978e-06,0.0
1736994480.0,4.93499793263978e-06,4.93499793263978e-06,4.93499793263978e-06,4.93499793263978e-06,0.0
1736994540.0,4.93499793263978e-06,4.93499793263978e-06,4.93499793263978e-06,4.93499793263978e-06,0.0
1736994600.0,4.93499793263978e-06,4.93499793263978e-06,4.93499793263978e-06,4.93499793263978e-06,0.0
1736994660.0,4.93499793263978e-06,4.93499793263978e-06,4.93499793263978e-06,4.93499793263978e-06,0.0
1736994720.0,4.93499793263978e-06,4.93499793263978e-06,4.93499793263978e-06,4.93499793263978e-06,0.0
1736994780.0,4.93499793263978e-06,4.93499793263978e-06,4.93499793263978e-06,4.93499793263978e-06,0.0
1736994840.0,4.93499793263978e-06,4.93499793263978e-06,4.93499793263978e-06,4.93499793263978e-06,0.0
1736994900.0,4.93499793263978e-06,4.93848181304779e-06,4.93499793263978e-06,4.93848181304779e-06,0.10287345505
1736994960.0,4.93848181304779e-06,4.93848181304779e-06,4.93848181304779e-06,4.93848181304779e-06,0.0
1736995020.0,4.93848181304779e-06,4.93848181304779e-06,4.93848181304779e-06,4.93848181304779e-06,0.0
1736995080.0,4.93848181304779e-06,4.93848181304779e-06,4.90735637969244e-06,4.90735637969244e-06,15.1172193864
1736995140.0,4.90735637969244e-06,4.90735637969244e-06,4.90735637969244e-06,4.90735637969244e-06,0.0
1736995200.0,4.90735637969244e-06,4.90735637969244e-06,4.90735637969244e-06,4.90735637969244e-06,0.0
1736995260.0,4.90735637969244e-06,4.90735637969244e-06,4.90735637969244e-06,4.90735637969244e-06,0.0
1736995320.0,4.90735637969244e-06,4.90735637969244e-06,4.90735637969244e-06,4.90735637969244e-06,0.0
1736995380.0,4.90735637969244e-06,4.90735637969244e-06,4.90735637969244e-06,4.90735637969244e-06,0.0
1736995440.0,4.90735637969244e-06,4.90735637969244e-06,4.90735637969244e-06,4.90735637969244e-06,0.0
1736995500.0,4.90735637969244e-06,4.90735637969244e-06,4.90735637969244e-06,4.90735637969244e-06,0.0
1736995560.0,4.90735637969244e-06,4.90735637969244e-06,4.90735637969244e-06,4.90735637969244e-06,0.0
1736995620.0,4.90735637969244e-06,4.90735637969244e-06,4.90735637969244e-06,4.90735637969244e-06,0.0
1736995680.0,4.90735637969244e-06,4.90735637969244e-06,4.89244393876568e-06,4.89244393876568e-06,2.44138188775
1736995740.0,4.89244393876568e-06,4.89244393876568e-06,4.89244393876568e-06,4.89244393876568e-06,0.0
1736995800.0,4.89244393876568e-06,4.89244393876568e-06,4.89244393876568e-06,4.89244393876568e-06,0.0
1736995860.0,4.89244393876568e-06,4.89244393876568e-06,4.89244393876568e-06,4.89244393876568e-06,0.0
1736995920.0,4.89244393876568e-06,4.89244393876568e-06,4.89244393876568e-06,4.89244393876568e-06,0.0
1736995980.0,4.89244393876568e-06,4.89244393876568e-06,4.89244393876568e-06,4.89244393876568e-06,0.0
1736996040.0,4.89244393876568e-06,4.89244393876568e-06,4.89244393876568e-06,4.89244393876568e-06,0.0
1736996100.0,4.89244393876568e-06,4.89244393876568e-06,4.89244393876568e-06,4.89244393876568e-06,0.0
1736996160.0,4.89244393876568e-06,4.89244393876568e-06,4.89244393876568e-06,4.89244393876568e-06,0.0
1736996220.0,4.89244393876568e-06,4.89244393876568e-06,4.89244393876568e-06,4.89244393876568e-06,0.0
1736996280.0,4.89244393876568e-06,4.89244393876568e-06,4.89244393876568e-06,4.89244393876568e-06,0.0
1736996340.0,4.89244393876568e-06,4.89244393876568e-06,4.89244393876568e-06,4.89244393876568e-06,0.0
1736996400.0,4.89244393876568e-06,4.89244393876568e-06,4.89244393876568e-06,4.89244393876568e-06,0.0
1736996460.0,4.89244393876568e-06,4.89244393876568e-06,4.89244393876568e-06,4.89244393876568e-06,0.0
1736996520.0,4.89244393876568e-06,4.89244393876568e-06,4.89244393876568e-06,4.89244393876568e-06,0.0
1736996580.0,4.89244393876568e-06,4.89244393876568e-06,4.89244393876568e-06,4.89244393876568e-06,0.0
1736996640.0,4.89244393876568e-06,4.89244393876568e-06,4.89244393876568e-06,4.89244393876568e-06,0.0
1736996700.0,4.89244393876568e-06,4.89244393876568e-06,4.89244393876568e-06,4.89244393876568e-06,0.0
1736996760.0,4.89244393876568e-06,4.89244393876568e-06,4.89244393876568e-06,4.89244393876568e-06,0.0
1736996820.0,4.89244393876568e-06,4.89244393876568e-06,4.89244393876568e-06,4.89244393876568e-06,0.0
1736996880.0,4.89244393876568e-06,4.89244393876568e-06,4.89244393876568e-06,4.89244393876568e-06,0.0
1736996940.0,4.89244393876568e-06,4.89244393876568e-06,4.89244393876568e-06,4.89244393876568e-06,0.0
1736997000.0,4.89244393876568e-06,4.89244393876568e-06,4.89244393876568e-06,4.89244393876568e-06,0.0
1736997060.0,4.89244393876568e-06,4.89244393876568e-06,4.89244393876568e-06,4.89244393876568e-06,0.0
1736997120.0,4.89244393876568e-06,4.89244393876568e-06,4.89244393876568e-06,4.89244393876568e-06,0.0
1736997180.0,4.89244393876568e-06,4.89244393876568e-06,4.89244393876568e-06,4.89244393876568e-06,0.0
1736997240.0,4.89244393876568e-06,4.89244393876568e-06,4.89244393876568e-06,4.89244393876568e-06,0.0
1736997300.0,4.89244393876568e-06,4.89244393876568e-06,4.89244393876568e-06,4.89244393876568e-06,0.0
1736997360.0,4.89244393876568e-06,4.89244393876568e-06,4.89244393876568e-06,4.89244393876568e-06,0.0
1736997420.0,4.89244393876568e-06,4.89244393876568e-06,4.89244393876568e-06,4.89244393876568e-06,0.0
1736997480.0,4.89244393876568e-06,4.89244393876568e-06,4.89244393876568e-06,4.89244393876568e-06,0.0
1736997540.0,4.89244393876568e-06,4.89244393876568e-06,4.89244393876568e-06,4.89244393876568e-06,0.0
1736997600.0,4.89244393876568e-06,4.89244393876568e-06,4.89244393876568e-06,4.89244393876568e-06,0.0
1736997660.0,4.89244393876568e-06,4.89244393876568e-06,4.89244393876568e-06,4.89244393876568e-06,0.0
1736997720.0,4.89244393876568e-06,4.89244393876568e-06,4.89244393876568e-06,4.89244393876568e-06,0.0
1736997780.0,4.89244393876568e-06,4.89244393876568e-06,4.89244393876568e-06,4.89244393876568e-06,0.0
1736997840.0,4.89244393876568e-06,4.89244393876568e-06,4.89244393876568e-06,4.89244393876568e-06,0.0
1736997900.0,4.89244393876568e-06,4.89244393876568e-06,4.89244393876568e-06,4.89244393876568e-06,0.0
1736997960.0,4.89244393876568e-06,4.89244393876568e-06,4.89244393876568e-06,4.89244393876568e-06,0.0
1736998020.0,4.89244393876568e-06,4.89244393876568e-06,4.89244393876568e-06,4.89244393876568e-06,0.0
1736998080.0,4.89244393876568e-06,4.89244393876568e-06,4.89244393876568e-06,4.89244393876568e-06,0.0
1736998140.0,4.89244393876568e-06,4.89244393876568e-06,4.89244393876568e-06,4.89244393876568e-06,0.0
1736998200.0,4.89244393876568e-06,4.89244393876568e-06,4.89244393876568e-06,4.89244393876568e-06,0.0
1736998260.0,4.89244393876568e-06,4.89244393876568e-06,4.89244393876568e-06,4.89244393876568e-06,0.0
1736998320.0,4.89244393876568e-06,4.89244393876568e-06,4.89244393876568e-06,4.89244393876568e-06,0.0
1736998380.0,4.89244393876568e-06,4.89244393876568e-06,4.89244393876568e-06,4.89244393876568e-06,0.0
1736998440.0,4.89244393876568e-06,4.89244393876568e-06,4.89244393876568e-06,4.89244393876568e-06,0.0
1736998500.0,4.89244393876568e-06,4.89244393876568e-06,4.89244393876568e-06,4.89244393876568e-06,0.0
1736998560.0,4.89244393876568e-06,4.89244393876568e-06,4.89244393876568e-06,4.89244393876568e-06,0.0
1736998620.0,4.89244393876568e-06,4.89244393876568e-06,4.89244393876568e-06,4.89244393876568e-06,0.0
1736998680.0,4.89244393876568e-06,4.89244393876568e-06,4.89244393876568e-06,4.89244393876568e-06,0.0
1736998740.0,4.89244393876568e-06,4.89244393876568e-06,4.89244393876568e-06,4.89244393876568e-06,0.0
1736998800.0,4.89244393876568e-06,4.89244393876568e-06,4.89244393876568e-06,4.89244393876568e-06,0.0
1736998860.0,4.89244393876568e-06,4.89244393876568e-06,4.89244393876568e-06,4.89244393876568e-06,0.0
1736998920.0,4.89244393876568e-06,4.89244393876568e-06,4.89244393876568e-06,4.89244393876568e-06,0.0
1736998980.0,4.89244393876568e-06,4.89244393876568e-06,4.89244393876568e-06,4.89244393876568e-06,0.0
1736999040.0,4.89244393876568e-06,4.89244393876568e-06,4.89244393876568e-06,4.89244393876568e-06,0.0
1736999100.0,4.89244393876568e-06,4.89244393876568e-06,4.89244393876568e-06,4.89244393876568e-06,0.0
1736999160.0,4.89244393876568e-06,4.89244393876568e-06,4.89244393876568e-06,4.89244393876568e-06,0.0
1736999220.0,4.89244393876568e-06,4.89244393876568e-06,4.89244393876568e-06,4.89244393876568e-06,0.0
1736999280.0,4.89244393876568e-06,4.89244393876568e-06,4.89244393876568e-06,4.89244393876568e-06,0.0
1736999340.0,4.89244393876568e-06,4.89244393876568e-06,4.87820812147862e-06,4.87820812147862e-06,1.2311751629
1736999400.0,4.87820812147862e-06,4.87820812147862e-06,4.87820812147862e-06,4.87820812147862e-06,0.0
1736999460.0,4.87820812147862e-06,4.87820812147862e-06,4.87820812147862e-06,4.87820812147862e-06,0.0
1736999520.0,4.87820812147862e-06,4.87820812147862e-06,4.87820812147862e-06,4.87820812147862e-06,0.0
1736999580.0,4.87820812147862e-06,4.87820812147862e-06,4.87820812147862e-06,4.87820812147862e-06,0.0
1736999640.0,4.87820812147862e-06,4.87820812147862e-06,4.87820812147862e-06,4.87820812147862e-06,0.0
1736999700.0,4.87820812147862e-06,4.87820812147862e-06,4.87820812147862e-06,4.87820812147862e-06,0.0
1736999760.0,4.87820812147862e-06,4.87820812147862e-06,4.87820812147862e-06,4.87820812147862e-06,0.0
1736999820.0,4.87820812147862e-06,4.87820812147862e-06,4.87820812147862e-06,4.87820812147862e-06,0.0
1736999880.0,4.87820812147862e-06,4.87820812147862e-06,4.87820812147862e-06,4.87820812147862e-06,0.0
1736999940.0,4.87820812147862e-06,4.87820812147862e-06,4.87820812147862e-06,4.87820812147862e-06,0.0
1737000000.0,4.87820812147862e-06,4.87820812147862e-06,4.87820812147862e-06,4.87820812147862e-06,0.0
1737000060.0,4.87820812147862e-06,4.87820812147862e-06,4.87820812147862e-06,4.87820812147862e-06,0.0
1737000120.0,4.87820812147862e-06,4.87820812147862e-06,4.86897256893736e-06,4.86897256893736e-06,0.47625495124
1737000180.0,4.86897256893736e-06,4.86897256893736e-06,4.86897256893736e-06,4.86897256893736e-06,0.0
1737000240.0,4.86897256893736e-06,4.86897256893736e-06,4.86897256893736e-06,4.86897256893736e-06,0.0
1737000300.0,4.86897256893736e-06,4.86897256893736e-06,4.86897256893736e-06,4.86897256893736e-06,0.0
1737000360.0,4.86897256893736e-06,4.86897256893736e-06,4.86897256893736e-06,4.86897256893736e-06,0.0
1737000420.0,4.86897256893736e-06,4.86897256893736e-06,4.86897256893736e-06,4.86897256893736e-06,0.0
1737000480.0,4.86897256893736e-06,4.86897256893736e-06,4.86897256893736e-06,4.86897256893736e-06,0.0
1737000540.0,4.86897256893736e-06,4.86897256893736e-06,4.86897256893736e-06,4.86897256893736e-06,0.0
1737000600.0,4.86897256893736e-06,4.86897256893736e-06,4.86897256893736e-06,4.86897256893736e-06,0.0
1737000660.0,4.86897256893736e-06,4.86897256893736e-06,4.86897256893736e-06,4.86897256893736e-06,0.0
1737000720.0,4.86897256893736e-06,4.86897256893736e-06,4.86897256893736e-06,4.86897256893736e-06,0.0
1737000780.0,4.86897256893736e-06,4.86897256893736e-06,4.86897256893736e-06,4.86897256893736e-06,0.0
1737000840.0,4.86897256893736e-06,4.86897256893736e-06,4.86897256893736e-06,4.86897256893736e-06,0.0
1737000900.0,4.86897256893736e-06,4.86897256893736e-06,4.86897256893736e-06,4.86897256893736e-06,0.0
1737000960.0,4.86897256893736e-06,4.86897256893736e-06,4.86897256893736e-06,4.86897256893736e-06,0.0
1737001020.0,4.86897256893736e-06,4.86897256893736e-06,4.86897256893736e-06,4.86897256893736e-06,0.0
1737001080.0,4.86897256893736e-06,4.86897256893736e-06,4.86897256893736e-06,4.86897256893736e-06,0.0
1737001140.0,4.86897256893736e-06,4.86897256893736e-06,4.86897256893736e-06,4.86897256893736e-06,0.0
1737001200.0,4.86897256893736e-06,4.86897256893736e-06,4.86897256893736e-06,4.86897256893736e-06,0.0
1737001260.0,4.86897256893736e-06,4.86897256893736e-06,4.86897256893736e-06,4.86897256893736e-06,0.0
1737001320.0,4.86897256893736e-06,4.86897256893736e-06,4.86897256893736e-06,4.86897256893736e-06,0.0
1737001380.0,4.86897256893736e-06,4.86897256893736e-06,4.86897256893736e-06,4.86897256893736e-06,0.0
1737001440.0,4.86897256893736e-06,4.86897256893736e-06,4.86897256893736e-06,4.86897256893736e-06,0.0
1737001500.0,4.86897256893736e-06,4.86897256893736e-06,4.86897256893736e-06,4.86897256893736e-06,0.0
1737001560.0,4.86897256893736e-06,4.86897256893736e-06,4.86897256893736e-06,4.86897256893736e-06,0.0
1737001620.0,4.86897256893736e-06,4.86897256893736e-06,4.86897256893736e-06,4.86897256893736e-06,0.0
1737001680.0,4.86897256893736e-06,4.86897256893736e-06,4.86897256893736e-06,4.86897256893736e-06,0.0
1737001740.0,4.86897256893736e-06,4.86897256893736e-06,4.86897256893736e-06,4.86897256893736e-06,0.0
1737001800.0,4.86897256893736e-06,4.86897256893736e-06,4.86897256893736e-06,4.86897256893736e-06,0.0
1737001860.0,4.86897256893736e-06,4.86897256893736e-06,4.86897256893736e-06,4.86897256893736e-06,0.0
1737001920.0,4.86897256893736e-06,4.86897256893736e-06,4.86897256893736e-06,4.86897256893736e-06,0.0
1737001980.0,4.86897256893736e-06,4.86897256893736e-06,4.86897256893736e-06,4.86897256893736e-06,0.0
1737002040.0,4.86897256893736e-06,4.86897256893736e-06,4.86897256893736e-06,4.86897256893736e-06,0.0
1737002100.0,4.86897256893736e-06,4.86897256893736e-06,4.86897256893736e-06,4.86897256893736e-06,0.0
1737002160.0,4.86897256893736e-06,4.88788697149674e-06,4.86897256893736e-06,4.88788697149674e-06,1.33794958151
1737002220.0,4.88788697149674e-06,4.88788697149674e-06,4.88788697149674e-06,4.88788697149674e-06,0.0
1737002280.0,4.88788697149674e-06,4.88788697149674e-06,4.88788697149674e-06,4.88788697149674e-06,0.0
1737002340.0,4.88788697149674e-06,4.88788697149674e-06,4.88788697149674e-06,4.88788697149674e-06,0.0
1737002400.0,4.88788697149674e-06,4.88788697149674e-06,4.88788697149674e-06,4.88788697149674e-06,0.0
1737002460.0,4.88788697149674e-06,4.88788697149674e-06,4.88788697149674e-06,4.88788697149674e-06,0.0
1737002520.0,4.88788697149674e-06,4.88788697149674e-06,4.88788697149674e-06,4.88788697149674e-06,0.0
1737002580.0,4.88788697149674e-06,4.88788697149674e-06,4.88788697149674e-06,4.88788697149674e-06,0.0
1737002640.0,4.88788697149674e-06,4.88788697149674e-06,4.88788697149674e-06,4.88788697149674e-06,0.0
1737002700.0,4.88788697149674e-06,4.88788697149674e-06,4.88788697149674e-06,4.88788697149674e-06,0.0
1737002760.0,4.88788697149674e-06,4.88788697149674e-06,4.88788697149674e-06,4.88788697149674e-06,0.0
1737002820.0,4.88788697149674e-06,4.88788697149674e-06,4.88788697149674e-06,4.88788697149674e-06,0.0
1737002880.0,4.88788697149674e-06,4.88788697149674e-06,4.88788697149674e-06,4.88788697149674e-06,0.0
1737002940.0,4.88788697149674e-06,4.88788697149674e-06,4.88788697149674e-06,4.88788697149674e-06,0.0
1737003000.0,4.88788697149674e-06,4.88788697149674e-06,4.88788697149674e-06,4.88788697149674e-06,0.0
1737003060.0,4.88788697149674e-06,4.88788697149674e-06,4.88788697149674e-06,4.88788697149674e-06,0.0
1737003120.0,4.88788697149674e-06,4.88788697149674e-06,4.88788697149674e-06,4.88788697149674e-06,0.0
1737003180.0,4.88788697149674e-06,4.88788697149674e-06,4.88788697149674e-06,4.88788697149674e-06,0.0
1737003240.0,4.88788697149674e-06,4.88788697149674e-06,4.88788697149674e-06,4.88788697149674e-06,0.0
1737003300.0,4.88788697149674e-06,4.88788697149674e-06,4.88788697149674e-06,4.88788697149674e-06,0.0
1737003360.0,4.88788697149674e-06,4.88788697149674e-06,4.88788697149674e-06,4.88788697149674e-06,0.0
1737003420.0,4.88788697149674e-06,4.88788697149674e-06,4.88788697149674e-06,4.88788697149674e-06,0.0
1737003480.0,4.88788697149674e-06,4.88788697149674e-06,4.88788697149674e-06,4.88788697149674e-06,0.0
1737003540.0,4.88788697149674e-06,4.88788697149674e-06,4.88788697149674e-06,4.88788697149674e-06,0.0
1737003600.0,4.88788697149674e-06,4.88788697149674e-06,4.88788697149674e-06,4.88788697149674e-06,0.0
1737003660.0,4.88788697149674e-06,4.88788697149674e-06,4.84766137739471e-06,4.84766137739471e-06,12.91585261088
1737003720.0,4.84766137739471e-06,4.84766137739471e-06,4.84766137739471e-06,4.84766137739471e-06,0.0
1737003780.0,4.84766137739471e-06,4.84766137739471e-06,4.84766137739471e-06,4.84766137739471e-06,0.0
1737003840.0,4.84766137739471e-06,4.84766137739471e-06,4.84766137739471e-06,4.84766137739471e-06,0.0
1737003900.0,4.84766137739471e-06,4.84766137739471e-06,4.84766137739471e-06,4.84766137739471e-06,0.0
1737003960.0,4.84766137739471e-06,4.84766137739471e-06,4.84766137739471e-06,4.84766137739471e-06,0.0
1737004020.0,4.84766137739471e-06,4.84766137739471e-06,4.84766137739471e-06,4.84766137739471e-06,0.0
1737004080.0,4.84766137739471e-06,4.84766137739471e-06,4.84766137739471e-06,4.84766137739471e-06,0.0
1737004140.0,4.84766137739471e-06,4.84766137739471e-06,4.84766137739471e-06,4.84766137739471e-06,0.0
1737004200.0,4.84766137739471e-06,4.84766137739471e-06,4.83470560456096e-06,4.83470560456096e-06,0.113632407
1737004260.0,4.83470560456096e-06,4.83470560456096e-06,4.83470560456096e-06,4.83470560456096e-06,0.0
1737004320.0,4.83470560456096e-06,4.83470560456096e-06,4.83470560456096e-06,4.83470560456096e-06,0.0
1737004380.0,4.83470560456096e-06,4.83470560456096e-06,4.83470560456096e-06,4.83470560456096e-06,0.0
1737004440.0,4.83470560456096e-06,4.83470560456096e-06,4.83470560456096e-06,4.83470560456096e-06,0.0
1737004500.0,4.83470560456096e-06,4.83470560456096e-06,4.83470560456096e-06,4.83470560456096e-06,0.0
1737004560.0,4.83470560456096e-06,4.83470560456096e-06,4.83470560456096e-06,4.83470560456096e-06,0.0
1737004620.0,4.83470560456096e-06,4.83470560456096e-06,4.83470560456096e-06,4.83470560456096e-06,0.0
1737004680.0,4.83470560456096e-06,4.83470560456096e-06,4.83470560456096e-06,4.83470560456096e-06,0.0
1737004740.0,4.83470560456096e-06,4.83470560456096e-06,4.83470560456096e-06,4.83470560456096e-06,0.0
1737004800.0,4.83470560456096e-06,4.83470560456096e-06,4.83470560456096e-06,4.83470560456096e-06,0.0
1737004860.0,4.83470560456096e-06,4.83470560456096e-06,4.83470560456096e-06,4.83470560456096e-06,0.0
1737004920.0,4.83470560456096e-06,4.83470560456096e-06,4.83470560456096e-06,4.83470560456096e-06,0.0
1737004980.0,4.83470560456096e-06,4.83470560456096e-06,4.83470560456096e-06,4.83470560456096e-06,0.0
1737005040.0,4.83470560456096e-06,4.83470560456096e-06,4.83470560456096e-06,4.83470560456096e-06,0.0
1737005100.0,4.83470560456096e-06,4.83470560456096e-06,4.83470560456096e-06,4.83470560456096e-06,0.0
1737005160.0,4.83470560456096e-06,4.83470560456096e-06,4.83470560456096e-06,4.83470560456096e-06,0.0
1737005220.0,4.83470560456096e-06,4.83470560456096e-06,4.83470560456096e-06,4.83470560456096e-06,0.0
1737005280.0,4.83470560456096e-06,4.83470560456096e-06,4.83470560456096e-06,4.83470560456096e-06,0.0
1737005340.0,4.83470560456096e-06,4.83470560456096e-06,4.83470560456096e-06,4.83470560456096e-06,0.0
1737005400.0,4.83470560456096e-06,4.83470560456096e-06,4.83470560456096e-06,4.83470560456096e-06,0.0
1737005460.0,4.83470560456096e-06,4.83470560456096e-06,4.83470560456096e-06,4.83470560456096e-06,0.0
1737005520.0,4.83470560456096e-06,4.83470560456096e-06,4.83470560456096e-06,4.83470560456096e-06,0.0
1737005580.0,4.83470560456096e-06,4.83470560456096e-06,4.83470560456096e-06,4.83470560456096e-06,0.0
1737005640.0,4.83470560456096e-06,4.83470560456096e-06,4.83470560456096e-06,4.83470560456096e-06,0.0
1737005700.0,4.83470560456096e-06,4.83470560456096e-06,4.83470560456096e-06,4.83470560456096e-06,0.0
1737005760.0,4.83470560456096e-06,4.86301986154212e-06,4.83470560456096e-06,4.86301986154212e-06,0.26215130874
1737005820.0,4.86301986154212e-06,4.86301986154212e-06,4.86301986154212e-06,4.86301986154212e-06,0.0
1737005880.0,4.86301986154212e-06,4.86301986154212e-06,4.86301986154212e-06,4.86301986154212e-06,0.0
1737005940.0,4.86301986154212e-06,4.86301986154212e-06,4.86301986154212e-06,4.86301986154212e-06,0.0
1737006000.0,4.86301986154212e-06,4.86301986154212e-06,4.86301986154212e-06,4.86301986154212e-06,0.0
1737006060.0,4.86301986154212e-06,4.86301986154212e-06,4.86301986154212e-06,4.86301986154212e-06,0.0
1737006120.0,4.86301986154212e-06,4.86301986154212e-06,4.86301986154212e-06,4.86301986154212e-06,0.0
1737006180.0,4.86301986154212e-06,4.86301986154212e-06,4.86301986154212e-06,4.86301986154212e-06,0.0
1737006240.0,4.86301986154212e-06,4.86301986154212e-06,4.86301986154212e-06,4.86301986154212e-06,0.0
1737006300.0,4.86301986154212e-06,4.86301986154212e-06,4.86301986154212e-06,4.86301986154212e-06,0.0
1737006360.0,4.86301986154212e-06,4.86301986154212e-06,4.86301986154212e-06,4.86301986154212e-06,0.0
1737006420.0,4.86301986154212e-06,4.86301986154212e-06,4.86301986154212e-06,4.86301986154212e-06,0.0
1737006480.0,4.86301986154212e-06,4.8909772425449e-06,4.86301986154212e-06,4.8909772425449e-06,6.75311383816
1737006540.0,4.8909772425449e-06,4.8909772425449e-06,4.86587229420629e-06,4.86587229420629e-06,6.71862984468
1737006600.0,4.86587229420629e-06,4.86587229420629e-06,4.86587229420629e-06,4.86587229420629e-06,0.0
1737006660.0,4.86587229420629e-06,4.86587229420629e-06,4.86587229420629e-06,4.86587229420629e-06,0.0
1737006720.0,4.86587229420629e-06,4.86587229420629e-06,4.86587229420629e-06,4.86587229420629e-06,0.0
1737006780.0,4.86587229420629e-06,4.86587229420629e-06,4.86587229420629e-06,4.86587229420629e-06,0.0
1737006840.0,4.86587229420629e-06,4.86587229420629e-06,4.86587229420629e-06,4.86587229420629e-06,0.0
1737006900.0,4.86587229420629e-06,4.86587229420629e-06,4.86587229420629e-06,4.86587229420629e-06,0.0
1737006960.0,4.86587229420629e-06,4.86587229420629e-06,4.86587229420629e-06,4.86587229420629e-06,0.0
1737007020.0,4.86587229420629e-06,4.86587229420629e-06,4.86587229420629e-06,4.86587229420629e-06,0.0
1737007080.0,4.86587229420629e-06,4.86587229420629e-06,4.86587229420629e-06,4.86587229420629e-06,0.0
1737007140.0,4.86587229420629e-06,4.86587229420629e-06,4.86587229420629e-06,4.86587229420629e-06,0.0
1737007200.0,4.86587229420629e-06,4.86587229420629e-06,4.86587229420629e-06,4.86587229420629e-06,0.0
1737007260.0,4.86587229420629e-06,4.86587229420629e-06,4.86587229420629e-06,4.86587229420629e-06,0.0
1737007320.0,4.86587229420629e-06,4.86587229420629e-06,4.86587229420629e-06,4.86587229420629e-06,0.0
1737007380.0,4.86587229420629e-06,4.86587229420629e-06,4.86587229420629e-06,4.86587229420629e-06,0.0
1737007440.0,4.86587229420629e-06,4.86587229420629e-06,4.86587229420629e-06,4.86587229420629e-06,0.0
1737007500.0,4.86587229420629e-06,4.86587229420629e-06,4.86587229420629e-06,4.86587229420629e-06,0.0
1737007560.0,4.86587229420629e-06,4.86587229420629e-06,4.86587229420629e-06,4.86587229420629e-06,0.0
1737007620.0,4.86587229420629e-06,4.86587229420629e-06,4.86587229420629e-06,4.86587229420629e-06,0.0
1737007680.0,4.86587229420629e-06,4.86587229420629e-06,4.86587229420629e-06,4.86587229420629e-06,0.0
1737007740.0,4.86587229420629e-06,4.86587229420629e-06,4.86587229420629e-06,4.86587229420629e-06,0.0
1737007800.0,4.86587229420629e-06,4.86587229420629e-06,4.86587229420629e-06,4.86587229420629e-06,0.0
1737007860.0,4.86587229420629e-06,4.86587229420629e-06,4.86587229420629e-06,4.86587229420629e-06,0.0
1737007920.0,4.86587229420629e-06,4.86587229420629e-06,4.86587229420629e-06,4.86587229420629e-06,0.0
1737007980.0,4.86587229420629e-06,4.86587229420629e-06,4.86587229420629e-06,4.86587229420629e-06,0.0
1737008040.0,4.86587229420629e-06,4.86587229420629e-06,4.86587229420629e-06,4.86587229420629e-06,0.0
1737008100.0,4.86587229420629e-06,4.86587229420629e-06,4.86587229420629e-06,4.86587229420629e-06,0.0
1737008160.0,4.86587229420629e-06,4.86587229420629e-06,4.86587229420629e-06,4.86587229420629e-06,0.0
1737008220.0,4.86587229420629e-06,4.86587229420629e-06,4.86587229420629e-06,4.86587229420629e-06,0.0
1737008280.0,4.86587229420629e-06,4.86587229420629e-06,4.86587229420629e-06,4.86587229420629e-06,0.0
1737008340.0,4.86587229420629e-06,4.86587229420629e-06,4.86587229420629e-06,4.86587229420629e-06,0.0
1737008400.0,4.86587229420629e-06,4.86587229420629e-06,4.86587229420629e-06,4.86587229420629e-06,0.0
1737008460.0,4.86587229420629e-06,4.86587229420629e-06,4.86587229420629e-06,4.86587229420629e-06,0.0
1737008520.0,4.86587229420629e-06,4.86587229420629e-06,4.86587229420629e-06,4.86587229420629e-06,0.0
1737008580.0,4.86587229420629e-06,4.86587229420629e-06,4.86587229420629e-06,4.86587229420629e-06,0.0
1737008640.0,4.86587229420629e-06,4.86587229420629e-06,4.86587229420629e-06,4.86587229420629e-06,0.0
1737008700.0,4.86587229420629e-06,4.86587229420629e-06,4.86587229420629e-06,4.86587229420629e-06,0.0
1737008760.0,4.86587229420629e-06,4.86587229420629e-06,4.86587229420629e-06,4.86587229420629e-06,0.0
1737008820.0,4.86587229420629e-06,4.86587229420629e-06,4.86587229420629e-06,4.86587229420629e-06,0.0
1737008880.0,4.86587229420629e-06,4.86587229420629e-06,4.86587229420629e-06,4.86587229420629e-06,0.0
1737008940.0,4.86587229420629e-06,4.86587229420629e-06,4.86587229420629e-06,4.86587229420629e-06,0.0
1737009000.0,4.86587229420629e-06,4.86587229420629e-06,4.86587229420629e-06,4.86587229420629e-06,0.0
1737009060.0,4.86587229420629e-06,4.86587229420629e-06,4.86587229420629e-06,4.86587229420629e-06,0.0
1737009120.0,4.86587229420629e-06,4.86587229420629e-06,4.86587229420629e-06,4.86587229420629e-06,0.0
1737009180.0,4.86587229420629e-06,4.86587229420629e-06,4.86587229420629e-06,4.86587229420629e-06,0.0
1737009240.0,4.86587229420629e-06,4.86587229420629e-06,4.86587229420629e-06,4.86587229420629e-06,0.0
1737009300.0,4.86587229420629e-06,4.86587229420629e-06,4.86587229420629e-06,4.86587229420629e-06,0.0
1737009360.0,4.86587229420629e-06,4.86587229420629e-06,4.86587229420629e-06,4.86587229420629e-06,0.0
1737009420.0,4.86587229420629e-06,4.86587229420629e-06,4.86587229420629e-06,4.86587229420629e-06,0.0
1737009480.0,4.86587229420629e-06,4.86587229420629e-06,4.86587229420629e-06,4.86587229420629e-06,0.0
1737009540.0,4.86587229420629e-06,4.86587229420629e-06,4.86587229420629e-06,4.86587229420629e-06,0.0
1737009600.0,4.86587229420629e-06,4.86587229420629e-06,4.86587229420629e-06,4.86587229420629e-06,0.0
1737009660.0,4.86587229420629e-06,4.86587229420629e-06,4.86587229420629e-06,4.86587229420629e-06,0.0
1737009720.0,4.86587229420629e-06,4.86587229420629e-06,4.86587229420629e-06,4.86587229420629e-06,0.0
1737009780.0,4.86587229420629e-06,4.86587229420629e-06,4.86587229420629e-06,4.86587229420629e-06,0.0
1737009840.0,4.86587229420629e-06,4.86587229420629e-06,4.86587229420629e-06,4.86587229420629e-06,0.0
1737009900.0,4.86587229420629e-06,4.86587229420629e-06,4.86587229420629e-06,4.86587229420629e-06,0.0
1737009960.0,4.86587229420629e-06,4.86587229420629e-06,4.86587229420629e-06,4.86587229420629e-06,0.0
1737010020.0,4.86587229420629e-06,4.86587229420629e-06,4.86587229420629e-06,4.86587229420629e-06,0.0
1737010080.0,4.86587229420629e-06,4.86587229420629e-06,4.86587229420629e-06,4.86587229420629e-06,0.0
1737010140.0,4.86587229420629e-06,4.86587229420629e-06,4.86587229420629e-06,4.86587229420629e-06,0.0
1737010200.0,4.86587229420629e-06,4.86587229420629e-06,4.86587229420629e-06,4.86587229420629e-06,0.0
1737010260.0,4.86587229420629e-06,4.86587229420629e-06,4.86587229420629e-06,4.86587229420629e-06,0.0
1737010320.0,4.86587229420629e-06,4.86587229420629e-06,4.86587229420629e-06,4.86587229420629e-06,0.0
1737010380.0,4.86587229420629e-06,4.86587229420629e-06,4.86587229420629e-06,4.86587229420629e-06,0.0
1737010440.0,4.86587229420629e-06,4.86587229420629e-06,4.86587229420629e-06,4.86587229420629e-06,0.0
1737010500.0,4.86587229420629e-06,4.86587229420629e-06,4.86587229420629e-06,4.86587229420629e-06,0.0
1737010560.0,4.86587229420629e-06,4.86587229420629e-06,4.86587229420629e-06,4.86587229420629e-06,0.0
1737010620.0,4.86587229420629e-06,4.86587229420629e-06,4.86587229420629e-06,4.86587229420629e-06,0.0
1737010680.0,4.86587229420629e-06,4.86587229420629e-06,4.86587229420629e-06,4.86587229420629e-06,0.0
1737010740.0,4.86587229420629e-06,4.86587229420629e-06,4.86587229420629e-06,4.86587229420629e-06,0.0
1737010800.0,4.86587229420629e-06,4.86587229420629e-06,4.86587229420629e-06,4.86587229420629e-06,0.0
1737010860.0,4.86587229420629e-06,4.86587229420629e-06,4.86587229420629e-06,4.86587229420629e-06,0.0
1737010920.0,4.86587229420629e-06,4.86587229420629e-06,4.86587229420629e-06,4.86587229420629e-06,0.0
1737010980.0,4.86587229420629e-06,4.86587229420629e-06,4.86587229420629e-06,4.86587229420629e-06,0.0
1737011040.0,4.86587229420629e-06,4.86587229420629e-06,4.86587229420629e-06,4.86587229420629e-06,0.0
1737011100.0,4.86587229420629e-06,4.86587229420629e-06,4.86587229420629e-06,4.86587229420629e-06,0.0
1737011160.0,4.86587229420629e-06,4.86587229420629e-06,4.86587229420629e-06,4.86587229420629e-06,0.0
1737011220.0,4.86587229420629e-06,4.86587229420629e-06,4.86587229420629e-06,4.86587229420629e-06,0.0
1737011280.0,4.86587229420629e-06,4.86587229420629e-06,4.86587229420629e-06,4.86587229420629e-06,0.0
1737011340.0,4.86587229420629e-06,4.86587229420629e-06,4.86587229420629e-06,4.86587229420629e-06,0.0
1737011400.0,4.86587229420629e-06,4.86587229420629e-06,4.86587229420629e-06,4.86587229420629e-06,0.0
1737011460.0,4.86587229420629e-06,4.86587229420629e-06,4.86587229420629e-06,4.86587229420629e-06,0.0
1737011520.0,4.86587229420629e-06,4.86587229420629e-06,4.86587229420629e-06,4.86587229420629e-06,0.0
1737011580.0,4.86587229420629e-06,4.86587229420629e-06,4.86587229420629e-06,4.86587229420629e-06,0.0
1737011640.0,4.86587229420629e-06,4.86587229420629e-06,4.86587229420629e-06,4.86587229420629e-06,0.0
1737011700.0,4.86587229420629e-06,4.86587229420629e-06,4.86587229420629e-06,4.86587229420629e-06,0.0
1737011760.0,4.86587229420629e-06,4.86587229420629e-06,4.86587229420629e-06,4.86587229420629e-06,0.0
1737011820.0,4.86587229420629e-06,4.86587229420629e-06,4.86587229420629e-06,4.86587229420629e-06,0.0
1737011880.0,4.86587229420629e-06,4.86587229420629e-06,4.86587229420629e-06,4.86587229420629e-06,0.0
1737011940.0,4.86587229420629e-06,4.86587229420629e-06,4.86587229420629e-06,4.86587229420629e-06,0.0
1737012000.0,4.86587229420629e-06,4.86587229420629e-06,4.86587229420629e-06,4.86587229420629e-06,0.0
1737012060.0,4.86587229420629e-06,4.86587229420629e-06,4.86587229420629e-06,4.86587229420629e-06,0.0
1737012120.0,4.86587229420629e-06,4.86587229420629e-06,4.86587229420629e-06,4.86587229420629e-06,0.0
1737012180.0,4.86587229420629e-06,4.86587229420629e-06,4.86587229420629e-06,4.86587229420629e-06,0.0
1737012240.0,4.86587229420629e-06,4.86587229420629e-06,4.86587229420629e-06,4.86587229420629e-06,0.0
1737012300.0,4.86587229420629e-06,4.86587229420629e-06,4.86587229420629e-06,4.86587229420629e-06,0.0
1737012360.0,4.86587229420629e-06,4.86587229420629e-06,4.86587229420629e-06,4.86587229420629e-06,0.0
1737012420.0,4.86587229420629e-06,4.86587229420629e-06,4.86587229420629e-06,4.86587229420629e-06,0.0
1737012480.0,4.86587229420629e-06,4.86587229420629e-06,4.86587229420629e-06,4.86587229420629e-06,0.0
1737012540.0,4.86587229420629e-06,4.86587229420629e-06,4.86587229420629e-06,4.86587229420629e-06,0.0
1737012600.0,4.86587229420629e-06,4.86587229420629e-06,4.86587229420629e-06,4.86587229420629e-06,0.0
1737012660.0,4.86587229420629e-06,4.86587229420629e-06,4.86587229420629e-06,4.86587229420629e-06,0.0
1737012720.0,4.86587229420629e-06,4.86587229420629e-06,4.86587229420629e-06,4.86587229420629e-06,0.0
1737012780.0,4.86587229420629e-06,4.86587229420629e-06,4.86587229420629e-06,4.86587229420629e-06,0.0
1737012840.0,4.86587229420629e-06,4.86587229420629e-06,4.86587229420629e-06,4.86587229420629e-06,0.0
1737012900.0,4.86587229420629e-06,4.86587229420629e-06,4.86587229420629e-06,4.86587229420629e-06,0.0
1737012960.0,4.86587229420629e-06,4.86587229420629e-06,4.86587229420629e-06,4.86587229420629e-06,0.0
1737013020.0,4.86587229420629e-06,4.86587229420629e-06,4.86587229420629e-06,4.86587229420629e-06,0.0
1737013080.0,4.86587229420629e-06,4.86587229420629e-06,4.86587229420629e-06,4.86587229420629e-06,0.0
1737013140.0,4.86587229420629e-06,4.86587229420629e-06,4.86587229420629e-06,4.86587229420629e-06,0.0
1737013200.0,4.86587229420629e-06,4.86587229420629e-06,4.86587229420629e-06,4.86587229420629e-06,0.0
1737013260.0,4.86587229420629e-06,4.86587229420629e-06,4.86587229420629e-06,4.86587229420629e-06,0.0
1737013320.0,4.86587229420629e-06,4.86587229420629e-06,4.86587229420629e-06,4.86587229420629e-06,0.0
1737013380.0,4.86587229420629e-06,4.86587229420629e-06,4.86587229420629e-06,4.86587229420629e-06,0.0
1737013440.0,4.86587229420629e-06,4.86587229420629e-06,4.86587229420629e-06,4.86587229420629e-06,0.0
1737013500.0,4.86587229420629e-06,4.86587229420629e-06,4.86587229420629e-06,4.86587229420629e-06,0.0
1737013560.0,4.86587229420629e-06,4.86587229420629e-06,4.86587229420629e-06,4.86587229420629e-06,0.0
