time,open,high,low,close,volume,usd_vol,price_change,vol_change,norm_open,mov_in_min
1732008000.0,9.37360165432807e-05,0.0001173040140848,9.37360165432807e-05,0.0001075832144278,5547.17163533041,0.558376163844655,0.14772547837175942,0.0,1.0,0.2514294762103237
1732008060.0,0.0001075832144278,0.0001170492659827,0.0001028433259209,0.0001036787663729,2629.06016584418,0.2777102291402292,-0.03629235355781549,-0.5026466974734786,1.1477254783717594,0.13204606441029634
1732008120.0,0.0001036787663729,0.0001173996953021,9.22677841905511e-05,9.26915171803448e-05,3849.61617973594,0.3779751103929528,-0.1059739576090008,0.3610413687790198,1.1060718195233785,0.24240171821834092
1732008180.0,9.26915171803448e-05,9.31229994407589e-05,7.32467616028339e-05,7.32467616028339e-05,2402.5686449407,0.19933905279994685,-0.20977923513408794,-0.4726132824124087,0.9888570114086976,0.2144342701743991
1732008240.0,7.32467616028339e-05,7.36002650315843e-05,7.12866898114103e-05,7.16255286463265e-05,655.80453756232,0.04750395265622241,-0.022133851668394787,-0.7616926939855757,0.7814153438984011,0.03158604106921347
1732008300.0,7.16255286463265e-05,7.74524798672394e-05,7.16255286463265e-05,7.50621939506252e-05,1443.81529026178,0.10589498838957863,0.04798101136912107,1.229182677827289,0.7641196125851462,0.08135299426110071
1732008360.0,7.50621939506252e-05,8.16968124154133e-05,7.50621939506252e-05,7.96233526697554e-05,1133.23745193723,0.08764772735179883,0.060765059999851156,-0.1723146799983553,0.8007828444039624,0.08838828331013429
1732008420.0,7.96233526697554e-05,8.45657139806454e-05,7.96233526697554e-05,8.45657139806454e-05,545.512065,0.044783558399441384,0.06207175590041861,-0.48905054640276113,0.8494424619910207,0.06207175590041861
1732008480.0,8.45657139806454e-05,8.54524855693212e-05,8.19872145502738e-05,8.19872145502738e-05,419.74665227223,0.034955017088494654,-0.03049107385248047,-0.21946762745564516,0.9021688471431779,0.04097725728231295
1732008540.0,8.19872145502738e-05,8.19872145502738e-05,7.76476728819117e-05,7.76476728819117e-05,622.12867622784,0.0496567205989829,-0.05292949263084349,0.42058922395226833,0.8746607501975281,0.05292949263084349
1732008600.0,7.76476728819117e-05,7.76476728819117e-05,7.10877500234107e-05,7.14173722330416e-05,666.00279632971,0.049638868440786646,-0.08023808592879889,-0.00035951142123185487,0.82836540046546,0.0844831868751235
1732008660.0,7.14173722330416e-05,7.14173722330416e-05,6.82207316637174e-05,6.82207316637174e-05,351.73793182264,0.024558008934140473,-0.04475998583220429,-0.5052665440302029,0.7618989462824685,0.04475998583220429
1732008720.0,6.82207316637174e-05,6.82207316637174e-05,6.62724835020839e-05,6.62724835020839e-05,234.37793648823,0.015761121121114018,-0.02855800742854912,-0.3582085109838464,0.7277963602412938,0.02855800742854912
1732008780.0,6.62724835020839e-05,6.87939260245317e-05,6.61620002460639e-05,6.83465178934509e-05,391.8040606252,0.026372135692040003,0.031295558605432115,0.6732398342343292,0.707011946379052,0.03971370377850769
1732008840.0,6.83465178934509e-05,7.09460086495605e-05,6.83465178934509e-05,7.09460086495605e-05,384.11133219372,0.026751918967532606,0.03803398967833425,0.014400929827129393,0.7291382801816982,0.03803398967833425
1732008900.0,7.09460086495605e-05,7.17345742225355e-05,7.09460086495605e-05,7.17345742225355e-05,115.0515803924,0.008207813275371722,0.011115009681096235,-0.6931878686783886,0.7568703180042073,0.011115009681096235
1732008960.0,7.17345742225355e-05,7.17345742225355e-05,5.65638586223698e-05,5.65638586223698e-05,1990.2347762418,0.12767200139262688,-0.2114840126199537,14.554934927152662,0.7652829389161585,0.2114840126199537
1732009020.0,5.65638586223698e-05,5.71812461223849e-05,5.5106114770086e-05,5.71812461223849e-05,602.43799511276,0.03426218642816045,0.010914875948207236,-0.7316389963779552,0.6034378322045784,0.03668652391897165
1732009080.0,5.71812461223849e-05,5.71812461223849e-05,5.71812461223849e-05,5.71812461223849e-05,0.0,0.0,0.0,-1.0,0.6100242812855464,0.0
1732009140.0,5.71812461223849e-05,5.91424997838725e-05,5.71812461223849e-05,5.91424997838725e-05,24.341,0.0014157181495521058,0.03429889683218756,0.0,0.6100242812855464,0.03429889683218756
1732009200.0,5.91424997838725e-05,6.19486901045997e-05,5.91424997838725e-05,6.11034144793707e-05,702.57635482274,0.04224096806269856,0.03315576282139011,28.837131123919292,0.6309474411744888,0.04744794912257686
1732009260.0,6.11034144793707e-05,6.11249170357044e-05,6.11034144793707e-05,6.11249170357044e-05,2.97266702704,0.00018167206543248893,0.00035190433328355375,-0.9956991500487671,0.651866984886833,0.00035190433328355375
1732009320.0,6.11249170357044e-05,6.3772165476747e-05,6.07551085514045e-05,6.1115585049502e-05,707.4878794771,0.04324183680323934,-0.00015267073813710373,237.02138595329848,0.6520963797035392,0.04935887149883842
1732009380.0,6.1115585049502e-05,6.1115585049502e-05,6.09871627980988e-05,6.09871627980988e-05,3.59388107167,0.00021941137714419365,-0.0021013011869096742,-0.9949259468754168,0.6519968236679133,0.0021013011869096742
1732009440.0,6.09871627980988e-05,6.15435238688197e-05,6.09871627980988e-05,6.15435238688197e-05,50.9565,0.0031218674675714164,0.009122593103121903,13.22837552092741,0.6506267819684787,0.009122593103121903
1732009500.0,6.15435238688197e-05,6.1960278540482e-05,6.14591989575301e-05,6.14591989575301e-05,102.15802606448,0.006282857682248126,-0.001370167094580931,1.0125318411212787,0.6565621853623707,0.008141873449105115
1732009560.0,6.14591989575301e-05,6.17367471177403e-05,6.14591989575301e-05,6.17367471177403e-05,24.251,0.001493812444135691,0.004515974254757099,-0.7622399679119937,0.655662585460441,0.004515974254757099
1732009620.0,6.17367471177403e-05,6.19356378695632e-05,6.15043371759903e-05,6.19356378695632e-05,41.22191803103,0.002549006458324305,0.0032215942871688767,0.7063765055184967,0.6586235408161878,0.0069861259899284935
1732009680.0,6.19356378695632e-05,6.19356378695632e-05,5.90388802667132e-05,5.90388802667132e-05,366.06247036763,0.022142115480249497,-0.04677044917096977,7.686567037890336,0.6607453586526761,0.04677044917096977
1732009740.0,5.90388802667132e-05,5.93762742122053e-05,5.90388802667132e-05,5.92046729986715e-05,38.93059092852,0.0023016457010546785,0.002808195738288336,-0.8960512285690264,0.629842001440857,0.005714775483001942
1732009800.0,5.92046729986715e-05,5.92046729986715e-05,5.92046729986715e-05,5.92046729986715e-05,0.0,0.0,0.0,-1.0,0.6316107210650982,0.0
1732009860.0,5.92046729986715e-05,5.92046729986715e-05,5.9167165095059e-05,5.9167165095059e-05,14.65582724804,0.0008674186050673373,-0.000633529444767647,0.0,0.6316107210650982,0.000633529444767647
1732009920.0,5.9167165095059e-05,5.9167165095059e-05,5.90863020651697e-05,5.90863020651697e-05,3.16251089592,0.0001869889391872706,-0.0013666875835504889,-0.7844305643262577,0.6312105770756725,0.0013666875835504889
1732009980.0,5.90863020651697e-05,5.90863020651697e-05,5.85956310548538e-05,5.85956310548538e-05,126.29389885008,0.007431255078971064,-0.008304310697506655,38.74168264321034,0.6303479094173775,0.008304310697506655
1732010040.0,5.85956310548538e-05,5.85956310548538e-05,5.81574410414592e-05,5.81574410414592e-05,11.46934436274,0.0006695405946402121,-0.007478202820008823,-0.9099020841667951,0.6251133045300518,0.007478202820008823
1732010100.0,5.81574410414592e-05,5.81574410414592e-05,5.81574410414592e-05,5.81574410414592e-05,0.0,0.0,0.0,-1.0,0.6204385804532901,0.0
1732010160.0,5.81574410414592e-05,5.81746649047122e-05,5.81574410414592e-05,5.81746649047122e-05,17.83315633125,0.001037284315840806,0.0002961592350792442,0.0,0.6204385804532901,0.0002961592350792442
1732010220.0,5.81746649047122e-05,5.81746649047122e-05,5.74338446447287e-05,5.74338446447287e-05,100.46144735876,0.00580709909816293,-0.012734413875815798,4.598367785456959,0.6206223290686909,0.012734413875815798
1732010280.0,5.74338446447287e-05,5.79115155983847e-05,5.74338446447287e-05,5.79115155983847e-05,43.9614,0.0025353717598958028,0.008316889746990677,-0.5634013270588295,0.6127190674697574,0.008316889746990677
1732010340.0,5.79115155983847e-05,6.07460056372611e-05,5.78558667816437e-05,6.07460056372611e-05,448.96054003815,0.026636272406771896,0.0489451883548263,9.505864594731692,0.6178149843997823,0.049906116698109945
1732010400.0,6.07460056372611e-05,6.11945521446269e-05,6.07460056372611e-05,6.11945521446269e-05,14.48195010252,0.0008829685366353795,0.007383967104672782,-0.9668508970342675,0.6480540551796637,0.007383967104672782
1732010460.0,6.11945521446269e-05,6.11945521446269e-05,6.10507219825362e-05,6.10507219825362e-05,17.90751588272,0.0010945545940098166,-0.0023503752711643857,0.23963034762337312,0.6528392650051602,0.0023503752711643857
1732010520.0,6.10507219825362e-05,6.48520257437568e-05,5.41044098892939e-05,6.27677523577965e-05,2518.37424921501,0.15591062867789166,0.028124653067190013,141.44207601077719,0.6513048477406469,0.17604404183028818
1732010580.0,6.27677523577965e-05,6.42220194375429e-05,6.27677523577965e-05,6.42220194375429e-05,86.06009061499,0.005464375633941904,0.023169016335914092,-0.9649518722342453,0.6696225706243316,0.023169016335914092
1732010640.0,6.42220194375429e-05,6.44920772322197e-05,6.42220194375429e-05,6.43297733897623e-05,57.29597859134,0.0036827503848558267,0.0016778350036811404,-0.32604369985466103,0.6851370669020235,0.004205065443939292
1732010700.0,6.43297733897623e-05,6.43297733897623e-05,6.43297733897623e-05,6.43297733897623e-05,0.0,0.0,0.0,-1.0,0.6862866138551912,0.0
1732010760.0,6.43297733897623e-05,6.43297733897623e-05,6.43297733897623e-05,6.43297733897623e-05,0.0,0.0,0.0,0.0,0.6862866138551912,0.0
1732010820.0,6.43297733897623e-05,6.49052551073528e-05,6.43297733897623e-05,6.4823804595e-05,86.389760919,0.005578773361968517,0.007679666493529553,0.0,0.6862866138551912,0.008945806696749293
1732010880.0,6.4823804595e-05,6.4823804595e-05,6.46189408039058e-05,6.46189408039058e-05,19.98642874517,0.0012935491037472063,-0.0031603172997037555,-0.7681301928188088,0.6915570661685727,0.0031603172997037555
1732010940.0,6.46189408039058e-05,6.46189408039058e-05,6.45380114450617e-05,6.45380114450617e-05,3.75371865297,0.00024240943040885246,-0.0012524092446778005,-0.812601292284436,0.6893715264086279,0.0012524092446778005
1732011000.0,6.45380114450617e-05,6.45380114450617e-05,6.45380114450617e-05,6.45380114450617e-05,0.0,0.0,0.0,-1.0,0.688508151135936,0.0
1732011060.0,6.45380114450617e-05,6.53855951536623e-05,6.45380114450617e-05,6.53855951536623e-05,49.25907,0.0031999580160495034,0.013133093034979898,0.0,0.688508151135936,0.013133093034979898
1732011120.0,6.53855951536623e-05,6.53855951536623e-05,6.49222355601489e-05,6.49222355601489e-05,40.26046963716,0.0026231272309687904,-0.007086569945940843,-0.1802619853721823,0.6975503927401463,0.007086569945940843
1732011180.0,6.49222355601489e-05,6.49222355601489e-05,6.49222355601489e-05,6.49222355601489e-05,0.0,0.0,0.0,-1.0,0.6926071530911747,0.0
1732011240.0,6.49222355601489e-05,9.72237772502504e-05,6.49222355601489e-05,6.58606432017239e-05,7222.70193999081,0.4723028760754808,0.01445433345722638,0.0,0.6926071530911747,0.4975420425899365
1732011300.0,6.58606432017239e-05,6.72282794986715e-05,6.58606432017239e-05,6.72282794986715e-05,316.36654251059,0.021052441160591632,0.020765607963449166,-0.9554259729783497,0.7026183278368148,0.020765607963449166
1732011360.0,6.72282794986715e-05,6.87418322076743e-05,6.72282794986715e-05,6.87418322076743e-05,67.3643252668,0.004579767415774704,0.022513631470112407,-0.7824590801209488,0.7172086245806083,0.022513631470112407
1732011420.0,6.87418322076743e-05,6.87418322076743e-05,6.87418322076743e-05,6.87418322076743e-05,0.0,0.0,0.0,-1.0,0.7333555952416023,0.0
1732011480.0,6.87418322076743e-05,6.89152726228473e-05,6.87418322076743e-05,6.89152726228473e-05,8.58585,0.000590951626754567,0.002523069426619626,0.0,0.7333555952416023,0.002523069426619626
1732011540.0,6.89152726228473e-05,6.89152726228473e-05,6.79784229369537e-05,6.79784229369537e-05,97.63715822853,0.006682955706930252,-0.013594224476491631,10.308803300250167,0.7352059023227968,0.013594224476491631
1732011600.0,6.79784229369537e-05,6.79784229369537e-05,6.79784229369537e-05,6.79784229369537e-05,0.0,0.0,0.0,-1.0,0.7252113482501792,0.0
1732011660.0,6.79784229369537e-05,6.79784229369537e-05,6.79784229369537e-05,6.79784229369537e-05,0.0,0.0,0.0,0.0,0.7252113482501792,0.0
1732011720.0,6.79784229369537e-05,6.79784229369537e-05,6.79784229369537e-05,6.79784229369537e-05,0.0,0.0,0.0,0.0,0.7252113482501792,0.0
1732011780.0,6.79784229369537e-05,6.79784229369537e-05,6.78060963807451e-05,6.78060963807451e-05,16.25129192904,0.001103336931438147,-0.002535018447962857,0.0,0.7252113482501792,0.002535018447962857
1732011840.0,6.78060963807451e-05,6.78060963807451e-05,6.77372097073479e-05,6.77372097073479e-05,1.88809320516,0.0001279591976149252,-0.0010159362811624053,-0.8840252746292679,0.7233729241036929,0.0010159362811624053
1732011900.0,6.77372097073479e-05,6.77372097073479e-05,6.77372097073479e-05,6.77372097073479e-05,0.0,0.0,0.0,-1.0,0.7226380233052855,0.0
1732011960.0,6.77372097073479e-05,6.77372097073479e-05,6.77372097073479e-05,6.77372097073479e-05,0.0,0.0,0.0,0.0,0.7226380233052855,0.0
1732012020.0,6.77372097073479e-05,6.77372097073479e-05,6.77372097073479e-05,6.77372097073479e-05,0.0,0.0,0.0,0.0,0.7226380233052855,0.0
1732012080.0,6.77372097073479e-05,6.77372097073479e-05,6.77372097073479e-05,6.77372097073479e-05,0.0,0.0,0.0,0.0,0.7226380233052855,0.0
1732012140.0,6.77372097073479e-05,6.77372097073479e-05,6.74923573349219e-05,6.74923573349219e-05,68.05342233543,0.004601417419082466,-0.0036147395719997766,0.0,0.7226380233052855,0.0036147395719997766
1732012200.0,6.74923573349219e-05,6.75445082973595e-05,6.74923573349219e-05,6.75445082973595e-05,5.64926,0.000381429181770911,0.0007726943389872305,-0.9171061551188354,0.7200258750462122,0.0007726943389872305
1732012260.0,6.75445082973595e-05,6.75445082973595e-05,6.75445082973595e-05,6.75445082973595e-05,0.0,0.0,0.0,-1.0,0.7205822349637847,0.0
1732012320.0,6.75445082973595e-05,6.75445082973595e-05,6.75445082973595e-05,6.75445082973595e-05,0.0,0.0,0.0,0.0,0.7205822349637847,0.0
1732012380.0,6.75445082973595e-05,6.75445082973595e-05,6.75445082973595e-05,6.75445082973595e-05,0.0,0.0,0.0,0.0,0.7205822349637847,0.0
1732012440.0,6.75445082973595e-05,6.75445082973595e-05,6.66803804938792e-05,6.66803804938792e-05,117.42455490872,0.007880648911991821,-0.012793457606887158,0.0,0.7205822349637847,0.012793457606887158
1732012500.0,6.66803804938792e-05,6.66803804938792e-05,6.66803804938792e-05,6.66803804938792e-05,0.0,0.0,0.0,-1.0,0.7113634966884995,0.0
1732012560.0,6.66803804938792e-05,6.66803804938792e-05,6.66803804938792e-05,6.66803804938792e-05,0.0,0.0,0.0,0.0,0.7113634966884995,0.0
1732012620.0,6.66803804938792e-05,6.66803804938792e-05,6.60588422247719e-05,6.60588422247719e-05,37.84398101704,0.002511690312390638,-0.009321156605642816,0.0,0.7113634966884995,0.009321156605642816
1732012680.0,6.60588422247719e-05,6.60588422247719e-05,6.51025881913627e-05,6.51025881913627e-05,101.15791916659,0.0066340086879048315,-0.014475791600395417,1.64125264774006,0.7047327661323283,0.014475791600395417
1732012740.0,6.51025881913627e-05,6.51025881913627e-05,6.51025881913627e-05,6.51025881913627e-05,0.0,0.0,0.0,-1.0,0.6945312014758265,0.0
1732012800.0,6.51025881913627e-05,6.51025881913627e-05,6.51025881913627e-05,6.51025881913627e-05,0.0,0.0,0.0,0.0,0.6945312014758265,0.0
1732012860.0,6.51025881913627e-05,6.51025881913627e-05,6.51025881913627e-05,6.51025881913627e-05,0.0,0.0,0.0,0.0,0.6945312014758265,0.0
1732012920.0,6.51025881913627e-05,6.51025881913627e-05,6.51025881913627e-05,6.51025881913627e-05,0.0,0.0,0.0,0.0,0.6945312014758265,0.0
1732012980.0,6.51025881913627e-05,6.51025881913627e-05,6.38782288974927e-05,6.38782288974927e-05,298.04657541245,0.01922114541361648,-0.01880661472737625,0.0,0.6945312014758265,0.01880661472737625
1732013040.0,6.38782288974927e-05,6.38782288974927e-05,6.38782288974927e-05,6.38782288974927e-05,0.0,0.0,0.0,-1.0,0.6814694207535289,0.0
1732013100.0,6.38782288974927e-05,6.38782288974927e-05,6.38782288974927e-05,6.38782288974927e-05,0.0,0.0,0.0,0.0,0.6814694207535289,0.0
1732013160.0,6.38782288974927e-05,6.38782288974927e-05,6.26185713084608e-05,6.26185713084608e-05,13.56113150014,0.0008577198709699361,-0.01971966992155202,0.0,0.6814694207535289,0.01971966992155202
1732013220.0,6.26185713084608e-05,6.26185713084608e-05,6.26185713084608e-05,6.26185713084608e-05,0.0,0.0,0.0,-1.0,0.6680310687146381,0.0
1732013280.0,6.26185713084608e-05,6.26185713084608e-05,6.26185713084608e-05,6.26185713084608e-05,0.0,0.0,0.0,0.0,0.6680310687146381,0.0
1732013340.0,6.26185713084608e-05,6.26185713084608e-05,6.213081753324e-05,6.213081753324e-05,124.26163506648,0.007750781515506919,-0.007789283035828322,0.0,0.6680310687146381,0.007789283035828322
1732013400.0,6.213081753324e-05,6.213081753324e-05,6.213081753324e-05,6.213081753324e-05,0.0,0.0,0.0,-1.0,0.6628275856436929,0.0
1732013460.0,6.213081753324e-05,6.213081753324e-05,6.16156746572977e-05,6.16156746572977e-05,6.70698967498,0.0004149832227184648,-0.008291261831001899,0.0,0.6628275856436929,0.008291261831001899
1732013520.0,6.16156746572977e-05,6.16156746572977e-05,6.15963283483059e-05,6.15963283483059e-05,5.94807562718,0.00036643715602682986,-0.00031398356180320714,-0.11698320325727928,0.6573319085823102,0.00031398356180320714
1732013580.0,6.15963283483059e-05,6.47039011430009e-05,6.15635453690708e-05,6.47039011430009e-05,459.76395337986,0.0290341464118534,0.05045061739918573,78.23363101783153,0.6571255171683666,0.05098284034354236
1732013640.0,6.47039011430009e-05,6.47039011430009e-05,6.47039011430009e-05,6.47039011430009e-05,0.0,0.0,0.0,-1.0,0.6902779052182699,0.0
1732013700.0,6.47039011430009e-05,6.47039011430009e-05,6.47039011430009e-05,6.47039011430009e-05,0.0,0.0,0.0,0.0,0.6902779052182699,0.0
1732013760.0,6.47039011430009e-05,6.47039011430009e-05,6.47039011430009e-05,6.47039011430009e-05,0.0,0.0,0.0,0.0,0.6902779052182699,0.0
1732013820.0,6.47039011430009e-05,6.59385609328608e-05,6.47039011430009e-05,6.59385609328608e-05,99.95934134965,0.006529467230699883,0.019081690099816546,0.0,0.6902779052182699,0.019081690099816546
1732013880.0,6.59385609328608e-05,6.59385609328608e-05,6.34484269265891e-05,6.34484269265891e-05,415.72215810531,0.026894518911838024,-0.03776445786869967,3.118945384301323,0.7034495742883955,0.03776445786869967
1732013940.0,6.34484269265891e-05,6.34484269265891e-05,6.34484269265891e-05,6.34484269265891e-05,0.0,0.0,0.0,-1.0,0.6768841824774267,0.0
1732014000.0,6.34484269265891e-05,6.34484269265891e-05,6.23377116552247e-05,6.23377116552247e-05,97.5508485392,0.00613527227656267,-0.0175057968363742,0.0,0.6768841824774267,0.0175057968363742
1732014060.0,6.23377116552247e-05,6.23377116552247e-05,6.23377116552247e-05,6.23377116552247e-05,0.0,0.0,0.0,-1.0,0.6650347854972216,0.0
1732014120.0,6.23377116552247e-05,6.23377116552247e-05,6.23377116552247e-05,6.23377116552247e-05,0.0,0.0,0.0,0.0,0.6650347854972216,0.0
1732014180.0,6.23377116552247e-05,6.23377116552247e-05,6.23036431288451e-05,6.23036431288451e-05,2.4591,0.00015325277777475298,-0.0005465155116379104,0.0,0.6650347854972216,0.0005465155116379104
1732014240.0,6.23036431288451e-05,6.23036431288451e-05,6.23036431288451e-05,6.23036431288451e-05,0.0,0.0,0.0,-1.0,0.6646713336711686,0.0
1732014300.0,6.23036431288451e-05,6.23036431288451e-05,6.19117985168427e-05,6.19117985168427e-05,17.93561741439,0.0011139403191582713,-0.006289272863098162,0.0,0.6646713336711686,0.006289272863098162
1732014360.0,6.19117985168427e-05,6.21947536191042e-05,6.19117985168427e-05,6.21947536191042e-05,13.51845,0.0008388641098610956,0.004570293692639421,-0.2469398086829571,0.6604910342894312,0.004570293692639421
1732014420.0,6.21947536191042e-05,6.21947536191042e-05,6.21947536191042e-05,6.21947536191042e-05,0.0,0.0,0.0,-1.0,0.6635096722974891,0.0
1732014480.0,6.21947536191042e-05,6.21947536191042e-05,6.19030239203492e-05,6.19030239203492e-05,8.69708571327,0.0005396445040434694,-0.004690583719353841,0.0,0.6635096722974891,0.004690583719353841
1732014540.0,6.19030239203492e-05,6.19030239203492e-05,6.19030239203492e-05,6.19030239203492e-05,0.0,0.0,0.0,-1.0,0.6603974246309767,0.0
1732014600.0,6.19030239203492e-05,6.19030239203492e-05,6.19030239203492e-05,6.19030239203492e-05,0.0,0.0,0.0,0.0,0.6603974246309767,0.0
1732014660.0,6.19030239203492e-05,6.19030239203492e-05,6.18790108831072e-05,6.18790108831072e-05,1.93115064136,0.00011952087794977035,-0.0003879138000254097,0.0,0.6603974246309767,0.0003879138000254097
1732014720.0,6.18790108831072e-05,6.18790108831072e-05,6.17448229289045e-05,6.17448229289045e-05,32.3996041313,0.002002681638351399,-0.002168553638586468,15.755914721384853,0.6601412473564611,0.002168553638586468
1732014780.0,6.17448229289045e-05,6.17448229289045e-05,6.14503685201714e-05,6.14503685201714e-05,43.01525796412,0.0026496364700605755,-0.00476889226927007,0.3230442719002244,0.6587096956525252,0.00476889226927007
1732014840.0,6.14503685201714e-05,6.14503685201714e-05,6.14503685201714e-05,6.14503685201714e-05,0.0,0.0,0.0,-1.0,0.6555683800772347,0.0
1732014900.0,6.14503685201714e-05,6.14503685201714e-05,6.14503685201714e-05,6.14503685201714e-05,0.0,0.0,0.0,0.0,0.6555683800772347,0.0
1732014960.0,6.14503685201714e-05,6.14503685201714e-05,6.14503685201714e-05,6.14503685201714e-05,0.0,0.0,0.0,0.0,0.6555683800772347,0.0
1732015020.0,6.14503685201714e-05,6.14503685201714e-05,6.13704236233194e-05,6.13704236233194e-05,2.4222661975,0.00014875232657967567,-0.0013009669230178865,0.0,0.6555683800772347,0.0013009669230178865
1732015080.0,6.13704236233194e-05,6.13704236233194e-05,6.13459151576123e-05,6.13459151576123e-05,3.23329839696,0.00019838927073059337,-0.00039935304761003177,0.33368852301164403,0.6547155072989778,0.00039935304761003177
1732015140.0,6.13459151576123e-05,6.13459151576123e-05,6.0991385083496e-05,6.0991385083496e-05,81.76842336742,0.005001664079871059,-0.00577919610793045,24.211363807386373,0.6544540446658204,0.00577919610793045
1732015200.0,6.0991385083496e-05,7.60038258801162e-05,6.0991385083496e-05,7.54929853214535e-05,2380.5328938802,0.16245276662475577,0.23776473051243374,31.479743547460256,0.6506718263980683,0.24614034877333035
1732015260.0,7.54929853214535e-05,7.54929853214535e-05,6.46161224144166e-05,6.60266348859457e-05,2057.00066928442,0.14555297674174855,-0.12539377526533793,-0.10402894474578868,0.8053786378536382,0.14407779558223313
1732015320.0,6.60266348859457e-05,6.64153204599451e-05,6.60266348859457e-05,6.64153204599451e-05,16.515323,0.0010936608356444816,0.005886799693348156,-0.9924861664795427,0.704389169935115,0.005886799693348156
1732015380.0,6.64153204599451e-05,6.64153204599451e-05,6.64153204599451e-05,6.64153204599451e-05,0.0,0.0,0.0,-1.0,0.7085357678846869,0.0
1732015440.0,6.64153204599451e-05,6.64153204599451e-05,6.64153204599451e-05,6.64153204599451e-05,0.0,0.0,0.0,0.0,0.7085357678846869,0.0
1732015500.0,6.64153204599451e-05,6.64153204599451e-05,6.64153204599451e-05,6.64153204599451e-05,0.0,0.0,0.0,0.0,0.7085357678846869,0.0
1732015560.0,6.64153204599451e-05,6.64153204599451e-05,6.52328417244004e-05,6.52328417244004e-05,194.13786088422,0.012778946297903849,-0.017804306707483994,0.0,0.7085357678846869,0.017804306707483994
1732015620.0,6.52328417244004e-05,6.52328417244004e-05,6.52328417244004e-05,6.52328417244004e-05,0.0,0.0,0.0,-1.0,0.6959207797600452,0.0
1732015680.0,6.52328417244004e-05,6.52328417244004e-05,6.4475745495525e-05,6.4475745495525e-05,25.79029819821,0.001672611571635203,-0.011606059292557444,0.0,0.6959207797600452,0.011606059292557444
1732015740.0,6.4475745495525e-05,6.4475745495525e-05,6.4475745495525e-05,6.4475745495525e-05,0.0,0.0,0.0,-1.0,0.6878438819272273,0.0
1732015800.0,6.4475745495525e-05,6.4475745495525e-05,6.4475745495525e-05,6.4475745495525e-05,0.0,0.0,0.0,0.0,0.6878438819272273,0.0
1732015860.0,6.4475745495525e-05,6.4475745495525e-05,6.4475745495525e-05,6.4475745495525e-05,0.0,0.0,0.0,0.0,0.6878438819272273,0.0
1732015920.0,6.4475745495525e-05,6.4475745495525e-05,6.38589753228737e-05,6.38589753228737e-05,117.16675050129,0.0075182811073910135,-0.00956592541755252,0.0,0.6878438819272273,0.00956592541755252
1732015980.0,6.38589753228737e-05,6.38589753228737e-05,6.37321706294739e-05,6.37321706294739e-05,4.9182,0.00031375938701141796,-0.0019856988427809866,-0.95826713812244,0.6812640186537916,0.0019856988427809866
1732016040.0,6.37321706294739e-05,6.37321706294739e-05,6.37321706294739e-05,6.37321706294739e-05,0.0,0.0,0.0,-1.0,0.6799112334803225,0.0
1732016100.0,6.37321706294739e-05,6.37321706294739e-05,6.37321706294739e-05,6.37321706294739e-05,0.0,0.0,0.0,0.0,0.6799112334803225,0.0
1732016160.0,6.37321706294739e-05,6.37321706294739e-05,6.37321706294739e-05,6.37321706294739e-05,0.0,0.0,0.0,0.0,0.6799112334803225,0.0
1732016220.0,6.37321706294739e-05,6.37321706294739e-05,6.33833986989001e-05,6.33833986989001e-05,30.2393762847,0.0019219477662822855,-0.005472462762981841,0.0,0.6799112334803225,0.005472462762981841
1732016280.0,6.33833986989001e-05,6.33833986989001e-05,6.33833986989001e-05,6.33833986989001e-05,0.0,0.0,0.0,-1.0,0.6761904445729684,0.0
1732016340.0,6.33833986989001e-05,6.33833986989001e-05,6.33833986989001e-05,6.33833986989001e-05,0.0,0.0,0.0,0.0,0.6761904445729684,0.0
1732016400.0,6.33833986989001e-05,6.33833986989001e-05,6.33833986989001e-05,6.33833986989001e-05,0.0,0.0,0.0,0.0,0.6761904445729684,0.0
1732016460.0,6.33833986989001e-05,6.33833986989001e-05,6.31014630576177e-05,6.31014630576177e-05,54.76680317349,0.003463585764122651,-0.00444809914062381,0.0,0.6761904445729684,0.00444809914062381
1732016520.0,6.31014630576177e-05,6.31014630576177e-05,6.31014630576177e-05,6.31014630576177e-05,0.0,0.0,0.0,-1.0,0.6731826824375653,0.0
1732016580.0,6.31014630576177e-05,6.31014630576177e-05,6.31014630576177e-05,6.31014630576177e-05,0.0,0.0,0.0,0.0,0.6731826824375653,0.0
1732016640.0,6.31014630576177e-05,6.31014630576177e-05,6.31014630576177e-05,6.31014630576177e-05,0.0,0.0,0.0,0.0,0.6731826824375653,0.0
1732016700.0,6.31014630576177e-05,6.31014630576177e-05,6.31014630576177e-05,6.31014630576177e-05,0.0,0.0,0.0,0.0,0.6731826824375653,0.0
1732016760.0,6.31014630576177e-05,6.31014630576177e-05,6.31014630576177e-05,6.31014630576177e-05,0.0,0.0,0.0,0.0,0.6731826824375653,0.0
1732016820.0,6.31014630576177e-05,6.31014630576177e-05,6.28589877277957e-05,6.28589877277957e-05,0.8836798197,5.565435421969241e-05,-0.003842626114716181,0.0,0.6731826824375653,0.003842626114716181
1732016880.0,6.28589877277957e-05,6.28589877277957e-05,6.28589877277957e-05,6.28589877277957e-05,0.0,0.0,0.0,-1.0,0.670595893082056,0.0
1732016940.0,6.28589877277957e-05,6.28589877277957e-05,6.28444328113495e-05,6.28444328113495e-05,0.20270103868,1.2740106954456788e-05,-0.0002315486929128903,0.0,0.670595893082056,0.0002315486929128903
1732017000.0,6.28444328113495e-05,6.28444328113495e-05,6.10368420416218e-05,6.10368420416218e-05,288.70094439012,0.01788232052115242,-0.028762941900579188,1402.6240500239103,0.6704406174795401,0.028762941900579188
1732017060.0,6.10368420416218e-05,6.10368420416218e-05,6.10368420416218e-05,6.10368420416218e-05,0.0,0.0,0.0,-1.0,0.6511567729511877,0.0
1732017120.0,6.10368420416218e-05,6.10368420416218e-05,6.10368420416218e-05,6.10368420416218e-05,0.0,0.0,0.0,0.0,0.6511567729511877,0.0
1732017180.0,6.10368420416218e-05,6.10368420416218e-05,5.98164921463508e-05,5.98164921463508e-05,197.04075086943,0.01190651585673614,-0.019993660459019715,0.0,0.6511567729511877,0.019993660459019715
1732017240.0,5.98164921463508e-05,5.98164921463508e-05,5.89937271034462e-05,5.89937271034462e-05,16.91515974155,0.0010048469187694475,-0.013754819337977354,-0.9156052928614752,0.6381377655272107,0.013754819337977354
1732017300.0,5.89937271034462e-05,5.89937271034462e-05,5.80416197325628e-05,5.80416197325628e-05,174.53892021408,0.010213611531818679,-0.016139128982541925,9.164345773509899,0.6293602958496433,0.016139128982541925
1732017360.0,5.80416197325628e-05,5.80416197325628e-05,5.75688516562615e-05,5.75688516562615e-05,16.4597982213,0.0009514625156647126,-0.008145328791299533,-0.9068436749625144,0.6192029688584352,0.008145328791299533
1732017420.0,5.75688516562615e-05,5.75688516562615e-05,5.75688516562615e-05,5.75688516562615e-05,0.0,0.0,0.0,-1.0,0.6141593570885344,0.0
1732017480.0,5.75688516562615e-05,5.75688516562615e-05,5.74453122391314e-05,5.74453122391314e-05,16.95016034101,0.0009747542597570565,-0.0021459420081495696,0.0,0.6141593570885344,0.0021459420081495696
1732017540.0,5.74453122391314e-05,5.74453122391314e-05,5.74453122391314e-05,5.74453122391314e-05,0.0,0.0,0.0,-1.0,0.61284140672446,0.0
1732017600.0,5.74453122391314e-05,5.74453122391314e-05,5.74453122391314e-05,5.74453122391314e-05,0.0,0.0,0.0,0.0,0.61284140672446,0.0
1732017660.0,5.74453122391314e-05,5.74453122391314e-05,5.73077914299921e-05,5.73077914299921e-05,17.11508652615,0.000982004649220655,-0.0023939431048234723,0.0,0.61284140672446,0.0023939431048234723
1732017720.0,5.73077914299921e-05,5.73077914299921e-05,5.72382686274065e-05,5.72382686274065e-05,0.73881620022,4.231424242088958e-05,-0.0012131474769975163,-0.9569103441063428,0.6113742992644816,0.0012131474769975163
1732017780.0,5.72382686274065e-05,5.72402533559454e-05,5.72382686274065e-05,5.72402533559454e-05,2.44522455168,0.00013996284629686534,3.467485279506936e-05,2.3077006296057156,0.6106326120758279,3.467485279506936e-05
1732017840.0,5.72402533559454e-05,5.72402533559454e-05,5.72402533559454e-05,5.72402533559454e-05,0.0,0.0,0.0,-1.0,0.6106537856717634,0.0
1732017900.0,5.72402533559454e-05,5.72402533559454e-05,5.72402533559454e-05,5.72402533559454e-05,0.0,0.0,0.0,0.0,0.6106537856717634,0.0
1732017960.0,5.72402533559454e-05,5.73473225985823e-05,5.72402533559454e-05,5.73473225985823e-05,2.44979840182,0.0001403582302209149,0.0018705235626944687,0.0,0.6106537856717634,0.0018705235626944687
1732018020.0,5.73473225985823e-05,5.73473225985823e-05,5.73473225985823e-05,5.73473225985823e-05,0.0,0.0,0.0,-1.0,0.611796027966511,0.0
1732018080.0,5.73473225985823e-05,5.7408275477399e-05,5.73473225985823e-05,5.7408275477399e-05,1.7268223739,9.908126714394014e-05,0.001062872267696888,0.0,0.611796027966511,0.001062872267696888
1732018140.0,5.7408275477399e-05,6.08898413850863e-05,5.7408275477399e-05,6.08898413850863e-05,507.3166856637,0.03000730428346655,0.06064571490321028,301.8554755953362,0.6124462889981237,0.06064571490321028
1732018200.0,6.08898413850863e-05,6.08898413850863e-05,5.02241361430244e-05,5.4456389117271e-05,1740.64957764768,0.1003886837035901,-0.1056572347943583,2.3454749135497095,0.6495885320342331,0.17516395180944325
1732018260.0,5.4456389117271e-05,5.61775297401068e-05,5.08016967536858e-05,5.61775297401068e-05,1481.76,0.08196645780305407,0.031605852880354474,-0.1835089894686726,0.5809548039853696,0.09871813158313217
1732018320.0,5.61775297401068e-05,6.1788102504028e-05,5.61775297401068e-05,6.1788102504028e-05,740.46,0.04367441602574603,0.09987218715164757,-0.4671672145368868,0.5993163760502663,0.09987218715164757
1732018380.0,6.1788102504028e-05,6.5441185221571e-05,6.1788102504028e-05,6.5441185221571e-05,126.26054141663,0.008032019376143165,0.059122752916791074,-0.8160932622108032,0.6591714133222057,0.059122752916791074
1732018440.0,6.5441185221571e-05,6.5441185221571e-05,6.5441185221571e-05,6.5441185221571e-05,0.0,0.0,0.0,-1.0,0.6981434419218665,0.0
1732018500.0,6.5441185221571e-05,6.62086724331419e-05,6.5441185221571e-05,6.62086724331419e-05,104.20447828288,0.006859252366462386,0.01172789290066084,0.0,0.6981434419218665,0.01172789290066084
1732018560.0,6.62086724331419e-05,6.62086724331419e-05,6.62086724331419e-05,6.62086724331419e-05,0.0,0.0,0.0,-1.0,0.7063311934380249,0.0
1732018620.0,6.62086724331419e-05,6.62086724331419e-05,6.59504268295102e-05,6.59504268295102e-05,72.50011728576,0.004790775098461338,-0.003900480014796745,0.0,0.7063311934380249,0.003900480014796745
1732018680.0,6.59504268295102e-05,6.59504268295102e-05,6.59504268295102e-05,6.59504268295102e-05,0.0,0.0,0.0,-1.0,0.7035761627341923,0.0
1732018740.0,6.59504268295102e-05,6.59504268295102e-05,6.59504268295102e-05,6.59504268295102e-05,0.0,0.0,0.0,0.0,0.7035761627341923,0.0
1732018800.0,6.59504268295102e-05,6.59504268295102e-05,6.55241357295709e-05,6.55241357295709e-05,18.8923774825,0.0012419335326063607,-0.006463811084063471,0.0,0.7035761627341923,0.006463811084063471
1732018860.0,6.55241357295709e-05,6.55241357295709e-05,6.51808575615154e-05,6.51808575615154e-05,78.5563104242,0.0051338510134837775,-0.005238957587663134,3.133756661445252,0.6990283793350281,0.005238957587663134
1732018920.0,6.51808575615154e-05,6.51808575615154e-05,6.51808575615154e-05,6.51808575615154e-05,0.0,0.0,0.0,-1.0,0.695366199303119,0.0
1732018980.0,6.51808575615154e-05,6.51808575615154e-05,6.51808575615154e-05,6.51808575615154e-05,0.0,0.0,0.0,0.0,0.695366199303119,0.0
1732019040.0,6.51808575615154e-05,6.51808575615154e-05,6.51808575615154e-05,6.51808575615154e-05,0.0,0.0,0.0,0.0,0.695366199303119,0.0
1732019100.0,6.51808575615154e-05,6.51808575615154e-05,6.51808575615154e-05,6.51808575615154e-05,0.0,0.0,0.0,0.0,0.695366199303119,0.0
1732019160.0,6.51808575615154e-05,6.51808575615154e-05,6.51808575615154e-05,6.51808575615154e-05,0.0,0.0,0.0,0.0,0.695366199303119,0.0
1732019220.0,6.51808575615154e-05,6.51808575615154e-05,6.48200431944422e-05,6.48200431944422e-05,1.75336277704,0.00011396937018358361,-0.005535587909880944,0.0,0.695366199303119,0.005535587909880944
1732019280.0,6.48200431944422e-05,6.48200431944422e-05,6.48200431944422e-05,6.48200431944422e-05,0.0,0.0,0.0,-1.0,0.6915169385773169,0.0
1732019340.0,6.48200431944422e-05,6.48200431944422e-05,6.48200431944422e-05,6.48200431944422e-05,0.0,0.0,0.0,0.0,0.6915169385773169,0.0
1732019400.0,6.48200431944422e-05,6.48200431944422e-05,6.48200431944422e-05,6.48200431944422e-05,0.0,0.0,0.0,0.0,0.6915169385773169,0.0
1732019460.0,6.48200431944422e-05,6.48200431944422e-05,6.48200431944422e-05,6.48200431944422e-05,0.0,0.0,0.0,0.0,0.6915169385773169,0.0
1732019520.0,6.48200431944422e-05,6.48200431944422e-05,6.48200431944422e-05,6.48200431944422e-05,0.0,0.0,0.0,0.0,0.6915169385773169,0.0
1732019580.0,6.48200431944422e-05,6.48200431944422e-05,6.48200431944422e-05,6.48200431944422e-05,0.0,0.0,0.0,0.0,0.6915169385773169,0.0
1732019640.0,6.48200431944422e-05,6.48200431944422e-05,6.48200431944422e-05,6.48200431944422e-05,0.0,0.0,0.0,0.0,0.6915169385773169,0.0
1732019700.0,6.48200431944422e-05,6.48200431944422e-05,6.46435098349452e-05,6.46435098349452e-05,18.10124316592,0.00117172562725446,-0.002723437856519855,0.0,0.6915169385773169,0.002723437856519855
1732019760.0,6.46435098349452e-05,6.46435098349452e-05,6.28521898965212e-05,6.28521898965212e-05,379.36100063414,0.02418344811333947,-0.02771074687927366,19.639173156948992,0.6896336351683707,0.02771074687927366
1732019820.0,6.28521898965212e-05,6.28521898965212e-05,6.28521898965212e-05,6.28521898965212e-05,0.0,0.0,0.0,-1.0,0.6705233720647866,0.0
1732019880.0,6.28521898965212e-05,6.28521898965212e-05,6.28521898965212e-05,6.28521898965212e-05,0.0,0.0,0.0,0.0,0.6705233720647866,0.0
1732019940.0,6.28521898965212e-05,6.28521898965212e-05,6.28521898965212e-05,6.28521898965212e-05,0.0,0.0,0.0,0.0,0.6705233720647866,0.0
1732020000.0,6.28521898965212e-05,6.28521898965212e-05,6.16397387394276e-05,6.16397387394276e-05,2.3525790822,0.00014643855360583417,-0.01929051571774589,0.0,0.6705233720647866,0.01929051571774589
1732020060.0,6.16397387394276e-05,6.16397387394276e-05,6.16397387394276e-05,6.16397387394276e-05,0.0,0.0,0.0,-1.0,0.6575886304168549,0.0
1732020120.0,6.16397387394276e-05,6.16397387394276e-05,6.16397387394276e-05,6.16397387394276e-05,0.0,0.0,0.0,0.0,0.6575886304168549,0.0
1732020180.0,6.16397387394276e-05,6.16397387394276e-05,6.16397387394276e-05,6.16397387394276e-05,0.0,0.0,0.0,0.0,0.6575886304168549,0.0
1732020240.0,6.16397387394276e-05,6.16397387394276e-05,6.16397387394276e-05,6.16397387394276e-05,0.0,0.0,0.0,0.0,0.6575886304168549,0.0
1732020300.0,6.16397387394276e-05,6.16397387394276e-05,6.16049227102374e-05,6.16049227102374e-05,4.0166031136,0.0002475124454566512,-0.0005648309013343429,0.0,0.6575886304168549,0.0005648309013343429
1732020360.0,6.16049227102374e-05,6.16049227102374e-05,6.16049227102374e-05,6.16049227102374e-05,0.0,0.0,0.0,-1.0,0.6572172040380293,0.0
1732020420.0,6.16049227102374e-05,6.16049227102374e-05,6.16049227102374e-05,6.16049227102374e-05,0.0,0.0,0.0,0.0,0.6572172040380293,0.0
1732020480.0,6.16049227102374e-05,6.16049227102374e-05,6.16049227102374e-05,6.16049227102374e-05,0.0,0.0,0.0,0.0,0.6572172040380293,0.0
1732020540.0,6.16049227102374e-05,6.16049227102374e-05,6.16049227102374e-05,6.16049227102374e-05,0.0,0.0,0.0,0.0,0.6572172040380293,0.0
1732020600.0,6.16049227102374e-05,6.16049227102374e-05,6.16049227102374e-05,6.16049227102374e-05,0.0,0.0,0.0,0.0,0.6572172040380293,0.0
1732020660.0,6.16049227102374e-05,6.16049227102374e-05,6.16049227102374e-05,6.16049227102374e-05,0.0,0.0,0.0,0.0,0.6572172040380293,0.0
1732020720.0,6.16049227102374e-05,6.16049227102374e-05,6.14101795011896e-05,6.14101795011896e-05,6.19282378892,0.00038090542568567525,-0.0031611631097045664,0.0,0.6572172040380293,0.0031611631097045664
1732020780.0,6.14101795011896e-05,6.14101795011896e-05,6.14101795011896e-05,6.14101795011896e-05,0.0,0.0,0.0,-1.0,0.6551396332575611,0.0
1732020840.0,6.14101795011896e-05,6.14101795011896e-05,6.14101795011896e-05,6.14101795011896e-05,0.0,0.0,0.0,0.0,0.6551396332575611,0.0
1732020900.0,6.14101795011896e-05,6.14101795011896e-05,6.12321091877039e-05,6.12321091877039e-05,35.07164683456,0.0021506335179395123,-0.00289968723316065,0.0,0.6551396332575611,0.00289968723316065
1732020960.0,6.12321091877039e-05,6.12321091877039e-05,6.12321091877039e-05,6.12321091877039e-05,0.0,0.0,0.0,-1.0,0.6532399332270666,0.0
1732021020.0,6.12321091877039e-05,6.12321091877039e-05,6.09607463161313e-05,6.09607463161313e-05,17.4556829824,0.001066479874194579,-0.004431708709245048,0.0,0.6532399332270666,0.004431708709245048
1732021080.0,6.09607463161313e-05,6.09607463161313e-05,6.09607463161313e-05,6.09607463161313e-05,0.0,0.0,0.0,-1.0,0.6503449641257576,0.0
1732021140.0,6.09607463161313e-05,6.09607463161313e-05,6.09607463161313e-05,6.09607463161313e-05,0.0,0.0,0.0,0.0,0.6503449641257576,0.0
1732021200.0,6.09607463161313e-05,6.09607463161313e-05,6.09607463161313e-05,6.09607463161313e-05,0.0,0.0,0.0,0.0,0.6503449641257576,0.0
1732021260.0,6.09607463161313e-05,6.09607463161313e-05,6.09607463161313e-05,6.09607463161313e-05,0.0,0.0,0.0,0.0,0.6503449641257576,0.0
1732021320.0,6.09607463161313e-05,6.09607463161313e-05,6.09607463161313e-05,6.09607463161313e-05,0.0,0.0,0.0,0.0,0.6503449641257576,0.0
1732021380.0,6.09607463161313e-05,6.09607463161313e-05,6.09607463161313e-05,6.09607463161313e-05,0.0,0.0,0.0,0.0,0.6503449641257576,0.0
1732021440.0,6.09607463161313e-05,6.09607463161313e-05,6.0815605684314e-05,6.0815605684314e-05,19.29489079068,0.001174830706367999,-0.0023808867277416157,0.0,0.6503449641257576,0.0023808867277416157
1732021500.0,6.0815605684314e-05,6.0815605684314e-05,6.0815605684314e-05,6.0815605684314e-05,0.0,0.0,0.0,-1.0,0.648796566432217,0.0
1732021560.0,6.0815605684314e-05,6.0815605684314e-05,6.0815605684314e-05,6.0815605684314e-05,0.0,0.0,0.0,0.0,0.648796566432217,0.0
1732021620.0,6.0815605684314e-05,6.0815605684314e-05,6.0815605684314e-05,6.0815605684314e-05,0.0,0.0,0.0,0.0,0.648796566432217,0.0
1732021680.0,6.0815605684314e-05,6.0815605684314e-05,6.0815605684314e-05,6.0815605684314e-05,0.0,0.0,0.0,0.0,0.648796566432217,0.0
1732021740.0,6.0815605684314e-05,6.0815605684314e-05,6.0815605684314e-05,6.0815605684314e-05,0.0,0.0,0.0,0.0,0.648796566432217,0.0
1732021800.0,6.0815605684314e-05,6.0815605684314e-05,6.0815605684314e-05,6.0815605684314e-05,0.0,0.0,0.0,0.0,0.648796566432217,0.0
1732021860.0,6.0815605684314e-05,6.0815605684314e-05,6.07001877096909e-05,6.07001877096909e-05,6.96835146189,0.0004233823782699187,-0.0018978348291427203,0.0,0.648796566432217,0.0018978348291427203
1732021920.0,6.07001877096909e-05,6.07001877096909e-05,6.07001877096909e-05,6.07001877096909e-05,0.0,0.0,0.0,-1.0,0.6475652577114137,0.0
1732021980.0,6.07001877096909e-05,6.07001877096909e-05,6.07001877096909e-05,6.07001877096909e-05,0.0,0.0,0.0,0.0,0.6475652577114137,0.0
1732022040.0,6.07001877096909e-05,6.07001877096909e-05,6.0666772252698e-05,6.0666772252698e-05,2.58482071819,0.00015685591630725955,-0.0005505000602752321,0.0,0.6475652577114137,0.0005505000602752321
1732022100.0,6.0666772252698e-05,6.0666772252698e-05,6.0666772252698e-05,6.0666772252698e-05,0.0,0.0,0.0,-1.0,0.6472087729980114,0.0
1732022160.0,6.0666772252698e-05,6.0666772252698e-05,6.0666772252698e-05,6.0666772252698e-05,0.0,0.0,0.0,0.0,0.6472087729980114,0.0
1732022220.0,6.0666772252698e-05,6.0666772252698e-05,6.0666772252698e-05,6.0666772252698e-05,0.0,0.0,0.0,0.0,0.6472087729980114,0.0
1732022280.0,6.0666772252698e-05,6.0666772252698e-05,6.0666772252698e-05,6.0666772252698e-05,0.0,0.0,0.0,0.0,0.6472087729980114,0.0
1732022340.0,6.0666772252698e-05,6.0666772252698e-05,6.02153208606372e-05,6.02153208606372e-05,54.0222174831,0.0032651593619904694,-0.007441493511148904,0.0,0.6472087729980114,0.007441493511148904
1732022400.0,6.02153208606372e-05,6.02153208606372e-05,6.02153208606372e-05,6.02153208606372e-05,0.0,0.0,0.0,-1.0,0.642392573113388,0.0
1732022460.0,6.02153208606372e-05,6.02153208606372e-05,6.02153208606372e-05,6.02153208606372e-05,0.0,0.0,0.0,0.0,0.642392573113388,0.0
1732022520.0,6.02153208606372e-05,6.02153208606372e-05,6.02153208606372e-05,6.02153208606372e-05,0.0,0.0,0.0,0.0,0.642392573113388,0.0
1732022580.0,6.02153208606372e-05,6.02153208606372e-05,6.02153208606372e-05,6.02153208606372e-05,0.0,0.0,0.0,0.0,0.642392573113388,0.0
1732022640.0,6.02153208606372e-05,6.02153208606372e-05,6.02153208606372e-05,6.02153208606372e-05,0.0,0.0,0.0,0.0,0.642392573113388,0.0
1732022700.0,6.02153208606372e-05,6.02153208606372e-05,6.02153208606372e-05,6.02153208606372e-05,0.0,0.0,0.0,0.0,0.642392573113388,0.0
1732022760.0,6.02153208606372e-05,6.02153208606372e-05,5.97739312651186e-05,5.97739312651186e-05,1.7317247829,0.00010389418079390391,-0.007330187553764818,0.0,0.642392573113388,0.007330187553764818
1732022820.0,5.97739312651186e-05,5.97739312651186e-05,5.97739312651186e-05,5.97739312651186e-05,0.0,0.0,0.0,-1.0,0.6376837150693213,0.0
1732022880.0,5.97739312651186e-05,5.97739312651186e-05,5.97739312651186e-05,5.97739312651186e-05,0.0,0.0,0.0,0.0,0.6376837150693213,0.0
1732022940.0,5.97739312651186e-05,5.97739312651186e-05,5.97739312651186e-05,5.97739312651186e-05,0.0,0.0,0.0,0.0,0.6376837150693213,0.0
1732023000.0,5.97739312651186e-05,5.97739312651186e-05,5.97739312651186e-05,5.97739312651186e-05,0.0,0.0,0.0,0.0,0.6376837150693213,0.0
1732023060.0,5.97739312651186e-05,5.97739312651186e-05,5.92021865790069e-05,5.92021865790069e-05,117.7279272444,0.007003405872687183,-0.009565117669370167,0.0,0.6376837150693213,0.009565117669370167
1732023120.0,5.92021865790069e-05,5.92021865790069e-05,5.92021865790069e-05,5.92021865790069e-05,0.0,0.0,0.0,-1.0,0.6315841952988421,0.0
1732023180.0,5.92021865790069e-05,5.92021865790069e-05,5.85432508683965e-05,5.85432508683965e-05,49.540334184,0.0029165741598928163,-0.011130259686118629,0.0,0.6315841952988421,0.011130259686118629
1732023240.0,5.85432508683965e-05,5.85432508683965e-05,5.85432508683965e-05,5.85432508683965e-05,0.0,0.0,0.0,-1.0,0.6245544991915177,0.0
1732023300.0,5.85432508683965e-05,5.85432508683965e-05,5.85432508683965e-05,5.85432508683965e-05,0.0,0.0,0.0,0.0,0.6245544991915177,0.0
1732023360.0,5.85432508683965e-05,5.85432508683965e-05,5.85432508683965e-05,5.85432508683965e-05,0.0,0.0,0.0,0.0,0.6245544991915177,0.0
1732023420.0,5.85432508683965e-05,5.85432508683965e-05,5.81542897784724e-05,5.81542897784724e-05,3.20005610364,0.00018671933861339493,-0.006643995407745173,0.0,0.6245544991915177,0.006643995407745173
1732023480.0,5.81542897784724e-05,5.81542897784724e-05,5.81542897784724e-05,5.81542897784724e-05,0.0,0.0,0.0,-1.0,0.6204049619670028,0.0
1732023540.0,5.81542897784724e-05,5.83288361942234e-05,5.805732731243e-05,5.83288361942234e-05,25.46295202055,0.0014830021239232174,0.0030014366337530883,0.0,0.6204049619670028,0.004668767907366179
1732023600.0,5.83288361942234e-05,5.83288361942234e-05,5.80641854528004e-05,5.80641854528004e-05,18.2845954757,0.001064099658505112,-0.004537219644530007,-0.28246922823678583,0.6222670681476127,0.004537219644530007
1732023660.0,5.80641854528004e-05,5.80641854528004e-05,5.80641854528004e-05,5.80641854528004e-05,0.0,0.0,0.0,-1.0,0.6194437057818692,0.0
1732023720.0,5.80641854528004e-05,5.80641854528004e-05,5.80641854528004e-05,5.80641854528004e-05,0.0,0.0,0.0,0.0,0.6194437057818692,0.0
1732023780.0,5.80641854528004e-05,5.80641854528004e-05,5.80641854528004e-05,5.80641854528004e-05,0.0,0.0,0.0,0.0,0.6194437057818692,0.0
1732023840.0,5.80641854528004e-05,5.80641854528004e-05,5.80641854528004e-05,5.80641854528004e-05,0.0,0.0,0.0,0.0,0.6194437057818692,0.0
1732023900.0,5.80641854528004e-05,5.80641854528004e-05,5.73178630566018e-05,5.73178630566018e-05,69.14293451255,0.0039889267120047315,-0.012853403356622927,0.0,0.6194437057818692,0.012853403356622927
1732023960.0,5.73178630566018e-05,7.94598136552788e-05,5.73178630566018e-05,5.98041856154622e-05,5095.75418571972,0.2984125848803695,0.04337779579125518,73.81024506724893,0.6114817459747336,0.3863010485372015
1732024020.0,5.98041856154622e-05,6.36970656026e-05,5.98041856154622e-05,6.36970656026e-05,674.91677216286,0.04167653291508451,0.06509377139869123,-0.8603392248628113,0.6380064762817058,0.06509377139869123
1732024080.0,6.36970656026e-05,6.6568406116271e-05,6.36970656026e-05,6.48231080162521e-05,489.7054503196,0.03146851474858657,0.01767808929656782,-0.24493443797968192,0.6795367239996717,0.04507806578697092
1732024140.0,6.48231080162521e-05,6.48231080162521e-05,6.48231080162521e-05,6.48231080162521e-05,0.0,0.0,0.0,-1.0,0.6915496348868351,0.0
1732024200.0,6.48231080162521e-05,6.48231080162521e-05,6.48231080162521e-05,6.48231080162521e-05,0.0,0.0,0.0,0.0,0.6915496348868351,0.0
1732024260.0,6.48231080162521e-05,6.64847792847996e-05,6.44428824578384e-05,6.44428824578384e-05,501.15402722861,0.032391085854892795,-0.005865586671937542,0.0,0.6915496348868351,0.031499520609984656
1732024320.0,6.44428824578384e-05,6.44428824578384e-05,6.30773577794818e-05,6.34654572932058e-05,200.72770042618,0.012837373451778827,-0.015167309830873537,-0.6036757301287047,0.6874932905654595,0.021189689633296448
1732024380.0,6.34654572932058e-05,6.35589825726703e-05,6.28626253472897e-05,6.28626253472897e-05,175.21142927991,0.011067061958815901,-0.00949858350710478,-0.13790293626751354,0.6770658668208065,0.01097222418430683
1732024440.0,6.28626253472897e-05,6.28626253472897e-05,6.28626253472897e-05,6.28626253472897e-05,0.0,0.0,0.0,-1.0,0.6706347001449987,0.0
1732024500.0,6.28626253472897e-05,6.28626253472897e-05,6.28626253472897e-05,6.28626253472897e-05,0.0,0.0,0.0,0.0,0.6706347001449987,0.0
1732024560.0,6.28626253472897e-05,6.28626253472897e-05,6.28626253472897e-05,6.28626253472897e-05,0.0,0.0,0.0,0.0,0.6706347001449987,0.0
1732024620.0,6.28626253472897e-05,6.28626253472897e-05,6.28626253472897e-05,6.28626253472897e-05,0.0,0.0,0.0,0.0,0.6706347001449987,0.0
1732024680.0,6.28626253472897e-05,6.28626253472897e-05,6.28626253472897e-05,6.28626253472897e-05,0.0,0.0,0.0,0.0,0.6706347001449987,0.0
1732024740.0,6.28626253472897e-05,6.28626253472897e-05,6.28626253472897e-05,6.28626253472897e-05,0.0,0.0,0.0,0.0,0.6706347001449987,0.0
1732024800.0,6.28626253472897e-05,6.28626253472897e-05,6.28626253472897e-05,6.28626253472897e-05,0.0,0.0,0.0,0.0,0.6706347001449987,0.0
1732024860.0,6.28626253472897e-05,6.28626253472897e-05,6.28626253472897e-05,6.28626253472897e-05,0.0,0.0,0.0,0.0,0.6706347001449987,0.0
1732024920.0,6.28626253472897e-05,6.28626253472897e-05,6.28626253472897e-05,6.28626253472897e-05,0.0,0.0,0.0,0.0,0.6706347001449987,0.0
1732024980.0,6.28626253472897e-05,6.28626253472897e-05,6.28626253472897e-05,6.28626253472897e-05,0.0,0.0,0.0,0.0,0.6706347001449987,0.0
1732025040.0,6.28626253472897e-05,6.28626253472897e-05,6.21304902305492e-05,6.21304902305492e-05,20.28554602935,0.001267776799703058,-0.01164658829782797,0.0,0.6706347001449987,0.01164658829782797
1732025100.0,6.21304902305492e-05,6.21304902305492e-05,6.21304902305492e-05,6.21304902305492e-05,0.0,0.0,0.0,-1.0,0.6628240938941726,0.0
1732025160.0,6.21304902305492e-05,6.21304902305492e-05,6.21304902305492e-05,6.21304902305492e-05,0.0,0.0,0.0,0.0,0.6628240938941726,0.0
1732025220.0,6.21304902305492e-05,6.21304902305492e-05,6.21304902305492e-05,6.21304902305492e-05,0.0,0.0,0.0,0.0,0.6628240938941726,0.0
1732025280.0,6.21304902305492e-05,6.21304902305492e-05,6.21304902305492e-05,6.21304902305492e-05,0.0,0.0,0.0,0.0,0.6628240938941726,0.0
1732025340.0,6.21304902305492e-05,6.21304902305492e-05,6.21304902305492e-05,6.21304902305492e-05,0.0,0.0,0.0,0.0,0.6628240938941726,0.0
1732025400.0,6.21304902305492e-05,6.24669941033855e-05,6.21304902305492e-05,6.24669941033855e-05,2.4104,0.00015016488811925814,0.005416082692855346,0.0,0.6628240938941726,0.005416082692855346
1732025460.0,6.24669941033855e-05,6.24669941033855e-05,6.24669941033855e-05,6.24669941033855e-05,0.0,0.0,0.0,-1.0,0.6664140039975204,0.0
1732025520.0,6.24669941033855e-05,6.24669941033855e-05,6.24669941033855e-05,6.24669941033855e-05,0.0,0.0,0.0,0.0,0.6664140039975204,0.0
1732025580.0,6.24669941033855e-05,6.24669941033855e-05,6.24669941033855e-05,6.24669941033855e-05,0.0,0.0,0.0,0.0,0.6664140039975204,0.0
1732025640.0,6.24669941033855e-05,6.24669941033855e-05,6.24669941033855e-05,6.24669941033855e-05,0.0,0.0,0.0,0.0,0.6664140039975204,0.0
1732025700.0,6.24669941033855e-05,6.24669941033855e-05,6.24669941033855e-05,6.24669941033855e-05,0.0,0.0,0.0,0.0,0.6664140039975204,0.0
1732025760.0,6.24669941033855e-05,6.24669941033855e-05,6.24669941033855e-05,6.24669941033855e-05,0.0,0.0,0.0,0.0,0.6664140039975204,0.0
1732025820.0,6.24669941033855e-05,6.24669941033855e-05,6.18805674097302e-05,6.18805674097302e-05,35.98219773101,0.002237149272866929,-0.009387784734522996,0.0,0.6664140039975204,0.009387784734522996
1732025880.0,6.18805674097302e-05,6.18805674097302e-05,6.16643377579547e-05,6.16643377579547e-05,22.6916597822,0.001401719477944634,-0.003494306222885418,-0.3734349804256394,0.6601578527839201,0.003494306222885418
1732025940.0,6.16643377579547e-05,6.16643377579547e-05,6.16643377579547e-05,6.16643377579547e-05,0.0,0.0,0.0,-1.0,0.6578510590908506,0.0
1732026000.0,6.16643377579547e-05,6.16643377579547e-05,6.16643377579547e-05,6.16643377579547e-05,0.0,0.0,0.0,0.0,0.6578510590908506,0.0
1732026060.0,6.16643377579547e-05,6.16643377579547e-05,6.16643377579547e-05,6.16643377579547e-05,0.0,0.0,0.0,0.0,0.6578510590908506,0.0
1732026120.0,6.16643377579547e-05,6.16643377579547e-05,6.16643377579547e-05,6.16643377579547e-05,0.0,0.0,0.0,0.0,0.6578510590908506,0.0
1732026180.0,6.16643377579547e-05,6.16643377579547e-05,6.16643377579547e-05,6.16643377579547e-05,0.0,0.0,0.0,0.0,0.6578510590908506,0.0
1732026240.0,6.16643377579547e-05,6.16643377579547e-05,6.16643377579547e-05,6.16643377579547e-05,0.0,0.0,0.0,0.0,0.6578510590908506,0.0
1732026300.0,6.16643377579547e-05,6.16643377579547e-05,6.16643377579547e-05,6.16643377579547e-05,0.0,0.0,0.0,0.0,0.6578510590908506,0.0
1732026360.0,6.16643377579547e-05,6.16643377579547e-05,6.16643377579547e-05,6.16643377579547e-05,0.0,0.0,0.0,0.0,0.6578510590908506,0.0
1732026420.0,6.16643377579547e-05,6.16643377579547e-05,6.08267398114878e-05,6.08267398114878e-05,112.01396203135,0.006860355456021341,-0.01358318238581671,0.0,0.6578510590908506,0.01358318238581671
1732026480.0,6.08267398114878e-05,6.08267398114878e-05,6.08267398114878e-05,6.08267398114878e-05,0.0,0.0,0.0,-1.0,0.6489153481725168,0.0
1732026540.0,6.08267398114878e-05,6.08267398114878e-05,6.08267398114878e-05,6.08267398114878e-05,0.0,0.0,0.0,0.0,0.6489153481725168,0.0
1732026600.0,6.08267398114878e-05,6.08267398114878e-05,6.08267398114878e-05,6.08267398114878e-05,0.0,0.0,0.0,0.0,0.6489153481725168,0.0
1732026660.0,6.08267398114878e-05,6.08267398114878e-05,6.03652691217907e-05,6.03652691217907e-05,1.92522970968,0.00011666122808707585,-0.007586641847438706,0.0,0.6489153481725168,0.007586641847438706
1732026720.0,6.03652691217907e-05,6.03652691217907e-05,6.03652691217907e-05,6.03652691217907e-05,0.0,0.0,0.0,-1.0,0.643992259836626,0.0
1732026780.0,6.03652691217907e-05,6.03652691217907e-05,6.01843939433695e-05,6.01843939433695e-05,52.756963144,0.0031799170656751368,-0.00299634510129111,0.0,0.643992259836626,0.00299634510129111
1732026840.0,6.01843939433695e-05,6.01843939433695e-05,6.01843939433695e-05,6.01843939433695e-05,0.0,0.0,0.0,-1.0,0.6420626367835951,0.0
1732026900.0,6.01843939433695e-05,6.01843939433695e-05,6.01843939433695e-05,6.01843939433695e-05,0.0,0.0,0.0,0.0,0.6420626367835951,0.0
1732026960.0,6.01843939433695e-05,6.01843939433695e-05,6.01843939433695e-05,6.01843939433695e-05,0.0,0.0,0.0,0.0,0.6420626367835951,0.0
1732027020.0,6.01843939433695e-05,6.01843939433695e-05,6.01843939433695e-05,6.01843939433695e-05,0.0,0.0,0.0,0.0,0.6420626367835951,0.0
1732027080.0,6.01843939433695e-05,6.09969638068038e-05,6.01843939433695e-05,6.09969638068038e-05,206.97160578094,0.012540550102133964,0.013501338307051592,0.0,0.6420626367835951,0.013501338307051592
1732027140.0,6.09969638068038e-05,6.09969638068038e-05,6.09969638068038e-05,6.09969638068038e-05,0.0,0.0,0.0,-1.0,0.6507313416571281,0.0
1732027200.0,6.09969638068038e-05,6.09969638068038e-05,6.09969638068038e-05,6.09969638068038e-05,0.0,0.0,0.0,0.0,0.6507313416571281,0.0
1732027260.0,6.09969638068038e-05,6.09969638068038e-05,6.09969638068038e-05,6.09969638068038e-05,0.0,0.0,0.0,0.0,0.6507313416571281,0.0
1732027320.0,6.09969638068038e-05,6.09969638068038e-05,6.09969638068038e-05,6.09969638068038e-05,0.0,0.0,0.0,0.0,0.6507313416571281,0.0
1732027380.0,6.09969638068038e-05,6.09969638068038e-05,6.09969638068038e-05,6.09969638068038e-05,0.0,0.0,0.0,0.0,0.6507313416571281,0.0
1732027440.0,6.09969638068038e-05,6.16224158733901e-05,6.0728134348543e-05,6.0728134348543e-05,227.0687594016,0.013819983513086293,-0.004407259664796889,0.0,0.6507313416571281,0.014661082602071294
1732027500.0,6.0728134348543e-05,6.0728134348543e-05,6.0728134348543e-05,6.0728134348543e-05,0.0,0.0,0.0,-1.0,0.6478633996624235,0.0
1732027560.0,6.0728134348543e-05,6.0728134348543e-05,6.00209834672013e-05,6.00209834672013e-05,17.51053604355,0.001057190889869728,-0.011644534924835323,0.0,0.6478633996624235,0.011644534924835323
1732027620.0,6.00209834672013e-05,6.02805958346385e-05,6.00209834672013e-05,6.02805958346385e-05,2.4054,0.00014468670942632274,0.004325360106421218,-0.8631404121878578,0.6403193316785318,0.004325360106421218
1732027680.0,6.02805958346385e-05,6.02805958346385e-05,5.98732846769965e-05,5.98732846769965e-05,38.7512502014,0.0023280565431877437,-0.006756919901046259,15.090327525025614,0.6430889433711444,0.006756919901046259
1732027740.0,5.98732846769965e-05,5.98732846769965e-05,5.98732846769965e-05,5.98732846769965e-05,0.0,0.0,0.0,-1.0,0.6387436428915371,0.0
1732027800.0,5.98732846769965e-05,6.00358846101439e-05,5.98732846769965e-05,6.00358846101439e-05,0.24073,1.4432867161246654e-05,0.0027157343049507296,0.0,0.6387436428915371,0.0027157343049507296
1732027860.0,6.00358846101439e-05,6.00358846101439e-05,6.00358846101439e-05,6.00358846101439e-05,0.0,0.0,0.0,-1.0,0.6404783009146069,0.0
1732027920.0,6.00358846101439e-05,6.83260716740059e-05,5.44814348404996e-05,5.51719534834244e-05,3085.5818654779,0.17774160799121416,-0.08101706434917212,0.0,0.6404783009146069,0.23060602710211517
1732027980.0,5.51719534834244e-05,5.51719534834244e-05,5.47609653283611e-05,5.47609653283611e-05,156.1010194326,0.008580320347860484,-0.0074492224602265575,-0.9517258764290879,0.5885886291951598,0.0074492224602265575
1732028040.0,5.47609653283611e-05,5.47609653283611e-05,5.45897834582834e-05,5.45897834582834e-05,20.01550102959,0.0010943550124627602,-0.003125983427268877,-0.8724575577489203,0.5842041015587252,0.003125983427268877
1732028100.0,5.45897834582834e-05,5.45897834582834e-05,5.45897834582834e-05,5.45897834582834e-05,0.0,0.0,0.0,-1.0,0.58237788921911,0.0
1732028160.0,5.45897834582834e-05,5.45897834582834e-05,5.45897834582834e-05,5.45897834582834e-05,0.0,0.0,0.0,0.0,0.58237788921911,0.0
1732028220.0,5.45897834582834e-05,5.61157540929677e-05,5.35680088858185e-05,5.61157540929677e-05,546.01518161212,0.030223452095756873,0.02795341065696696,0.0,0.58237788921911,0.04667073297874761
1732028280.0,5.61157540929677e-05,5.73102961649584e-05,4.44387405152211e-05,4.54513773685347e-05,4208.14652462304,0.21370468563782635,-0.19004247375461064,6.07082317932268,0.5986573375139895,0.22937508116549282
1732028340.0,4.54513773685347e-05,4.71551398968921e-05,4.54513773685347e-05,4.71551398968921e-05,424.99996415971,0.019678883259380976,0.037485388276415316,-0.9079155274455164,0.48488701616148205,0.037485388276415316
1732028400.0,4.71551398968921e-05,4.71551398968921e-05,3.71040955259892e-05,4.03353377647482e-05,1794.91727487911,0.07851908487115151,-0.14462478845478688,2.9900173112578052,0.5030631942324877,0.21314843711375228
1732028460.0,4.03353377647482e-05,4.03353377647482e-05,3.30110909943709e-05,3.30110909943709e-05,670.30165577406,0.02458211632117583,-0.18158387102384593,-0.6869281352232433,0.43030778618722476,0.18158387102384593
1732028520.0,3.30110909943709e-05,3.30110909943709e-05,2.68760645771727e-05,2.68760645771727e-05,1128.32996929191,0.03378623620350981,-0.18584742983030625,0.37442341261745854,0.3521708326396471,0.18584742983030625
1732028580.0,2.68760645771727e-05,2.68760645771727e-05,2.61262534788779e-05,2.61262534788779e-05,2.7310531842,7.237607474847907e-05,-0.027898842709719308,-0.997857823691502,0.28672078853236976,0.027898842709719308
1732028640.0,2.61262534788779e-05,2.61262534788779e-05,2.60211026944353e-05,2.60211026944353e-05,56.52562508712,0.0014738309521686074,-0.004024717303137636,19.363510418193535,0.2787216103514985,0.004024717303137636
1732028700.0,2.60211026944353e-05,2.60211026944353e-05,2.58619644679529e-05,2.58619644679529e-05,15.0226432209,0.0003897104035932752,-0.006115737228785198,-0.7355799842445621,0.2775998346635584,0.006115737228785198
1732028760.0,2.58619644679529e-05,2.58619644679529e-05,2.58619644679529e-05,2.58619644679529e-05,0.0,0.0,0.0,-1.0,0.2759021070200019,0.0
1732028820.0,2.58619644679529e-05,2.58619644679529e-05,2.58619644679529e-05,2.58619644679529e-05,0.0,0.0,0.0,0.0,0.2759021070200019,0.0
1732028880.0,2.58619644679529e-05,2.58619644679529e-05,2.42830978543383e-05,2.42830978543383e-05,376.22080214081,0.009432807785146652,-0.061049755735727844,0.0,0.2759021070200019,0.061049755735727844
1732028940.0,2.42830978543383e-05,2.42830978543383e-05,1.96587729315605e-05,1.96587729315605e-05,999.03531167609,0.02194974028811044,-0.19043389564695276,1.326957231406066,0.2590583507794581,0.19043389564695276
1732029000.0,1.96587729315605e-05,1.96587729315605e-05,1.88054030250298e-05,1.88054030250298e-05,122.981463924,0.002365190333885899,-0.04340911355462507,-0.8922451790845537,0.20972485984065112,0.04340911355462507
1732029060.0,1.88054030250298e-05,1.88054030250298e-05,1.73705789957316e-05,1.73705789957316e-05,382.07540434264,0.006910976479037243,-0.07629849928706466,1.921953628857778,0.20062088958460045,0.07629849928706466
1732029120.0,1.73705789957316e-05,1.73705789957316e-05,1.70094477314459e-05,1.70094477314459e-05,6.50295e-06,1.1178579740274945e-10,-0.02078982308962973,-0.9999999838248911,0.18531381678365955,0.02078982308962973
1732029180.0,1.70094477314459e-05,1.70265380328129e-05,1.70094477314459e-05,1.70265380328129e-05,66.80007969369,0.0011368032807528932,0.001004753454481749,10169477.656194054,0.1814611753166632,0.001004753454481749
1732029240.0,1.70265380328129e-05,1.74629415115501e-05,1.70265380328129e-05,1.74629415115501e-05,240.71,0.0041509813105618095,0.025630781659558764,2.65145085419938,0.18164349905941693,0.025630781659558764
1732029300.0,1.74629415115501e-05,1.80188261665859e-05,1.74629415115501e-05,1.80188261665859e-05,24.061,0.00042686340605181515,0.031832246283831155,-0.8971656641850692,0.18629916392368712,0.031832246283831155
1732029360.0,1.80188261665859e-05,1.80188261665859e-05,1.80188261665859e-05,1.80188261665859e-05,0.0,0.0,0.0,-1.0,0.19222948479217777,0.0
1732029420.0,1.80188261665859e-05,1.80188261665859e-05,1.80188261665859e-05,1.80188261665859e-05,0.0,0.0,0.0,0.0,0.19222948479217777,0.0
1732029480.0,1.80188261665859e-05,1.80188261665859e-05,1.78973907757048e-05,1.78973907757048e-05,0.51315579168,9.215307369585907e-06,-0.00673936191838574,0.0,0.19222948479217777,0.00673936191838574
1732029540.0,1.78973907757048e-05,1.79989408762073e-05,1.78973907757048e-05,1.79989408762073e-05,0.023969,4.301995866823406e-07,0.005674017055064399,-0.9533168488658159,0.19093398072277845,0.005674017055064399
1732029600.0,1.79989408762073e-05,1.81271205315392e-05,1.79989408762073e-05,1.81271205315392e-05,34.87579615334,0.000629962576739805,0.007121510994090815,1463.3495629505787,0.19201734338579082,0.007121510994090815
1732029660.0,1.81271205315392e-05,1.81271205315392e-05,1.81271205315392e-05,1.81271205315392e-05,0.0,0.0,0.0,-1.0,0.19338479700776887,0.0
1732029720.0,1.81271205315392e-05,1.81271205315392e-05,1.79892128673062e-05,1.80435781217264e-05,26.7130961244,0.0004831156750056948,-0.004608697209655864,0.0,0.19338479700776887,0.007607808641921779
1732029780.0,1.80435781217264e-05,1.80435781217264e-05,1.80435781217264e-05,1.80435781217264e-05,0.0,0.0,0.0,-1.0,0.1924935450334093,0.0
1732029840.0,1.80435781217264e-05,1.80435781217264e-05,1.79117736770022e-05,1.79117736770022e-05,18.58825496973,0.00033417362338055367,-0.007304784219350332,0.0,0.1924935450334093,0.007304784219350332
1732029900.0,1.79117736770022e-05,1.79117736770022e-05,1.79117736770022e-05,1.79117736770022e-05,0.0,0.0,0.0,-1.0,0.19108742122332242,0.0
1732029960.0,1.79117736770022e-05,1.79117736770022e-05,1.79117736770022e-05,1.79117736770022e-05,0.0,0.0,0.0,0.0,0.19108742122332242,0.0
1732030020.0,1.79117736770022e-05,1.79117736770022e-05,1.79117736770022e-05,1.79117736770022e-05,0.0,0.0,0.0,0.0,0.19108742122332242,0.0
1732030080.0,1.79117736770022e-05,1.79117736770022e-05,1.79117736770022e-05,1.79117736770022e-05,0.0,0.0,0.0,0.0,0.19108742122332242,0.0
1732030140.0,1.79117736770022e-05,1.79117736770022e-05,1.79117736770022e-05,1.79117736770022e-05,0.0,0.0,0.0,0.0,0.19108742122332242,0.0
1732030200.0,1.79117736770022e-05,1.79117736770022e-05,1.79117736770022e-05,1.79117736770022e-05,0.0,0.0,0.0,0.0,0.19108742122332242,0.0
1732030260.0,1.79117736770022e-05,1.79117736770022e-05,1.79117736770022e-05,1.79117736770022e-05,0.0,0.0,0.0,0.0,0.19108742122332242,0.0
1732030320.0,1.79117736770022e-05,1.79117736770022e-05,1.79117736770022e-05,1.79117736770022e-05,0.0,0.0,0.0,0.0,0.19108742122332242,0.0
1732030380.0,1.79117736770022e-05,1.79117736770022e-05,1.79117736770022e-05,1.79117736770022e-05,0.0,0.0,0.0,0.0,0.19108742122332242,0.0
1732030440.0,1.79117736770022e-05,1.79117736770022e-05,1.79117736770022e-05,1.79117736770022e-05,0.0,0.0,0.0,0.0,0.19108742122332242,0.0
1732030500.0,1.79117736770022e-05,1.79117736770022e-05,1.79117736770022e-05,1.79117736770022e-05,0.0,0.0,0.0,0.0,0.19108742122332242,0.0
1732030560.0,1.79117736770022e-05,1.79117736770022e-05,1.79117736770022e-05,1.79117736770022e-05,0.0,0.0,0.0,0.0,0.19108742122332242,0.0
1732030620.0,1.79117736770022e-05,1.79117736770022e-05,1.79117736770022e-05,1.79117736770022e-05,0.0,0.0,0.0,0.0,0.19108742122332242,0.0
1732030680.0,1.79117736770022e-05,1.79117736770022e-05,1.79117736770022e-05,1.79117736770022e-05,0.0,0.0,0.0,0.0,0.19108742122332242,0.0
1732030740.0,1.79117736770022e-05,1.80985224360299e-05,1.79117736770022e-05,1.80985224360299e-05,27.49827968124,0.0004951105969602131,0.010426033869972233,0.0,0.19108742122332242,0.010426033869972233
1732030800.0,1.80985224360299e-05,1.80985224360299e-05,1.80985224360299e-05,1.80985224360299e-05,0.0,0.0,0.0,-1.0,0.19307970514912245,0.0
1732030860.0,1.80985224360299e-05,1.80985224360299e-05,1.80985224360299e-05,1.80985224360299e-05,0.0,0.0,0.0,0.0,0.19307970514912245,0.0
1732030920.0,1.80985224360299e-05,1.80985224360299e-05,1.80985224360299e-05,1.80985224360299e-05,0.0,0.0,0.0,0.0,0.19307970514912245,0.0
1732030980.0,1.80985224360299e-05,1.80985224360299e-05,1.80184529072127e-05,1.80184529072127e-05,12.06842797791,0.00021793755785493732,-0.004424092027413377,0.0,0.19307970514912245,0.004424092027413377
1732031040.0,1.80184529072127e-05,1.80184529072127e-05,1.80184529072127e-05,1.80184529072127e-05,0.0,0.0,0.0,-1.0,0.19222550276491687,0.0
1732031100.0,1.80184529072127e-05,1.80184529072127e-05,1.80184529072127e-05,1.80184529072127e-05,0.0,0.0,0.0,0.0,0.19222550276491687,0.0
1732031160.0,1.80184529072127e-05,1.80184529072127e-05,1.80184529072127e-05,1.80184529072127e-05,0.0,0.0,0.0,0.0,0.19222550276491687,0.0
1732031220.0,1.80184529072127e-05,1.80426253707466e-05,1.80184529072127e-05,1.80426253707466e-05,1.56351095164,2.8190945407768343e-05,0.0013415393462678632,0.0,0.19222550276491687,0.0013415393462678632
1732031280.0,1.80426253707466e-05,1.80426253707466e-05,1.80426253707466e-05,1.80426253707466e-05,0.0,0.0,0.0,-1.0,0.19248338084023214,0.0
1732031340.0,1.80426253707466e-05,1.80426253707466e-05,1.80426253707466e-05,1.80426253707466e-05,0.0,0.0,0.0,0.0,0.19248338084023214,0.0
1732031400.0,1.80426253707466e-05,1.80426253707466e-05,1.80426253707466e-05,1.80426253707466e-05,0.0,0.0,0.0,0.0,0.19248338084023214,0.0
1732031460.0,1.80426253707466e-05,1.80426253707466e-05,1.80426253707466e-05,1.80426253707466e-05,0.0,0.0,0.0,0.0,0.19248338084023214,0.0
1732031520.0,1.80426253707466e-05,1.80426253707466e-05,1.80426253707466e-05,1.80426253707466e-05,0.0,0.0,0.0,0.0,0.19248338084023214,0.0
1732031580.0,1.80426253707466e-05,1.80426253707466e-05,1.80426253707466e-05,1.80426253707466e-05,0.0,0.0,0.0,0.0,0.19248338084023214,0.0
1732031640.0,1.80426253707466e-05,1.80426253707466e-05,1.80426253707466e-05,1.80426253707466e-05,0.0,0.0,0.0,0.0,0.19248338084023214,0.0
1732031700.0,1.80426253707466e-05,1.80426253707466e-05,1.80426253707466e-05,1.80426253707466e-05,0.0,0.0,0.0,0.0,0.19248338084023214,0.0
1732031760.0,1.80426253707466e-05,1.80426253707466e-05,1.80426253707466e-05,1.80426253707466e-05,0.0,0.0,0.0,0.0,0.19248338084023214,0.0
1732031820.0,1.80426253707466e-05,1.80426253707466e-05,1.80426253707466e-05,1.80426253707466e-05,0.0,0.0,0.0,0.0,0.19248338084023214,0.0
1732031880.0,1.80426253707466e-05,1.80426253707466e-05,1.80426253707466e-05,1.80426253707466e-05,0.0,0.0,0.0,0.0,0.19248338084023214,0.0
1732031940.0,1.80426253707466e-05,1.80426253707466e-05,1.80426253707466e-05,1.80426253707466e-05,0.0,0.0,0.0,0.0,0.19248338084023214,0.0
1732032000.0,1.80426253707466e-05,1.80426253707466e-05,1.80426253707466e-05,1.80426253707466e-05,0.0,0.0,0.0,0.0,0.19248338084023214,0.0
1732032060.0,1.80426253707466e-05,1.81920698769224e-05,1.80426253707466e-05,1.81920698769224e-05,9.40736295508,0.00017043646488076734,0.008282858126517497,0.0,0.19248338084023214,0.008282858126517497
1732032120.0,1.81920698769224e-05,1.81920698769224e-05,1.81920698769224e-05,1.81920698769224e-05,0.0,0.0,0.0,-1.0,0.19407769337544423,0.0
1732032180.0,1.81920698769224e-05,1.81920698769224e-05,1.81920698769224e-05,1.81920698769224e-05,0.0,0.0,0.0,0.0,0.19407769337544423,0.0
1732032240.0,1.81920698769224e-05,1.81920698769224e-05,1.81920698769224e-05,1.81920698769224e-05,0.0,0.0,0.0,0.0,0.19407769337544423,0.0
1732032300.0,1.81920698769224e-05,1.81920698769224e-05,1.81920698769224e-05,1.81920698769224e-05,0.0,0.0,0.0,0.0,0.19407769337544423,0.0
1732032360.0,1.81920698769224e-05,1.81920698769224e-05,1.81920698769224e-05,1.81920698769224e-05,0.0,0.0,0.0,0.0,0.19407769337544423,0.0
1732032420.0,1.81920698769224e-05,1.81920698769224e-05,1.81920698769224e-05,1.81920698769224e-05,0.0,0.0,0.0,0.0,0.19407769337544423,0.0
1732032480.0,1.81920698769224e-05,1.81920698769224e-05,1.81920698769224e-05,1.81920698769224e-05,0.0,0.0,0.0,0.0,0.19407769337544423,0.0
1732032540.0,1.81920698769224e-05,1.81920698769224e-05,1.81920698769224e-05,1.81920698769224e-05,0.0,0.0,0.0,0.0,0.19407769337544423,0.0
1732032600.0,1.81920698769224e-05,1.81920698769224e-05,1.81920698769224e-05,1.81920698769224e-05,0.0,0.0,0.0,0.0,0.19407769337544423,0.0
1732032660.0,1.81920698769224e-05,1.81920698769224e-05,1.81920698769224e-05,1.81920698769224e-05,0.0,0.0,0.0,0.0,0.19407769337544423,0.0
1732032720.0,1.81920698769224e-05,1.81920698769224e-05,1.81920698769224e-05,1.81920698769224e-05,0.0,0.0,0.0,0.0,0.19407769337544423,0.0
1732032780.0,1.81920698769224e-05,1.81920698769224e-05,1.81920698769224e-05,1.81920698769224e-05,0.0,0.0,0.0,0.0,0.19407769337544423,0.0
1732032840.0,1.81920698769224e-05,1.81920698769224e-05,1.81920698769224e-05,1.81920698769224e-05,0.0,0.0,0.0,0.0,0.19407769337544423,0.0
1732032900.0,1.81920698769224e-05,1.81920698769224e-05,1.81920698769224e-05,1.81920698769224e-05,0.0,0.0,0.0,0.0,0.19407769337544423,0.0
1732032960.0,1.81920698769224e-05,1.81920698769224e-05,1.81920698769224e-05,1.81920698769224e-05,0.0,0.0,0.0,0.0,0.19407769337544423,0.0
1732033020.0,1.81920698769224e-05,1.81920698769224e-05,1.81920698769224e-05,1.81920698769224e-05,0.0,0.0,0.0,0.0,0.19407769337544423,0.0
1732033080.0,1.81920698769224e-05,1.81920698769224e-05,1.81920698769224e-05,1.81920698769224e-05,0.0,0.0,0.0,0.0,0.19407769337544423,0.0
1732033140.0,1.81920698769224e-05,1.81920698769224e-05,1.81920698769224e-05,1.81920698769224e-05,0.0,0.0,0.0,0.0,0.19407769337544423,0.0
1732033200.0,1.81920698769224e-05,1.81920698769224e-05,1.81920698769224e-05,1.81920698769224e-05,0.0,0.0,0.0,0.0,0.19407769337544423,0.0
1732033260.0,1.81920698769224e-05,1.81920698769224e-05,1.81920698769224e-05,1.81920698769224e-05,0.0,0.0,0.0,0.0,0.19407769337544423,0.0
1732033320.0,1.81920698769224e-05,1.81920698769224e-05,1.81920698769224e-05,1.81920698769224e-05,0.0,0.0,0.0,0.0,0.19407769337544423,0.0
1732033380.0,1.81920698769224e-05,1.81920698769224e-05,1.81920698769224e-05,1.81920698769224e-05,0.0,0.0,0.0,0.0,0.19407769337544423,0.0
1732033440.0,1.81920698769224e-05,1.81920698769224e-05,1.81920698769224e-05,1.81920698769224e-05,0.0,0.0,0.0,0.0,0.19407769337544423,0.0
1732033500.0,1.81920698769224e-05,1.81920698769224e-05,1.81920698769224e-05,1.81920698769224e-05,0.0,0.0,0.0,0.0,0.19407769337544423,0.0
1732033560.0,1.81920698769224e-05,1.81920698769224e-05,1.81920698769224e-05,1.81920698769224e-05,0.0,0.0,0.0,0.0,0.19407769337544423,0.0
1732033620.0,1.81920698769224e-05,1.81920698769224e-05,1.81920698769224e-05,1.81920698769224e-05,0.0,0.0,0.0,0.0,0.19407769337544423,0.0
1732033680.0,1.81920698769224e-05,1.81920698769224e-05,1.81920698769224e-05,1.81920698769224e-05,0.0,0.0,0.0,0.0,0.19407769337544423,0.0
1732033740.0,1.81920698769224e-05,1.81920698769224e-05,1.81920698769224e-05,1.81920698769224e-05,0.0,0.0,0.0,0.0,0.19407769337544423,0.0
1732033800.0,1.81920698769224e-05,1.81920698769224e-05,1.81920698769224e-05,1.81920698769224e-05,0.0,0.0,0.0,0.0,0.19407769337544423,0.0
1732033860.0,1.81920698769224e-05,1.81920698769224e-05,1.81920698769224e-05,1.81920698769224e-05,0.0,0.0,0.0,0.0,0.19407769337544423,0.0
1732033920.0,1.81920698769224e-05,1.81920698769224e-05,1.81298387376195e-05,1.81298387376195e-05,25.60342610144,0.0004649826515378403,-0.0034207838758272386,0.0,0.19407769337544423,0.0034207838758272386
1732033980.0,1.81298387376195e-05,1.81298387376195e-05,1.80411914789676e-05,1.80411914789676e-05,16.09436780192,0.00029107493204005744,-0.004889577890616207,-0.3740090494185464,0.19341379553128776,0.004889577890616207
1732034040.0,1.80411914789676e-05,1.80411914789676e-05,1.79663204903265e-05,1.79663204903265e-05,14.48450775091,0.0002607755431051125,-0.004150002439050761,-0.1040948072119627,0.19246808371291782,0.004150002439050761
1732034100.0,1.79663204903265e-05,1.79663204903265e-05,1.79663204903265e-05,1.79663204903265e-05,0.0,0.0,0.0,-1.0,0.19166934069606978,0.0
1732034160.0,1.79663204903265e-05,1.79663204903265e-05,1.79663204903265e-05,1.79663204903265e-05,0.0,0.0,0.0,0.0,0.19166934069606978,0.0
1732034220.0,1.79663204903265e-05,1.79663204903265e-05,1.79009313061186e-05,1.79009313061186e-05,3.95056544445,7.084796276721161e-05,-0.003639542344973128,0.0,0.19166934069606978,0.003639542344973128
1732034280.0,1.79009313061186e-05,1.79009313061186e-05,1.79009313061186e-05,1.79009313061186e-05,0.0,0.0,0.0,-1.0,0.19097175201437336,0.0
1732034340.0,1.79009313061186e-05,1.79009313061186e-05,1.79009313061186e-05,1.79009313061186e-05,0.0,0.0,0.0,0.0,0.19097175201437336,0.0
1732034400.0,1.79009313061186e-05,1.79009313061186e-05,1.79009313061186e-05,1.79009313061186e-05,0.0,0.0,0.0,0.0,0.19097175201437336,0.0
1732034460.0,1.79009313061186e-05,1.79009313061186e-05,1.79009313061186e-05,1.79009313061186e-05,0.0,0.0,0.0,0.0,0.19097175201437336,0.0
1732034520.0,1.79009313061186e-05,1.79009313061186e-05,1.79009313061186e-05,1.79009313061186e-05,0.0,0.0,0.0,0.0,0.19097175201437336,0.0
1732034580.0,1.79009313061186e-05,1.79009313061186e-05,1.79009313061186e-05,1.79009313061186e-05,0.0,0.0,0.0,0.0,0.19097175201437336,0.0
1732034640.0,1.79009313061186e-05,1.79009313061186e-05,1.79009313061186e-05,1.79009313061186e-05,0.0,0.0,0.0,0.0,0.19097175201437336,0.0
1732034700.0,1.79009313061186e-05,1.79009313061186e-05,1.79009313061186e-05,1.79009313061186e-05,0.0,0.0,0.0,0.0,0.19097175201437336,0.0
1732034760.0,1.79009313061186e-05,1.79009313061186e-05,1.78471310565615e-05,1.78471310565615e-05,26.04303051764,0.00046549393952888783,-0.0030054441658412096,0.0,0.19097175201437336,0.0030054441658412096
1732034820.0,1.78471310565615e-05,1.78471310565615e-05,1.78471310565615e-05,1.78471310565615e-05,0.0,0.0,0.0,-1.0,0.19039779707644128,0.0
1732034880.0,1.78471310565615e-05,1.78471310565615e-05,1.78471310565615e-05,1.78471310565615e-05,0.0,0.0,0.0,0.0,0.19039779707644128,0.0
1732034940.0,1.78471310565615e-05,1.78471310565615e-05,1.78471310565615e-05,1.78471310565615e-05,0.0,0.0,0.0,0.0,0.19039779707644128,0.0
1732035000.0,1.78471310565615e-05,1.78471310565615e-05,1.78471310565615e-05,1.78471310565615e-05,0.0,0.0,0.0,0.0,0.19039779707644128,0.0
1732035060.0,1.78471310565615e-05,1.78471310565615e-05,1.78471310565615e-05,1.78471310565615e-05,0.0,0.0,0.0,0.0,0.19039779707644128,0.0
1732035120.0,1.78471310565615e-05,1.78471310565615e-05,1.78471310565615e-05,1.78471310565615e-05,0.0,0.0,0.0,0.0,0.19039779707644128,0.0
1732035180.0,1.78471310565615e-05,1.78471310565615e-05,1.78471310565615e-05,1.78471310565615e-05,0.0,0.0,0.0,0.0,0.19039779707644128,0.0
1732035240.0,1.78471310565615e-05,1.78471310565615e-05,1.78471310565615e-05,1.78471310565615e-05,0.0,0.0,0.0,0.0,0.19039779707644128,0.0
1732035300.0,1.78471310565615e-05,1.78471310565615e-05,1.78471310565615e-05,1.78471310565615e-05,0.0,0.0,0.0,0.0,0.19039779707644128,0.0
1732035360.0,1.78471310565615e-05,1.78471310565615e-05,1.78471310565615e-05,1.78471310565615e-05,0.0,0.0,0.0,0.0,0.19039779707644128,0.0
1732035420.0,1.78471310565615e-05,1.78471310565615e-05,1.78471310565615e-05,1.78471310565615e-05,0.0,0.0,0.0,0.0,0.19039779707644128,0.0
1732035480.0,1.78471310565615e-05,1.78471310565615e-05,1.77602555229191e-05,1.77602555229191e-05,24.5431533382,0.00043695877439637855,-0.004867759045813755,0.0,0.19039779707644128,0.004867759045813755
1732035540.0,1.77602555229191e-05,1.77602555229191e-05,1.76523028998578e-05,1.76523028998578e-05,32.3391291099,0.0005726056494730294,-0.006078326008428779,0.31043403411233816,0.18947098647741942,0.006078326008428779
1732035600.0,1.76523028998578e-05,1.76523028998578e-05,1.76523028998578e-05,1.76523028998578e-05,0.0,0.0,0.0,-1.0,0.18831932005247107,0.0
1732035660.0,1.76523028998578e-05,1.76523028998578e-05,1.75835317632423e-05,1.75835317632423e-05,0.04942295326,8.70729504815742e-07,-0.0038958733602998783,0.0,0.18831932005247107,0.0038958733602998783
1732035720.0,1.75835317632423e-05,1.75835317632423e-05,1.75692431894687e-05,1.75692431894687e-05,5.07794717468,8.925196712664036e-05,-0.0008126111389903364,101.50251844345996,0.18758565183024886,0.0008126111389903364
1732035780.0,1.75692431894687e-05,1.75692431894687e-05,1.75692431894687e-05,1.75692431894687e-05,0.0,0.0,0.0,-1.0,0.18743321764005683,0.0
1732035840.0,1.75692431894687e-05,1.75692431894687e-05,1.75692431894687e-05,1.75692431894687e-05,0.0,0.0,0.0,0.0,0.18743321764005683,0.0
1732035900.0,1.75692431894687e-05,1.75692431894687e-05,1.75692431894687e-05,1.75692431894687e-05,0.0,0.0,0.0,0.0,0.18743321764005683,0.0
1732035960.0,1.75692431894687e-05,1.75692431894687e-05,1.75692431894687e-05,1.75692431894687e-05,0.0,0.0,0.0,0.0,0.18743321764005683,0.0
1732036020.0,1.75692431894687e-05,1.75692431894687e-05,1.75692431894687e-05,1.75692431894687e-05,0.0,0.0,0.0,0.0,0.18743321764005683,0.0
1732036080.0,1.75692431894687e-05,1.75692431894687e-05,1.75692431894687e-05,1.75692431894687e-05,0.0,0.0,0.0,0.0,0.18743321764005683,0.0
1732036140.0,1.75692431894687e-05,1.75692431894687e-05,1.75692431894687e-05,1.75692431894687e-05,0.0,0.0,0.0,0.0,0.18743321764005683,0.0
1732036200.0,1.75692431894687e-05,1.75692431894687e-05,1.75692431894687e-05,1.75692431894687e-05,0.0,0.0,0.0,0.0,0.18743321764005683,0.0
1732036260.0,1.75692431894687e-05,1.75692431894687e-05,1.75692431894687e-05,1.75692431894687e-05,0.0,0.0,0.0,0.0,0.18743321764005683,0.0
1732036320.0,1.75692431894687e-05,1.75692431894687e-05,1.75692431894687e-05,1.75692431894687e-05,0.0,0.0,0.0,0.0,0.18743321764005683,0.0
1732036380.0,1.75692431894687e-05,1.75692431894687e-05,1.75692431894687e-05,1.75692431894687e-05,0.0,0.0,0.0,0.0,0.18743321764005683,0.0
1732036440.0,1.75692431894687e-05,1.75692431894687e-05,1.75692431894687e-05,1.75692431894687e-05,0.0,0.0,0.0,0.0,0.18743321764005683,0.0
1732036500.0,1.75692431894687e-05,1.75692431894687e-05,1.75692431894687e-05,1.75692431894687e-05,0.0,0.0,0.0,0.0,0.18743321764005683,0.0
1732036560.0,1.75692431894687e-05,1.75692431894687e-05,1.75692431894687e-05,1.75692431894687e-05,0.0,0.0,0.0,0.0,0.18743321764005683,0.0
1732036620.0,1.75692431894687e-05,1.75692431894687e-05,1.75692431894687e-05,1.75692431894687e-05,0.0,0.0,0.0,0.0,0.18743321764005683,0.0
1732036680.0,1.75692431894687e-05,1.75692431894687e-05,1.75692431894687e-05,1.75692431894687e-05,0.0,0.0,0.0,0.0,0.18743321764005683,0.0
1732036740.0,1.75692431894687e-05,1.75692431894687e-05,1.75692431894687e-05,1.75692431894687e-05,0.0,0.0,0.0,0.0,0.18743321764005683,0.0
1732036800.0,1.75692431894687e-05,1.75692431894687e-05,1.75692431894687e-05,1.75692431894687e-05,0.0,0.0,0.0,0.0,0.18743321764005683,0.0
1732036860.0,1.75692431894687e-05,1.75692431894687e-05,1.75692431894687e-05,1.75692431894687e-05,0.0,0.0,0.0,0.0,0.18743321764005683,0.0
1732036920.0,1.75692431894687e-05,1.75692431894687e-05,1.74132227590925e-05,1.74132227590925e-05,54.94649095864,0.0009610818744767748,-0.008880315941538085,0.0,0.18743321764005683,0.008880315941538085
1732036980.0,1.74132227590925e-05,1.74132227590925e-05,1.72999641355197e-05,1.72999641355197e-05,2.53981282288,4.4082498598983026e-05,-0.006504173589214639,-0.9541324212123112,0.18576875144947405,0.006504173589214639
1732037040.0,1.72999641355197e-05,1.72999641355197e-05,1.72999641355197e-05,1.72999641355197e-05,0.0,0.0,0.0,-1.0,0.184560479242595,0.0
1732037100.0,1.72999641355197e-05,1.72999641355197e-05,1.72999641355197e-05,1.72999641355197e-05,0.0,0.0,0.0,0.0,0.184560479242595,0.0
1732037160.0,1.72999641355197e-05,1.72999641355197e-05,1.72882786695214e-05,1.72882786695214e-05,0.66709896167,1.1536890430616384e-05,-0.0006754618626236614,0.0,0.184560479242595,0.0006754618626236614
1732037220.0,1.72882786695214e-05,1.72882786695214e-05,1.72882786695214e-05,1.72882786695214e-05,0.0,0.0,0.0,-1.0,0.1844358156775191,0.0
1732037280.0,1.72882786695214e-05,1.72882786695214e-05,1.72882786695214e-05,1.72882786695214e-05,0.0,0.0,0.0,0.0,0.1844358156775191,0.0
1732037340.0,1.72882786695214e-05,1.72882786695214e-05,1.72882786695214e-05,1.72882786695214e-05,0.0,0.0,0.0,0.0,0.1844358156775191,0.0
1732037400.0,1.72882786695214e-05,1.72882786695214e-05,1.72882786695214e-05,1.72882786695214e-05,0.0,0.0,0.0,0.0,0.1844358156775191,0.0
1732037460.0,1.72882786695214e-05,1.72882786695214e-05,1.72882786695214e-05,1.72882786695214e-05,0.0,0.0,0.0,0.0,0.1844358156775191,0.0
1732037520.0,1.72882786695214e-05,1.72882786695214e-05,1.72882786695214e-05,1.72882786695214e-05,0.0,0.0,0.0,0.0,0.1844358156775191,0.0
1732037580.0,1.72882786695214e-05,1.72882786695214e-05,1.72882786695214e-05,1.72882786695214e-05,0.0,0.0,0.0,0.0,0.1844358156775191,0.0
1732037640.0,1.72882786695214e-05,1.72882786695214e-05,1.72882786695214e-05,1.72882786695214e-05,0.0,0.0,0.0,0.0,0.1844358156775191,0.0
1732037700.0,1.72882786695214e-05,1.72882786695214e-05,1.72882786695214e-05,1.72882786695214e-05,0.0,0.0,0.0,0.0,0.1844358156775191,0.0
1732037760.0,1.72882786695214e-05,1.72882786695214e-05,1.72882786695214e-05,1.72882786695214e-05,0.0,0.0,0.0,0.0,0.1844358156775191,0.0
1732037820.0,1.72882786695214e-05,1.72882786695214e-05,1.72882786695214e-05,1.72882786695214e-05,0.0,0.0,0.0,0.0,0.1844358156775191,0.0
1732037880.0,1.72882786695214e-05,1.72882786695214e-05,1.72882786695214e-05,1.72882786695214e-05,0.0,0.0,0.0,0.0,0.1844358156775191,0.0
1732037940.0,1.72882786695214e-05,1.72882786695214e-05,1.72882786695214e-05,1.72882786695214e-05,0.0,0.0,0.0,0.0,0.1844358156775191,0.0
1732038000.0,1.72882786695214e-05,1.72882786695214e-05,1.72882786695214e-05,1.72882786695214e-05,0.0,0.0,0.0,0.0,0.1844358156775191,0.0
1732038060.0,1.72882786695214e-05,1.72882786695214e-05,1.72882786695214e-05,1.72882786695214e-05,0.0,0.0,0.0,0.0,0.1844358156775191,0.0
1732038120.0,1.72882786695214e-05,1.72882786695214e-05,1.72882786695214e-05,1.72882786695214e-05,0.0,0.0,0.0,0.0,0.1844358156775191,0.0
1732038180.0,1.72882786695214e-05,1.72882786695214e-05,1.72882786695214e-05,1.72882786695214e-05,0.0,0.0,0.0,0.0,0.1844358156775191,0.0
1732038240.0,1.72882786695214e-05,1.72882786695214e-05,1.72882786695214e-05,1.72882786695214e-05,0.0,0.0,0.0,0.0,0.1844358156775191,0.0
1732038300.0,1.72882786695214e-05,1.72882786695214e-05,1.72882786695214e-05,1.72882786695214e-05,0.0,0.0,0.0,0.0,0.1844358156775191,0.0
1732038360.0,1.72882786695214e-05,1.72882786695214e-05,1.72882786695214e-05,1.72882786695214e-05,0.0,0.0,0.0,0.0,0.1844358156775191,0.0
1732038420.0,1.72882786695214e-05,1.72882786695214e-05,1.72882786695214e-05,1.72882786695214e-05,0.0,0.0,0.0,0.0,0.1844358156775191,0.0
1732038480.0,1.72882786695214e-05,1.72882786695214e-05,1.72882786695214e-05,1.72882786695214e-05,0.0,0.0,0.0,0.0,0.1844358156775191,0.0
1732038540.0,1.72882786695214e-05,1.72882786695214e-05,1.72882786695214e-05,1.72882786695214e-05,0.0,0.0,0.0,0.0,0.1844358156775191,0.0
1732038600.0,1.72882786695214e-05,1.72882786695214e-05,1.72882786695214e-05,1.72882786695214e-05,0.0,0.0,0.0,0.0,0.1844358156775191,0.0
1732038660.0,1.72882786695214e-05,1.72882786695214e-05,1.72882786695214e-05,1.72882786695214e-05,0.0,0.0,0.0,0.0,0.1844358156775191,0.0
1732038720.0,1.72882786695214e-05,1.72882786695214e-05,1.72882786695214e-05,1.72882786695214e-05,0.0,0.0,0.0,0.0,0.1844358156775191,0.0
1732038780.0,1.72882786695214e-05,1.72882786695214e-05,1.72882786695214e-05,1.72882786695214e-05,0.0,0.0,0.0,0.0,0.1844358156775191,0.0
1732038840.0,1.72882786695214e-05,1.72882786695214e-05,1.72882786695214e-05,1.72882786695214e-05,0.0,0.0,0.0,0.0,0.1844358156775191,0.0
1732038900.0,1.72882786695214e-05,1.72882786695214e-05,1.72882786695214e-05,1.72882786695214e-05,0.0,0.0,0.0,0.0,0.1844358156775191,0.0
1732038960.0,1.72882786695214e-05,1.72882786695214e-05,1.72882786695214e-05,1.72882786695214e-05,0.0,0.0,0.0,0.0,0.1844358156775191,0.0
1732039020.0,1.72882786695214e-05,1.72882786695214e-05,1.72882786695214e-05,1.72882786695214e-05,0.0,0.0,0.0,0.0,0.1844358156775191,0.0
1732039080.0,1.72882786695214e-05,1.72882786695214e-05,1.72882786695214e-05,1.72882786695214e-05,0.0,0.0,0.0,0.0,0.1844358156775191,0.0
1732039140.0,1.72882786695214e-05,1.72882786695214e-05,1.72882786695214e-05,1.72882786695214e-05,0.0,0.0,0.0,0.0,0.1844358156775191,0.0
1732039200.0,1.72882786695214e-05,1.72882786695214e-05,1.72882786695214e-05,1.72882786695214e-05,0.0,0.0,0.0,0.0,0.1844358156775191,0.0
1732039260.0,1.72882786695214e-05,1.72882786695214e-05,1.72882786695214e-05,1.72882786695214e-05,0.0,0.0,0.0,0.0,0.1844358156775191,0.0
1732039320.0,1.72882786695214e-05,1.72882786695214e-05,1.72882786695214e-05,1.72882786695214e-05,0.0,0.0,0.0,0.0,0.1844358156775191,0.0
1732039380.0,1.72882786695214e-05,1.74967244040695e-05,1.72882786695214e-05,1.74967244040695e-05,12.1525,0.00021136237492590671,0.012057055449689252,0.0,0.1844358156775191,0.012057055449689252
1732039440.0,1.74967244040695e-05,1.74967244040695e-05,1.74967244040695e-05,1.74967244040695e-05,0.0,0.0,0.0,-1.0,0.1866595685340516,0.0
1732039500.0,1.74967244040695e-05,1.74967244040695e-05,1.74967244040695e-05,1.74967244040695e-05,0.0,0.0,0.0,0.0,0.1866595685340516,0.0
1732039560.0,1.74967244040695e-05,1.75691922626825e-05,1.74967244040695e-05,1.75691922626825e-05,19.4512,0.0003410370791341633,0.004141795740701428,0.0,0.1866595685340516,0.004141795740701428
1732039620.0,1.75691922626825e-05,1.75691922626825e-05,1.75691922626825e-05,1.75691922626825e-05,0.0,0.0,0.0,-1.0,0.1874326743399671,0.0
1732039680.0,1.75691922626825e-05,1.75691922626825e-05,1.75691922626825e-05,1.75691922626825e-05,0.0,0.0,0.0,0.0,0.1874326743399671,0.0
1732039740.0,1.75691922626825e-05,1.75691922626825e-05,1.75691922626825e-05,1.75691922626825e-05,0.0,0.0,0.0,0.0,0.1874326743399671,0.0
1732039800.0,1.75691922626825e-05,1.75691922626825e-05,1.75691922626825e-05,1.75691922626825e-05,0.0,0.0,0.0,0.0,0.1874326743399671,0.0
1732039860.0,1.75691922626825e-05,1.75691922626825e-05,1.75691922626825e-05,1.75691922626825e-05,0.0,0.0,0.0,0.0,0.1874326743399671,0.0
1732039920.0,1.75691922626825e-05,1.75691922626825e-05,1.75574366984833e-05,1.75574366984833e-05,0.63803090505,1.1205937433724078e-05,-0.0006691010049544645,0.0,0.1874326743399671,0.0006691010049544645
1732039980.0,1.75574366984833e-05,1.75574366984833e-05,1.75574366984833e-05,1.75574366984833e-05,0.0,0.0,0.0,-1.0,0.18730726294920494,0.0
1732040040.0,1.75574366984833e-05,1.75574366984833e-05,1.75574366984833e-05,1.75574366984833e-05,0.0,0.0,0.0,0.0,0.18730726294920494,0.0
1732040100.0,1.75574366984833e-05,1.75574366984833e-05,1.75574366984833e-05,1.75574366984833e-05,0.0,0.0,0.0,0.0,0.18730726294920494,0.0
1732040160.0,1.75574366984833e-05,1.75574366984833e-05,1.75574366984833e-05,1.75574366984833e-05,0.0,0.0,0.0,0.0,0.18730726294920494,0.0
1732040220.0,1.75574366984833e-05,1.75574366984833e-05,1.75574366984833e-05,1.75574366984833e-05,0.0,0.0,0.0,0.0,0.18730726294920494,0.0
1732040280.0,1.75574366984833e-05,1.75574366984833e-05,1.75574366984833e-05,1.75574366984833e-05,0.0,0.0,0.0,0.0,0.18730726294920494,0.0
1732040340.0,1.75574366984833e-05,1.75574366984833e-05,1.75574366984833e-05,1.75574366984833e-05,0.0,0.0,0.0,0.0,0.18730726294920494,0.0
1732040400.0,1.75574366984833e-05,1.75574366984833e-05,1.75574366984833e-05,1.75574366984833e-05,0.0,0.0,0.0,0.0,0.18730726294920494,0.0
1732040460.0,1.75574366984833e-05,1.75574366984833e-05,1.75574366984833e-05,1.75574366984833e-05,0.0,0.0,0.0,0.0,0.18730726294920494,0.0
1732040520.0,1.75574366984833e-05,1.75574366984833e-05,1.75574366984833e-05,1.75574366984833e-05,0.0,0.0,0.0,0.0,0.18730726294920494,0.0
1732040580.0,1.75574366984833e-05,1.75574366984833e-05,1.75574366984833e-05,1.75574366984833e-05,0.0,0.0,0.0,0.0,0.18730726294920494,0.0
1732040640.0,1.75574366984833e-05,1.75574366984833e-05,1.75574366984833e-05,1.75574366984833e-05,0.0,0.0,0.0,0.0,0.18730726294920494,0.0
1732040700.0,1.75574366984833e-05,1.75574366984833e-05,1.75574366984833e-05,1.75574366984833e-05,0.0,0.0,0.0,0.0,0.18730726294920494,0.0
1732040760.0,1.75574366984833e-05,1.75574366984833e-05,1.75574366984833e-05,1.75574366984833e-05,0.0,0.0,0.0,0.0,0.18730726294920494,0.0
1732040820.0,1.75574366984833e-05,1.75574366984833e-05,1.75574366984833e-05,1.75574366984833e-05,0.0,0.0,0.0,0.0,0.18730726294920494,0.0
1732040880.0,1.75574366984833e-05,1.75574366984833e-05,1.75574366984833e-05,1.75574366984833e-05,0.0,0.0,0.0,0.0,0.18730726294920494,0.0
1732040940.0,1.75574366984833e-05,1.75574366984833e-05,1.75574366984833e-05,1.75574366984833e-05,0.0,0.0,0.0,0.0,0.18730726294920494,0.0
1732041000.0,1.75574366984833e-05,1.75574366984833e-05,1.75574366984833e-05,1.75574366984833e-05,0.0,0.0,0.0,0.0,0.18730726294920494,0.0
1732041060.0,1.75574366984833e-05,1.75574366984833e-05,1.75574366984833e-05,1.75574366984833e-05,0.0,0.0,0.0,0.0,0.18730726294920494,0.0
1732041120.0,1.75574366984833e-05,1.75574366984833e-05,1.75574366984833e-05,1.75574366984833e-05,0.0,0.0,0.0,0.0,0.18730726294920494,0.0
1732041180.0,1.75574366984833e-05,1.75574366984833e-05,1.75574366984833e-05,1.75574366984833e-05,0.0,0.0,0.0,0.0,0.18730726294920494,0.0
1732041240.0,1.75574366984833e-05,1.75574366984833e-05,1.75574366984833e-05,1.75574366984833e-05,0.0,0.0,0.0,0.0,0.18730726294920494,0.0
1732041300.0,1.75574366984833e-05,1.75773404440232e-05,1.75574366984833e-05,1.75773404440232e-05,0.52681356696,9.254738635394264e-06,0.0011336361840118795,0.0,0.18730726294920494,0.0011336361840118795
1732041360.0,1.75773404440232e-05,1.75773404440232e-05,1.75773404440232e-05,1.75773404440232e-05,0.0,0.0,0.0,-1.0,0.18751960124001238,0.0
1732041420.0,1.75773404440232e-05,1.75773404440232e-05,1.75773404440232e-05,1.75773404440232e-05,0.0,0.0,0.0,0.0,0.18751960124001238,0.0
1732041480.0,1.75773404440232e-05,1.75773404440232e-05,1.75773404440232e-05,1.75773404440232e-05,0.0,0.0,0.0,0.0,0.18751960124001238,0.0
1732041540.0,1.75773404440232e-05,1.75963144975543e-05,1.75773404440232e-05,1.75963144975543e-05,0.3933826995,6.9183536660996365e-06,0.0010794610021649489,0.0,0.18751960124001238,0.0010794610021649489
1732041600.0,1.75963144975543e-05,1.75963144975543e-05,1.75963144975543e-05,1.75963144975543e-05,0.0,0.0,0.0,-1.0,0.1877220213366925,0.0
1732041660.0,1.75963144975543e-05,1.75963144975543e-05,1.75963144975543e-05,1.75963144975543e-05,0.0,0.0,0.0,0.0,0.1877220213366925,0.0
1732041720.0,1.75963144975543e-05,1.75963144975543e-05,1.75963144975543e-05,1.75963144975543e-05,0.0,0.0,0.0,0.0,0.1877220213366925,0.0
1732041780.0,1.75963144975543e-05,1.75963144975543e-05,1.75963144975543e-05,1.75963144975543e-05,0.0,0.0,0.0,0.0,0.1877220213366925,0.0
1732041840.0,1.75963144975543e-05,1.76273506380609e-05,1.75963144975543e-05,1.76273506380609e-05,2.434,4.2867200470043704e-05,0.0017637864173724292,0.0,0.1877220213366925,0.0017637864173724292
1732041900.0,1.76273506380609e-05,1.76273506380609e-05,1.76273506380609e-05,1.76273506380609e-05,0.0,0.0,0.0,-1.0,0.18805312288816783,0.0
1732041960.0,1.76273506380609e-05,1.76273506380609e-05,1.76273506380609e-05,1.76273506380609e-05,0.0,0.0,0.0,0.0,0.18805312288816783,0.0
1732042020.0,1.76273506380609e-05,1.76273506380609e-05,1.76273506380609e-05,1.76273506380609e-05,0.0,0.0,0.0,0.0,0.18805312288816783,0.0
1732042080.0,1.76273506380609e-05,1.76273506380609e-05,1.76273506380609e-05,1.76273506380609e-05,0.0,0.0,0.0,0.0,0.18805312288816783,0.0
1732042140.0,1.76273506380609e-05,1.76273506380609e-05,1.76273506380609e-05,1.76273506380609e-05,0.0,0.0,0.0,0.0,0.18805312288816783,0.0
1732042200.0,1.76273506380609e-05,1.76273506380609e-05,1.76273506380609e-05,1.76273506380609e-05,0.0,0.0,0.0,0.0,0.18805312288816783,0.0
1732042260.0,1.76273506380609e-05,1.76273506380609e-05,1.76273506380609e-05,1.76273506380609e-05,0.0,0.0,0.0,0.0,0.18805312288816783,0.0
1732042320.0,1.76273506380609e-05,1.76273506380609e-05,1.76273506380609e-05,1.76273506380609e-05,0.0,0.0,0.0,0.0,0.18805312288816783,0.0
1732042380.0,1.76273506380609e-05,1.76273506380609e-05,1.76273506380609e-05,1.76273506380609e-05,0.0,0.0,0.0,0.0,0.18805312288816783,0.0
1732042440.0,1.76273506380609e-05,1.76273506380609e-05,1.76273506380609e-05,1.76273506380609e-05,0.0,0.0,0.0,0.0,0.18805312288816783,0.0
1732042500.0,1.76273506380609e-05,1.76273506380609e-05,1.76273506380609e-05,1.76273506380609e-05,0.0,0.0,0.0,0.0,0.18805312288816783,0.0
1732042560.0,1.76273506380609e-05,1.76273506380609e-05,1.76273506380609e-05,1.76273506380609e-05,0.0,0.0,0.0,0.0,0.18805312288816783,0.0
1732042620.0,1.76273506380609e-05,1.76273506380609e-05,1.76273506380609e-05,1.76273506380609e-05,0.0,0.0,0.0,0.0,0.18805312288816783,0.0
1732042680.0,1.76273506380609e-05,1.76273506380609e-05,1.76273506380609e-05,1.76273506380609e-05,0.0,0.0,0.0,0.0,0.18805312288816783,0.0
1732042740.0,1.76273506380609e-05,1.76273506380609e-05,1.76273506380609e-05,1.76273506380609e-05,0.0,0.0,0.0,0.0,0.18805312288816783,0.0
1732042800.0,1.76273506380609e-05,1.76273506380609e-05,1.76273506380609e-05,1.76273506380609e-05,0.0,0.0,0.0,0.0,0.18805312288816783,0.0
1732042860.0,1.76273506380609e-05,1.76273506380609e-05,1.76273506380609e-05,1.76273506380609e-05,0.0,0.0,0.0,0.0,0.18805312288816783,0.0
1732042920.0,1.76273506380609e-05,1.76273506380609e-05,1.76273506380609e-05,1.76273506380609e-05,0.0,0.0,0.0,0.0,0.18805312288816783,0.0
1732042980.0,1.76273506380609e-05,1.76273506380609e-05,1.76273506380609e-05,1.76273506380609e-05,0.0,0.0,0.0,0.0,0.18805312288816783,0.0
1732043040.0,1.76273506380609e-05,1.76273506380609e-05,1.76273506380609e-05,1.76273506380609e-05,0.0,0.0,0.0,0.0,0.18805312288816783,0.0
1732043100.0,1.76273506380609e-05,1.76273506380609e-05,1.76273506380609e-05,1.76273506380609e-05,0.0,0.0,0.0,0.0,0.18805312288816783,0.0
1732043160.0,1.76273506380609e-05,1.76273506380609e-05,1.76273506380609e-05,1.76273506380609e-05,0.0,0.0,0.0,0.0,0.18805312288816783,0.0
1732043220.0,1.76273506380609e-05,1.76273506380609e-05,1.76273506380609e-05,1.76273506380609e-05,0.0,0.0,0.0,0.0,0.18805312288816783,0.0
1732043280.0,1.76273506380609e-05,1.76273506380609e-05,1.76273506380609e-05,1.76273506380609e-05,0.0,0.0,0.0,0.0,0.18805312288816783,0.0
1732043340.0,1.76273506380609e-05,1.76273506380609e-05,1.75123325275383e-05,1.75123325275383e-05,1.550885049,2.724880462406239e-05,-0.006524980008865003,0.0,0.18805312288816783,0.006524980008865003
1732043400.0,1.75123325275383e-05,1.75123325275383e-05,1.75123325275383e-05,1.75123325275383e-05,0.0,0.0,0.0,-1.0,0.1868260800207179,0.0
1732043460.0,1.75123325275383e-05,1.75123325275383e-05,1.75123325275383e-05,1.75123325275383e-05,0.0,0.0,0.0,0.0,0.1868260800207179,0.0
1732043520.0,1.75123325275383e-05,1.75123325275383e-05,1.75123325275383e-05,1.75123325275383e-05,0.0,0.0,0.0,0.0,0.1868260800207179,0.0
1732043580.0,1.75123325275383e-05,1.75123325275383e-05,1.75123325275383e-05,1.75123325275383e-05,0.0,0.0,0.0,0.0,0.1868260800207179,0.0
1732043640.0,1.75123325275383e-05,1.75123325275383e-05,1.75123325275383e-05,1.75123325275383e-05,0.0,0.0,0.0,0.0,0.1868260800207179,0.0
1732043700.0,1.75123325275383e-05,1.75123325275383e-05,1.75123325275383e-05,1.75123325275383e-05,0.0,0.0,0.0,0.0,0.1868260800207179,0.0
1732043760.0,1.75123325275383e-05,1.75123325275383e-05,1.75123325275383e-05,1.75123325275383e-05,0.0,0.0,0.0,0.0,0.1868260800207179,0.0
1732043820.0,1.75123325275383e-05,1.75123325275383e-05,1.75123325275383e-05,1.75123325275383e-05,0.0,0.0,0.0,0.0,0.1868260800207179,0.0
1732043880.0,1.75123325275383e-05,1.75123325275383e-05,1.75123325275383e-05,1.75123325275383e-05,0.0,0.0,0.0,0.0,0.1868260800207179,0.0
1732043940.0,1.75123325275383e-05,1.75123325275383e-05,1.75123325275383e-05,1.75123325275383e-05,0.0,0.0,0.0,0.0,0.1868260800207179,0.0
