time,open,high,low,close,volume,usd_vol,price_change,vol_change,norm_open,mov_in_min
1740365880.0,6.32833975238755e-05,7.38818737444367e-05,4.27505622294817e-05,5.22286621777126e-05,21040.94787224752,1.2152416133985293,-0.17468618593039628,0.0,1.0,0.4919348949811016
1740365940.0,5.22286621777126e-05,5.40853239015475e-05,3.57001268850673e-05,4.12689756778714e-05,12123.22335739707,0.5667463735561342,-0.2098404600629039,-0.5336348201810022,0.8253138140696037,0.3520135544334441
1740366000.0,4.12689756778714e-05,5.31041802962554e-05,4.12689756778714e-05,5.30196537513892e-05,6486.71424765999,0.3058116979555589,0.2847339407025448,-0.4604081962859365,0.6521295836289681,0.2867821268636451
1740366060.0,5.30196537513892e-05,6.20982584504775e-05,4.8876855948753e-05,6.08118319658122e-05,4779.86794578742,0.2720497349005047,0.14696773107875738,-0.11040114972959778,0.837813009824354,0.24936795256566688
1740366120.0,6.08118319658122e-05,6.35063374078366e-05,4.56994579877993e-05,4.76277370004553e-05,7047.15453284771,0.3820951999903419,-0.21680147660686921,0.40450495248629276,0.960944486946504,0.29281932223400453
1740366180.0,4.76277370004553e-05,5.67696379886639e-05,4.39729154156041e-05,4.63871876824365e-05,8180.70417023629,0.38455414320889186,-0.026046782739371853,0.006435420331404584,0.7526103032392716,0.2686821457197822
1740366240.0,4.63871876824365e-05,4.69406790266755e-05,2.65281326474891e-05,2.71615080948847e-05,10093.23739921599,0.3711722234416087,-0.41446098692530103,-0.034798532283694616,0.7330072261833854,0.4400470776312047
1740366300.0,2.71615080948847e-05,3.23640336588178e-05,2.69427379812148e-05,3.23640336588178e-05,4353.54215458548,0.12957347764964097,0.19154037933972037,-0.6509073969808387,0.4292043277960422,0.19959479638113278
1740366360.0,3.23640336588178e-05,3.47608996083181e-05,2.84874005223997e-05,3.00957075150318e-05,3959.1311101558,0.12364315220683354,-0.07008786876502278,-0.045768050301487465,0.5114142875563458,0.19384169328377718
1740366420.0,3.00957075150318e-05,3.20855287008771e-05,2.09989433877016e-05,2.09989433877016e-05,3905.05561538772,0.09976372671199715,-0.30226118202360486,-0.1931318076951828,0.475570350085539,0.368377626863835
1740366480.0,2.09989433877016e-05,2.12788774255493e-05,1.45423227806431e-05,1.48827275518686e-05,4558.27895281477,0.08177933271783411,-0.29126302799668813,-0.18026986948955184,0.3318238939333044,0.32080445765912113
1740366540.0,1.48827275518686e-05,1.58772388439516e-05,1.35860016376953e-05,1.53314816000833e-05,1624.16536903019,0.024536436078617652,0.03015267508262321,-0.6999677636979931,0.2351758618246383,0.15395277500518534
1740366600.0,1.53314816000833e-05,1.70942276809955e-05,1.50418663663785e-05,1.68779647555826e-05,828.74599376507,0.013346724814324524,0.10086977865798036,-0.4560446850732505,0.2422670431735125,0.13386581728708127
1740366660.0,1.68779647555826e-05,2.03072308046846e-05,1.67907956405118e-05,1.96076452614217e-05,1489.54188348928,0.027173422132491968,0.1617304304973279,1.0359618191369155,0.2667044661945481,0.2083447391374421
1740366720.0,1.96076452614217e-05,2.03524479692121e-05,1.76919166452413e-05,1.76919166452413e-05,756.95804783298,0.014117101782946506,-0.09770314541285703,-0.4804812690093119,0.30983869432775235,0.13568846684540092
1740366780.0,1.76919166452413e-05,1.77260869422143e-05,1.41793532573346e-05,1.44208051350724e-05,1405.63963885529,0.022569457322970277,-0.1848929980714526,0.5987316426544602,0.27956647932131823,0.20047198706612068
1740366840.0,1.44208051350724e-05,1.5120763530813e-05,9.16963099529808e-06,9.19887546871463e-06,2207.0557445164,0.02606497588011538,-0.3621108265070217,0.15487827230952103,0.22787659479931893,0.41267685678945565
1740366900.0,9.19887546871463e-06,1.14661284710307e-05,9.19887546871463e-06,1.10596708373517e-05,1265.36384606499,0.012817216034764893,0.20228509179906096,-0.5082590487051639,0.14536001271493187,0.24647067024953173
1740366960.0,1.10596708373517e-05,1.29913718523508e-05,1.10400297270689e-05,1.27203853431261e-05,971.68597296909,0.011553373513493595,0.15015948758309228,-0.09860507288347979,0.17476417623088453,0.17643763128027776
1740367020.0,1.27203853431261e-05,1.4223075105138e-05,1.25802700312908e-05,1.36077927655301e-05,645.51222838303,0.008497580460091986,0.06976262105798095,-0.26449357409181307,0.2010066753815954,0.12914742985635622
1740367080.0,1.36077927655301e-05,1.50363007535762e-05,1.26580769863581e-05,1.50363007535762e-05,887.64147488971,0.01271284270908915,0.10497720039245836,0.49605440852177984,0.21502942790636623,0.17476925230977786
1740367140.0,1.50363007535762e-05,1.62333841846798e-05,1.50363007535762e-05,1.62333841846798e-05,561.14614829846,0.00877343163080436,0.07961289486836633,-0.3098764901313753,0.2376026152499685,0.07961289486836633
1740367200.0,1.62333841846798e-05,2.36600401476348e-05,1.62333841846798e-05,2.34538416083005e-05,1528.47337062214,0.030330433889219268,0.4447906450975875,2.457077591250179,0.25651884727831314,0.457492774055325
1740367260.0,2.34538416083005e-05,2.35729874849528e-05,1.77997053356844e-05,1.82819118163729e-05,1421.2975989604,0.0296594630666458,-0.22051525197037283,-0.02212203178576879,0.3706160308389236,0.24615507538966194
1740367320.0,1.82819118163729e-05,1.83751900363577e-05,1.74367594779795e-05,1.79007274978463e-05,525.07242088822,0.00949925300942118,-0.020850353199123227,-0.6797226912680097,0.28888954341421885,0.05133109533641666
1740367380.0,1.79007274978463e-05,1.92022644042446e-05,1.78457033665355e-05,1.90848636535852e-05,304.54519330794,0.005631892003410571,0.06615016936498065,-0.4071226445042609,0.28286609439849897,0.07578245285686365
1740367440.0,1.90848636535852e-05,2.23677078156349e-05,1.82355002618864e-05,1.82355002618864e-05,3936.83136694221,0.07346198964406339,-0.04450455644409293,12.043927262734467,0.3015777344505703,0.21651753079054573
1740367500.0,1.82355002618864e-05,1.82355002618864e-05,1.68518814211142e-05,1.69587703857329e-05,454.06453367653,0.007990235044848424,-0.07001342753518879,-0.8912330705503273,0.2881561511454332,0.07587501417024857
1740367560.0,1.69587703857329e-05,1.69587703857329e-05,1.44640897194833e-05,1.44640897194833e-05,528.19079061331,0.00829863266115279,-0.14710268548410382,0.03859681405782944,0.2679813513383935,0.14710268548410382
1740367620.0,1.44640897194833e-05,1.45215462080768e-05,1.35900247257e-05,1.35900247257e-05,202.7510548776,0.0028440006487089153,-0.06043000359752498,-0.6572928619889236,0.2285605748968567,0.0644023578699204
1740367680.0,1.35900247257e-05,1.36439893830908e-05,1.3414749290005e-05,1.36316223971382e-05,98.54194062772,0.0013412369672837334,0.0030608974065760284,-0.5283977983997254,0.21474865853358727,0.01686826166344532
1740367740.0,1.36316223971382e-05,1.51741884488958e-05,1.36316223971382e-05,1.43080639139337e-05,521.46319810173,0.00728475908886534,0.049622964683757056,4.431373624914618,0.2154059821455584,0.1131608554592478
1740367800.0,1.43080639139337e-05,1.47739615034707e-05,1.43080639139337e-05,1.47739615034707e-05,159.63503971962,0.002321255141317175,0.032561889039599015,-0.681354577001018,0.22609506559023745,0.032561889039599015
1740367860.0,1.47739615034707e-05,1.51533204123485e-05,1.47581600002567e-05,1.47581600002567e-05,125.25473113664,0.00184951896942198,-0.0010695508588057586,-0.2032246104697963,0.23345714802838763,0.026747085539580474
1740367920.0,1.47581600002567e-05,1.51118016795083e-05,1.47581600002567e-05,1.51118016795083e-05,115.64744490816,0.0017271923738847363,0.023962450552470593,-0.06613968148457205,0.2332074537352195,0.023962450552470593
1740367980.0,1.51118016795083e-05,1.61476468851466e-05,1.51118016795083e-05,1.61476468851466e-05,188.69643723672,0.0029492732870674402,0.06854544730049718,0.7075534443416082,0.23879567581381728,0.06854544730049718
1740368040.0,1.61476468851466e-05,1.617529021056e-05,1.31617322280281e-05,1.36046964061421e-05,894.58428901099,0.0133079894348242,-0.15748117958559227,3.51229443306584,0.2551640322258999,0.1866252094789067
1740368100.0,1.36046964061421e-05,1.44976121020486e-05,1.36046964061421e-05,1.36225936882177e-05,340.82902657796,0.004639925389608192,0.0013155223417937163,-0.6513428709624245,0.2149804994431491,0.0656329012607276
1740368160.0,1.36225936882177e-05,1.37580740456619e-05,1.36225936882177e-05,1.37041530827317e-05,31.54629922956,0.00043102886530339114,0.0059870679828424615,-0.9071043542491556,0.21526331109321653,0.009945268907299049
1740368220.0,1.37041530827317e-05,1.40312192338696e-05,1.1872849201418e-05,1.40312192338696e-05,1009.92349901033,0.014005302128168114,0.023866206774209895,31.492724398655085,0.2165521071709434,0.1574975133028333
1740368280.0,1.40312192338696e-05,1.41246964008078e-05,1.40165504289512e-05,1.40228190589853e-05,106.83286289489,0.001498546613294281,-0.0005986774737311149,-0.89300147904126,0.221720384538076,0.007707524916690661
1740368340.0,1.40228190589853e-05,1.40228190589853e-05,1.18499063747755e-05,1.24791550300394e-05,1039.52370173572,0.013774715104163546,-0.11008228962041541,8.192049804765398,0.22158764553838603,0.15495548185209437
1740368400.0,1.24791550300394e-05,1.24791550300394e-05,1.20379893237813e-05,1.23034528621307e-05,174.07579056326,0.0021570260305243984,-0.014079652627582153,-0.8434068498540187,0.1971947701659235,0.03535220976068808
1740368460.0,1.23034528621307e-05,1.23034528621307e-05,1.22125296536285e-05,1.22125296536285e-05,10.015218441,0.00012276646009553257,-0.007390056232267671,-0.9430853135946223,0.19441833630201139,0.007390056232267671
1740368520.0,1.22125296536285e-05,1.39318466498619e-05,1.2156425537263e-05,1.34655076757977e-05,589.41049424498,0.007567452336789071,0.10259774655260909,60.64104048369843,0.1929815738641556,0.1453770154876472
1740368580.0,1.34655076757977e-05,1.37578852488983e-05,1.34655076757977e-05,1.37141531034772e-05,173.99481273802,0.0023645599937864212,0.018465358578823223,-0.6875355286625138,0.21278104846879384,0.02171307463038378
1740368640.0,1.37141531034772e-05,1.38360829975671e-05,1.36982262466254e-05,1.38360829975671e-05,39.56457008594,0.0005450066235519808,0.00889080741405634,-0.7695103423114041,0.2167101268275481,0.01005215195583215
1740368700.0,1.38360829975671e-05,1.39585197954906e-05,1.38360829975671e-05,1.39585197954906e-05,11.25519308046,0.0001564168105152786,0.008849093919502346,-0.7130001659505333,0.21863685482984752,0.008849093919502346
1740368760.0,1.39585197954906e-05,1.40201081100601e-05,1.39185493928021e-05,1.40201081100601e-05,25.5786682273,0.0003578280203255794,0.004412238222379192,1.2876570564685386,0.22057159289250144,0.007275751207575008
1740368820.0,1.40201081100601e-05,1.40605127566433e-05,1.39321263103283e-05,1.39321263103283e-05,22.59379372016,0.0003157735092559058,-0.006275400948489723,-0.1175271602022926,0.2215448073054328,0.009157307868608796
1740368880.0,1.39321263103283e-05,1.39321263103283e-05,1.30419940128372e-05,1.30419940128372e-05,446.09397305026,0.00601649625224833,-0.06389062786713465,18.05320134809822,0.22015452481153533,0.06389062786713465
1740368940.0,1.30419940128372e-05,1.30419940128372e-05,1.09716675917591e-05,1.09716675917591e-05,402.1680949047,0.004828764269603317,-0.15874308936503753,-0.1974125691844592,0.20608871399353565,0.15874308936503753
1740369000.0,1.09716675917591e-05,1.09716675917591e-05,9.5310680039497e-06,1.00694379217774e-05,577.17448493397,0.006072194618608372,-0.08223268363137169,0.2575048769376358,0.17337355485093417,0.13130178942820367
1740369060.0,1.00694379217774e-05,1.03982230136094e-05,1.0040927731685e-05,1.0369729653993e-05,114.37131519105,0.0011688272385255627,0.029822094793012455,-0.8075115651030574,0.15911658216483102,0.035483140638035975
1740369120.0,1.0369729653993e-05,1.11240831592833e-05,1.0369729653993e-05,1.11240831592833e-05,182.311436,0.001959283939551801,0.07274572534297716,0.6762818960510996,0.1638617719612908,0.07274572534297716
1740369180.0,1.11240831592833e-05,1.13239342958234e-05,1.11240831592833e-05,1.13239342958234e-05,94.67018590575,0.0010625789928452364,0.01796562769969229,-0.45766972749834905,0.1757820154186004,0.01796562769969229
1740369240.0,1.13239342958234e-05,1.15622012904275e-05,1.13239342958234e-05,1.15622012904275e-05,13.15767368984,0.0001505641520326622,0.021041008220259536,-0.8583030974200788,0.17894004966391253,0.021041008220259536
1740369300.0,1.15622012904275e-05,1.1566850186141e-05,1.11071395584339e-05,1.11071395584339e-05,130.97564089457,0.0014845657231685387,-0.039357707115024135,8.86002114797212,0.18270512871982456,0.039759784158722514
1740369360.0,1.11071395584339e-05,1.11071395584339e-05,1.10227119535587e-05,1.10227119535587e-05,22.37872610903,0.0002476189429101929,-0.0076012014102310056,-0.8332044590240877,0.1755142737752569,0.0076012014102310056
1740369420.0,1.10227119535587e-05,1.10227119535587e-05,1.03502784553443e-05,1.03502784553443e-05,314.81008919586,0.0033642165085045065,-0.06100436090932259,12.586264721777159,0.17418015442992077,0.06100436090932259
1740369480.0,1.03502784553443e-05,1.03502784553443e-05,9.22166239847931e-06,9.22166239847931e-06,228.411368296,0.0022352268953151166,-0.10904209599136316,-0.335587680024571,0.16355440542583635,0.10904209599136316
1740369540.0,9.22166239847931e-06,9.22166239847931e-06,8.89321560788644e-06,8.91997040679184e-06,29.54071214124,0.0002679583762362957,-0.032715575419158725,-0.8801202791546943,0.14572009024958196,0.035616874311841185
1740369600.0,8.91997040679184e-06,9.40196065817014e-06,8.79293599840326e-06,9.40196065817014e-06,359.78240472377,0.0032959542088675828,0.05403496081234793,11.3002469829907,0.14095277364693515,0.06827653366463593
1740369660.0,9.40196065817014e-06,1.02654979863384e-05,9.40196065817014e-06,1.02654979863384e-05,89.12540362821,0.0008764350950164758,0.09184651580283543,-0.7340875996825212,0.14856915124733905,0.09184651580283543
1740369720.0,1.02654979863384e-05,1.03506344564172e-05,1.02348314723693e-05,1.03506344564172e-05,38.78673495591,0.00039981623243654944,0.008293457384347256,-0.5438153552842,0.16221471014519162,0.01128079555439149
1740369780.0,1.03506344564172e-05,1.03926417397735e-05,1.03429215944984e-05,1.03926417397735e-05,8.75308526788,9.078383264022135e-05,0.004058425938349748,-0.7729361009507569,0.163560030930895,0.004803584310165152
1740369840.0,1.03926417397735e-05,1.04572467024535e-05,1.03926417397735e-05,1.04572467024535e-05,12.15142731,0.00012667795191366528,0.006216413910695155,0.3953800828798806,0.16422382720290224,0.006216413910695155
1740369900.0,1.04572467024535e-05,1.05256682775663e-05,1.02944002043521e-05,1.02944002043521e-05,121.7141349444,0.001262884375966739,-0.015572597906023588,8.969251609210035,0.16524471048679396,0.022115579730938164
1740369960.0,1.02944002043521e-05,1.02944002043521e-05,9.47324873215831e-06,9.47324873215831e-06,325.4904607372,0.003217090580017998,-0.07976681068282503,1.5474149821160887,0.16267142105428584,0.07976681068282503
1740370020.0,9.47324873215831e-06,9.47324873215831e-06,8.83347177763011e-06,8.83347177763011e-06,16.88543750203,0.00015455849251758158,-0.06753511626443265,-0.9519570591274066,0.1496956406075425,0.06753511626443265
1740370080.0,8.83347177763011e-06,8.83347177763011e-06,8.64706099111788e-06,8.73534640356073e-06,49.3732585421,0.0004337149011695412,-0.01110835881288183,1.8061538004468087,0.1395859281148334,0.021102777164500337
1740370140.0,8.73534640356073e-06,8.74869985930114e-06,8.71782911637453e-06,8.74869985930114e-06,15.65807347669,0.0001368832405268692,0.0015286692849373193,-0.6843935032950115,0.13803535754010468,0.0035340032896723095
1740370200.0,8.74869985930114e-06,8.75140904985287e-06,8.70482856968675e-06,8.75140904985287e-06,4.77094409244,4.174602060859247e-05,0.00030966779010582974,-0.695024603100348,0.1382463679514116,0.005324274568248842
1740370260.0,8.75140904985287e-06,8.75140904985287e-06,8.67109436045683e-06,8.67109436045683e-06,17.55388778325,0.00015291633488393345,-0.009177343778415885,2.663015843298345,0.13828917839866525,0.009177343778415885
1740370320.0,8.67109436045683e-06,8.67778245699412e-06,8.57766725283298e-06,8.67778245699412e-06,84.6235905369,0.0007340621240375431,0.000771309394093353,3.800416676182508,0.13702005106766602,0.01154585569010767
1740370380.0,8.67778245699412e-06,8.80523655690614e-06,8.67778245699412e-06,8.74950372514819e-06,28.63531743052,0.00024951793588908004,0.008264930413905969,-0.6600860775697527,0.13712573592023367,0.014687404362078016
1740370440.0,8.74950372514819e-06,1.00615807804219e-05,8.71356945236009e-06,9.42359326296226e-06,736.82396994096,0.006695186734450823,0.07704317398900834,25.832486853478464,0.13825907058557005,0.15406717574018503
1740370500.0,9.42359326296226e-06,9.42359326296226e-06,8.75419625314397e-06,8.75419625314397e-06,18.7858260794,0.00017074239617875616,-0.07103415768688096,-0.9744977395028905,0.1489109882162527,0.07103415768688096
1740370560.0,8.75419625314397e-06,8.78878105938304e-06,8.72640518966667e-06,8.78878105938304e-06,18.07986448229,0.00015858732621318818,0.003950654661945678,-0.07118952432202257,0.13833322159799014,0.0071252537540461205
1740370620.0,8.78878105938304e-06,9.24284637506443e-06,8.78878105938304e-06,9.24284637506443e-06,160.475,0.0014468127062714788,0.05166419695898824,8.123129450625427,0.1388797283847982,0.05166419695898824
1740370680.0,9.24284637506443e-06,9.46664218803342e-06,9.24284637506443e-06,9.4589565826905e-06,82.12378895262,0.0007679314595680751,0.023381348002180044,-0.4692253833275493,0.1460548380256812,0.024212867323290276
1740370740.0,9.4589565826905e-06,9.46962381376744e-06,9.4589565826905e-06,9.46962381376744e-06,4.68760677848,4.436487088671995e-05,0.0011277386658546272,-0.9422280851579214,0.1494697970209617,0.0011277386658546272
1740370800.0,9.46962381376744e-06,9.47513158926828e-06,9.4207499700773e-06,9.4207499700773e-06,4.35707204866,4.1153359801164784e-05,-0.0051611177646872074,-0.07238860434769097,0.14963835989043967,0.005742743350788337
1740370860.0,9.4207499700773e-06,9.49631508414385e-06,9.4207499700773e-06,9.48196707815609e-06,18.83300948604,0.00017799752474065476,0.006498114085739611,3.325224613510579,0.14886605869293046,0.008021135717067512
1740370920.0,9.48196707815609e-06,9.48196707815609e-06,9.26673168273486e-06,9.26673168273486e-06,131.3771156519,0.0012315749827161023,-0.02269944555250309,5.919056793124099,0.14983340732581155,0.02269944555250309
1740370980.0,9.26673168273486e-06,9.26673168273486e-06,8.99469885372677e-06,8.99469885372677e-06,56.19331330781,0.0005130851437920987,-0.029355854720054295,-0.5833910634815379,0.14643227205427325,0.029355854720054295
1740371040.0,8.99469885372677e-06,8.99469885372677e-06,8.88341992756507e-06,8.88341992756507e-06,10.544325922,9.425635565108531e-05,-0.012371612209740082,-0.816294903893616,0.14213362754952055,0.012371612209740082
1740371100.0,8.88341992756507e-06,9.11063073346663e-06,8.88341992756507e-06,9.11063073346663e-06,110.7105,0.000996065172854075,0.025576952092124974,9.567618130084217,0.14037520542751425,0.025576952092124974
1740371160.0,9.11063073346663e-06,9.11063073346663e-06,9.11063073346663e-06,9.11063073346663e-06,0.0,0.0,0.0,-1.0,0.143965575331656,0.0
1740371220.0,9.11063073346663e-06,9.38914060632202e-06,9.11063073346663e-06,9.37146056313252e-06,27.72610617332,0.0002562182127972508,0.02862917368692911,0.0,0.143965575331656,0.030569768548770578
1740371280.0,9.37146056313252e-06,9.41997972842894e-06,9.37146056313252e-06,9.37438883924459e-06,1.2028313954,1.1274048097309758e-05,0.00031246742088305934,-0.9559982564306189,0.14808719079276464,0.005177332281298264
1740371340.0,9.37438883924459e-06,9.42938415968919e-06,9.37438883924459e-06,9.42938415968919e-06,6.3610674,5.9806033710258946e-05,0.00586654995730174,4.304752400739714,0.1481334632153375,0.00586654995730174
1740371400.0,9.42938415968919e-06,9.46802050608339e-06,9.42938415968919e-06,9.46802050608339e-06,15.897711,0.00015021273901325203,0.0040974411202134775,1.5116652901776528,0.14900249557763837,0.0040974411202134775
1740371460.0,9.46802050608339e-06,9.46802050608339e-06,9.41034088550751e-06,9.41034088550751e-06,13.8869255896,0.00013108119994930016,-0.006092046435558533,-0.12736295995683866,0.1496130245300326,0.006092046435558533
1740371520.0,9.41034088550751e-06,9.53258263746176e-06,9.37844755533624e-06,9.53258263746176e-06,66.0227699106,0.0006253321405955462,0.012990151307112565,3.7705707671078184,0.1487015750372313,0.016379330355916915
1740371580.0,9.53258263746176e-06,9.55220424649525e-06,9.46272927679105e-06,9.53523166340243e-06,61.87074163098,0.0005898699060381369,0.00027789173631284723,-0.056709438481182504,0.1506332309965709,0.00938622544456891
1740371640.0,9.53523166340243e-06,1.06337268242602e-05,9.52193231056015e-06,1.06337268242602e-05,333.00488103367,0.0033581808108785615,0.1152038251020109,4.693087198555006,0.15067509072667895,0.11659858438125575
1740371700.0,1.06337268242602e-05,1.07466724882876e-05,1.06337268242602e-05,1.07317786573646e-05,2.73469401114,2.9214059942789097e-05,0.009220834306247346,-0.9913006292430258,0.16803343752598487,0.010621456230164078
1740371760.0,1.07317786573646e-05,1.07317786573646e-05,1.07152798240437e-05,1.07152798240437e-05,7.46866450176,8.009044217363245e-05,-0.0015373810667980937,1.741503314858542,0.16958284601132115,0.0015373810667980937
1740371820.0,1.07152798240437e-05,1.12082266019699e-05,1.07152798240437e-05,1.12082266019699e-05,149.53335275747,0.0016391477100408758,0.046004097515035584,19.466208770420792,0.16932213255460962,0.046004097515035584
1740371880.0,1.12082266019699e-05,1.13228665190175e-05,1.12082266019699e-05,1.13228665190175e-05,7.8121509657,8.800815044169917e-05,0.010228194086248378,-0.9463085907983824,0.17711164445210564,0.010228194086248378
1740371940.0,1.13228665190175e-05,1.13228665190175e-05,1.13228665190175e-05,1.13228665190175e-05,0.0,0.0,0.0,-1.0,0.1789231767264964,0.0
1740372000.0,1.13228665190175e-05,1.17863318437575e-05,1.13228665190175e-05,1.17863318437575e-05,132.76373584119,0.0015340317534685605,0.04093180149757833,0.0,0.1789231767264964,0.04093180149757833
1740372060.0,1.17863318437575e-05,1.17863318437575e-05,1.17863318437575e-05,1.17863318437575e-05,0.0,0.0,0.0,-1.0,0.18624682467958148,0.0
1740372120.0,1.17863318437575e-05,1.17863318437575e-05,1.03132282938543e-05,1.03132282938543e-05,365.67556726416,0.0040406345948048065,-0.1249840552116657,0.0,0.18624682467958148,0.1249840552116657
1740372180.0,1.03132282938543e-05,1.04721787131615e-05,1.03132282938543e-05,1.04721787131615e-05,36.89068918168,0.0003833939947052667,0.015412285540301657,-0.9051154006357788,0.16296894126083125,0.015412285540301657
1740372240.0,1.04721787131615e-05,1.0539539077123e-05,1.03709114732742e-05,1.0539539077123e-05,81.49178833317,0.0008561412293410835,0.006432316121271028,1.2330585276883124,0.16548066511774384,0.01610243756028222
1740372300.0,1.0539539077123e-05,1.0539539077123e-05,1.0539539077123e-05,1.0539539077123e-05,0.0,0.0,0.0,-1.0,0.16654508906773935,0.0
1740372360.0,1.0539539077123e-05,1.07394712462047e-05,1.0539539077123e-05,1.07394712462047e-05,86.00981775015,0.0009151018999064881,0.018969726059052304,0.0,0.16654508906773935,0.018969726059052304
1740372420.0,1.07394712462047e-05,1.08843698767147e-05,1.07394712462047e-05,1.08512722096242e-05,19.3734066573,0.000209143126501606,0.010410285651540858,-0.7714537293355223,0.16970440378383483,0.013492156847219697
1740372480.0,1.08512722096242e-05,1.09689708783057e-05,1.08475016733442e-05,1.09689708783057e-05,31.9297239,0.00034835716861424256,0.010846531762156825,0.6656400544512637,0.17147107510354898,0.011194005883823101
1740372540.0,1.09689708783057e-05,1.15337609711399e-05,1.09689708783057e-05,1.15337609711399e-05,124.46368799631,0.0014003864979870123,0.051489797821529064,3.0199732463026963,0.1733309415659508,0.051489797821529064
1740372600.0,1.15337609711399e-05,1.16247593508977e-05,1.15337609711399e-05,1.16247593508977e-05,31.916,0.000369563667299076,0.00788974038784912,-0.736098807129099,0.18225571670339688,0.00788974038784912
1740372660.0,1.16247593508977e-05,1.18332637014334e-05,1.16247593508977e-05,1.18332637014334e-05,96.3324526978,0.0011298844480362937,0.01793622940844786,2.057347212440974,0.18369366699238807,0.01793622940844786
1740372720.0,1.18332637014334e-05,1.23879576401037e-05,1.18332637014334e-05,1.23170239929831e-05,261.74344879523,0.0031605897952667887,0.0408813919604529,1.7972681638018844,0.18698843874444254,0.04687581994839738
1740372780.0,1.23170239929831e-05,1.2597187434864e-05,1.23170239929831e-05,1.2597187434864e-05,60.86961443632,0.0007582592217990052,0.022746033623098134,-0.7600893279682946,0.19463278640082726,0.022746033623098134
1740372840.0,1.2597187434864e-05,1.27981983436543e-05,1.2597187434864e-05,1.27981983436543e-05,63.71664774448,0.0008090544249925138,0.01595680859951181,0.06698923235380448,0.19905991030445774,0.01595680859951181
1740372900.0,1.27981983436543e-05,1.31280684385278e-05,1.27981983436543e-05,1.31280684385278e-05,74.74282230981,0.000968901175628683,0.025774729068569174,0.19757230873268922,0.20223627119302195,0.025774729068569174
1740372960.0,1.31280684385278e-05,1.72214547771571e-05,1.31280684385278e-05,1.42468402923532e-05,1586.13545655235,0.021710156678967422,0.08521983710429688,21.40698765266801,0.2074488562908598,0.31180415898931285
1740373020.0,1.42468402923532e-05,1.50706123432026e-05,1.42468402923532e-05,1.50706123432026e-05,186.37976960092,0.002732090033750388,0.057821385931556314,-0.8741561346539148,0.22512761403143955,0.057821385931556314
1740373080.0,1.50706123432026e-05,1.71296948628896e-05,1.50706123432026e-05,1.704722520942e-05,422.25745574442,0.0067809981844915036,0.13115677194821637,1.4819819627917272,0.23814480468620186,0.13662898844423674
1740373140.0,1.704722520942e-05,2.02328172037896e-05,1.704722520942e-05,2.01967820410663e-05,893.2854723354,0.016634765304206857,0.1847548086538981,1.4531440433432694,0.26937910852508257,0.18686865194983737
1740373200.0,2.01967820410663e-05,2.01967820410663e-05,1.83209257786009e-05,1.83209257786009e-05,386.0354286053,0.007434599923529472,-0.09287896748359241,-0.5530685412405972,0.3191481941759919,0.09287896748359241
1740373260.0,1.83209257786009e-05,2.02871038868568e-05,1.71843015245893e-05,1.878435400683e-05,2049.07152198523,0.03801568606181034,0.0252950224147729,4.113346575852185,0.2895060394266727,0.16935838285484553
1740373320.0,1.878435400683e-05,1.91242008657926e-05,1.878435400683e-05,1.90207191686162e-05,264.56151544598,0.005000883725421106,0.012583087057465931,-0.8684520985024422,0.2968291011831825,0.01809201736929754
1740373380.0,1.90207191686162e-05,1.94503304008065e-05,1.90207191686162e-05,1.93943001598346e-05,101.82009919856,0.0019557105393687305,0.019640739548628695,-0.608927012354392,0.30056412760455986,0.022586487313221635
1740373440.0,1.93943001598346e-05,1.93943001598346e-05,1.93063587480681e-05,1.93909519308456e-05,5.1970639104,0.00010078471694812011,-0.00017263984580035015,-0.9484664448448227,0.3064674293525018,0.00453439469543864
1740373500.0,1.93909519308456e-05,1.93909519308456e-05,1.93909519308456e-05,1.93909519308456e-05,0.0,0.0,0.0,-1.0,0.30641452086275556,0.0
1740373560.0,1.93909519308456e-05,1.93909519308456e-05,1.9231468581317e-05,1.9231468581317e-05,15.5343902672,0.0002999878766499222,-0.008224627140398767,0.0,0.30641452086275556,0.008224627140398767
1740373620.0,1.9231468581317e-05,1.9231468581317e-05,1.31145786280539e-05,1.31145786280539e-05,1387.89072962923,0.022446389531017647,-0.31806671068300735,73.82432217489904,0.30389437567825545,0.31806671068300735
1740373680.0,1.31145786280539e-05,1.32706856757549e-05,1.16694711968455e-05,1.32706856757549e-05,572.6511023718,0.007554775344973706,0.011903321649013225,-0.6634302663894296,0.20723569121120664,0.12209423759023265
1740373740.0,1.32706856757549e-05,1.41438357934005e-05,1.32706856757549e-05,1.40964744608879e-05,304.5788976697,0.00416772973338441,0.06222653488370145,-0.44833174474774334,0.2097024843008492,0.06579540341617893
1740373800.0,1.40964744608879e-05,1.41635739723379e-05,1.39965641808696e-05,1.41540999333343e-05,74.2216460086,0.0010484020661137897,0.004087935079532674,-0.7484476841874212,0.22275154325539484,0.011847628421679806
1740373860.0,1.41540999333343e-05,1.48149044632412e-05,1.41540999333343e-05,1.47940645031224e-05,150.3268354393,0.0021758429757545114,0.045214077391167805,1.0753898204530563,0.2236621371030886,0.04668643947826312
1740373920.0,1.47940645031224e-05,1.64001317040438e-05,1.47940645031224e-05,1.64001317040438e-05,331.04275046356,0.005163306255460126,0.10856159242664036,1.373014189440605,0.23377481427954164,0.10856159242664036
1740373980.0,1.64001317040438e-05,1.64001317040438e-05,1.31950806464451e-05,1.31950806464451e-05,880.91436993325,0.013035423920385834,-0.19542837310315184,1.5246272979839328,0.2591537803869708,0.19542837310315184
1740374040.0,1.31950806464451e-05,1.45263716568463e-05,1.31750471048435e-05,1.45263716568463e-05,380.23087483735,0.005270276030521179,0.10089298020015237,-0.5956958467396598,0.2085077787024136,0.10241123856767488
1740374100.0,1.45263716568463e-05,1.45263716568463e-05,1.45263716568463e-05,1.45263716568463e-05,0.0,0.0,0.0,-1.0,0.22954474989061396,0.0
1740374160.0,1.45263716568463e-05,1.48880605635197e-05,1.45263716568463e-05,1.48880605635197e-05,90.82360835245,0.0013357624359461038,0.024898778250860436,0.0,0.22954474989061396,0.024898778250860436
1740374220.0,1.48880605635197e-05,1.50232305421705e-05,1.38235293903346e-05,1.38235293903346e-05,315.36324423091,0.004527290077437548,-0.07150234032453673,2.3892928529846893,0.23526013371678958,0.08058142608416938
1740374280.0,1.38235293903346e-05,1.38235293903346e-05,1.28697077401485e-05,1.28697077401485e-05,172.57756567601,0.0023033269419956283,-0.0689998641629837,-0.4912349545538036,0.21843848357097567,0.0689998641629837
1740374340.0,1.28697077401485e-05,1.28697077401485e-05,1.28697077401485e-05,1.28697077401485e-05,0.0,0.0,0.0,-1.0,0.2033662578766102,0.0
1740374400.0,1.28697077401485e-05,1.29315900341453e-05,1.27810945336764e-05,1.29315900341453e-05,44.7907420404,0.0005778296364579702,0.004808368243184862,0.0,0.2033662578766102,0.011693777629418256
1740374460.0,1.29315900341453e-05,1.34908971018024e-05,1.29315900341453e-05,1.3297685332254e-05,242.5189653791,0.003180548362251336,0.028310153441459353,4.504301201557841,0.20434411773271943,0.043251221712123075
1740374520.0,1.3297685332254e-05,1.3297685332254e-05,1.30359980693216e-05,1.30359980693216e-05,65.92072032216,0.000867967689283786,-0.01967915892081375,-0.7271012446830398,0.21012913106059236,0.01967915892081375
1740374580.0,1.30359980693216e-05,1.30359980693216e-05,1.30359980693216e-05,1.30359980693216e-05,0.0,0.0,0.0,-1.0,0.20599396649655846,0.0
1740374640.0,1.30359980693216e-05,1.30861515143894e-05,1.29729485798723e-05,1.29729485798723e-05,23.7909672756,0.00030938899930189916,-0.004836567872595641,0.0,0.20599396649655846,0.008683871684785474
1740374700.0,1.29729485798723e-05,1.29729485798723e-05,1.272118233665e-05,1.272118233665e-05,70.47838420956,0.0009054404153326965,-0.019407017739430446,1.9265436630769646,0.20499766269625266,0.019407017739430446
1740374760.0,1.272118233665e-05,1.272118233665e-05,1.25475184323396e-05,1.25475184323396e-05,28.1881193495,0.0003561385765415406,-0.013651553740415314,-0.6066681246930197,0.20101926941976472,0.013651553740415314
1740374820.0,1.25475184323396e-05,1.25475184323396e-05,1.20373898309943e-05,1.20373898309943e-05,107.78938116822,0.0013249960238911097,-0.040655736359032545,2.720450721059587,0.19827504406042176,0.040655736359032545
1740374880.0,1.20373898309943e-05,1.23621743335285e-05,1.20373898309943e-05,1.22969122762725e-05,69.79604228445,0.0008492189894206871,0.021559694329245076,-0.35907808468225466,0.1902140261425257,0.026981306337519606
1740374940.0,1.22969122762725e-05,1.27655951901076e-05,1.22969122762725e-05,1.27655951901076e-05,191.45029599655,0.0023991122364271076,0.03811386983214048,1.8250807698774063,0.1943149824032936,0.03811386983214048
1740375000.0,1.27655951901076e-05,1.31996489073158e-05,1.27655951901076e-05,1.31143016234606e-05,12.38238498928,0.0001602274229142211,0.027316112422491802,-0.9332138694966431,0.2017210783490474,0.0340018393771847
1740375060.0,1.31143016234606e-05,1.32414062935439e-05,1.31143016234606e-05,1.31659541684836e-05,28.92202451168,0.0003800391010939152,0.003938642445938299,1.3718730176255274,0.20723131400321623,0.009692065481849027
1740375120.0,1.31659541684836e-05,1.38703990775726e-05,1.31659541684836e-05,1.38703990775726e-05,225.6391409986,0.0030502297610874155,0.05350504035440791,7.026094557921931,0.20804752405267687,0.05350504035440791
1740375180.0,1.38703990775726e-05,1.44021252621105e-05,1.38703990775726e-05,1.44021252621105e-05,122.9167112702,0.0017375828555702647,0.038335319810492166,-0.4303436161639143,0.21917911522275,0.038335319810492166
1740375240.0,1.44021252621105e-05,1.44021252621105e-05,1.43301028514614e-05,1.43301028514614e-05,4.38753774833,6.303186772096259e-05,-0.005000818236082043,-0.9637243959222446,0.22758141670059484,0.005000818236082043
1740375300.0,1.43301028514614e-05,1.44086823392964e-05,1.33980072298671e-05,1.39015136774515e-05,266.3175147039,0.0037592869750268133,-0.02990831108837389,58.6410531839053,0.22644332340176512,0.07052811273620621
1740375360.0,1.39015136774515e-05,1.39015136774515e-05,1.34884509263271e-05,1.34884509263271e-05,15.8768895,0.00021743372071155205,-0.02971350895366128,-0.9421609145149125,0.21967078604157986,0.02971350895366128
1740375420.0,1.34884509263271e-05,1.38237522988862e-05,1.33131725760087e-05,1.38237522988862e-05,242.79078406833,0.0033155756178415543,0.02485840474866181,14.248672593153124,0.21314359617367556,0.037853103048396675
1740375480.0,1.38237522988862e-05,1.70797462419258e-05,1.38237522988862e-05,1.70097150111775e-05,756.92553712765,0.011669319402588902,0.2304701822925456,2.5195455473235895,0.21844200595694613,0.2355361896423694
1740375540.0,1.70097150111775e-05,1.70097150111775e-05,1.51061762595915e-05,1.51941923842637e-05,430.95439607749,0.006939207731468887,-0.10673445297118586,-0.40534597673885026,0.2687863748901928,0.11190891501328135
1740375600.0,1.51941923842637e-05,1.52626781361282e-05,1.51853112170321e-05,1.52579983104777e-05,9.7473328568,0.00014841381946019603,0.00419936279601689,-0.9786122818045714,0.24009760820018,0.0050918743911802745
1740375660.0,1.52579983104777e-05,1.52722475919597e-05,1.52579983104777e-05,1.52722475919597e-05,4.00525,6.114063370036871e-05,0.0009338893078926454,-0.588039483636048,0.2411058651634685,0.0009338893078926454
1740375720.0,1.52722475919597e-05,1.63560327456224e-05,1.52009409440242e-05,1.63560327456224e-05,304.28819091096,0.0048120561027737725,0.07096435198138583,77.70471422256053,0.24133103135301487,0.07563338628731475
1740375780.0,1.63560327456224e-05,1.66924743381626e-05,1.63560327456224e-05,1.66924743381626e-05,4.93617144,8.15665484008086e-05,0.0205698776575417,-0.9830495433430646,0.25845693160598104,0.0205698776575417
1740375840.0,1.66924743381626e-05,1.71821279002611e-05,1.57040593184552e-05,1.57483345455573e-05,436.26077136846,0.007076326153714217,-0.05656080539520692,85.75524822923691,0.26377335906885974,0.0885470033898279
1740375900.0,1.57483345455573e-05,1.61432323428383e-05,1.57483345455573e-05,1.61432323428383e-05,81.011235,0.0012917876098570173,0.02507552758284548,-0.8174493965093759,0.2488541254381259,0.02507552758284548
1740375960.0,1.61432323428383e-05,1.61989899014092e-05,1.61432323428383e-05,1.61989899014092e-05,15.8967195,0.00025706761751173146,0.003453927775228899,-0.8009985422137735,0.2550942739246545,0.003453927775228899
1740376020.0,1.61989899014092e-05,1.6378333276486e-05,1.61989899014092e-05,1.62262527944974e-05,81.7695540676,0.0013256988178889932,0.0016829995730675347,4.157004334972272,0.25597535112266473,0.011071269021607127
1740376080.0,1.62262527944974e-05,1.62262527944974e-05,1.5868558465517e-05,1.5868558465517e-05,61.45445939888,0.0009861846377466359,-0.02204417332273408,-0.2561020463780684,0.25640615752932,0.02204417332273408
1740376140.0,1.5868558465517e-05,1.5868558465517e-05,1.5868558465517e-05,1.5868558465517e-05,0.0,0.0,0.0,-1.0,0.2507538957517274,0.0
1740376200.0,1.5868558465517e-05,1.5868558465517e-05,1.57917901487986e-05,1.57917901487986e-05,8.2005113428,0.0001298155239643487,-0.004837762477620199,0.0,0.2507538957517274,0.004837762477620199
1740376260.0,1.57917901487986e-05,1.57917901487986e-05,1.5652247268565e-05,1.5652247268565e-05,50.96169599792,0.0008012207379054527,-0.008836419362133866,5.171994792591157,0.24954080796374262,0.008836419362133866
1740376320.0,1.5652247268565e-05,1.5652247268565e-05,1.56475148479814e-05,1.56475148479814e-05,16.034,0.00025093019288835244,-0.0003023476758576166,-0.6868151546547173,0.24733576073660926,0.0003023476758576166
1740376380.0,1.56475148479814e-05,1.56894773036414e-05,1.55895099994591e-05,1.56894773036414e-05,25.16622840315,0.0003943169509777292,0.0026817329184647956,0.5714209057065306,0.24726097934419408,0.0063887016662710645
1740376440.0,1.56894773036414e-05,1.56894773036414e-05,1.56894773036414e-05,1.56894773036414e-05,0.0,0.0,0.0,-1.0,0.24792406725195323,0.0
1740376500.0,1.56894773036414e-05,1.56894773036414e-05,1.5456008597422e-05,1.5456008597422e-05,81.40991739734,0.0012677757172527945,-0.014880591730433977,0.0,0.24792406725195323,0.014880591730433977
1740376560.0,1.5456008597422e-05,1.56859441543314e-05,1.52553767504625e-05,1.56859441543314e-05,173.62489084074,0.0027035090735453337,0.014876774651105679,1.1324821391939106,0.24423481042702827,0.027857606390094648
1740376620.0,1.56859441543314e-05,1.62308817824565e-05,1.56859441543314e-05,1.62308817824565e-05,63.618606,0.0010152519870215452,0.03474050543362565,-0.6244688072416336,0.2478682366637067,0.03474050543362565
1740376680.0,1.62308817824565e-05,1.62308817824565e-05,1.60774051491519e-05,1.60810268576769e-05,65.2024122645,0.0010534071941034188,-0.009232703853562195,0.03758200680188756,0.25647930448634537,0.009455840746156333
1740376740.0,1.60810268576769e-05,1.75751775876676e-05,1.60810268576769e-05,1.72679150598236e-05,302.10138,0.005037380687408374,0.07380674210988546,3.781988119699349,0.25411130702345536,0.09291388810021231
1740376800.0,1.72679150598236e-05,1.841039361681e-05,1.72679150598236e-05,1.841039361681e-05,164.2665,0.002930375446115117,0.0661619282367531,-0.41827397452013243,0.2728664347281415,0.0661619282367531
1740376860.0,1.841039361681e-05,1.9224724607463e-05,1.841039361681e-05,1.9224724607463e-05,165.82260522842,0.0031203766760142682,0.04423213363072572,0.06483852782449478,0.2909198042008434,0.04423213363072572
1740376920.0,1.9224724607463e-05,1.92989768545738e-05,1.9224724607463e-05,1.92989768545738e-05,7.75766092528,0.0001494269067645974,0.003862330859188375,-0.9521125420808286,0.3037878078560797,0.003862330859188375
1740376980.0,1.92989768545738e-05,1.93153952668169e-05,1.92052133017084e-05,1.93153952668169e-05,12.24225780984,0.00023636354933758165,0.0008507400349158339,0.5818004565264914,0.3049611368810074,0.005709212770126179
1740377040.0,1.93153952668169e-05,1.9335703718427e-05,1.93153952668169e-05,1.9335703718427e-05,6.90418517204,0.00013342717224848564,0.0010514126855580438,-0.43550021726099203,0.30522057952924553,0.0010514126855580438
1740377100.0,1.9335703718427e-05,1.9335703718427e-05,1.919338559163e-05,1.92528272205415e-05,24.16933486755,0.00046632956315537165,-0.004286189894734323,2.495011962682619,0.30554149231845595,0.007360379992861084
1740377160.0,1.92528272205415e-05,1.92528272205415e-05,1.91551388869751e-05,1.91551388869751e-05,4.20420874053,8.073755340760067e-05,-0.005073973419455694,-0.8268658910207232,0.3042318834616586,0.005073973419455694
1740377220.0,1.91551388869751e-05,1.94120778544017e-05,1.91551388869751e-05,1.94120778544017e-05,41.4559071,0.0007994194771680405,0.013413578932664939,8.901457790431174,0.3026882189716232,0.013413578932664939
1740377280.0,1.94120778544017e-05,1.9553646595103e-05,1.94120778544017e-05,1.9553646595103e-05,47.907,0.0009333654806012109,0.007292817480082221,0.16755409051037476,0.3067483512887868,0.007292817480082221
1740377340.0,1.9553646595103e-05,1.9553646595103e-05,1.9553646595103e-05,1.9553646595103e-05,0.0,0.0,0.0,-1.0,0.30898541102705207,0.0
1740377400.0,1.9553646595103e-05,1.9553646595103e-05,1.9086070259889e-05,1.9086070259889e-05,118.73828943554,0.0022940069418176767,-0.02391248777765556,0.0,0.30898541102705207,0.02391248777765556
1740377460.0,1.9086070259889e-05,1.9086070259889e-05,1.7495531566188e-05,1.7495531566188e-05,295.30027823888,0.005401278598832231,-0.0833350538923486,1.3545171116842742,0.3015968011623938,0.0833350538923486
1740377520.0,1.7495531566188e-05,1.75651961767294e-05,1.72766506655728e-05,1.72766506655728e-05,99.9161708916,0.0017371516510712346,-0.012510674499208105,-0.6783814018690295,0.2764632154837658,0.01649252610959504
1740377580.0,1.72766506655728e-05,1.72766506655728e-05,1.53783495392388e-05,1.67057548705759e-05,839.46501950489,0.014263520363113078,-0.03304435599514245,7.21086653794291,0.27300447418384394,0.10987668634851466
1740377640.0,1.67057548705759e-05,1.6963741028958e-05,1.58904706020542e-05,1.58904706020542e-05,291.38387312343,0.004749007213709784,-0.04880259975307492,-0.6670522358567803,0.2639832171506463,0.06424555102231068
1740377700.0,1.58904706020542e-05,1.58904706020542e-05,1.47033885572139e-05,1.48807474108331e-05,235.52804790588,0.003623742455130799,-0.0635426864633305,-0.23694736772150768,0.2511001498625143,0.0747040207032537
1740377760.0,1.48807474108331e-05,1.4887592305587e-05,1.48807474108331e-05,1.4887592305587e-05,12.04590246756,0.0001792932584225946,0.00045998326326782395,-0.9505226266373494,0.23514457176890521,0.00045998326326782395
1740377820.0,1.4887592305587e-05,1.4887592305587e-05,1.4887592305587e-05,1.4887592305587e-05,0.0,0.0,0.0,-1.0,0.2352527343363672,0.0
1740377880.0,1.4887592305587e-05,1.4887592305587e-05,1.48093521113973e-05,1.48093521113973e-05,19.73373843622,0.00029301586673986606,-0.005255396076391569,0.0,0.2352527343363672,0.005255396076391569
1740377940.0,1.48093521113973e-05,1.48093521113973e-05,1.40842357075941e-05,1.40842357075941e-05,153.19735734242,0.0022132106490053097,-0.048963411656959006,6.553210935741429,0.23401638803937547,0.048963411656959006
1740378000.0,1.40842357075941e-05,1.40842357075941e-05,1.40842357075941e-05,1.40842357075941e-05,0.0,0.0,0.0,-1.0,0.22255814729732887,0.0
1740378060.0,1.40842357075941e-05,1.40842357075941e-05,1.4034260075968e-05,1.4034260075968e-05,1.48464220412,2.087295277832328e-05,-0.003548338203339789,0.0,0.22255814729732887,0.003548338203339789
1740378120.0,1.4034260075968e-05,1.4034260075968e-05,1.40018536785419e-05,1.40018536785419e-05,12.73882248772,0.00017857353818211336,-0.0023090919828108463,7.555260009382253,0.22176843572080923,0.0023090919828108463
1740378180.0,1.40018536785419e-05,1.48573402328994e-05,1.39662444522021e-05,1.48573402328994e-05,189.66099963968,0.002736731783019662,0.061098092723861866,14.325516932014198,0.2212563520038458,0.06364127215976556
1740378240.0,1.48573402328994e-05,1.52059495666494e-05,1.48573402328994e-05,1.52059495666494e-05,70.88622893436,0.001065536621625413,0.02346377805753255,-0.6106536167568024,0.2347746931143202,0.02346377805753255
1740378300.0,1.52059495666494e-05,1.52519112140935e-05,1.50569674442598e-05,1.52519112140935e-05,107.4571834512,0.0016364579667236998,0.0030226094886507842,0.5358064035634741,0.24028339440707994,0.012820229935607734
1740378360.0,1.52519112140935e-05,1.52519112140935e-05,1.52519112140935e-05,1.52519112140935e-05,0.0,0.0,0.0,-1.0,0.24100967727498,0.0
1740378420.0,1.52519112140935e-05,1.58443795585132e-05,1.52519112140935e-05,1.58443795585132e-05,97.1446,0.0015104183642942843,0.03884551490650102,0.0,0.24100967727498,0.03884551490650102
1740378480.0,1.58443795585132e-05,1.58443795585132e-05,1.58443795585132e-05,1.58443795585132e-05,0.0,0.0,0.0,-1.0,0.2503718222861762,0.0
1740378540.0,1.58443795585132e-05,1.58443795585132e-05,1.58443795585132e-05,1.58443795585132e-05,0.0,0.0,0.0,0.0,0.2503718222861762,0.0
1740378600.0,1.58443795585132e-05,1.63111472863281e-05,1.58443795585132e-05,1.63111472863281e-05,159.29,0.002561026935557385,0.029459514403270215,0.0,0.2503718222861762,0.029459514403270215
1740378660.0,1.63111472863281e-05,1.63111472863281e-05,1.63111472863281e-05,1.63111472863281e-05,0.0,0.0,0.0,-1.0,0.25774765459098886,0.0
1740378720.0,1.63111472863281e-05,1.65394689715504e-05,1.63111472863281e-05,1.64330136444996e-05,47.72819810386,0.0007814098998256087,0.007471354162416757,0.0,0.25774765459098886,0.013997892436032363
1740378780.0,1.64330136444996e-05,1.65469051041449e-05,1.64330136444996e-05,1.65469051041449e-05,12.7776,0.00021070210490133998,0.006930649612368638,-0.7303564941417258,0.25967337860297035,0.006930649612368638
1740378840.0,1.65469051041449e-05,1.66232306565725e-05,1.64805814166514e-05,1.64805814166514e-05,57.77038686782,0.0009540053367890563,-0.004008223113389609,3.5277446907128134,0.2614730838037275,0.008620901553690864
1740378900.0,1.64805814166514e-05,1.64805814166514e-05,1.63769602577912e-05,1.63769602577912e-05,4.0594390239,6.669159345132644e-05,-0.0062874698556147374,-0.9300930604059369,0.26042504134569616,0.0062874698556147374
1740378960.0,1.63769602577912e-05,1.63769602577912e-05,1.63769602577912e-05,1.63769602577912e-05,0.0,0.0,0.0,-1.0,0.25878762674858785,0.0
1740379020.0,1.63769602577912e-05,1.63769602577912e-05,1.63597467013391e-05,1.63597467013391e-05,3.77925998472,6.186026332107295e-05,-0.0010510837286737207,0.0,0.25878762674858785,0.0010510837286737207
1740379080.0,1.63597467013391e-05,1.63597467013391e-05,1.62154730686238e-05,1.62154730686238e-05,60.04098537472,0.0009779241468933161,-0.008818818246341812,14.808599808533023,0.25851561928493033,0.008818818246341812
1740379140.0,1.62154730686238e-05,1.62154730686238e-05,1.62154730686238e-05,1.62154730686238e-05,0.0,0.0,0.0,-1.0,0.25623581702461606,0.0
1740379200.0,1.62154730686238e-05,1.62154730686238e-05,1.62154730686238e-05,1.62154730686238e-05,0.0,0.0,0.0,0.0,0.25623581702461606,0.0
1740379260.0,1.62154730686238e-05,1.62154730686238e-05,1.62154730686238e-05,1.62154730686238e-05,0.0,0.0,0.0,0.0,0.25623581702461606,0.0
1740379320.0,1.62154730686238e-05,1.62154730686238e-05,1.62154730686238e-05,1.62154730686238e-05,0.0,0.0,0.0,0.0,0.25623581702461606,0.0
1740379380.0,1.62154730686238e-05,1.62154730686238e-05,1.60174959964236e-05,1.60651361370587e-05,40.74232472876,0.0006575935313500581,-0.009271202321935037,0.0,0.25623581702461606,0.012209145632838687
1740379440.0,1.60651361370587e-05,1.60651361370587e-05,1.04263630359993e-05,1.04263630359993e-05,1329.27948958827,0.017607303249595307,-0.3509944175357471,25.775359565120745,0.2538602029228545,0.3509944175357471
1740379500.0,1.04263630359993e-05,1.04263630359993e-05,9.48416332712924e-06,9.48416332712924e-06,260.31460250292,0.002591500377920858,-0.090367053747976,-0.8528167351249305,0.1647566888624406,0.090367053747976
1740379560.0,9.48416332712924e-06,1.04914342050285e-05,9.24656561757321e-06,1.04914342050285e-05,637.95276940183,0.006371743883048195,0.10620556006432143,1.4587084521902327,0.14986811230466987,0.13125760749969054
1740379620.0,1.04914342050285e-05,1.06881855024132e-05,1.04914342050285e-05,1.06881855024132e-05,48.021,0.0005085332589855289,0.018753517730721474,-0.9201893126403803,0.16578493910776998,0.018753517730721474
1740379680.0,1.06881855024132e-05,1.08801157828773e-05,1.01544394890822e-05,1.01544394890822e-05,375.95548928045,0.003917949638283295,-0.049937944397623855,6.704411794224035,0.16889398990281412,0.06789518142543988
1740379740.0,1.01544394890822e-05,1.01544394890822e-05,1.01544394890822e-05,1.01544394890822e-05,0.0,0.0,0.0,-1.0,0.16045977122595453,0.0
1740379800.0,1.01544394890822e-05,1.01544394890822e-05,1.01544394890822e-05,1.01544394890822e-05,0.0,0.0,0.0,0.0,0.16045977122595453,0.0
1740379860.0,1.01544394890822e-05,1.01544394890822e-05,9.44387599178525e-06,9.44387599178525e-06,128.22637801926,0.0012565105046952125,-0.06997564937591386,0.0,0.16045977122595453,0.06997564937591386
1740379920.0,9.44387599178525e-06,9.46418927575071e-06,9.22805586070378e-06,9.46418927575071e-06,117.35205527318,0.0011094501601923875,0.0021509477658463523,-0.1170386908452444,0.14923149453570778,0.02500386655355601
1740379980.0,9.46418927575071e-06,9.46418927575071e-06,9.46418927575071e-06,9.46418927575071e-06,0.0,0.0,0.0,-1.0,0.14955248368547328,0.0
1740380040.0,9.46418927575071e-06,9.71735674588006e-06,9.46418927575071e-06,9.51815564885677e-06,127.13367511917,0.0012066476363225365,0.005702165450593169,0.0,0.14955248368547328,0.026750043004530714
1740380100.0,9.51815564885677e-06,9.51815564885677e-06,9.28827749677154e-06,9.28827749677154e-06,62.866851048,0.0005911506156551924,-0.024151543698788053,-0.5100884484746315,0.150405256690995,0.024151543698788053
1740380160.0,9.28827749677154e-06,9.4326953797042e-06,9.28827749677154e-06,9.382527757516e-06,62.16931620042,0.0005803755977851326,0.010147227058754552,-0.018227195548324807,0.14677273756149498,0.015548403133181263
1740380220.0,9.382527757516e-06,9.382527757516e-06,9.36647184423779e-06,9.36647184423779e-06,6.77794517407,6.353984568467373e-05,-0.0017112566776420952,-0.8905194396057335,0.14826207385556647,0.0017112566776420952
1740380280.0,9.36647184423779e-06,9.36647184423779e-06,8.97052426039738e-06,8.97052426039738e-06,167.51770953876,0.0015358857936348237,-0.04227286329633228,23.17201013135747,0.14800835939164006,0.04227286329633228
1740380340.0,8.97052426039738e-06,8.97052426039738e-06,8.17530383770254e-06,8.17530383770254e-06,170.87690477562,0.0014649130176090847,-0.08864815473556426,-0.04620967022409588,0.14175162224836285,0.08864815473556426
1740380400.0,8.17530383770254e-06,8.21286594248607e-06,8.17530383770254e-06,8.1799811645977e-06,13.95993171372,0.00011415933089527009,0.0005721288147835218,-0.9220709151171365,0.12918560250527272,0.004594582113303668
1740380460.0,8.1799811645977e-06,8.1799811645977e-06,8.1799811645977e-06,8.1799811645977e-06,0.0,0.0,0.0,-1.0,0.12925951331092117,0.0
1740380520.0,8.1799811645977e-06,8.1799811645977e-06,8.13950887485758e-06,8.13950887485758e-06,11.88474811902,9.697651427489088e-05,-0.00494772407487685,0.0,0.12925951331092117,0.00494772407487685
1740380580.0,8.13950887485758e-06,8.2890154663589e-06,8.13950887485758e-06,8.2890154663589e-06,64.352,0.0005286041992029816,0.01836801136283973,4.4508475908362035,0.12861997290500585,0.01836801136283973
1740380640.0,8.2890154663589e-06,8.75489207944115e-06,8.2890154663589e-06,8.75489207944115e-06,109.5192,0.0009333175596449924,0.0562040950427729,0.7656264574746647,0.13098246602881314,0.0562040950427729
1740380700.0,8.75489207944115e-06,1.00222989739359e-05,8.75489207944115e-06,1.00222989739359e-05,343.06029239817,0.0032208543265939164,0.14476556455458356,2.4509736726897526,0.13834421699843333,0.14476556455458356
1740380760.0,1.00222989739359e-05,1.00222989739359e-05,1.00222989739359e-05,1.00222989739359e-05,0.0,0.0,0.0,-1.0,0.15837169567507334,0.0
1740380820.0,1.00222989739359e-05,1.00330016608161e-05,1.00078217423023e-05,1.00330016608161e-05,18.81073392666,0.00018862746202974763,0.0010678874086707329,0.0,0.15837169567507334,0.0025123894806253445
1740380880.0,1.00330016608161e-05,1.01107863401999e-05,1.00330016608161e-05,1.01107863401999e-05,37.10523977705,0.00037372004189788075,0.007752882139707931,0.9812599813220355,0.15854081881477458,0.007752882139707931
1740380940.0,1.01107863401999e-05,1.0243844571423e-05,1.01107863401999e-05,1.0243844571423e-05,33.59965455,0.0003419542835616405,0.013160027988532252,-0.084998808666837,0.1597699670973783,0.013160027988532252
1740381000.0,1.0243844571423e-05,1.0243844571423e-05,1.02338235322091e-05,1.02338235322091e-05,10.33386315816,0.00010580670999057596,-0.000978249830327995,-0.6905822939588845,0.1618725443361067,0.000978249830327995
1740381060.0,1.02338235322091e-05,1.02338235322091e-05,9.85913722535287e-06,9.85913722535287e-06,182.97691147008,0.0018382739508541043,-0.03661254326664643,16.373888206313534,0.16171419254707514,0.03661254326664643
1740381120.0,9.85913722535287e-06,9.85913722535287e-06,9.85913722535287e-06,9.85913722535287e-06,0.0,0.0,0.0,-1.0,0.15579342467561455,0.0
1740381180.0,9.85913722535287e-06,9.85913722535287e-06,9.61334420031578e-06,9.61334420031578e-06,41.89015568767,0.00040785263927326106,-0.02493048016463648,0.0,0.15579342467561455,0.02493048016463648
1740381240.0,9.61334420031578e-06,9.61334420031578e-06,9.58664152199047e-06,9.58664152199047e-06,1.10118622508,1.057137989956816e-05,-0.0027776679757740654,-0.974080393549972,0.15190941979195835,0.0027776679757740654
1740381300.0,9.58664152199047e-06,9.58664152199047e-06,9.58664152199047e-06,9.58664152199047e-06,0.0,0.0,0.0,-1.0,0.1514874658613838,0.0
1740381360.0,9.58664152199047e-06,9.58664152199047e-06,9.41495138208878e-06,9.41495138208878e-06,89.79434312202,0.0008531177765469163,-0.017909310524218146,0.0,0.1514874658613838,0.017909310524218146
1740381420.0,9.41495138208878e-06,9.41495138208878e-06,9.24728423062144e-06,9.3524084657047e-06,31.95648972457,0.00029986947106666,-0.006642935671772307,-0.6485016731448111,0.1487744297947454,0.017808605128467613
1740381480.0,9.3524084657047e-06,9.3524084657047e-06,9.3524084657047e-06,9.3524084657047e-06,0.0,0.0,0.0,-1.0,0.1477861308280143,0.0
1740381540.0,9.3524084657047e-06,9.3524084657047e-06,8.64538916801348e-06,8.79380545340503e-06,278.70207018698,0.0025286936926558366,-0.0597282522836838,0.0,0.1477861308280143,0.07559756401614212
1740381600.0,8.79380545340503e-06,8.79380545340503e-06,8.74047532760692e-06,8.74047532760692e-06,5.73698691846,5.029696973263508e-05,-0.006064510533088956,-0.9801095048092563,0.13895912352188916,0.006064510533088956
1740381660.0,8.74047532760692e-06,8.77742618014764e-06,8.73446118186505e-06,8.73446118186505e-06,3.61407390595,3.1577856023507815e-05,-0.0006880799403292596,-0.37217179898973934,0.13811640445362186,0.004915636355254383
1740381720.0,8.73446118186505e-06,8.73446118186505e-06,8.73446118186505e-06,8.73446118186505e-06,0.0,0.0,0.0,-1.0,0.13802136932628692,0.0
1740381780.0,8.73446118186505e-06,8.73446118186505e-06,8.73446118186505e-06,8.73446118186505e-06,0.0,0.0,0.0,0.0,0.13802136932628692,0.0
1740381840.0,8.73446118186505e-06,8.73446118186505e-06,8.71567923454254e-06,8.71567923454254e-06,10.32735657636,9.010691119389618e-05,-0.0021503269556577584,0.0,0.13802136932628692,0.0021503269556577584
1740381900.0,8.71567923454254e-06,8.71567923454254e-06,8.71567923454254e-06,8.71567923454254e-06,0.0,0.0,0.0,-1.0,0.1377245782553678,0.0
1740381960.0,8.71567923454254e-06,8.71567923454254e-06,8.71567923454254e-06,8.71567923454254e-06,0.0,0.0,0.0,0.0,0.1377245782553678,0.0
1740382020.0,8.71567923454254e-06,8.74064933517253e-06,8.68640260196662e-06,8.71460884616908e-06,19.1960369481,0.00016729622700668365,-0.00012281181358964955,0.0,0.1377245782553678,0.0062240396584256575
1740382080.0,8.71460884616908e-06,8.71460884616908e-06,8.71080285021296e-06,8.71080285021296e-06,1.43203456,1.2476895885723654e-05,-0.0004367374397754438,-0.9254203390658344,0.1377076640501364,0.0004367374397754438
1740382140.0,8.71080285021296e-06,8.71080285021296e-06,8.71080285021296e-06,8.71080285021296e-06,0.0,0.0,0.0,-1.0,0.13764752195750168,0.0
1740382200.0,8.71080285021296e-06,8.71080285021296e-06,8.69206624912658e-06,8.69206624912658e-06,10.60100074941,9.22439141819913e-05,-0.0021509614450660086,0.0,0.13764752195750168,0.0021509614450660086
1740382260.0,8.69206624912658e-06,8.72072128836324e-06,8.69206624912658e-06,8.72072128836324e-06,4.68116247591,4.0756043810745316e-05,0.003296689005279748,-0.5581709192181907,0.13735144744476221,0.003296689005279748
1740382320.0,8.72072128836324e-06,8.72072128836324e-06,8.67775191878547e-06,8.67775191878547e-06,4.6580971131,4.052188890928355e-05,-0.00492727243044755,-0.005745280443535864,0.13780425245141262,0.00492727243044755
1740382380.0,8.67775191878547e-06,8.67775191878547e-06,8.67775191878547e-06,8.67775191878547e-06,0.0,0.0,0.0,-1.0,0.13712525335751036,0.0
1740382440.0,8.67775191878547e-06,8.67775191878547e-06,8.67775191878547e-06,8.67775191878547e-06,0.0,0.0,0.0,0.0,0.13712525335751036,0.0
1740382500.0,8.67775191878547e-06,9.10656854858725e-06,8.67775191878547e-06,9.10656854858725e-06,130.37253611816,0.0011592934812347413,0.04941563596367446,0.0,0.13712525335751036,0.04941563596367446
1740382560.0,9.10656854858725e-06,9.10656854858725e-06,9.06212917215333e-06,9.06212917215333e-06,13.4428951802,0.00012211994951032712,-0.0048799255391115655,-0.8946600222574705,0.1439013849588517,0.0048799255391115655
1740382620.0,9.06212917215333e-06,9.06212917215333e-06,9.01892528637235e-06,9.01892528637235e-06,6.35163490258,5.742212828711071e-05,-0.004767520409413126,-0.5297891252218805,0.1431991569152775,0.004767520409413126
1740382680.0,9.01892528637235e-06,9.01892528637235e-06,9.01892528637235e-06,9.01892528637235e-06,0.0,0.0,0.0,-1.0,0.14251645201207314,0.0
1740382740.0,9.01892528637235e-06,9.01892528637235e-06,9.01892528637235e-06,9.01892528637235e-06,0.0,0.0,0.0,0.0,0.14251645201207314,0.0
1740382800.0,9.01892528637235e-06,9.01892528637235e-06,9.01892528637235e-06,9.01892528637235e-06,0.0,0.0,0.0,0.0,0.14251645201207314,0.0
1740382860.0,9.01892528637235e-06,9.01892528637235e-06,8.98846215243167e-06,8.98846215243167e-06,2.7561567084,2.4815590845108796e-05,-0.003377690021083869,0.0,0.14251645201207314,0.003377690021083869
1740382920.0,8.98846215243167e-06,8.98846215243167e-06,8.98846215243167e-06,8.98846215243167e-06,0.0,0.0,0.0,-1.0,0.1420350756142717,0.0
1740382980.0,8.98846215243167e-06,9.11304028646483e-06,8.98257087604116e-06,9.11304028646483e-06,26.03830232216,0.0002356661964946518,0.01385978289950948,0.0,0.1420350756142717,0.014515209410808286
1740383040.0,9.11304028646483e-06,9.11304028646483e-06,9.11304028646483e-06,9.11304028646483e-06,0.0,0.0,0.0,-1.0,0.1440036509264009,0.0
1740383100.0,9.11304028646483e-06,9.11304028646483e-06,9.11304028646483e-06,9.11304028646483e-06,0.0,0.0,0.0,0.0,0.1440036509264009,0.0
1740383160.0,9.11304028646483e-06,9.11304028646483e-06,9.0335093963376e-06,9.04470112076572e-06,23.177968132,0.00021042977584294326,-0.007499052297684994,0.0,0.1440036509264009,0.008727152259532177
1740383220.0,9.04470112076572e-06,9.04470112076572e-06,8.85523070609538e-06,8.85523070609538e-06,57.31405959527,0.0005129588797379937,-0.02094822284788764,1.437672509430636,0.14292376001704624,0.02094822284788764
1740383280.0,8.85523070609538e-06,9.26840320862372e-06,8.85523070609538e-06,9.26840320862372e-06,237.18532117828,0.002149329965490109,0.04665858137879308,3.1900628888380522,0.13992976124195114,0.04665858137879308
1740383340.0,9.26840320862372e-06,9.61390181825585e-06,9.26840320862372e-06,9.57679872185444e-06,47.3928961212,0.00044656434873709453,0.03327385594789143,-0.7922309017660464,0.1464586853941738,0.037277037031650126
1740383400.0,9.57679872185444e-06,9.57679872185444e-06,9.55827701352501e-06,9.55827701352501e-06,5.389787376,5.156699481867604e-05,-0.0019340187537994619,-0.8845250522919934,0.15133193059429711,0.0019340187537994619
1740383460.0,9.55827701352501e-06,9.62624031966488e-06,9.55827701352501e-06,9.62624031966488e-06,16.11,0.00015453128711884456,0.007110413942146788,1.9967091869948934,0.15103925180247907,0.007110413942146788
1740383520.0,9.62624031966488e-06,9.76021352881198e-06,9.62624031966488e-06,9.76021352881198e-06,55.60349619202,0.0005389773063702773,0.013917500986695131,2.487819951669521,0.1521132034043068,0.013917500986695131
1740383580.0,9.76021352881198e-06,9.9052949413837e-06,9.76021352881198e-06,9.79605146006138e-06,69.8413487534,0.0006829179617009052,0.003671838853074965,0.2670625527816578,0.1542302390627756,0.014864573622640726
1740383640.0,9.79605146006138e-06,9.93973368997029e-06,9.79605146006138e-06,9.93973368997029e-06,99.48178978263,0.0009816756147453007,0.014667361691055257,0.4374722438113893,0.15479654764688536,0.014667361691055257
1740383700.0,9.93973368997029e-06,9.93973368997029e-06,9.93973368997029e-06,9.93973368997029e-06,0.0,0.0,0.0,-1.0,0.1570670045997489,0.0
1740383760.0,9.93973368997029e-06,1.02933268371171e-05,9.93973368997029e-06,1.02933268371171e-05,78.17668853664,0.0007908768354845481,0.03557370430392954,0.0,0.1570670045997489,0.03557370430392954
1740383820.0,1.02933268371171e-05,1.02933268371171e-05,1.02933268371171e-05,1.02933268371171e-05,0.0,0.0,0.0,-1.0,0.1626544597772843,0.0
1740383880.0,1.02933268371171e-05,1.02933268371171e-05,1.02933268371171e-05,1.02933268371171e-05,0.0,0.0,0.0,0.0,0.1626544597772843,0.0
1740383940.0,1.02933268371171e-05,1.02933268371171e-05,1.02933268371171e-05,1.02933268371171e-05,0.0,0.0,0.0,0.0,0.1626544597772843,0.0
1740384000.0,1.02933268371171e-05,1.04503533383406e-05,1.02933268371171e-05,1.04030383209106e-05,3.56114279772,3.6851355860746744e-05,0.010658505799882603,0.0,0.1626544597772843,0.015255174901983271
1740384060.0,1.04030383209106e-05,1.04030383209106e-05,1.04030383209106e-05,1.04030383209106e-05,0.0,0.0,0.0,-1.0,0.16438811328019726,0.0
1740384120.0,1.04030383209106e-05,1.04030383209106e-05,1.0245830085137e-05,1.0245830085137e-05,77.81595591396,0.0008034057167790808,-0.01511176167231864,0.0,0.16438811328019726,0.01511176167231864
1740384180.0,1.0245830085137e-05,1.0245830085137e-05,1.0245830085137e-05,1.0245830085137e-05,0.0,0.0,0.0,-1.0,0.1619039192905448,0.0
1740384240.0,1.0245830085137e-05,1.0245830085137e-05,1.00773382881233e-05,1.00773382881233e-05,1.408034194,1.4307857999984932e-05,-0.016444914234730622,0.0,0.1619039192905448,0.016444914234730622
1740384300.0,1.00773382881233e-05,1.00773382881233e-05,1.00773382881233e-05,1.00773382881233e-05,0.0,0.0,0.0,-1.0,0.15924142322354504,0.0
1740384360.0,1.00773382881233e-05,1.00773382881233e-05,1.00773382881233e-05,1.00773382881233e-05,0.0,0.0,0.0,0.0,0.15924142322354504,0.0
1740384420.0,1.00773382881233e-05,1.00773382881233e-05,1.00773382881233e-05,1.00773382881233e-05,0.0,0.0,0.0,0.0,0.15924142322354504,0.0
1740384480.0,1.00773382881233e-05,1.00773382881233e-05,1.00773382881233e-05,1.00773382881233e-05,0.0,0.0,0.0,0.0,0.15924142322354504,0.0
1740384540.0,1.00773382881233e-05,1.00773382881233e-05,1.00484400120929e-05,1.00484400120929e-05,5.17948515648,5.212058498428855e-05,-0.0028676496912343427,0.0,0.15924142322354504,0.0028676496912343427
1740384600.0,1.00484400120929e-05,1.00484400120929e-05,1.00293704501059e-05,1.00293704501059e-05,2.48603020032,2.4957021582663542e-05,-0.001897763430348322,-0.5211676616794172,0.15878477460540633,0.001897763430348322
1740384660.0,1.00293704501059e-05,1.00293704501059e-05,1.00293704501059e-05,1.00293704501059e-05,0.0,0.0,0.0,-1.0,0.1584834386668641,0.0
1740384720.0,1.00293704501059e-05,1.00293704501059e-05,1.00293704501059e-05,1.00293704501059e-05,0.0,0.0,0.0,0.0,0.1584834386668641,0.0
1740384780.0,1.00293704501059e-05,1.00293704501059e-05,9.98184771734351e-06,9.98184771734351e-06,11.25883547271,0.00011265150647790911,-0.004738356509893354,0.0,0.1584834386668641,0.004738356509893354
1740384840.0,9.98184771734351e-06,9.98184771734351e-06,9.98184771734351e-06,9.98184771734351e-06,0.0,0.0,0.0,-1.0,0.15773248763354666,0.0
1740384900.0,9.98184771734351e-06,9.98184771734351e-06,9.98184771734351e-06,9.98184771734351e-06,0.0,0.0,0.0,0.0,0.15773248763354666,0.0
1740384960.0,9.98184771734351e-06,9.98184771734351e-06,9.79258071776304e-06,9.79258071776304e-06,41.39168078559,0.0004092484147517121,-0.018961118716689804,0.0,0.15773248763354666,0.018961118716689804
1740385020.0,9.79258071776304e-06,9.85631816854621e-06,9.79258071776304e-06,9.85631816854621e-06,17.33229421962,0.00017028024829453785,0.006508749084657098,-0.5839195897732541,0.15474170321004818,0.006508749084657098
1740385080.0,9.85631816854621e-06,9.85631816854621e-06,9.80631274183887e-06,9.80631274183887e-06,17.09778282715,0.0001680936965580854,-0.0050734387681315276,-0.012840900564522995,0.15574887812917487,0.0050734387681315276
1740385140.0,9.80631274183887e-06,9.80631274183887e-06,9.80631274183887e-06,9.80631274183887e-06,0.0,0.0,0.0,-1.0,0.15495869573278132,0.0
1740385200.0,9.80631274183887e-06,9.80631274183887e-06,9.71049912018154e-06,9.71049912018154e-06,19.4284182231,0.00018959039161844577,-0.009770606361404201,0.0,0.15495869573278132,0.009770606361404201
1740385260.0,9.71049912018154e-06,9.71049912018154e-06,9.71049912018154e-06,9.71049912018154e-06,0.0,0.0,0.0,-1.0,0.1534446553144997,0.0
1740385320.0,9.71049912018154e-06,9.72622690513555e-06,9.71049912018154e-06,9.72622690513555e-06,1.578357,1.5339046289570704e-05,0.0016196680272925375,0.0,0.1534446553144997,0.0016196680272925375
1740385380.0,9.72622690513555e-06,9.72622690513555e-06,9.72622690513555e-06,9.72622690513555e-06,0.0,0.0,0.0,-1.0,0.1536931847166715,0.0
1740385440.0,9.72622690513555e-06,9.72622690513555e-06,9.72622690513555e-06,9.72622690513555e-06,0.0,0.0,0.0,0.0,0.1536931847166715,0.0
1740385500.0,9.72622690513555e-06,9.72622690513555e-06,9.72622690513555e-06,9.72622690513555e-06,0.0,0.0,0.0,0.0,0.1536931847166715,0.0
1740385560.0,9.72622690513555e-06,9.72622690513555e-06,9.72622690513555e-06,9.72622690513555e-06,0.0,0.0,0.0,0.0,0.1536931847166715,0.0
1740385620.0,9.72622690513555e-06,9.72622690513555e-06,9.72622690513555e-06,9.72622690513555e-06,0.0,0.0,0.0,0.0,0.1536931847166715,0.0
1740385680.0,9.72622690513555e-06,9.72622690513555e-06,9.72622690513555e-06,9.72622690513555e-06,0.0,0.0,0.0,0.0,0.1536931847166715,0.0
1740385740.0,9.72622690513555e-06,9.72622690513555e-06,9.72622690513555e-06,9.72622690513555e-06,0.0,0.0,0.0,0.0,0.1536931847166715,0.0
1740385800.0,9.72622690513555e-06,9.72622690513555e-06,9.68922724619607e-06,9.68922724619607e-06,9.82514,9.537977760020716e-05,-0.0038041122524032074,0.0,0.1536931847166715,0.0038041122524032074
1740385860.0,9.68922724619607e-06,9.68922724619607e-06,9.68922724619607e-06,9.68922724619607e-06,0.0,0.0,0.0,-1.0,0.15310851858957997,0.0
1740385920.0,9.68922724619607e-06,9.68922724619607e-06,9.65442867290391e-06,9.65442867290391e-06,1.9952283858,1.9297505687468233e-05,-0.0035914704452639427,0.0,0.15310851858957997,0.0035914704452639427
1740385980.0,9.65442867290391e-06,9.65442867290391e-06,9.65442867290391e-06,9.65442867290391e-06,0.0,0.0,0.0,-1.0,0.15255863387014734,0.0
1740386040.0,9.65442867290391e-06,9.65442867290391e-06,9.65442867290391e-06,9.65442867290391e-06,0.0,0.0,0.0,0.0,0.15255863387014734,0.0
1740386100.0,9.65442867290391e-06,9.65442867290391e-06,9.64146523579969e-06,9.64146523579969e-06,16.45742932199,0.00015878040510355343,-0.0013427451321489092,0.0,0.15255863387014734,0.0013427451321489092
1740386160.0,9.64146523579969e-06,1.00836951426993e-05,9.64146523579969e-06,1.00836951426993e-05,224.71944354126,0.002216313532009201,0.045867500020387704,12.9583567037996,0.15235378650715092,0.045867500020387704
1740386220.0,1.00836951426993e-05,1.0473798574239e-05,1.00836951426993e-05,1.0473798574239e-05,2.13559676018,2.1951258489657065e-05,0.03868655547586034,-0.9900955987622577,0.1593418738128738,0.03868655547586034
1740386280.0,1.0473798574239e-05,1.0473798574239e-05,1.0473798574239e-05,1.0473798574239e-05,0.0,0.0,0.0,-1.0,0.1655062620537631,0.0
1740386340.0,1.0473798574239e-05,1.06235103381115e-05,1.0473798574239e-05,1.06235103381115e-05,51.43050195582,0.0005425225936395904,0.014293931930362562,0.0,0.1655062620537631,0.014293931930362562
1740386400.0,1.06235103381115e-05,1.06235103381115e-05,1.06235103381115e-05,1.06235103381115e-05,0.0,0.0,0.0,-1.0,0.16787199729760832,0.0
1740386460.0,1.06235103381115e-05,1.06235103381115e-05,1.06235103381115e-05,1.06235103381115e-05,0.0,0.0,0.0,0.0,0.16787199729760832,0.0
1740386520.0,1.06235103381115e-05,1.06235103381115e-05,1.06235103381115e-05,1.06235103381115e-05,0.0,0.0,0.0,0.0,0.16787199729760832,0.0
1740386580.0,1.06235103381115e-05,1.06235103381115e-05,1.06235103381115e-05,1.06235103381115e-05,0.0,0.0,0.0,0.0,0.16787199729760832,0.0
1740386640.0,1.06235103381115e-05,1.06235103381115e-05,1.06090985433664e-05,1.06090985433664e-05,11.322330474,0.00012020130729064014,-0.0013565944105497704,0.0,0.16787199729760832,0.0013565944105497704
1740386700.0,1.06090985433664e-05,1.06090985433664e-05,1.06090985433664e-05,1.06090985433664e-05,0.0,0.0,0.0,-1.0,0.16764426308438657,0.0
1740386760.0,1.06090985433664e-05,1.06090985433664e-05,1.06090985433664e-05,1.06090985433664e-05,0.0,0.0,0.0,0.0,0.16764426308438657,0.0
1740386820.0,1.06090985433664e-05,1.06090985433664e-05,1.03974299702472e-05,1.03974299702472e-05,94.15117222056,0.000988894641920669,-0.019951607787784268,0.0,0.16764426308438657,0.019951607787784268
1740386880.0,1.03974299702472e-05,1.03974299702472e-05,9.54103470818311e-06,9.54103470818311e-06,356.32143247519,0.003552251147787134,-0.08236605242975528,2.5921431841190032,0.16429949049945475,0.08236605242975528
1740386940.0,9.54103470818311e-06,9.54103470818311e-06,8.88862268175482e-06,8.88862268175482e-06,1.241943489,1.1444296499967076e-05,-0.06837958841809187,-0.9967782974728303,0.15076679005079457,0.06837958841809187
1740387000.0,8.88862268175482e-06,8.88862268175482e-06,8.86949552127477e-06,8.86949552127477e-06,8.99390973208,7.985745606482743e-05,-0.002151869998859446,5.977926171788468,0.14045741900000439,0.002151869998859446
1740387060.0,8.86949552127477e-06,8.86949552127477e-06,8.86949552127477e-06,8.86949552127477e-06,0.0,0.0,0.0,-1.0,0.14015517289394105,0.0
1740387120.0,8.86949552127477e-06,8.86949552127477e-06,8.86949552127477e-06,8.86949552127477e-06,0.0,0.0,0.0,0.0,0.14015517289394105,0.0
1740387180.0,8.86949552127477e-06,8.86949552127477e-06,8.64913778252965e-06,8.64913778252965e-06,109.95036161905,0.0009630900334124144,-0.024844450083610817,0.0,0.14015517289394105,0.024844450083610817
1740387240.0,8.64913778252965e-06,8.64913778252965e-06,8.45314066708023e-06,8.45314066708023e-06,0.55737330127,4.766176699348918e-06,-0.02266088486245569,-0.9950511618498828,0.1366730946970177,0.02266088486245569
1740387300.0,8.45314066708023e-06,8.45314066708023e-06,8.45314066708023e-06,8.45314066708023e-06,0.0,0.0,0.0,-1.0,0.13357596143429307,0.0
1740387360.0,8.45314066708023e-06,8.45314066708023e-06,8.45314066708023e-06,8.45314066708023e-06,0.0,0.0,0.0,0.0,0.13357596143429307,0.0
1740387420.0,8.45314066708023e-06,8.45314066708023e-06,8.45314066708023e-06,8.45314066708023e-06,0.0,0.0,0.0,0.0,0.13357596143429307,0.0
1740387480.0,8.45314066708023e-06,8.45314066708023e-06,8.38309330443274e-06,8.38309330443274e-06,41.75376077376,0.0003514880427888019,-0.008286548799581779,0.0,0.13357596143429307,0.008286548799581779
1740387540.0,8.38309330443274e-06,8.38309330443274e-06,8.23239595259711e-06,8.23239595259711e-06,39.87555490527,0.0003312759270733088,-0.017976341949569524,-0.057504419083860336,0.13246907771141672,0.017976341949569524
1740387600.0,8.23239595259711e-06,8.23239595259711e-06,8.08521437092344e-06,8.08521437092344e-06,34.62656901126,0.0002825114299831165,-0.01787834094972532,-0.14720205455617402,0.13008776827273222,0.01787834094972532
1740387660.0,8.08521437092344e-06,8.08521437092344e-06,8.08521437092344e-06,8.08521437092344e-06,0.0,0.0,0.0,-1.0,0.12776201479816343,0.0
1740387720.0,8.08521437092344e-06,8.08521437092344e-06,8.08521437092344e-06,8.08521437092344e-06,0.0,0.0,0.0,0.0,0.12776201479816343,0.0
1740387780.0,8.08521437092344e-06,8.08521437092344e-06,8.08521437092344e-06,8.08521437092344e-06,0.0,0.0,0.0,0.0,0.12776201479816343,0.0
1740387840.0,8.08521437092344e-06,8.08521437092344e-06,7.87270855963735e-06,7.87270855963735e-06,107.93595359334,0.0008612168144395528,-0.026283262451310803,0.0,0.12776201479816343,0.026283262451310803
1740387900.0,7.87270855963735e-06,7.87270855963735e-06,7.60255912578118e-06,7.60255912578118e-06,53.764908032,0.0004160131719385544,-0.0343146747793004,-0.5169472251778086,0.12440401223191506,0.0343146747793004
1740387960.0,7.60255912578118e-06,7.60255912578118e-06,7.35042123787642e-06,7.35042123787642e-06,98.01845629134,0.0007328340261002189,-0.033164870372363285,0.7615644780796972,0.12013512901093679,0.033164870372363285
1740388020.0,7.35042123787642e-06,7.35042123787642e-06,7.12716869325788e-06,7.12716869325788e-06,22.09359572654,0.00015993100951655363,-0.03037275516512285,-0.781763668415306,0.11615086303012193,0.03037275516512285
1740388080.0,7.12716869325788e-06,7.12716869325788e-06,7.12296502767485e-06,7.12296502767485e-06,2.72982406284,1.9450178965044937e-05,-0.0005898086272331719,-0.8783839417768963,0.11262304130509032,0.0005898086272331719
1740388140.0,7.12296502767485e-06,7.12296502767485e-06,7.11691402984303e-06,7.11691402984303e-06,3.48508408599,2.4813587944888922e-05,-0.0008495054809773928,0.27575113779070537,0.11255661526370334,0.0008495054809773928
1740388200.0,7.11691402984303e-06,7.11691402984303e-06,7.06075737820729e-06,7.06075737820729e-06,24.55617502854,0.0001740746902966054,-0.007890590135030637,6.01529704947249,0.11246099780211656,0.007890590135030637
1740388260.0,7.06075737820729e-06,7.06075737820729e-06,7.06075737820729e-06,7.06075737820729e-06,0.0,0.0,0.0,-1.0,0.11157361416228347,0.0
1740388320.0,7.06075737820729e-06,7.06075737820729e-06,7.06075737820729e-06,7.06075737820729e-06,0.0,0.0,0.0,0.0,0.11157361416228347,0.0
1740388380.0,7.06075737820729e-06,7.06075737820729e-06,7.02169440242058e-06,7.02169440242058e-06,3.481005e-05,2.451054253031226e-10,-0.0055324059012813774,0.0,0.11157361416228347,0.0055324059012813774
1740388440.0,7.02169440242058e-06,7.03875799569064e-06,7.02169440242058e-06,7.03875799569064e-06,0.3838410704,2.6984895493996286e-06,0.0024301247380087944,11008.505587493215,0.11095634364086476,0.0024301247380087944
1740388500.0,7.03875799569064e-06,7.03875799569064e-06,7.03491782189426e-06,7.03491782189426e-06,0.00034178093,2.4050570047263386e-09,-0.0005455754834491045,-0.9991087395519982,0.11122598139638544,0.0005455754834491045
1740388560.0,7.03491782189426e-06,7.03491782189426e-06,7.01568687806388e-06,7.01568687806388e-06,10.21873275788,7.178968725774246e-05,-0.00273364157439455,29848.47430213244,0.111165299227813,0.00273364157439455
1740388620.0,7.01568687806388e-06,7.01568687806388e-06,6.9677013876926e-06,6.97152024788449e-06,26.84935217376,0.00018777372502595664,-0.006295410691358996,1.6156086228904054,0.11086141314421384,0.00683974230966865
1740388680.0,6.97152024788449e-06,6.97152024788449e-06,6.94084004332531e-06,6.94084004332531e-06,0.62683469882,4.360375086507911e-06,-0.004400791142862978,-0.9767785664053629,0.11016349501864658,0.004400791142862978
1740388740.0,6.94084004332531e-06,6.94084004332531e-06,6.92373878211338e-06,6.92373878211338e-06,10.34097143016,7.168660676253139e-05,-0.002463860441269685,15.440467927712836,0.1096786884855017,0.002463860441269685
1740388800.0,6.92373878211338e-06,6.92373878211338e-06,6.92373878211338e-06,6.92373878211338e-06,0.0,0.0,0.0,-1.0,0.10940845550369194,0.0
1740388860.0,6.92373878211338e-06,6.92373878211338e-06,6.84113651270832e-06,6.84113651270832e-06,38.97364611036,0.00026823368924680914,-0.011930298355341292,0.0,0.10940845550369194,0.011930298355341292
1740388920.0,6.84113651270832e-06,6.84113651270832e-06,6.76877342853253e-06,6.76877342853253e-06,6.71123885439,4.566967820120216e-05,-0.010577640724076546,-0.8297392160938434,0.1081031799869358,0.010577640724076546
1740388980.0,6.76877342853253e-06,6.76877342853253e-06,6.76877342853253e-06,6.76877342853253e-06,0.0,0.0,0.0,-1.0,0.10695970338790381,0.0
1740389040.0,6.76877342853253e-06,6.76877342853253e-06,6.76877342853253e-06,6.76877342853253e-06,0.0,0.0,0.0,0.0,0.10695970338790381,0.0
1740389100.0,6.76877342853253e-06,6.76877342853253e-06,6.76877342853253e-06,6.76877342853253e-06,0.0,0.0,0.0,0.0,0.10695970338790381,0.0
1740389160.0,6.76877342853253e-06,6.76877342853253e-06,6.76877342853253e-06,6.76877342853253e-06,0.0,0.0,0.0,0.0,0.10695970338790381,0.0
1740389220.0,6.76877342853253e-06,6.76877342853253e-06,6.76877342853253e-06,6.76877342853253e-06,0.0,0.0,0.0,0.0,0.10695970338790381,0.0
1740389280.0,6.76877342853253e-06,6.76877342853253e-06,6.76877342853253e-06,6.76877342853253e-06,0.0,0.0,0.0,0.0,0.10695970338790381,0.0
1740389340.0,6.76877342853253e-06,6.76877342853253e-06,6.76877342853253e-06,6.76877342853253e-06,0.0,0.0,0.0,0.0,0.10695970338790381,0.0
1740389400.0,6.76877342853253e-06,6.76877342853253e-06,6.76877342853253e-06,6.76877342853253e-06,0.0,0.0,0.0,0.0,0.10695970338790381,0.0
1740389460.0,6.76877342853253e-06,6.76877342853253e-06,6.76877342853253e-06,6.76877342853253e-06,0.0,0.0,0.0,0.0,0.10695970338790381,0.0
1740389520.0,6.76877342853253e-06,6.76877342853253e-06,6.76877342853253e-06,6.76877342853253e-06,0.0,0.0,0.0,0.0,0.10695970338790381,0.0
1740389580.0,6.76877342853253e-06,6.76877342853253e-06,6.76877342853253e-06,6.76877342853253e-06,0.0,0.0,0.0,0.0,0.10695970338790381,0.0
1740389640.0,6.76877342853253e-06,6.76877342853253e-06,6.76877342853253e-06,6.76877342853253e-06,0.0,0.0,0.0,0.0,0.10695970338790381,0.0
1740389700.0,6.76877342853253e-06,6.76877342853253e-06,6.76877342853253e-06,6.76877342853253e-06,0.0,0.0,0.0,0.0,0.10695970338790381,0.0
1740389760.0,6.76877342853253e-06,6.76877342853253e-06,6.76877342853253e-06,6.76877342853253e-06,0.0,0.0,0.0,0.0,0.10695970338790381,0.0
1740389820.0,6.76877342853253e-06,6.76877342853253e-06,6.76877342853253e-06,6.76877342853253e-06,0.0,0.0,0.0,0.0,0.10695970338790381,0.0
1740389880.0,6.76877342853253e-06,6.76877342853253e-06,6.76877342853253e-06,6.76877342853253e-06,0.0,0.0,0.0,0.0,0.10695970338790381,0.0
1740389940.0,6.76877342853253e-06,6.76877342853253e-06,6.76877342853253e-06,6.76877342853253e-06,0.0,0.0,0.0,0.0,0.10695970338790381,0.0
1740390000.0,6.76877342853253e-06,6.76877342853253e-06,6.76877342853253e-06,6.76877342853253e-06,0.0,0.0,0.0,0.0,0.10695970338790381,0.0
1740390060.0,6.76877342853253e-06,6.7830960873671e-06,6.76877342853253e-06,6.7830960873671e-06,8.42273578611,5.7071908170130505e-05,0.0021159902877227106,0.0,0.10695970338790381,0.0021159902877227106
1740390120.0,6.7830960873671e-06,6.7830960873671e-06,6.7640239629319e-06,6.7640239629319e-06,2.05332911532,1.390834801400714e-05,-0.002811713735077434,-0.7563013317769828,0.10718602908145032,0.002811713735077434
1740390180.0,6.7640239629319e-06,6.7640239629319e-06,6.74807693095278e-06,6.74807693095278e-06,7.2659193204,4.9088917472035405e-05,-0.00235762499756254,2.5294570873980002,0.1068846526512736,0.00235762499756254
1740390240.0,6.74807693095278e-06,6.74807693095278e-06,6.74807693095278e-06,6.74807693095278e-06,0.0,0.0,0.0,-1.0,0.10663265872232716,0.0
1740390300.0,6.74807693095278e-06,6.74807693095278e-06,6.74807693095278e-06,6.74807693095278e-06,0.0,0.0,0.0,0.0,0.10663265872232716,0.0
1740390360.0,6.74807693095278e-06,6.74807693095278e-06,6.74807693095278e-06,6.74807693095278e-06,0.0,0.0,0.0,0.0,0.10663265872232716,0.0
1740390420.0,6.74807693095278e-06,6.74807693095278e-06,6.74807693095278e-06,6.74807693095278e-06,0.0,0.0,0.0,0.0,0.10663265872232716,0.0
1740390480.0,6.74807693095278e-06,6.74807693095278e-06,6.74807693095278e-06,6.74807693095278e-06,0.0,0.0,0.0,0.0,0.10663265872232716,0.0
1740390540.0,6.74807693095278e-06,6.74807693095278e-06,6.74807693095278e-06,6.74807693095278e-06,0.0,0.0,0.0,0.0,0.10663265872232716,0.0
1740390600.0,6.74807693095278e-06,6.74807693095278e-06,6.74807693095278e-06,6.74807693095278e-06,0.0,0.0,0.0,0.0,0.10663265872232716,0.0
1740390660.0,6.74807693095278e-06,6.74807693095278e-06,6.70134605957435e-06,6.70134605957435e-06,5.56213349163,3.7403743029354726e-05,-0.006925065000975243,0.0,0.10663265872232716,0.006925065000975243
1740390720.0,6.70134605957435e-06,6.70134605957435e-06,6.70134605957435e-06,6.70134605957435e-06,0.0,0.0,0.0,-1.0,0.10589422062944824,0.0
1740390780.0,6.70134605957435e-06,6.70134605957435e-06,6.67521407838628e-06,6.67521407838628e-06,3.30923737936,2.2133106407898138e-05,-0.0038995122704841003,0.0,0.10589422062944824,0.0038995122704841003
1740390840.0,6.67521407838628e-06,6.67521407838628e-06,6.67521407838628e-06,6.67521407838628e-06,0.0,0.0,0.0,-1.0,0.10548128481673036,0.0
1740390900.0,6.67521407838628e-06,6.67521407838628e-06,6.6651413097684e-06,6.6651413097684e-06,1.23228888894,8.219585859666937e-06,-0.0015089806108982066,0.0,0.10548128481673036,0.0015089806108982066
1740390960.0,6.6651413097684e-06,6.6651413097684e-06,6.6651413097684e-06,6.6651413097684e-06,0.0,0.0,0.0,-1.0,0.10532211560312928,0.0
1740391020.0,6.6651413097684e-06,6.6651413097684e-06,6.6651413097684e-06,6.6651413097684e-06,0.0,0.0,0.0,0.0,0.10532211560312928,0.0
1740391080.0,6.6651413097684e-06,6.69698826681497e-06,6.6651413097684e-06,6.69133857914915e-06,20.32197514412,0.00013571502615776054,0.003930489717052989,0.0,0.10532211560312928,0.0047781368115774785
1740391140.0,6.69133857914915e-06,6.69133857914915e-06,6.69133857914915e-06,6.69133857914915e-06,0.0,0.0,0.0,-1.0,0.10573608309548564,0.0
1740391200.0,6.69133857914915e-06,6.69133857914915e-06,6.68940858190074e-06,6.68940858190074e-06,1.22882575426,8.221303361369743e-06,-0.000288432161305307,0.0,0.10573608309548564,0.000288432161305307
1740391260.0,6.68940858190074e-06,6.68940858190074e-06,6.68940858190074e-06,6.68940858190074e-06,0.0,0.0,0.0,-1.0,0.10570558540851045,0.0
1740391320.0,6.68940858190074e-06,6.68940858190074e-06,6.68940858190074e-06,6.68940858190074e-06,0.0,0.0,0.0,0.0,0.10570558540851045,0.0
1740391380.0,6.68940858190074e-06,6.68940858190074e-06,6.68940858190074e-06,6.68940858190074e-06,0.0,0.0,0.0,0.0,0.10570558540851045,0.0
1740391440.0,6.68940858190074e-06,6.68940858190074e-06,6.68940858190074e-06,6.68940858190074e-06,0.0,0.0,0.0,0.0,0.10570558540851045,0.0
1740391500.0,6.68940858190074e-06,6.68940858190074e-06,6.68940858190074e-06,6.68940858190074e-06,0.0,0.0,0.0,0.0,0.10570558540851045,0.0
1740391560.0,6.68940858190074e-06,6.68940858190074e-06,6.68940858190074e-06,6.68940858190074e-06,0.0,0.0,0.0,0.0,0.10570558540851045,0.0
1740391620.0,6.68940858190074e-06,6.68940858190074e-06,6.68940858190074e-06,6.68940858190074e-06,0.0,0.0,0.0,0.0,0.10570558540851045,0.0
1740391680.0,6.68940858190074e-06,6.68940858190074e-06,6.68434798752707e-06,6.68434798752707e-06,1.71462561525,1.1465492793029442e-05,-0.0007565084882634745,0.0,0.10570558540851045,0.0007565084882634745
1740391740.0,6.68434798752707e-06,6.68434798752707e-06,6.68434798752707e-06,6.68434798752707e-06,0.0,0.0,0.0,-1.0,0.10562561823589206,0.0
1740391800.0,6.68434798752707e-06,6.68434798752707e-06,6.68434798752707e-06,6.68434798752707e-06,0.0,0.0,0.0,0.0,0.10562561823589206,0.0
1740391860.0,6.68434798752707e-06,6.68434798752707e-06,6.68434798752707e-06,6.68434798752707e-06,0.0,0.0,0.0,0.0,0.10562561823589206,0.0
1740391920.0,6.68434798752707e-06,6.68434798752707e-06,6.68434798752707e-06,6.68434798752707e-06,0.0,0.0,0.0,0.0,0.10562561823589206,0.0
1740391980.0,6.68434798752707e-06,6.68434798752707e-06,6.68434798752707e-06,6.68434798752707e-06,0.0,0.0,0.0,0.0,0.10562561823589206,0.0
1740392040.0,6.68434798752707e-06,6.68434798752707e-06,6.54441709706506e-06,6.54441709706506e-06,76.22053950592,0.0005041518058723448,-0.020934112156207274,0.0,0.10562561823589206,0.020934112156207274
1740392100.0,6.54441709706506e-06,6.54441709706506e-06,6.54441709706506e-06,6.54441709706506e-06,0.0,0.0,0.0,-1.0,0.10341443969717316,0.0
1740392160.0,6.54441709706506e-06,6.54441709706506e-06,6.54441709706506e-06,6.54441709706506e-06,0.0,0.0,0.0,0.0,0.10341443969717316,0.0
1740392220.0,6.54441709706506e-06,6.54441709706506e-06,6.22098438295996e-06,6.22098438295996e-06,63.96778731948,0.0004082872434610079,-0.04942116452971007,0.0,0.10341443969717316,0.04942116452971007
1740392280.0,6.22098438295996e-06,6.22098438295996e-06,6.22098438295996e-06,6.22098438295996e-06,0.0,0.0,0.0,-1.0,0.09830357765815138,0.0
1740392340.0,6.22098438295996e-06,6.26420312017951e-06,6.22098438295996e-06,6.26420312017951e-06,17.1515619,0.00010707023314660153,0.006947250556990933,0.0,0.09830357765815138,0.006947250556990933
1740392400.0,6.26420312017951e-06,6.26420312017951e-06,6.26420312017951e-06,6.26420312017951e-06,0.0,0.0,0.0,-1.0,0.09898651724279119,0.0
1740392460.0,6.26420312017951e-06,6.26420312017951e-06,6.26420312017951e-06,6.26420312017951e-06,0.0,0.0,0.0,0.0,0.09898651724279119,0.0
1740392520.0,6.26420312017951e-06,6.26420312017951e-06,6.26420312017951e-06,6.26420312017951e-06,0.0,0.0,0.0,0.0,0.09898651724279119,0.0
1740392580.0,6.26420312017951e-06,6.26420312017951e-06,6.26420312017951e-06,6.26420312017951e-06,0.0,0.0,0.0,0.0,0.09898651724279119,0.0
1740392640.0,6.26420312017951e-06,6.26420312017951e-06,6.20094686722364e-06,6.20094686722364e-06,16.9783645248,0.0001058189301712184,-0.010098052656066819,0.0,0.09898651724279119,0.010098052656066819
1740392700.0,6.20094686722364e-06,6.20094686722364e-06,6.20094686722364e-06,6.20094686722364e-06,0.0,0.0,0.0,-1.0,0.09798694617943281,0.0
1740392760.0,6.20094686722364e-06,6.20094686722364e-06,6.20094686722364e-06,6.20094686722364e-06,0.0,0.0,0.0,0.0,0.09798694617943281,0.0
1740392820.0,6.20094686722364e-06,6.20094686722364e-06,6.20094686722364e-06,6.20094686722364e-06,0.0,0.0,0.0,0.0,0.09798694617943281,0.0
1740392880.0,6.20094686722364e-06,6.20094686722364e-06,6.0213056433669e-06,6.0213056433669e-06,96.41121530616,0.0005891811091623995,-0.028969966636268097,0.0,0.09798694617943281,0.028969966636268097
1740392940.0,6.0213056433669e-06,6.0213056433669e-06,6.0213056433669e-06,6.0213056433669e-06,0.0,0.0,0.0,-1.0,0.09514826761782484,0.0
1740393000.0,6.0213056433669e-06,6.0213056433669e-06,5.91825411770035e-06,5.92834462715845e-06,29.60061200208,0.0001768584806091856,-0.015438680863320047,0.0,0.09514826761782484,0.01711448177025724
1740393060.0,5.92834462715845e-06,5.92834462715845e-06,5.92834462715845e-06,5.92834462715845e-06,0.0,0.0,0.0,-1.0,0.09367930387937548,0.0
1740393120.0,5.92834462715845e-06,5.92834462715845e-06,5.90183494949472e-06,5.90183494949472e-06,8.6190366504,5.098237567599361e-05,-0.004471682962270089,0.0,0.09367930387937548,0.004471682962270089
1740393180.0,5.90183494949472e-06,5.90183494949472e-06,5.90183494949472e-06,5.90183494949472e-06,0.0,0.0,0.0,-1.0,0.09326039973230076,0.0
1740393240.0,5.90183494949472e-06,5.90183494949472e-06,5.90183494949472e-06,5.90183494949472e-06,0.0,0.0,0.0,0.0,0.09326039973230076,0.0
1740393300.0,5.90183494949472e-06,5.90183494949472e-06,5.90183494949472e-06,5.90183494949472e-06,0.0,0.0,0.0,0.0,0.09326039973230076,0.0
1740393360.0,5.90183494949472e-06,5.90183494949472e-06,5.90183494949472e-06,5.90183494949472e-06,0.0,0.0,0.0,0.0,0.09326039973230076,0.0
1740393420.0,5.90183494949472e-06,5.90183494949472e-06,5.90183494949472e-06,5.90183494949472e-06,0.0,0.0,0.0,0.0,0.09326039973230076,0.0
1740393480.0,5.90183494949472e-06,5.90183494949472e-06,5.77986694815117e-06,5.77986694815117e-06,64.02405792714,0.00037395497949123087,-0.020666115265387437,0.0,0.09326039973230076,0.020666115265387437
1740393540.0,5.77986694815117e-06,5.77986694815117e-06,5.77986694815117e-06,5.77986694815117e-06,0.0,0.0,0.0,-1.0,0.09133306956173691,0.0
1740393600.0,5.77986694815117e-06,5.77986694815117e-06,5.77986694815117e-06,5.77986694815117e-06,0.0,0.0,0.0,0.0,0.09133306956173691,0.0
1740393660.0,5.77986694815117e-06,5.77986694815117e-06,5.77986694815117e-06,5.77986694815117e-06,0.0,0.0,0.0,0.0,0.09133306956173691,0.0
1740393720.0,5.77986694815117e-06,5.77986694815117e-06,5.77986694815117e-06,5.77986694815117e-06,0.0,0.0,0.0,0.0,0.09133306956173691,0.0
1740393780.0,5.77986694815117e-06,5.77986694815117e-06,5.77986694815117e-06,5.77986694815117e-06,0.0,0.0,0.0,0.0,0.09133306956173691,0.0
1740393840.0,5.77986694815117e-06,5.77986694815117e-06,5.77986694815117e-06,5.77986694815117e-06,0.0,0.0,0.0,0.0,0.09133306956173691,0.0
1740393900.0,5.77986694815117e-06,5.77986694815117e-06,5.77986694815117e-06,5.77986694815117e-06,0.0,0.0,0.0,0.0,0.09133306956173691,0.0
1740393960.0,5.77986694815117e-06,5.77986694815117e-06,5.77986694815117e-06,5.77986694815117e-06,0.0,0.0,0.0,0.0,0.09133306956173691,0.0
1740394020.0,5.77986694815117e-06,5.77986694815117e-06,5.77986694815117e-06,5.77986694815117e-06,0.0,0.0,0.0,0.0,0.09133306956173691,0.0
1740394080.0,5.77986694815117e-06,5.77986694815117e-06,5.77986694815117e-06,5.77986694815117e-06,0.0,0.0,0.0,0.0,0.09133306956173691,0.0
1740394140.0,5.77986694815117e-06,5.77986694815117e-06,5.77986694815117e-06,5.77986694815117e-06,0.0,0.0,0.0,0.0,0.09133306956173691,0.0
1740394200.0,5.77986694815117e-06,5.77986694815117e-06,5.77986694815117e-06,5.77986694815117e-06,0.0,0.0,0.0,0.0,0.09133306956173691,0.0
1740394260.0,5.77986694815117e-06,5.77986694815117e-06,5.77986694815117e-06,5.77986694815117e-06,0.0,0.0,0.0,0.0,0.09133306956173691,0.0
1740394320.0,5.77986694815117e-06,5.77986694815117e-06,5.77986694815117e-06,5.77986694815117e-06,0.0,0.0,0.0,0.0,0.09133306956173691,0.0
1740394380.0,5.77986694815117e-06,5.77986694815117e-06,5.70790576768394e-06,5.70790576768394e-06,13.4677874056,7.735744035035969e-05,-0.01245031782094036,0.0,0.09133306956173691,0.01245031782094036
1740394440.0,5.70790576768394e-06,5.70790576768394e-06,5.70790576768394e-06,5.70790576768394e-06,0.0,0.0,0.0,-1.0,0.09019594381813124,0.0
1740394500.0,5.70790576768394e-06,5.70790576768394e-06,5.70790576768394e-06,5.70790576768394e-06,0.0,0.0,0.0,0.0,0.09019594381813124,0.0
1740394560.0,5.70790576768394e-06,5.70790576768394e-06,5.70790576768394e-06,5.70790576768394e-06,0.0,0.0,0.0,0.0,0.09019594381813124,0.0
1740394620.0,5.70790576768394e-06,5.70790576768394e-06,5.70790576768394e-06,5.70790576768394e-06,0.0,0.0,0.0,0.0,0.09019594381813124,0.0
1740394680.0,5.70790576768394e-06,5.70790576768394e-06,5.70790576768394e-06,5.70790576768394e-06,0.0,0.0,0.0,0.0,0.09019594381813124,0.0
1740394740.0,5.70790576768394e-06,5.70790576768394e-06,5.70790576768394e-06,5.70790576768394e-06,0.0,0.0,0.0,0.0,0.09019594381813124,0.0
1740394800.0,5.70790576768394e-06,5.70790576768394e-06,5.70790576768394e-06,5.70790576768394e-06,0.0,0.0,0.0,0.0,0.09019594381813124,0.0
1740394860.0,5.70790576768394e-06,5.70790576768394e-06,5.70790576768394e-06,5.70790576768394e-06,0.0,0.0,0.0,0.0,0.09019594381813124,0.0
1740394920.0,5.70790576768394e-06,5.70790576768394e-06,5.70790576768394e-06,5.70790576768394e-06,0.0,0.0,0.0,0.0,0.09019594381813124,0.0
1740394980.0,5.70790576768394e-06,5.70790576768394e-06,5.70790576768394e-06,5.70790576768394e-06,0.0,0.0,0.0,0.0,0.09019594381813124,0.0
1740395040.0,5.70790576768394e-06,5.70790576768394e-06,5.70790576768394e-06,5.70790576768394e-06,0.0,0.0,0.0,0.0,0.09019594381813124,0.0
1740395100.0,5.70790576768394e-06,5.70790576768394e-06,5.70790576768394e-06,5.70790576768394e-06,0.0,0.0,0.0,0.0,0.09019594381813124,0.0
1740395160.0,5.70790576768394e-06,5.70790576768394e-06,5.70790576768394e-06,5.70790576768394e-06,0.0,0.0,0.0,0.0,0.09019594381813124,0.0
1740395220.0,5.70790576768394e-06,5.70790576768394e-06,5.66407695229822e-06,5.66407695229822e-06,9.6104385621,5.4644870629825694e-05,-0.007678615795282095,0.0,0.09019594381813124,0.007678615795282095
1740395280.0,5.66407695229822e-06,5.66407695229822e-06,5.66407695229822e-06,5.66407695229822e-06,0.0,0.0,0.0,-1.0,0.08950336381925895,0.0
1740395340.0,5.66407695229822e-06,5.66407695229822e-06,5.60663076324351e-06,5.60663076324351e-06,25.168651451,0.00014183425704928314,-0.010142197844152009,0.0,0.08950336381925895,0.010142197844152009
1740395400.0,5.60663076324351e-06,5.60663076324351e-06,5.60663076324351e-06,5.60663076324351e-06,0.0,0.0,0.0,-1.0,0.08859560299568692,0.0
1740395460.0,5.60663076324351e-06,5.60663076324351e-06,5.59897895982199e-06,5.59897895982199e-06,1.5646,8.76614848635414e-06,-0.0013647774830624036,0.0,0.08859560299568692,0.0013647774830624036
1740395520.0,5.59897895982199e-06,5.59897895982199e-06,5.59897895982199e-06,5.59897895982199e-06,0.0,0.0,0.0,-1.0,0.08847468971162006,0.0
1740395580.0,5.59897895982199e-06,5.59897895982199e-06,5.56454176692137e-06,5.56454176692137e-06,8.2663090238,4.6140556060428485e-05,-0.00615062016623738,0.0,0.08847468971162006,0.00615062016623738
1740395640.0,5.56454176692137e-06,5.56454176692137e-06,5.56454176692137e-06,5.56454176692137e-06,0.0,0.0,0.0,-1.0,0.08793051550087819,0.0
1740395700.0,5.56454176692137e-06,5.56454176692137e-06,5.56454176692137e-06,5.56454176692137e-06,0.0,0.0,0.0,0.0,0.08793051550087819,0.0
1740395760.0,5.56454176692137e-06,5.56454176692137e-06,5.56454176692137e-06,5.56454176692137e-06,0.0,0.0,0.0,0.0,0.08793051550087819,0.0
1740395820.0,5.56454176692137e-06,5.56454176692137e-06,5.54969645719599e-06,5.54969645719599e-06,2.74747622162,1.5268052621091268e-05,-0.0026678404704640877,0.0,0.08793051550087819,0.0026678404704640877
1740395880.0,5.54969645719599e-06,5.54969645719599e-06,5.54969645719599e-06,5.54969645719599e-06,0.0,0.0,0.0,-1.0,0.08769593091303617,0.0
1740395940.0,5.54969645719599e-06,5.54969645719599e-06,5.54969645719599e-06,5.54969645719599e-06,0.0,0.0,0.0,0.0,0.08769593091303617,0.0
1740396000.0,5.54969645719599e-06,5.54969645719599e-06,5.54969645719599e-06,5.54969645719599e-06,0.0,0.0,0.0,0.0,0.08769593091303617,0.0
1740396060.0,5.54969645719599e-06,5.54969645719599e-06,5.54969645719599e-06,5.54969645719599e-06,0.0,0.0,0.0,0.0,0.08769593091303617,0.0
1740396120.0,5.54969645719599e-06,5.54969645719599e-06,5.54969645719599e-06,5.54969645719599e-06,0.0,0.0,0.0,0.0,0.08769593091303617,0.0
1740396180.0,5.54969645719599e-06,5.54969645719599e-06,5.54969645719599e-06,5.54969645719599e-06,0.0,0.0,0.0,0.0,0.08769593091303617,0.0
1740396240.0,5.54969645719599e-06,5.54969645719599e-06,5.54969645719599e-06,5.54969645719599e-06,0.0,0.0,0.0,0.0,0.08769593091303617,0.0
1740396300.0,5.54969645719599e-06,5.54969645719599e-06,5.54884420565893e-06,5.54884420565893e-06,0.54039983643,2.9988247794092514e-06,-0.00015356723446639117,0.0,0.08769593091303617,0.00015356723446639117
1740396360.0,5.54884420565893e-06,5.55044284474383e-06,5.54884420565893e-06,5.55044284474383e-06,0.56076067008,3.112021821897059e-06,0.00028810307618105387,0.03774713456586374,0.0876824636914519,0.00028810307618105387
1740396420.0,5.55044284474383e-06,5.55843166381834e-06,5.55044284474383e-06,5.55843166381834e-06,0.52701912405,2.927294656341904e-06,0.0014393120149098243,-0.0593592127970835,0.08770772527896854,0.0014393120149098243
1740396480.0,5.55843166381834e-06,5.55843166381834e-06,5.55843166381834e-06,5.55843166381834e-06,0.0,0.0,0.0,-1.0,0.08783396406176297,0.0
1740396540.0,5.55843166381834e-06,5.55843166381834e-06,5.48120789835688e-06,5.48120789835688e-06,62.18660316918,0.00034325884229188526,-0.013893085339905253,0.0,0.08783396406176297,0.013893085339905253
1740396600.0,5.48120789835688e-06,5.48120789835688e-06,5.48120789835688e-06,5.48120789835688e-06,0.0,0.0,0.0,-1.0,0.08661367930331072,0.0
1740396660.0,5.48120789835688e-06,5.48120789835688e-06,5.48120789835688e-06,5.48120789835688e-06,0.0,0.0,0.0,0.0,0.08661367930331072,0.0
1740396720.0,5.48120789835688e-06,5.48120789835688e-06,5.41169841329761e-06,5.41169841329761e-06,1.4622421082,7.964033144789373e-06,-0.012681417371544487,0.0,0.08661367930331072,0.012681417371544487
1740396780.0,5.41169841329761e-06,5.41169841329761e-06,5.40998692577059e-06,5.40998692577059e-06,0.46624475576,2.5227770189127132e-06,-0.00031625700405167357,-0.6832287142647955,0.08551529508598034,0.00031625700405167357
1740396840.0,5.40998692577059e-06,5.40998692577059e-06,5.39146656669362e-06,5.39146656669362e-06,12.127886874,6.549940301568908e-05,-0.0034233648493210774,24.963215347473927,0.08548825027495585,0.0034233648493210774
1740396900.0,5.39146656669362e-06,5.39146656669362e-06,5.39146656669362e-06,5.39146656669362e-06,0.0,0.0,0.0,-1.0,0.0851955928039346,0.0
1740396960.0,5.39146656669362e-06,5.39146656669362e-06,5.39146656669362e-06,5.39146656669362e-06,0.0,0.0,0.0,0.0,0.0851955928039346,0.0
1740397020.0,5.39146656669362e-06,5.39146656669362e-06,5.37599451113009e-06,5.37599451113009e-06,10.60494694413,5.709417672665264e-05,-0.0028697304104806226,0.0,0.0851955928039346,0.0028697304104806226
1740397080.0,5.37599451113009e-06,5.37599451113009e-06,5.37599451113009e-06,5.37599451113009e-06,0.0,0.0,0.0,-1.0,0.08495110442042623,0.0
1740397140.0,5.37599451113009e-06,5.37599451113009e-06,5.37599451113009e-06,5.37599451113009e-06,0.0,0.0,0.0,0.0,0.08495110442042623,0.0
1740397200.0,5.37599451113009e-06,5.39035105806026e-06,5.37599451113009e-06,5.39035105806026e-06,0.98994541744,5.329047229397718e-06,0.0026704913668433275,0.0,0.08495110442042623,0.0026704913668433275
1740397260.0,5.39035105806026e-06,5.39450966188983e-06,5.39035105806026e-06,5.39450966188983e-06,0.9898724004,5.337817984418334e-06,0.0007714903509580993,0.0016458392359956161,0.08517796561138478,0.0007714903509580993
1740397320.0,5.39450966188983e-06,5.3995360419135e-06,5.37260970710304e-06,5.37260970710304e-06,0.2860543695,1.5399907712142468e-06,-0.004059674772946533,-0.7114943267624251,0.0852436795899682,0.004991433234550434
1740397380.0,5.37260970710304e-06,5.37260970710304e-06,5.37260970710304e-06,5.37260970710304e-06,0.0,0.0,0.0,-1.0,0.08489761797438368,0.0
1740397440.0,5.37260970710304e-06,5.37260970710304e-06,5.37260970710304e-06,5.37260970710304e-06,0.0,0.0,0.0,0.0,0.08489761797438368,0.0
1740397500.0,5.37260970710304e-06,5.37260970710304e-06,5.37260970710304e-06,5.37260970710304e-06,0.0,0.0,0.0,0.0,0.08489761797438368,0.0
1740397560.0,5.37260970710304e-06,5.53632150439046e-06,5.37260970710304e-06,5.53632150439046e-06,96.0083331,0.0005236741507590272,0.030471559672570248,0.0,0.08489761797438368,0.030471559672570248
1740397620.0,5.53632150439046e-06,5.53632150439046e-06,5.53632150439046e-06,5.53632150439046e-06,0.0,0.0,0.0,-1.0,0.08748458080654918,0.0
1740397680.0,5.53632150439046e-06,5.53632150439046e-06,5.53632150439046e-06,5.53632150439046e-06,0.0,0.0,0.0,0.0,0.08748458080654918,0.0
1740397740.0,5.53632150439046e-06,5.53632150439046e-06,5.53632150439046e-06,5.53632150439046e-06,0.0,0.0,0.0,0.0,0.08748458080654918,0.0
1740397800.0,5.53632150439046e-06,5.53632150439046e-06,5.53632150439046e-06,5.53632150439046e-06,0.0,0.0,0.0,0.0,0.08748458080654918,0.0
1740397860.0,5.53632150439046e-06,5.53632150439046e-06,5.53632150439046e-06,5.53632150439046e-06,0.0,0.0,0.0,0.0,0.08748458080654918,0.0
1740397920.0,5.53632150439046e-06,5.53632150439046e-06,5.53632150439046e-06,5.53632150439046e-06,0.0,0.0,0.0,0.0,0.08748458080654918,0.0
1740397980.0,5.53632150439046e-06,5.53632150439046e-06,5.53632150439046e-06,5.53632150439046e-06,0.0,0.0,0.0,0.0,0.08748458080654918,0.0
1740398040.0,5.53632150439046e-06,5.53632150439046e-06,5.53632150439046e-06,5.53632150439046e-06,0.0,0.0,0.0,0.0,0.08748458080654918,0.0
1740398100.0,5.53632150439046e-06,5.53632150439046e-06,5.53632150439046e-06,5.53632150439046e-06,0.0,0.0,0.0,0.0,0.08748458080654918,0.0
1740398160.0,5.53632150439046e-06,5.53632150439046e-06,5.53632150439046e-06,5.53632150439046e-06,0.0,0.0,0.0,0.0,0.08748458080654918,0.0
1740398220.0,5.53632150439046e-06,5.53632150439046e-06,5.53632150439046e-06,5.53632150439046e-06,0.0,0.0,0.0,0.0,0.08748458080654918,0.0
1740398280.0,5.53632150439046e-06,5.53632150439046e-06,5.53632150439046e-06,5.53632150439046e-06,0.0,0.0,0.0,0.0,0.08748458080654918,0.0
1740398340.0,5.53632150439046e-06,5.53632150439046e-06,5.53632150439046e-06,5.53632150439046e-06,0.0,0.0,0.0,0.0,0.08748458080654918,0.0
1740398400.0,5.53632150439046e-06,5.65785351014611e-06,5.53632150439046e-06,5.64771393493368e-06,7.0197014384,3.925429483027012e-05,0.020120296564222803,0.0,0.08748458080654918,0.021951760868524708
1740398460.0,5.64771393493368e-06,5.64771393493368e-06,5.64771393493368e-06,5.64771393493368e-06,0.0,0.0,0.0,-1.0,0.08924479651717367,0.0
1740398520.0,5.64771393493368e-06,5.64771393493368e-06,5.64771393493368e-06,5.64771393493368e-06,0.0,0.0,0.0,0.0,0.08924479651717367,0.0
1740398580.0,5.64771393493368e-06,5.64771393493368e-06,5.64771393493368e-06,5.64771393493368e-06,0.0,0.0,0.0,0.0,0.08924479651717367,0.0
1740398640.0,5.64771393493368e-06,5.64771393493368e-06,5.64771393493368e-06,5.64771393493368e-06,0.0,0.0,0.0,0.0,0.08924479651717367,0.0
1740398700.0,5.64771393493368e-06,5.64771393493368e-06,5.62884406876496e-06,5.62884406876496e-06,0.250421248,1.411944864215301e-06,-0.003341151196062086,0.0,0.08924479651717367,0.003341151196062086
1740398760.0,5.62884406876496e-06,5.62884406876496e-06,5.62884406876496e-06,5.62884406876496e-06,0.0,0.0,0.0,-1.0,0.08894661615854799,0.0
1740398820.0,5.62884406876496e-06,5.62884406876496e-06,5.62365995689365e-06,5.62365995689365e-06,1.62444742317,9.13955058434559e-06,-0.0009209904925377072,0.0,0.08894661615854799,0.0009209904925377072
1740398880.0,5.62365995689365e-06,5.62365995689365e-06,5.58511927600479e-06,5.58511927600479e-06,26.60021831259,0.00014907798730636178,-0.006853309265546162,15.311303923598347,0.08886469717072257,0.006853309265546162
1740398940.0,5.58511927600479e-06,5.58511927600479e-06,5.58511927600479e-06,5.58511927600479e-06,0.0,0.0,0.0,-1.0,0.0882556799182225,0.0
1740399000.0,5.58511927600479e-06,5.58511927600479e-06,5.5279079296692e-06,5.5279079296692e-06,16.25012007336,9.029401323535936e-05,-0.010243531697055318,0.0,0.0882556799182225,0.010243531697055318
1740399060.0,5.5279079296692e-06,5.5279079296692e-06,5.5279079296692e-06,5.5279079296692e-06,0.0,0.0,0.0,-1.0,0.08735163006353502,0.0
1740399120.0,5.5279079296692e-06,5.5279079296692e-06,5.5279079296692e-06,5.5279079296692e-06,0.0,0.0,0.0,0.0,0.08735163006353502,0.0
1740399180.0,5.5279079296692e-06,5.5279079296692e-06,5.5279079296692e-06,5.5279079296692e-06,0.0,0.0,0.0,0.0,0.08735163006353502,0.0
1740399240.0,5.5279079296692e-06,5.5279079296692e-06,5.5279079296692e-06,5.5279079296692e-06,0.0,0.0,0.0,0.0,0.08735163006353502,0.0
1740399300.0,5.5279079296692e-06,5.5279079296692e-06,5.5279079296692e-06,5.5279079296692e-06,0.0,0.0,0.0,0.0,0.08735163006353502,0.0
1740399360.0,5.5279079296692e-06,5.5279079296692e-06,5.49945499472048e-06,5.49945499472048e-06,0.27368470937,1.5090103085395513e-06,-0.0051471434240083595,0.0,0.08735163006353502,0.0051471434240083595
1740399420.0,5.49945499472048e-06,5.49945499472048e-06,5.49945499472048e-06,5.49945499472048e-06,0.0,0.0,0.0,-1.0,0.08690201869527708,0.0
1740399480.0,5.49945499472048e-06,5.49945499472048e-06,5.49945499472048e-06,5.49945499472048e-06,0.0,0.0,0.0,0.0,0.08690201869527708,0.0
1740399540.0,5.49945499472048e-06,5.54477530172254e-06,5.49945499472048e-06,5.54477530172254e-06,15.848136,8.751523187667465e-05,0.008240872422006933,0.0,0.08690201869527708,0.008240872422006933
1740399600.0,5.54477530172254e-06,5.54477530172254e-06,5.54477530172254e-06,5.54477530172254e-06,0.0,0.0,0.0,-1.0,0.08761816714455972,0.0
1740399660.0,5.54477530172254e-06,5.54477530172254e-06,5.54477530172254e-06,5.54477530172254e-06,0.0,0.0,0.0,0.0,0.08761816714455972,0.0
1740399720.0,5.54477530172254e-06,5.54477530172254e-06,5.31332948930881e-06,5.31332948930881e-06,93.96428193061,0.0005101370099082885,-0.04174124284925117,0.0,0.08761816714455972,0.04174124284925117
1740399780.0,5.31332948930881e-06,5.31332948930881e-06,5.31332948930881e-06,5.31332948930881e-06,0.0,0.0,0.0,-1.0,0.08396087595177237,0.0
1740399840.0,5.31332948930881e-06,5.31332948930881e-06,5.26927560715729e-06,5.26927560715729e-06,14.93779700238,7.904040334368129e-05,-0.00829120088264109,0.0,0.08396087595177237,0.00829120088264109
1740399900.0,5.26927560715729e-06,5.26927560715729e-06,5.26927560715729e-06,5.26927560715729e-06,0.0,0.0,0.0,-1.0,0.08326473946297372,0.0
1740399960.0,5.26927560715729e-06,5.26927560715729e-06,5.24819070433329e-06,5.24819070433329e-06,0.18943811621,9.962045026754562e-07,-0.0040014803544077306,0.0,0.08326473946297372,0.0040014803544077306
1740400020.0,5.24819070433329e-06,5.24819070433329e-06,5.24819070433329e-06,5.24819070433329e-06,0.0,0.0,0.0,-1.0,0.08293155724379776,0.0
1740400080.0,5.24819070433329e-06,5.24819070433329e-06,5.24819070433329e-06,5.24819070433329e-06,0.0,0.0,0.0,0.0,0.08293155724379776,0.0
1740400140.0,5.24819070433329e-06,5.24819070433329e-06,5.24819070433329e-06,5.24819070433329e-06,0.0,0.0,0.0,0.0,0.08293155724379776,0.0
1740400200.0,5.24819070433329e-06,5.24819070433329e-06,5.24819070433329e-06,5.24819070433329e-06,0.0,0.0,0.0,0.0,0.08293155724379776,0.0
1740400260.0,5.24819070433329e-06,5.24819070433329e-06,5.24819070433329e-06,5.24819070433329e-06,0.0,0.0,0.0,0.0,0.08293155724379776,0.0
1740400320.0,5.24819070433329e-06,5.24819070433329e-06,5.24819070433329e-06,5.24819070433329e-06,0.0,0.0,0.0,0.0,0.08293155724379776,0.0
1740400380.0,5.24819070433329e-06,5.24819070433329e-06,5.24819070433329e-06,5.24819070433329e-06,0.0,0.0,0.0,0.0,0.08293155724379776,0.0
1740400440.0,5.24819070433329e-06,5.24819070433329e-06,5.24819070433329e-06,5.24819070433329e-06,0.0,0.0,0.0,0.0,0.08293155724379776,0.0
1740400500.0,5.24819070433329e-06,5.25279295e-06,5.24819070433329e-06,5.25279295e-06,0.0525279295,2.757974645377357e-07,0.0008769204333429011,0.0,0.08293155724379776,0.0008769204333429011
1740400560.0,5.25279295e-06,5.25279295e-06,5.25279295e-06,5.25279295e-06,0.0,0.0,0.0,-1.0,0.08300428162091379,0.0
1740400620.0,5.25279295e-06,5.25279295e-06,5.25279295e-06,5.25279295e-06,0.0,0.0,0.0,0.0,0.08300428162091379,0.0
1740400680.0,5.25279295e-06,5.25279295e-06,5.25279295e-06,5.25279295e-06,0.0,0.0,0.0,0.0,0.08300428162091379,0.0
1740400740.0,5.25279295e-06,5.25279295e-06,5.25279295e-06,5.25279295e-06,0.0,0.0,0.0,0.0,0.08300428162091379,0.0
1740400800.0,5.25279295e-06,5.25279295e-06,5.24441673240028e-06,5.24441673240028e-06,8.35264946304,4.383975640855949e-05,-0.001594621695439163,0.0,0.08300428162091379,0.001594621695439163
1740400860.0,5.24441673240028e-06,5.37477701444358e-06,5.24441673240028e-06,5.37477701444358e-06,81.3144,0.0004317466840041802,0.024856964786556156,8.848291125994574,0.08287192119262674,0.024856964786556156
1740400920.0,5.37477701444358e-06,5.37477701444358e-06,5.37477701444358e-06,5.37477701444358e-06,0.0,0.0,0.0,-1.0,0.08493186561950612,0.0
1740400980.0,5.37477701444358e-06,5.37477701444358e-06,5.37477701444358e-06,5.37477701444358e-06,0.0,0.0,0.0,0.0,0.08493186561950612,0.0
1740401040.0,5.37477701444358e-06,5.37477701444358e-06,5.37477701444358e-06,5.37477701444358e-06,0.0,0.0,0.0,0.0,0.08493186561950612,0.0
1740401100.0,5.37477701444358e-06,5.37477701444358e-06,5.37477701444358e-06,5.37477701444358e-06,0.0,0.0,0.0,0.0,0.08493186561950612,0.0
1740401160.0,5.37477701444358e-06,5.37477701444358e-06,5.37477701444358e-06,5.37477701444358e-06,0.0,0.0,0.0,0.0,0.08493186561950612,0.0
1740401220.0,5.37477701444358e-06,5.37477701444358e-06,5.37477701444358e-06,5.37477701444358e-06,0.0,0.0,0.0,0.0,0.08493186561950612,0.0
1740401280.0,5.37477701444358e-06,5.37477701444358e-06,5.37477701444358e-06,5.37477701444358e-06,0.0,0.0,0.0,0.0,0.08493186561950612,0.0
1740401340.0,5.37477701444358e-06,5.37477701444358e-06,5.37477701444358e-06,5.37477701444358e-06,0.0,0.0,0.0,0.0,0.08493186561950612,0.0
1740401400.0,5.37477701444358e-06,5.45239694862638e-06,5.37477701444358e-06,5.45239694862638e-06,0.81798594904,4.428238084801479e-06,0.014441517103725996,0.0,0.08493186561950612,0.014441517103725996
1740401460.0,5.45239694862638e-06,5.45239694862638e-06,5.45239694862638e-06,5.45239694862638e-06,0.0,0.0,0.0,-1.0,0.08615841060950158,0.0
1740401520.0,5.45239694862638e-06,5.45239694862638e-06,5.45239694862638e-06,5.45239694862638e-06,0.0,0.0,0.0,0.0,0.08615841060950158,0.0
1740401580.0,5.45239694862638e-06,5.45239694862638e-06,5.45239694862638e-06,5.45239694862638e-06,0.0,0.0,0.0,0.0,0.08615841060950158,0.0
1740401640.0,5.45239694862638e-06,5.45239694862638e-06,5.45239694862638e-06,5.45239694862638e-06,0.0,0.0,0.0,0.0,0.08615841060950158,0.0
1740401700.0,5.45239694862638e-06,5.45239694862638e-06,5.45239694862638e-06,5.45239694862638e-06,0.0,0.0,0.0,0.0,0.08615841060950158,0.0
1740401760.0,5.45239694862638e-06,5.45239694862638e-06,5.45239694862638e-06,5.45239694862638e-06,0.0,0.0,0.0,0.0,0.08615841060950158,0.0
1740401820.0,5.45239694862638e-06,5.45239694862638e-06,5.45239694862638e-06,5.45239694862638e-06,0.0,0.0,0.0,0.0,0.08615841060950158,0.0
