0,1,2,3,4,5
1734334740.0,0.0001256314625557,0.0001494274759831,9.08207998729104e-05,0.0001447128871019,11264.68243602016
1734334800.0,0.0001447128871019,0.0007324855696755,0.0001447128871019,0.0006772349875363,69966.99383989414
1734334860.0,0.0006772349875363,0.0008134654781975,0.0006559913257287,0.000722730965543,86112.69890919114
1734334920.0,0.000722730965543,0.0009850510649455,0.0007182351190656,0.0009584540919009,66206.69475877535
1734334980.0,0.0009584540919009,0.0013720346494647,0.0003872701180206,0.0003889724692425,144054.41169651505
1734335040.0,0.0003889724692425,0.0005677780584686,0.0003871528953383,0.000456304212647,59093.9909120012
1734335100.0,0.000456304212647,0.0005182843679222,0.0003711726972501,0.0004631419673231,62249.14564514287
1734335160.0,0.0004631419673231,0.0006529243054422,0.0002467100449243,0.0002754744071062,81971.41250642587
1734335220.0,0.0002754744071062,0.0002941634457656,0.0001789251457225,0.000236102905602,82819.21487779617
1734335280.0,0.000236102905602,0.000300384474792,0.0001254165891674,0.000147582692825,78976.8355369046
1734335340.0,0.000147582692825,0.0002016542379857,0.0001275753780256,0.0001912120117235,71343.61304214608
1734335400.0,0.0001912120117235,0.0002092685412785,9.44284765511083e-05,0.0001765510330956,58349.38692297285
1734335460.0,0.0001765510330956,0.0002491274487526,0.000160994857078,0.0001980970895378,57959.01572181779
1734335520.0,0.0001980970895378,0.0002738031058921,3.83548375603829e-05,3.94647036337483e-05,50115.45713712988
1734335580.0,3.94647036337483e-05,3.94647036337483e-05,2.19486930686501e-05,2.50369399300074e-05,5256.2105347999
1734335640.0,2.50369399300074e-05,2.55606509512162e-05,1.96291060950075e-05,1.96291060950075e-05,1968.02463067797
1734335700.0,1.96291060950075e-05,1.96291060950075e-05,1.34404284081154e-05,1.34404284081154e-05,2086.06081940702
1734335760.0,1.34404284081154e-05,1.34404284081154e-05,1.14630056256812e-05,1.15345275610233e-05,780.04115737143
1734335820.0,1.15345275610233e-05,1.15345275610233e-05,1.12928210846005e-05,1.14193582829395e-05,115.36375762508
1734335880.0,1.14193582829395e-05,1.36382356628818e-05,1.14193582829395e-05,1.36382356628818e-05,681.70948116434
1734335940.0,1.36382356628818e-05,1.41479497094345e-05,1.36382356628818e-05,1.38635094860065e-05,235.44145118162
1734336000.0,1.38635094860065e-05,1.40773133773237e-05,1.36318743665069e-05,1.40489364801938e-05,139.9553756129
1734336060.0,1.40489364801938e-05,1.40489364801938e-05,1.40250717727986e-05,1.40250717727986e-05,5.3808785135
1734336120.0,1.40250717727986e-05,1.40273503066901e-05,1.34372834333685e-05,1.34372834333685e-05,506.38982039772
1734336180.0,1.34372834333685e-05,1.34372834333685e-05,1.2398096353219e-05,1.2398096353219e-05,200.07256462688
1734336240.0,1.2398096353219e-05,1.2398096353219e-05,1.22403976682672e-05,1.23126808686261e-05,64.11067212262
1734336300.0,1.23126808686261e-05,1.23126808686261e-05,1.23126808686261e-05,1.23126808686261e-05,0.0
1734336360.0,1.23126808686261e-05,1.2375397576959e-05,1.23126808686261e-05,1.2375397576959e-05,2.88448816044
1734336420.0,1.2375397576959e-05,1.2375397576959e-05,1.2375397576959e-05,1.2375397576959e-05,0.0
1734336480.0,1.2375397576959e-05,1.2375397576959e-05,1.2375397576959e-05,1.2375397576959e-05,0.0
1734336540.0,1.2375397576959e-05,1.2375397576959e-05,1.2375397576959e-05,1.2375397576959e-05,0.0
1734336600.0,1.2375397576959e-05,1.26744725032845e-05,1.2375397576959e-05,1.26744725032845e-05,111.07404867924
1734336660.0,1.26744725032845e-05,1.28336103401962e-05,1.26704914154229e-05,1.28336103401962e-05,55.787553714
1734336720.0,1.28336103401962e-05,1.28336103401962e-05,1.28336103401962e-05,1.28336103401962e-05,0.0
1734336780.0,1.28336103401962e-05,1.33177261812697e-05,1.28336103401962e-05,1.33177261812697e-05,224.72862722296
1734336840.0,1.33177261812697e-05,1.38949039608234e-05,1.33177261812697e-05,1.38949039608234e-05,64.8041651244
1734336900.0,1.38949039608234e-05,1.43865544972391e-05,1.38949039608234e-05,1.43865544972391e-05,118.47347650425
1734336960.0,1.43865544972391e-05,1.48621254869863e-05,1.43865544972391e-05,1.48621254869863e-05,125.82164
1734337020.0,1.48621254869863e-05,1.55028187994052e-05,1.48621254869863e-05,1.55028187994052e-05,165.7794999326
1734337080.0,1.55028187994052e-05,1.56865205774439e-05,1.55028187994052e-05,1.55180345823038e-05,117.95021670084
1734337140.0,1.55180345823038e-05,1.57796298073681e-05,1.53466818968776e-05,1.57796298073681e-05,172.92262399384
1734337200.0,1.57796298073681e-05,1.57796298073681e-05,1.57796298073681e-05,1.57796298073681e-05,0.0
1734337260.0,1.57796298073681e-05,1.59165018457553e-05,1.57796298073681e-05,1.59165018457553e-05,8.08563369653
1734337320.0,1.59165018457553e-05,1.59165018457553e-05,1.59165018457553e-05,1.59165018457553e-05,0.0
1734337380.0,1.59165018457553e-05,1.61170800927791e-05,1.59165018457553e-05,1.61170800927791e-05,69.9634067717
1734337440.0,1.61170800927791e-05,1.66713993935108e-05,1.61170800927791e-05,1.66713993935108e-05,133.722502
1734337500.0,1.66713993935108e-05,1.67291584459685e-05,1.66713993935108e-05,1.67291584459685e-05,0.42079027902
1734337560.0,1.67291584459685e-05,1.67291584459685e-05,1.67291584459685e-05,1.67291584459685e-05,0.0
1734337620.0,1.67291584459685e-05,1.67291584459685e-05,1.6400678141496e-05,1.6400678141496e-05,137.62050839486
1734337680.0,1.6400678141496e-05,1.687382812137e-05,1.6400678141496e-05,1.687382812137e-05,199.134
1734337740.0,1.687382812137e-05,1.77701102414425e-05,1.687382812137e-05,1.77701102414425e-05,203.07059122518
1734337800.0,1.77701102414425e-05,1.80035739200432e-05,1.77701102414425e-05,1.80035739200432e-05,34.113189
1734337860.0,1.80035739200432e-05,1.80308007925365e-05,1.79365894812335e-05,1.80308007925365e-05,2.42658244048
1734337920.0,1.80308007925365e-05,1.80308007925365e-05,1.79415942468786e-05,1.79415942468786e-05,2.17471122198
1734337980.0,1.79415942468786e-05,1.79415942468786e-05,1.79415942468786e-05,1.79415942468786e-05,0.0
1734338040.0,1.79415942468786e-05,1.79415942468786e-05,1.79415942468786e-05,1.79415942468786e-05,0.0
1734338100.0,1.79415942468786e-05,1.79415942468786e-05,1.79415942468786e-05,1.79415942468786e-05,0.0
1734338160.0,1.79415942468786e-05,1.90867210664235e-05,1.79120261520955e-05,1.90867210664235e-05,302.53057476019
1734338220.0,1.90867210664235e-05,1.9613689623212e-05,1.90867210664235e-05,1.9613689623212e-05,88.2521175
1734338280.0,1.9613689623212e-05,2.56471088367199e-05,1.9613689623212e-05,2.17333033451487e-05,3410.05393447873
1734338340.0,2.17333033451487e-05,2.96551664420789e-05,2.17333033451487e-05,2.73517538567093e-05,1826.30538389652
1734338400.0,2.73517538567093e-05,2.73517538567093e-05,2.23061561244806e-05,2.24768643097285e-05,1085.36736139305
1734338460.0,2.24768643097285e-05,2.24768643097285e-05,1.88354564587818e-05,1.90118269216363e-05,878.81117077393
1734338520.0,1.90118269216363e-05,1.95339208034781e-05,1.90118269216363e-05,1.95339208034781e-05,135.268705059
1734338580.0,1.95339208034781e-05,1.95339208034781e-05,1.95339208034781e-05,1.95339208034781e-05,0.0
1734338640.0,1.95339208034781e-05,1.95557174735516e-05,1.94267043468143e-05,1.94455744838605e-05,140.45443953432
1734338700.0,1.94455744838605e-05,1.94455744838605e-05,1.7776892334044e-05,1.7776892334044e-05,498.65511473487
1734338760.0,1.7776892334044e-05,1.7776892334044e-05,1.7776892334044e-05,1.7776892334044e-05,0.0
1734338820.0,1.7776892334044e-05,1.7776892334044e-05,1.7776892334044e-05,1.7776892334044e-05,0.0
1734338880.0,1.7776892334044e-05,1.7776892334044e-05,1.69068752236309e-05,1.69068752236309e-05,190.52014084812
1734338940.0,1.69068752236309e-05,1.69068752236309e-05,1.64010488763898e-05,1.64010488763898e-05,38.70999712266
1734339000.0,1.64010488763898e-05,1.64010488763898e-05,1.61844145386084e-05,1.61844145386084e-05,83.04653227839
1734339060.0,1.61844145386084e-05,1.61844145386084e-05,1.6011454813088e-05,1.6011454813088e-05,2.16148162762
1734339120.0,1.6011454813088e-05,1.61003060394848e-05,1.58326988787472e-05,1.58326988787472e-05,110.81437323368
1734339180.0,1.58326988787472e-05,1.58326988787472e-05,1.58326988787472e-05,1.58326988787472e-05,0.0
1734339240.0,1.58326988787472e-05,1.58326988787472e-05,1.58326988787472e-05,1.58326988787472e-05,0.0
1734339300.0,1.58326988787472e-05,1.58326988787472e-05,1.5029712561636e-05,1.5029712561636e-05,297.95985712935
1734339360.0,1.5029712561636e-05,1.5029712561636e-05,1.44491459719387e-05,1.44491459719387e-05,1.80666820195
1734339420.0,1.44491459719387e-05,1.45601301080958e-05,1.44491459719387e-05,1.45601301080958e-05,22.031
1734339480.0,1.45601301080958e-05,1.48113047159288e-05,1.45601301080958e-05,1.48113047159288e-05,110.12
1734339540.0,1.48113047159288e-05,1.5073325684306e-05,1.48113047159288e-05,1.5073325684306e-05,22.027
1734339600.0,1.5073325684306e-05,1.5073325684306e-05,1.49851060769257e-05,1.49851060769257e-05,26.87994053694
1734339660.0,1.49851060769257e-05,1.57853022889455e-05,1.49851060769257e-05,1.57853022889455e-05,228.86191625892
1734339720.0,1.57853022889455e-05,1.57853022889455e-05,1.57853022889455e-05,1.57853022889455e-05,0.0
1734339780.0,1.57853022889455e-05,1.59985933943002e-05,1.57853022889455e-05,1.59985933943002e-05,74.8646
1734339840.0,1.59985933943002e-05,1.6370841602235e-05,1.59985933943002e-05,1.6370841602235e-05,88.048
1734339900.0,1.6370841602235e-05,1.6370841602235e-05,1.6370841602235e-05,1.6370841602235e-05,0.0
1734339960.0,1.6370841602235e-05,1.6370841602235e-05,1.6370841602235e-05,1.6370841602235e-05,0.0
1734340020.0,1.6370841602235e-05,1.6370841602235e-05,1.6370841602235e-05,1.6370841602235e-05,0.0
1734340080.0,1.6370841602235e-05,1.6370841602235e-05,1.6370841602235e-05,1.6370841602235e-05,0.0
1734340140.0,1.6370841602235e-05,1.6370841602235e-05,1.6370841602235e-05,1.6370841602235e-05,0.0
1734340200.0,1.6370841602235e-05,1.6370841602235e-05,1.6370841602235e-05,1.6370841602235e-05,0.0
1734340260.0,1.6370841602235e-05,1.6370841602235e-05,1.6370841602235e-05,1.6370841602235e-05,0.0
1734340320.0,1.6370841602235e-05,1.6370841602235e-05,1.6370841602235e-05,1.6370841602235e-05,0.0
1734340380.0,1.6370841602235e-05,1.6370841602235e-05,1.6370841602235e-05,1.6370841602235e-05,0.0
1734340440.0,1.6370841602235e-05,1.6370841602235e-05,1.6370841602235e-05,1.6370841602235e-05,0.0
1734340500.0,1.6370841602235e-05,1.6370841602235e-05,1.6370841602235e-05,1.6370841602235e-05,0.0
1734340560.0,1.6370841602235e-05,1.6370841602235e-05,1.6370841602235e-05,1.6370841602235e-05,0.0
1734340620.0,1.6370841602235e-05,1.6370841602235e-05,1.6370841602235e-05,1.6370841602235e-05,0.0
1734340680.0,1.6370841602235e-05,1.6370841602235e-05,1.6370841602235e-05,1.6370841602235e-05,0.0
1734340740.0,1.6370841602235e-05,1.64869606075918e-05,1.6370841602235e-05,1.64869606075918e-05,21.925
1734340800.0,1.64869606075918e-05,1.64869606075918e-05,1.64869606075918e-05,1.64869606075918e-05,0.0
1734340860.0,1.64869606075918e-05,1.64869606075918e-05,1.64869606075918e-05,1.64869606075918e-05,0.0
1734340920.0,1.64869606075918e-05,1.64869606075918e-05,1.64869606075918e-05,1.64869606075918e-05,0.0
1734340980.0,1.64869606075918e-05,1.64869606075918e-05,1.64869606075918e-05,1.64869606075918e-05,0.0
1734341040.0,1.64869606075918e-05,1.64869606075918e-05,1.64869606075918e-05,1.64869606075918e-05,0.0
1734341100.0,1.64869606075918e-05,1.64869606075918e-05,1.64869606075918e-05,1.64869606075918e-05,0.0
1734341160.0,1.64869606075918e-05,1.64869606075918e-05,1.64869606075918e-05,1.64869606075918e-05,0.0
1734341220.0,1.64869606075918e-05,1.64869606075918e-05,1.64869606075918e-05,1.64869606075918e-05,0.0
1734341280.0,1.64869606075918e-05,1.64869606075918e-05,1.64315487602577e-05,1.64315487602577e-05,19.41723922986
1734341340.0,1.64315487602577e-05,1.64315487602577e-05,1.64315487602577e-05,1.64315487602577e-05,0.0
1734341400.0,1.64315487602577e-05,1.64315487602577e-05,1.59490825458852e-05,1.59490825458852e-05,140.29786000386
1734341460.0,1.59490825458852e-05,1.59490825458852e-05,1.49206582519598e-05,1.49206582519598e-05,235.48275331237
1734341520.0,1.49206582519598e-05,1.49206582519598e-05,1.49206582519598e-05,1.49206582519598e-05,0.0
1734341580.0,1.49206582519598e-05,1.49206582519598e-05,1.49206582519598e-05,1.49206582519598e-05,0.0
1734341640.0,1.49206582519598e-05,1.49206582519598e-05,1.49206582519598e-05,1.49206582519598e-05,0.0
1734341700.0,1.49206582519598e-05,1.49206582519598e-05,1.49206582519598e-05,1.49206582519598e-05,0.0
1734341760.0,1.49206582519598e-05,1.49206582519598e-05,1.49206582519598e-05,1.49206582519598e-05,0.0
1734341820.0,1.49206582519598e-05,1.49206582519598e-05,1.49206582519598e-05,1.49206582519598e-05,0.0
1734341880.0,1.49206582519598e-05,1.49206582519598e-05,1.49206582519598e-05,1.49206582519598e-05,0.0
1734341940.0,1.49206582519598e-05,1.49206582519598e-05,1.49206582519598e-05,1.49206582519598e-05,0.0
1734342000.0,1.49206582519598e-05,1.49206582519598e-05,1.49206582519598e-05,1.49206582519598e-05,0.0
1734342060.0,1.49206582519598e-05,1.49206582519598e-05,1.48809754691489e-05,1.48809754691489e-05,10.36933826157
1734342120.0,1.48809754691489e-05,1.48809754691489e-05,1.48809754691489e-05,1.48809754691489e-05,0.0
1734342180.0,1.48809754691489e-05,1.48809754691489e-05,1.4820619662209e-05,1.4820619662209e-05,20.1489134588
1734342240.0,1.4820619662209e-05,1.4820619662209e-05,1.4820619662209e-05,1.4820619662209e-05,0.0
1734342300.0,1.4820619662209e-05,1.4820619662209e-05,1.4820619662209e-05,1.4820619662209e-05,0.0
1734342360.0,1.4820619662209e-05,1.4820619662209e-05,1.4820619662209e-05,1.4820619662209e-05,0.0
1734342420.0,1.4820619662209e-05,1.4820619662209e-05,1.47487427360897e-05,1.47487427360897e-05,19.79104376788
1734342480.0,1.47487427360897e-05,1.47487427360897e-05,1.44083269026741e-05,1.44083269026741e-05,150.83196130368
1734342540.0,1.44083269026741e-05,1.44083269026741e-05,1.40846333874107e-05,1.40846333874107e-05,18.7302920392
1734342600.0,1.40846333874107e-05,1.40846333874107e-05,1.40846333874107e-05,1.40846333874107e-05,0.0
1734342660.0,1.40846333874107e-05,1.40846333874107e-05,1.40846333874107e-05,1.40846333874107e-05,0.0
1734342720.0,1.40846333874107e-05,1.40846333874107e-05,1.40846333874107e-05,1.40846333874107e-05,0.0
1734342780.0,1.40846333874107e-05,1.41503698535627e-05,1.40846333874107e-05,1.41503698535627e-05,21.959
1734342840.0,1.41503698535627e-05,1.41503698535627e-05,1.41503698535627e-05,1.41503698535627e-05,0.0
1734342900.0,1.41503698535627e-05,1.41503698535627e-05,1.41503698535627e-05,1.41503698535627e-05,0.0
1734342960.0,1.41503698535627e-05,1.41503698535627e-05,1.41503698535627e-05,1.41503698535627e-05,0.0
1734343020.0,1.41503698535627e-05,1.41503698535627e-05,1.41503698535627e-05,1.41503698535627e-05,0.0
1734343080.0,1.41503698535627e-05,1.41503698535627e-05,1.41503698535627e-05,1.41503698535627e-05,0.0
1734343140.0,1.41503698535627e-05,1.41503698535627e-05,1.40119484839791e-05,1.40119484839791e-05,21.74419325741
1734343200.0,1.40119484839791e-05,1.40119484839791e-05,1.40119484839791e-05,1.40119484839791e-05,0.0
1734343260.0,1.40119484839791e-05,1.40119484839791e-05,1.40119484839791e-05,1.40119484839791e-05,0.0
1734343320.0,1.40119484839791e-05,1.40119484839791e-05,1.40119484839791e-05,1.40119484839791e-05,0.0
1734343380.0,1.40119484839791e-05,1.47066175230254e-05,1.40119484839791e-05,1.47066175230254e-05,349.648
1734343440.0,1.47066175230254e-05,1.47066175230254e-05,1.47066175230254e-05,1.47066175230254e-05,0.0
1734343500.0,1.47066175230254e-05,1.47066175230254e-05,1.46291266159747e-05,1.46291266159747e-05,347.80566333584
1734343560.0,1.46291266159747e-05,1.46291266159747e-05,1.46291266159747e-05,1.46291266159747e-05,0.0
1734343620.0,1.46291266159747e-05,1.46291266159747e-05,1.39376453865818e-05,1.39376453865818e-05,2.14873056418
1734343680.0,1.39376453865818e-05,1.39376453865818e-05,1.39069322126805e-05,1.39069322126805e-05,11.56582314545
1734343740.0,1.39069322126805e-05,1.39069322126805e-05,1.39069322126805e-05,1.39069322126805e-05,0.0
1734343800.0,1.39069322126805e-05,1.39069322126805e-05,1.39069322126805e-05,1.39069322126805e-05,0.0
1734343860.0,1.39069322126805e-05,1.39069322126805e-05,1.39069322126805e-05,1.39069322126805e-05,0.0
1734343920.0,1.39069322126805e-05,1.39069322126805e-05,1.3867868926171e-05,1.3867868926171e-05,1.3817385303
1734343980.0,1.3867868926171e-05,1.3867868926171e-05,1.3867868926171e-05,1.3867868926171e-05,0.0
1734344040.0,1.3867868926171e-05,1.3867868926171e-05,1.38297657182617e-05,1.38297657182617e-05,15.6895326632
1734344100.0,1.38297657182617e-05,1.38297657182617e-05,1.38297657182617e-05,1.38297657182617e-05,0.0
1734344160.0,1.38297657182617e-05,1.39035159482666e-05,1.38297657182617e-05,1.39035159482666e-05,21.753
1734344220.0,1.39035159482666e-05,1.39035159482666e-05,1.39035159482666e-05,1.39035159482666e-05,0.0
1734344280.0,1.39035159482666e-05,1.39035159482666e-05,1.39035159482666e-05,1.39035159482666e-05,0.0
1734344340.0,1.39035159482666e-05,1.39035159482666e-05,1.39035159482666e-05,1.39035159482666e-05,0.0
1734344400.0,1.39035159482666e-05,1.39035159482666e-05,1.39035159482666e-05,1.39035159482666e-05,0.0
1734344460.0,1.39035159482666e-05,1.39035159482666e-05,1.39035159482666e-05,1.39035159482666e-05,0.0
1734344520.0,1.39035159482666e-05,1.39035159482666e-05,1.39035159482666e-05,1.39035159482666e-05,0.0
1734344580.0,1.39035159482666e-05,1.39035159482666e-05,1.39035159482666e-05,1.39035159482666e-05,0.0
1734344640.0,1.39035159482666e-05,1.40812255478275e-05,1.39035159482666e-05,1.40812255478275e-05,56.28941614849
1734344700.0,1.40812255478275e-05,1.48124839372219e-05,1.40812255478275e-05,1.48124839372219e-05,348.048
1734344760.0,1.48124839372219e-05,1.48124839372219e-05,1.48124839372219e-05,1.48124839372219e-05,0.0
1734344820.0,1.48124839372219e-05,1.48124839372219e-05,1.48124839372219e-05,1.48124839372219e-05,0.0
1734344880.0,1.48124839372219e-05,1.48124839372219e-05,1.48124839372219e-05,1.48124839372219e-05,0.0
1734344940.0,1.48124839372219e-05,1.48124839372219e-05,1.48124839372219e-05,1.48124839372219e-05,0.0
1734345000.0,1.48124839372219e-05,1.48124839372219e-05,1.48124839372219e-05,1.48124839372219e-05,0.0
1734345060.0,1.48124839372219e-05,1.48124839372219e-05,1.48124839372219e-05,1.48124839372219e-05,0.0
1734345120.0,1.48124839372219e-05,1.48124839372219e-05,1.48124839372219e-05,1.48124839372219e-05,0.0
1734345180.0,1.48124839372219e-05,1.48124839372219e-05,1.48124839372219e-05,1.48124839372219e-05,0.0
1734345240.0,1.48124839372219e-05,1.48124839372219e-05,1.48124839372219e-05,1.48124839372219e-05,0.0
1734345300.0,1.48124839372219e-05,1.48124839372219e-05,1.48124839372219e-05,1.48124839372219e-05,0.0
1734345360.0,1.48124839372219e-05,1.48124839372219e-05,1.48124839372219e-05,1.48124839372219e-05,0.0
1734345420.0,1.48124839372219e-05,1.48124839372219e-05,1.48124839372219e-05,1.48124839372219e-05,0.0
1734345480.0,1.48124839372219e-05,1.48124839372219e-05,1.48124839372219e-05,1.48124839372219e-05,0.0
1734345540.0,1.48124839372219e-05,1.48124839372219e-05,1.48124839372219e-05,1.48124839372219e-05,0.0
1734345600.0,1.48124839372219e-05,1.48124839372219e-05,1.48124839372219e-05,1.48124839372219e-05,0.0
1734345660.0,1.48124839372219e-05,1.48124839372219e-05,1.47635222939262e-05,1.47635222939262e-05,346.8975513583
1734345720.0,1.47635222939262e-05,1.47635222939262e-05,1.40960571838034e-05,1.40960571838034e-05,0.01108239061
1734345780.0,1.40960571838034e-05,1.40960571838034e-05,1.40960571838034e-05,1.40960571838034e-05,0.0
1734345840.0,1.40960571838034e-05,1.40960571838034e-05,1.40960571838034e-05,1.40960571838034e-05,0.0
1734345900.0,1.40960571838034e-05,1.40960571838034e-05,1.40960571838034e-05,1.40960571838034e-05,0.0
1734345960.0,1.40960571838034e-05,1.40960571838034e-05,1.40960571838034e-05,1.40960571838034e-05,0.0
1734346020.0,1.40960571838034e-05,1.40960571838034e-05,1.40960571838034e-05,1.40960571838034e-05,0.0
1734346080.0,1.40960571838034e-05,1.40960571838034e-05,1.40960571838034e-05,1.40960571838034e-05,0.0
1734346140.0,1.40960571838034e-05,1.40960571838034e-05,1.40960571838034e-05,1.40960571838034e-05,0.0
1734346200.0,1.40960571838034e-05,1.40960571838034e-05,1.39041269953075e-05,1.39041269953075e-05,97.48537252804
1734346260.0,1.39041269953075e-05,1.39041269953075e-05,1.39041269953075e-05,1.39041269953075e-05,0.0
1734346320.0,1.39041269953075e-05,1.39041269953075e-05,1.39041269953075e-05,1.39041269953075e-05,0.0
1734346380.0,1.39041269953075e-05,1.39041269953075e-05,1.39041269953075e-05,1.39041269953075e-05,0.0
1734346440.0,1.39041269953075e-05,1.39041269953075e-05,1.39041269953075e-05,1.39041269953075e-05,0.0
1734346500.0,1.39041269953075e-05,1.39041269953075e-05,1.39041269953075e-05,1.39041269953075e-05,0.0
1734346560.0,1.39041269953075e-05,1.39041269953075e-05,1.39041269953075e-05,1.39041269953075e-05,0.0
1734346620.0,1.39041269953075e-05,1.39041269953075e-05,1.39041269953075e-05,1.39041269953075e-05,0.0
1734346680.0,1.39041269953075e-05,1.39041269953075e-05,1.39041269953075e-05,1.39041269953075e-05,0.0
1734346740.0,1.39041269953075e-05,1.39041269953075e-05,1.38057889976887e-05,1.38057889976887e-05,4.3572
1734346800.0,1.38057889976887e-05,1.38057889976887e-05,1.38057889976887e-05,1.38057889976887e-05,0.0
1734346860.0,1.38057889976887e-05,1.38057889976887e-05,1.38057889976887e-05,1.38057889976887e-05,0.0
1734346920.0,1.38057889976887e-05,1.38057889976887e-05,1.38057889976887e-05,1.38057889976887e-05,0.0
1734346980.0,1.38057889976887e-05,1.38064189071572e-05,1.37415403638103e-05,1.37415403638103e-05,3.51590436415
1734347040.0,1.37415403638103e-05,1.37415403638103e-05,1.36371173930517e-05,1.36371173930517e-05,55.47912319784
1734347100.0,1.36371173930517e-05,1.36371173930517e-05,1.36371173930517e-05,1.36371173930517e-05,0.0
1734347160.0,1.36371173930517e-05,1.36371173930517e-05,1.36371173930517e-05,1.36371173930517e-05,0.0
1734347220.0,1.36371173930517e-05,1.36371173930517e-05,1.36371173930517e-05,1.36371173930517e-05,0.0
1734347280.0,1.36371173930517e-05,1.36371173930517e-05,1.36371173930517e-05,1.36371173930517e-05,0.0
1734347340.0,1.36371173930517e-05,1.36371173930517e-05,1.36371173930517e-05,1.36371173930517e-05,0.0
1734347400.0,1.36371173930517e-05,1.38064901443144e-05,1.36371173930517e-05,1.38064901443144e-05,108.84
1734347460.0,1.38064901443144e-05,1.38064901443144e-05,1.38064901443144e-05,1.38064901443144e-05,0.0
1734347520.0,1.38064901443144e-05,1.39387147392722e-05,1.38064901443144e-05,1.39387147392722e-05,3.03257822712
1734347580.0,1.39387147392722e-05,1.39387147392722e-05,1.39387147392722e-05,1.39387147392722e-05,0.0
1734347640.0,1.39387147392722e-05,1.39387147392722e-05,1.39387147392722e-05,1.39387147392722e-05,0.0
1734347700.0,1.39387147392722e-05,1.39387147392722e-05,1.39387147392722e-05,1.39387147392722e-05,0.0
1734347760.0,1.39387147392722e-05,1.39387147392722e-05,1.39387147392722e-05,1.39387147392722e-05,0.0
1734347820.0,1.39387147392722e-05,1.39387147392722e-05,1.39387147392722e-05,1.39387147392722e-05,0.0
1734347880.0,1.39387147392722e-05,1.39387147392722e-05,1.39387147392722e-05,1.39387147392722e-05,0.0
1734347940.0,1.39387147392722e-05,1.39387147392722e-05,1.39387147392722e-05,1.39387147392722e-05,0.0
1734348000.0,1.39387147392722e-05,1.39387147392722e-05,1.39387147392722e-05,1.39387147392722e-05,0.0
1734348060.0,1.39387147392722e-05,1.39387147392722e-05,1.39387147392722e-05,1.39387147392722e-05,0.0
1734348120.0,1.39387147392722e-05,1.39387147392722e-05,1.39387147392722e-05,1.39387147392722e-05,0.0
1734348180.0,1.39387147392722e-05,1.39387147392722e-05,1.39387147392722e-05,1.39387147392722e-05,0.0
1734348240.0,1.39387147392722e-05,1.39387147392722e-05,1.38462516786671e-05,1.38462516786671e-05,21.36336734208
1734348300.0,1.38462516786671e-05,1.38462516786671e-05,1.38462516786671e-05,1.38462516786671e-05,0.0
1734348360.0,1.38462516786671e-05,1.38462516786671e-05,1.36163771229622e-05,1.36973708089891e-05,209.735878779
1734348420.0,1.36973708089891e-05,1.36973708089891e-05,1.36973708089891e-05,1.36973708089891e-05,0.0
1734348480.0,1.36973708089891e-05,1.36973708089891e-05,1.36973708089891e-05,1.36973708089891e-05,0.0
1734348540.0,1.36973708089891e-05,1.36973708089891e-05,1.36973708089891e-05,1.36973708089891e-05,0.0
1734348600.0,1.36973708089891e-05,1.36973708089891e-05,1.36973708089891e-05,1.36973708089891e-05,0.0
1734348660.0,1.36973708089891e-05,1.36973708089891e-05,1.36973708089891e-05,1.36973708089891e-05,0.0
1734348720.0,1.36973708089891e-05,1.36973708089891e-05,1.36973708089891e-05,1.36973708089891e-05,0.0
1734348780.0,1.36973708089891e-05,1.36973708089891e-05,1.36973708089891e-05,1.36973708089891e-05,0.0
1734348840.0,1.36973708089891e-05,1.36973708089891e-05,1.36973708089891e-05,1.36973708089891e-05,0.0
1734348900.0,1.36973708089891e-05,1.36973708089891e-05,1.36973708089891e-05,1.36973708089891e-05,0.0
1734348960.0,1.36973708089891e-05,1.36973708089891e-05,1.36973708089891e-05,1.36973708089891e-05,0.0
1734349020.0,1.36973708089891e-05,1.39453806031327e-05,1.36973708089891e-05,1.39453806031327e-05,54.01
1734349080.0,1.39453806031327e-05,1.39729425000943e-05,1.37367475246507e-05,1.37367475246507e-05,118.27585102215
1734349140.0,1.37367475246507e-05,1.37367475246507e-05,1.37367475246507e-05,1.37367475246507e-05,0.0
1734349200.0,1.37367475246507e-05,1.37367475246507e-05,1.31264164378067e-05,1.31264164378067e-05,207.45614974537
1734349260.0,1.31264164378067e-05,1.31264164378067e-05,1.31264164378067e-05,1.31264164378067e-05,0.0
1734349320.0,1.31264164378067e-05,1.31264164378067e-05,1.31264164378067e-05,1.31264164378067e-05,0.0
1734349380.0,1.31264164378067e-05,1.31264164378067e-05,1.31264164378067e-05,1.31264164378067e-05,0.0
1734349440.0,1.31264164378067e-05,1.31264164378067e-05,1.27163744726703e-05,1.27163744726703e-05,10.50821828064
1734349500.0,1.27163744726703e-05,1.27163744726703e-05,1.27163744726703e-05,1.27163744726703e-05,0.0
1734349560.0,1.27163744726703e-05,1.27163744726703e-05,1.27163744726703e-05,1.27163744726703e-05,0.0
1734349620.0,1.27163744726703e-05,1.27163744726703e-05,1.27163744726703e-05,1.27163744726703e-05,0.0
1734349680.0,1.27163744726703e-05,1.27163744726703e-05,1.27163744726703e-05,1.27163744726703e-05,0.0
1734349740.0,1.27163744726703e-05,1.27163744726703e-05,1.27163744726703e-05,1.27163744726703e-05,0.0
1734349800.0,1.27163744726703e-05,1.27163744726703e-05,1.27163744726703e-05,1.27163744726703e-05,0.0
1734349860.0,1.27163744726703e-05,1.27163744726703e-05,1.27163744726703e-05,1.27163744726703e-05,0.0
1734349920.0,1.27163744726703e-05,1.27163744726703e-05,1.27163744726703e-05,1.27163744726703e-05,0.0
1734349980.0,1.27163744726703e-05,1.27163744726703e-05,1.27163744726703e-05,1.27163744726703e-05,0.0
1734350040.0,1.27163744726703e-05,1.27163744726703e-05,1.24993199743792e-05,1.24993199743792e-05,87.23182362684
1734350100.0,1.24993199743792e-05,1.24993199743792e-05,1.24993199743792e-05,1.24993199743792e-05,0.0
1734350160.0,1.24993199743792e-05,1.24993199743792e-05,1.23065865161334e-05,1.23065865161334e-05,10.0720309998
1734350220.0,1.23065865161334e-05,1.23065865161334e-05,1.23065865161334e-05,1.23065865161334e-05,0.0
1734350280.0,1.23065865161334e-05,1.23065865161334e-05,1.23065865161334e-05,1.23065865161334e-05,0.0
1734350340.0,1.23065865161334e-05,1.23065865161334e-05,1.23065865161334e-05,1.23065865161334e-05,0.0
1734350400.0,1.23065865161334e-05,1.23065865161334e-05,1.23065865161334e-05,1.23065865161334e-05,0.0
1734350460.0,1.23065865161334e-05,1.23065865161334e-05,1.23065865161334e-05,1.23065865161334e-05,0.0
1734350520.0,1.23065865161334e-05,1.23065865161334e-05,1.23065865161334e-05,1.23065865161334e-05,0.0
1734350580.0,1.23065865161334e-05,1.23065865161334e-05,1.23065865161334e-05,1.23065865161334e-05,0.0
1734350640.0,1.23065865161334e-05,1.23065865161334e-05,1.23065865161334e-05,1.23065865161334e-05,0.0
1734350700.0,1.23065865161334e-05,1.23065865161334e-05,1.23065865161334e-05,1.23065865161334e-05,0.0
1734350760.0,1.23065865161334e-05,1.23065865161334e-05,1.23065865161334e-05,1.23065865161334e-05,0.0
1734350820.0,1.23065865161334e-05,1.23065865161334e-05,1.23065865161334e-05,1.23065865161334e-05,0.0
1734350880.0,1.23065865161334e-05,1.23065865161334e-05,1.23065865161334e-05,1.23065865161334e-05,0.0
1734350940.0,1.23065865161334e-05,1.23585052565338e-05,1.23065865161334e-05,1.23585052565338e-05,10.7245
1734351000.0,1.23585052565338e-05,1.23585052565338e-05,1.23585052565338e-05,1.23585052565338e-05,0.0
1734351060.0,1.23585052565338e-05,1.23585052565338e-05,1.23585052565338e-05,1.23585052565338e-05,0.0
1734351120.0,1.23585052565338e-05,1.23585052565338e-05,1.23585052565338e-05,1.23585052565338e-05,0.0
1734351180.0,1.23585052565338e-05,1.23585052565338e-05,1.23585052565338e-05,1.23585052565338e-05,0.0
1734351240.0,1.23585052565338e-05,1.23585052565338e-05,1.23585052565338e-05,1.23585052565338e-05,0.0
1734351300.0,1.23585052565338e-05,1.23585052565338e-05,1.23585052565338e-05,1.23585052565338e-05,0.0
1734351360.0,1.23585052565338e-05,1.23585052565338e-05,1.23585052565338e-05,1.23585052565338e-05,0.0
1734351420.0,1.23585052565338e-05,1.23585052565338e-05,1.23585052565338e-05,1.23585052565338e-05,0.0
1734351480.0,1.23585052565338e-05,1.23585052565338e-05,1.23585052565338e-05,1.23585052565338e-05,0.0
1734351540.0,1.23585052565338e-05,1.23585052565338e-05,1.23247521411464e-05,1.23247521411464e-05,0.2913882336
1734351600.0,1.23247521411464e-05,1.23247521411464e-05,1.23247521411464e-05,1.23247521411464e-05,0.0
1734351660.0,1.23247521411464e-05,1.23247521411464e-05,1.23247521411464e-05,1.23247521411464e-05,0.0
1734351720.0,1.23247521411464e-05,1.23247521411464e-05,1.23247521411464e-05,1.23247521411464e-05,0.0
1734351780.0,1.23247521411464e-05,1.23247521411464e-05,1.23247521411464e-05,1.23247521411464e-05,0.0
1734351840.0,1.23247521411464e-05,1.46027536940333e-05,1.23247521411464e-05,1.46027536940333e-05,583.320276
1734351900.0,1.46027536940333e-05,1.46027536940333e-05,1.4538981580362e-05,1.4538981580362e-05,1.29936434661
1734351960.0,1.4538981580362e-05,1.4538981580362e-05,1.4538981580362e-05,1.4538981580362e-05,0.0
1734352020.0,1.4538981580362e-05,1.4538981580362e-05,1.4538981580362e-05,1.4538981580362e-05,0.0
1734352080.0,1.4538981580362e-05,1.4538981580362e-05,1.4538981580362e-05,1.4538981580362e-05,0.0
1734352140.0,1.4538981580362e-05,1.4538981580362e-05,1.4538981580362e-05,1.4538981580362e-05,0.0
1734352200.0,1.4538981580362e-05,1.4538981580362e-05,1.4538981580362e-05,1.4538981580362e-05,0.0
1734352260.0,1.4538981580362e-05,1.4538981580362e-05,1.4538981580362e-05,1.4538981580362e-05,0.0
1734352320.0,1.4538981580362e-05,1.4538981580362e-05,1.4538981580362e-05,1.4538981580362e-05,0.0
1734352380.0,1.4538981580362e-05,1.4538981580362e-05,1.4538981580362e-05,1.4538981580362e-05,0.0
1734352440.0,1.4538981580362e-05,1.4538981580362e-05,1.4538981580362e-05,1.4538981580362e-05,0.0
1734352500.0,1.4538981580362e-05,1.4538981580362e-05,1.4538981580362e-05,1.4538981580362e-05,0.0
1734352560.0,1.4538981580362e-05,1.4538981580362e-05,1.4538981580362e-05,1.4538981580362e-05,0.0
1734352620.0,1.4538981580362e-05,1.4538981580362e-05,1.4538981580362e-05,1.4538981580362e-05,0.0
1734352680.0,1.4538981580362e-05,1.4538981580362e-05,1.4538981580362e-05,1.4538981580362e-05,0.0
1734352740.0,1.4538981580362e-05,1.4538981580362e-05,1.4538981580362e-05,1.4538981580362e-05,0.0
1734352800.0,1.4538981580362e-05,1.4538981580362e-05,1.4538981580362e-05,1.4538981580362e-05,0.0
1734352860.0,1.4538981580362e-05,1.4538981580362e-05,1.4538981580362e-05,1.4538981580362e-05,0.0
1734352920.0,1.4538981580362e-05,1.4538981580362e-05,1.4538981580362e-05,1.4538981580362e-05,0.0
1734352980.0,1.4538981580362e-05,1.4538981580362e-05,1.4538981580362e-05,1.4538981580362e-05,0.0
1734353040.0,1.4538981580362e-05,1.4714672907312e-05,1.4538981580362e-05,1.4714672907312e-05,73.57336453656
1734353100.0,1.4714672907312e-05,1.4714672907312e-05,1.4714672907312e-05,1.4714672907312e-05,0.0
1734353160.0,1.4714672907312e-05,1.4714672907312e-05,1.4714672907312e-05,1.4714672907312e-05,0.0
1734353220.0,1.4714672907312e-05,1.4714672907312e-05,1.4714672907312e-05,1.4714672907312e-05,0.0
1734353280.0,1.4714672907312e-05,1.4714672907312e-05,1.4714672907312e-05,1.4714672907312e-05,0.0
1734353340.0,1.4714672907312e-05,1.4714672907312e-05,1.4714672907312e-05,1.4714672907312e-05,0.0
1734353400.0,1.4714672907312e-05,1.48559855968763e-05,1.4714672907312e-05,1.48559855968763e-05,10.7125
1734353460.0,1.48559855968763e-05,1.48559855968763e-05,1.48559855968763e-05,1.48559855968763e-05,0.0
1734353520.0,1.48559855968763e-05,1.48559855968763e-05,1.48559855968763e-05,1.48559855968763e-05,0.0
1734353580.0,1.48559855968763e-05,1.48559855968763e-05,1.48559855968763e-05,1.48559855968763e-05,0.0
1734353640.0,1.48559855968763e-05,1.48559855968763e-05,1.48559855968763e-05,1.48559855968763e-05,0.0
1734353700.0,1.48559855968763e-05,1.48559855968763e-05,1.48559855968763e-05,1.48559855968763e-05,0.0
1734353760.0,1.48559855968763e-05,1.48559855968763e-05,1.48559855968763e-05,1.48559855968763e-05,0.0
1734353820.0,1.48559855968763e-05,1.48559855968763e-05,1.48559855968763e-05,1.48559855968763e-05,0.0
1734353880.0,1.48559855968763e-05,1.48559855968763e-05,1.48559855968763e-05,1.48559855968763e-05,0.0
1734353940.0,1.48559855968763e-05,1.48559855968763e-05,1.48559855968763e-05,1.48559855968763e-05,0.0
1734354000.0,1.48559855968763e-05,1.48559855968763e-05,1.48559855968763e-05,1.48559855968763e-05,0.0
1734354060.0,1.48559855968763e-05,1.48559855968763e-05,1.48559855968763e-05,1.48559855968763e-05,0.0
1734354120.0,1.48559855968763e-05,1.48559855968763e-05,1.48559855968763e-05,1.48559855968763e-05,0.0
1734354180.0,1.48559855968763e-05,1.48559855968763e-05,1.48559855968763e-05,1.48559855968763e-05,0.0
1734354240.0,1.48559855968763e-05,1.48559855968763e-05,1.48559855968763e-05,1.48559855968763e-05,0.0
1734354300.0,1.48559855968763e-05,1.48559855968763e-05,1.48559855968763e-05,1.48559855968763e-05,0.0
1734354360.0,1.48559855968763e-05,1.48559855968763e-05,1.48559855968763e-05,1.48559855968763e-05,0.0
1734354420.0,1.48559855968763e-05,1.48559855968763e-05,1.48559855968763e-05,1.48559855968763e-05,0.0
1734354480.0,1.48559855968763e-05,1.48559855968763e-05,1.48559855968763e-05,1.48559855968763e-05,0.0
1734354540.0,1.48559855968763e-05,1.48559855968763e-05,1.48559855968763e-05,1.48559855968763e-05,0.0
1734354600.0,1.48559855968763e-05,1.48559855968763e-05,1.48559855968763e-05,1.48559855968763e-05,0.0
1734354660.0,1.48559855968763e-05,1.48559855968763e-05,1.48559855968763e-05,1.48559855968763e-05,0.0
1734354720.0,1.48559855968763e-05,1.48559855968763e-05,1.48559855968763e-05,1.48559855968763e-05,0.0
1734354780.0,1.48559855968763e-05,1.48559855968763e-05,1.48559855968763e-05,1.48559855968763e-05,0.0
1734354840.0,1.48559855968763e-05,1.48559855968763e-05,1.48559855968763e-05,1.48559855968763e-05,0.0
1734354900.0,1.48559855968763e-05,1.48559855968763e-05,1.48559855968763e-05,1.48559855968763e-05,0.0
1734354960.0,1.48559855968763e-05,1.48559855968763e-05,1.48559855968763e-05,1.48559855968763e-05,0.0
1734355020.0,1.48559855968763e-05,1.48559855968763e-05,1.48559855968763e-05,1.48559855968763e-05,0.0
1734355080.0,1.48559855968763e-05,1.48559855968763e-05,1.48559855968763e-05,1.48559855968763e-05,0.0
1734355140.0,1.48559855968763e-05,1.48559855968763e-05,1.48559855968763e-05,1.48559855968763e-05,0.0
1734355200.0,1.48559855968763e-05,1.48559855968763e-05,1.48559855968763e-05,1.48559855968763e-05,0.0
1734355260.0,1.48559855968763e-05,1.48559855968763e-05,1.48559855968763e-05,1.48559855968763e-05,0.0
1734355320.0,1.48559855968763e-05,1.48559855968763e-05,1.48559855968763e-05,1.48559855968763e-05,0.0
1734355380.0,1.48559855968763e-05,1.48559855968763e-05,1.48559855968763e-05,1.48559855968763e-05,0.0
1734355440.0,1.48559855968763e-05,1.48559855968763e-05,1.48559855968763e-05,1.48559855968763e-05,0.0
1734355500.0,1.48559855968763e-05,1.48559855968763e-05,1.48559855968763e-05,1.48559855968763e-05,0.0
1734355560.0,1.48559855968763e-05,1.48559855968763e-05,1.48559855968763e-05,1.48559855968763e-05,0.0
1734355620.0,1.48559855968763e-05,1.48559855968763e-05,1.48559855968763e-05,1.48559855968763e-05,0.0
1734355680.0,1.48559855968763e-05,1.48559855968763e-05,1.48559855968763e-05,1.48559855968763e-05,0.0
1734355740.0,1.48559855968763e-05,1.48559855968763e-05,1.48559855968763e-05,1.48559855968763e-05,0.0
1734355800.0,1.48559855968763e-05,1.48559855968763e-05,1.48559855968763e-05,1.48559855968763e-05,0.0
1734355860.0,1.48559855968763e-05,1.48559855968763e-05,1.48559855968763e-05,1.48559855968763e-05,0.0
1734355920.0,1.48559855968763e-05,1.48559855968763e-05,1.48559855968763e-05,1.48559855968763e-05,0.0
1734355980.0,1.48559855968763e-05,1.48559855968763e-05,1.48559855968763e-05,1.48559855968763e-05,0.0
1734356040.0,1.48559855968763e-05,1.48559855968763e-05,1.48559855968763e-05,1.48559855968763e-05,0.0
1734356100.0,1.48559855968763e-05,1.48559855968763e-05,1.48559855968763e-05,1.48559855968763e-05,0.0
1734356160.0,1.48559855968763e-05,1.48559855968763e-05,1.48532510647579e-05,1.48532510647579e-05,12.66660178338
1734356220.0,1.48532510647579e-05,1.48532510647579e-05,1.48532510647579e-05,1.48532510647579e-05,0.0
1734356280.0,1.48532510647579e-05,1.48532510647579e-05,1.48532510647579e-05,1.48532510647579e-05,0.0
1734356340.0,1.48532510647579e-05,1.48532510647579e-05,1.48532510647579e-05,1.48532510647579e-05,0.0
1734356400.0,1.48532510647579e-05,1.48532510647579e-05,1.48532510647579e-05,1.48532510647579e-05,0.0
1734356460.0,1.48532510647579e-05,1.48532510647579e-05,1.48532510647579e-05,1.48532510647579e-05,0.0
1734356520.0,1.48532510647579e-05,1.48532510647579e-05,1.48532510647579e-05,1.48532510647579e-05,0.0
1734356580.0,1.48532510647579e-05,1.48532510647579e-05,1.48532510647579e-05,1.48532510647579e-05,0.0
1734356640.0,1.48532510647579e-05,1.48532510647579e-05,1.48532510647579e-05,1.48532510647579e-05,0.0
1734356700.0,1.48532510647579e-05,1.48532510647579e-05,1.48532510647579e-05,1.48532510647579e-05,0.0
1734356760.0,1.48532510647579e-05,1.48532510647579e-05,1.48532510647579e-05,1.48532510647579e-05,0.0
1734356820.0,1.48532510647579e-05,1.48532510647579e-05,1.48532510647579e-05,1.48532510647579e-05,0.0
1734356880.0,1.48532510647579e-05,1.48532510647579e-05,1.48532510647579e-05,1.48532510647579e-05,0.0
1734356940.0,1.48532510647579e-05,1.48532510647579e-05,1.48532510647579e-05,1.48532510647579e-05,0.0
1734357000.0,1.48532510647579e-05,1.48532510647579e-05,1.48532510647579e-05,1.48532510647579e-05,0.0
1734357060.0,1.48532510647579e-05,1.48532510647579e-05,1.48532510647579e-05,1.48532510647579e-05,0.0
1734357120.0,1.48532510647579e-05,1.48532510647579e-05,1.48532510647579e-05,1.48532510647579e-05,0.0
1734357180.0,1.48532510647579e-05,1.48532510647579e-05,1.48532510647579e-05,1.48532510647579e-05,0.0
1734357240.0,1.48532510647579e-05,1.48532510647579e-05,1.48532510647579e-05,1.48532510647579e-05,0.0
1734357300.0,1.48532510647579e-05,1.48532510647579e-05,1.48532510647579e-05,1.48532510647579e-05,0.0
1734357360.0,1.48532510647579e-05,1.48532510647579e-05,1.48532510647579e-05,1.48532510647579e-05,0.0
1734357420.0,1.48532510647579e-05,1.48532510647579e-05,1.48532510647579e-05,1.48532510647579e-05,0.0
1734357480.0,1.48532510647579e-05,1.48532510647579e-05,1.48532510647579e-05,1.48532510647579e-05,0.0
1734357540.0,1.48532510647579e-05,1.48532510647579e-05,1.48532510647579e-05,1.48532510647579e-05,0.0
1734357600.0,1.48532510647579e-05,1.48532510647579e-05,1.48532510647579e-05,1.48532510647579e-05,0.0
1734357660.0,1.48532510647579e-05,1.48532510647579e-05,1.48532510647579e-05,1.48532510647579e-05,0.0
1734357720.0,1.48532510647579e-05,1.48532510647579e-05,1.48532510647579e-05,1.48532510647579e-05,0.0
1734357780.0,1.48532510647579e-05,1.48532510647579e-05,1.48532510647579e-05,1.48532510647579e-05,0.0
1734357840.0,1.48532510647579e-05,1.48532510647579e-05,1.48532510647579e-05,1.48532510647579e-05,0.0
1734357900.0,1.48532510647579e-05,1.48532510647579e-05,1.48532510647579e-05,1.48532510647579e-05,0.0
1734357960.0,1.48532510647579e-05,1.48532510647579e-05,1.48532510647579e-05,1.48532510647579e-05,0.0
1734358020.0,1.48532510647579e-05,1.48532510647579e-05,1.48532510647579e-05,1.48532510647579e-05,0.0
1734358080.0,1.48532510647579e-05,1.48532510647579e-05,1.48532510647579e-05,1.48532510647579e-05,0.0
1734358140.0,1.48532510647579e-05,1.48532510647579e-05,1.48532510647579e-05,1.48532510647579e-05,0.0
1734358200.0,1.48532510647579e-05,1.48532510647579e-05,1.48532510647579e-05,1.48532510647579e-05,0.0
1734358260.0,1.48532510647579e-05,1.48532510647579e-05,1.48532510647579e-05,1.48532510647579e-05,0.0
1734358320.0,1.48532510647579e-05,1.48532510647579e-05,1.48532510647579e-05,1.48532510647579e-05,0.0
1734358380.0,1.48532510647579e-05,1.48532510647579e-05,1.46720621482431e-05,1.46720621482431e-05,118.72280178752
1734358440.0,1.46720621482431e-05,1.46720621482431e-05,1.46720621482431e-05,1.46720621482431e-05,0.0
1734358500.0,1.46720621482431e-05,1.46720621482431e-05,1.46720621482431e-05,1.46720621482431e-05,0.0
1734358560.0,1.46720621482431e-05,1.46720621482431e-05,1.39749810663226e-05,1.39749810663226e-05,234.84242111466
1734358620.0,1.39749810663226e-05,1.39749810663226e-05,1.39749810663226e-05,1.39749810663226e-05,0.0
1734358680.0,1.39749810663226e-05,1.39749810663226e-05,1.39749810663226e-05,1.39749810663226e-05,0.0
1734358740.0,1.39749810663226e-05,1.39749810663226e-05,1.39749810663226e-05,1.39749810663226e-05,0.0
1734358800.0,1.39749810663226e-05,1.39749810663226e-05,1.39749810663226e-05,1.39749810663226e-05,0.0
1734358860.0,1.39749810663226e-05,1.39749810663226e-05,1.39749810663226e-05,1.39749810663226e-05,0.0
1734358920.0,1.39749810663226e-05,1.39749810663226e-05,1.39749810663226e-05,1.39749810663226e-05,0.0
1734358980.0,1.39749810663226e-05,1.39749810663226e-05,1.34938378529845e-05,1.34938378529845e-05,21.38402255805
1734359040.0,1.34938378529845e-05,1.34938378529845e-05,1.34938378529845e-05,1.34938378529845e-05,0.0
1734359100.0,1.34938378529845e-05,1.34938378529845e-05,1.34938378529845e-05,1.34938378529845e-05,0.0
1734359160.0,1.34938378529845e-05,1.34938378529845e-05,1.34938378529845e-05,1.34938378529845e-05,0.0
1734359220.0,1.34938378529845e-05,1.34938378529845e-05,1.34372283249944e-05,1.34372283249944e-05,6.4651694723
1734359280.0,1.34372283249944e-05,1.34372283249944e-05,1.34372283249944e-05,1.34372283249944e-05,0.0
1734359340.0,1.34372283249944e-05,1.34372283249944e-05,1.34372283249944e-05,1.34372283249944e-05,0.0
1734359400.0,1.34372283249944e-05,1.34372283249944e-05,1.34372283249944e-05,1.34372283249944e-05,0.0
1734359460.0,1.34372283249944e-05,1.34372283249944e-05,1.34372283249944e-05,1.34372283249944e-05,0.0
1734359520.0,1.34372283249944e-05,1.34372283249944e-05,1.34372283249944e-05,1.34372283249944e-05,0.0
1734359580.0,1.34372283249944e-05,1.34372283249944e-05,1.34372283249944e-05,1.34372283249944e-05,0.0
1734359640.0,1.34372283249944e-05,1.34372283249944e-05,1.34372283249944e-05,1.34372283249944e-05,0.0
1734359700.0,1.34372283249944e-05,1.34372283249944e-05,1.34372283249944e-05,1.34372283249944e-05,0.0
1734359760.0,1.34372283249944e-05,1.34372283249944e-05,1.34372283249944e-05,1.34372283249944e-05,0.0
1734359820.0,1.34372283249944e-05,1.34372283249944e-05,1.34372283249944e-05,1.34372283249944e-05,0.0
1734359880.0,1.34372283249944e-05,1.34372283249944e-05,1.34372283249944e-05,1.34372283249944e-05,0.0
1734359940.0,1.34372283249944e-05,1.34372283249944e-05,1.34372283249944e-05,1.34372283249944e-05,0.0
1734360000.0,1.34372283249944e-05,1.34372283249944e-05,1.34372283249944e-05,1.34372283249944e-05,0.0
1734360060.0,1.34372283249944e-05,1.34372283249944e-05,1.34372283249944e-05,1.34372283249944e-05,0.0
1734360120.0,1.34372283249944e-05,1.34372283249944e-05,1.34372283249944e-05,1.34372283249944e-05,0.0
1734360180.0,1.34372283249944e-05,1.34372283249944e-05,1.34372283249944e-05,1.34372283249944e-05,0.0
1734360240.0,1.34372283249944e-05,1.34372283249944e-05,1.34372283249944e-05,1.34372283249944e-05,0.0
1734360300.0,1.34372283249944e-05,1.34372283249944e-05,1.34372283249944e-05,1.34372283249944e-05,0.0
1734360360.0,1.34372283249944e-05,1.34372283249944e-05,1.34372283249944e-05,1.34372283249944e-05,0.0
1734360420.0,1.34372283249944e-05,1.34372283249944e-05,1.34372283249944e-05,1.34372283249944e-05,0.0
1734360480.0,1.34372283249944e-05,1.34372283249944e-05,1.34372283249944e-05,1.34372283249944e-05,0.0
1734360540.0,1.34372283249944e-05,1.34372283249944e-05,1.34372283249944e-05,1.34372283249944e-05,0.0
1734360600.0,1.34372283249944e-05,1.34372283249944e-05,1.34372283249944e-05,1.34372283249944e-05,0.0
1734360660.0,1.34372283249944e-05,1.34372283249944e-05,1.34372283249944e-05,1.34372283249944e-05,0.0
1734360720.0,1.34372283249944e-05,1.34372283249944e-05,1.34372283249944e-05,1.34372283249944e-05,0.0
1734360780.0,1.34372283249944e-05,1.34372283249944e-05,1.34372283249944e-05,1.34372283249944e-05,0.0
1734360840.0,1.34372283249944e-05,1.35083747028629e-05,1.34372283249944e-05,1.35083747028629e-05,12.22855446579
1734360900.0,1.35083747028629e-05,1.35083747028629e-05,1.35083747028629e-05,1.35083747028629e-05,0.0
1734360960.0,1.35083747028629e-05,1.35083747028629e-05,1.35083747028629e-05,1.35083747028629e-05,0.0
1734361020.0,1.35083747028629e-05,1.35083747028629e-05,1.35083747028629e-05,1.35083747028629e-05,0.0
1734361080.0,1.35083747028629e-05,1.35083747028629e-05,1.35083747028629e-05,1.35083747028629e-05,0.0
1734361140.0,1.35083747028629e-05,1.35083747028629e-05,1.35083747028629e-05,1.35083747028629e-05,0.0
1734361200.0,1.35083747028629e-05,1.35083747028629e-05,1.35083747028629e-05,1.35083747028629e-05,0.0
1734361260.0,1.35083747028629e-05,1.35083747028629e-05,1.35083747028629e-05,1.35083747028629e-05,0.0
1734361320.0,1.35083747028629e-05,1.35083747028629e-05,1.35083747028629e-05,1.35083747028629e-05,0.0
1734361380.0,1.35083747028629e-05,1.35083747028629e-05,1.35083747028629e-05,1.35083747028629e-05,0.0
1734361440.0,1.35083747028629e-05,1.35083747028629e-05,1.35083747028629e-05,1.35083747028629e-05,0.0
1734361500.0,1.35083747028629e-05,1.35083747028629e-05,1.35083747028629e-05,1.35083747028629e-05,0.0
1734361560.0,1.35083747028629e-05,1.35083747028629e-05,1.35083747028629e-05,1.35083747028629e-05,0.0
1734361620.0,1.35083747028629e-05,1.35083747028629e-05,1.35083747028629e-05,1.35083747028629e-05,0.0
1734361680.0,1.35083747028629e-05,1.35083747028629e-05,1.35083747028629e-05,1.35083747028629e-05,0.0
1734361740.0,1.35083747028629e-05,1.35083747028629e-05,1.35083747028629e-05,1.35083747028629e-05,0.0
1734361800.0,1.35083747028629e-05,1.35083747028629e-05,1.35083747028629e-05,1.35083747028629e-05,0.0
1734361860.0,1.35083747028629e-05,1.35083747028629e-05,1.35083747028629e-05,1.35083747028629e-05,0.0
1734361920.0,1.35083747028629e-05,1.35083747028629e-05,1.34362952626555e-05,1.34362952626555e-05,0.15273813322
1734361980.0,1.34362952626555e-05,1.34362952626555e-05,1.34362952626555e-05,1.34362952626555e-05,0.0
1734362040.0,1.34362952626555e-05,1.34362952626555e-05,1.34362952626555e-05,1.34362952626555e-05,0.0
1734362100.0,1.34362952626555e-05,1.34362952626555e-05,1.34362952626555e-05,1.34362952626555e-05,0.0
1734362160.0,1.34362952626555e-05,1.34362952626555e-05,1.34362952626555e-05,1.34362952626555e-05,0.0
1734362220.0,1.34362952626555e-05,1.34362952626555e-05,1.34362952626555e-05,1.34362952626555e-05,0.0
1734362280.0,1.34362952626555e-05,1.34362952626555e-05,1.34362952626555e-05,1.34362952626555e-05,0.0
1734362340.0,1.34362952626555e-05,1.34362952626555e-05,1.34362952626555e-05,1.34362952626555e-05,0.0
1734362400.0,1.34362952626555e-05,1.34362952626555e-05,1.34362952626555e-05,1.34362952626555e-05,0.0
1734362460.0,1.34362952626555e-05,1.34803295189858e-05,1.34362952626555e-05,1.34803295189858e-05,0.46005703975
1734362520.0,1.34803295189858e-05,1.34803295189858e-05,1.34803295189858e-05,1.34803295189858e-05,0.0
1734362580.0,1.34803295189858e-05,1.34803295189858e-05,1.34803295189858e-05,1.34803295189858e-05,0.0
1734362640.0,1.34803295189858e-05,1.34803295189858e-05,1.34803295189858e-05,1.34803295189858e-05,0.0
1734362700.0,1.34803295189858e-05,1.34803295189858e-05,1.34803295189858e-05,1.34803295189858e-05,0.0
1734362760.0,1.34803295189858e-05,1.34803295189858e-05,1.34803295189858e-05,1.34803295189858e-05,0.0
1734362820.0,1.34803295189858e-05,1.35796331388075e-05,1.34803295189858e-05,1.35796331388075e-05,21.679999
1734362880.0,1.35796331388075e-05,1.35796331388075e-05,1.35796331388075e-05,1.35796331388075e-05,0.0
1734362940.0,1.35796331388075e-05,1.35796331388075e-05,1.35796331388075e-05,1.35796331388075e-05,0.0
1734363000.0,1.35796331388075e-05,1.35796331388075e-05,1.35796331388075e-05,1.35796331388075e-05,0.0
1734363060.0,1.35796331388075e-05,1.35796331388075e-05,1.34955505079549e-05,1.35360732213568e-05,21.63679771016
1734363120.0,1.35360732213568e-05,1.35360732213568e-05,1.35360732213568e-05,1.35360732213568e-05,0.0
1734363180.0,1.35360732213568e-05,1.35360732213568e-05,1.35360732213568e-05,1.35360732213568e-05,0.0
1734363240.0,1.35360732213568e-05,1.35360732213568e-05,1.35360732213568e-05,1.35360732213568e-05,0.0
1734363300.0,1.35360732213568e-05,1.35360732213568e-05,1.35360732213568e-05,1.35360732213568e-05,0.0
1734363360.0,1.35360732213568e-05,1.35360732213568e-05,1.35360732213568e-05,1.35360732213568e-05,0.0
1734363420.0,1.35360732213568e-05,1.35360732213568e-05,1.34145154064996e-05,1.34145154064996e-05,4.2337114191
1734363480.0,1.34145154064996e-05,1.34145154064996e-05,1.34145154064996e-05,1.34145154064996e-05,0.0
1734363540.0,1.34145154064996e-05,1.34145154064996e-05,1.34145154064996e-05,1.34145154064996e-05,0.0
1734363600.0,1.34145154064996e-05,1.34145154064996e-05,1.34015195230553e-05,1.34015195230553e-05,17.6127628536
1734363660.0,1.34015195230553e-05,1.34015195230553e-05,1.34015195230553e-05,1.34015195230553e-05,0.0
1734363720.0,1.34015195230553e-05,1.34015195230553e-05,1.34015195230553e-05,1.34015195230553e-05,0.0
1734363780.0,1.34015195230553e-05,1.34015195230553e-05,1.34015195230553e-05,1.34015195230553e-05,0.0
1734363840.0,1.34015195230553e-05,1.34015195230553e-05,1.34015195230553e-05,1.34015195230553e-05,0.0
1734363900.0,1.34015195230553e-05,1.34015195230553e-05,1.34015195230553e-05,1.34015195230553e-05,0.0
1734363960.0,1.34015195230553e-05,1.34015195230553e-05,1.34015195230553e-05,1.34015195230553e-05,0.0
1734364020.0,1.34015195230553e-05,1.34015195230553e-05,1.34015195230553e-05,1.34015195230553e-05,0.0
1734364080.0,1.34015195230553e-05,1.34015195230553e-05,1.34015195230553e-05,1.34015195230553e-05,0.0
1734364140.0,1.34015195230553e-05,1.34015195230553e-05,1.34015195230553e-05,1.34015195230553e-05,0.0
1734364200.0,1.34015195230553e-05,1.34015195230553e-05,1.34015195230553e-05,1.34015195230553e-05,0.0
1734364260.0,1.34015195230553e-05,1.34015195230553e-05,1.34015195230553e-05,1.34015195230553e-05,0.0
1734364320.0,1.34015195230553e-05,1.34015195230553e-05,1.34015195230553e-05,1.34015195230553e-05,0.0
1734364380.0,1.34015195230553e-05,1.34015195230553e-05,1.34015195230553e-05,1.34015195230553e-05,0.0
1734364440.0,1.34015195230553e-05,1.34015195230553e-05,1.34015195230553e-05,1.34015195230553e-05,0.0
1734364500.0,1.34015195230553e-05,1.34015195230553e-05,1.34015195230553e-05,1.34015195230553e-05,0.0
1734364560.0,1.34015195230553e-05,1.34015195230553e-05,1.34015195230553e-05,1.34015195230553e-05,0.0
1734364620.0,1.34015195230553e-05,1.34015195230553e-05,1.34015195230553e-05,1.34015195230553e-05,0.0
1734364680.0,1.34015195230553e-05,1.34015195230553e-05,1.34015195230553e-05,1.34015195230553e-05,0.0
1734364740.0,1.34015195230553e-05,1.34015195230553e-05,1.34015195230553e-05,1.34015195230553e-05,0.0
1734364800.0,1.34015195230553e-05,1.34015195230553e-05,1.34015195230553e-05,1.34015195230553e-05,0.0
1734364860.0,1.34015195230553e-05,1.34015195230553e-05,1.34015195230553e-05,1.34015195230553e-05,0.0
1734364920.0,1.34015195230553e-05,1.34015195230553e-05,1.34015195230553e-05,1.34015195230553e-05,0.0
1734364980.0,1.34015195230553e-05,1.34015195230553e-05,1.34015195230553e-05,1.34015195230553e-05,0.0
1734365040.0,1.34015195230553e-05,1.34015195230553e-05,1.34015195230553e-05,1.34015195230553e-05,0.0
1734365100.0,1.34015195230553e-05,1.34015195230553e-05,1.34015195230553e-05,1.34015195230553e-05,0.0
1734365160.0,1.34015195230553e-05,1.34015195230553e-05,1.34015195230553e-05,1.34015195230553e-05,0.0
1734365220.0,1.34015195230553e-05,1.34015195230553e-05,1.33450274783491e-05,1.33450274783491e-05,0.1337534573
1734365280.0,1.33450274783491e-05,1.33450274783491e-05,1.33450274783491e-05,1.33450274783491e-05,0.0
1734365340.0,1.33450274783491e-05,1.33450274783491e-05,1.33450274783491e-05,1.33450274783491e-05,0.0
1734365400.0,1.33450274783491e-05,1.33450274783491e-05,1.33450274783491e-05,1.33450274783491e-05,0.0
1734365460.0,1.33450274783491e-05,1.33450274783491e-05,1.33450274783491e-05,1.33450274783491e-05,0.0
1734365520.0,1.33450274783491e-05,1.33450274783491e-05,1.33450274783491e-05,1.33450274783491e-05,0.0
1734365580.0,1.33450274783491e-05,1.33450274783491e-05,1.33450274783491e-05,1.33450274783491e-05,0.0
1734365640.0,1.33450274783491e-05,1.33450274783491e-05,1.33450274783491e-05,1.33450274783491e-05,0.0
1734365700.0,1.33450274783491e-05,1.33450274783491e-05,1.33450274783491e-05,1.33450274783491e-05,0.0
1734365760.0,1.33450274783491e-05,1.33450274783491e-05,1.33450274783491e-05,1.33450274783491e-05,0.0
1734365820.0,1.33450274783491e-05,1.33450274783491e-05,1.33450274783491e-05,1.33450274783491e-05,0.0
1734365880.0,1.33450274783491e-05,1.33450274783491e-05,1.33450274783491e-05,1.33450274783491e-05,0.0
1734365940.0,1.33450274783491e-05,1.33450274783491e-05,1.33450274783491e-05,1.33450274783491e-05,0.0
1734366000.0,1.33450274783491e-05,1.33450274783491e-05,1.33450274783491e-05,1.33450274783491e-05,0.0
1734366060.0,1.33450274783491e-05,1.33450274783491e-05,1.33450274783491e-05,1.33450274783491e-05,0.0
1734366120.0,1.33450274783491e-05,1.33450274783491e-05,1.33450274783491e-05,1.33450274783491e-05,0.0
1734366180.0,1.33450274783491e-05,1.33450274783491e-05,1.33450274783491e-05,1.33450274783491e-05,0.0
1734366240.0,1.33450274783491e-05,1.33450274783491e-05,1.33450274783491e-05,1.33450274783491e-05,0.0
1734366300.0,1.33450274783491e-05,1.33450274783491e-05,1.33450274783491e-05,1.33450274783491e-05,0.0
1734366360.0,1.33450274783491e-05,1.33450274783491e-05,1.33450274783491e-05,1.33450274783491e-05,0.0
1734366420.0,1.33450274783491e-05,1.33450274783491e-05,1.33450274783491e-05,1.33450274783491e-05,0.0
1734366480.0,1.33450274783491e-05,1.33450274783491e-05,1.33450274783491e-05,1.33450274783491e-05,0.0
1734366540.0,1.33450274783491e-05,1.33450274783491e-05,1.33450274783491e-05,1.33450274783491e-05,0.0
1734366600.0,1.33450274783491e-05,1.33450274783491e-05,1.33450274783491e-05,1.33450274783491e-05,0.0
1734366660.0,1.33450274783491e-05,1.33450274783491e-05,1.33450274783491e-05,1.33450274783491e-05,0.0
1734366720.0,1.33450274783491e-05,1.33450274783491e-05,1.33450274783491e-05,1.33450274783491e-05,0.0
1734366780.0,1.33450274783491e-05,1.33450274783491e-05,1.33450274783491e-05,1.33450274783491e-05,0.0
1734366840.0,1.33450274783491e-05,1.33450274783491e-05,1.33450274783491e-05,1.33450274783491e-05,0.0
1734366900.0,1.33450274783491e-05,1.33450274783491e-05,1.33450274783491e-05,1.33450274783491e-05,0.0
1734366960.0,1.33450274783491e-05,1.33450274783491e-05,1.33450274783491e-05,1.33450274783491e-05,0.0
1734367020.0,1.33450274783491e-05,1.33450274783491e-05,1.33450274783491e-05,1.33450274783491e-05,0.0
1734367080.0,1.33450274783491e-05,1.33450274783491e-05,1.33450274783491e-05,1.33450274783491e-05,0.0
1734367140.0,1.33450274783491e-05,1.33450274783491e-05,1.33450274783491e-05,1.33450274783491e-05,0.0
1734367200.0,1.33450274783491e-05,1.33450274783491e-05,1.33450274783491e-05,1.33450274783491e-05,0.0
1734367260.0,1.33450274783491e-05,1.33450274783491e-05,1.33450274783491e-05,1.33450274783491e-05,0.0
1734367320.0,1.33450274783491e-05,1.33450274783491e-05,1.33450274783491e-05,1.33450274783491e-05,0.0
1734367380.0,1.33450274783491e-05,1.33450274783491e-05,1.33450274783491e-05,1.33450274783491e-05,0.0
1734367440.0,1.33450274783491e-05,1.33450274783491e-05,1.33450274783491e-05,1.33450274783491e-05,0.0
1734367500.0,1.33450274783491e-05,1.33450274783491e-05,1.33450274783491e-05,1.33450274783491e-05,0.0
1734367560.0,1.33450274783491e-05,1.33450274783491e-05,1.33450274783491e-05,1.33450274783491e-05,0.0
1734367620.0,1.33450274783491e-05,1.33450274783491e-05,1.33450274783491e-05,1.33450274783491e-05,0.0
1734367680.0,1.33450274783491e-05,1.33450274783491e-05,1.33450274783491e-05,1.33450274783491e-05,0.0
1734367740.0,1.33450274783491e-05,1.33450274783491e-05,1.33450274783491e-05,1.33450274783491e-05,0.0
1734367800.0,1.33450274783491e-05,1.33450274783491e-05,1.33450274783491e-05,1.33450274783491e-05,0.0
1734367860.0,1.33450274783491e-05,1.33450274783491e-05,1.33450274783491e-05,1.33450274783491e-05,0.0
1734367920.0,1.33450274783491e-05,1.33450274783491e-05,1.33450274783491e-05,1.33450274783491e-05,0.0
1734367980.0,1.33450274783491e-05,1.33450274783491e-05,1.33450274783491e-05,1.33450274783491e-05,0.0
1734368040.0,1.33450274783491e-05,1.33450274783491e-05,1.33450274783491e-05,1.33450274783491e-05,0.0
1734368100.0,1.33450274783491e-05,1.34448245582741e-05,1.33450274783491e-05,1.34448245582741e-05,7.68357162716
1734368160.0,1.34448245582741e-05,1.34448245582741e-05,1.34448245582741e-05,1.34448245582741e-05,0.0
1734368220.0,1.34448245582741e-05,1.34448245582741e-05,1.34448245582741e-05,1.34448245582741e-05,0.0
1734368280.0,1.34448245582741e-05,1.34448245582741e-05,1.34448245582741e-05,1.34448245582741e-05,0.0
1734368340.0,1.34448245582741e-05,1.34448245582741e-05,1.34448245582741e-05,1.34448245582741e-05,0.0
1734368400.0,1.34448245582741e-05,1.34448245582741e-05,1.34448245582741e-05,1.34448245582741e-05,0.0
1734368460.0,1.34448245582741e-05,1.34448245582741e-05,1.34448245582741e-05,1.34448245582741e-05,0.0
1734368520.0,1.34448245582741e-05,1.34448245582741e-05,1.34448245582741e-05,1.34448245582741e-05,0.0
1734368580.0,1.34448245582741e-05,1.34448245582741e-05,1.34448245582741e-05,1.34448245582741e-05,0.0
1734368640.0,1.34448245582741e-05,1.34448245582741e-05,1.34448245582741e-05,1.34448245582741e-05,0.0
1734368700.0,1.34448245582741e-05,1.34448245582741e-05,1.34448245582741e-05,1.34448245582741e-05,0.0
1734368760.0,1.34448245582741e-05,1.34448245582741e-05,1.34448245582741e-05,1.34448245582741e-05,0.0
1734368820.0,1.34448245582741e-05,1.34448245582741e-05,1.34448245582741e-05,1.34448245582741e-05,0.0
1734368880.0,1.34448245582741e-05,1.34448245582741e-05,1.34273087555969e-05,1.34273087555969e-05,0.39105910656
1734368940.0,1.34273087555969e-05,1.34273087555969e-05,1.34273087555969e-05,1.34273087555969e-05,0.0
1734369000.0,1.34273087555969e-05,1.34273087555969e-05,1.34273087555969e-05,1.34273087555969e-05,0.0
1734369060.0,1.34273087555969e-05,1.34273087555969e-05,1.34273087555969e-05,1.34273087555969e-05,0.0
1734369120.0,1.34273087555969e-05,1.34273087555969e-05,1.34273087555969e-05,1.34273087555969e-05,0.0
1734369180.0,1.34273087555969e-05,1.34273087555969e-05,1.34273087555969e-05,1.34273087555969e-05,0.0
1734369240.0,1.34273087555969e-05,1.34273087555969e-05,1.34273087555969e-05,1.34273087555969e-05,0.0
1734369300.0,1.34273087555969e-05,1.34273087555969e-05,1.34273087555969e-05,1.34273087555969e-05,0.0
1734369360.0,1.34273087555969e-05,1.34273087555969e-05,1.34273087555969e-05,1.34273087555969e-05,0.0
1734369420.0,1.34273087555969e-05,1.34273087555969e-05,1.34273087555969e-05,1.34273087555969e-05,0.0
1734369480.0,1.34273087555969e-05,1.34273087555969e-05,1.34273087555969e-05,1.34273087555969e-05,0.0
1734369540.0,1.34273087555969e-05,1.34273087555969e-05,1.34273087555969e-05,1.34273087555969e-05,0.0
1734369600.0,1.34273087555969e-05,1.34273087555969e-05,1.34273087555969e-05,1.34273087555969e-05,0.0
1734369660.0,1.34273087555969e-05,1.34273087555969e-05,1.34273087555969e-05,1.34273087555969e-05,0.0
1734369720.0,1.34273087555969e-05,1.34273087555969e-05,1.34273087555969e-05,1.34273087555969e-05,0.0
1734369780.0,1.34273087555969e-05,1.34273087555969e-05,1.34273087555969e-05,1.34273087555969e-05,0.0
1734369840.0,1.34273087555969e-05,1.34273087555969e-05,1.34273087555969e-05,1.34273087555969e-05,0.0
1734369900.0,1.34273087555969e-05,1.34273087555969e-05,1.34273087555969e-05,1.34273087555969e-05,0.0
1734369960.0,1.34273087555969e-05,1.34273087555969e-05,1.34273087555969e-05,1.34273087555969e-05,0.0
1734370020.0,1.34273087555969e-05,1.34273087555969e-05,1.34273087555969e-05,1.34273087555969e-05,0.0
1734370080.0,1.34273087555969e-05,1.34273087555969e-05,1.34273087555969e-05,1.34273087555969e-05,0.0
1734370140.0,1.34273087555969e-05,1.34273087555969e-05,1.34273087555969e-05,1.34273087555969e-05,0.0
1734370200.0,1.34273087555969e-05,1.34273087555969e-05,1.34273087555969e-05,1.34273087555969e-05,0.0
1734370260.0,1.34273087555969e-05,1.34273087555969e-05,1.34273087555969e-05,1.34273087555969e-05,0.0
1734370320.0,1.34273087555969e-05,1.34273087555969e-05,1.34273087555969e-05,1.34273087555969e-05,0.0
1734370380.0,1.34273087555969e-05,1.34273087555969e-05,1.34273087555969e-05,1.34273087555969e-05,0.0
1734370440.0,1.34273087555969e-05,1.34273087555969e-05,1.34273087555969e-05,1.34273087555969e-05,0.0
1734370500.0,1.34273087555969e-05,1.34273087555969e-05,1.34273087555969e-05,1.34273087555969e-05,0.0
1734370560.0,1.34273087555969e-05,1.34273087555969e-05,1.34273087555969e-05,1.34273087555969e-05,0.0
1734370620.0,1.34273087555969e-05,1.34273087555969e-05,1.34273087555969e-05,1.34273087555969e-05,0.0
1734370680.0,1.34273087555969e-05,1.34273087555969e-05,1.34273087555969e-05,1.34273087555969e-05,0.0
