time,open,high,low,close,volume,usd_vol,price_change,vol_change,norm_open,mov_in_min
1735425180.0,6.53289430463933e-05,8.66418376888042e-05,5.94546006201307e-05,8.17236521669947e-05,10064.97116993135,0.7400400656431676,0.2509562891436756,0.0,1.0,0.41615914479691646
1735425240.0,8.17236521669947e-05,8.30566974799304e-05,7.15739015347582e-05,7.15739015347582e-05,2912.49892199539,0.22323947995044285,-0.1241959991153654,-0.6983413597256712,1.2509562891436756,0.14050762099701786
1735425300.0,7.15739015347582e-05,7.22820526637575e-05,6.8898052680534e-05,7.22820526637575e-05,1046.55246719456,0.07527640189354211,0.009893985290928976,-0.6627997793658505,1.095592522963827,0.04727980326153012
1735425360.0,7.22820526637575e-05,8.720722851292e-05,7.05402200672508e-05,8.11569301545365e-05,3275.77330337284,0.25131566180642567,0.12278120451370232,2.3385716570492168,1.1064322992708828,0.23058294322659864
1735425420.0,8.11569301545365e-05,0.0001032354449682,8.11569301545365e-05,9.79361070023036e-05,6682.2152104117,0.5983691084841324,0.20674977251870805,1.3809463532162292,1.242281389688227,0.2720471901983266
1735425480.0,9.79361070023036e-05,0.0001135563346797,9.44467970350594e-05,0.0001135563346797,4457.57838703921,0.47137206853192487,0.15949406358401597,-0.21223863022262826,1.4991227844104924,0.19512249597782283
1735425540.0,0.0001135563346797,0.000116129972408,8.28455678630733e-05,8.51169847939401e-05,10907.31501090147,1.083496239880229,-0.25044265444087016,1.2986008552750012,1.7382239691075065,0.2931091835502578
1735425600.0,8.51169847939401e-05,0.000104877091256,8.09828330841281e-05,0.000104877091256,2645.74936270248,0.2513383528131877,0.2321523314047976,-0.7680302491488379,1.3028985442714776,0.280722563536732
1735425660.0,0.000104877091256,0.0001109869636077,9.36270934519759e-05,0.0001079033163464,8402.11046045668,0.8939022442481807,0.02885496779285322,2.556569199419364,1.605369478908018,0.16552585457723545
1735425720.0,0.0001079033163464,0.0001105252382067,0.0001029813627376,0.0001087180428711,3343.38357371358,0.36212414706164914,0.0075505234897924834,-0.5948951360266304,1.6516923635175382,0.06991328649141826
1735425780.0,0.0001087180428711,0.0001125815253684,0.0001072851009462,0.0001072851009462,1743.60561991296,0.1883121477393558,-0.013180350630474087,-0.47997903683761534,1.6641635055061883,0.04871706924010429
1735425840.0,0.0001072851009462,0.0001072851009462,8.90647975808953e-05,9.15057339009119e-05,2227.61015831309,0.2214142415424831,-0.1470788292700674,0.17578310374827294,1.6422292469971778,0.16983069601101072
1735425900.0,9.15057339009119e-05,9.29211800238921e-05,7.67929107889707e-05,8.18775294770619e-05,3332.26451929828,0.28887944839728547,-0.10521968420335293,0.3047012982760538,1.4006920919557686,0.1762541924682676
1735425960.0,8.18775294770619e-05,8.67240300254607e-05,8.14471733744537e-05,8.44596529105013e-05,1866.01674122368,0.15519398351158478,0.031536411148833966,-0.4627725012194287,1.253311712374049,0.06444816648364214
1735426020.0,8.44596529105013e-05,8.89819798557891e-05,8.37235934434441e-05,8.89819798557891e-05,762.02836861912,0.06608372223376639,0.05354422839127624,-0.5741863135510441,1.292836665833126,0.06225915252004546
1735426080.0,8.89819798557891e-05,9.67775699357819e-05,8.85542274186492e-05,9.27884587470272e-05,1782.88568679477,0.16203795663368437,0.04277808717458491,1.452010134363903,1.362060607541111,0.09241581869115605
1735426140.0,9.27884587470272e-05,0.0001264614064614,9.27884587470272e-05,0.0001051300698126,5333.08559877648,0.5277582271961897,0.1330080403557539,2.257003717896055,1.4203269549475726,0.3629001728132661
1735426200.0,0.0001051300698126,0.0001355543848445,0.0001051300698126,0.0001241346005664,6443.01989580689,0.7385784163287529,0.18077159834171702,0.3994635768211199,1.6092418598896043,0.28939688793256735
1735426260.0,0.0001241346005664,0.0001466175075411,0.0001238883378701,0.0001463713729266,4261.99256939158,0.5764472245016009,0.17913436107852537,-0.21951791203574086,1.9001470830202456,0.183101001391164
1735426320.0,0.0001463713729266,0.0001502960220074,0.0001409798536455,0.0001454611844445,2335.14084116261,0.34073506174909307,-0.006218350377545711,-0.4089050180722194,2.240528716692301,0.0636474754293091
1735426380.0,0.0001454611844445,0.0001560483570941,0.000142674728566,0.0001560483570941,4224.07937746404,0.6368001182609189,0.07278348990509888,0.8689010605249632,2.2265963241009556,0.09193949973095834
1735426440.0,0.0001560483570941,0.0001641226274776,0.0001525852201188,0.0001641226274776,1182.13637236178,0.18924288311854445,0.05174210439544108,-0.7028221608448176,2.3886557751788877,0.0739348210621834
1735426500.0,0.0001641226274776,0.0001673029586116,0.000143980632922,0.0001601714422592,5964.09237788977,0.9670598947560513,-0.024074591536375884,4.110151984686637,2.512249851662967,0.14210304848295882
1735426560.0,0.0001601714422592,0.0001873260026592,0.0001563205988551,0.0001856328133883,4225.9276705881,0.7306718862739457,0.15896323820258007,-0.24443988398643737,2.45176846264686,0.19357635397903844
1735426620.0,0.0001856328133883,0.0002051357304524,0.0001825090661507,0.0001849221054753,6487.50042340059,1.2019875965103881,-0.0038285683442902643,0.6450442655456642,2.8415095167921662,0.1218893572138582
1735426680.0,0.0001849221054753,0.0001863158758424,0.000163733289603,0.0001710072118072,4104.60170293103,0.7304740409204141,-0.07524732444687973,-0.3922782206396079,2.8306306034061763,0.12211945230320968
1735426740.0,0.0001710072118072,0.0001802819892526,0.0001559423566062,0.0001600713902628,3518.61204838527,0.5824685791030272,-0.06394947574918339,-0.20261563522626574,2.6176332240024047,0.14233103030673006
1735426800.0,0.0001600713902628,0.0001746446253994,0.0001593026413038,0.0001746446253994,1607.39425214348,0.2690102998378936,0.09104209760828681,-0.5381548301675669,2.4502369516238063,0.09584463576165629
1735426860.0,0.0001746446253994,0.0001948112120058,0.0001737360576797,0.0001883415770248,5487.98749608841,0.9960318700783131,0.07842755878731476,2.7025789372322353,2.673311663336972,0.12067450846484729
1735426920.0,0.0001883415770248,0.0001930999163895,0.0001647507294349,0.0001667576375815,7554.93014741742,1.341374880876692,-0.11459997194596026,0.3467188361866638,2.8829729709701466,0.15052006785982838
1735426980.0,0.0001667576375815,0.0001677232133442,0.0001577791792953,0.0001589573226014,1397.14584391658,0.22753565146049656,-0.04677635815203802,-0.8303713192304717,2.5525843493760063,0.05963165581570449
1735427040.0,0.0001589573226014,0.0001631328003571,0.0001589573226014,0.0001610971039543,383.77207055595,0.061413974984939106,0.01346135753849907,-0.7300907590052917,2.433183749636307,0.026267916994112878
1735427100.0,0.0001610971039543,0.0001610971039543,0.0001099029141161,0.0001276860738762,7621.26689557162,1.100446836598781,-0.20739683866432523,16.91850856207646,2.4659377060470273,0.3177846688834503
1735427160.0,0.0001276860738762,0.0001292418559116,0.0001212192337566,0.0001212192337566,1039.92893577177,0.12942191583726137,-0.05064640115624532,-0.882391487227794,1.9545100214697158,0.06283083120543315
1735427220.0,0.0001212192337566,0.0001212192337566,0.0001091102812557,0.000109624680305,2166.30357706302,0.2500389983874362,-0.09564945341001808,0.9319679883416502,1.8555211228584587,0.09989299656203046
1735427280.0,0.000109624680305,0.0001127198409595,7.87040002538405e-05,7.92013822087651e-05,4015.62352142256,0.37912718904394094,-0.2775223427023056,0.5162722274886183,1.6780415416663041,0.31029363653348807
1735427340.0,7.92013822087651e-05,9.59328028068181e-05,7.8443698169828e-05,9.59328028068181e-05,4959.9494759729,0.4343283545964914,0.21125162379049178,0.14560065104207712,1.212347521871283,0.22081817449714405
1735427400.0,9.59328028068181e-05,0.0001206622822677,9.4603173314122e-05,0.0001170851364402,6115.03513301658,0.6513060912291535,0.22049114603663564,0.49957073798288676,1.4684579044649702,0.2716391910914328
1735427460.0,0.0001170851364402,0.0001170851364402,0.0001003147401959,0.0001028409941471,2040.88283663124,0.22442173262117066,-0.12165628128532818,-0.655428168654712,1.7922398707270077,0.14323249520971684
1735427520.0,0.0001028409941471,0.0001090884845955,9.73132825554727e-05,0.0001090884845955,2130.13294725729,0.22571898258233788,0.06074902814984285,0.0057804114869615545,1.5742026328830627,0.11449910745888438
1735427580.0,0.0001090884845955,0.0001131914334799,0.000108491312089,0.0001123191113949,1425.47773460685,0.15780579917857204,0.02961473716844783,-0.30087493141606925,1.6698339129416326,0.04308540363658036
1735427640.0,0.0001123191113949,0.0001123191113949,4.92400669937883e-05,5.39305235081509e-05,10524.95740588376,0.8748851630491685,-0.5198455290610526,4.544062180244428,1.7192856053883598,0.561605621854803
1735427700.0,5.39305235081509e-05,6.32285202584886e-05,5.33955498295546e-05,6.32285202584886e-05,3212.01506518772,0.18815830680071677,0.17240694407374768,-0.7849337093054094,0.8255226702481957,0.18232662672832908
1735427760.0,6.32285202584886e-05,8.68714983103895e-05,6.21830279607369e-05,6.79125842820754e-05,6848.98782813192,0.4490919143830493,0.07408150632716953,1.3867769752982202,0.9678485110892873,0.39046414891131503
1735427820.0,6.79125842820754e-05,6.83381026556413e-05,6.37756108709215e-05,6.45128617266896e-05,1624.46756598072,0.10756042097588488,-0.050060273678660464,-0.7604935258661948,1.03954818668729,0.06718183136382273
1735427880.0,6.45128617266896e-05,6.45128617266896e-05,5.47793794545386e-05,5.53286457538477e-05,1828.81893789687,0.10958420921325802,-0.14236255727967967,0.01881536181256563,0.987508119959569,0.15087661609846345
1735427940.0,5.53286457538477e-05,5.53286457538477e-05,4.74995557071382e-05,4.81027182814132e-05,1671.41758342727,0.08643850026320102,-0.13060011453347373,-0.21121390678664245,0.846923938667676,0.14150156650391266
1735428000.0,4.81027182814132e-05,6.0983262559807e-05,4.52921478299106e-05,5.84606263642143e-05,3510.83430414524,0.1870631229731605,0.21532895546993192,1.1641181001933445,0.7363155752765368,0.3262001668616599
1735428060.0,5.84606263642143e-05,6.78537941620085e-05,5.84163365104133e-05,6.78537941620085e-05,2047.51258944162,0.12931518312773208,0.1606751138667934,-0.3087083061994747,0.8948656389970756,0.16143271529112757
1735428120.0,6.78537941620085e-05,7.97498099033109e-05,6.32785152777175e-05,6.33535546419782e-05,3740.15159855332,0.24536768768558695,-0.06632259220885245,0.8974391231633111,1.0386482774384116,0.24274684752729317
1735428180.0,6.33535546419782e-05,7.36994658987275e-05,5.86268114340736e-05,5.86268114340736e-05,3835.31448902237,0.23391653269386709,-0.07460896605748854,-0.04666936832527567,0.9697624312854367,0.2379133191473164
1735428240.0,5.86268114340736e-05,6.20013243769028e-05,5.86268114340736e-05,6.17416022056791e-05,958.01774537243,0.057657538124605966,0.053129117811704867,-0.7535123427976596,0.897409458965834,0.057559209861240246
1735428300.0,6.17416022056791e-05,6.93818001471535e-05,6.17416022056791e-05,6.77368391955554e-05,1643.77595246891,0.10641677416925209,0.09710206369287987,0.8456697533507349,0.9450880318365681,0.12374473075743471
1735428360.0,6.77368391955554e-05,7.0666520148968e-05,6.77368391955554e-05,6.96808176249147e-05,1115.31127890766,0.07663173128646622,0.028698983484408715,-0.27989048827409313,1.036858030099341,0.04325092502404255
1735428420.0,6.96808176249147e-05,7.71652819252612e-05,6.96808176249147e-05,7.71652819252612e-05,888.82339591713,0.06526012443968614,0.10741068425222375,-0.14839292621839018,1.0666148015808385,0.10741068425222375
1735428480.0,7.71652819252612e-05,7.94227939468496e-05,7.71652819252612e-05,7.89101786486212e-05,1044.62709231048,0.08152032728015687,0.022612458346877105,0.2491598503692485,1.1811806272521863,0.029255540383756135
1735428540.0,7.89101786486212e-05,8.1567508052635e-05,7.836805549592e-05,7.89197563179608e-05,893.97461171594,0.0705479774144511,0.00012137432082431607,-0.13459648938843985,1.2078900249860645,0.04054549883813882
1735428600.0,7.89197563179608e-05,7.89197563179608e-05,7.45782795580377e-05,7.45782795580377e-05,968.91914797726,0.07436359306857768,-0.05501127933583144,0.05408540108401445,1.2080366318174776,0.05501127933583144
1735428660.0,7.45782795580377e-05,7.45782795580377e-05,7.06298665051383e-05,7.06298665051383e-05,301.84410083358,0.021915111141075257,-0.052943203789337895,-0.7052978448625356,1.1415809912166495,0.052943203789337895
1735428720.0,7.06298665051383e-05,7.06298665051383e-05,6.43327879236653e-05,6.4607771585537e-05,695.3026853798,0.04701554646443404,-0.08526272549535681,1.1453483015339725,1.081142036156632,0.0891560311955976
1735428780.0,6.4607771585537e-05,6.4607771585537e-05,4.6065658358656e-05,4.62331332691077e-05,2438.50010198776,0.13514277889623336,-0.284402911066238,1.8744274832254717,0.9889609195063179,0.2869950900927189
1735428840.0,4.62331332691077e-05,5.80409939351129e-05,4.23001288566005e-05,5.80409939351129e-05,3547.27356381233,0.1849444274105679,0.2553982356608964,0.3685113545916777,0.7076975550679776,0.34046719236808065
1735428900.0,5.80409939351129e-05,6.06689394862848e-05,5.80409939351129e-05,6.06689394862848e-05,722.04618490597,0.04285702726868096,0.04527740434820636,-0.768270783452478,0.8884422620138692,0.04527740434820636
1735428960.0,6.06689394862848e-05,7.80224440295255e-05,6.06689394862848e-05,7.50522004499983e-05,2483.60341330818,0.16853874320191492,0.2370778372838555,2.932581281135185,0.9286686215511063,0.28603606211319627
1735429020.0,7.50522004499983e-05,7.50522004499983e-05,5.07479640124665e-05,5.41355579777503e-05,3786.77720848796,0.24460262961492335,-0.27869459318762024,0.4513139529104083,1.148835369901822,0.32383109744695504
1735429080.0,5.41355579777503e-05,5.45106877921237e-05,4.77000291396679e-05,4.83761024811064e-05,1260.29882824248,0.06459766277874404,-0.10638951018129404,-0.7359077337784969,0.8286611638474843,0.12580748969568176
1735429140.0,4.83761024811064e-05,5.14507087811964e-05,3.52547098242866e-05,3.52547098242866e-05,2876.0261412109,0.12026220120050622,-0.2712370774794113,0.861711337953835,0.7405003085194894,0.3347933819851496
1735429200.0,3.52547098242866e-05,4.39459897564831e-05,3.45746373398365e-05,3.53820289944791e-05,3665.77565796378,0.12946921885988824,0.0036114088252909566,0.07655786745522553,0.5396491689640607,0.265818452721763
1735429260.0,3.53820289944791e-05,4.50652529259268e-05,3.53820289944791e-05,4.44850440743023e-05,1020.33891275606,0.04074574125000461,0.257277927199811,-0.6852862664283184,0.5415980627354184,0.27367633249519524
1735429320.0,4.44850440743023e-05,4.52225334426707e-05,3.71670409006299e-05,3.73182122835517e-05,1640.91896151473,0.06711625723562652,-0.16110654580402367,0.6471968646691125,0.6809392896914201,0.18108316423348722
1735429380.0,3.73182122835517e-05,4.074224981519e-05,3.70901815864526e-05,4.00910401033595e-05,1452.42695245382,0.056215642268025015,0.07430226825281085,-0.16241392795984547,0.57123551282699,0.09786289335052313
1735429440.0,4.00910401033595e-05,4.00910401033595e-05,3.88234601294904e-05,3.88234601294904e-05,232.30287247848,0.009166032542147356,-0.031617537749111226,-0.8369487179663351,0.613679607136593,0.031617537749111226
1735429500.0,3.88234601294904e-05,3.93130378339471e-05,2.97700989250879e-05,2.97700989250879e-05,1731.84185405145,0.059396598244534256,-0.23319305322622558,5.480077173129829,0.594276568992092,0.24580341054171922
1735429560.0,2.97700989250879e-05,2.97700989250879e-05,2.63115617626013e-05,2.63115617626013e-05,498.41177435508,0.013975880006065356,-0.1161748629451821,-0.7647023496442166,0.4556954014080204,0.1161748629451821
1735429620.0,2.63115617626013e-05,3.05050332924263e-05,2.61696598609239e-05,2.90055675354765e-05,1271.60299317704,0.03517071359469853,0.10238866841817061,1.516529447836908,0.4027550506046939,0.16477066130162632
1735429680.0,2.90055675354765e-05,2.91849193647936e-05,2.66541585510433e-05,2.66541585510433e-05,671.2493180416,0.018680776588979334,-0.08106750476635945,-0.4688542062508739,0.4439926039348014,0.08725086349904883
1735429740.0,2.66541585510433e-05,2.84989527635299e-05,2.66541585510433e-05,2.73770122565187e-05,781.11128657842,0.02110217867241656,0.02711973458442211,0.12961999047008163,0.40799923139908856,0.06921224727292662
1735429800.0,2.73770122565187e-05,2.73770122565187e-05,2.24031715141667e-05,2.24031715141667e-05,837.97951211389,0.020857387054549367,-0.18167945777822,-0.011600300692514219,0.4190640622652801,0.18167945777822
1735429860.0,2.24031715141667e-05,2.25839609890374e-05,2.07190951383091e-05,2.07190951383091e-05,571.41340019756,0.012320320506058526,-0.07517133789707721,-0.4093066176584547,0.34292873065858576,0.08324115402808256
1735429920.0,2.07190951383091e-05,2.07738366208692e-05,1.98388035721437e-05,1.98388035721437e-05,180.87889441295,0.0036680339392295563,-0.04248696964269259,-0.7022777177407197,0.31715031917163344,0.045129048468755116
1735429980.0,1.98388035721437e-05,1.99580151832516e-05,1.97541202707254e-05,1.98292172758492e-05,55.28423616846,0.0010965081164479172,-0.0004832093961532801,-0.701063802948827,0.303675563188818,0.010277581094280015
1735430040.0,1.98292172758492e-05,1.98292172758492e-05,1.92525294866705e-05,1.92525294866705e-05,102.57630484124,0.0020044305848201825,-0.029082730859027534,0.8280125379403797,0.303528824303303,0.029082730859027534
1735430100.0,1.92525294866705e-05,1.96334624883487e-05,1.92525294866705e-05,1.96334624883487e-05,108.27773301408,0.002105243528529393,0.019786127425071104,0.05029505360409105,0.294701377198133,0.019786127425071104
1735430160.0,1.96334624883487e-05,1.96695785898449e-05,1.95430676060344e-05,1.9564503754788e-05,48.10822530741,0.000942872295808536,-0.0035123062782035424,-0.5521314835879464,0.3005323761997192,0.0064436409973827324
1735430220.0,1.9564503754788e-05,1.9564503754788e-05,1.9564503754788e-05,1.9564503754788e-05,0.0,0.0,0.0,-1.0,0.29947681444798946,0.0
1735430280.0,1.9564503754788e-05,1.9564503754788e-05,1.83922713841901e-05,1.83922713841901e-05,309.05538348956,0.005865372848301936,-0.05991628437348026,inf,0.29947681444798946,0.05991628437348026
1735430340.0,1.83922713841901e-05,1.83922713841901e-05,1.827571162008e-05,1.827571162008e-05,0.09746,1.786830811798082e-06,-0.0063374317220164424,-0.9996953593815753,0.2815332764702598,0.0063374317220164424
1735430400.0,1.827571162008e-05,1.85664678543119e-05,1.81314516746347e-05,1.85664678543119e-05,197.55499916345,0.003639178367621583,0.015909434350695282,2035.6664507869607,0.2797490785531539,0.023802968044168416
1735430460.0,1.85664678543119e-05,2.26684759418935e-05,1.85664678543119e-05,2.24533541378626e-05,1848.41307620083,0.037910787676882864,0.20934979739013762,9.417403008926927,0.2841997281530628,0.22093637410030809
1735430520.0,2.24533541378626e-05,2.49768455474925e-05,2.19825573095914e-05,2.47675961840407e-05,718.89266326979,0.016973397369521755,0.10306887924043576,-0.5522805404575715,0.3436968836602387,0.13335594403919795
1735430580.0,2.47675961840407e-05,2.67836056616354e-05,2.44295107181083e-05,2.4491542770381e-05,880.16619102329,0.02167811435330016,-0.011145749131584101,0.27718180876542836,0.37912133625753,0.0950473726248812
1735430640.0,2.4491542770381e-05,2.74797751069114e-05,2.4491542770381e-05,2.71042625673973e-05,1352.02722971574,0.0348794668778945,0.10667844902673938,0.6089714404788458,0.37489574495317257,0.1220107840713177
1735430700.0,2.71042625673973e-05,2.73087485233552e-05,2.69599842381624e-05,2.73087485233552e-05,48.25078264975,0.0013127351857291675,0.007544420566670199,-0.9623636682772482,0.4148890415715011,0.012867506884777396
1735430760.0,2.73087485233552e-05,2.73087485233552e-05,2.27424321916517e-05,2.27424321916517e-05,893.73219219785,0.022366175731256936,-0.1672107503497738,16.03784279906651,0.41801913898961923,0.1672107503497738
1735430820.0,2.27424321916517e-05,2.27424321916517e-05,2.13565234406937e-05,2.18197639432415e-05,482.10945159296,0.01074192797018564,-0.040570341845358675,-0.5197244223037335,0.3481218450985986,0.06093933750264141
1735430880.0,2.18197639432415e-05,2.40807257138018e-05,2.18197639432415e-05,2.37702290810188e-05,449.51300993809,0.010246647493695887,0.08938983679433625,-0.04610722375577366,0.33399842283911146,0.10361990058378312
1735430940.0,2.37702290810188e-05,2.37702290810188e-05,2.2376560257222e-05,2.2376560257222e-05,299.40878526803,0.006908377069891178,-0.05863085370555741,-0.32579147724741536,0.3638544873462653,0.05863085370555741
1735431000.0,2.2376560257222e-05,2.2376560257222e-05,2.21064761770112e-05,2.21064761770112e-05,30.62079935768,0.000681053066736512,-0.01206995521680465,-0.9014163442663329,0.34252138812855587,0.01206995521680465
1735431060.0,2.21064761770112e-05,2.31098701577923e-05,2.21064761770112e-05,2.25443864620389e-05,397.73851503345,0.008879683900509172,0.01980914015970978,12.038167411915602,0.33838717031304644,0.04538914174953583
1735431120.0,2.25443864620389e-05,2.25443864620389e-05,2.13739368506623e-05,2.13739368506623e-05,168.49860208724,0.003700088042102798,-0.05191756330771952,-0.5833085858055567,0.3450903291980251,0.05191756330771952
1735431180.0,2.13739368506623e-05,2.13739368506623e-05,2.04067978099759e-05,2.0689641331873e-05,319.9086398864,0.006728251042565059,-0.03201541782266931,0.8184029585256369,0.3271740801850049,0.04524852147939384
1735431240.0,2.0689641331873e-05,2.09201809827441e-05,2.0689641331873e-05,2.09023555272445e-05,5.72577495055,0.00011907320687964463,0.01028119298732396,-0.9823025023700291,0.31669946530713444,0.011142757246156244
1735431300.0,2.09023555272445e-05,2.09023555272445e-05,2.07898162680445e-05,2.07898162680445e-05,0.96431571508,2.010220822900616e-05,-0.005384046743120105,-0.8311777371602596,0.3199555136289394,0.005384046743120105
1735431360.0,2.07898162680445e-05,2.08971413707628e-05,1.98662028955344e-05,1.98662028955344e-05,303.1636356754,0.006162713290859656,-0.044426240261187966,305.568970963462,0.3182328581878422,0.04958862848696879
1735431420.0,1.98662028955344e-05,1.98662028955344e-05,1.81902349315102e-05,1.81902349315102e-05,282.05137616122,0.005366935330455919,-0.08436277293840241,-0.12912785697559706,0.3040949687709846,0.08436277293840241
1735431480.0,1.81902349315102e-05,1.861660537532e-05,1.77492174489235e-05,1.861660537532e-05,597.25782102836,0.010991586620298107,0.02343952375629929,1.048019203422072,0.2784406739688474,0.047684261894493575
1735431540.0,1.861660537532e-05,2.02188203355521e-05,1.861660537532e-05,2.02188203355521e-05,247.59450266777,0.0048077189573872536,0.08606375480011816,-0.562600093738163,0.2849671907610602,0.08606375480011816
1735431600.0,2.02188203355521e-05,2.25642248279125e-05,2.02188203355521e-05,2.25642248279125e-05,514.42463560976,0.011004326209245591,0.11600105512764843,1.2888871639089887,0.30949253719279857,0.11600105512764843
1735431660.0,2.25642248279125e-05,2.29418906247973e-05,2.25642248279125e-05,2.29418906247973e-05,66.9293186276,0.001522846650319383,0.016737370761242338,-0.8616138215677466,0.3453939980612962,0.016737370761242338
1735431720.0,2.29418906247973e-05,2.36375211928008e-05,2.22108762679119e-05,2.22108762679119e-05,790.43479214097,0.017845158956714135,-0.031863736465348964,10.718290185667422,0.3511749854655559,0.06218515065828429
1735431780.0,2.22108762679119e-05,2.22108762679119e-05,2.06292241109214e-05,2.06292241109214e-05,200.84956722858,0.004302207810558798,-0.07121070496779618,-0.7589145705569567,0.3399852382754587,0.07121070496779618
1735431840.0,2.06292241109214e-05,2.06292241109214e-05,2.0289657201323e-05,2.03257651606166e-05,15.00424506278,0.00030724934778684094,-0.014710148509373381,-0.928583331787747,0.31577464977921915,0.01646047896772943
1735431900.0,2.03257651606166e-05,2.96548403770147e-05,2.03257651606166e-05,2.57319135820289e-05,4092.36427807984,0.09424239960883982,0.2659751492104862,305.7293723735484,0.31112955778547147,0.4589778117910271
1735431960.0,2.57319135820289e-05,2.58123214285557e-05,2.57089991475321e-05,2.58123214285557e-05,15.15828684002,0.00039066114961992137,0.0031248296505611184,-0.9958547198369163,0.3938822883412548,0.004015336080397853
1735432020.0,2.58123214285557e-05,2.58123214285557e-05,2.58123214285557e-05,2.58123214285557e-05,0.0,0.0,0.0,-1.0,0.3951131033946944,0.0
1735432080.0,2.58123214285557e-05,2.58123214285557e-05,2.36609086083208e-05,2.43181503246152e-05,812.5326808802,0.020366323303696546,-0.05788596380515884,inf,0.3951131033946944,0.08334828876936384
1735432140.0,2.43181503246152e-05,2.43181503246152e-05,2.27241173659281e-05,2.27241173659281e-05,207.69050792628,0.004885116235326485,-0.065549103752089,-0.7601375485166818,0.37224160059264516,0.065549103752089
1735432200.0,2.27241173659281e-05,2.27241173659281e-05,2.19696236591233e-05,2.19696236591233e-05,145.16211042788,0.003243918885056791,-0.033202332775136435,-0.3359587103376279,0.34784149729455416,0.033202332775136435
1735432260.0,2.19696236591233e-05,2.2854956206621e-05,2.07242595322672e-05,2.08709615474627e-05,1054.26409300318,0.02258264535327342,-0.050008235402992846,5.9615320707620185,0.33629234814837866,0.09698375845728195
1735432320.0,2.08709615474627e-05,2.08709615474627e-05,2.05987865146853e-05,2.05987865146853e-05,108.6026916963,0.0022518631317583466,-0.013040847790287243,-0.9002834656201191,0.31947496123794933,0.013040847790287243
1735432380.0,2.05987865146853e-05,2.13411976408924e-05,2.03510200361068e-05,2.1043208249134e-05,397.32569128919,0.008272717178097667,0.021575141532335466,2.6737211340362377,0.3153087368956373,0.0480697056634711
1735432440.0,2.1043208249134e-05,2.1043208249134e-05,2.09291886312741e-05,2.09291886312741e-05,3.87654001266,8.135383796707388e-05,-0.005418357149252322,-0.9901660075866656,0.3221115675205426,0.005418357149252322
1735432500.0,2.09291886312741e-05,2.09291886312741e-05,1.98359097275888e-05,1.98359097275888e-05,310.88495689072,0.0063366279229705265,-0.05223704191053228,76.88972323020744,0.3203662520058108,0.05223704191053228
1735432560.0,1.98359097275888e-05,1.98359097275888e-05,1.95154421926932e-05,1.96164581091165e-05,66.79330810197,0.0013175770801346542,-0.011063350332103617,-0.7920696786758797,0.3036312666730631,0.01615592827839278
1735432620.0,1.96164581091165e-05,1.96164581091165e-05,1.94803373486713e-05,1.94803373486713e-05,11.28951526339,0.0002206919345351661,-0.00693910999060233,-0.8325016897587413,0.30027208759807866,0.00693910999060233
1735432680.0,1.94803373486713e-05,2.02166673974533e-05,1.93550512381375e-05,2.02166673974533e-05,439.4870146466,0.008723159053143106,0.03779862923329832,38.5264062165041,0.2981884665551278,0.04423004303745124
1735432740.0,2.02166673974533e-05,2.81096296977493e-05,2.02166673974533e-05,2.66798503522999e-05,3612.16662258161,0.08469901806548227,0.3196957652704308,8.709672556636892,0.30945958184409084,0.39041856628112115
1735432800.0,2.66798503522999e-05,2.66798503522999e-05,2.56056663068301e-05,2.57402542060448e-05,52.40174235544,0.0013734524066558024,-0.03521744439522708,-0.9837843172444577,0.408392499682005,0.04026199664861317
1735432860.0,2.57402542060448e-05,2.57834003075645e-05,2.55862811775281e-05,2.5615736872333e-05,95.08974008787,0.0024417139217989578,-0.004837455477908915,0.7777928889026803,0.3940099595330262,0.007658010230144082
1735432920.0,2.5615736872333e-05,2.56289969524983e-05,2.53724772833496e-05,2.54115875672853e-05,159.7393088118,0.004075534768250048,-0.007969683092278954,0.6691286935233413,0.3921039538959325,0.01001414366594947
1735432980.0,2.54115875672853e-05,2.55239551684854e-05,2.48422162322688e-05,2.48422162322688e-05,137.72274793166,0.0034605459766465434,-0.022405972610286908,-0.15089769234567676,0.38897900964415233,0.026827876629568245
1735433040.0,2.48422162322688e-05,2.48422162322688e-05,2.42848370612994e-05,2.42848370612994e-05,89.94242736685,0.0022093032113020632,-0.02243677318311841,-0.3615738018764895,0.38026355660808897,0.02243677318311841
1735433100.0,2.42848370612994e-05,2.42848370612994e-05,2.36214074923926e-05,2.36214074923926e-05,123.94531497726,0.002968877285292501,-0.02731867490945816,0.3438070746037522,0.37173166943866737,0.02731867490945816
1735433160.0,2.36214074923926e-05,2.37359829432318e-05,2.34161754954452e-05,2.34161754954452e-05,81.07655394702,0.001906822567325431,-0.008688389843556016,-0.3577294094398495,0.3615764528077222,0.01353888196076355
1735433220.0,2.34161754954452e-05,2.34161754954452e-05,2.32111309253501e-05,2.32111309253501e-05,0.9550261885,2.2265149365536854e-05,-0.00875653541864619,-0.9883234288564318,0.3584349356274786,0.00875653541864619
1735433280.0,2.32111309253501e-05,2.32111309253501e-05,2.32111309253501e-05,2.32111309253501e-05,0.0,0.0,0.0,-1.0,0.35529628741837643,0.0
1735433340.0,2.32111309253501e-05,2.32111309253501e-05,2.31797404415869e-05,2.31797404415869e-05,3.00622196644,6.973062827278922e-05,-0.001352389242219857,inf,0.35529628741837643,0.001352389242219857
1735433400.0,2.31797404415869e-05,2.31797404415869e-05,2.31010116799566e-05,2.31010116799566e-05,27.2792655309,0.0006312524630466743,-0.003396447075354221,8.05272874607106,0.35481578854147117,0.003396447075354221
1735433460.0,2.31010116799566e-05,2.31010116799566e-05,2.31010116799566e-05,2.31010116799566e-05,0.0,0.0,0.0,-1.0,0.35361067549418995,0.0
1735433520.0,2.31010116799566e-05,2.31010116799566e-05,2.31010116799566e-05,2.31010116799566e-05,0.0,0.0,0.0,0.0,0.35361067549418995,0.0
1735433580.0,2.31010116799566e-05,2.31010116799566e-05,2.31010116799566e-05,2.31010116799566e-05,0.0,0.0,0.0,0.0,0.35361067549418995,0.0
1735433640.0,2.31010116799566e-05,2.57259913493283e-05,2.2995395751072e-05,2.54188213585808e-05,715.37847968285,0.0173550221967873,0.10033368714475938,inf,0.35361067549418995,0.11820242490182697
1735433700.0,2.54188213585808e-05,2.54188213585808e-05,2.52802769542415e-05,2.52802769542415e-05,4.210836784,0.00010674281404563224,-0.005450465321930771,-0.9938494567834437,0.38908973838027106,0.005450465321930771
1735433760.0,2.52802769542415e-05,2.52802769542415e-05,2.52802769542415e-05,2.52802769542415e-05,0.0,0.0,0.0,-1.0,0.3869690182541103,0.0
1735433820.0,2.52802769542415e-05,2.52802769542415e-05,2.52802769542415e-05,2.52802769542415e-05,0.0,0.0,0.0,0.0,0.3869690182541103,0.0
1735433880.0,2.52802769542415e-05,2.52802769542415e-05,2.51181209955818e-05,2.51181209955818e-05,60.40208376104,0.0015220841271937268,-0.006414326826925564,inf,0.3869690182541103,0.006414326826925564
1735433940.0,2.51181209955818e-05,2.51181209955818e-05,2.51181209955818e-05,2.51181209955818e-05,0.0,0.0,0.0,-1.0,0.3844868724991339,0.0
1735434000.0,2.51181209955818e-05,2.51181209955818e-05,2.51181209955818e-05,2.51181209955818e-05,0.0,0.0,0.0,0.0,0.3844868724991339,0.0
1735434060.0,2.51181209955818e-05,2.51181209955818e-05,2.51181209955818e-05,2.51181209955818e-05,0.0,0.0,0.0,0.0,0.3844868724991339,0.0
1735434120.0,2.51181209955818e-05,2.51181209955818e-05,2.51181209955818e-05,2.51181209955818e-05,0.0,0.0,0.0,0.0,0.3844868724991339,0.0
1735434180.0,2.51181209955818e-05,2.51181209955818e-05,2.51181209955818e-05,2.51181209955818e-05,0.0,0.0,0.0,0.0,0.3844868724991339,0.0
1735434240.0,2.51181209955818e-05,2.51181209955818e-05,2.50094760419551e-05,2.50094760419551e-05,3.69177559216,9.252991961840532e-05,-0.004325361504780243,inf,0.3844868724991339,0.004325361504780243
1735434300.0,2.50094760419551e-05,2.50094760419551e-05,2.48702792995626e-05,2.48790368630753e-05,57.3167450587,0.0014297235877676461,-0.005215590229118751,14.45147335763228,0.3828238277817328,0.00556576004067365
1735434360.0,2.48790368630753e-05,2.50270660309525e-05,2.47687577917521e-05,2.47687577917521e-05,101.13886180719,0.0025106607213131672,-0.004432610150068674,0.7560462335473418,0.38082717556608053,0.010382565877531042
1735434420.0,2.47687577917521e-05,2.47687577917521e-05,2.47687577917521e-05,2.47687577917521e-05,0.0,0.0,0.0,-1.0,0.37913911716224435,0.0
1735434480.0,2.47687577917521e-05,2.47687577917521e-05,2.47687577917521e-05,2.47687577917521e-05,0.0,0.0,0.0,0.0,0.37913911716224435,0.0
1735434540.0,2.47687577917521e-05,2.47687577917521e-05,2.47189797463648e-05,2.47189797463648e-05,2.23986423955,5.54229068039321e-05,-0.002009711016023369,inf,0.37913911716224435,0.002009711016023369
1735434600.0,2.47189797463648e-05,2.47189797463648e-05,2.47189797463648e-05,2.47189797463648e-05,0.0,0.0,0.0,-1.0,0.378377157101878,0.0
1735434660.0,2.47189797463648e-05,2.47189797463648e-05,2.4657072072612e-05,2.4657072072612e-05,10.46878632384,0.0002584536680038597,-0.0025044590993649383,inf,0.378377157101878,0.0025044590993649383
1735434720.0,2.4657072072612e-05,2.4657072072612e-05,2.44194918074235e-05,2.44194918074235e-05,80.88693955398,0.0019848265280407347,-0.009635380246643078,6.679622206062456,0.37742952698778237,0.009635380246643078
1735434780.0,2.44194918074235e-05,2.48602256260624e-05,2.44194918074235e-05,2.48602256260624e-05,205.42832982016,0.005061725023185215,0.018048443518587757,1.5502102837076412,0.37379284997894446,0.018048443518587757
1735434840.0,2.48602256260624e-05,2.71155224455304e-05,2.48602256260624e-05,2.71155224455304e-05,344.9349295408,0.008964125499452616,0.09071908088813344,0.770962558889009,0.3805392291194414,0.09071908088813344
1735434900.0,2.71155224455304e-05,2.73638248707392e-05,2.71155224455304e-05,2.73638248707392e-05,37.62794719496,0.0010249730020162392,0.0091572060139202,-0.8856583386657373,0.4150613982270359,0.0091572060139202
1735434960.0,2.73638248707392e-05,2.74640849369597e-05,2.73638248707392e-05,2.74640849369597e-05,19.336,0.000530076232020833,0.0036639638900668194,-0.4828388348004168,0.41886220095902665,0.0036639638900668194
1735435020.0,2.74640849369597e-05,2.75454950058716e-05,2.74640849369597e-05,2.75454950058716e-05,9.669,0.00026594381423361796,0.0029642374431467964,-0.498291381185403,0.42039689693825444,0.0029642374431467964
1735435080.0,2.75454950058716e-05,2.75454950058716e-05,2.75454950058716e-05,2.75454950058716e-05,0.0,0.0,0.0,-1.0,0.42164305316114153,0.0
1735435140.0,2.75454950058716e-05,2.85957324800625e-05,2.75454950058716e-05,2.85957324800625e-05,388.08161271351,0.010893689051228672,0.03812737705265533,inf,0.42164305316114153,0.03812737705265533
1735435200.0,2.85957324800625e-05,2.95048539471973e-05,2.85957324800625e-05,2.95048539471973e-05,4.47519555048,0.00013000574292977587,0.03179220772780193,-0.988065957976365,0.4377191968306492,0.03179220772780193
1735435260.0,2.95048539471973e-05,2.96671399240599e-05,2.95048539471973e-05,2.96671399240599e-05,9.55548,0.0002827084019984604,0.005500314529705194,1.1745839501195625,0.45163525646273583,0.005500314529705194
1735435320.0,2.96671399240599e-05,2.97463064968681e-05,2.96671399240599e-05,2.97463064968681e-05,22.9583808,0.000682018263786031,0.0026684935929397256,1.4124442675380593,0.4541193924259849,0.0026684935929397256
1735435380.0,2.97463064968681e-05,2.99152226594177e-05,2.96022979134114e-05,2.99152226594177e-05,70.45673355244,0.0021017782315477795,0.0056785592042287005,2.0817037360265886,0.45533120711510333,0.010519784903017967
1735435440.0,2.99152226594177e-05,2.99152226594177e-05,2.99152226594177e-05,2.99152226594177e-05,0.0,0.0,0.0,-1.0,0.4579168323322394,0.0
1735435500.0,2.99152226594177e-05,3.20538220150398e-05,2.98960501854704e-05,3.16491380226819e-05,404.97939321692,0.01246614871641215,0.05796097134240596,inf,0.4579168323322394,0.07212955939307071
1735435560.0,3.16491380226819e-05,3.23713779546821e-05,3.16491380226819e-05,3.23713779546821e-05,55.286847,0.0017697462358507894,0.02282020860987083,-0.8580358476294405,0.4844581367282536,0.02282020860987083
1735435620.0,3.23713779546821e-05,3.26793737339752e-05,3.23713779546821e-05,3.26793737339752e-05,48.23446495588,0.0015688441013400958,0.009514447600107695,-0.11352030615514302,0.4955135724711417,0.009514447600107695
1735435680.0,3.26793737339752e-05,3.34696819722535e-05,3.25588867719359e-05,3.34696819722535e-05,326.75001243216,0.010807102387192936,0.024183702071886717,5.88857635883743,0.5002281103915606,0.02787064427035476
1735435740.0,3.34696819722535e-05,3.47528429273226e-05,3.34696819722535e-05,3.47528429273226e-05,134.883,0.004601029413014762,0.03833800859335475,-0.5742587376180264,0.5123254779812529,0.03833800859335475
1735435800.0,3.47528429273226e-05,4.26555219396852e-05,3.47528429273226e-05,4.26555219396852e-05,1164.38055529761,0.04506639743426328,0.22739661986471707,8.794850975476407,0.5319670165586927,0.22739661986471707
1735435860.0,4.26555219396852e-05,4.26555219396852e-05,3.94418247037426e-05,4.16524181423888e-05,1240.80398143187,0.05230481386007847,-0.023516387836369484,0.16061670863249294,0.6529345180036574,0.07534070830235681
1735435920.0,4.16524181423888e-05,4.19308715274164e-05,4.06641490292962e-05,4.06641490292962e-05,267.30148133864,0.011001670171851531,-0.02372657236163806,-0.7896623778973328,0.6375798566465305,0.03041173969275693
1735435980.0,4.06641490292962e-05,4.09788406643176e-05,4.04165975710682e-05,4.04165975710682e-05,135.48834144165,0.005492747939867038,-0.006087707824640794,-0.5007350834857256,0.6224522720414838,0.013826505820749773
1735436040.0,4.04165975710682e-05,4.1819221756413e-05,4.04165975710682e-05,4.1819221756413e-05,305.14574041197,0.01254695498853462,0.03470416288452875,1.284276490728308,0.6186629644745114,0.03470416288452875
1735436100.0,4.1819221756413e-05,4.22691047988472e-05,4.1819221756413e-05,4.22691047988472e-05,95.8907683526,0.004031647121434119,0.010757805227812738,-0.678675254265419,0.6401331447642602,0.010757805227812738
1735436160.0,4.22691047988472e-05,4.72817256303188e-05,4.22691047988472e-05,4.70072083080257e-05,725.1217421547,0.03236809784660208,0.1120937746783728,7.028504695889219,0.6470195724555015,0.11858828937414151
1735436220.0,4.70072083080257e-05,4.81579860318973e-05,4.70072083080257e-05,4.81579860318973e-05,200.20112412754,0.009526089442334197,0.02448087783326461,-0.7056951110479227,0.7195464386228255,0.02448087783326461
1735436280.0,4.81579860318973e-05,4.81579860318973e-05,4.68310815032589e-05,4.68310815032589e-05,217.91408594532,0.010349727913360918,-0.02755315655765853,0.08646134135235488,0.7371615670821116,0.02755315655765853
1735436340.0,4.68310815032589e-05,4.69367614864423e-05,4.68310815032589e-05,4.69367614864423e-05,10.791935,0.0005059682333175305,0.002256620598780038,-0.9511128951840024,0.7168504390160092,0.002256620598780038
1735436400.0,4.69367614864423e-05,4.69367614864423e-05,4.69367614864423e-05,4.69367614864423e-05,0.0,0.0,0.0,-1.0,0.7184680984829372,0.0
1735436460.0,4.69367614864423e-05,4.69588973747651e-05,4.15972612837118e-05,4.15972612837118e-05,777.09133658358,0.03439951104379007,-0.11375945066582449,inf,0.7184680984829372,0.11423106156571992
1735436520.0,4.15972612837118e-05,4.17866715521592e-05,4.15972612837118e-05,4.17866715521592e-05,28.89236540996,0.0012045795284067735,0.004553431226049747,-0.9649826555129414,0.6367355622785988,0.004553431226049747
1735436580.0,4.17866715521592e-05,4.17866715521592e-05,4.17866715521592e-05,4.17866715521592e-05,0.0,0.0,0.0,-1.0,0.6396348938706146,0.0
1735436640.0,4.17866715521592e-05,4.17866715521592e-05,4.14653232588675e-05,4.14653232588675e-05,27.04697614135,0.0011258573586868164,-0.007690210331554796,inf,0.6396348938706146,0.007690210331554796
1735436700.0,4.14653232588675e-05,4.17997309264237e-05,4.13978100965576e-05,4.17997309264237e-05,60.60320593572,0.0025230646130200434,0.00806475486681962,1.2410162295896072,0.6347159670013478,0.009692938539437196
1735436760.0,4.17997309264237e-05,4.56882091886863e-05,4.17997309264237e-05,4.56882091886863e-05,571.50323130302,0.024999820237915235,0.09302639457433676,8.908513681697233,0.63983479568527,0.09302639457433676
1735436820.0,4.56882091886863e-05,5.09193988523848e-05,4.56882091886863e-05,4.93348745633656e-05,1715.14836190862,0.08148934322041872,0.07981633422354231,2.2595971668960373,0.699356319851078,0.11449758606415007
1735436880.0,4.93348745633656e-05,4.95317783441416e-05,4.93348745633656e-05,4.95317783441416e-05,47.62128703728,0.0023540786282617667,0.003991168164886973,-0.9711118222919741,0.7551763776176583,0.003991168164886973
1735436940.0,4.95317783441416e-05,4.95317783441416e-05,4.84497661522983e-05,4.84497661522983e-05,184.30809032576,0.00902939567665366,-0.02184480808109882,2.83563894946062,0.7581904135348806,0.02184480808109882
1735437000.0,4.84497661522983e-05,5.5226970846705e-05,4.84497661522983e-05,5.5213104318399e-05,965.1158763207,0.050023341038123115,0.13959485676031216,4.540054155281189,0.7416278894622821,0.13988106099631223
1735437060.0,5.5213104318399e-05,5.5213104318399e-05,5.39384784306162e-05,5.39384784306162e-05,260.05900045068,0.01419292575365929,-0.023085568245400173,-0.716273934145207,0.845155328461222,0.023085568245400173
1735437120.0,5.39384784306162e-05,5.462386016866e-05,5.39384784306162e-05,5.462386016866e-05,156.14428437915,0.008475694335555478,0.01270673103850052,-0.4028226115837862,0.8256444374480669,0.01270673103850052
1735437180.0,5.462386016866e-05,5.95719466051412e-05,5.462386016866e-05,5.95719466051412e-05,624.2955621221,0.03564596769091847,0.09058470824293961,3.2056693268637457,0.8361356792481536,0.09058470824293961
1735437240.0,5.95719466051412e-05,6.00438766556641e-05,5.95719466051412e-05,6.00438766556641e-05,102.81809301242,0.006149335420893335,0.007922018289094671,-0.8274886103748559,0.9118767858043597,0.007922018289094671
1735437300.0,6.00438766556641e-05,6.08527792044329e-05,5.93010574638716e-05,5.93010574638716e-05,253.25786618842,0.015112521677755586,-0.012371273028428402,1.4575861688091394,0.9191006903789026,0.02584313050704606
1735437360.0,5.93010574638716e-05,5.93010574638716e-05,5.87710633481762e-05,5.87710633481762e-05,33.23682133707,0.0019621709921594883,-0.008937346792142604,-0.8701625688949287,0.9077302447976082,0.008937346792142604
1735437420.0,5.87710633481762e-05,5.87710633481762e-05,5.3826344383396e-05,5.3826344383396e-05,639.34825952821,0.03599447833028445,-0.08413526458567377,17.344210812468663,0.8996175448061355,0.08413526458567377
1735437480.0,5.3826344383396e-05,5.3826344383396e-05,4.28811229141052e-05,4.28811229141052e-05,1557.11735420109,0.07529243780488674,-0.20334320665230074,1.0917774419177626,0.823927984647957,0.20334320665230074
1735437540.0,4.28811229141052e-05,4.28811229141052e-05,4.13657563576846e-05,4.13657563576846e-05,242.7484275966,0.010225398736573783,-0.03533877971097022,-0.8641908930738577,0.6563878261990739,0.03533877971097022
1735437600.0,4.13657563576846e-05,4.13657563576846e-05,4.0994685092818e-05,4.0994685092818e-05,85.24913962104,0.0035105783862321937,-0.008970493894950046,-0.6566805386595143,0.6331918814040621,0.008970493894950046
1735437660.0,4.0994685092818e-05,4.0994685092818e-05,4.0158972188593e-05,4.0158972188593e-05,184.83946401866,0.007500199257525018,-0.02038588422701195,1.1364568547847675,0.6275118374975951,0.02038588422701195
1735437720.0,4.0158972188593e-05,4.0158972188593e-05,4.0158972188593e-05,4.0158972188593e-05,0.0,0.0,0.0,-1.0,0.6147194538272895,0.0
1735437780.0,4.0158972188593e-05,4.0158972188593e-05,3.94669216161361e-05,3.94669216161361e-05,89.77836614448,0.0035743413242912254,-0.017232776008482466,inf,0.6147194538272895,0.017232776008482466
1735437840.0,3.94669216161361e-05,3.94669216161361e-05,3.91058036197662e-05,3.92316676015585e-05,21.83319120177,0.0008591206728497406,-0.005960789566151963,-0.759642240372749,0.6041261311714272,0.009149890125260223
1735437900.0,3.92316676015585e-05,4.20244351160534e-05,3.92316676015585e-05,4.20244351160534e-05,460.890146,0.018725068522455573,0.07118656139878074,20.79562093453497,0.6005250624321008,0.07118656139878074
1735437960.0,4.20244351160534e-05,4.33618826369179e-05,4.20244351160534e-05,4.33618826369179e-05,207.7056,0.008867608180335778,0.03182547289858973,-0.5264312026574686,0.6432743766604302,0.03182547289858973
1735438020.0,4.33618826369179e-05,4.41639583744566e-05,4.33618826369179e-05,4.41558599459829e-05,100.5809608512,0.004401309320258073,0.018310489784615903,-0.5036644345632991,0.663746887901194,0.01849725354996052
1735438080.0,4.41558599459829e-05,4.41558599459829e-05,4.27783828319383e-05,4.27783828319383e-05,209.90127493892,0.00912380419746763,-0.031195794074211344,1.0729750021142916,0.6759004185116794,0.031195794074211344
1735438140.0,4.27783828319383e-05,4.27783828319383e-05,4.24855968066954e-05,4.24855968066954e-05,71.85670218848,0.003063394196148962,-0.006844251836100328,-0.6642415674594128,0.6548151682411157,0.006844251836100328
1735438200.0,4.24855968066954e-05,5.33536106578736e-05,4.24855968066954e-05,5.33536106578736e-05,2057.585345217,0.09859867438815445,0.25580466482856334,31.18608774283907,0.6503334483235751,0.25580466482856334
1735438260.0,5.33536106578736e-05,5.33536106578736e-05,5.29605470395423e-05,5.31507685486399e-05,27.75388536576,0.0014779551657245042,-0.0038018440876365646,-0.9850103951711742,0.8166917780987911,0.007367141857592248
1735438320.0,5.31507685486399e-05,5.33474172323556e-05,5.31507685486399e-05,5.33474172323556e-05,47.67379875,0.0025385865380816454,0.0036998276616779465,0.7176343348935164,0.8135868432908048,0.0036998276616779465
1735438380.0,5.33474172323556e-05,5.47472874986522e-05,5.33474172323556e-05,5.43651640077381e-05,548.79125247168,0.0295558611828543,0.019077714127184182,10.642644731421692,0.8165969743987894,0.02624063804625142
1735438440.0,5.43651640077381e-05,5.43651640077381e-05,5.43651640077381e-05,5.43651640077381e-05,0.0,0.0,0.0,-1.0,0.832175778033493,0.0
1735438500.0,5.43651640077381e-05,5.43651640077381e-05,5.37140638890173e-05,5.37140638890173e-05,57.21951723446,0.003092120621662763,-0.011976421493516052,inf,0.832175778033493,0.011976421493516052
1735438560.0,5.37140638890173e-05,5.37140638890173e-05,5.0513178436196e-05,5.0513178436196e-05,666.24083596374,0.034720222528472705,-0.059591198674427165,10.228611938754895,0.8222092901590693,0.059591198674427165
1735438620.0,5.0513178436196e-05,5.0513178436196e-05,4.75478050881715e-05,4.76397609413958e-05,191.64488421048,0.009405254350968423,-0.05688451179981985,-0.729113073994398,0.7732128529972404,0.058704944725862115
1735438680.0,4.76397609413958e-05,4.76397609413958e-05,4.72529352535025e-05,4.72529352535025e-05,39.95541743804,0.0018957386441441357,-0.00811980749376883,-0.798438343780789,0.7292290173371465,0.00811980749376883
1735438740.0,4.72529352535025e-05,4.72529352535025e-05,4.72529352535025e-05,4.72529352535025e-05,0.0,0.0,0.0,-1.0,0.7233078180974987,0.0
1735438800.0,4.72529352535025e-05,4.72529352535025e-05,4.72529352535025e-05,4.72529352535025e-05,0.0,0.0,0.0,0.0,0.7233078180974987,0.0
1735438860.0,4.72529352535025e-05,4.72529352535025e-05,4.70814943531003e-05,4.70814943531003e-05,14.60376479162,0.0006888189108632307,-0.0036281534571864387,inf,0.7233078180974987,0.0036281534571864387
1735438920.0,4.70814943531003e-05,4.70814943531003e-05,4.70814943531003e-05,4.70814943531003e-05,0.0,0.0,0.0,-1.0,0.7206835463366582,0.0
1735438980.0,4.70814943531003e-05,4.76322175794507e-05,4.70814943531003e-05,4.76322175794507e-05,89.55108850248,0.0042408579998351355,0.011697233359249526,inf,0.7206835463366582,0.011697233359249526
1735439040.0,4.76322175794507e-05,4.76322175794507e-05,4.16820272135619e-05,4.16896365668716e-05,904.92443179776,0.04041476405524155,-0.12475969657862039,8.529855528483315,0.7291135499563297,0.12491944881558079
1735439100.0,4.16896365668716e-05,4.42291605305782e-05,4.07200267895238e-05,4.07200267895238e-05,1209.07569411976,0.049819760462404765,-0.02325781314482109,0.2327118969272676,0.6381495646924172,0.08417280720175217
1735439160.0,4.07200267895238e-05,4.07200267895238e-05,3.95822677294266e-05,4.02735152140058e-05,242.3976221689,0.009816320996346252,-0.01096540475835039,-0.8029633040135973,0.6233076013583521,0.02794101943935645
1735439220.0,4.02735152140058e-05,4.1166832098736e-05,3.99417177700406e-05,4.1166832098736e-05,366.14884785466,0.014909644668721885,0.022181249388916864,0.5188627872164558,0.6164727812205012,0.030419850916548526
1735439280.0,4.1166832098736e-05,4.1166832098736e-05,4.1166832098736e-05,4.1166832098736e-05,0.0,0.0,0.0,-1.0,0.6301469177222323,0.0
1735439340.0,4.1166832098736e-05,4.1166832098736e-05,3.88353441746338e-05,3.88353441746338e-05,273.83850202482,0.01095383805471259,-0.05663510659528724,inf,0.6301469177222323,0.05663510659528724
1735439400.0,3.88353441746338e-05,3.88353441746338e-05,3.81690784791009e-05,3.81690784791009e-05,24.23934962631,0.0009332685617380106,-0.01715616816827596,-0.9147998576319559,0.594458479866342,0.01715616816827596
1735439460.0,3.81690784791009e-05,3.81690784791009e-05,3.75480722619804e-05,3.75480722619804e-05,161.33003445039,0.00610772526877201,-0.016269877132625194,5.544445531731718,0.5842598502166974,0.016269877132625194
1735439520.0,3.75480722619804e-05,3.75480722619804e-05,3.75480722619804e-05,3.75480722619804e-05,0.0,0.0,0.0,-1.0,0.5747540142401457,0.0
1735439580.0,3.75480722619804e-05,3.75480722619804e-05,3.75480722619804e-05,3.75480722619804e-05,0.0,0.0,0.0,0.0,0.5747540142401457,0.0
1735439640.0,3.75480722619804e-05,3.96019240595246e-05,3.75480722619804e-05,3.96019240595246e-05,388.47408764156,0.014985387216273183,0.05469926080929169,inf,0.5747540142401457,0.05469926080929169
1735439700.0,3.96019240595246e-05,4.00195940137691e-05,3.96019240595246e-05,4.00195940137691e-05,38.674,0.0015396412949832802,0.010546708630032983,-0.8972571564042517,0.6061926339662548,0.010546708630032983
1735439760.0,4.00195940137691e-05,4.50739053769222e-05,4.00195940137691e-05,4.50739053769222e-05,774.05964278432,0.03293372187081313,0.12629591797993045,20.390516075480278,0.612585971050369,0.12629591797993045
1735439820.0,4.50739053769222e-05,4.62864043767e-05,4.49294027311058e-05,4.62864043767e-05,415.2264922323,0.018967610474126467,0.02690024282649811,-0.42406720538512405,0.6899530786058026,0.030106147542497796
1735439880.0,4.62864043767e-05,4.9282106446847e-05,4.62864043767e-05,4.9282106446847e-05,464.90458755122,0.022215119553652712,0.06472099335620446,0.17121340001979382,0.7085129839591886,0.06472099335620446
1735439940.0,4.9282106446847e-05,5.20001214835617e-05,4.9282106446847e-05,5.20001214835617e-05,615.41135231428,0.031165116428027974,0.05515216845786016,0.40287862744828945,0.7543686480867958,0.05515216845786016
1735440000.0,5.20001214835617e-05,5.20001214835617e-05,5.20001214835617e-05,5.20001214835617e-05,0.0,0.0,0.0,-1.0,0.795973714845407,0.0
1735440060.0,5.20001214835617e-05,5.28709881179651e-05,5.20001214835617e-05,5.28709881179651e-05,164.8505577,0.00864403045221476,0.016747396151347505,inf,0.795973714845407,0.016747396151347505
1735440120.0,5.28709881179651e-05,5.78491197255725e-05,5.28709881179651e-05,5.56952561933799e-05,881.37350898758,0.04784370585314652,0.05341810652589517,4.5348840008873506,0.8093042019739828,0.09415620522355764
1735440180.0,5.56952561933799e-05,5.71136214256638e-05,5.56952561933799e-05,5.69192428624226e-05,56.11090667268,0.0031594508232553717,0.02197649768937025,-0.9339630831910654,0.8525357000468835,0.025466535737966377
1735440240.0,5.69192428624226e-05,5.72176562910775e-05,5.69192428624226e-05,5.72176562910775e-05,48.4175,0.0027631116573822953,0.005242751197098389,-0.12544558787109225,0.8712714488890695,0.005242751197098389
1735440300.0,5.72176562910775e-05,5.75663138213043e-05,5.72176562910775e-05,5.74061697326609e-05,45.53731915522,0.0026098308742176935,0.0032946725504518918,-0.05547397361054031,0.8758393083207303,0.006093530438456166
1735440360.0,5.74061697326609e-05,5.87731298395889e-05,5.74061697326609e-05,5.87731298395889e-05,149.773226397,0.008700274268739728,0.02381207652929806,2.3336544351164776,0.8787249120484615,0.02381207652929806
1735440420.0,5.87731298395889e-05,6.16463294006205e-05,5.87731298395889e-05,6.16463294006205e-05,387.73992767552,0.023345716208262007,0.04888627794492992,1.683331063727918,0.8996491769023601,0.04888627794492992
1735440480.0,6.16463294006205e-05,6.72982444399602e-05,6.16463294006205e-05,6.72982444399602e-05,656.054984,0.04229736516393449,0.09168291274261678,0.8117827179345873,0.9436296766173363,0.09168291274261678
1735440540.0,6.72982444399602e-05,7.09068393647033e-05,6.72982444399602e-05,6.90734816627658e-05,1375.36263734064,0.09378028843567032,0.026378655752147886,1.2171662010671425,1.0301443939199872,0.05362093699134301
1735440600.0,6.90734816627658e-05,7.7409905322327e-05,6.78957890167789e-05,7.27004245370697e-05,2069.61811858817,0.14670892250709963,0.05250847050119102,0.5643897556119837,1.0573182182622076,0.13773905812361414
1735440660.0,7.27004245370697e-05,7.27004245370697e-05,6.05763778464036e-05,6.05763778464036e-05,1484.35941645489,0.09891533830645305,-0.16676720621465002,-0.32577148944934636,1.1128363807362005,0.16676720621465002
1735440720.0,6.05763778464036e-05,6.05763778464036e-05,5.237399977312e-05,5.42547122636235e-05,1312.26021285529,0.07534413537509459,-0.10435859335811065,-0.23829674279970312,0.9272517665468019,0.13540555518326639
1735440780.0,5.42547122636235e-05,5.45053018483203e-05,5.37192394421389e-05,5.45053018483203e-05,206.28238095428,0.01121763733181643,0.004618761656668348,-0.8511146584140844,0.8304850765011544,0.014488371118105385
1735440840.0,5.45053018483203e-05,5.45053018483203e-05,4.849796595144e-05,4.849796595144e-05,1069.80942525372,0.05509693336205828,-0.11021562477715977,3.911634396111881,0.8343208891289332,0.11021562477715977
1735440900.0,4.849796595144e-05,4.849796595144e-05,4.66639238291095e-05,4.67051816381708e-05,54.95110954853,0.0026157592962807864,-0.0369661753456686,-0.9525244122192453,0.7423656910689523,0.03781688749930014
1735440960.0,4.67051816381708e-05,4.67051816381708e-05,4.33928128260127e-05,4.33928128260127e-05,477.90504844185,0.021529143204459575,-0.07092079927703343,7.230552113518532,0.714923270762289,0.07092079927703343
1735441020.0,4.33928128260127e-05,4.36931206395383e-05,4.33928128260127e-05,4.36931206395383e-05,40.6539,0.001770191415257582,0.006920680959994659,-0.9177769687141613,0.6642203409780765,0.006920680959994659
1735441080.0,4.36931206395383e-05,4.51852254633358e-05,4.36931206395383e-05,4.51239555878009e-05,272.84623949608,0.012116702625833092,0.032747373667053305,5.844854472458268,0.6688171980451246,0.034149651065373494
1735441140.0,4.51239555878009e-05,4.51239555878009e-05,4.51239555878009e-05,4.51239555878009e-05,0.0,0.0,0.0,-1.0,0.6907192047444599,0.0
1735441200.0,4.51239555878009e-05,4.56234212291946e-05,4.51239555878009e-05,4.56234212291946e-05,96.76,0.004390358090406242,0.011068746852696739,inf,0.6907192047444599,0.011068746852696739
1735441260.0,4.56234212291946e-05,4.70545945209818e-05,4.56234212291946e-05,4.70545945209818e-05,228.4008,0.010583866469876446,0.031369267214695226,1.4107068835692889,0.6983646007680724,0.031369267214695226
1735441320.0,4.70545945209818e-05,4.79188106633617e-05,4.70545945209818e-05,4.79188106633617e-05,95.81715,0.004550040505279509,0.0183662435342959,-0.5700965693180532,0.72027178654285,0.0183662435342959
1735441380.0,4.79188106633617e-05,4.83737982573716e-05,4.79188106633617e-05,4.83737982573716e-05,33.58160925,0.001616830383219565,0.009494968420778857,-0.6446558263946173,0.7335004735853784,0.009494968420778857
1735441440.0,4.83737982573716e-05,4.83737982573716e-05,4.83737982573716e-05,4.83737982573716e-05,0.0,0.0,0.0,-1.0,0.7404650374186978,0.0
1735441500.0,4.83737982573716e-05,5.30687728605577e-05,4.81691112844104e-05,5.14151549459282e-05,1841.24750736566,0.09186808067410214,0.06287198438243648,inf,0.7404650374186978,0.10128751002926775
1735441560.0,5.14151549459282e-05,5.14151549459282e-05,4.94936589317654e-05,4.94936589317654e-05,42.04637019384,0.002121424672061402,-0.037372172002274016,-0.9769079243139186,0.7870195436870265,0.037372172002274016
1735441620.0,4.94936589317654e-05,4.95794474525524e-05,4.91779790691035e-05,4.91779790691035e-05,46.69418164444,0.0023036956939835006,-0.006378188023987366,0.08591915815940081,0.7576069139312037,0.0081115114969048
1735441680.0,4.91779790691035e-05,4.91779790691035e-05,4.87501250491573e-05,4.87859906367753e-05,93.2865255618,0.004569359182051432,-0.007970812134784686,0.9834907856906203,0.7527747545858777,0.008700113913688723
1735441740.0,4.87859906367753e-05,4.89094618498429e-05,4.87859906367753e-05,4.89094618498429e-05,15.53659010376,0.0007589271001429738,0.002530874364873933,-0.8339095111795851,0.746774528437265,0.002530874364873933
1735441800.0,4.89094618498429e-05,4.89094618498429e-05,4.85675820477875e-05,4.85675820477875e-05,42.05016634705,0.002049462955457027,-0.006990054462365637,1.7004740706596588,0.7486645209476277,0.006990054462365637
1735441860.0,4.85675820477875e-05,4.85675820477875e-05,4.76085934380494e-05,4.7980878502872e-05,121.73870868838,0.005876842456644143,-0.012080147295334147,1.8675036262529645,0.7434313151721629,0.01974544684548047
1735441920.0,4.7980878502872e-05,4.7980878502872e-05,4.55768986003081e-05,4.55768986003081e-05,419.70412886844,0.019633292668978945,-0.05010287384421286,2.3407893462895646,0.7344505553809192,0.05010287384421286
1735441980.0,4.55768986003081e-05,4.55768986003081e-05,4.38756334759006e-05,4.38756334759006e-05,130.37568535204,0.005831217587955525,-0.037327356109219854,-0.7029933956432595,0.6976524718598569,0.037327356109219854
1735442040.0,4.38756334759006e-05,4.38756334759006e-05,4.34425951116847e-05,4.34425951116847e-05,41.57606114784,0.0018151740055392586,-0.009869677766675475,-0.6887144102993978,0.6716109496022665,0.009869677766675475
1735442100.0,4.34425951116847e-05,4.38937077025632e-05,4.34425951116847e-05,4.38937077025632e-05,68.812580887,0.0030049182008884795,0.010384107802923722,0.6554436058022808,0.6649823659451213,0.010384107802923722
1735442160.0,4.38937077025632e-05,4.38937077025632e-05,4.38177325795179e-05,4.38177325795179e-05,27.42461612264,0.0012027262896499684,-0.0017308887086989883,-0.5997474109962952,0.6718876145201387,0.0017308887086989883
1735442220.0,4.38177325795179e-05,4.38177325795179e-05,4.38177325795179e-05,4.38177325795179e-05,0.0,0.0,0.0,-1.0,0.6707246518346511,0.0
1735442280.0,4.38177325795179e-05,4.38177325795179e-05,4.37040577797178e-05,4.37040577797178e-05,7.9560297879,0.00034816298559420917,-0.0025942647669824105,inf,0.6707246518346511,0.0025942647669824105
1735442340.0,4.37040577797178e-05,4.39736800824288e-05,4.37040577797178e-05,4.39736800824288e-05,24.09843540258,0.0010564481510576414,0.006169273893741964,2.034349413262881,0.6689846145020499,0.006169273893741964
1735442400.0,4.39736800824288e-05,4.39736800824288e-05,4.34806345931116e-05,4.34806345931116e-05,88.67969649215,0.0038777110411779506,-0.011212286267444287,2.6705171354560653,0.6731117638196125,0.011212286267444287
1735442460.0,4.34806345931116e-05,4.34806345931116e-05,4.04105013884865e-05,4.04105013884865e-05,430.11198671898,0.018041291582578636,-0.07060920875132487,3.65256214065351,0.6655646420336826,0.07060920875132487
1735442520.0,4.04105013884865e-05,4.04105013884865e-05,4.02537735641215e-05,4.02537735641215e-05,19.00905928204,0.0007666759922584499,-0.003878393461597987,-0.9575043733011454,0.6185696492868255,0.003878393461597987
1735442580.0,4.02537735641215e-05,4.02537735641215e-05,4.02134917625409e-05,4.02134917625409e-05,10.6523098038,0.0004285811196620908,-0.0010006962829567365,-0.44098794798622803,0.6161705928034885,0.0010006962829567365
1735442640.0,4.02134917625409e-05,4.02134917625409e-05,4.02134917625409e-05,4.02134917625409e-05,0.0,0.0,0.0,-1.0,0.6155539931816028,0.0
1735442700.0,4.02134917625409e-05,4.27242152147992e-05,4.02134917625409e-05,4.27242152147992e-05,386.4440447984,0.016025391475313896,0.0624348531354607,inf,0.6155539931816028,0.0624348531354607
1735442760.0,4.27242152147992e-05,4.27242152147992e-05,4.20011387976075e-05,4.20011387976075e-05,210.4481945709,0.008915148893145673,-0.016924276164146698,-0.44368604617997026,0.6539860163428426,0.016924276164146698
1735442820.0,4.20011387976075e-05,4.20011387976075e-05,4.20011387976075e-05,4.20011387976075e-05,0.0,0.0,0.0,-1.0,0.6429177763947661,0.0
1735442880.0,4.20011387976075e-05,4.20011387976075e-05,4.20011387976075e-05,4.20011387976075e-05,0.0,0.0,0.0,0.0,0.6429177763947661,0.0
1735442940.0,4.20011387976075e-05,4.20011387976075e-05,4.15770257871648e-05,4.15770257871648e-05,10.0464,0.00041982983634222825,-0.010097655029935974,inf,0.6429177763947661,0.010097655029935974
1735443000.0,4.15770257871648e-05,4.15770257871648e-05,4.14149256086866e-05,4.14149256086866e-05,13.75885167456,0.0005709369747189061,-0.003898792071082727,0.35992472496285727,0.6364258144761182,0.003898792071082727
1735443060.0,4.14149256086866e-05,4.16223938927101e-05,4.14069492493562e-05,4.16223938927101e-05,2.8898920101,0.00011998444308360362,0.005009505171729223,-0.7898464306981056,0.6339445225568064,0.005202101420863356
1735443120.0,4.16223938927101e-05,4.16223938927101e-05,4.16223938927101e-05,4.16223938927101e-05,0.0,0.0,0.0,-1.0,0.6371202709211441,0.0
1735443180.0,4.16223938927101e-05,4.16223938927101e-05,4.16223938927101e-05,4.16223938927101e-05,0.0,0.0,0.0,0.0,0.6371202709211441,0.0
1735443240.0,4.16223938927101e-05,4.28039472075357e-05,4.16223938927101e-05,4.28039472075357e-05,330.20422391948,0.01393896722068398,0.02838744253565245,inf,0.6371202709211441,0.02838744253565245
1735443300.0,4.28039472075357e-05,4.40364154524041e-05,4.28039472075357e-05,4.40364154524041e-05,23.66702498,0.001027626516172527,0.028793331579743245,-0.9262767104690772,0.6552064860002175,0.028793331579743245
1735443360.0,4.40364154524041e-05,4.41977570120891e-05,4.35493666223571e-05,4.41643120006141e-05,242.77281729126,0.010706369545453903,0.0029043360340769747,9.418541539129011,0.6740720636048201,0.014723959320276652
1735443420.0,4.41643120006141e-05,4.46984395284196e-05,4.41643120006141e-05,4.46984395284196e-05,14.97536066374,0.0006653758768597964,0.012094098234748309,-0.9378523341609925,0.6760297953887122,0.012094098234748309
1735443480.0,4.46984395284196e-05,4.473926713e-05,4.44112840878252e-05,4.44112840878252e-05,26.81191212705,0.001194601039632234,-0.006424283344652786,0.7953777423823741,0.68420576614376,0.007337684394245144
1735443540.0,4.44112840878252e-05,4.44112840878252e-05,4.3922781628988e-05,4.3922781628988e-05,110.66559685737,0.004887771052694639,-0.010999512148110159,3.0915509785588107,0.6798102344360073,0.010999512148110159
1735443600.0,4.3922781628988e-05,4.3922781628988e-05,4.3922781628988e-05,4.3922781628988e-05,0.0,0.0,0.0,-1.0,0.6723326535039189,0.0
1735443660.0,4.3922781628988e-05,4.3922781628988e-05,4.13174302903253e-05,4.13174302903253e-05,362.94772021352,0.015468870293316037,-0.059316628911845325,inf,0.6723326535039189,0.059316628911845325
1735443720.0,4.13174302903253e-05,4.13174302903253e-05,3.82022507718395e-05,3.82022507718395e-05,477.6670999883,0.0189919677224794,-0.07539625520261925,0.22775402226274166,0.6324521469907106,0.07539625520261925
1735443780.0,3.82022507718395e-05,3.83081361546381e-05,3.71510460080294e-05,3.71510460080294e-05,173.80201813044,0.006548277526561601,-0.02751682800284086,-0.6552080530965264,0.5847676235127546,0.030288533351590895
1735443840.0,3.71510460080294e-05,3.71510460080294e-05,3.71510460080294e-05,3.71510460080294e-05,0.0,0.0,0.0,-1.0,0.5686766733949241,0.0
1735443900.0,3.71510460080294e-05,3.71510460080294e-05,3.70136421128905e-05,3.70136421128905e-05,11.5830380361,0.00042952620172005457,-0.0036985202276459133,inf,0.5686766733949241,0.0036985202276459133
1735443960.0,3.70136421128905e-05,3.70136421128905e-05,3.70136421128905e-05,3.70136421128905e-05,0.0,0.0,0.0,-1.0,0.5665734112153825,0.0
1735444020.0,3.70136421128905e-05,4.31951228576483e-05,3.70136421128905e-05,4.31951228576483e-05,960.99558324656,0.0385401344371746,0.16700547127744056,inf,0.5665734112153825,0.16700547127744056
1735444080.0,4.31951228576483e-05,4.34102748173056e-05,4.31951228576483e-05,4.34102748173056e-05,5.77023255,0.0002498666423348567,0.004980931767837504,-0.993516715860393,0.6611942707686747,0.004980931767837504
1735444140.0,4.34102748173056e-05,4.34602473962716e-05,4.32187812138168e-05,4.32187812138168e-05,25.2586888501,0.001094068185834,-0.004411250661156015,3.378608427321778,0.6644876343166585,0.00556242003698489
1735444200.0,4.32187812138168e-05,4.32187812138168e-05,4.31932859766785e-05,4.31932859766785e-05,4.48378695714,0.00019372664990412408,-0.0005899110623265109,-0.8229300034380876,0.6615564128004492,0.0005899110623265109
1735444260.0,4.31932859766785e-05,4.34142767607759e-05,4.31932859766785e-05,4.34142767607759e-05,5.7542774,0.000249181970464608,0.005116322574224139,0.28625550789181003,0.6611661533541852,0.005116322574224139
1735444320.0,4.34142767607759e-05,4.34142767607759e-05,4.31524763157291e-05,4.33967469914988e-05,59.79381091664,0.0025953809698617287,-0.00040377890834610773,9.415604969422768,0.664548892669904,0.0060302846109677654
1735444380.0,4.33967469914988e-05,5.57406637569743e-05,4.33967469914988e-05,5.57406637569743e-05,1797.92994047152,0.08912105950275144,0.28444336548759325,33.33833434769287,0.6642805618434792,0.28444336548759325
1735444440.0,5.57406637569743e-05,5.57406637569743e-05,5.50410205735551e-05,5.50410205735551e-05,307.71687833973,0.017044697039703943,-0.012551755509579217,-0.8087466965181476,0.8532307604822278,0.012551755509579217
1735444500.0,5.50410205735551e-05,5.51448790758528e-05,5.42076894029936e-05,5.51448790758528e-05,150.829167195,0.008309623740376018,0.0018869290797199083,-0.512480408362814,0.8425212165834025,0.017027112925836276
1735444560.0,5.51448790758528e-05,5.51448790758528e-05,5.36548392709663e-05,5.36548392709663e-05,277.26775505229,0.015083326828171989,-0.027020456474968826,0.8151636342910341,0.8441109943672547,0.027020456474968826
1735444620.0,5.36548392709663e-05,5.36548392709663e-05,5.23491340622294e-05,5.23491340622294e-05,86.89332605436,0.004605518908949528,-0.024335273881687765,-0.6946615981066234,0.8213027299839116,0.024335273881687765
1735444680.0,5.23491340622294e-05,5.23491340622294e-05,5.17194501431128e-05,5.17194501431128e-05,85.84493918239,0.004466880640952516,-0.012028545082867511,-0.030102637886820376,0.8013161031099753,0.012028545082867511
1735444740.0,5.17194501431128e-05,5.30581431442445e-05,5.17194501431128e-05,5.2518019452367e-05,281.61434625908,0.014677383427915884,0.01544040601832542,2.2858239580778417,0.7916774362380893,0.025883743880250158
1735444800.0,5.2518019452367e-05,5.2518019452367e-05,5.2462451462037e-05,5.2462451462037e-05,2.98387836139,0.00015662447776501118,-0.0010580747505225165,-0.9893288556142019,0.8039012572891523,0.0010580747505225165
1735444860.0,5.2462451462037e-05,5.2462451462037e-05,5.2462451462037e-05,5.2462451462037e-05,0.0,0.0,0.0,-1.0,0.8030506696669013,0.0
1735444920.0,5.2462451462037e-05,5.2462451462037e-05,5.24404338071077e-05,5.24404338071077e-05,1.49131303762,7.822152024291526e-05,-0.00041968406575948773,inf,0.8030506696669013,0.00041968406575948773
1735444980.0,5.24404338071077e-05,5.24404338071077e-05,5.23985014144511e-05,5.23985014144511e-05,1.08491013996,5.6870411942239376e-05,-0.0007996194846679169,-0.2729569590870961,0.8027136420968446,0.0007996194846679169
1735445040.0,5.23985014144511e-05,5.26534161112513e-05,5.23754852550322e-05,5.24238996257532e-05,40.05945275482,0.0020995640110584293,0.0004847125512466942,35.91838935843929,0.8020717766280152,0.005304175667559289
1735445100.0,5.24238996257532e-05,5.24238996257532e-05,5.23578231445534e-05,5.23578231445534e-05,5.20172544512,0.00027252287675890677,-0.0012604266693533126,-0.8702002533271073,0.8024605508851476,0.0012604266693533126
1735445160.0,5.23578231445534e-05,5.23578231445534e-05,5.2319069470986e-05,5.2319069470986e-05,2.62391318336,0.00013733153926353642,-0.0007401696869712102,-0.4960733539260643,0.801449108205708,0.0007401696869712102
1735445220.0,5.2319069470986e-05,5.2319069470986e-05,5.22609715553284e-05,5.22609715553284e-05,12.766110835,0.0006675401974353883,-0.0011104539175686384,3.860793092505811,0.800855899870164,0.0011104539175686384
1735445280.0,5.22609715553284e-05,5.22609715553284e-05,5.21365003015049e-05,5.21365003015049e-05,9.96916508252,0.0005203778155692534,-0.0023817248344058157,-0.22045471183835164,0.7999665862987452,0.0023817248344058157
1735445340.0,5.21365003015049e-05,5.21365003015049e-05,5.2064309971299e-05,5.2064309971299e-05,18.21685115194,0.0009491053253256045,-0.0013846408905166267,0.8238773770310635,0.7980612860134627,0.0013846408905166267
1735445400.0,5.2064309971299e-05,5.2064309971299e-05,5.2064309971299e-05,5.2064309971299e-05,0.0,0.0,0.0,-1.0,0.7969562577237101,0.0
1735445460.0,5.2064309971299e-05,5.2064309971299e-05,5.2064309971299e-05,5.2064309971299e-05,0.0,0.0,0.0,0.0,0.7969562577237101,0.0
1735445520.0,5.2064309971299e-05,5.2064309971299e-05,5.2064309971299e-05,5.2064309971299e-05,0.0,0.0,0.0,0.0,0.7969562577237101,0.0
1735445580.0,5.2064309971299e-05,5.2064309971299e-05,5.2064309971299e-05,5.2064309971299e-05,0.0,0.0,0.0,0.0,0.7969562577237101,0.0
1735445640.0,5.2064309971299e-05,5.2064309971299e-05,5.2064309971299e-05,5.2064309971299e-05,0.0,0.0,0.0,0.0,0.7969562577237101,0.0
1735445700.0,5.2064309971299e-05,5.2064309971299e-05,5.20196666409954e-05,5.20196666409954e-05,3.2482088899,0.0001690432490640992,-0.0008574651297253709,inf,0.7969562577237101,0.0008574651297253709
1735445760.0,5.20196666409954e-05,5.20196666409954e-05,5.14328937000508e-05,5.14328937000508e-05,156.36611222397,0.008088237330072528,-0.011279828934585732,46.84714784442864,0.7962728955227957,0.011279828934585732
1735445820.0,5.14328937000508e-05,5.14328937000508e-05,5.14328937000508e-05,5.14328937000508e-05,0.0,0.0,0.0,-1.0,0.7872910734760512,0.0
1735445880.0,5.14328937000508e-05,5.14328937000508e-05,5.08044188832645e-05,5.08044188832645e-05,19.64774217384,0.0010043661790916335,-0.012219316697432469,inf,0.7872910734760512,0.012219316697432469
1735445940.0,5.08044188832645e-05,5.08044188832645e-05,4.92557839470806e-05,4.92557839470806e-05,304.11075530491,0.01521469192934937,-0.030482288159663088,14.148550644257861,0.7776709145161858,0.030482288159663088
1735446000.0,4.92557839470806e-05,4.92557839470806e-05,4.92557839470806e-05,4.92557839470806e-05,0.0,0.0,0.0,-1.0,0.7539657256065146,0.0
1735446060.0,4.92557839470806e-05,5.04690730759334e-05,4.87498060040773e-05,5.04690730759334e-05,480.8533229535,0.023976514440289486,0.024632419416089967,inf,0.7539657256065146,0.03490487683036871
1735446120.0,5.04690730759334e-05,5.24311388583147e-05,5.04690730759334e-05,5.24311388583147e-05,48.076875,0.002473560313318177,0.038876596354945246,-0.8968340323411783,0.772537725585011,0.038876596354945246
1735446180.0,5.24311388583147e-05,5.26089532870373e-05,5.24311388583147e-05,5.26089532870373e-05,9.15519653544,0.0004808313438457125,0.003391389784668122,-0.8056116354807223,0.8025713629115468,0.003391389784668122
1735446240.0,5.26089532870373e-05,5.33755403659136e-05,5.2100629694339e-05,5.33755403659136e-05,656.63206615056,0.03479640852362903,0.014571418570024669,71.36718023689068,0.8052931952331923,0.024233720534575447
1735446300.0,5.33755403659136e-05,5.33755403659136e-05,5.10880855984154e-05,5.10880855984154e-05,115.33104,0.006023949312318534,-0.04285586153913671,-0.8268801417184225,0.8170274594525277,0.04285586153913671
1735446360.0,5.10880855984154e-05,5.10880855984154e-05,5.10880855984154e-05,5.10880855984154e-05,0.0,0.0,0.0,-1.0,0.7820130437765576,0.0
1735446420.0,5.10880855984154e-05,5.10880855984154e-05,5.10880855984154e-05,5.10880855984154e-05,0.0,0.0,0.0,0.0,0.7820130437765576,0.0
1735446480.0,5.10880855984154e-05,5.12139026034829e-05,5.10880855984154e-05,5.12139026034829e-05,8.56094668544,0.0004379009334054816,0.00246274652091094,inf,0.7820130437765576,0.00246274652091094
1735446540.0,5.12139026034829e-05,5.12139026034829e-05,5.10327880177285e-05,5.10327880177285e-05,40.84202434884,0.0020879809139699133,-0.0035364339866199713,3.768158171602966,0.7839389436794253,0.0035364339866199713
1735446600.0,5.10327880177285e-05,5.10327880177285e-05,5.00549668163369e-05,5.00549668163369e-05,217.35057415662,0.010985740776693877,-0.01916064630942577,4.2614181974520555,0.7811665953555624,0.01916064630942577
1735446660.0,5.00549668163369e-05,5.00549668163369e-05,5.00549668163369e-05,5.00549668163369e-05,0.0,0.0,0.0,-1.0,0.7661989385132161,0.0
1735446720.0,5.00549668163369e-05,5.00549668163369e-05,4.78405881532437e-05,4.78405881532437e-05,354.10196690676,0.017332504283078667,-0.044238939788298355,inf,0.7661989385132161,0.044238939788298355
1735446780.0,4.78405881532437e-05,4.78405881532437e-05,3.97938738769978e-05,3.97938738769978e-05,1032.54838505189,0.04524341112210851,-0.1681984813913772,1.6103216467269896,0.7323031098064718,0.1681984813913772
1735446840.0,3.97938738769978e-05,4.06139827397006e-05,3.97938738769978e-05,4.06139827397006e-05,192.31134,0.0077316713262425675,0.02060892249992398,-0.8291094518630485,0.6091308388188403,0.02060892249992398
1735446900.0,4.06139827397006e-05,4.13732463526721e-05,4.06139827397006e-05,4.07381283152787e-05,127.21963658126,0.005174793001766385,0.0030567200555967383,-0.330701890521098,0.6216843690683715,0.018694635732666394
1735446960.0,4.07381283152787e-05,4.07381283152787e-05,4.07175421805129e-05,4.07175421805129e-05,0.86831689309,3.536466736473427e-05,-0.00050532843842215,-0.9931659744935377,0.6235846841475537,0.00050532843842215
1735447020.0,4.07175421805129e-05,4.07175421805129e-05,3.97723349312878e-05,3.97723349312878e-05,233.86213594565,0.009411767291684298,-0.02321375993262841,265.13476085087495,0.6232695690728896,0.02321375993262841
1735447080.0,3.97723349312878e-05,3.97723349312878e-05,3.92070959356888e-05,3.92070959356888e-05,13.46123174592,0.0005315802110306197,-0.014211863512049958,-0.943519618095499,0.6088011389231187,0.014211863512049958
1735447140.0,3.92070959356888e-05,3.92070959356888e-05,3.92070959356888e-05,3.92070959356888e-05,0.0,0.0,0.0,-1.0,0.6001489402307628,0.0
1735447200.0,3.92070959356888e-05,3.92070959356888e-05,3.86120617566224e-05,3.86120617566224e-05,111.37230298119,0.004333449404124543,-0.015176696076711009,inf,0.6001489402307628,0.015176696076711009
1735447260.0,3.86120617566224e-05,3.86120617566224e-05,3.86120617566224e-05,3.86120617566224e-05,0.0,0.0,0.0,-1.0,0.5910406621641203,0.0
1735447320.0,3.86120617566224e-05,3.86120617566224e-05,3.78695569443466e-05,3.78695569443466e-05,90.44705707833,0.0034587686660448075,-0.01922986700259422,inf,0.5910406621641203,0.01922986700259422
1735447380.0,3.78695569443466e-05,3.78695569443466e-05,3.78695569443466e-05,3.78695569443466e-05,0.0,0.0,0.0,-1.0,0.579675028837579,0.0
1735447440.0,3.78695569443466e-05,3.78695569443466e-05,3.78695569443466e-05,3.78695569443466e-05,0.0,0.0,0.0,0.0,0.579675028837579,0.0
1735447500.0,3.78695569443466e-05,3.78695569443466e-05,3.73436631281292e-05,3.73436631281292e-05,156.09488033288,0.005870199293331838,-0.013886980959144934,inf,0.579675028837579,0.013886980959144934
1735447560.0,3.73436631281292e-05,3.73436631281292e-05,3.73436631281292e-05,3.73436631281292e-05,0.0,0.0,0.0,-1.0,0.5716250927496198,0.0
1735447620.0,3.73436631281292e-05,3.73436631281292e-05,3.73436631281292e-05,3.73436631281292e-05,0.0,0.0,0.0,0.0,0.5716250927496198,0.0
1735447680.0,3.73436631281292e-05,3.73436631281292e-05,3.73436631281292e-05,3.73436631281292e-05,0.0,0.0,0.0,0.0,0.5716250927496198,0.0
1735447740.0,3.73436631281292e-05,3.80489685006489e-05,3.73436631281292e-05,3.80489685006489e-05,315.6515086527,0.011898898957460538,0.018886882363407603,inf,0.5716250927496198,0.018886882363407603
1735447800.0,3.80489685006489e-05,3.80489685006489e-05,3.80489685006489e-05,3.80489685006489e-05,0.0,0.0,0.0,-1.0,0.5824213086323539,0.0
1735447860.0,3.80489685006489e-05,3.80489685006489e-05,3.80489685006489e-05,3.80489685006489e-05,0.0,0.0,0.0,0.0,0.5824213086323539,0.0
1735447920.0,3.80489685006489e-05,3.80489685006489e-05,3.78521615055127e-05,3.78521615055127e-05,314.01881196272,0.011917191335581412,-0.005172465979802892,inf,0.5824213086323539,0.005172465979802892
1735447980.0,3.78521615055127e-05,3.78521615055127e-05,3.53070307085632e-05,3.53070307085632e-05,283.50581967008,0.01037052837752626,-0.06723871757175172,-0.12978418441912962,0.5794087542275407,0.06723871757175172
1735448040.0,3.53070307085632e-05,3.53070307085632e-05,3.48990556782442e-05,3.48990556782442e-05,71.91107411424,0.0025242975407162214,-0.011555064873242153,-0.7565893029918735,0.5404500526434346,0.011555064873242153
1735448100.0,3.48990556782442e-05,3.48990556782442e-05,3.46488102260751e-05,3.46488102260751e-05,16.10713878501,0.0005601085641610679,-0.007170550815938029,-0.7781130967619024,0.5342051172243926,0.007170550815938029
1735448160.0,3.46488102260751e-05,3.46488102260751e-05,3.46488102260751e-05,3.46488102260751e-05,0.0,0.0,0.0,-1.0,0.5303745722852009,0.0
1735448220.0,3.46488102260751e-05,3.46488102260751e-05,3.46488102260751e-05,3.46488102260751e-05,0.0,0.0,0.0,0.0,0.5303745722852009,0.0
1735448280.0,3.46488102260751e-05,3.46488102260751e-05,3.00587899699261e-05,3.00587899699261e-05,805.91398907568,0.026074380098736787,-0.13247266576255373,inf,0.5303745722852009,0.13247266576255373
1735448340.0,3.00587899699261e-05,3.00587899699261e-05,3.00587899699261e-05,3.00587899699261e-05,0.0,0.0,0.0,-1.0,0.4601144388419061,0.0
1735448400.0,3.00587899699261e-05,3.00587899699261e-05,3.00587899699261e-05,3.00587899699261e-05,0.0,0.0,0.0,0.0,0.4601144388419061,0.0
1735448460.0,3.00587899699261e-05,3.00587899699261e-05,2.96497786452653e-05,2.9899414518372e-05,89.17655610458,0.002673433093240298,-0.005302124660159488,inf,0.4601144388419061,0.01360704556204744
1735448520.0,2.9899414518372e-05,2.9899414518372e-05,2.9899414518372e-05,2.9899414518372e-05,0.0,0.0,0.0,-1.0,0.457674854729227,0.0
1735448580.0,2.9899414518372e-05,2.9899414518372e-05,2.9899414518372e-05,2.9899414518372e-05,0.0,0.0,0.0,0.0,0.457674854729227,0.0
1735448640.0,2.9899414518372e-05,2.9899414518372e-05,2.94011040569775e-05,2.94011040569775e-05,8.0949844569,0.00024001838807678196,-0.01666622806571368,inf,0.457674854729227,0.01666622806571368
1735448700.0,2.94011040569775e-05,2.95785165420195e-05,2.93620732350909e-05,2.93620732350909e-05,50.85009746645,0.0014940566463699798,-0.0013275291230888016,5.224759104256757,0.4500471412203673,0.007361740787323715
1735448760.0,2.93620732350909e-05,2.93620732350909e-05,2.93620732350909e-05,2.93620732350909e-05,0.0,0.0,0.0,-1.0,0.4494496905336344,0.0
1735448820.0,2.93620732350909e-05,2.93620732350909e-05,2.91411153535413e-05,2.91411153535413e-05,50.5953509274,0.0014799946785068545,-0.0075252820119504045,inf,0.4494496905336344,0.0075252820119504045
1735448880.0,2.91411153535413e-05,2.91411153535413e-05,2.91411153535413e-05,2.91411153535413e-05,0.0,0.0,0.0,-1.0,0.44606745486218496,0.0
1735448940.0,2.91411153535413e-05,2.91411153535413e-05,2.89883742048169e-05,2.89883742048169e-05,3.0253711296,8.793163974412077e-05,-0.005241431114469555,inf,0.44606745486218496,0.005241431114469555
1735449000.0,2.89883742048169e-05,2.89883742048169e-05,2.89883742048169e-05,2.89883742048169e-05,0.0,0.0,0.0,-1.0,0.4437294230251181,0.0
1735449060.0,2.89883742048169e-05,2.89883742048169e-05,2.89883742048169e-05,2.89883742048169e-05,0.0,0.0,0.0,0.0,0.4437294230251181,0.0
1735449120.0,2.89883742048169e-05,2.89883742048169e-05,2.89781037960646e-05,2.89781037960646e-05,7.73661961835,0.00022423229545413676,-0.000354294058705551,inf,0.4437294230251181,0.000354294058705551
1735449180.0,2.89781037960646e-05,2.89781037960646e-05,2.89781037960646e-05,2.89781037960646e-05,0.0,0.0,0.0,-1.0,0.44357221232686744,0.0
1735449240.0,2.89781037960646e-05,2.89781037960646e-05,2.89392397691641e-05,2.89392397691641e-05,6.88976185936,0.000199518352345581,-0.001341151483686084,inf,0.44357221232686744,0.001341151483686084
1735449300.0,2.89392397691641e-05,2.89392397691641e-05,2.89392397691641e-05,2.89392397691641e-05,0.0,0.0,0.0,-1.0,0.44297731479618335,0.0
1735449360.0,2.89392397691641e-05,2.89392397691641e-05,2.89392397691641e-05,2.89392397691641e-05,0.0,0.0,0.0,0.0,0.44297731479618335,0.0
1735449420.0,2.89392397691641e-05,2.89392397691641e-05,2.89392397691641e-05,2.89392397691641e-05,0.0,0.0,0.0,0.0,0.44297731479618335,0.0
1735449480.0,2.89392397691641e-05,2.89392397691641e-05,2.89392397691641e-05,2.89392397691641e-05,0.0,0.0,0.0,0.0,0.44297731479618335,0.0
1735449540.0,2.89392397691641e-05,2.89392397691641e-05,2.89392397691641e-05,2.89392397691641e-05,0.0,0.0,0.0,0.0,0.44297731479618335,0.0
1735449600.0,2.89392397691641e-05,2.89392397691641e-05,2.89392397691641e-05,2.89392397691641e-05,0.0,0.0,0.0,0.0,0.44297731479618335,0.0
1735449660.0,2.89392397691641e-05,2.89392397691641e-05,2.89261196333877e-05,2.89261196333877e-05,7.59881855904,0.0002198541834768152,-0.0004533683635455946,inf,0.44297731479618335,0.0004533683635455946
1735449720.0,2.89261196333877e-05,2.89261196333877e-05,2.89261196333877e-05,2.89261196333877e-05,0.0,0.0,0.0,-1.0,0.4427764828958864,0.0
1735449780.0,2.89261196333877e-05,2.89261196333877e-05,2.89261196333877e-05,2.89261196333877e-05,0.0,0.0,0.0,0.0,0.4427764828958864,0.0
1735449840.0,2.89261196333877e-05,2.89261196333877e-05,2.89261196333877e-05,2.89261196333877e-05,0.0,0.0,0.0,0.0,0.4427764828958864,0.0
1735449900.0,2.89261196333877e-05,2.89261196333877e-05,2.87744166553374e-05,2.87744166553374e-05,44.8083288282,0.0012927323017943406,-0.005244498051345849,inf,0.4427764828958864,0.005244498051345849
1735449960.0,2.87744166553374e-05,2.87744166553374e-05,2.87744166553374e-05,2.87744166553374e-05,0.0,0.0,0.0,-1.0,0.44045434249415716,0.0
1735450020.0,2.87744166553374e-05,2.87744166553374e-05,2.79570801916921e-05,2.79570801916921e-05,151.52275436846,0.0042980563308537565,-0.028404970757024636,inf,0.44045434249415716,0.028404970757024636
1735450080.0,2.79570801916921e-05,2.79570801916921e-05,2.79570801916921e-05,2.79570801916921e-05,0.0,0.0,0.0,-1.0,0.4279432497758061,0.0
1735450140.0,2.79570801916921e-05,2.79570801916921e-05,2.79570801916921e-05,2.79570801916921e-05,0.0,0.0,0.0,0.0,0.4279432497758061,0.0
1735450200.0,2.79570801916921e-05,2.79570801916921e-05,2.79570801916921e-05,2.79570801916921e-05,0.0,0.0,0.0,0.0,0.4279432497758061,0.0
1735450260.0,2.79570801916921e-05,2.81015145658141e-05,2.79570801916921e-05,2.81015145658141e-05,48.555,0.0013609625342253567,0.005166289652984587,inf,0.4279432497758061,0.005166289652984587
1735450320.0,2.81015145658141e-05,2.81015145658141e-05,2.81015145658141e-05,2.81015145658141e-05,0.0,0.0,0.0,-1.0,0.43015412855918744,0.0
1735450380.0,2.81015145658141e-05,2.81015145658141e-05,2.80801986400971e-05,2.80801986400971e-05,0.4158342902,1.1681141416600024e-05,-0.0007585329846573574,inf,0.43015412855918744,0.0007585329846573574
1735450440.0,2.80801986400971e-05,2.80801986400971e-05,2.80801986400971e-05,2.80801986400971e-05,0.0,0.0,0.0,-1.0,0.42982784246418876,0.0
1735450500.0,2.80801986400971e-05,2.80801986400971e-05,2.80801986400971e-05,2.80801986400971e-05,0.0,0.0,0.0,0.0,0.42982784246418876,0.0
1735450560.0,2.80801986400971e-05,2.80801986400971e-05,2.80801986400971e-05,2.80801986400971e-05,0.0,0.0,0.0,0.0,0.42982784246418876,0.0
1735450620.0,2.80801986400971e-05,2.80801986400971e-05,2.80801986400971e-05,2.80801986400971e-05,0.0,0.0,0.0,0.0,0.42982784246418876,0.0
1735450680.0,2.80801986400971e-05,2.80801986400971e-05,2.80801986400971e-05,2.80801986400971e-05,0.0,0.0,0.0,0.0,0.42982784246418876,0.0
1735450740.0,2.80801986400971e-05,2.80801986400971e-05,2.80801986400971e-05,2.80801986400971e-05,0.0,0.0,0.0,0.0,0.42982784246418876,0.0
1735450800.0,2.80801986400971e-05,2.80801986400971e-05,2.8004165342828e-05,2.8004165342828e-05,46.27446832413,0.0012976370623034223,-0.002707719352117714,inf,0.42982784246418876,0.002707719352117714
1735450860.0,2.8004165342828e-05,2.8004165342828e-05,2.8004165342828e-05,2.8004165342828e-05,0.0,0.0,0.0,-1.0,0.42866398929706945,0.0
1735450920.0,2.8004165342828e-05,2.8004165342828e-05,2.8004165342828e-05,2.8004165342828e-05,0.0,0.0,0.0,0.0,0.42866398929706945,0.0
1735450980.0,2.8004165342828e-05,2.8004165342828e-05,2.8004165342828e-05,2.8004165342828e-05,0.0,0.0,0.0,0.0,0.42866398929706945,0.0
1735451040.0,2.8004165342828e-05,2.8004165342828e-05,2.78578038663153e-05,2.78578038663153e-05,4.62040943853,0.00012905258489439897,-0.005226418096055926,inf,0.42866398929706945,0.005226418096055926
1735451100.0,2.78578038663153e-05,2.78578038663153e-05,2.78578038663153e-05,2.78578038663153e-05,0.0,0.0,0.0,-1.0,0.4264236120662797,0.0
1735451160.0,2.78578038663153e-05,2.78578038663153e-05,2.78578038663153e-05,2.78578038663153e-05,0.0,0.0,0.0,0.0,0.4264236120662797,0.0
1735451220.0,2.78578038663153e-05,2.78578038663153e-05,2.78578038663153e-05,2.78578038663153e-05,0.0,0.0,0.0,0.0,0.4264236120662797,0.0
1735451280.0,2.78578038663153e-05,2.78578038663153e-05,2.78578038663153e-05,2.78578038663153e-05,0.0,0.0,0.0,0.0,0.4264236120662797,0.0
1735451340.0,2.78578038663153e-05,2.78578038663153e-05,2.78578038663153e-05,2.78578038663153e-05,0.0,0.0,0.0,0.0,0.4264236120662797,0.0
1735451400.0,2.78578038663153e-05,2.78578038663153e-05,2.78578038663153e-05,2.78578038663153e-05,0.0,0.0,0.0,0.0,0.4264236120662797,0.0
1735451460.0,2.78578038663153e-05,2.78578038663153e-05,2.78578038663153e-05,2.78578038663153e-05,0.0,0.0,0.0,0.0,0.4264236120662797,0.0
1735451520.0,2.78578038663153e-05,2.78578038663153e-05,2.78578038663153e-05,2.78578038663153e-05,0.0,0.0,0.0,0.0,0.4264236120662797,0.0
1735451580.0,2.78578038663153e-05,2.78578038663153e-05,2.78578038663153e-05,2.78578038663153e-05,0.0,0.0,0.0,0.0,0.4264236120662797,0.0
1735451640.0,2.78578038663153e-05,2.78578038663153e-05,2.78578038663153e-05,2.78578038663153e-05,0.0,0.0,0.0,0.0,0.4264236120662797,0.0
1735451700.0,2.78578038663153e-05,2.78578038663153e-05,2.78578038663153e-05,2.78578038663153e-05,0.0,0.0,0.0,0.0,0.4264236120662797,0.0
1735451760.0,2.78578038663153e-05,2.78578038663153e-05,2.78578038663153e-05,2.78578038663153e-05,0.0,0.0,0.0,0.0,0.4264236120662797,0.0
1735451820.0,2.78578038663153e-05,2.78578038663153e-05,2.78578038663153e-05,2.78578038663153e-05,0.0,0.0,0.0,0.0,0.4264236120662797,0.0
1735451880.0,2.78578038663153e-05,2.78578038663153e-05,2.78470372615451e-05,2.78470372615451e-05,16.33439119525,0.0004549523332258615,-0.0003864843338645265,inf,0.4264236120662797,0.0003864843338645265
1735451940.0,2.78470372615451e-05,2.78470372615451e-05,2.78470372615451e-05,2.78470372615451e-05,0.0,0.0,0.0,-1.0,0.4262588060206262,0.0
1735452000.0,2.78470372615451e-05,2.78470372615451e-05,2.78049007916188e-05,2.78049007916188e-05,4.02614180624,0.00011203129719706095,-0.001513140142362176,inf,0.4262588060206262,0.001513140142362176
1735452060.0,2.78049007916188e-05,2.98419316175229e-05,2.78049007916188e-05,2.98419316175229e-05,706.0766441814,0.020351540987567168,0.07326157504284711,180.65942461390222,0.425613816710201,0.07326157504284711
1735452120.0,2.98419316175229e-05,3.1656235668137e-05,2.98419316175229e-05,3.1656235668137e-05,23.8836795156,0.0007344012591237289,0.06079713853203649,-0.9639142186052458,0.45679495528238795,0.06079713853203649
1735452180.0,3.1656235668137e-05,3.30447451047768e-05,3.1656235668137e-05,3.30447451047768e-05,253.40359339816,0.008197730512120808,0.04386211459871641,10.162467942800312,0.4845667814594267,0.04386211459871641
1735452240.0,3.30447451047768e-05,3.57984739723169e-05,3.30447451047768e-05,3.57984739723169e-05,473.24179183864,0.01628974417599193,0.08333333662610196,0.987104132284737,0.5058209051585313,0.08333333662610196
1735452300.0,3.57984739723169e-05,3.90565566335903e-05,3.57531501920067e-05,3.90565566335903e-05,592.62702449041,0.022180557028058677,0.09101177507714132,0.36162709422709743,0.5479726489206268,0.0922778564286885
1735452360.0,3.90565566335903e-05,3.90565566335903e-05,3.84399377545622e-05,3.84944367205631e-05,332.42924612211,0.012890109128370988,-0.014392459588814664,-0.4188554817597754,0.5978446123926162,0.01578784542664436
1735452420.0,3.84944367205631e-05,3.89693492242774e-05,3.84944367205631e-05,3.89693492242774e-05,5.6434,0.00021857956480055642,0.01233717243771501,-0.9830428460594282,0.5892401579683648,0.01233717243771501
1735452480.0,3.89693492242774e-05,3.89693492242774e-05,3.89693492242774e-05,3.89693492242774e-05,0.0,0.0,0.0,-1.0,0.596509715404447,0.0
1735452540.0,3.89693492242774e-05,3.89693492242774e-05,3.87419128432648e-05,3.87419128432648e-05,10.3204496821,0.0004010075849502778,-0.005836288917827501,inf,0.596509715404447,0.005836288917827501
1735452600.0,3.87419128432648e-05,3.87419128432648e-05,3.87419128432648e-05,3.87419128432648e-05,0.0,0.0,0.0,-1.0,0.5930283123630556,0.0
1735452660.0,3.87419128432648e-05,3.87419128432648e-05,3.87419128432648e-05,3.87419128432648e-05,0.0,0.0,0.0,0.0,0.5930283123630556,0.0
1735452720.0,3.87419128432648e-05,3.95093775716874e-05,3.87419128432648e-05,3.95093775716874e-05,194.44,0.007607590454141652,0.019809675674184592,inf,0.5930283123630556,0.019809675674184592
1735452780.0,3.95093775716874e-05,3.98948479081861e-05,3.95093775716874e-05,3.98948479081861e-05,14.12381088488,0.0005607451320690515,0.009756426453423336,-0.9262913618379949,0.6047760108965767,0.009756426453423336
1735452840.0,3.98948479081861e-05,3.98948479081861e-05,3.98948479081861e-05,3.98948479081861e-05,0.0,0.0,0.0,-1.0,0.610676463567684,0.0
1735452900.0,3.98948479081861e-05,4.11138231052223e-05,3.98948479081861e-05,4.11138231052223e-05,262.130688,0.0106174293333552,0.03055470219717448,inf,0.610676463567684,0.03055470219717448
1735452960.0,4.11138231052223e-05,4.19209830704783e-05,4.11138231052223e-05,4.19209830704783e-05,34.61532088056,0.0014371382300134906,0.01963232568253852,-0.8646434852644936,0.6293355010508183,0.01963232568253852
1735453020.0,4.19209830704783e-05,4.21553827038994e-05,4.19209830704783e-05,4.21553827038994e-05,44.735,0.0018805781114583932,0.0055914631826983535,0.3085575710004876,0.6416908205710314,0.0055914631826983535
1735453080.0,4.21553827038994e-05,4.21553827038994e-05,4.20539858448442e-05,4.20539858448442e-05,5.3173728504,0.00022388630503520843,-0.002405312265041291,-0.8809481490446658,0.6452788111689298,0.002405312265041291
1735453140.0,4.20539858448442e-05,4.22714880049441e-05,4.20539858448442e-05,4.22714880049441e-05,4.66656,0.000196754941624234,0.005171974920578585,-0.12118366689158469,0.643726714130054,0.005171974920578585
1735453200.0,4.22714880049441e-05,4.36401869967491e-05,4.22714880049441e-05,4.36401869967491e-05,298.01122937014,0.012801321942251255,0.032378774829145265,64.06226393388097,0.6470560525512411,0.032378774829145265
1735453260.0,4.36401869967491e-05,4.36401869967491e-05,4.36401869967491e-05,4.36401869967491e-05,0.0,0.0,0.0,-1.0,0.6680069347786333,0.0
1735453320.0,4.36401869967491e-05,4.36401869967491e-05,4.36401869967491e-05,4.36401869967491e-05,0.0,0.0,0.0,0.0,0.6680069347786333,0.0
1735453380.0,4.36401869967491e-05,4.36401869967491e-05,4.36401869967491e-05,4.36401869967491e-05,0.0,0.0,0.0,0.0,0.6680069347786333,0.0
1735453440.0,4.36401869967491e-05,4.66206541707712e-05,4.36401869967491e-05,4.66206541707712e-05,369.70033496838,0.01668473160708,0.06829638869888718,inf,0.6680069347786333,0.06829638869888718
1735453500.0,4.66206541707712e-05,4.66206541707712e-05,4.66206541707712e-05,4.66206541707712e-05,0.0,0.0,0.0,-1.0,0.713629396049827,0.0
1735453560.0,4.66206541707712e-05,4.66206541707712e-05,4.64493691744756e-05,4.64493691744756e-05,54.3568661142,0.0025294973991115246,-0.003674015290909165,inf,0.713629396049827,0.003674015290909165
1735453620.0,4.64493691744756e-05,4.64493691744756e-05,4.50189784453336e-05,4.50189784453336e-05,365.11370569863,0.0166981736767995,-0.030794621209366456,5.601380053865508,0.7110075107366977,0.030794621209366456
1735453680.0,4.50189784453336e-05,4.50189784453336e-05,4.50189784453336e-05,4.50189784453336e-05,0.0,0.0,0.0,-1.0,0.6891123037665465,0.0
1735453740.0,4.50189784453336e-05,4.50189784453336e-05,4.4056485708213e-05,4.4056485708213e-05,11.6844,0.00052039667667785,-0.021379710743311284,inf,0.6891123037665465,0.021379710743311284
1735453800.0,4.4056485708213e-05,4.4056485708213e-05,4.4056485708213e-05,4.4056485708213e-05,0.0,0.0,0.0,-1.0,0.6743792820423609,0.0
1735453860.0,4.4056485708213e-05,4.4056485708213e-05,4.4056485708213e-05,4.4056485708213e-05,0.0,0.0,0.0,0.0,0.6743792820423609,0.0
1735453920.0,4.4056485708213e-05,4.45018711725096e-05,4.4056485708213e-05,4.45018711725096e-05,97.535,0.004318769669180639,0.010109418786745584,inf,0.6743792820423609,0.010109418786745584
1735453980.0,4.45018711725096e-05,4.45018711725096e-05,4.39534744873219e-05,4.39534744873219e-05,195.87614780228,0.00866314618018346,-0.01232300284771985,1.0059291983096288,0.6811968646256319,0.01232300284771985
1735454040.0,4.39534744873219e-05,4.39534744873219e-05,4.03111459161224e-05,4.1683933564634e-05,486.11945231433,0.020815004949917795,-0.051635074340767695,1.402707344074505,0.6728024737229924,0.082867819067412
1735454100.0,4.1683933564634e-05,4.1683933564634e-05,4.1683933564634e-05,4.1683933564634e-05,0.0,0.0,0.0,-1.0,0.6380622679756534,0.0
1735454160.0,4.1683933564634e-05,4.1683933564634e-05,3.74325319827386e-05,3.74325319827386e-05,450.828587136,0.017833982190958008,-0.10199137217468426,inf,0.6380622679756534,0.10199137217468426
1735454220.0,3.74325319827386e-05,3.74325319827386e-05,3.74325319827386e-05,3.74325319827386e-05,0.0,0.0,0.0,-1.0,0.5729854217319253,0.0
1735454280.0,3.74325319827386e-05,3.74325319827386e-05,3.69477207074059e-05,3.69477207074059e-05,88.4231195936,0.003288466989511418,-0.012951602513991304,inf,0.5729854217319253,0.012951602513991304
1735454340.0,3.69477207074059e-05,3.69477207074059e-05,3.69477207074059e-05,3.69477207074059e-05,0.0,0.0,0.0,-1.0,0.5655643423033417,0.0
1735454400.0,3.69477207074059e-05,3.72685321840509e-05,3.69477207074059e-05,3.72685321840509e-05,129.94992,0.0048221980629722895,0.00868284891470162,inf,0.5655643423033417,0.00868284891470162
1735454460.0,3.72685321840509e-05,3.72685321840509e-05,3.72685321840509e-05,3.72685321840509e-05,0.0,0.0,0.0,-1.0,0.5704750520391043,0.0
1735454520.0,3.72685321840509e-05,3.72685321840509e-05,3.72685321840509e-05,3.72685321840509e-05,0.0,0.0,0.0,0.0,0.5704750520391043,0.0
1735454580.0,3.72685321840509e-05,3.72685321840509e-05,3.72685321840509e-05,3.72685321840509e-05,0.0,0.0,0.0,0.0,0.5704750520391043,0.0
1735454640.0,3.72685321840509e-05,3.72685321840509e-05,3.72685321840509e-05,3.72685321840509e-05,0.0,0.0,0.0,0.0,0.5704750520391043,0.0
1735454700.0,3.72685321840509e-05,3.74636736361445e-05,3.72685321840509e-05,3.74636736361445e-05,4.8677514209,0.00018188890053412373,0.005236091701435832,inf,0.5704750520391043,0.005236091701435832
1735454760.0,3.74636736361445e-05,3.81138298090939e-05,3.74636736361445e-05,3.81138298090939e-05,153.706140928,0.00580836319777011,0.0173543091172494,30.933576929178354,0.5734621117249624,0.0173543091172494
1735454820.0,3.81138298090939e-05,3.81138298090939e-05,3.81138298090939e-05,3.81138298090939e-05,0.0,0.0,0.0,-1.0,0.583414150478868,0.0
1735454880.0,3.81138298090939e-05,3.87202785010958e-05,3.81138298090939e-05,3.87202785010958e-05,39.004,0.0014984187802653192,0.01591151282984419,inf,0.583414150478868,0.01591151282984419
1735454940.0,3.87202785010958e-05,3.87202785010958e-05,3.87202785010958e-05,3.87202785010958e-05,0.0,0.0,0.0,-1.0,0.5926971522193252,0.0
1735455000.0,3.87202785010958e-05,3.90208204850319e-05,3.87202785010958e-05,3.90208204850319e-05,55.987371,0.0021762598754420277,0.007761875574515798,inf,0.5926971522193252,0.007761875574515798
1735455060.0,3.90208204850319e-05,3.90208204850319e-05,3.89955050836111e-05,3.89955050836111e-05,2.80767636602,0.0001095222967314004,-0.000648766507370402,-0.9496740724913862,0.5972975937682214,0.000648766507370402
1735455120.0,3.89955050836111e-05,3.89955050836111e-05,3.89955050836111e-05,3.89955050836111e-05,0.0,0.0,0.0,-1.0,0.5969100870944517,0.0
1735455180.0,3.89955050836111e-05,3.89955050836111e-05,3.89955050836111e-05,3.89955050836111e-05,0.0,0.0,0.0,0.0,0.5969100870944517,0.0
1735455240.0,3.89955050836111e-05,3.89955050836111e-05,3.89955050836111e-05,3.89955050836111e-05,0.0,0.0,0.0,0.0,0.5969100870944517,0.0
1735455300.0,3.89955050836111e-05,3.89955050836111e-05,3.85281799261179e-05,3.85281799261179e-05,164.4980242721,0.006376246509196518,-0.011984077562047243,inf,0.5969100870944517,0.011984077562047243
1735455360.0,3.85281799261179e-05,3.85281799261179e-05,3.77645193604646e-05,3.77645193604646e-05,82.27356941877,0.0031384363454499942,-0.019820831586586776,-0.5077925012899989,0.5897566703131434,0.019820831586586776
1735455420.0,3.77645193604646e-05,3.77645193604646e-05,3.62297460280827e-05,3.62297460280827e-05,410.79059775264,0.015198074254614414,-0.040640616069607435,3.8425625317040764,0.5780672026738004,0.040640616069607435
1735455480.0,3.62297460280827e-05,3.62297460280827e-05,3.62297460280827e-05,3.62297460280827e-05,0.0,0.0,0.0,-1.0,0.5545741954275025,0.0
1735455540.0,3.62297460280827e-05,3.62297460280827e-05,3.46911111041499e-05,3.46911111041499e-05,95.36460965226,0.0033816699283095307,-0.04246882997027262,inf,0.5545741954275025,0.04246882997027262
1735455600.0,3.46911111041499e-05,3.46911111041499e-05,3.46911111041499e-05,3.46911111041499e-05,0.0,0.0,0.0,-1.0,0.5310220782159911,0.0
1735455660.0,3.46911111041499e-05,3.46911111041499e-05,3.46911111041499e-05,3.46911111041499e-05,0.0,0.0,0.0,0.0,0.5310220782159911,0.0
1735455720.0,3.46911111041499e-05,3.46911111041499e-05,3.46911111041499e-05,3.46911111041499e-05,0.0,0.0,0.0,0.0,0.5310220782159911,0.0
1735455780.0,3.46911111041499e-05,3.46911111041499e-05,3.46911111041499e-05,3.46911111041499e-05,0.0,0.0,0.0,0.0,0.5310220782159911,0.0
1735455840.0,3.46911111041499e-05,3.46911111041499e-05,3.46911111041499e-05,3.46911111041499e-05,0.0,0.0,0.0,0.0,0.5310220782159911,0.0
1735455900.0,3.46911111041499e-05,4.61746172866807e-05,3.46911111041499e-05,4.00014817122994e-05,3556.9640336881,0.13283943311551014,0.15307582948861662,inf,0.5310220782159911,0.3310215734530653
1735455960.0,4.00014817122994e-05,4.00014817122994e-05,3.43446668742622e-05,3.43446668742622e-05,138.5065491872,0.005148714243041737,-0.14141513253739998,-0.9612410703487068,0.6123087233156731,0.14141513253739998
1735456020.0,3.43446668742622e-05,3.43446668742622e-05,3.43446668742622e-05,3.43446668742622e-05,0.0,0.0,0.0,-1.0,0.525719004054181,0.0
1735456080.0,3.43446668742622e-05,3.43446668742622e-05,3.43446668742622e-05,3.43446668742622e-05,0.0,0.0,0.0,0.0,0.525719004054181,0.0
1735456140.0,3.43446668742622e-05,3.43446668742622e-05,3.41351326516582e-05,3.41351326516582e-05,0.0910335604,3.116979983161384e-06,-0.006100924588120599,inf,0.525719004054181,0.006100924588120599
1735456200.0,3.41351326516582e-05,3.41351326516582e-05,3.41351326516582e-05,3.41351326516582e-05,0.0,0.0,0.0,-1.0,0.5225116320559046,0.0
1735456260.0,3.41351326516582e-05,3.41351326516582e-05,3.41351326516582e-05,3.41351326516582e-05,0.0,0.0,0.0,0.0,0.5225116320559046,0.0
1735456320.0,3.41351326516582e-05,3.41351326516582e-05,3.41351326516582e-05,3.41351326516582e-05,0.0,0.0,0.0,0.0,0.5225116320559046,0.0
1735456380.0,3.41351326516582e-05,3.41351326516582e-05,3.41351326516582e-05,3.41351326516582e-05,0.0,0.0,0.0,0.0,0.5225116320559046,0.0
1735456440.0,3.41351326516582e-05,3.41351326516582e-05,3.41351326516582e-05,3.41351326516582e-05,0.0,0.0,0.0,0.0,0.5225116320559046,0.0
1735456500.0,3.41351326516582e-05,3.41351326516582e-05,3.41351326516582e-05,3.41351326516582e-05,0.0,0.0,0.0,0.0,0.5225116320559046,0.0
1735456560.0,3.41351326516582e-05,3.41351326516582e-05,3.39175478449316e-05,3.39175478449316e-05,0.79610833092,2.708865294238607e-05,-0.006374218871419439,inf,0.5225116320559046,0.006374218871419439
1735456620.0,3.39175478449316e-05,3.39175478449316e-05,3.38382845038877e-05,3.38382845038877e-05,20.1180109988,0.0006815562902131977,-0.0023369419689856963,24.16021345405312,0.5191810285503177,0.0023369419689856963
1735456680.0,3.38382845038877e-05,3.38382845038877e-05,3.28050820956485e-05,3.28050820956485e-05,167.24989112088,0.00557304790385066,-0.03053353393610996,7.176944419524548,0.5179677326151972,0.03053353393610996
1735456740.0,3.28050820956485e-05,3.28050820956485e-05,3.28050820956485e-05,3.28050820956485e-05,0.0,0.0,0.0,-1.0,0.5021523472735812,0.0
1735456800.0,3.28050820956485e-05,3.28050820956485e-05,3.28037191777481e-05,3.28037191777481e-05,2.02720300928,6.650117968834155e-05,-4.1545937803919925e-05,inf,0.5021523472735812,4.1545937803919925e-05
1735456860.0,3.28037191777481e-05,3.28037191777481e-05,3.28037191777481e-05,3.28037191777481e-05,0.0,0.0,0.0,-1.0,0.5021314848833933,0.0
1735456920.0,3.28037191777481e-05,3.28037191777481e-05,3.23472984130343e-05,3.23472984130343e-05,159.1928066196,0.00518578667219979,-0.013913689549671699,inf,0.5021314848833933,0.013913689549671699
1735456980.0,3.23472984130343e-05,3.23472984130343e-05,3.18728142784124e-05,3.18728142784124e-05,7.27878254514,0.00023372211765271302,-0.014668431612536392,-0.9549302483062674,0.4951449832896101,0.014668431612536392
1735457040.0,3.18728142784124e-05,3.18728142784124e-05,3.18728142784124e-05,3.18728142784124e-05,0.0,0.0,0.0,-1.0,0.487881982963936,0.0
1735457100.0,3.18728142784124e-05,3.18728142784124e-05,3.18191341646516e-05,3.18191341646516e-05,3.48587643889,0.0001110111312123367,-0.00168419748855248,inf,0.487881982963936,0.00168419748855248
1735457160.0,3.18191341646516e-05,3.18191341646516e-05,3.18191341646516e-05,3.18191341646516e-05,0.0,0.0,0.0,-1.0,0.4870602933535181,0.0
1735457220.0,3.18191341646516e-05,3.18191341646516e-05,3.18191341646516e-05,3.18191341646516e-05,0.0,0.0,0.0,0.0,0.4870602933535181,0.0
1735457280.0,3.18191341646516e-05,3.18191341646516e-05,3.18191341646516e-05,3.18191341646516e-05,0.0,0.0,0.0,0.0,0.4870602933535181,0.0
1735457340.0,3.18191341646516e-05,3.18191341646516e-05,3.18191341646516e-05,3.18191341646516e-05,0.0,0.0,0.0,0.0,0.4870602933535181,0.0
1735457400.0,3.18191341646516e-05,3.18191341646516e-05,3.17620068540148e-05,3.17620068540148e-05,2.84573829905,9.046764404705894e-05,-0.0017953760256702634,inf,0.4870602933535181,0.0017953760256702634
1735457460.0,3.17620068540148e-05,3.17620068540148e-05,3.1726995014691e-05,3.1726995014691e-05,0.30411713244,9.654046594894305e-06,-0.0011023182346353783,-0.893287299602137,0.48618583697977524,0.0011023182346353783
1735457520.0,3.1726995014691e-05,3.1726995014691e-05,3.1726995014691e-05,3.1726995014691e-05,0.0,0.0,0.0,-1.0,0.485649905466251,0.0
1735457580.0,3.1726995014691e-05,3.1726995014691e-05,3.16883391470112e-05,3.16883391470112e-05,8.0872240056,0.0002564270063778319,-0.0012183904483202164,inf,0.485649905466251,0.0012183904483202164
1735457640.0,3.16883391470112e-05,3.16883391470112e-05,3.16883391470112e-05,3.16883391470112e-05,0.0,0.0,0.0,-1.0,0.4850581942602033,0.0
1735457700.0,3.16883391470112e-05,3.24349534005765e-05,3.16883391470112e-05,3.24349534005765e-05,203.446,0.006522813687818264,0.02356116709372312,inf,0.4850581942602033,0.02356116709372312
1735457760.0,3.24349534005765e-05,3.24349534005765e-05,3.24349534005765e-05,3.24349534005765e-05,0.0,0.0,0.0,-1.0,0.49648673142534755,0.0
1735457820.0,3.24349534005765e-05,3.24349534005765e-05,3.24349534005765e-05,3.24349534005765e-05,0.0,0.0,0.0,0.0,0.49648673142534755,0.0
1735457880.0,3.24349534005765e-05,3.24349534005765e-05,3.24349534005765e-05,3.24349534005765e-05,0.0,0.0,0.0,0.0,0.49648673142534755,0.0
1735457940.0,3.24349534005765e-05,3.24349534005765e-05,3.24349534005765e-05,3.24349534005765e-05,0.0,0.0,0.0,0.0,0.49648673142534755,0.0
1735458000.0,3.24349534005765e-05,3.31133044081207e-05,3.24349534005765e-05,3.31133044081207e-05,39.112,0.0012818617297068826,0.020914197075188122,inf,0.49648673142534755,0.020914197075188122
1735458060.0,3.31133044081207e-05,3.31133044081207e-05,3.22776070259832e-05,3.22776070259832e-05,163.90381867324,0.005358910045286631,-0.025237510936315766,3.180567935757024,0.5068703527715933,0.025237510936315766
1735458120.0,3.22776070259832e-05,3.22776070259832e-05,3.22776070259832e-05,3.22776070259832e-05,0.0,0.0,0.0,-1.0,0.49407820670022595,0.0
1735458180.0,3.22776070259832e-05,3.22776070259832e-05,3.22776070259832e-05,3.22776070259832e-05,0.0,0.0,0.0,0.0,0.49407820670022595,0.0
1735458240.0,3.22776070259832e-05,3.22776070259832e-05,3.21270694534132e-05,3.21270694534132e-05,1.83955714024,5.923804124126042e-05,-0.004663839312772397,inf,0.49407820670022595,0.004663839312772397
1735458300.0,3.21270694534132e-05,3.21270694534132e-05,3.21172330260142e-05,3.21172330260142e-05,1.56225661296,5.018304319674399e-05,-0.00030617256931152155,-0.1528578233645148,0.49177390533623333,0.00030617256931152155
1735458360.0,3.21172330260142e-05,3.21172330260142e-05,3.21172330260142e-05,3.21172330260142e-05,0.0,0.0,0.0,-1.0,0.4916233376561162,0.0
1735458420.0,3.21172330260142e-05,3.21172330260142e-05,3.21172330260142e-05,3.21172330260142e-05,0.0,0.0,0.0,0.0,0.4916233376561162,0.0
1735458480.0,3.21172330260142e-05,3.21172330260142e-05,3.21172330260142e-05,3.21172330260142e-05,0.0,0.0,0.0,0.0,0.4916233376561162,0.0
1735458540.0,3.21172330260142e-05,3.21172330260142e-05,3.21172330260142e-05,3.21172330260142e-05,0.0,0.0,0.0,0.0,0.4916233376561162,0.0
1735458600.0,3.21172330260142e-05,3.21172330260142e-05,3.21172330260142e-05,3.21172330260142e-05,0.0,0.0,0.0,0.0,0.4916233376561162,0.0
1735458660.0,3.21172330260142e-05,3.21172330260142e-05,3.21172330260142e-05,3.21172330260142e-05,0.0,0.0,0.0,0.0,0.4916233376561162,0.0
1735458720.0,3.21172330260142e-05,3.21172330260142e-05,3.21172330260142e-05,3.21172330260142e-05,0.0,0.0,0.0,0.0,0.4916233376561162,0.0
1735458780.0,3.21172330260142e-05,3.21172330260142e-05,3.21172330260142e-05,3.21172330260142e-05,0.0,0.0,0.0,0.0,0.4916233376561162,0.0
1735458840.0,3.21172330260142e-05,3.21172330260142e-05,3.21172330260142e-05,3.21172330260142e-05,0.0,0.0,0.0,0.0,0.4916233376561162,0.0
1735458900.0,3.21172330260142e-05,3.21172330260142e-05,3.1701545038984e-05,3.1701545038984e-05,146.41701216213,0.0046720774020575576,-0.01294283311060776,inf,0.4916233376561162,0.01294283311060776
1735458960.0,3.1701545038984e-05,3.1701545038984e-05,3.07597431555652e-05,3.07597431555652e-05,185.51655930496,0.005793801637804141,-0.029708390624515257,0.24009110706354791,0.48526033884355313,0.029708390624515257
1735459020.0,3.07597431555652e-05,3.07597431555652e-05,3.07597431555652e-05,3.07597431555652e-05,0.0,0.0,0.0,-1.0,0.4708440351426042,0.0
1735459080.0,3.07597431555652e-05,3.07597431555652e-05,3.07597431555652e-05,3.07597431555652e-05,0.0,0.0,0.0,0.0,0.4708440351426042,0.0
1735459140.0,3.07597431555652e-05,3.07597431555652e-05,3.00291691749168e-05,3.00291691749168e-05,79.31509454732,0.002410739164460463,-0.02375097792441157,inf,0.4708440351426042,0.02375097792441157
1735459200.0,3.00291691749168e-05,3.00291691749168e-05,2.96406067152242e-05,2.96406067152242e-05,59.1729660786,0.0017654188123324885,-0.012939500837644287,-0.2676856798285769,0.45966102885809135,0.012939500837644287
1735459260.0,2.96406067152242e-05,2.96406067152242e-05,2.96406067152242e-05,2.96406067152242e-05,0.0,0.0,0.0,-1.0,0.45371324459014967,0.0
1735459320.0,2.96406067152242e-05,2.9963411726969e-05,2.96406067152242e-05,2.9963411726969e-05,126.09346714872,0.0037578386706861944,0.010890634420752205,inf,0.45371324459014967,0.010890634420752205
1735459380.0,2.9963411726969e-05,2.9963411726969e-05,2.9963411726969e-05,2.9963411726969e-05,0.0,0.0,0.0,-1.0,0.4586544696688343,0.0
1735459440.0,2.9963411726969e-05,2.9963411726969e-05,2.9963411726969e-05,2.9963411726969e-05,0.0,0.0,0.0,0.0,0.4586544696688343,0.0
1735459500.0,2.9963411726969e-05,2.9963411726969e-05,2.9963411726969e-05,2.9963411726969e-05,0.0,0.0,0.0,0.0,0.4586544696688343,0.0
1735459560.0,2.9963411726969e-05,3.02902465826616e-05,2.9963411726969e-05,3.02902465826616e-05,0.06313194865,1.9019654311891226e-06,0.010907798440003,inf,0.4586544696688343,0.010907798440003
1735459620.0,3.02902465826616e-05,3.02902465826616e-05,2.97807164914132e-05,2.97807164914132e-05,124.26481569024,0.003732353577367559,-0.016821589413539482,1961.3666740536205,0.4636573801775884,0.016821589413539482
1735459680.0,2.97807164914132e-05,2.97807164914132e-05,2.94262570704468e-05,2.94262570704468e-05,0.90941415743,2.6921829987869596e-05,-0.011902313400303906,-0.9927869025723823,0.4558579260996836,0.011902313400303906
1735459740.0,2.94262570704468e-05,2.94262570704468e-05,2.94262570704468e-05,2.94262570704468e-05,0.0,0.0,0.0,-1.0,0.45043216219723264,0.0
1735459800.0,2.94262570704468e-05,2.94262570704468e-05,2.94262570704468e-05,2.94262570704468e-05,0.0,0.0,0.0,0.0,0.45043216219723264,0.0
1735459860.0,2.94262570704468e-05,2.94262570704468e-05,2.94262570704468e-05,2.94262570704468e-05,0.0,0.0,0.0,0.0,0.45043216219723264,0.0
1735459920.0,2.94262570704468e-05,2.94262570704468e-05,2.94262570704468e-05,2.94262570704468e-05,0.0,0.0,0.0,0.0,0.45043216219723264,0.0
1735459980.0,2.94262570704468e-05,2.94262570704468e-05,2.94262570704468e-05,2.94262570704468e-05,0.0,0.0,0.0,0.0,0.45043216219723264,0.0
1735460040.0,2.94262570704468e-05,2.94262570704468e-05,2.94262570704468e-05,2.94262570704468e-05,0.0,0.0,0.0,0.0,0.45043216219723264,0.0
1735460100.0,2.94262570704468e-05,2.94262570704468e-05,2.80952943066765e-05,2.80952943066765e-05,248.98450199547,0.007160987411819943,-0.045230447099811576,inf,0.45043216219723264,0.045230447099811576
1735460160.0,2.80952943066765e-05,2.81817395079087e-05,2.80150558262167e-05,2.80150558262167e-05,9.76753031493,0.00027402977295218545,-0.002855940200659544,-0.9617329626219044,0.43005891411291697,0.0059327971393553555
1735460220.0,2.80150558262167e-05,2.8413198202731e-05,2.80150558262167e-05,2.8413198202731e-05,110.31280881393,0.0031123795991995916,0.014211728828386365,10.357815487234156,0.4288306915714499,0.014211728828386365
1735460280.0,2.8413198202731e-05,2.8413198202731e-05,2.8413198202731e-05,2.8413198202731e-05,0.0,0.0,0.0,-1.0,0.4349251170733527,0.0
1735460340.0,2.8413198202731e-05,2.8413198202731e-05,2.8413198202731e-05,2.8413198202731e-05,0.0,0.0,0.0,0.0,0.4349251170733527,0.0
1735460400.0,2.8413198202731e-05,2.89168743419681e-05,2.8413198202731e-05,2.86035756090829e-05,189.53306204296,0.005403281864181971,0.006700315993769489,inf,0.4349251170733527,0.01772683721287974
1735460460.0,2.86035756090829e-05,2.86035756090829e-05,2.86035756090829e-05,2.86035756090829e-05,0.0,0.0,0.0,-1.0,0.43783925279137137,0.0
1735460520.0,2.86035756090829e-05,2.86035756090829e-05,2.82756689564768e-05,2.82756689564768e-05,40.62340026907,0.001155314159494528,-0.011463834350205312,inf,0.43783925279137137,0.011463834350205312
1735460580.0,2.82756689564768e-05,2.82756689564768e-05,2.82756689564768e-05,2.82756689564768e-05,0.0,0.0,0.0,-1.0,0.4328199361253534,0.0
1735460640.0,2.82756689564768e-05,2.82756689564768e-05,2.82756689564768e-05,2.82756689564768e-05,0.0,0.0,0.0,0.0,0.4328199361253534,0.0
1735460700.0,2.82756689564768e-05,2.82756689564768e-05,2.81559404824868e-05,2.81559404824868e-05,2.4485177775,6.90868994621196e-05,-0.004234328608610147,inf,0.4328199361253534,0.004234328608610147
1735460760.0,2.81559404824868e-05,2.81559404824868e-05,2.81559404824868e-05,2.81559404824868e-05,0.0,0.0,0.0,-1.0,0.430987234287441,0.0
1735460820.0,2.81559404824868e-05,2.81559404824868e-05,2.81559404824868e-05,2.81559404824868e-05,0.0,0.0,0.0,0.0,0.430987234287441,0.0
1735460880.0,2.81559404824868e-05,2.81559404824868e-05,2.81559404824868e-05,2.81559404824868e-05,0.0,0.0,0.0,0.0,0.430987234287441,0.0
1735460940.0,2.81559404824868e-05,2.88538470491914e-05,2.81559404824868e-05,2.88538470491914e-05,202.8944,0.005783483317683664,0.024787187170632892,inf,0.430987234287441,0.024787187170632892
1735461000.0,2.88538470491914e-05,2.88538470491914e-05,2.88538470491914e-05,2.88538470491914e-05,0.0,0.0,0.0,-1.0,0.4416701955318772,0.0
1735461060.0,2.88538470491914e-05,2.8936136079013e-05,2.88538470491914e-05,2.8936136079013e-05,111.38817248646,0.0032185603043370222,0.002851925765091496,inf,0.4416701955318772,0.002851925765091496
1735461120.0,2.8936136079013e-05,2.8936136079013e-05,2.8936136079013e-05,2.8936136079013e-05,0.0,0.0,0.0,-1.0,0.4429298061421876,0.0
