0,1,2,3,4,5
1737378960.0,9.33649148346371e-05,0.0001292779453426,7.74887937038971e-05,0.0001292779453426,9012.79413108036
1737379020.0,0.0001292779453426,0.0002309071889511,0.0001292779453426,0.0002156473554272,16875.95204010451
1737379080.0,0.0002156473554272,0.0002405545028355,0.0002029964786638,0.0002346629267713,9220.9916524405
1737379140.0,0.0002346629267713,0.0003155856247816,0.0002346629267713,0.0002901884419594,14159.84761143953
1737379200.0,0.0002901884419594,0.0003075961591559,0.0002782664923536,0.0002795244743457,8847.69131282949
1737379260.0,0.0002795244743457,0.0003374314682918,0.000276883646301,0.0003374314682918,12920.32747777396
1737379320.0,0.0003374314682918,0.0003623311661086,0.0002952724529376,0.0003082373128863,17071.82832340608
1737379380.0,0.0003082373128863,0.0003624153523161,0.0003038079035699,0.0003607995386006,4512.98699729124
1737379440.0,0.0003607995386006,0.0003751954178288,0.0003341083488232,0.0003494890139794,9674.3988459977
1737379500.0,0.0003494890139794,0.0004521872916536,0.0003494890139794,0.0004386242120994,13600.37935934248
1737379560.0,0.0004386242120994,0.0004590563262588,0.0004091338143605,0.0004117446063937,6832.11708033283
1737379620.0,0.0004117446063937,0.0004156844221356,0.0003776704054272,0.0004075218925823,6284.76570961818
1737379680.0,0.0004075218925823,0.0006577807682945,0.0004075218925823,0.0006369650720902,28440.50047833115
1737379740.0,0.0006369650720902,0.0006538119865841,0.00059927974785,0.0006035184057837,8385.89511021337
1737379800.0,0.0006035184057837,0.000673242875444,0.0005979755591038,0.0006586885696252,8654.94437166737
1737379860.0,0.0006586885696252,0.0007717080168823,0.0006571116296029,0.0007510566699413,12216.77517831635
1737379920.0,0.0007510566699413,0.0007661438489858,0.0006151556868574,0.0006613749274725,15709.31302351016
1737379980.0,0.0006613749274725,0.0007081556743222,0.0005076103156205,0.0005102009534169,29457.40590282314
1737380040.0,0.0005102009534169,0.0005102009534169,0.0004553597616042,0.0004798796083043,7639.74138141115
1737380100.0,0.0004798796083043,0.0005329522256192,0.0004560104416019,0.0005135015652453,12749.45875030831
1737380160.0,0.0005135015652453,0.0005380740074674,0.0005006835905399,0.0005380740074674,3101.22510106588
1737380220.0,0.0005380740074674,0.0006118661931563,0.00053618722675,0.0006109508127077,5008.3862916329
1737380280.0,0.0006109508127077,0.0008033433068096,0.0005753517936876,0.0006853426974756,25439.89165710023
1737380340.0,0.0006853426974756,0.0006853426974756,0.0006239645348863,0.0006357368992191,13408.51081717172
1737380400.0,0.0006357368992191,0.0007972383061347,0.0005624561297615,0.0005688176243888,23404.61308468822
1737380460.0,0.0005688176243888,0.0006425138674226,0.000566631819975,0.0005679147841547,10027.55156888188
1737380520.0,0.0005679147841547,0.0006414401569552,0.0004672723296728,0.0004885212285907,34097.66172576837
1737380580.0,0.0004885212285907,0.0005637706718438,0.0004855134035319,0.000557007373638,10183.3240471066
1737380640.0,0.000557007373638,0.0005814596828031,0.0005489854123198,0.00058128341547,3026.9313666216
1737380700.0,0.00058128341547,0.0006039765789783,0.0004749569816586,0.0005141508365488,10322.94495971047
1737380760.0,0.0005141508365488,0.0005384501986481,0.0005129257047779,0.0005176093597121,2326.17288619008
1737380820.0,0.0005176093597121,0.0005176093597121,0.0004735230928105,0.0004741908821286,3673.77424760215
1737380880.0,0.0004741908821286,0.0004747412560759,0.0004162167319555,0.0004448557943338,7777.20606465309
1737380940.0,0.0004448557943338,0.0004448557943338,0.0003342770515448,0.0003342770515448,7120.12188265834
1737381000.0,0.0003342770515448,0.0003463577009922,0.0002891860826869,0.0002896061121614,11844.61295053638
1737381060.0,0.0002896061121614,0.000386516055555,0.0002857364528079,0.0003516297705297,21067.76896508558
1737381120.0,0.0003516297705297,0.0004284125126476,0.0003460448602423,0.000400755009609,11968.63441234414
1737381180.0,0.000400755009609,0.0004112653158593,0.0003076041330815,0.0003215266247283,21636.46643607887
1737381240.0,0.0003215266247283,0.0003565175616233,0.0003077243261519,0.0003274064277208,20021.80489296566
1737381300.0,0.0003274064277208,0.0003820655420484,0.0003274064277208,0.000358851827396,25174.68126668807
1737381360.0,0.000358851827396,0.0004340708364269,0.000358851827396,0.0003785531751395,8237.68720193855
1737381420.0,0.0003785531751395,0.0003870394824076,0.0003464789997189,0.0003587505581509,4903.68122584773
1737381480.0,0.0003587505581509,0.0003607226399267,0.0003320614832158,0.0003366668990118,18288.86470802812
1737381540.0,0.0003366668990118,0.0004002755991245,0.0003351187403972,0.0003977285034124,6348.2304703052
1737381600.0,0.0003977285034124,0.0004457187353854,0.0003977285034124,0.0004343070835902,8427.57962994882
1737381660.0,0.0004343070835902,0.0004743042906586,0.0004343070835902,0.0004689845784233,3635.248303319
1737381720.0,0.0004689845784233,0.0004889201996076,0.0004518642630613,0.0004657097643402,9184.73278249956
1737381780.0,0.0004657097643402,0.0005087393399104,0.0004523261953353,0.000502310086738,20955.89654607596
1737381840.0,0.000502310086738,0.0005536630007377,0.000502310086738,0.0005367813213665,4440.56498505296
1737381900.0,0.0005367813213665,0.0005473597748462,0.0005187347169257,0.0005422926034406,17198.97627567534
1737381960.0,0.0005422926034406,0.0005855423082417,0.0005224667120038,0.0005814290039214,21149.64706830454
1737382020.0,0.0005814290039214,0.0005992549176608,0.0005312782607927,0.0005924358974825,17635.08805106242
1737382080.0,0.0005924358974825,0.0006098673967917,0.0005525258831568,0.0005705069364802,25556.25262848662
1737382140.0,0.0005705069364802,0.0005794025185607,0.0004689532846347,0.0004831496814999,17187.9746252439
1737382200.0,0.0004831496814999,0.0005215654516804,0.0004612298814898,0.0005215654516804,20239.29835480229
1737382260.0,0.0005215654516804,0.0005728514391033,0.0004826209718145,0.0005416974042967,21129.4286478252
1737382320.0,0.0005416974042967,0.0005518393885847,0.000516676311574,0.0005492881633814,23691.66793213332
1737382380.0,0.0005492881633814,0.0005511967703408,0.0005205208006705,0.0005422210067278,12776.84815498105
1737382440.0,0.0005422210067278,0.0005451712564156,0.0005007998240248,0.0005144818443494,18411.1599751655
1737382500.0,0.0005144818443494,0.000536403,0.0004915219668672,0.0005107527042995,16143.99473620641
1737382560.0,0.0005107527042995,0.0005124784730382,0.0004838627201725,0.0005067870214744,30717.07578619538
1737382620.0,0.0005067870214744,0.0005077047747933,0.0004840776912838,0.000506661907643,25270.93225629279
1737382680.0,0.000506661907643,0.0005078232479436,0.0004174089775937,0.0004188281885521,17437.28682554315
1737382740.0,0.0004188281885521,0.0004188789066683,0.0003912424579002,0.0004133718573811,22014.05305326338
1737382800.0,0.0004133718573811,0.000413372123637,0.0003805552273713,0.0003821167171482,10543.93647502421
1737382860.0,0.0003821167171482,0.0003821170587131,0.0003509032873872,0.0003659664341498,18063.61455860714
1737382920.0,0.0003659664341498,0.0003970545585935,0.0003489306867731,0.0003970545585935,21188.11051632279
1737382980.0,0.0003970545585935,0.0004120043711778,0.0003846324174078,0.0004118234775477,30862.90487219951
1737383040.0,0.0004118234775477,0.0004166203096513,0.0003904719872082,0.0003993306993287,34973.18058107091
1737383100.0,0.0003993306993287,0.000421029820493,0.0003975348503322,0.0004210297512673,25981.27112693908
1737383160.0,0.0004210297512673,0.0004240950939722,0.0003971451278128,0.0003971451278128,27708.99344905868
1737383220.0,0.0003971451278128,0.0004104220600334,0.000383850509505,0.0004036707032995,21913.10388886024
1737383280.0,0.0004036707032995,0.0004068670566982,0.0003659348860981,0.0003676337582196,18249.33759358662
1737383340.0,0.0003676337582196,0.0003676337582196,0.0002965265759737,0.000315144305254,21935.29509015583
1737383400.0,0.000315144305254,0.0003151445771505,0.0002940374204383,0.0003065257659982,22364.90868257349
1737383460.0,0.0003065257659982,0.0003801011371344,0.0002968523807932,0.0003795564654919,29493.95647094336
1737383520.0,0.0003795564654919,0.0003795564654919,0.0003534882978176,0.0003729247586234,26745.20820306952
1737383580.0,0.0003729247586234,0.0003729250858925,0.0003495141544411,0.0003562297769424,24183.42500148534
1737383640.0,0.0003562297769424,0.0003952951121699,0.0003510898611016,0.0003659142492076,28020.24592185192
1737383700.0,0.0003659142492076,0.0003768892373878,0.0003492750290325,0.0003668504560582,29963.53582588717
1737383760.0,0.0003668504560582,0.0004012976161896,0.0003603029420784,0.0003898640378046,29981.04404684557
1737383820.0,0.0003898640378046,0.000422617697182,0.0003793827110868,0.000416875383642,19065.74960689092
1737383880.0,0.000416875383642,0.0004339777563819,0.0004043994936763,0.0004248200998323,23676.90467209612
1737383940.0,0.0004248200998323,0.0004705086174056,0.0004021405986977,0.0004616890225927,25398.03030582783
1737384000.0,0.0004616890225927,0.0004722233948284,0.000430486080428,0.0004520132691533,23468.23344133492
1737384060.0,0.0004520132691533,0.000452461198698,0.0004198271626751,0.0004333381629054,20652.17073047322
1737384120.0,0.0004333381629054,0.0004337533137353,0.0004101090776993,0.0004330212769421,25926.17156732083
1737384180.0,0.0004330212769421,0.0004330212769421,0.0004122150486563,0.000418566210339,19139.17941181734
1737384240.0,0.000418566210339,0.000418566210339,0.0003949831965822,0.000412113236159,26110.45230255359
1737384300.0,0.000412113236159,0.000416241278213,0.0003850234245997,0.0003940480676375,23342.14347046753
1737384360.0,0.0003940480676375,0.00041268342342,0.000391569015803,0.0004106049992788,28561.30115827524
1737384420.0,0.0004106049992788,0.0004259558522492,0.0003996831952131,0.0004258489214708,29158.40299266652
1737384480.0,0.0004258489214708,0.0004262581403059,0.0004014496402062,0.0004231047141236,23850.38418093119
1737384540.0,0.0004231047141236,0.0004270168480343,0.0003579355071808,0.0003724208516214,17459.96156465965
1737384600.0,0.0003724208516214,0.0003741635107833,0.0003404604242983,0.0003587958152476,20243.68038355322
1737384660.0,0.0003587958152476,0.0003588242554617,0.000338406016604,0.0003431810725485,20251.54929297655
1737384720.0,0.0003431810725485,0.0003562600212402,0.0003353181436586,0.0003562030851562,18689.37317590307
1737384780.0,0.0003562030851562,0.0003572533285081,0.0003364002687494,0.0003551840155777,26525.67152608055
1737384840.0,0.0003551840155777,0.0003572014734214,0.0003354209337202,0.0003567405597334,27750.99601521661
1737384900.0,0.0003567405597334,0.0003567405597334,0.0003272144730366,0.0003272147637717,23720.57032631412
1737384960.0,0.0003272147637717,0.0003542735077507,0.0003059699714275,0.0003542735077507,25503.57834937814
1737385020.0,0.0003542735077507,0.0003677038059622,0.0003246284380504,0.0003586916294476,24166.95825716666
1737385080.0,0.0003586916294476,0.0003586934267282,0.0003366250394688,0.0003556934578654,21180.85895152198
1737385140.0,0.0003556934578654,0.0003938766494396,0.0003385921251143,0.000354541197902,25247.1890053424
1737385200.0,0.000354541197902,0.0003545418328229,0.0003226520958505,0.0003417603456937,3550.06521626771
1737385260.0,0.0003417603456937,0.0003419355834391,0.0003178246927526,0.0003367137296601,22538.17334571157
1737385320.0,0.0003367137296601,0.0003367137296601,0.0003159968427121,0.00032263464487,29785.83180207446
1737385380.0,0.00032263464487,0.0003349887387461,0.0003160832920029,0.0003326587319663,19263.55668885486
1737385440.0,0.0003326587319663,0.0003377482024843,0.0003152973227351,0.0003377482024843,21008.47734875616
1737385500.0,0.0003377482024843,0.000390682919261,0.0003197343519954,0.0003447323797683,28151.89560201308
1737385560.0,0.0003447323797683,0.0003810279947541,0.0003447323797683,0.0003742125478131,15694.6788257843
1737385620.0,0.0003742125478131,0.0003764449922017,0.0003384995438694,0.0003672394647104,18217.93402152798
1737385680.0,0.0003672394647104,0.0003680745679355,0.0003375055242276,0.0003531753153602,15654.63260747681
1737385740.0,0.0003531753153602,0.0003536340719655,0.0003347624146253,0.0003376482647397,21274.94386229758
1737385800.0,0.0003376482647397,0.0003537923808466,0.0003333250329188,0.0003346766404409,26741.50901626619
1737385860.0,0.0003346766404409,0.0003346766404409,0.0003152951327684,0.0003218479561367,22912.59318440108
1737385920.0,0.0003218479561367,0.0003235634923892,0.0003011294312608,0.0003188862610368,20741.76951722576
1737385980.0,0.0003188862610368,0.0004106097520512,0.0002990809809196,0.0003580390977073,28729.31203556503
1737386040.0,0.0003580390977073,0.0004203961970303,0.0003580390977073,0.0004194231091802,22634.70913300392
1737386100.0,0.0004194231091802,0.00044294654756,0.0004020384295676,0.0004159654257515,24828.08462163704
1737386160.0,0.0004159654257515,0.0004734811799427,0.0004038096104042,0.0004273361059912,31912.08466895735
1737386220.0,0.0004273361059912,0.0004273361059912,0.0003958224423735,0.0004100639262627,23062.28080457472
1737386280.0,0.0004100639262627,0.0004185363640571,0.0003976451003701,0.0004176853683025,30597.74614503866
1737386340.0,0.0004176853683025,0.0004194355075254,0.0003983113955414,0.0004118059244229,23016.88164196792
1737386400.0,0.0004118059244229,0.0004118059244229,0.0003874869658833,0.0004044165968748,14037.59669073641
1737386460.0,0.0004044165968748,0.0004046012554422,0.0003827234156184,0.0004029634800588,28469.44868961378
1737386520.0,0.0004029634800588,0.0004346594728356,0.0003633002759473,0.0003853272123257,34444.85302533407
1737386580.0,0.0003853272123257,0.0003853272123257,0.0003604963773976,0.0003791660675708,20786.26220912488
1737386640.0,0.0003791660675708,0.00039939629433,0.0003589373270283,0.0003968511555276,19680.68119210497
1737386700.0,0.0003968511555276,0.0004064868743177,0.0003828625777464,0.0004064868743177,24351.8711866867
1737386760.0,0.0004064868743177,0.0004076636008477,0.0003858116430787,0.0003929513650737,30257.2107610424
1737386820.0,0.0003929513650737,0.0004109521134838,0.0003859215024527,0.0004109521134838,20327.97952679739
1737386880.0,0.0004109521134838,0.0004258340506845,0.0003921165161945,0.0004258340506845,29626.76238020377
1737386940.0,0.0004258340506845,0.0004331143544415,0.0004051176160024,0.0004158456221202,29043.06113318526
1737387000.0,0.0004158456221202,0.0004437025330021,0.000413988979044,0.0004433022152494,22835.5690499789
1737387060.0,0.0004433022152494,0.0004575356910676,0.0004214784859843,0.0004330341575559,27182.76759743366
1737387120.0,0.0004330341575559,0.0004496571213137,0.0004122410663693,0.0004251384534278,21407.67297232533
1737387180.0,0.0004251384534278,0.0004336712631691,0.0004090979434634,0.0004172546425318,28737.38243829765
1737387240.0,0.0004172546425318,0.0004345244827854,0.0004073878520352,0.0004263961964605,9920.23042606186
1737387300.0,0.0004263961964605,0.0004335428739676,0.0004041403187307,0.0004240963247089,25849.72297052712
1737387360.0,0.0004240963247089,0.0004397312422213,0.0004016173441778,0.0004396681883695,20796.59507137257
1737387420.0,0.0004396681883695,0.0004813109564853,0.0004202808772116,0.0004752585549795,18851.94082480014
1737387480.0,0.0004752585549795,0.0004891186737025,0.0004524613216199,0.0004842708811619,35711.73856745602
1737387540.0,0.0004842708811619,0.0004951948959242,0.0004695983054923,0.0004813502723034,25076.86695466939
1737387600.0,0.0004813502723034,0.000502720183479,0.0004712568608157,0.000471261105527,28383.93856073747
1737387660.0,0.000471261105527,0.0004964261258369,0.0004591878470788,0.0004956346069739,14585.46211751945
1737387720.0,0.0004956346069739,0.0005081541344604,0.0004808502159529,0.0005081541344604,24976.85186033948
1737387780.0,0.0005081541344604,0.0005541249743812,0.0004676605692149,0.0005166931972684,33560.2182507779
1737387840.0,0.0005166931972684,0.0005343748003587,0.0004947583540923,0.0005232837746146,26461.30819361649
1737387900.0,0.0005232837746146,0.0005584114957246,0.0004925084487656,0.0005325124863329,26813.56613653566
1737387960.0,0.0005325124863329,0.0005391532059358,0.0005039316097294,0.0005151812612883,17879.38021513587
1737388020.0,0.0005151812612883,0.000534140525301,0.0005067915178079,0.0005172828982098,27328.89431901615
1737388080.0,0.0005172828982098,0.0005347470028714,0.0005008457414063,0.0005128027985346,17461.08373806244
1737388140.0,0.0005128027985346,0.0005135941081859,0.0004882757049297,0.0005089198992308,31444.08364390258
1737388200.0,0.0005089198992308,0.0005110813482826,0.000489933267115,0.0004926805919525,13626.74445157267
1737388260.0,0.0004926805919525,0.0005111343470247,0.0004830530230425,0.0004894489256327,12782.69447155285
1737388320.0,0.0004894489256327,0.0005306967657742,0.0004894489256327,0.0005306967657742,14181.13235410491
1737388380.0,0.0005306967657742,0.0005334690118802,0.0005111851604884,0.0005233771266369,11348.57929075618
1737388440.0,0.0005233771266369,0.0005395005011719,0.0005073017175927,0.000532741683545,11235.34833995294
1737388500.0,0.000532741683545,0.0005518738037914,0.0005191343758388,0.0005518738037914,16267.46080421694
1737388560.0,0.0005518738037914,0.0006023645211665,0.0005307116544798,0.0006018550467431,14623.29579877679
1737388620.0,0.0006018550467431,0.0006440079664624,0.0005813979785929,0.0006440079664624,14891.46713297286
1737388680.0,0.0006440079664624,0.0006471619577456,0.0006064297201568,0.0006249451266843,14757.28439530568
1737388740.0,0.0006249451266843,0.0006344009866864,0.0005956345000604,0.0006019875477193,13984.14779290228
1737388800.0,0.0006019875477193,0.0006209555371427,0.0005857041113604,0.0006209555371427,11383.24902318202
1737388860.0,0.0006209555371427,0.0006243127205502,0.0005939242747967,0.0005995634294061,18203.1049569396
1737388920.0,0.0005995634294061,0.0006308095229018,0.0005995634294061,0.0006302008105046,14562.8222349012
1737388980.0,0.0006302008105046,0.0006359249872169,0.0006126454161673,0.0006359249872169,11148.5194331615
1737389040.0,0.0006359249872169,0.0006364223449792,0.0006096572997241,0.0006125853419439,15434.68299305202
1737389100.0,0.0006125853419439,0.0006446378872173,0.0006125853419439,0.0006325175358121,15468.22678230005
1737389160.0,0.0006325175358121,0.0006976241829539,0.0006221335461105,0.000677802462563,15544.21203382735
1737389220.0,0.000677802462563,0.0007031698982285,0.0006590057000575,0.0007031698982285,13017.96580963963
1737389280.0,0.0007031698982285,0.0007230481647921,0.0006721069592904,0.0007172775686046,13142.78841443076
1737389340.0,0.0007172775686046,0.0007174034242083,0.0006294642067354,0.0006442652648683,17261.72501540889
1737389400.0,0.0006442652648683,0.0006734422985021,0.0006251058124041,0.0006614821661483,14180.09808753784
1737389460.0,0.0006614821661483,0.0006769245893698,0.0006324190946765,0.0006324190946765,12141.68498542663
1737389520.0,0.0006324190946765,0.000632760254462,0.0005452842426269,0.0005505182293015,10067.9115249907
1737389580.0,0.0005505182293015,0.000569478380045,0.0005308149731012,0.0005368618185065,15049.00519189965
1737389640.0,0.0005368618185065,0.00055838035704,0.0005315423547055,0.0005407910716141,13794.94395387165
1737389700.0,0.0005407910716141,0.0005654841252654,0.0005357926087758,0.0005533011001799,13616.87500682747
1737389760.0,0.0005533011001799,0.0005675393909595,0.0005303053510763,0.0005511496618317,15353.72667259076
1737389820.0,0.0005511496618317,0.0005916243137074,0.0005511496618317,0.000586403061562,17125.8723738734
1737389880.0,0.000586403061562,0.0005913850642025,0.0005509416281939,0.0005509416281939,16562.51859089264
1737389940.0,0.0005509416281939,0.0005755427834469,0.0004872207022643,0.0005003145578136,12216.78892660162
1737390000.0,0.0005003145578136,0.0005003145578136,0.000477606043897,0.0004934449562933,12568.25060071561
1737390060.0,0.0004934449562933,0.0004972983008155,0.000471575929174,0.0004830704213896,10267.87874588393
1737390120.0,0.0004830704213896,0.000484624882887,0.0004538432310367,0.0004538432310367,5085.63007555539
1737390180.0,0.0004538432310367,0.0004538432310367,0.0003379928196634,0.0003553673023333,10644.99399969295
1737390240.0,0.0003553673023333,0.0003569853238785,0.0003228655542571,0.0003569853238785,11552.75258521247
1737390300.0,0.0003569853238785,0.0003575712927761,0.0003269025027463,0.0003269025027463,13456.6074811174
1737390360.0,0.0003269025027463,0.0003407025153653,0.0003114172393017,0.0003362157548464,12453.665406564
1737390420.0,0.0003362157548464,0.0003366081916867,0.0003159032515366,0.0003176232067581,6088.8340102078
1737390480.0,0.0003176232067581,0.0003188162040055,0.0003001181736884,0.0003129314491336,3228.56525112492
1737390540.0,0.0003129314491336,0.0003527904533686,0.0002992057455899,0.0003527904533686,7991.812589207
1737390600.0,0.0003527904533686,0.0003635839641695,0.0003343026977666,0.0003498650995608,14864.61368584725
1737390660.0,0.0003498650995608,0.0003685013644681,0.0003469828761689,0.0003629982831377,12545.89512781057
1737390720.0,0.0003629982831377,0.0003906415975792,0.000346258973252,0.0003885795658184,14999.37350788666
1737390780.0,0.0003885795658184,0.0003920176075016,0.0003566094053987,0.0003675129965959,12146.64441738399
1737390840.0,0.0003675129965959,0.0003799567899465,0.0003519724939043,0.0003799567899465,12656.24355990483
1737390900.0,0.0003799567899465,0.0003892205137547,0.0003702941947913,0.0003702941947913,9597.63214210192
1737390960.0,0.0003702941947913,0.0003871638586355,0.000366347144871,0.0003796360690276,14183.28306267578
1737391020.0,0.0003796360690276,0.0003799898697026,0.0003587899500613,0.0003771187098829,6238.87363264293
1737391080.0,0.0003771187098829,0.0005501914547268,0.000363790985889,0.0003750227621185,31094.13523018829
1737391140.0,0.0003750227621185,0.0003816504141604,0.0003633449898247,0.0003794722820703,11036.98324524963
1737391200.0,0.0003794722820703,0.0003794722820703,0.0003602930408575,0.0003626625364638,5475.27497790092
1737391260.0,0.0003626625364638,0.0003628588918961,0.0003447224155105,0.0003627197562279,11036.90132328022
1737391320.0,0.0003627197562279,0.0003640992116856,0.0003345639959965,0.0003345639959965,16117.97121541538
1737391380.0,0.0003345639959965,0.0003487490709637,0.0003324272531711,0.0003389346237863,12287.85296877399
1737391440.0,0.0003389346237863,0.0003482741682168,0.0003258626877951,0.0003409777084318,13576.99425513061
1737391500.0,0.0003409777084318,0.0003411794383453,0.0003234854215125,0.000329453818092,10073.86883094112
1737391560.0,0.000329453818092,0.0003310550504065,0.0003130509902826,0.0003285255547339,13648.43802536827
1737391620.0,0.0003285255547339,0.0003446964872602,0.0003181782036571,0.0003446962529931,8147.52140292907
1737391680.0,0.0003446962529931,0.0003460211373131,0.0003286450762152,0.000340939013699,15305.31920519086
1737391740.0,0.000340939013699,0.0003459338175772,0.000328233563073,0.0003444392997447,13406.9295824095
1737391800.0,0.0003444392997447,0.0003511336949682,0.0003278921861008,0.0003384422110922,17199.02611176712
1737391860.0,0.0003384422110922,0.0003597928612001,0.000331810202997,0.0003597428189036,15074.37509997578
1737391920.0,0.0003597428189036,0.0003614684961545,0.000343124729968,0.0003562394021457,14701.82687718036
1737391980.0,0.0003562394021457,0.0003611415859452,0.0003420856249272,0.0003593680114927,13633.52296953625
1737392040.0,0.0003593680114927,0.000359368723375,0.0003440148531209,0.0003582574032934,12362.3288420333
1737392100.0,0.0003582574032934,0.0003587409573254,0.0003420502123611,0.0003421004294529,12676.99051357314
1737392160.0,0.0003421004294529,0.0003512804628182,0.0003311626297887,0.0003511273635336,15552.91082340784
1737392220.0,0.0003511273635336,0.0003512337961621,0.0003341986669417,0.0003512335053553,12340.63674904134
1737392280.0,0.0003512335053553,0.0003533439121216,0.0003344883332138,0.0003466431673401,14444.49516207101
1737392340.0,0.0003466431673401,0.0003483363960031,0.0003297480202036,0.000348116885902,16637.53704713937
1737392400.0,0.000348116885902,0.0003496993848276,0.000330032839284,0.000343242605536,18255.38626555986
1737392460.0,0.000343242605536,0.0003495951179118,0.0003304240234614,0.0003463974422049,15513.17457881564
1737392520.0,0.0003463974422049,0.0003463987567702,0.0003306386293649,0.0003436726900477,11047.61204737552
1737392580.0,0.0003436726900477,0.0003436726900477,0.0003271730788974,0.0003424736915302,14799.84771642464
1737392640.0,0.0003424736915302,0.0003424736915302,0.0002841456639182,0.0003016504217968,16638.58700912174
1737392700.0,0.0003016504217968,0.0003016504217968,0.0002730212456829,0.0002886628257446,13523.62348716347
1737392760.0,0.0002886628257446,0.0003198148299178,0.000272048528305,0.0003035499621536,16384.82954931177
1737392820.0,0.0003035499621536,0.0003054756021573,0.0002836593227846,0.0003003690621714,16751.20343576757
1737392880.0,0.0003003690621714,0.000303393645122,0.0002840897757538,0.0003033935325439,15518.96247151314
1737392940.0,0.0003033935325439,0.0003063319075511,0.0002868038705057,0.0003061538895906,11650.46062937173
1737393000.0,0.0003061538895906,0.0003100514083799,0.0002931948240546,0.0003096410158702,15264.8455562203
1737393060.0,0.0003096410158702,0.0003099846945598,0.0002930430521733,0.0003027325503702,15021.39897800381
1737393120.0,0.0003027325503702,0.0003047297938738,0.000282506177816,0.0002995781438495,10085.40305204118
1737393180.0,0.0002995781438495,0.0003139910593113,0.0002870184313831,0.0002893571958821,16700.78814331964
1737393240.0,0.0002893571958821,0.0003149765582683,0.000278824797043,0.0003149764399826,9943.17503989995
1737393300.0,0.0003149764399826,0.0003152945946938,0.0002960282061724,0.0003041523026631,3989.14056334495
1737393360.0,0.0003041523026631,0.000304771152255,0.0002869528231792,0.000304465859608,16263.24818469861
1737393420.0,0.000304465859608,0.0003106250000775,0.0002871092011637,0.0003105921730028,13784.48988716266
1737393480.0,0.0003105921730028,0.0003105934443448,0.0002895051241383,0.0003071078980356,11310.67217068724
1737393540.0,0.0003071078980356,0.0003071078980356,0.0002863582273706,0.0003031537783891,17892.58729844091
1737393600.0,0.0003031537783891,0.0003226787808823,0.0003031537783891,0.0003221710580516,13141.74985427942
1737393660.0,0.0003221710580516,0.0003279287069098,0.0003061844095388,0.0003247153833211,10988.93048825423
1737393720.0,0.0003247153833211,0.0003294492471727,0.0003078293589851,0.0003293816713231,15853.17556300113
1737393780.0,0.0003293816713231,0.0003332839962751,0.0003147830653241,0.0003325196733954,12093.20751666155
1737393840.0,0.0003325196733954,0.0003368838279504,0.0003154575166581,0.0003368467607199,13442.07384789966
1737393900.0,0.0003368467607199,0.000338145776639,0.0003182185188975,0.0003378919605878,18392.06494287486
1737393960.0,0.0003378919605878,0.0003385091030956,0.0003102391594606,0.0003255274833703,9611.26409003464
1737394020.0,0.0003255274833703,0.0003255281585162,0.0003085752506678,0.0003148536640682,13003.54933472661
1737394080.0,0.0003148536640682,0.0003256512830621,0.0003044548900135,0.0003213911612224,15028.28386812732
1737394140.0,0.0003213911612224,0.0003255347936929,0.000308027256327,0.0003234429359542,13630.50214797564
1737394200.0,0.0003234429359542,0.0003235349394973,0.0003057590402969,0.0003229712622364,16491.87623758085
1737394260.0,0.0003229712622364,0.0003229712622364,0.0003066964274484,0.0003221614660743,13351.01777395069
1737394320.0,0.0003221614660743,0.0003241201062698,0.0003066839897487,0.0003240769100907,13660.52438267379
1737394380.0,0.0003240769100907,0.0003240769100907,0.0003020439976278,0.0003191425061501,13084.65141728468
1737394440.0,0.0003191425061501,0.0003225574184266,0.0003035214733137,0.0003206556311706,15221.33037275354
1737394500.0,0.0003206556311706,0.0003206556311706,0.0003032438080794,0.0003199300567063,15240.17210953169
1737394560.0,0.0003199300567063,0.0003204845728827,0.0003070364279204,0.0003137519806478,10640.26589928912
1737394620.0,0.0003137519806478,0.0003158474989103,0.0002912541416439,0.0003081694596298,10511.67539546894
1737394680.0,0.0003081694596298,0.0003081697684705,0.0002841301318256,0.0002989615828383,14959.99920207213
1737394740.0,0.0002989615828383,0.0002990555978209,0.0002773199314054,0.0002920796813361,7455.57185816438
1737394800.0,0.0002920796813361,0.0002920796813361,0.0002623340710769,0.00027229216068,8492.84795859052
1737394860.0,0.00027229216068,0.00027229216068,0.000252193543766,0.0002521939381706,11198.4664662362
1737394920.0,0.0002521939381706,0.0002521939381706,0.0002403244149563,0.000247816232318,1682.05418044355
1737394980.0,0.000247816232318,0.000247816232318,0.0002416053067985,0.0002418786137261,513.31662867132
1737395040.0,0.0002418786137261,0.0002429510159089,0.0002410344053965,0.0002429510159089,72.0723437194
1737395100.0,0.0002429510159089,0.0002810912912431,0.000229510311225,0.0002810912912431,17854.8182062087
1737395160.0,0.0002810912912431,0.0002810912912431,0.0002584019152744,0.0002694238801764,9109.89428128177
1737395220.0,0.0002694238801764,0.0002717987706842,0.0002554745963317,0.0002596755795596,10502.04044993067
1737395280.0,0.0002596755795596,0.0002696771704523,0.0002541435967245,0.0002688312380888,12989.1322444302
1737395340.0,0.0002688312380888,0.0002691366871804,0.0002520638634152,0.0002691366871804,15481.47779141502
1737395400.0,0.0002691366871804,0.0002691366871804,0.0002536678212118,0.000268465212085,16047.1415111804
1737395460.0,0.000268465212085,0.0002684670819454,0.0002483462292822,0.0002567132416512,10240.9653706835
1737395520.0,0.0002567132416512,0.0003346628385537,0.000251041138484,0.0003345796385733,11573.07801592585
1737395580.0,0.0003345796385733,0.0003361738007303,0.0003175755492156,0.0003313905485938,14626.47468858223
1737395640.0,0.0003313905485938,0.0003447279440339,0.0003208569228122,0.000342859206431,14402.56802082436
1737395700.0,0.000342859206431,0.0003430210211184,0.0003238662552074,0.0003419846525189,16184.74396037585
1737395760.0,0.0003419846525189,0.0003475964165526,0.0003241707990565,0.0003451419104419,13167.71046520674
1737395820.0,0.0003451419104419,0.000349573255523,0.0003298029439114,0.000349573255523,14435.82799615346
1737395880.0,0.000349573255523,0.0003514641597284,0.0003301755684266,0.0003514640573608,15307.58213338578
1737395940.0,0.0003514640573608,0.0003519085154347,0.0003344402302882,0.0003462182084291,14404.7125338184
1737396000.0,0.0003462182084291,0.0003615838905176,0.0003356160950411,0.0003548742522271,13631.36141579003
1737396060.0,0.0003548742522271,0.000358211564534,0.0003392868139282,0.0003582109827251,13343.81118560936
1737396120.0,0.0003582109827251,0.000358920632235,0.000341740847155,0.0003588569454766,14726.53015446846
1737396180.0,0.0003588569454766,0.000385671628187,0.0003454648489338,0.000379412874415,13448.93606167469
1737396240.0,0.000379412874415,0.0004009502760645,0.0003777223164563,0.0004009495487895,12553.7327768146
1737396300.0,0.0004009495487895,0.0004369972617879,0.0003866845606288,0.000422282442047,12661.95034160991
1737396360.0,0.000422282442047,0.0004237380072961,0.0004006324697588,0.0004026527281366,8518.2083149794
1737396420.0,0.0004026527281366,0.0004167252577949,0.0003845006904739,0.0004056688978719,11963.99632429552
1737396480.0,0.0004056688978719,0.0004333857614709,0.0004006959609324,0.0004311797772701,15902.32983503401
1737396540.0,0.0004311797772701,0.0004430085338588,0.0004189308965986,0.0004430085338588,14493.54873507253
1737396600.0,0.0004430085338588,0.0004519263761549,0.0004256748920981,0.0004512425913674,15981.62539662311
1737396660.0,0.0004512425913674,0.0004581192834442,0.0004364658625713,0.0004580146961187,14960.00003696319
1737396720.0,0.0004580146961187,0.0004581103108677,0.0004368807134728,0.0004458437415751,16137.44944286194
1737396780.0,0.0004458437415751,0.0004570993220983,0.0004357982210668,0.0004563304473411,14330.87408552052
1737396840.0,0.0004563304473411,0.0004584756316024,0.0004357486740364,0.0004526481947457,13891.56120834758
1737396900.0,0.0004526481947457,0.0004526481947457,0.00043021784119,0.0004413054956464,7495.28791937062
1737396960.0,0.0004413054956464,0.0004497420949769,0.0004263615098709,0.0004442002106516,12732.06922189898
1737397020.0,0.0004442002106516,0.0004442009215839,0.0004245581331052,0.0004404066338476,9485.52967982602
1737397080.0,0.0004404066338476,0.000442699623809,0.00042161249229,0.0004409040992607,15123.21570903933
1737397140.0,0.0004409040992607,0.0004409231935483,0.0004092572033382,0.0004302608091154,11670.43272390315
1737397200.0,0.0004302608091154,0.0004388102610657,0.0004132957514455,0.0004388102610657,12840.1983939498
1737397260.0,0.0004388102610657,0.0004447073936485,0.0004228753914934,0.0004413356664181,14063.70920986596
1737397320.0,0.0004413356664181,0.0004427906345739,0.0004244016861992,0.0004369745624421,9275.43106391727
1737397380.0,0.0004369745624421,0.000445510126154,0.0004140130944992,0.0004455100453005,12233.83430010566
1737397440.0,0.0004455100453005,0.000445842953983,0.0004247806965298,0.0004441767618532,16237.80747313158
1737397500.0,0.0004441767618532,0.0004452714730711,0.0004260926164905,0.0004451710123241,14398.95331458333
1737397560.0,0.0004451710123241,0.0004557574795497,0.0004263491774999,0.0004557574795497,16767.4383886077
1737397620.0,0.0004557574795497,0.0004614057799689,0.0004251413853546,0.0004431885144618,12660.9812825006
1737397680.0,0.0004431885144618,0.0004432245255348,0.0004229061307531,0.0004423701810129,14497.68643030131
1737397740.0,0.0004423701810129,0.0004423706588339,0.0004247940210157,0.0004415084401639,13901.36327481543
1737397800.0,0.0004415084401639,0.0004433540550614,0.0004235610473761,0.0004433538950917,13784.87874895588
1737397860.0,0.0004433538950917,0.0004433543750011,0.0004231892347699,0.0004425361835386,15699.32358337572
1737397920.0,0.0004425361835386,0.0004465535606359,0.0004218376239623,0.0004359219328323,17147.55105412291
1737397980.0,0.0004359219328323,0.0004485869470895,0.0004287877850627,0.0004336000227092,20509.37024302354
1737398040.0,0.0004336000227092,0.0004673367722486,0.0004329283293875,0.0004673367722486,23177.49272155916
1737398100.0,0.0004673367722486,0.0004683212852537,0.0004471145903692,0.0004585846693377,19222.70624590712
1737398160.0,0.0004585846693377,0.0004800265029976,0.0004427731954392,0.00044893281321,16896.18293026287
1737398220.0,0.00044893281321,0.0004586025558233,0.0004386928938559,0.0004586025558233,17782.85829554279
1737398280.0,0.0004586025558233,0.0004594904906203,0.0004375947312462,0.0004375947312462,19351.61479425054
1737398340.0,0.0004375947312462,0.0004632600991647,0.0004373519606312,0.0004528178287608,20926.71516438088
1737398400.0,0.0004528178287608,0.0004669411322972,0.0004454089767281,0.0004665801227024,18542.41792798905
1737398460.0,0.0004665801227024,0.000466855799534,0.0004461938871002,0.0004568361048121,18553.27252989499
1737398520.0,0.0004568361048121,0.0004704360694793,0.0004492288986022,0.0004635640995664,17938.89351915899
1737398580.0,0.0004635640995664,0.0004677030734477,0.0004468368783012,0.000454352649219,21495.21059605542
1737398640.0,0.000454352649219,0.0004728638493785,0.0004503487174957,0.0004728638493785,17085.94792043275
1737398700.0,0.0004728638493785,0.0004736077573777,0.0004524122023742,0.0004524122023742,21326.297226996
1737398760.0,0.0004524122023742,0.0004809671911482,0.0004520147066937,0.0004769026122972,17140.15282433767
1737398820.0,0.0004769026122972,0.0004847579532123,0.0004608173486914,0.0004778321363136,20324.52059488774
1737398880.0,0.0004778321363136,0.0004852247401774,0.0004669175500905,0.0004757795226293,13358.03199834422
1737398940.0,0.0004757795226293,0.0004777633662183,0.0004579212677289,0.0004594614293256,17075.84932062816
1737399000.0,0.0004594614293256,0.0004744690701811,0.000451090524718,0.0004615911282688,6701.44165754438
1737399060.0,0.0004615911282688,0.0004674201908147,0.0004465313822645,0.0004618893941575,17897.54752342901
1737399120.0,0.0004618893941575,0.0004674574343283,0.0004496653439795,0.0004552158595971,17255.8675591353
1737399180.0,0.0004552158595971,0.0004643108377085,0.0004468780266066,0.0004525150835303,19344.82019364698
1737399240.0,0.0004525150835303,0.0004658656854653,0.0004455519556586,0.0004580516680015,17379.6963595391
1737399300.0,0.0004580516680015,0.0004609254563651,0.0004254573087669,0.0004254573087669,6084.56026821254
1737399360.0,0.0004254573087669,0.0004356384706917,0.000414074380846,0.0004216324601517,12392.10756608564
1737399420.0,0.0004216324601517,0.0004324102142578,0.0004154498156161,0.0004194169775609,18652.67689002538
1737399480.0,0.0004194169775609,0.0004286820554484,0.000391675018347,0.000391675018347,14296.62445530607
1737399540.0,0.000391675018347,0.0004237941444115,0.000391675018347,0.0004217609199815,12400.78753640575
1737399600.0,0.0004217609199815,0.0004218009799639,0.0004016393866943,0.000418251436122,9005.40134431924
1737399660.0,0.000418251436122,0.0004182523497289,0.0003963918639462,0.000409663941621,17924.4523497794
1737399720.0,0.000409663941621,0.0004144652638953,0.0003941037272383,0.0004127322263979,18192.22424346791
1737399780.0,0.0004127322263979,0.0004154111835105,0.0003957569981339,0.0004152985874721,19589.45548356079
1737399840.0,0.0004152985874721,0.0004180017081093,0.0004019526257819,0.0004177915203244,16446.70921332257
1737399900.0,0.0004177915203244,0.0004243026725591,0.0004008748887496,0.000424199178791,21116.74752478286
1737399960.0,0.000424199178791,0.0004241997613028,0.0004038351146891,0.000422916447193,18697.31698267709
1737400020.0,0.000422916447193,0.0004233502131697,0.0004043509609447,0.0004233216327094,16686.12777572148
1737400080.0,0.0004233216327094,0.000436505206315,0.0004108395673872,0.0004364554161146,22682.90573219362
1737400140.0,0.0004364554161146,0.0004364571913838,0.0004176112606564,0.0004353514323769,17976.08944962438
1737400200.0,0.0004353514323769,0.0004689750401896,0.0004183931842887,0.0004258638063672,19856.95993282485
1737400260.0,0.0004258638063672,0.0004359939854717,0.0004139235322601,0.0004341352387778,11975.4366225982
1737400320.0,0.0004341352387778,0.0004347847507562,0.0004155136052001,0.0004346389093465,20281.92576992512
1737400380.0,0.0004346389093465,0.00043464059128,0.0004141376826293,0.0004331354201534,25224.30228652432
1737400440.0,0.0004331354201534,0.0004331358753616,0.0004121353042807,0.0004297929859381,14795.854053375
1737400500.0,0.0004297929859381,0.0004297936573843,0.0004049262162094,0.000423842467027,24625.18044888805
1737400560.0,0.000423842467027,0.000423842467027,0.0003969255472102,0.0004138527029519,23645.93062767023
1737400620.0,0.0004138527029519,0.00041385443307,0.0003943192834352,0.0004130780045519,29625.42356640077
1737400680.0,0.0004130780045519,0.0004130780045519,0.0003941179712556,0.0004105990813996,20767.12757434992
1737400740.0,0.0004105990813996,0.0004368954161072,0.0003902315858855,0.0004054963372164,24030.91618125967
1737400800.0,0.0004054963372164,0.0004054982038229,0.0003849738188545,0.0004010150146837,24054.45201612852
1737400860.0,0.0004010150146837,0.0004276244353661,0.0003799617536597,0.0003955647115342,27954.91200448365
1737400920.0,0.0003955647115342,0.0003976203041975,0.0003750320019387,0.0003790382175266,16124.65848886885
1737400980.0,0.0003790382175266,0.0003916506485772,0.0003659049171002,0.0003812000409125,29605.20657154341
1737401040.0,0.0003812000409125,0.0003815929424141,0.0003631901511891,0.0003809550920409,29326.7263387729
1737401100.0,0.0003809550920409,0.0004118039489316,0.0003626341055638,0.0003700256561476,35385.41577949395
1737401160.0,0.0003700256561476,0.0003847758174086,0.000366919730535,0.0003833776218275,27258.66200988316
1737401220.0,0.0003833776218275,0.0003841424502311,0.0003515002879641,0.0003753237044068,27614.30648337024
1737401280.0,0.0003753237044068,0.0003849254690923,0.0003670667483948,0.0003749303885144,22178.52887922344
1737401340.0,0.0003749303885144,0.0003848519481425,0.0003657930939263,0.0003831167238576,30412.56967878634
1737401400.0,0.0003831167238576,0.0003831174375014,0.000364187982292,0.0003821805472658,33936.26360832692
1737401460.0,0.0003821805472658,0.0003821805472658,0.0003622498774304,0.0003622498774304,31348.11526502606
1737401520.0,0.0003622498774304,0.0003807410765839,0.0003620203217501,0.0003692809663263,33454.53329067672
1737401580.0,0.0003692809663263,0.0003799870792646,0.0003596876902102,0.0003780642229445,34753.66205943988
1737401640.0,0.0003780642229445,0.0003799422679981,0.0003601783466824,0.0003684103724699,33703.6814717282
1737401700.0,0.0003684103724699,0.000382214403976,0.0003615244349554,0.0003676304607838,26366.36000518453
1737401760.0,0.0003676304607838,0.000391259881674,0.0003656042188077,0.0003795270298626,32105.38410887732
1737401820.0,0.0003795270298626,0.0004178984646652,0.0003761204555367,0.0003959661083204,34790.22418071602
1737401880.0,0.0003959661083204,0.0003997771293134,0.0003801206483723,0.000399695470118,29851.57214495505
1737401940.0,0.000399695470118,0.0003997107324574,0.0003767699352948,0.0003944471106117,28914.48808971103
1737402000.0,0.0003944471106117,0.000394726052496,0.0003756220714215,0.0003944064940277,33592.41516167312
1737402060.0,0.0003944064940277,0.0003944295116137,0.0003758778439049,0.0003937681958523,31217.2255435704
1737402120.0,0.0003937681958523,0.0003971430831611,0.0003774121746222,0.0003970069700895,34360.32573839812
1737402180.0,0.0003970069700895,0.000397007481618,0.0003765759250173,0.0003955325632785,27362.66664241702
1737402240.0,0.0003955325632785,0.0003955325632785,0.0003775250056716,0.0003843177520318,30065.11981280801
1737402300.0,0.0003843177520318,0.0003928597473627,0.0003734301746494,0.0003908338951965,34618.25086175344
1737402360.0,0.0003908338951965,0.0003912297422477,0.0003728083586637,0.000391174818503,32412.5125288043
1737402420.0,0.000391174818503,0.0003949040392612,0.0003755611116527,0.0003878739722771,28268.34067909549
1737402480.0,0.0003878739722771,0.0003973081791448,0.0003761919975202,0.0003972273196117,32007.35214273566
1737402540.0,0.0003972273196117,0.0003972273196117,0.0003783159407731,0.0003838914158345,23918.82798460371
1737402600.0,0.0003838914158345,0.0003945094714877,0.0003790668719543,0.0003928613518583,19789.41592605864
1737402660.0,0.0003928613518583,0.0003928613518583,0.0003748580285657,0.0003887806839777,24897.30527697601
1737402720.0,0.0003887806839777,0.0003966199460139,0.0003743096834799,0.0003965727289906,24951.86583865352
1737402780.0,0.0003965727289906,0.0003984130003251,0.0003775698852401,0.000377571502938,20264.14746111299
1737402840.0,0.000377571502938,0.000377571502938,0.0003621827380987,0.0003743521891929,18062.24301289951
1737402900.0,0.0003743521891929,0.0003743521891929,0.000363185955335,0.0003710505003912,15369.48675530956
1737402960.0,0.0003710505003912,0.0003720341091583,0.0003596616955754,0.0003633456984324,13248.78367585343
1737403020.0,0.0003633456984324,0.0003712927415999,0.0003581162356356,0.0003712604506074,14174.60934373828
1737403080.0,0.0003712604506074,0.0003717397153817,0.0003617156453265,0.000370800618096,14132.01220671611
1737403140.0,0.000370800618096,0.000370800618096,0.0003600256978024,0.0003680566872303,9457.66013988018
1737403200.0,0.0003680566872303,0.0003680567969814,0.0003570146731185,0.0003658632093438,9877.42877572167
1737403260.0,0.0003658632093438,0.0003660858083419,0.0003559487613495,0.0003644385110522,12792.9814903011
1737403320.0,0.0003644385110522,0.0003644390497269,0.0003557702823692,0.000362399434562,10177.88466425062
1737403380.0,0.000362399434562,0.0003624544170827,0.0003554681781661,0.000362324334231,8561.88082094381
1737403440.0,0.000362324334231,0.0003650038236871,0.000355593827905,0.0003614758680924,9515.18119283153
1737403500.0,0.0003614758680924,0.0003618158346372,0.0003535092300018,0.000361427337972,10318.19547018496
1737403560.0,0.000361427337972,0.0003629900195462,0.0003540561161349,0.0003629725479125,9666.31676247766
1737403620.0,0.0003629725479125,0.0003630223050034,0.0003487026466781,0.0003487053655856,8107.84551191125
1737403680.0,0.0003487053655856,0.0003487060082426,0.0003397765985549,0.0003405230718074,11503.56800417615
1737403740.0,0.0003405230718074,0.0003456392142582,0.0003382566238253,0.000344552709183,9253.61366205532
1737403800.0,0.000344552709183,0.0003462162329024,0.0003385627571793,0.0003426291888799,7780.7390459752
1737403860.0,0.0003426291888799,0.000349501589397,0.0003295328382709,0.0003466619394164,5953.34224977107
1737403920.0,0.0003466619394164,0.0003492988170135,0.0003438538183764,0.0003490956465711,8415.59036469748
1737403980.0,0.0003490956465711,0.0003504671238063,0.0003443705519863,0.0003452491434907,6935.6759489904
1737404040.0,0.0003452491434907,0.0003508025227871,0.0003452491434907,0.0003507390120299,7400.11163869952
1737404100.0,0.0003507390120299,0.0003507394606551,0.0003456522502152,0.0003506409154704,6452.14609363094
1737404160.0,0.0003506409154704,0.0003532751361165,0.0003462577497118,0.0003532750855376,7239.52881879402
1737404220.0,0.0003532750855376,0.0003538246306922,0.0003484793896465,0.0003536986345374,6127.7619082076
1737404280.0,0.0003536986345374,0.0003538831080934,0.000347800990106,0.0003515086394739,6576.32169426633
1737404340.0,0.0003515086394739,0.0003519944276134,0.0003298595414445,0.0003500288242768,7917.17481434858
1737404400.0,0.0003500288242768,0.0003516382421828,0.0003387692075818,0.0003509494152034,5434.53908650405
1737404460.0,0.0003509494152034,0.0003509885320917,0.0003419337131013,0.0003469246637063,4084.50929043715
1737404520.0,0.0003469246637063,0.0003485100959204,0.0003436690776023,0.000348266200534,4650.61985144706
1737404580.0,0.000348266200534,0.0003483981898731,0.0003440571657675,0.0003464958112891,5958.83686685698
1737404640.0,0.0003464958112891,0.000349998453336,0.0003426012268066,0.0003475363437151,4778.64007547276
1737404700.0,0.0003475363437151,0.0003560908268232,0.0003475363437151,0.0003538649375428,4053.00152555704
1737404760.0,0.0003538649375428,0.0003570787781018,0.0003521938335385,0.0003524248938858,5079.72680598622
1737404820.0,0.0003524248938858,0.0003532519586183,0.0003495063581999,0.0003532263024105,3600.2609132361
1737404880.0,0.0003532263024105,0.0003534704737272,0.0003495408236803,0.0003533889297265,4071.64318907246
1737404940.0,0.0003533889297265,0.0003533894343284,0.0003488323132605,0.0003519896989741,4208.14163259406
1737405000.0,0.0003519896989741,0.0003540990316449,0.0003485623273197,0.0003509842947848,4817.4496509029
1737405060.0,0.0003509842947848,0.0003882839480483,0.0003506803231201,0.0003636430602413,7293.09593239968
1737405120.0,0.0003636430602413,0.0003636430602413,0.0003563881874888,0.0003599258253275,4250.77453917714
1737405180.0,0.0003599258253275,0.0003641308649939,0.0003563839207302,0.0003641163996957,3769.5682950205
1737405240.0,0.0003641163996957,0.0003648739325048,0.0003609485033863,0.0003648521122632,2939.95941686486
1737405300.0,0.0003648521122632,0.0003655041585384,0.0003601656487277,0.0003635131596551,2453.64173439042
1737405360.0,0.0003635131596551,0.0004716336264563,0.0003598308297864,0.0003639138630813,15340.47066300502
1737405420.0,0.0003639138630813,0.0003648887930574,0.0003606001142995,0.0003629541414741,3010.12597366822
1737405480.0,0.0003629541414741,0.0003658101778215,0.0003616032655914,0.0003657900093077,2994.53478972582
1737405540.0,0.0003657900093077,0.000368103337597,0.0003626181731971,0.0003664417356604,3301.57887804605
1737405600.0,0.0003664417356604,0.0003759330031569,0.0003632755823219,0.0003759105090955,2374.40891678823
1737405660.0,0.0003759105090955,0.0003763053915015,0.0003726186165041,0.0003759207086046,2414.54594254956
1737405720.0,0.0003759207086046,0.0003759999209413,0.0003594816723169,0.000375862440486,11438.84340255287
1737405780.0,0.000375862440486,0.0003758627831868,0.0003572226543311,0.0003638793852448,31925.3815911753
1737405840.0,0.0003638793852448,0.0003638793852448,0.0003398689909347,0.0003422769360751,26451.43927786014
1737405900.0,0.0003422769360751,0.000355411746937,0.0003337105055737,0.0003377787521982,23447.38340151459
1737405960.0,0.0003377787521982,0.0003493850889353,0.0003302065369747,0.0003421682912479,16793.87784434352
1737406020.0,0.0003421682912479,0.0003421682912479,0.0003273185083006,0.0003318903270254,27512.81792081096
1737406080.0,0.0003318903270254,0.0003421935077233,0.0003256747189513,0.0003357618372005,34283.14126544283
1737406140.0,0.0003357618372005,0.0003385505716937,0.0003230253512166,0.0003230253512166,23062.49301955892
1737406200.0,0.0003230253512166,0.0003372107421956,0.0003227198678993,0.0003229829799405,30716.14485894786
1737406260.0,0.0003229829799405,0.0003364043038573,0.000321460993036,0.0003306859653328,31651.83829304207
1737406320.0,0.0003306859653328,0.0003343996647043,0.0003240865827986,0.0003327092497993,11523.66790455816
1737406380.0,0.0003327092497993,0.0003327092497993,0.0003149889145476,0.0003196896410013,8989.84886354532
1737406440.0,0.0003196896410013,0.0003318966601482,0.0003164083321276,0.0003257508076944,10487.55102024332
1737406500.0,0.0003257508076944,0.0003264550861479,0.0003086435583842,0.0003096677980216,9914.70751301663
1737406560.0,0.0003096677980216,0.0003288086071543,0.0003096677980216,0.0003201097628803,8828.11151268388
1737406620.0,0.0003201097628803,0.0003284627378336,0.0003121982951708,0.0003264834768899,8114.28254425843
1737406680.0,0.0003264834768899,0.0003264834768899,0.0003123789912323,0.0003195099653664,9304.71606744229
1737406740.0,0.0003195099653664,0.0003270189300552,0.0003106465068388,0.0003243343432198,9605.30464921846
1737406800.0,0.0003243343432198,0.0003469962421525,0.0003134180021645,0.0003391243910067,6972.41061171156
1737406860.0,0.0003391243910067,0.0003557253921766,0.0003386453166269,0.0003557253921766,5020.2440103189
1737406920.0,0.0003557253921766,0.000364183450039,0.0003399867626289,0.000364183450039,7939.69891399142
1737406980.0,0.000364183450039,0.0003650962039278,0.0003502417144474,0.0003639012056497,10088.36292471794
1737407040.0,0.0003639012056497,0.0003685923915575,0.0003547275255638,0.0003630654025821,6613.47728424811
1737407100.0,0.0003630654025821,0.0003725203744296,0.000346922772301,0.0003552297189023,6824.91035033825
1737407160.0,0.0003552297189023,0.0003731687651142,0.0003552297189023,0.0003580565219843,9744.9960681081
1737407220.0,0.0003580565219843,0.0003737733020392,0.0003562423260448,0.0003562423260448,7879.7538412895
1737407280.0,0.0003562423260448,0.0003695454666477,0.0003562423260448,0.0003606573588772,9959.90388524184
1737407340.0,0.0003606573588772,0.0003706604019756,0.0003575451966002,0.0003666250373623,7775.80972572238
1737407400.0,0.0003666250373623,0.0003740239745187,0.0003475500339733,0.0003550443454548,9604.36925358364
1737407460.0,0.0003550443454548,0.0003601796427123,0.000344538852814,0.000352492309571,8489.41118122552
1737407520.0,0.000352492309571,0.0003584864782917,0.0003438734077152,0.0003554345121031,6924.50786293991
1737407580.0,0.0003554345121031,0.00035543623553,0.0003401909499098,0.0003497603179417,9839.3971185922
1737407640.0,0.0003497603179417,0.0003519044539253,0.0003353643658068,0.0003403018198929,9041.22628752382
1737407700.0,0.0003403018198929,0.0003500629997261,0.0003358418453838,0.0003450609236605,10594.64867367951
1737407760.0,0.0003450609236605,0.0003523858978237,0.0003370357348759,0.0003523858978237,7841.2224358998
1737407820.0,0.0003523858978237,0.0003523858978237,0.000336043376286,0.0003459324810217,9766.9036718216
1737407880.0,0.0003459324810217,0.0003477302691553,0.0003374307892875,0.0003434431704518,8774.7036553997
1737407940.0,0.0003434431704518,0.0003497758214309,0.0003359379956645,0.0003421597143836,11371.20707278006
1737408000.0,0.0003421597143836,0.0003502378023994,0.0003377192722045,0.0003428453591161,10275.5365773438
1737408060.0,0.0003428453591161,0.0003555433119556,0.0003388758869602,0.0003555433119556,8412.83564768541
1737408120.0,0.0003555433119556,0.0003670994172797,0.0003463762598135,0.0003634255689058,6604.20655702719
1737408180.0,0.0003634255689058,0.0003679355126599,0.0003504338369386,0.0003617565581375,9388.28231142656
1737408240.0,0.0003617565581375,0.0003657574416483,0.0003508271038854,0.0003576240739461,9755.7541162393
1737408300.0,0.0003576240739461,0.0003662233218928,0.0003497774227646,0.0003662233218928,8657.30287129612
1737408360.0,0.0003662233218928,0.0003671290646474,0.0003502425862443,0.0003605949955856,10574.37064615042
1737408420.0,0.0003605949955856,0.0003652867694934,0.0003498216130571,0.0003544334192599,10466.37403934293
1737408480.0,0.0003544334192599,0.0003666016400898,0.0003534735201656,0.0003587290362154,7083.39080526798
1737408540.0,0.0003587290362154,0.000368420835339,0.000349072837115,0.000368420835339,12412.30467430336
1737408600.0,0.000368420835339,0.0003708658299792,0.0003550503518616,0.0003618555330985,8752.81200299274
1737408660.0,0.0003618555330985,0.0003692509989926,0.000345075875704,0.000354447201077,10219.08788298496
1737408720.0,0.000354447201077,0.00035991846352,0.0003490940837913,0.0003587331820702,5199.68556276378
1737408780.0,0.0003587331820702,0.0003587331820702,0.000345256842892,0.0003494605715073,9660.8659914642
1737408840.0,0.0003494605715073,0.0003573256553593,0.0003415325168829,0.0003499190901712,7300.14152143221
1737408900.0,0.0003499190901712,0.0003885915421176,0.0003448954862049,0.0003844915425887,5631.44509550888
1737408960.0,0.0003844915425887,0.0003919863187878,0.0003470747919731,0.0003532455777526,7986.13876811374
1737409020.0,0.0003532455777526,0.0003576845239343,0.0003417979676121,0.0003433793719126,7484.9050554594
1737409080.0,0.0003433793719126,0.0003543350368545,0.0003414717121477,0.0003502070325251,8688.12429315928
1737409140.0,0.0003502070325251,0.0003566988238632,0.0003426395499983,0.0003504386071544,5698.80926413514
1737409200.0,0.0003504386071544,0.0003504386071544,0.0003381572618986,0.0003385671951064,9999.3687068019
1737409260.0,0.0003385671951064,0.0003457423232845,0.0003328830444704,0.0003410853977698,7155.07662283966
1737409320.0,0.0003410853977698,0.0003719654472936,0.0003331991794977,0.0003628949314024,10713.57148829719
1737409380.0,0.0003628949314024,0.0003728261637464,0.0003553649833997,0.0003668247276835,12042.8722264522
1737409440.0,0.0003668247276835,0.0003728807906178,0.0003626546311492,0.00036531084712,5976.04948088206
1737409500.0,0.00036531084712,0.0003724522985799,0.0003572088416373,0.0003654533298567,9869.1481181986
1737409560.0,0.0003654533298567,0.0003748595110012,0.0003586782974985,0.0003638446660852,8977.06170970086
1737409620.0,0.0003638446660852,0.0003777310685938,0.0003607232004605,0.0003777310685938,7616.42240878255
1737409680.0,0.0003777310685938,0.0003814157194839,0.0003624972709758,0.0003767444932928,9814.21463242464
1737409740.0,0.0003767444932928,0.0003824613038916,0.0003665492817453,0.0003700801033714,9442.97091365428
1737409800.0,0.0003700801033714,0.0003813143813137,0.0003579915308398,0.0003579915308398,7427.20910079681
1737409860.0,0.0003579915308398,0.00037001353439,0.0003526281578502,0.0003572525559128,9197.88635931451
1737409920.0,0.0003572525559128,0.0003665056100585,0.0003436079218809,0.0003490388917537,10303.15896616972
1737409980.0,0.0003490388917537,0.0003574006309846,0.0003400846368283,0.0003431166850351,9872.61099115764
1737410040.0,0.0003431166850351,0.0003534818001072,0.0003377614753511,0.0003419598971507,7552.49235855652
1737410100.0,0.0003419598971507,0.0003646085884563,0.0003409201671048,0.0003646085884563,7468.99674788572
1737410160.0,0.0003646085884563,0.000366507942644,0.0003537283398016,0.0003568135016398,7868.98452856707
1737410220.0,0.0003568135016398,0.0003651412060375,0.0003519184631536,0.0003523195523821,7906.53373853
1737410280.0,0.0003523195523821,0.0003656081975,0.0003485085536448,0.000354186485293,11721.15491345076
1737410340.0,0.000354186485293,0.0003652005998791,0.0003479022813474,0.0003600150315055,10868.33846388838
1737410400.0,0.0003600150315055,0.0003649192059378,0.0003496461288978,0.0003596782270403,6624.50175165039
1737410460.0,0.0003596782270403,0.0003596782270403,0.0003405486414354,0.0003555508634181,8285.80112778795
1737410520.0,0.0003555508634181,0.0003633155941355,0.0003472548917362,0.0003633155941355,7372.12913987288
1737410580.0,0.0003633155941355,0.0003633821137183,0.0003512191160921,0.000361008375664,8549.05133260984
1737410640.0,0.000361008375664,0.0003670529281785,0.0003533842953321,0.0003597309578885,9248.08693296498
1737410700.0,0.0003597309578885,0.0003657294095234,0.0003518452245525,0.0003602738567091,7216.97135652477
1737410760.0,0.0003602738567091,0.000368167904909,0.0003526023513076,0.000368167904909,7101.53784980421
1737410820.0,0.000368167904909,0.0003734468534033,0.0003533875625519,0.0003655201219426,10852.98967058146
1737410880.0,0.0003655201219426,0.0003774695669462,0.0003629202037607,0.0003629202037607,8697.87381751412
1737410940.0,0.0003629202037607,0.0003823065405215,0.0003629202037607,0.0003670507255772,7667.70546754452
1737411000.0,0.0003670507255772,0.0003935210811208,0.0003670507255772,0.0003763218810212,12224.79136632472
1737411060.0,0.0003763218810212,0.0003902370292078,0.0003763218810212,0.0003843728366319,10027.96431453992
1737411120.0,0.0003843728366319,0.0003890223633295,0.0003728948685451,0.000379942224193,9073.67307713047
1737411180.0,0.000379942224193,0.0003908505254289,0.0003705169797871,0.0003833095193637,7140.9986550764
1737411240.0,0.0003833095193637,0.0003862152021301,0.000369935474467,0.0003768529498539,7436.08676720057
1737411300.0,0.0003768529498539,0.0003935442335538,0.0003692836164725,0.0003831382173297,9753.69747614552
1737411360.0,0.0003831382173297,0.0003947105844761,0.0003781621417912,0.0003786398170655,8891.60529586858
1737411420.0,0.0003786398170655,0.0004015879676907,0.0003719134891984,0.0003719134891984,9142.6957796922
1737411480.0,0.0003719134891984,0.0003818514043427,0.0003655221177679,0.0003794246723772,7980.31298721974
1737411540.0,0.0003794246723772,0.0003794246723772,0.0003654626594495,0.0003741825139658,7544.76645759521
1737411600.0,0.0003741825139658,0.0003741825139658,0.0003623593928236,0.0003737605834226,8586.69347448563
1737411660.0,0.0003737605834226,0.0003773128317528,0.0003589749158982,0.0003735026045586,6677.26783874501
1737411720.0,0.0003735026045586,0.0003821221554133,0.000367284171049,0.0003684301682005,9589.55077823204
1737411780.0,0.0003684301682005,0.0003775115368797,0.0003663667836571,0.0003703613587929,8807.93440180466
1737411840.0,0.0003703613587929,0.0003820388602281,0.0003675891308118,0.0003794891733633,9363.05999483052
1737411900.0,0.0003794891733633,0.0003800455237499,0.0003619999374396,0.0003620403567649,8201.92705755518
1737411960.0,0.0003620403567649,0.0003746861124917,0.0003620403567649,0.000366609044028,4585.6247334063
1737412020.0,0.000366609044028,0.0003734858709453,0.0003596010453785,0.0003672962540805,7376.85269521684
1737412080.0,0.0003672962540805,0.0003722969414431,0.0003606531446947,0.0003621507646805,5951.86946286764
1737412140.0,0.0003621507646805,0.000372100724075,0.0003579251228274,0.0003619705784369,8234.19883429506
1737412200.0,0.0003619705784369,0.000370200940677,0.0003563853742333,0.0003617775031076,6830.11152442102
1737412260.0,0.0003617775031076,0.0003702061051655,0.0003594658821746,0.0003647001841653,4936.50207757918
1737412320.0,0.0003647001841653,0.0003694384246425,0.0003568154203155,0.0003571096623168,9164.73985070262
1737412380.0,0.0003571096623168,0.000379420182561,0.0003571096623168,0.000379420182561,5788.4650595801
1737412440.0,0.000379420182561,0.0003794758354937,0.0003673275664802,0.0003673275664802,7647.05744167976
1737412500.0,0.0003673275664802,0.0003802428300174,0.0003673275664802,0.000377905060361,5672.39067284473
1737412560.0,0.000377905060361,0.000377905060361,0.0003670453023393,0.0003696618083948,4722.28578349059
1737412620.0,0.0003696618083948,0.0003829355910654,0.0003696618083948,0.0003744853257617,6771.12239047099
1737412680.0,0.0003744853257617,0.0003924184989479,0.0003744289769473,0.0003838025093764,7603.60637367336
1737412740.0,0.0003838025093764,0.0003940804675755,0.0003830076393699,0.0003898404130824,5425.76819557232
1737412800.0,0.0003898404130824,0.0003974685937495,0.000383985662751,0.0003922901217831,6342.6995677826
1737412860.0,0.0003922901217831,0.0004572658118107,0.0003535483182008,0.000367888580164,14712.83060505274
1737412920.0,0.000367888580164,0.000370232065356,0.0003606389476988,0.0003687049170122,5325.44279586303
1737412980.0,0.0003687049170122,0.0003687049170122,0.0003497894523375,0.0003582564637712,8381.79735199435
1737413040.0,0.0003582564637712,0.0003646893916706,0.000347694313529,0.0003646893916706,10483.77409340357
1737413100.0,0.0003646893916706,0.0003675108038869,0.0003527923363751,0.0003638959525395,11376.62634652632
1737413160.0,0.0003638959525395,0.0003685062016897,0.0003516342621014,0.0003684822945775,9200.73843040116
1737413220.0,0.0003684822945775,0.0003831440137806,0.0003531328174452,0.0003831440137806,11124.21996133382
1737413280.0,0.0003831440137806,0.0003852642637082,0.0003721337083867,0.00038521349618,8323.7691231329
1737413340.0,0.00038521349618,0.0003856699546346,0.0003714109679647,0.000385639771454,7495.0173585974
1737413400.0,0.000385639771454,0.0003865402688067,0.0003683655003945,0.0003790052368117,11013.3234155631
1737413460.0,0.0003790052368117,0.0003850140036737,0.0003694476581868,0.0003843714084881,7696.32041391496
1737413520.0,0.0003843714084881,0.0003886230224078,0.0003739779010098,0.0003885927112854,8531.10719703745
1737413580.0,0.0003885927112854,0.0003886735310798,0.000373153430102,0.0003886455240257,7123.92041582961
1737413640.0,0.0003886455240257,0.0003888620502637,0.0003607042138873,0.0003768939711622,12769.72267888332
1737413700.0,0.0003768939711622,0.0003769634077443,0.000360445460754,0.0003767747034092,9190.87254083338
1737413760.0,0.0003767747034092,0.0003768595290954,0.0003606623001819,0.0003751403976431,10605.47892605164
1737413820.0,0.0003751403976431,0.0003760520917408,0.0003578919675,0.0003760518651503,9365.6623113192
1737413880.0,0.0003760518651503,0.0003766916587915,0.0003605629871606,0.000376669390232,9707.6271748407
1737413940.0,0.000376669390232,0.0003783009128779,0.0003589809382231,0.0003782473755708,9490.34857395975
1737414000.0,0.0003782473755708,0.0003782497817789,0.00036169270553,0.0003777931373159,9691.03393155614
1737414060.0,0.0003777931373159,0.0003779501165248,0.0003626968235459,0.0003776220448839,6949.38840554098
1737414120.0,0.0003776220448839,0.000377629827301,0.0003632870161868,0.0003768580670422,9894.04296835558
1737414180.0,0.0003768580670422,0.0003768955542471,0.0003590728147192,0.0003762043102744,9920.26726393882
1737414240.0,0.0003762043102744,0.0003762117027853,0.0003425717096279,0.000357168227699,6091.80133005064
1737414300.0,0.000357168227699,0.000357231783755,0.0003374115024264,0.0003537698484024,7477.51042099828
1737414360.0,0.0003537698484024,0.00035393329381,0.0003372950212427,0.0003538399438469,7744.54683300569
1737414420.0,0.0003538399438469,0.0003541300902915,0.0003402689975357,0.0003478019289074,5076.95562544628
1737414480.0,0.0003478019289074,0.0003478019289074,0.0003306144836335,0.0003463882607671,9832.36539059991
1737414540.0,0.0003463882607671,0.0003463893213884,0.0003313659236026,0.0003461871909764,9437.37837331792
1737414600.0,0.0003461871909764,0.0003463915331652,0.0003321316388747,0.0003457867942932,7551.46068649149
1737414660.0,0.0003457867942932,0.0003457890544913,0.0003270432256997,0.0003386275734224,7560.2646464435
1737414720.0,0.0003386275734224,0.000338633754884,0.0003237838346965,0.0003380661320762,9705.17569242584
1737414780.0,0.0003380661320762,0.0003380688484346,0.0003184098153023,0.000330525186217,7126.34868977178
1737414840.0,0.000330525186217,0.000330525186217,0.0002926758416742,0.0003066264302747,10952.98190739134
1737414900.0,0.0003066264302747,0.0003066264302747,0.0002923504968468,0.0003053085344967,2288.85625819908
