0,1,2,3,4,5
1737342900.0,0.0001638459103319,0.000187098376733,0.0001167852656235,0.0001177163026924,11012.11058095868
1737342960.0,0.0001177163026924,0.0002209016138659,0.0001165837509145,0.0002169253009983,61760.84960390455
1737343020.0,0.0002169253009983,0.0005763246337163,0.0001981352757054,0.0005662009699712,106665.0790247838
1737343080.0,0.0005662009699712,0.0005662009699712,6.1239146543597e-05,7.42499191681388e-05,123551.15787728057
1737343140.0,7.42499191681388e-05,0.000268170329248,4.43132111466128e-05,0.000184659733789,79360.40833149423
1737343200.0,0.000184659733789,0.0006156144889282,0.0001652406584743,0.0006156144889282,71580.73128463278
1737343260.0,0.0006156144889282,0.0006198255312717,0.0004061226595402,0.0004393148092767,174287.89238276385
1737343320.0,0.0004393148092767,0.0010751039367659,0.0002728884598543,0.0009787244605969,102012.3361606747
1737343380.0,0.0009787244605969,0.0009865477607844,0.0004834586543472,0.0007992030522375,107643.41981800002
1737343440.0,0.0007992030522375,0.0009858134273565,0.0005608232819953,0.0005935785709557,124665.7071522918
1737343500.0,0.0005935785709557,0.0006527763139071,0.0003976914999552,0.0005101805549115,155610.96638582644
1737343560.0,0.0005101805549115,0.0005101805549115,0.0003086294825822,0.0003884060185634,117162.51129031795
1737343620.0,0.0003884060185634,0.0004779101870321,0.0002516890303116,0.0003643543047401,154371.19030034004
1737343680.0,0.0003643543047401,0.0004287768319787,0.0003278905132283,0.0003631738472344,112467.38021751956
1737343740.0,0.0003631738472344,0.000423795709285,0.0001584443123449,0.000174281075709,62243.86632814971
1737343800.0,0.000174281075709,0.000174281075709,7.01225968707088e-05,0.0001129160961655,30348.93243573543
1737343860.0,0.0001129160961655,0.0007326137448236,0.0001129160961655,0.0007196091638685,137743.45104986086
1737343920.0,0.0007196091638685,0.0008516123465139,0.0005739258033546,0.0007924347496369,192402.36234533796
1737343980.0,0.0007924347496369,0.0019286920139934,0.0007156660190375,0.0013400325806054,163954.06819586363
1737344040.0,0.0013400325806054,0.0023523302540768,0.0006777224280317,0.0006784803254912,247285.93290137095
1737344100.0,0.0006784803254912,0.0011271331653382,0.0006229883601077,0.0010815350908127,174142.59003175714
1737344160.0,0.0010815350908127,0.0011244308084506,0.0002382561719807,0.0003391666406483,128294.31021791649
1737344220.0,0.0003391666406483,0.000424455074471,0.0001564352473277,0.0001791300606884,92701.61616198022
1737344280.0,0.0001791300606884,0.0001934550681627,0.0001545121108689,0.000173131269639,28163.74610875262
1737344340.0,0.000173131269639,0.0001779267104512,9.97991035786302e-05,0.0001698403386321,38692.35421035861
1737344400.0,0.0001698403386321,0.0002550106752886,0.0001304958737053,0.0002193168154186,54011.5281045466
1737344460.0,0.0002193168154186,0.0002193168154186,5.02300981e-05,5.05612592653208e-05,18033.99566357372
1737344520.0,5.05612592653208e-05,5.07144461860204e-05,2.049724332e-05,2.049724332e-05,5782.12530059531
1737344580.0,2.049724332e-05,2.049724332e-05,9.75746072e-06,9.85956039276875e-06,3040.01422920928
1737344640.0,9.85956039276875e-06,9.87044317961185e-06,6.82871587265026e-06,6.84172548e-06,3382.87169031167
1737344700.0,6.84172548e-06,6.84172548e-06,6.0578415e-06,6.06744145540496e-06,834.63989075235
1737344760.0,6.06744145540496e-06,6.06744145540496e-06,5.78501294e-06,5.84660011880826e-06,149.94958927878
1737344820.0,5.84660011880826e-06,6.23452028659277e-06,5.83907352855153e-06,6.23452028659277e-06,171.61705603786
1737344880.0,6.23452028659277e-06,7.16161627461567e-06,6.23452028659277e-06,7.04590190057538e-06,521.7085104163
1737344940.0,7.04590190057538e-06,7.26846047772173e-06,7.04550015103775e-06,7.26846047772173e-06,98.35034370933
1737345000.0,7.26846047772173e-06,7.29314578221366e-06,7.26846047772173e-06,7.29314578221366e-06,11.97108
1737345060.0,7.29314578221366e-06,7.29314578221366e-06,5.71731971623032e-06,5.71731971623032e-06,665.21835657764
1737345120.0,5.71731971623032e-06,5.71731971623032e-06,5.54602051642969e-06,5.54602051642969e-06,115.94404821713
1737345180.0,5.54602051642969e-06,5.54602051642969e-06,5.54602051642969e-06,5.54602051642969e-06,0.0
1737345240.0,5.54602051642969e-06,5.54602051642969e-06,5.44618328280736e-06,5.44618328280736e-06,0.17429852025
1737345300.0,5.44618328280736e-06,5.44618328280736e-06,5.43158431779249e-06,5.43158431779249e-06,7.46980461734
1737345360.0,5.43158431779249e-06,5.43158431779249e-06,5.42817805113885e-06,5.42817805113885e-06,0.4314012016
1737345420.0,5.42817805113885e-06,5.43185824033225e-06,5.42817805113885e-06,5.43185824033225e-06,3.22019793182
1737345480.0,5.43185824033225e-06,5.43185824033225e-06,5.43185824033225e-06,5.43185824033225e-06,0.0
1737345540.0,5.43185824033225e-06,5.43185824033225e-06,5.43185824033225e-06,5.43185824033225e-06,0.0
1737345600.0,5.43185824033225e-06,5.43185824033225e-06,5.36235080224008e-06,5.36235080224008e-06,48.49159764856
1737345660.0,5.36235080224008e-06,5.36235080224008e-06,5.36235080224008e-06,5.36235080224008e-06,0.0
1737345720.0,5.36235080224008e-06,5.36235080224008e-06,5.36235080224008e-06,5.36235080224008e-06,0.0
1737345780.0,5.36235080224008e-06,5.36235080224008e-06,5.36235080224008e-06,5.36235080224008e-06,0.0
1737345840.0,5.36235080224008e-06,5.36235080224008e-06,5.28768467111904e-06,5.28768467111904e-06,10.71566761649
1737345900.0,5.28768467111904e-06,5.28768467111904e-06,5.28768467111904e-06,5.28768467111904e-06,0.0
1737345960.0,5.28768467111904e-06,5.28768467111904e-06,5.28768467111904e-06,5.28768467111904e-06,0.0
1737346020.0,5.28768467111904e-06,5.28768467111904e-06,5.28768467111904e-06,5.28768467111904e-06,0.0
1737346080.0,5.28768467111904e-06,5.28768467111904e-06,5.27217009978484e-06,5.27217009978484e-06,0.70048131045
1737346140.0,5.27217009978484e-06,5.30774709769265e-06,5.27217009978484e-06,5.30774709769265e-06,10.0178422129
1737346200.0,5.30774709769265e-06,5.30774709769265e-06,5.30774709769265e-06,5.30774709769265e-06,0.0
1737346260.0,5.30774709769265e-06,5.30774709769265e-06,5.30774709769265e-06,5.30774709769265e-06,0.0
1737346320.0,5.30774709769265e-06,5.30774709769265e-06,5.30774709769265e-06,5.30774709769265e-06,0.0
1737346380.0,5.30774709769265e-06,5.30774709769265e-06,5.30249324737993e-06,5.30249324737993e-06,0.01679518676
1737346440.0,5.30249324737993e-06,5.30249324737993e-06,5.30249324737993e-06,5.30249324737993e-06,0.0
1737346500.0,5.30249324737993e-06,5.30249324737993e-06,5.30249324737993e-06,5.30249324737993e-06,0.0
1737346560.0,5.30249324737993e-06,5.30249324737993e-06,5.30249324737993e-06,5.30249324737993e-06,0.0
1737346620.0,5.30249324737993e-06,5.30249324737993e-06,5.30249324737993e-06,5.30249324737993e-06,0.0
1737346680.0,5.30249324737993e-06,5.30249324737993e-06,5.30249324737993e-06,5.30249324737993e-06,0.0
1737346740.0,5.30249324737993e-06,5.30249324737993e-06,5.30249324737993e-06,5.30249324737993e-06,0.0
1737346800.0,5.30249324737993e-06,5.30249324737993e-06,5.30249324737993e-06,5.30249324737993e-06,0.0
1737346860.0,5.30249324737993e-06,5.30249324737993e-06,5.30249324737993e-06,5.30249324737993e-06,0.0
1737346920.0,5.30249324737993e-06,5.30249324737993e-06,5.23512440376424e-06,5.23512440376424e-06,51.5378956445
1737346980.0,5.23512440376424e-06,5.23512440376424e-06,5.23512440376424e-06,5.23512440376424e-06,0.0
1737347040.0,5.23512440376424e-06,5.23512440376424e-06,5.23512440376424e-06,5.23512440376424e-06,0.0
1737347100.0,5.23512440376424e-06,5.23512440376424e-06,5.23512440376424e-06,5.23512440376424e-06,0.0
1737347160.0,5.23512440376424e-06,5.23512440376424e-06,5.23512440376424e-06,5.23512440376424e-06,0.0
1737347220.0,5.23512440376424e-06,5.23512440376424e-06,5.23512440376424e-06,5.23512440376424e-06,0.0
1737347280.0,5.23512440376424e-06,5.23512440376424e-06,5.23512440376424e-06,5.23512440376424e-06,0.0
1737347340.0,5.23512440376424e-06,5.23512440376424e-06,5.19436142655311e-06,5.19436142655311e-06,5.27494
1737347400.0,5.19436142655311e-06,5.19436142655311e-06,5.19436142655311e-06,5.19436142655311e-06,0.0
1737347460.0,5.19436142655311e-06,5.19436142655311e-06,5.19436142655311e-06,5.19436142655311e-06,0.0
1737347520.0,5.19436142655311e-06,5.26949822706559e-06,5.19436142655311e-06,5.26949822706559e-06,59.53960606095
1737347580.0,5.26949822706559e-06,5.26949822706559e-06,5.26949822706559e-06,5.26949822706559e-06,0.0
1737347640.0,5.26949822706559e-06,5.26949822706559e-06,5.25215397816602e-06,5.25215397816602e-06,50.5834037324
1737347700.0,5.25215397816602e-06,5.25215397816602e-06,5.25215397816602e-06,5.25215397816602e-06,0.0
1737347760.0,5.25215397816602e-06,5.25215397816602e-06,5.25215397816602e-06,5.25215397816602e-06,0.0
1737347820.0,5.25215397816602e-06,5.25215397816602e-06,5.25215397816602e-06,5.25215397816602e-06,0.0
1737347880.0,5.25215397816602e-06,5.25215397816602e-06,5.25215397816602e-06,5.25215397816602e-06,0.0
1737347940.0,5.25215397816602e-06,5.25215397816602e-06,5.25215397816602e-06,5.25215397816602e-06,0.0
1737348000.0,5.25215397816602e-06,5.25215397816602e-06,5.25215397816602e-06,5.25215397816602e-06,0.0
1737348060.0,5.25215397816602e-06,5.25215397816602e-06,5.25215397816602e-06,5.25215397816602e-06,0.0
1737348120.0,5.25215397816602e-06,5.25215397816602e-06,5.25215397816602e-06,5.25215397816602e-06,0.0
1737348180.0,5.25215397816602e-06,5.25215397816602e-06,5.25215397816602e-06,5.25215397816602e-06,0.0
1737348240.0,5.25215397816602e-06,5.27711009363176e-06,5.25215397816602e-06,5.27711009363176e-06,1.08871408815
1737348300.0,5.27711009363176e-06,5.27711009363176e-06,5.27711009363176e-06,5.27711009363176e-06,0.0
1737348360.0,5.27711009363176e-06,5.27711009363176e-06,5.27711009363176e-06,5.27711009363176e-06,0.0
1737348420.0,5.27711009363176e-06,5.27711009363176e-06,5.27711009363176e-06,5.27711009363176e-06,0.0
1737348480.0,5.27711009363176e-06,5.27711009363176e-06,5.27711009363176e-06,5.27711009363176e-06,0.0
1737348540.0,5.27711009363176e-06,5.27711009363176e-06,5.27711009363176e-06,5.27711009363176e-06,0.0
1737348600.0,5.27711009363176e-06,5.31128433818267e-06,5.27711009363176e-06,5.31128433818267e-06,2.01614372695
1737348660.0,5.31128433818267e-06,5.31128433818267e-06,5.31128433818267e-06,5.31128433818267e-06,0.0
1737348720.0,5.31128433818267e-06,5.31128433818267e-06,5.31128433818267e-06,5.31128433818267e-06,0.0
1737348780.0,5.31128433818267e-06,5.31128433818267e-06,5.31128433818267e-06,5.31128433818267e-06,0.0
1737348840.0,5.31128433818267e-06,5.31128433818267e-06,5.31128433818267e-06,5.31128433818267e-06,0.0
1737348900.0,5.31128433818267e-06,5.31128433818267e-06,5.31128433818267e-06,5.31128433818267e-06,0.0
1737348960.0,5.31128433818267e-06,5.31128433818267e-06,5.23149651423412e-06,5.23149651423412e-06,43.493939888
1737349020.0,5.23149651423412e-06,5.23149651423412e-06,5.23149651423412e-06,5.23149651423412e-06,0.0
1737349080.0,5.23149651423412e-06,5.23149651423412e-06,5.23149651423412e-06,5.23149651423412e-06,0.0
1737349140.0,5.23149651423412e-06,5.23149651423412e-06,5.23149651423412e-06,5.23149651423412e-06,0.0
1737349200.0,5.23149651423412e-06,5.23149651423412e-06,5.23149651423412e-06,5.23149651423412e-06,0.0
1737349260.0,5.23149651423412e-06,5.23149651423412e-06,5.23149651423412e-06,5.23149651423412e-06,0.0
1737349320.0,5.23149651423412e-06,5.23149651423412e-06,5.23149651423412e-06,5.23149651423412e-06,0.0
1737349380.0,5.23149651423412e-06,5.23149651423412e-06,5.23149651423412e-06,5.23149651423412e-06,0.0
1737349440.0,5.23149651423412e-06,5.23149651423412e-06,5.23149651423412e-06,5.23149651423412e-06,0.0
1737349500.0,5.23149651423412e-06,5.23149651423412e-06,5.23149651423412e-06,5.23149651423412e-06,0.0
1737349560.0,5.23149651423412e-06,5.23149651423412e-06,5.23149651423412e-06,5.23149651423412e-06,0.0
1737349620.0,5.23149651423412e-06,5.23149651423412e-06,5.23149651423412e-06,5.23149651423412e-06,0.0
1737349680.0,5.23149651423412e-06,5.23149651423412e-06,5.23149651423412e-06,5.23149651423412e-06,0.0
1737349740.0,5.23149651423412e-06,5.23149651423412e-06,5.23149651423412e-06,5.23149651423412e-06,0.0
1737349800.0,5.23149651423412e-06,5.23149651423412e-06,5.23149651423412e-06,5.23149651423412e-06,0.0
1737349860.0,5.23149651423412e-06,5.23149651423412e-06,5.23149651423412e-06,5.23149651423412e-06,0.0
1737349920.0,5.23149651423412e-06,5.24281359981007e-06,5.23149651423412e-06,5.24281359981007e-06,0.0210950703
1737349980.0,5.24281359981007e-06,5.24281359981007e-06,5.24281359981007e-06,5.24281359981007e-06,0.0
1737350040.0,5.24281359981007e-06,5.24281359981007e-06,5.24281359981007e-06,5.24281359981007e-06,0.0
1737350100.0,5.24281359981007e-06,5.24281359981007e-06,5.24281359981007e-06,5.24281359981007e-06,0.0
1737350160.0,5.24281359981007e-06,5.24281359981007e-06,5.24281359981007e-06,5.24281359981007e-06,0.0
1737350220.0,5.24281359981007e-06,5.24281359981007e-06,5.24281359981007e-06,5.24281359981007e-06,0.0
1737350280.0,5.24281359981007e-06,5.24281359981007e-06,5.24281359981007e-06,5.24281359981007e-06,0.0
1737350340.0,5.24281359981007e-06,5.24281359981007e-06,5.24281359981007e-06,5.24281359981007e-06,0.0
1737350400.0,5.24281359981007e-06,5.24281359981007e-06,5.24281359981007e-06,5.24281359981007e-06,0.0
1737350460.0,5.24281359981007e-06,5.24281359981007e-06,5.24281359981007e-06,5.24281359981007e-06,0.0
1737350520.0,5.24281359981007e-06,5.24281359981007e-06,5.24281359981007e-06,5.24281359981007e-06,0.0
1737350580.0,5.24281359981007e-06,5.24281359981007e-06,5.24281359981007e-06,5.24281359981007e-06,0.0
1737350640.0,5.24281359981007e-06,5.24281359981007e-06,5.21434549649305e-06,5.21434549649305e-06,8.69168890224
1737350700.0,5.21434549649305e-06,5.21434549649305e-06,5.21434549649305e-06,5.21434549649305e-06,0.0
1737350760.0,5.21434549649305e-06,5.21434549649305e-06,5.21434549649305e-06,5.21434549649305e-06,0.0
1737350820.0,5.21434549649305e-06,5.21434549649305e-06,5.21434549649305e-06,5.21434549649305e-06,0.0
1737350880.0,5.21434549649305e-06,5.21434549649305e-06,5.21434549649305e-06,5.21434549649305e-06,0.0
1737350940.0,5.21434549649305e-06,5.21434549649305e-06,5.21434549649305e-06,5.21434549649305e-06,0.0
1737351000.0,5.21434549649305e-06,5.21434549649305e-06,5.21434549649305e-06,5.21434549649305e-06,0.0
1737351060.0,5.21434549649305e-06,5.21434549649305e-06,5.21434549649305e-06,5.21434549649305e-06,0.0
1737351120.0,5.21434549649305e-06,5.21434549649305e-06,5.21434549649305e-06,5.21434549649305e-06,0.0
1737351180.0,5.21434549649305e-06,5.21434549649305e-06,5.21434549649305e-06,5.21434549649305e-06,0.0
1737351240.0,5.21434549649305e-06,5.21434549649305e-06,5.21434549649305e-06,5.21434549649305e-06,0.0
1737351300.0,5.21434549649305e-06,5.21434549649305e-06,5.21434549649305e-06,5.21434549649305e-06,0.0
1737351360.0,5.21434549649305e-06,5.21434549649305e-06,5.21434549649305e-06,5.21434549649305e-06,0.0
1737351420.0,5.21434549649305e-06,5.21434549649305e-06,5.21434549649305e-06,5.21434549649305e-06,0.0
1737351480.0,5.21434549649305e-06,5.21434549649305e-06,5.21434549649305e-06,5.21434549649305e-06,0.0
1737351540.0,5.21434549649305e-06,5.21434549649305e-06,5.21434549649305e-06,5.21434549649305e-06,0.0
1737351600.0,5.21434549649305e-06,5.21434549649305e-06,5.21434549649305e-06,5.21434549649305e-06,0.0
1737351660.0,5.21434549649305e-06,5.21434549649305e-06,5.21434549649305e-06,5.21434549649305e-06,0.0
1737351720.0,5.21434549649305e-06,5.21434549649305e-06,5.21434549649305e-06,5.21434549649305e-06,0.0
1737351780.0,5.21434549649305e-06,5.21434549649305e-06,5.21434549649305e-06,5.21434549649305e-06,0.0
1737351840.0,5.21434549649305e-06,5.21434549649305e-06,5.21434549649305e-06,5.21434549649305e-06,0.0
1737351900.0,5.21434549649305e-06,5.21434549649305e-06,5.21434549649305e-06,5.21434549649305e-06,0.0
1737351960.0,5.21434549649305e-06,5.21434549649305e-06,5.21434549649305e-06,5.21434549649305e-06,0.0
1737352020.0,5.21434549649305e-06,5.21434549649305e-06,5.21434549649305e-06,5.21434549649305e-06,0.0
1737352080.0,5.21434549649305e-06,5.21434549649305e-06,5.21434549649305e-06,5.21434549649305e-06,0.0
1737352140.0,5.21434549649305e-06,5.21434549649305e-06,5.21434549649305e-06,5.21434549649305e-06,0.0
1737352200.0,5.21434549649305e-06,5.21434549649305e-06,5.21434549649305e-06,5.21434549649305e-06,0.0
1737352260.0,5.21434549649305e-06,5.21434549649305e-06,5.21434549649305e-06,5.21434549649305e-06,0.0
1737352320.0,5.21434549649305e-06,5.21434549649305e-06,5.21434549649305e-06,5.21434549649305e-06,0.0
1737352380.0,5.21434549649305e-06,5.21434549649305e-06,5.21434549649305e-06,5.21434549649305e-06,0.0
1737352440.0,5.21434549649305e-06,5.21434549649305e-06,5.21434549649305e-06,5.21434549649305e-06,0.0
1737352500.0,5.21434549649305e-06,5.21434549649305e-06,5.21434549649305e-06,5.21434549649305e-06,0.0
1737352560.0,5.21434549649305e-06,5.21434549649305e-06,5.21434549649305e-06,5.21434549649305e-06,0.0
1737352620.0,5.21434549649305e-06,5.21434549649305e-06,5.21434549649305e-06,5.21434549649305e-06,0.0
1737352680.0,5.21434549649305e-06,5.21434549649305e-06,5.21434549649305e-06,5.21434549649305e-06,0.0
1737352740.0,5.21434549649305e-06,5.21434549649305e-06,5.21434549649305e-06,5.21434549649305e-06,0.0
1737352800.0,5.21434549649305e-06,5.21434549649305e-06,5.21434549649305e-06,5.21434549649305e-06,0.0
1737352860.0,5.21434549649305e-06,5.21434549649305e-06,5.21434549649305e-06,5.21434549649305e-06,0.0
1737352920.0,5.21434549649305e-06,5.21434549649305e-06,5.21434549649305e-06,5.21434549649305e-06,0.0
1737352980.0,5.21434549649305e-06,5.21434549649305e-06,5.21434549649305e-06,5.21434549649305e-06,0.0
1737353040.0,5.21434549649305e-06,5.21434549649305e-06,5.21434549649305e-06,5.21434549649305e-06,0.0
1737353100.0,5.21434549649305e-06,5.21434549649305e-06,5.21434549649305e-06,5.21434549649305e-06,0.0
1737353160.0,5.21434549649305e-06,5.21434549649305e-06,5.21434549649305e-06,5.21434549649305e-06,0.0
1737353220.0,5.21434549649305e-06,5.21434549649305e-06,5.21434549649305e-06,5.21434549649305e-06,0.0
1737353280.0,5.21434549649305e-06,5.21434549649305e-06,5.21434549649305e-06,5.21434549649305e-06,0.0
1737353340.0,5.21434549649305e-06,5.21434549649305e-06,5.21434549649305e-06,5.21434549649305e-06,0.0
1737353400.0,5.21434549649305e-06,5.21434549649305e-06,5.21434549649305e-06,5.21434549649305e-06,0.0
1737353460.0,5.21434549649305e-06,5.21434549649305e-06,5.21434549649305e-06,5.21434549649305e-06,0.0
1737353520.0,5.21434549649305e-06,5.21434549649305e-06,5.21434549649305e-06,5.21434549649305e-06,0.0
1737353580.0,5.21434549649305e-06,5.21434549649305e-06,5.21434549649305e-06,5.21434549649305e-06,0.0
1737353640.0,5.21434549649305e-06,5.21434549649305e-06,5.21434549649305e-06,5.21434549649305e-06,0.0
1737353700.0,5.21434549649305e-06,5.21434549649305e-06,5.21434549649305e-06,5.21434549649305e-06,0.0
1737353760.0,5.21434549649305e-06,5.21434549649305e-06,5.21434549649305e-06,5.21434549649305e-06,0.0
1737353820.0,5.21434549649305e-06,5.21434549649305e-06,5.17853973188729e-06,5.17853973188729e-06,2.01598003195
1737353880.0,5.17853973188729e-06,5.17853973188729e-06,5.17853973188729e-06,5.17853973188729e-06,0.0
1737353940.0,5.17853973188729e-06,5.18533419343398e-06,5.17853973188729e-06,5.18533419343398e-06,0.11576095268
1737354000.0,5.18533419343398e-06,5.18533419343398e-06,5.18533419343398e-06,5.18533419343398e-06,0.0
1737354060.0,5.18533419343398e-06,5.18533419343398e-06,5.18533419343398e-06,5.18533419343398e-06,0.0
1737354120.0,5.18533419343398e-06,5.18533419343398e-06,5.18533419343398e-06,5.18533419343398e-06,0.0
1737354180.0,5.18533419343398e-06,5.18533419343398e-06,5.18533419343398e-06,5.18533419343398e-06,0.0
1737354240.0,5.18533419343398e-06,5.18533419343398e-06,5.18533419343398e-06,5.18533419343398e-06,0.0
1737354300.0,5.18533419343398e-06,5.18533419343398e-06,5.18533419343398e-06,5.18533419343398e-06,0.0
1737354360.0,5.18533419343398e-06,5.18533419343398e-06,5.18533419343398e-06,5.18533419343398e-06,0.0
1737354420.0,5.18533419343398e-06,5.18533419343398e-06,5.18533419343398e-06,5.18533419343398e-06,0.0
1737354480.0,5.18533419343398e-06,5.18533419343398e-06,5.18533419343398e-06,5.18533419343398e-06,0.0
1737354540.0,5.18533419343398e-06,5.18533419343398e-06,5.18533419343398e-06,5.18533419343398e-06,0.0
1737354600.0,5.18533419343398e-06,5.18533419343398e-06,5.18533419343398e-06,5.18533419343398e-06,0.0
1737354660.0,5.18533419343398e-06,5.18533419343398e-06,5.18533419343398e-06,5.18533419343398e-06,0.0
1737354720.0,5.18533419343398e-06,5.18533419343398e-06,5.18533419343398e-06,5.18533419343398e-06,0.0
1737354780.0,5.18533419343398e-06,5.18533419343398e-06,5.18533419343398e-06,5.18533419343398e-06,0.0
1737354840.0,5.18533419343398e-06,5.18533419343398e-06,5.18533419343398e-06,5.18533419343398e-06,0.0
1737354900.0,5.18533419343398e-06,5.18533419343398e-06,5.18533419343398e-06,5.18533419343398e-06,0.0
1737354960.0,5.18533419343398e-06,5.18533419343398e-06,5.18533419343398e-06,5.18533419343398e-06,0.0
1737355020.0,5.18533419343398e-06,5.18533419343398e-06,5.18533419343398e-06,5.18533419343398e-06,0.0
1737355080.0,5.18533419343398e-06,5.18533419343398e-06,5.18533419343398e-06,5.18533419343398e-06,0.0
1737355140.0,5.18533419343398e-06,5.18533419343398e-06,5.18533419343398e-06,5.18533419343398e-06,0.0
1737355200.0,5.18533419343398e-06,5.25205060542981e-06,5.18533419343398e-06,5.24948896380405e-06,0.62808594749
1737355260.0,5.24948896380405e-06,5.24948896380405e-06,5.24948896380405e-06,5.24948896380405e-06,0.0
1737355320.0,5.24948896380405e-06,5.24948896380405e-06,5.24948896380405e-06,5.24948896380405e-06,0.0
1737355380.0,5.24948896380405e-06,5.24948896380405e-06,5.24948896380405e-06,5.24948896380405e-06,0.0
1737355440.0,5.24948896380405e-06,5.24948896380405e-06,5.24948896380405e-06,5.24948896380405e-06,0.0
1737355500.0,5.24948896380405e-06,5.24948896380405e-06,5.24948896380405e-06,5.24948896380405e-06,0.0
1737355560.0,5.24948896380405e-06,5.24948896380405e-06,5.24948896380405e-06,5.24948896380405e-06,0.0
1737355620.0,5.24948896380405e-06,5.24948896380405e-06,5.24948896380405e-06,5.24948896380405e-06,0.0
1737355680.0,5.24948896380405e-06,5.24948896380405e-06,5.24948896380405e-06,5.24948896380405e-06,0.0
1737355740.0,5.24948896380405e-06,5.24948896380405e-06,5.24948896380405e-06,5.24948896380405e-06,0.0
1737355800.0,5.24948896380405e-06,5.24948896380405e-06,5.24948896380405e-06,5.24948896380405e-06,0.0
1737355860.0,5.24948896380405e-06,5.24948896380405e-06,5.24948896380405e-06,5.24948896380405e-06,0.0
1737355920.0,5.24948896380405e-06,5.24948896380405e-06,5.24948896380405e-06,5.24948896380405e-06,0.0
1737355980.0,5.24948896380405e-06,5.24948896380405e-06,5.24948896380405e-06,5.24948896380405e-06,0.0
1737356040.0,5.24948896380405e-06,5.24948896380405e-06,5.24948896380405e-06,5.24948896380405e-06,0.0
1737356100.0,5.24948896380405e-06,5.24948896380405e-06,5.24948896380405e-06,5.24948896380405e-06,0.0
1737356160.0,5.24948896380405e-06,5.24948896380405e-06,5.24948896380405e-06,5.24948896380405e-06,0.0
1737356220.0,5.24948896380405e-06,5.24948896380405e-06,5.24948896380405e-06,5.24948896380405e-06,0.0
1737356280.0,5.24948896380405e-06,5.24948896380405e-06,5.24948896380405e-06,5.24948896380405e-06,0.0
1737356340.0,5.24948896380405e-06,5.24948896380405e-06,5.24948896380405e-06,5.24948896380405e-06,0.0
1737356400.0,5.24948896380405e-06,5.24948896380405e-06,5.24948896380405e-06,5.24948896380405e-06,0.0
1737356460.0,5.24948896380405e-06,5.24948896380405e-06,5.24948896380405e-06,5.24948896380405e-06,0.0
1737356520.0,5.24948896380405e-06,5.24948896380405e-06,5.24948896380405e-06,5.24948896380405e-06,0.0
1737356580.0,5.24948896380405e-06,5.24948896380405e-06,5.24948896380405e-06,5.24948896380405e-06,0.0
1737356640.0,5.24948896380405e-06,5.24948896380405e-06,5.24948896380405e-06,5.24948896380405e-06,0.0
1737356700.0,5.24948896380405e-06,5.24948896380405e-06,5.24948896380405e-06,5.24948896380405e-06,0.0
1737356760.0,5.24948896380405e-06,5.24948896380405e-06,5.24948896380405e-06,5.24948896380405e-06,0.0
1737356820.0,5.24948896380405e-06,5.24948896380405e-06,5.24948896380405e-06,5.24948896380405e-06,0.0
1737356880.0,5.24948896380405e-06,5.24948896380405e-06,5.24948896380405e-06,5.24948896380405e-06,0.0
1737356940.0,5.24948896380405e-06,5.24948896380405e-06,5.24948896380405e-06,5.24948896380405e-06,0.0
1737357000.0,5.24948896380405e-06,5.24948896380405e-06,5.24948896380405e-06,5.24948896380405e-06,0.0
1737357060.0,5.24948896380405e-06,5.24948896380405e-06,5.24948896380405e-06,5.24948896380405e-06,0.0
1737357120.0,5.24948896380405e-06,5.24948896380405e-06,5.24948896380405e-06,5.24948896380405e-06,0.0
1737357180.0,5.24948896380405e-06,5.24948896380405e-06,5.24948896380405e-06,5.24948896380405e-06,0.0
1737357240.0,5.24948896380405e-06,5.24948896380405e-06,5.24948896380405e-06,5.24948896380405e-06,0.0
1737357300.0,5.24948896380405e-06,5.24948896380405e-06,5.24948896380405e-06,5.24948896380405e-06,0.0
1737357360.0,5.24948896380405e-06,5.24948896380405e-06,5.24948896380405e-06,5.24948896380405e-06,0.0
1737357420.0,5.24948896380405e-06,5.24948896380405e-06,5.24948896380405e-06,5.24948896380405e-06,0.0
1737357480.0,5.24948896380405e-06,5.24948896380405e-06,5.24948896380405e-06,5.24948896380405e-06,0.0
1737357540.0,5.24948896380405e-06,5.24948896380405e-06,5.24948896380405e-06,5.24948896380405e-06,0.0
1737357600.0,5.24948896380405e-06,5.24948896380405e-06,5.24948896380405e-06,5.24948896380405e-06,0.0
1737357660.0,5.24948896380405e-06,5.24948896380405e-06,5.24948896380405e-06,5.24948896380405e-06,0.0
1737357720.0,5.24948896380405e-06,5.24948896380405e-06,5.24948896380405e-06,5.24948896380405e-06,0.0
1737357780.0,5.24948896380405e-06,5.24948896380405e-06,5.24948896380405e-06,5.24948896380405e-06,0.0
1737357840.0,5.24948896380405e-06,5.24948896380405e-06,5.24948896380405e-06,5.24948896380405e-06,0.0
1737357900.0,5.24948896380405e-06,5.24948896380405e-06,5.24948896380405e-06,5.24948896380405e-06,0.0
1737357960.0,5.24948896380405e-06,5.24948896380405e-06,5.24948896380405e-06,5.24948896380405e-06,0.0
1737358020.0,5.24948896380405e-06,5.24948896380405e-06,5.24948896380405e-06,5.24948896380405e-06,0.0
1737358080.0,5.24948896380405e-06,5.24948896380405e-06,5.24948896380405e-06,5.24948896380405e-06,0.0
1737358140.0,5.24948896380405e-06,5.24948896380405e-06,5.24948896380405e-06,5.24948896380405e-06,0.0
1737358200.0,5.24948896380405e-06,5.24948896380405e-06,5.24948896380405e-06,5.24948896380405e-06,0.0
1737358260.0,5.24948896380405e-06,5.24948896380405e-06,5.24948896380405e-06,5.24948896380405e-06,0.0
1737358320.0,5.24948896380405e-06,5.24948896380405e-06,5.24948896380405e-06,5.24948896380405e-06,0.0
1737358380.0,5.24948896380405e-06,5.24948896380405e-06,5.24948896380405e-06,5.24948896380405e-06,0.0
1737358440.0,5.24948896380405e-06,5.24948896380405e-06,5.24948896380405e-06,5.24948896380405e-06,0.0
1737358500.0,5.24948896380405e-06,5.45264627474863e-06,5.24948896380405e-06,5.45264627474863e-06,0.7197188216
1737358560.0,5.45264627474863e-06,5.45264627474863e-06,5.45264627474863e-06,5.45264627474863e-06,0.0
1737358620.0,5.45264627474863e-06,5.45264627474863e-06,5.45264627474863e-06,5.45264627474863e-06,0.0
1737358680.0,5.45264627474863e-06,5.45264627474863e-06,5.45264627474863e-06,5.45264627474863e-06,0.0
1737358740.0,5.45264627474863e-06,5.45264627474863e-06,5.45264627474863e-06,5.45264627474863e-06,0.0
1737358800.0,5.45264627474863e-06,5.45264627474863e-06,5.45264627474863e-06,5.45264627474863e-06,0.0
1737358860.0,5.45264627474863e-06,5.45264627474863e-06,5.45264627474863e-06,5.45264627474863e-06,0.0
1737358920.0,5.45264627474863e-06,5.45264627474863e-06,5.45264627474863e-06,5.45264627474863e-06,0.0
1737358980.0,5.45264627474863e-06,5.45264627474863e-06,5.45264627474863e-06,5.45264627474863e-06,0.0
1737359040.0,5.45264627474863e-06,5.45264627474863e-06,5.45264627474863e-06,5.45264627474863e-06,0.0
1737359100.0,5.45264627474863e-06,5.45264627474863e-06,5.45264627474863e-06,5.45264627474863e-06,0.0
1737359160.0,5.45264627474863e-06,5.45264627474863e-06,5.45264627474863e-06,5.45264627474863e-06,0.0
1737359220.0,5.45264627474863e-06,5.45264627474863e-06,5.45264627474863e-06,5.45264627474863e-06,0.0
1737359280.0,5.45264627474863e-06,5.45264627474863e-06,5.45264627474863e-06,5.45264627474863e-06,0.0
1737359340.0,5.45264627474863e-06,5.45264627474863e-06,5.45264627474863e-06,5.45264627474863e-06,0.0
1737359400.0,5.45264627474863e-06,5.45264627474863e-06,5.45264627474863e-06,5.45264627474863e-06,0.0
1737359460.0,5.45264627474863e-06,5.45264627474863e-06,5.45264627474863e-06,5.45264627474863e-06,0.0
1737359520.0,5.45264627474863e-06,5.45264627474863e-06,5.45264627474863e-06,5.45264627474863e-06,0.0
1737359580.0,5.45264627474863e-06,5.45264627474863e-06,5.45264627474863e-06,5.45264627474863e-06,0.0
1737359640.0,5.45264627474863e-06,5.45264627474863e-06,5.45264627474863e-06,5.45264627474863e-06,0.0
1737359700.0,5.45264627474863e-06,5.45264627474863e-06,5.45264627474863e-06,5.45264627474863e-06,0.0
1737359760.0,5.45264627474863e-06,5.45264627474863e-06,5.45264627474863e-06,5.45264627474863e-06,0.0
1737359820.0,5.45264627474863e-06,5.45264627474863e-06,5.45264627474863e-06,5.45264627474863e-06,0.0
1737359880.0,5.45264627474863e-06,5.52065441929393e-06,5.45264627474863e-06,5.52065441929393e-06,4.38832775907
1737359940.0,5.52065441929393e-06,5.52065441929393e-06,5.52065441929393e-06,5.52065441929393e-06,0.0
1737360000.0,5.52065441929393e-06,5.52065441929393e-06,5.52065441929393e-06,5.52065441929393e-06,0.0
1737360060.0,5.52065441929393e-06,5.52065441929393e-06,5.52065441929393e-06,5.52065441929393e-06,0.0
1737360120.0,5.52065441929393e-06,5.52065441929393e-06,5.52065441929393e-06,5.52065441929393e-06,0.0
1737360180.0,5.52065441929393e-06,5.52065441929393e-06,5.52065441929393e-06,5.52065441929393e-06,0.0
1737360240.0,5.52065441929393e-06,5.52065441929393e-06,5.52065441929393e-06,5.52065441929393e-06,0.0
1737360300.0,5.52065441929393e-06,5.52065441929393e-06,5.52065441929393e-06,5.52065441929393e-06,0.0
1737360360.0,5.52065441929393e-06,5.52065441929393e-06,5.52065441929393e-06,5.52065441929393e-06,0.0
1737360420.0,5.52065441929393e-06,5.52065441929393e-06,5.52065441929393e-06,5.52065441929393e-06,0.0
1737360480.0,5.52065441929393e-06,5.52065441929393e-06,5.52065441929393e-06,5.52065441929393e-06,0.0
1737360540.0,5.52065441929393e-06,5.52065441929393e-06,5.52065441929393e-06,5.52065441929393e-06,0.0
1737360600.0,5.52065441929393e-06,5.52065441929393e-06,5.52065441929393e-06,5.52065441929393e-06,0.0
1737360660.0,5.52065441929393e-06,5.52065441929393e-06,5.52065441929393e-06,5.52065441929393e-06,0.0
1737360720.0,5.52065441929393e-06,5.52065441929393e-06,5.52065441929393e-06,5.52065441929393e-06,0.0
1737360780.0,5.52065441929393e-06,5.52065441929393e-06,5.52065441929393e-06,5.52065441929393e-06,0.0
1737360840.0,5.52065441929393e-06,5.52065441929393e-06,5.52065441929393e-06,5.52065441929393e-06,0.0
1737360900.0,5.52065441929393e-06,5.52065441929393e-06,5.52065441929393e-06,5.52065441929393e-06,0.0
1737360960.0,5.52065441929393e-06,5.52065441929393e-06,5.52065441929393e-06,5.52065441929393e-06,0.0
1737361020.0,5.52065441929393e-06,5.52065441929393e-06,5.52065441929393e-06,5.52065441929393e-06,0.0
1737361080.0,5.52065441929393e-06,5.52065441929393e-06,5.52065441929393e-06,5.52065441929393e-06,0.0
1737361140.0,5.52065441929393e-06,5.52065441929393e-06,5.52065441929393e-06,5.52065441929393e-06,0.0
1737361200.0,5.52065441929393e-06,5.52065441929393e-06,5.52065441929393e-06,5.52065441929393e-06,0.0
1737361260.0,5.52065441929393e-06,5.52065441929393e-06,5.52065441929393e-06,5.52065441929393e-06,0.0
1737361320.0,5.52065441929393e-06,5.52065441929393e-06,5.52065441929393e-06,5.52065441929393e-06,0.0
1737361380.0,5.52065441929393e-06,5.52065441929393e-06,5.52065441929393e-06,5.52065441929393e-06,0.0
1737361440.0,5.52065441929393e-06,5.52065441929393e-06,5.52065441929393e-06,5.52065441929393e-06,0.0
1737361500.0,5.52065441929393e-06,5.52065441929393e-06,5.52065441929393e-06,5.52065441929393e-06,0.0
1737361560.0,5.52065441929393e-06,5.52065441929393e-06,5.52065441929393e-06,5.52065441929393e-06,0.0
1737361620.0,5.52065441929393e-06,5.52065441929393e-06,5.52065441929393e-06,5.52065441929393e-06,0.0
1737361680.0,5.52065441929393e-06,5.52065441929393e-06,5.52065441929393e-06,5.52065441929393e-06,0.0
1737361740.0,5.52065441929393e-06,5.52065441929393e-06,5.52065441929393e-06,5.52065441929393e-06,0.0
1737361800.0,5.52065441929393e-06,5.52065441929393e-06,5.52065441929393e-06,5.52065441929393e-06,0.0
1737361860.0,5.52065441929393e-06,5.52065441929393e-06,5.52065441929393e-06,5.52065441929393e-06,0.0
1737361920.0,5.52065441929393e-06,5.52065441929393e-06,5.52065441929393e-06,5.52065441929393e-06,0.0
1737361980.0,5.52065441929393e-06,5.52065441929393e-06,5.52065441929393e-06,5.52065441929393e-06,0.0
1737362040.0,5.52065441929393e-06,5.52065441929393e-06,5.52065441929393e-06,5.52065441929393e-06,0.0
1737362100.0,5.52065441929393e-06,5.52065441929393e-06,5.52065441929393e-06,5.52065441929393e-06,0.0
1737362160.0,5.52065441929393e-06,5.52065441929393e-06,5.52065441929393e-06,5.52065441929393e-06,0.0
1737362220.0,5.52065441929393e-06,5.52065441929393e-06,5.52065441929393e-06,5.52065441929393e-06,0.0
1737362280.0,5.52065441929393e-06,5.52065441929393e-06,5.52065441929393e-06,5.52065441929393e-06,0.0
1737362340.0,5.52065441929393e-06,5.52065441929393e-06,5.52065441929393e-06,5.52065441929393e-06,0.0
1737362400.0,5.52065441929393e-06,5.52065441929393e-06,5.52065441929393e-06,5.52065441929393e-06,0.0
1737362460.0,5.52065441929393e-06,5.52065441929393e-06,5.52065441929393e-06,5.52065441929393e-06,0.0
1737362520.0,5.52065441929393e-06,5.52065441929393e-06,5.52065441929393e-06,5.52065441929393e-06,0.0
1737362580.0,5.52065441929393e-06,5.52065441929393e-06,5.52065441929393e-06,5.52065441929393e-06,0.0
1737362640.0,5.52065441929393e-06,5.52065441929393e-06,5.52065441929393e-06,5.52065441929393e-06,0.0
1737362700.0,5.52065441929393e-06,5.52065441929393e-06,5.52065441929393e-06,5.52065441929393e-06,0.0
1737362760.0,5.52065441929393e-06,5.52065441929393e-06,5.52065441929393e-06,5.52065441929393e-06,0.0
1737362820.0,5.52065441929393e-06,5.52065441929393e-06,5.52065441929393e-06,5.52065441929393e-06,0.0
1737362880.0,5.52065441929393e-06,5.52065441929393e-06,5.52065441929393e-06,5.52065441929393e-06,0.0
1737362940.0,5.52065441929393e-06,5.52065441929393e-06,5.52065441929393e-06,5.52065441929393e-06,0.0
1737363000.0,5.52065441929393e-06,5.52065441929393e-06,5.52065441929393e-06,5.52065441929393e-06,0.0
1737363060.0,5.52065441929393e-06,5.52065441929393e-06,5.52065441929393e-06,5.52065441929393e-06,0.0
1737363120.0,5.52065441929393e-06,5.52065441929393e-06,5.52065441929393e-06,5.52065441929393e-06,0.0
1737363180.0,5.52065441929393e-06,5.52065441929393e-06,5.52065441929393e-06,5.52065441929393e-06,0.0
1737363240.0,5.52065441929393e-06,5.52065441929393e-06,5.52065441929393e-06,5.52065441929393e-06,0.0
1737363300.0,5.52065441929393e-06,5.52065441929393e-06,5.52065441929393e-06,5.52065441929393e-06,0.0
1737363360.0,5.52065441929393e-06,5.52065441929393e-06,5.52065441929393e-06,5.52065441929393e-06,0.0
1737363420.0,5.52065441929393e-06,5.52065441929393e-06,5.52065441929393e-06,5.52065441929393e-06,0.0
1737363480.0,5.52065441929393e-06,5.52065441929393e-06,5.52065441929393e-06,5.52065441929393e-06,0.0
1737363540.0,5.52065441929393e-06,5.52065441929393e-06,5.52065441929393e-06,5.52065441929393e-06,0.0
1737363600.0,5.52065441929393e-06,5.52065441929393e-06,5.52065441929393e-06,5.52065441929393e-06,0.0
1737363660.0,5.52065441929393e-06,5.52065441929393e-06,5.52065441929393e-06,5.52065441929393e-06,0.0
1737363720.0,5.52065441929393e-06,5.52065441929393e-06,5.52065441929393e-06,5.52065441929393e-06,0.0
1737363780.0,5.52065441929393e-06,5.52065441929393e-06,5.52065441929393e-06,5.52065441929393e-06,0.0
1737363840.0,5.52065441929393e-06,5.52065441929393e-06,5.52065441929393e-06,5.52065441929393e-06,0.0
1737363900.0,5.52065441929393e-06,5.52065441929393e-06,5.52065441929393e-06,5.52065441929393e-06,0.0
1737363960.0,5.52065441929393e-06,5.52065441929393e-06,5.52065441929393e-06,5.52065441929393e-06,0.0
1737364020.0,5.52065441929393e-06,5.52065441929393e-06,5.52065441929393e-06,5.52065441929393e-06,0.0
1737364080.0,5.52065441929393e-06,5.52065441929393e-06,5.52065441929393e-06,5.52065441929393e-06,0.0
1737364140.0,5.52065441929393e-06,5.52065441929393e-06,5.52065441929393e-06,5.52065441929393e-06,0.0
1737364200.0,5.52065441929393e-06,5.52065441929393e-06,5.52065441929393e-06,5.52065441929393e-06,0.0
1737364260.0,5.52065441929393e-06,5.52065441929393e-06,5.52065441929393e-06,5.52065441929393e-06,0.0
1737364320.0,5.52065441929393e-06,5.52065441929393e-06,5.52065441929393e-06,5.52065441929393e-06,0.0
1737364380.0,5.52065441929393e-06,5.52065441929393e-06,5.52065441929393e-06,5.52065441929393e-06,0.0
1737364440.0,5.52065441929393e-06,5.52065441929393e-06,5.52065441929393e-06,5.52065441929393e-06,0.0
1737364500.0,5.52065441929393e-06,5.52065441929393e-06,5.52065441929393e-06,5.52065441929393e-06,0.0
1737364560.0,5.52065441929393e-06,5.52065441929393e-06,5.52065441929393e-06,5.52065441929393e-06,0.0
1737364620.0,5.52065441929393e-06,5.52065441929393e-06,5.52065441929393e-06,5.52065441929393e-06,0.0
1737364680.0,5.52065441929393e-06,5.52065441929393e-06,5.52065441929393e-06,5.52065441929393e-06,0.0
1737364740.0,5.52065441929393e-06,5.52065441929393e-06,5.52065441929393e-06,5.52065441929393e-06,0.0
1737364800.0,5.52065441929393e-06,5.52065441929393e-06,5.52065441929393e-06,5.52065441929393e-06,0.0
1737364860.0,5.52065441929393e-06,5.52065441929393e-06,5.52065441929393e-06,5.52065441929393e-06,0.0
1737364920.0,5.52065441929393e-06,5.52065441929393e-06,5.52065441929393e-06,5.52065441929393e-06,0.0
1737364980.0,5.52065441929393e-06,5.52065441929393e-06,5.52065441929393e-06,5.52065441929393e-06,0.0
1737365040.0,5.52065441929393e-06,5.52065441929393e-06,5.52065441929393e-06,5.52065441929393e-06,0.0
1737365100.0,5.52065441929393e-06,5.52065441929393e-06,5.52065441929393e-06,5.52065441929393e-06,0.0
1737365160.0,5.52065441929393e-06,5.61712251208624e-06,5.52065441929393e-06,5.61712251208624e-06,46.0320441156
1737365220.0,5.61712251208624e-06,5.61712251208624e-06,5.61712251208624e-06,5.61712251208624e-06,0.0
1737365280.0,5.61712251208624e-06,5.61712251208624e-06,5.61712251208624e-06,5.61712251208624e-06,0.0
1737365340.0,5.61712251208624e-06,5.61712251208624e-06,5.61712251208624e-06,5.61712251208624e-06,0.0
1737365400.0,5.61712251208624e-06,5.61712251208624e-06,5.61712251208624e-06,5.61712251208624e-06,0.0
1737365460.0,5.61712251208624e-06,5.61712251208624e-06,5.61712251208624e-06,5.61712251208624e-06,0.0
1737365520.0,5.61712251208624e-06,5.61712251208624e-06,5.56011568046901e-06,5.56011568046901e-06,0.0049674222
1737365580.0,5.56011568046901e-06,5.56011568046901e-06,5.56011568046901e-06,5.56011568046901e-06,0.0
1737365640.0,5.56011568046901e-06,5.56011568046901e-06,5.56011568046901e-06,5.56011568046901e-06,0.0
1737365700.0,5.56011568046901e-06,5.56011568046901e-06,5.56011568046901e-06,5.56011568046901e-06,0.0
1737365760.0,5.56011568046901e-06,5.56011568046901e-06,5.56011568046901e-06,5.56011568046901e-06,0.0
1737365820.0,5.56011568046901e-06,5.56011568046901e-06,5.56011568046901e-06,5.56011568046901e-06,0.0
1737365880.0,5.56011568046901e-06,5.56011568046901e-06,5.56011568046901e-06,5.56011568046901e-06,0.0
1737365940.0,5.56011568046901e-06,5.56011568046901e-06,5.56011568046901e-06,5.56011568046901e-06,0.0
1737366000.0,5.56011568046901e-06,5.56011568046901e-06,5.56011568046901e-06,5.56011568046901e-06,0.0
1737366060.0,5.56011568046901e-06,5.56011568046901e-06,5.56011568046901e-06,5.56011568046901e-06,0.0
1737366120.0,5.56011568046901e-06,5.56011568046901e-06,5.56011568046901e-06,5.56011568046901e-06,0.0
1737366180.0,5.56011568046901e-06,5.56011568046901e-06,5.56011568046901e-06,5.56011568046901e-06,0.0
1737366240.0,5.56011568046901e-06,5.56011568046901e-06,5.56011568046901e-06,5.56011568046901e-06,0.0
1737366300.0,5.56011568046901e-06,5.56011568046901e-06,5.56011568046901e-06,5.56011568046901e-06,0.0
1737366360.0,5.56011568046901e-06,5.56011568046901e-06,5.56011568046901e-06,5.56011568046901e-06,0.0
1737366420.0,5.56011568046901e-06,5.56011568046901e-06,5.56011568046901e-06,5.56011568046901e-06,0.0
1737366480.0,5.56011568046901e-06,5.56011568046901e-06,5.56011568046901e-06,5.56011568046901e-06,0.0
1737366540.0,5.56011568046901e-06,5.56011568046901e-06,5.56011568046901e-06,5.56011568046901e-06,0.0
1737366600.0,5.56011568046901e-06,5.56011568046901e-06,5.56011568046901e-06,5.56011568046901e-06,0.0
1737366660.0,5.56011568046901e-06,5.56011568046901e-06,5.56011568046901e-06,5.56011568046901e-06,0.0
1737366720.0,5.56011568046901e-06,5.56011568046901e-06,5.56011568046901e-06,5.56011568046901e-06,0.0
1737366780.0,5.56011568046901e-06,5.56011568046901e-06,5.56011568046901e-06,5.56011568046901e-06,0.0
1737366840.0,5.56011568046901e-06,5.56011568046901e-06,5.56011568046901e-06,5.56011568046901e-06,0.0
1737366900.0,5.56011568046901e-06,5.56011568046901e-06,5.56011568046901e-06,5.56011568046901e-06,0.0
1737366960.0,5.56011568046901e-06,5.56011568046901e-06,5.56011568046901e-06,5.56011568046901e-06,0.0
1737367020.0,5.56011568046901e-06,5.56011568046901e-06,5.56011568046901e-06,5.56011568046901e-06,0.0
1737367080.0,5.56011568046901e-06,5.56011568046901e-06,5.56011568046901e-06,5.56011568046901e-06,0.0
1737367140.0,5.56011568046901e-06,5.56011568046901e-06,5.56011568046901e-06,5.56011568046901e-06,0.0
1737367200.0,5.56011568046901e-06,5.56011568046901e-06,5.56011568046901e-06,5.56011568046901e-06,0.0
1737367260.0,5.56011568046901e-06,5.56011568046901e-06,5.56011568046901e-06,5.56011568046901e-06,0.0
1737367320.0,5.56011568046901e-06,5.56011568046901e-06,5.56011568046901e-06,5.56011568046901e-06,0.0
1737367380.0,5.56011568046901e-06,5.56011568046901e-06,5.56011568046901e-06,5.56011568046901e-06,0.0
1737367440.0,5.56011568046901e-06,5.56011568046901e-06,5.56011568046901e-06,5.56011568046901e-06,0.0
1737367500.0,5.56011568046901e-06,5.56011568046901e-06,5.56011568046901e-06,5.56011568046901e-06,0.0
1737367560.0,5.56011568046901e-06,5.56011568046901e-06,5.56011568046901e-06,5.56011568046901e-06,0.0
1737367620.0,5.56011568046901e-06,5.56011568046901e-06,5.56011568046901e-06,5.56011568046901e-06,0.0
1737367680.0,5.56011568046901e-06,5.56011568046901e-06,5.56011568046901e-06,5.56011568046901e-06,0.0
1737367740.0,5.56011568046901e-06,5.56011568046901e-06,5.56011568046901e-06,5.56011568046901e-06,0.0
1737367800.0,5.56011568046901e-06,5.56011568046901e-06,5.56011568046901e-06,5.56011568046901e-06,0.0
1737367860.0,5.56011568046901e-06,5.56011568046901e-06,5.56011568046901e-06,5.56011568046901e-06,0.0
1737367920.0,5.56011568046901e-06,5.56011568046901e-06,5.56011568046901e-06,5.56011568046901e-06,0.0
1737367980.0,5.56011568046901e-06,5.56011568046901e-06,5.56011568046901e-06,5.56011568046901e-06,0.0
1737368040.0,5.56011568046901e-06,5.56011568046901e-06,5.56011568046901e-06,5.56011568046901e-06,0.0
1737368100.0,5.56011568046901e-06,5.56011568046901e-06,5.56011568046901e-06,5.56011568046901e-06,0.0
1737368160.0,5.56011568046901e-06,5.56011568046901e-06,5.56011568046901e-06,5.56011568046901e-06,0.0
1737368220.0,5.56011568046901e-06,5.56011568046901e-06,5.56011568046901e-06,5.56011568046901e-06,0.0
1737368280.0,5.56011568046901e-06,5.56011568046901e-06,5.56011568046901e-06,5.56011568046901e-06,0.0
1737368340.0,5.56011568046901e-06,5.56011568046901e-06,5.56011568046901e-06,5.56011568046901e-06,0.0
1737368400.0,5.56011568046901e-06,5.56011568046901e-06,5.56011568046901e-06,5.56011568046901e-06,0.0
1737368460.0,5.56011568046901e-06,5.56011568046901e-06,5.56011568046901e-06,5.56011568046901e-06,0.0
1737368520.0,5.56011568046901e-06,5.56011568046901e-06,5.56011568046901e-06,5.56011568046901e-06,0.0
1737368580.0,5.56011568046901e-06,5.56011568046901e-06,5.56011568046901e-06,5.56011568046901e-06,0.0
1737368640.0,5.56011568046901e-06,5.56011568046901e-06,5.56011568046901e-06,5.56011568046901e-06,0.0
1737368700.0,5.56011568046901e-06,5.56011568046901e-06,5.56011568046901e-06,5.56011568046901e-06,0.0
1737368760.0,5.56011568046901e-06,5.56011568046901e-06,5.56011568046901e-06,5.56011568046901e-06,0.0
1737368820.0,5.56011568046901e-06,5.56011568046901e-06,5.49626047784738e-06,5.49626047784738e-06,0.91775458207
1737368880.0,5.49626047784738e-06,5.49626047784738e-06,5.49626047784738e-06,5.49626047784738e-06,0.0
1737368940.0,5.49626047784738e-06,5.49626047784738e-06,5.49626047784738e-06,5.49626047784738e-06,0.0
1737369000.0,5.49626047784738e-06,5.49626047784738e-06,5.49626047784738e-06,5.49626047784738e-06,0.0
1737369060.0,5.49626047784738e-06,5.49626047784738e-06,5.49626047784738e-06,5.49626047784738e-06,0.0
1737369120.0,5.49626047784738e-06,5.49626047784738e-06,5.49626047784738e-06,5.49626047784738e-06,0.0
1737369180.0,5.49626047784738e-06,5.49626047784738e-06,5.49626047784738e-06,5.49626047784738e-06,0.0
1737369240.0,5.49626047784738e-06,5.49626047784738e-06,5.49626047784738e-06,5.49626047784738e-06,0.0
1737369300.0,5.49626047784738e-06,5.49626047784738e-06,5.49626047784738e-06,5.49626047784738e-06,0.0
1737369360.0,5.49626047784738e-06,5.49626047784738e-06,5.49626047784738e-06,5.49626047784738e-06,0.0
1737369420.0,5.49626047784738e-06,5.49626047784738e-06,5.49626047784738e-06,5.49626047784738e-06,0.0
1737369480.0,5.49626047784738e-06,5.49626047784738e-06,5.49626047784738e-06,5.49626047784738e-06,0.0
1737369540.0,5.49626047784738e-06,5.49626047784738e-06,5.49626047784738e-06,5.49626047784738e-06,0.0
1737369600.0,5.49626047784738e-06,5.49626047784738e-06,5.49626047784738e-06,5.49626047784738e-06,0.0
1737369660.0,5.49626047784738e-06,5.49626047784738e-06,5.49626047784738e-06,5.49626047784738e-06,0.0
1737369720.0,5.49626047784738e-06,5.49626047784738e-06,5.49626047784738e-06,5.49626047784738e-06,0.0
1737369780.0,5.49626047784738e-06,5.49626047784738e-06,5.49626047784738e-06,5.49626047784738e-06,0.0
1737369840.0,5.49626047784738e-06,5.49626047784738e-06,5.49626047784738e-06,5.49626047784738e-06,0.0
1737369900.0,5.49626047784738e-06,5.49626047784738e-06,5.49626047784738e-06,5.49626047784738e-06,0.0
1737369960.0,5.49626047784738e-06,5.49626047784738e-06,5.49626047784738e-06,5.49626047784738e-06,0.0
1737370020.0,5.49626047784738e-06,5.49626047784738e-06,5.49626047784738e-06,5.49626047784738e-06,0.0
1737370080.0,5.49626047784738e-06,5.49626047784738e-06,5.49626047784738e-06,5.49626047784738e-06,0.0
1737370140.0,5.49626047784738e-06,5.49626047784738e-06,5.49626047784738e-06,5.49626047784738e-06,0.0
1737370200.0,5.49626047784738e-06,5.49626047784738e-06,5.49626047784738e-06,5.49626047784738e-06,0.0
1737370260.0,5.49626047784738e-06,5.49626047784738e-06,5.49626047784738e-06,5.49626047784738e-06,0.0
1737370320.0,5.49626047784738e-06,5.49626047784738e-06,5.49626047784738e-06,5.49626047784738e-06,0.0
1737370380.0,5.49626047784738e-06,5.49626047784738e-06,5.49626047784738e-06,5.49626047784738e-06,0.0
1737370440.0,5.49626047784738e-06,5.49626047784738e-06,5.49626047784738e-06,5.49626047784738e-06,0.0
1737370500.0,5.49626047784738e-06,5.49626047784738e-06,5.49626047784738e-06,5.49626047784738e-06,0.0
1737370560.0,5.49626047784738e-06,5.49626047784738e-06,5.49626047784738e-06,5.49626047784738e-06,0.0
1737370620.0,5.49626047784738e-06,5.49626047784738e-06,5.49626047784738e-06,5.49626047784738e-06,0.0
1737370680.0,5.49626047784738e-06,5.49626047784738e-06,5.49626047784738e-06,5.49626047784738e-06,0.0
1737370740.0,5.49626047784738e-06,5.49626047784738e-06,5.49626047784738e-06,5.49626047784738e-06,0.0
1737370800.0,5.49626047784738e-06,5.49626047784738e-06,5.49626047784738e-06,5.49626047784738e-06,0.0
1737370860.0,5.49626047784738e-06,5.49626047784738e-06,5.49626047784738e-06,5.49626047784738e-06,0.0
1737370920.0,5.49626047784738e-06,5.49626047784738e-06,5.49626047784738e-06,5.49626047784738e-06,0.0
1737370980.0,5.49626047784738e-06,5.49626047784738e-06,5.49626047784738e-06,5.49626047784738e-06,0.0
1737371040.0,5.49626047784738e-06,5.49626047784738e-06,5.49626047784738e-06,5.49626047784738e-06,0.0
1737371100.0,5.49626047784738e-06,5.49626047784738e-06,5.49626047784738e-06,5.49626047784738e-06,0.0
1737371160.0,5.49626047784738e-06,5.49626047784738e-06,5.49626047784738e-06,5.49626047784738e-06,0.0
1737371220.0,5.49626047784738e-06,5.49626047784738e-06,5.49626047784738e-06,5.49626047784738e-06,0.0
1737371280.0,5.49626047784738e-06,5.49626047784738e-06,5.49626047784738e-06,5.49626047784738e-06,0.0
1737371340.0,5.49626047784738e-06,5.49626047784738e-06,5.49626047784738e-06,5.49626047784738e-06,0.0
1737371400.0,5.49626047784738e-06,5.49626047784738e-06,5.49626047784738e-06,5.49626047784738e-06,0.0
1737371460.0,5.49626047784738e-06,5.49626047784738e-06,5.49626047784738e-06,5.49626047784738e-06,0.0
1737371520.0,5.49626047784738e-06,5.49626047784738e-06,5.49626047784738e-06,5.49626047784738e-06,0.0
1737371580.0,5.49626047784738e-06,5.49626047784738e-06,5.49626047784738e-06,5.49626047784738e-06,0.0
1737371640.0,5.49626047784738e-06,5.49626047784738e-06,5.49626047784738e-06,5.49626047784738e-06,0.0
1737371700.0,5.49626047784738e-06,5.49626047784738e-06,5.49626047784738e-06,5.49626047784738e-06,0.0
1737371760.0,5.49626047784738e-06,5.49626047784738e-06,5.49626047784738e-06,5.49626047784738e-06,0.0
1737371820.0,5.49626047784738e-06,5.49626047784738e-06,5.49626047784738e-06,5.49626047784738e-06,0.0
1737371880.0,5.49626047784738e-06,5.49626047784738e-06,5.49626047784738e-06,5.49626047784738e-06,0.0
1737371940.0,5.49626047784738e-06,5.49626047784738e-06,5.49626047784738e-06,5.49626047784738e-06,0.0
1737372000.0,5.49626047784738e-06,5.49626047784738e-06,5.49626047784738e-06,5.49626047784738e-06,0.0
1737372060.0,5.49626047784738e-06,5.49626047784738e-06,5.49626047784738e-06,5.49626047784738e-06,0.0
1737372120.0,5.49626047784738e-06,5.49626047784738e-06,5.36497828230996e-06,5.36497828230996e-06,0.0167449975
1737372180.0,5.36497828230996e-06,5.36497828230996e-06,5.36497828230996e-06,5.36497828230996e-06,0.0
1737372240.0,5.36497828230996e-06,5.36497828230996e-06,5.36497828230996e-06,5.36497828230996e-06,0.0
1737372300.0,5.36497828230996e-06,5.36497828230996e-06,5.36497828230996e-06,5.36497828230996e-06,0.0
1737372360.0,5.36497828230996e-06,5.36497828230996e-06,5.36497828230996e-06,5.36497828230996e-06,0.0
1737372420.0,5.36497828230996e-06,5.36497828230996e-06,5.36497828230996e-06,5.36497828230996e-06,0.0
1737372480.0,5.36497828230996e-06,5.36497828230996e-06,5.36497828230996e-06,5.36497828230996e-06,0.0
1737372540.0,5.36497828230996e-06,5.36497828230996e-06,5.36497828230996e-06,5.36497828230996e-06,0.0
1737372600.0,5.36497828230996e-06,5.36497828230996e-06,5.36497828230996e-06,5.36497828230996e-06,0.0
1737372660.0,5.36497828230996e-06,5.36497828230996e-06,5.36497828230996e-06,5.36497828230996e-06,0.0
1737372720.0,5.36497828230996e-06,5.36497828230996e-06,5.36497828230996e-06,5.36497828230996e-06,0.0
1737372780.0,5.36497828230996e-06,5.36497828230996e-06,5.36497828230996e-06,5.36497828230996e-06,0.0
1737372840.0,5.36497828230996e-06,5.36497828230996e-06,5.36497828230996e-06,5.36497828230996e-06,0.0
1737372900.0,5.36497828230996e-06,5.36497828230996e-06,5.36497828230996e-06,5.36497828230996e-06,0.0
1737372960.0,5.36497828230996e-06,5.36497828230996e-06,5.36497828230996e-06,5.36497828230996e-06,0.0
1737373020.0,5.36497828230996e-06,5.37503062897657e-06,5.36497828230996e-06,5.37503062897657e-06,0.0123681385
1737373080.0,5.37503062897657e-06,5.37503062897657e-06,5.37503062897657e-06,5.37503062897657e-06,0.0
1737373140.0,5.37503062897657e-06,5.37503062897657e-06,5.37503062897657e-06,5.37503062897657e-06,0.0
1737373200.0,5.37503062897657e-06,5.37503062897657e-06,5.37503062897657e-06,5.37503062897657e-06,0.0
1737373260.0,5.37503062897657e-06,5.37503062897657e-06,5.37503062897657e-06,5.37503062897657e-06,0.0
1737373320.0,5.37503062897657e-06,5.37503062897657e-06,5.37503062897657e-06,5.37503062897657e-06,0.0
1737373380.0,5.37503062897657e-06,5.37503062897657e-06,5.37503062897657e-06,5.37503062897657e-06,0.0
1737373440.0,5.37503062897657e-06,5.37503062897657e-06,5.37503062897657e-06,5.37503062897657e-06,0.0
1737373500.0,5.37503062897657e-06,5.37503062897657e-06,5.37503062897657e-06,5.37503062897657e-06,0.0
1737373560.0,5.37503062897657e-06,5.37503062897657e-06,5.37503062897657e-06,5.37503062897657e-06,0.0
1737373620.0,5.37503062897657e-06,5.37503062897657e-06,5.37503062897657e-06,5.37503062897657e-06,0.0
1737373680.0,5.37503062897657e-06,5.37503062897657e-06,5.37503062897657e-06,5.37503062897657e-06,0.0
1737373740.0,5.37503062897657e-06,5.37503062897657e-06,5.37503062897657e-06,5.37503062897657e-06,0.0
1737373800.0,5.37503062897657e-06,5.37503062897657e-06,5.37503062897657e-06,5.37503062897657e-06,0.0
1737373860.0,5.37503062897657e-06,5.37503062897657e-06,5.37503062897657e-06,5.37503062897657e-06,0.0
1737373920.0,5.37503062897657e-06,5.37503062897657e-06,5.37503062897657e-06,5.37503062897657e-06,0.0
1737373980.0,5.37503062897657e-06,5.37503062897657e-06,5.37503062897657e-06,5.37503062897657e-06,0.0
1737374040.0,5.37503062897657e-06,5.37503062897657e-06,5.37503062897657e-06,5.37503062897657e-06,0.0
1737374100.0,5.37503062897657e-06,5.37503062897657e-06,5.37503062897657e-06,5.37503062897657e-06,0.0
1737374160.0,5.37503062897657e-06,5.37503062897657e-06,5.37503062897657e-06,5.37503062897657e-06,0.0
1737374220.0,5.37503062897657e-06,5.37503062897657e-06,5.37503062897657e-06,5.37503062897657e-06,0.0
1737374280.0,5.37503062897657e-06,5.37503062897657e-06,5.37503062897657e-06,5.37503062897657e-06,0.0
1737374340.0,5.37503062897657e-06,5.37503062897657e-06,5.37503062897657e-06,5.37503062897657e-06,0.0
1737374400.0,5.37503062897657e-06,5.37503062897657e-06,5.37503062897657e-06,5.37503062897657e-06,0.0
1737374460.0,5.37503062897657e-06,5.37503062897657e-06,5.37503062897657e-06,5.37503062897657e-06,0.0
1737374520.0,5.37503062897657e-06,5.37503062897657e-06,5.37503062897657e-06,5.37503062897657e-06,0.0
1737374580.0,5.37503062897657e-06,5.37503062897657e-06,5.37503062897657e-06,5.37503062897657e-06,0.0
1737374640.0,5.37503062897657e-06,5.37503062897657e-06,5.37503062897657e-06,5.37503062897657e-06,0.0
1737374700.0,5.37503062897657e-06,5.37503062897657e-06,5.37503062897657e-06,5.37503062897657e-06,0.0
1737374760.0,5.37503062897657e-06,5.37503062897657e-06,5.37503062897657e-06,5.37503062897657e-06,0.0
1737374820.0,5.37503062897657e-06,5.37503062897657e-06,5.37503062897657e-06,5.37503062897657e-06,0.0
1737374880.0,5.37503062897657e-06,5.37503062897657e-06,5.37503062897657e-06,5.37503062897657e-06,0.0
1737374940.0,5.37503062897657e-06,5.37503062897657e-06,5.37503062897657e-06,5.37503062897657e-06,0.0
1737375000.0,5.37503062897657e-06,5.37503062897657e-06,5.37503062897657e-06,5.37503062897657e-06,0.0
1737375060.0,5.37503062897657e-06,5.37503062897657e-06,5.37503062897657e-06,5.37503062897657e-06,0.0
1737375120.0,5.37503062897657e-06,5.37503062897657e-06,5.37503062897657e-06,5.37503062897657e-06,0.0
1737375180.0,5.37503062897657e-06,5.37503062897657e-06,5.37503062897657e-06,5.37503062897657e-06,0.0
1737375240.0,5.37503062897657e-06,5.37503062897657e-06,5.37503062897657e-06,5.37503062897657e-06,0.0
1737375300.0,5.37503062897657e-06,5.37503062897657e-06,5.37503062897657e-06,5.37503062897657e-06,0.0
1737375360.0,5.37503062897657e-06,5.37503062897657e-06,5.37503062897657e-06,5.37503062897657e-06,0.0
1737375420.0,5.37503062897657e-06,5.37503062897657e-06,5.37503062897657e-06,5.37503062897657e-06,0.0
1737375480.0,5.37503062897657e-06,5.37503062897657e-06,5.37503062897657e-06,5.37503062897657e-06,0.0
1737375540.0,5.37503062897657e-06,5.37503062897657e-06,5.37503062897657e-06,5.37503062897657e-06,0.0
1737375600.0,5.37503062897657e-06,5.37503062897657e-06,5.37503062897657e-06,5.37503062897657e-06,0.0
1737375660.0,5.37503062897657e-06,5.37503062897657e-06,5.37503062897657e-06,5.37503062897657e-06,0.0
1737375720.0,5.37503062897657e-06,5.37503062897657e-06,5.37503062897657e-06,5.37503062897657e-06,0.0
1737375780.0,5.37503062897657e-06,5.37503062897657e-06,5.37503062897657e-06,5.37503062897657e-06,0.0
1737375840.0,5.37503062897657e-06,5.37503062897657e-06,5.37503062897657e-06,5.37503062897657e-06,0.0
1737375900.0,5.37503062897657e-06,5.37503062897657e-06,5.37503062897657e-06,5.37503062897657e-06,0.0
1737375960.0,5.37503062897657e-06,5.37503062897657e-06,5.37503062897657e-06,5.37503062897657e-06,0.0
1737376020.0,5.37503062897657e-06,5.37503062897657e-06,5.37503062897657e-06,5.37503062897657e-06,0.0
1737376080.0,5.37503062897657e-06,5.37503062897657e-06,5.37503062897657e-06,5.37503062897657e-06,0.0
1737376140.0,5.37503062897657e-06,5.37503062897657e-06,5.37503062897657e-06,5.37503062897657e-06,0.0
1737376200.0,5.37503062897657e-06,5.37503062897657e-06,5.37503062897657e-06,5.37503062897657e-06,0.0
1737376260.0,5.37503062897657e-06,5.37503062897657e-06,5.37503062897657e-06,5.37503062897657e-06,0.0
1737376320.0,5.37503062897657e-06,5.37503062897657e-06,5.37503062897657e-06,5.37503062897657e-06,0.0
1737376380.0,5.37503062897657e-06,5.37503062897657e-06,5.37503062897657e-06,5.37503062897657e-06,0.0
1737376440.0,5.37503062897657e-06,5.37503062897657e-06,5.37503062897657e-06,5.37503062897657e-06,0.0
1737376500.0,5.37503062897657e-06,5.37503062897657e-06,5.37503062897657e-06,5.37503062897657e-06,0.0
1737376560.0,5.37503062897657e-06,5.37503062897657e-06,5.37503062897657e-06,5.37503062897657e-06,0.0
1737376620.0,5.37503062897657e-06,5.37503062897657e-06,5.37503062897657e-06,5.37503062897657e-06,0.0
1737376680.0,5.37503062897657e-06,5.37503062897657e-06,5.37503062897657e-06,5.37503062897657e-06,0.0
1737376740.0,5.37503062897657e-06,5.37503062897657e-06,5.37503062897657e-06,5.37503062897657e-06,0.0
1737376800.0,5.37503062897657e-06,5.37503062897657e-06,5.37503062897657e-06,5.37503062897657e-06,0.0
1737376860.0,5.37503062897657e-06,5.37503062897657e-06,5.37503062897657e-06,5.37503062897657e-06,0.0
1737376920.0,5.37503062897657e-06,5.37503062897657e-06,5.37503062897657e-06,5.37503062897657e-06,0.0
1737376980.0,5.37503062897657e-06,5.37503062897657e-06,5.37503062897657e-06,5.37503062897657e-06,0.0
1737377040.0,5.37503062897657e-06,5.37503062897657e-06,5.37503062897657e-06,5.37503062897657e-06,0.0
1737377100.0,5.37503062897657e-06,5.37503062897657e-06,5.37503062897657e-06,5.37503062897657e-06,0.0
1737377160.0,5.37503062897657e-06,5.37503062897657e-06,5.37503062897657e-06,5.37503062897657e-06,0.0
1737377220.0,5.37503062897657e-06,5.37503062897657e-06,5.37503062897657e-06,5.37503062897657e-06,0.0
1737377280.0,5.37503062897657e-06,5.37503062897657e-06,5.37503062897657e-06,5.37503062897657e-06,0.0
1737377340.0,5.37503062897657e-06,5.37503062897657e-06,5.37503062897657e-06,5.37503062897657e-06,0.0
1737377400.0,5.37503062897657e-06,5.37503062897657e-06,5.37503062897657e-06,5.37503062897657e-06,0.0
1737377460.0,5.37503062897657e-06,5.37503062897657e-06,5.37503062897657e-06,5.37503062897657e-06,0.0
1737377520.0,5.37503062897657e-06,5.37503062897657e-06,5.37503062897657e-06,5.37503062897657e-06,0.0
1737377580.0,5.37503062897657e-06,5.37503062897657e-06,5.37503062897657e-06,5.37503062897657e-06,0.0
1737377640.0,5.37503062897657e-06,5.37503062897657e-06,5.37503062897657e-06,5.37503062897657e-06,0.0
1737377700.0,5.37503062897657e-06,5.37503062897657e-06,5.37503062897657e-06,5.37503062897657e-06,0.0
1737377760.0,5.37503062897657e-06,5.37503062897657e-06,5.37503062897657e-06,5.37503062897657e-06,0.0
1737377820.0,5.37503062897657e-06,5.37503062897657e-06,5.37503062897657e-06,5.37503062897657e-06,0.0
1737377880.0,5.37503062897657e-06,5.37503062897657e-06,5.37503062897657e-06,5.37503062897657e-06,0.0
1737377940.0,5.37503062897657e-06,5.37503062897657e-06,5.37503062897657e-06,5.37503062897657e-06,0.0
1737378000.0,5.37503062897657e-06,5.37503062897657e-06,5.37503062897657e-06,5.37503062897657e-06,0.0
1737378060.0,5.37503062897657e-06,5.37503062897657e-06,5.37503062897657e-06,5.37503062897657e-06,0.0
1737378120.0,5.37503062897657e-06,5.37503062897657e-06,5.37503062897657e-06,5.37503062897657e-06,0.0
1737378180.0,5.37503062897657e-06,5.37503062897657e-06,5.37503062897657e-06,5.37503062897657e-06,0.0
1737378240.0,5.37503062897657e-06,5.37503062897657e-06,5.37503062897657e-06,5.37503062897657e-06,0.0
1737378300.0,5.37503062897657e-06,5.37503062897657e-06,5.37503062897657e-06,5.37503062897657e-06,0.0
1737378360.0,5.37503062897657e-06,5.37503062897657e-06,5.37503062897657e-06,5.37503062897657e-06,0.0
1737378420.0,5.37503062897657e-06,5.37503062897657e-06,5.37503062897657e-06,5.37503062897657e-06,0.0
1737378480.0,5.37503062897657e-06,5.37503062897657e-06,5.37503062897657e-06,5.37503062897657e-06,0.0
1737378540.0,5.37503062897657e-06,5.37503062897657e-06,5.37503062897657e-06,5.37503062897657e-06,0.0
1737378600.0,5.37503062897657e-06,5.37503062897657e-06,5.37503062897657e-06,5.37503062897657e-06,0.0
1737378660.0,5.37503062897657e-06,5.37503062897657e-06,5.37503062897657e-06,5.37503062897657e-06,0.0
1737378720.0,5.37503062897657e-06,5.37503062897657e-06,5.37503062897657e-06,5.37503062897657e-06,0.0
1737378780.0,5.37503062897657e-06,5.37503062897657e-06,5.37503062897657e-06,5.37503062897657e-06,0.0
1737378840.0,5.37503062897657e-06,5.37503062897657e-06,5.37503062897657e-06,5.37503062897657e-06,0.0
