0,1,2,3,4,5
1731991980.0,9.58341923250584e-05,0.0001005640167137,9.56129988289062e-05,9.56129988289062e-05,1534.39037836032
1731992040.0,9.56129988289062e-05,0.0003568778204298,7.25277676867176e-05,0.0001549458314233,212363.01706990623
1731992100.0,0.0001549458314233,0.0001885221816478,1.30189208382859e-05,1.32932236917073e-05,133070.7346912711
1731992160.0,1.32932236917073e-05,2.37763993811688e-05,1.19090805047183e-05,1.19090805047183e-05,10315.4938291418
1731992220.0,1.19090805047183e-05,3.1090900719075e-05,1.19090805047183e-05,2.63739226018437e-05,1105.1343037547
1731992280.0,2.63739226018437e-05,2.69746945264428e-05,2.01772057731012e-05,2.01772057731012e-05,1672.3717533429
1731992340.0,2.01772057731012e-05,2.01772057731012e-05,1.20622497692693e-05,1.20731239565238e-05,2054.14719195924
1731992400.0,1.20731239565238e-05,1.20748304993325e-05,1.18975909769035e-05,1.18975909769035e-05,66.87244866612
1731992460.0,1.18975909769035e-05,1.18975909769035e-05,5.54831470434263e-06,1.08307986158003e-05,2648.47543417242
1731992520.0,1.08307986158003e-05,1.08307986158003e-05,5.52876034484525e-06,5.68882241431305e-06,94.81441414906
1731992580.0,5.68882241431305e-06,6.57876124429459e-06,5.64541843774218e-06,6.57876124429459e-06,794.40990323854
1731992640.0,6.57876124429459e-06,6.57876124429459e-06,6.21078455957826e-06,6.48322144770452e-06,195.30703307796
1731992700.0,6.48322144770452e-06,6.48322144770452e-06,6.48322144770452e-06,6.48322144770452e-06,0.0
1731992760.0,6.48322144770452e-06,6.48322144770452e-06,6.48322144770452e-06,6.48322144770452e-06,0.0
1731992820.0,6.48322144770452e-06,6.66081310503462e-06,6.48322144770452e-06,6.66081310503462e-06,6.17171872695
1731992880.0,6.66081310503462e-06,6.66081310503462e-06,6.66081310503462e-06,6.66081310503462e-06,0.0
1731992940.0,6.66081310503462e-06,6.66081310503462e-06,6.66081310503462e-06,6.66081310503462e-06,0.0
1731993000.0,6.66081310503462e-06,6.66081310503462e-06,6.49356615791134e-06,6.49356615791134e-06,129.45877018726
1731993060.0,6.49356615791134e-06,6.8167159104191e-06,6.49356615791134e-06,6.78491245417188e-06,719.5774771287
1731993120.0,6.78491245417188e-06,6.78491245417188e-06,6.78491245417188e-06,6.78491245417188e-06,0.0
1731993180.0,6.78491245417188e-06,6.78491245417188e-06,6.33279819657418e-06,6.33279819657418e-06,5.58777264452
1731993240.0,6.33279819657418e-06,6.33279819657418e-06,6.00038287039845e-06,6.00038287039845e-06,262.92068131812
1731993300.0,6.00038287039845e-06,6.00038287039845e-06,5.66116740574148e-06,5.66116740574148e-06,18.9173617284
1731993360.0,5.66116740574148e-06,5.66116740574148e-06,5.64696181103582e-06,5.64696181103582e-06,1.15700655057
1731993420.0,5.64696181103582e-06,5.64696181103582e-06,5.64696181103582e-06,5.64696181103582e-06,0.0
1731993480.0,5.64696181103582e-06,5.64696181103582e-06,5.64696181103582e-06,5.64696181103582e-06,0.0
1731993540.0,5.64696181103582e-06,5.64696181103582e-06,5.6444530768769e-06,5.6444530768769e-06,6.98805466686
1731993600.0,5.6444530768769e-06,5.6444530768769e-06,5.62570348144462e-06,5.62570348144462e-06,8.4180476622
1731993660.0,5.62570348144462e-06,5.62570348144462e-06,5.62570348144462e-06,5.62570348144462e-06,0.0
1731993720.0,5.62570348144462e-06,5.62570348144462e-06,5.62570348144462e-06,5.62570348144462e-06,0.0
1731993780.0,5.62570348144462e-06,5.62570348144462e-06,5.62570348144462e-06,5.62570348144462e-06,0.0
1731993840.0,5.62570348144462e-06,5.62570348144462e-06,5.59726272849337e-06,5.59726272849337e-06,4.78895453596
1731993900.0,5.59726272849337e-06,5.59726272849337e-06,5.59726272849337e-06,5.59726272849337e-06,0.0
1731993960.0,5.59726272849337e-06,5.59726272849337e-06,5.59726272849337e-06,5.59726272849337e-06,0.0
1731994020.0,5.59726272849337e-06,5.59726272849337e-06,5.59726272849337e-06,5.59726272849337e-06,0.0
1731994080.0,5.59726272849337e-06,5.59726272849337e-06,5.59726272849337e-06,5.59726272849337e-06,0.0
1731994140.0,5.59726272849337e-06,5.59726272849337e-06,5.59726272849337e-06,5.59726272849337e-06,0.0
1731994200.0,5.59726272849337e-06,5.59726272849337e-06,5.55188947714111e-06,5.55188947714111e-06,38.62126056195
1731994260.0,5.55188947714111e-06,5.55188947714111e-06,5.55188947714111e-06,5.55188947714111e-06,0.0
1731994320.0,5.55188947714111e-06,5.55188947714111e-06,5.55188947714111e-06,5.55188947714111e-06,0.0
1731994380.0,5.55188947714111e-06,5.55188947714111e-06,5.53129628490971e-06,5.53129628490971e-06,0.625014
1731994440.0,5.53129628490971e-06,5.53129628490971e-06,5.50512343959663e-06,5.50512343959663e-06,0.15929401134
1731994500.0,5.50512343959663e-06,5.50512343959663e-06,5.50512343959663e-06,5.50512343959663e-06,0.0
1731994560.0,5.50512343959663e-06,5.50512343959663e-06,5.50512343959663e-06,5.50512343959663e-06,0.0
1731994620.0,5.50512343959663e-06,5.50512343959663e-06,5.50512343959663e-06,5.50512343959663e-06,0.0
1731994680.0,5.50512343959663e-06,5.50512343959663e-06,5.50512343959663e-06,5.50512343959663e-06,0.0
1731994740.0,5.50512343959663e-06,5.50512343959663e-06,5.50512343959663e-06,5.50512343959663e-06,0.0
1731994800.0,5.50512343959663e-06,5.50512343959663e-06,5.50512343959663e-06,5.50512343959663e-06,0.0
1731994860.0,5.50512343959663e-06,5.50512343959663e-06,5.50512343959663e-06,5.50512343959663e-06,0.0
1731994920.0,5.50512343959663e-06,5.52819575986879e-06,5.50512343959663e-06,5.52819575986879e-06,2.06676146285
1731994980.0,5.52819575986879e-06,5.52819575986879e-06,5.52819575986879e-06,5.52819575986879e-06,0.0
1731995040.0,5.52819575986879e-06,5.52819575986879e-06,5.52819575986879e-06,5.52819575986879e-06,0.0
1731995100.0,5.52819575986879e-06,5.52819575986879e-06,5.52819575986879e-06,5.52819575986879e-06,0.0
1731995160.0,5.52819575986879e-06,5.52819575986879e-06,5.52819575986879e-06,5.52819575986879e-06,0.0
1731995220.0,5.52819575986879e-06,5.52819575986879e-06,5.52819575986879e-06,5.52819575986879e-06,0.0
1731995280.0,5.52819575986879e-06,5.52819575986879e-06,5.52819575986879e-06,5.52819575986879e-06,0.0
1731995340.0,5.52819575986879e-06,5.52819575986879e-06,5.52819575986879e-06,5.52819575986879e-06,0.0
1731995400.0,5.52819575986879e-06,5.52819575986879e-06,5.52819575986879e-06,5.52819575986879e-06,0.0
1731995460.0,5.52819575986879e-06,5.52819575986879e-06,5.52819575986879e-06,5.52819575986879e-06,0.0
1731995520.0,5.52819575986879e-06,5.52819575986879e-06,5.52819575986879e-06,5.52819575986879e-06,0.0
1731995580.0,5.52819575986879e-06,5.52819575986879e-06,5.52819575986879e-06,5.52819575986879e-06,0.0
1731995640.0,5.52819575986879e-06,5.52819575986879e-06,5.52819575986879e-06,5.52819575986879e-06,0.0
1731995700.0,5.52819575986879e-06,5.52819575986879e-06,5.52819575986879e-06,5.52819575986879e-06,0.0
1731995760.0,5.52819575986879e-06,5.52819575986879e-06,5.52819575986879e-06,5.52819575986879e-06,0.0
1731995820.0,5.52819575986879e-06,5.52819575986879e-06,5.52819575986879e-06,5.52819575986879e-06,0.0
1731995880.0,5.52819575986879e-06,5.52819575986879e-06,5.52819575986879e-06,5.52819575986879e-06,0.0
1731995940.0,5.52819575986879e-06,5.52819575986879e-06,5.52819575986879e-06,5.52819575986879e-06,0.0
1731996000.0,5.52819575986879e-06,5.52819575986879e-06,5.52819575986879e-06,5.52819575986879e-06,0.0
1731996060.0,5.52819575986879e-06,5.52819575986879e-06,5.52819575986879e-06,5.52819575986879e-06,0.0
1731996120.0,5.52819575986879e-06,5.52819575986879e-06,5.52819575986879e-06,5.52819575986879e-06,0.0
1731996180.0,5.52819575986879e-06,5.52819575986879e-06,5.52819575986879e-06,5.52819575986879e-06,0.0
1731996240.0,5.52819575986879e-06,5.52819575986879e-06,5.52819575986879e-06,5.52819575986879e-06,0.0
1731996300.0,5.52819575986879e-06,5.52819575986879e-06,5.52819575986879e-06,5.52819575986879e-06,0.0
1731996360.0,5.52819575986879e-06,5.52819575986879e-06,5.52819575986879e-06,5.52819575986879e-06,0.0
1731996420.0,5.52819575986879e-06,5.52819575986879e-06,5.51766643860565e-06,5.51766643860565e-06,1.88699613921
1731996480.0,5.51766643860565e-06,5.51766643860565e-06,5.51766643860565e-06,5.51766643860565e-06,0.0
1731996540.0,5.51766643860565e-06,5.51766643860565e-06,5.51766643860565e-06,5.51766643860565e-06,0.0
1731996600.0,5.51766643860565e-06,5.51766643860565e-06,5.51766643860565e-06,5.51766643860565e-06,0.0
1731996660.0,5.51766643860565e-06,5.51766643860565e-06,5.51766643860565e-06,5.51766643860565e-06,0.0
1731996720.0,5.51766643860565e-06,5.51766643860565e-06,5.51766643860565e-06,5.51766643860565e-06,0.0
1731996780.0,5.51766643860565e-06,5.51766643860565e-06,5.51766643860565e-06,5.51766643860565e-06,0.0
1731996840.0,5.51766643860565e-06,5.82367283017257e-06,5.51766643860565e-06,5.82367283017257e-06,241.32
1731996900.0,5.82367283017257e-06,5.82367283017257e-06,5.82367283017257e-06,5.82367283017257e-06,0.0
1731996960.0,5.82367283017257e-06,6.30968436923587e-06,5.82367283017257e-06,6.30968436923587e-06,156.8645
1731997020.0,6.30968436923587e-06,7.16654538136848e-06,6.30968436923587e-06,7.16654538136848e-06,313.926
1731997080.0,7.16654538136848e-06,7.16654538136848e-06,7.13242704916678e-06,7.13242704916678e-06,120.21494561503
1731997140.0,7.13242704916678e-06,7.13242704916678e-06,7.13242704916678e-06,7.13242704916678e-06,0.0
1731997200.0,7.13242704916678e-06,7.13242704916678e-06,7.13242704916678e-06,7.13242704916678e-06,0.0
1731997260.0,7.13242704916678e-06,7.13242704916678e-06,7.13242704916678e-06,7.13242704916678e-06,0.0
1731997320.0,7.13242704916678e-06,7.13242704916678e-06,7.13242704916678e-06,7.13242704916678e-06,0.0
1731997380.0,7.13242704916678e-06,7.13242704916678e-06,7.13242704916678e-06,7.13242704916678e-06,0.0
1731997440.0,7.13242704916678e-06,7.13242704916678e-06,7.13242704916678e-06,7.13242704916678e-06,0.0
1731997500.0,7.13242704916678e-06,7.13242704916678e-06,7.13242704916678e-06,7.13242704916678e-06,0.0
1731997560.0,7.13242704916678e-06,7.13242704916678e-06,7.13242704916678e-06,7.13242704916678e-06,0.0
1731997620.0,7.13242704916678e-06,7.13242704916678e-06,7.07869817980961e-06,7.07869817980961e-06,47.8764
1731997680.0,7.07869817980961e-06,7.07869817980961e-06,6.74103097356544e-06,6.74103097356544e-06,279.33327334472
1731997740.0,6.74103097356544e-06,6.74103097356544e-06,6.74103097356544e-06,6.74103097356544e-06,0.0
1731997800.0,6.74103097356544e-06,6.74103097356544e-06,6.39615181490447e-06,6.39615181490447e-06,2.41420380416
1731997860.0,6.39615181490447e-06,6.5494007836602e-06,6.39615181490447e-06,6.5494007836602e-06,96.884
1731997920.0,6.5494007836602e-06,6.5494007836602e-06,6.5494007836602e-06,6.5494007836602e-06,0.0
1731997980.0,6.5494007836602e-06,6.5494007836602e-06,6.5494007836602e-06,6.5494007836602e-06,0.0
1731998040.0,6.5494007836602e-06,6.5494007836602e-06,6.5494007836602e-06,6.5494007836602e-06,0.0
1731998100.0,6.5494007836602e-06,6.63310441142676e-06,6.5494007836602e-06,6.62812207997708e-06,4.14960868276
1731998160.0,6.62812207997708e-06,6.62812207997708e-06,6.62812207997708e-06,6.62812207997708e-06,0.0
1731998220.0,6.62812207997708e-06,6.96876544836091e-06,6.62812207997708e-06,6.96876544836091e-06,242.19
1731998280.0,6.96876544836091e-06,6.96876544836091e-06,6.96876544836091e-06,6.96876544836091e-06,0.0
1731998340.0,6.96876544836091e-06,6.96876544836091e-06,6.96876544836091e-06,6.96876544836091e-06,0.0
1731998400.0,6.96876544836091e-06,6.96876544836091e-06,6.96876544836091e-06,6.96876544836091e-06,0.0
1731998460.0,6.96876544836091e-06,6.96876544836091e-06,6.96876544836091e-06,6.96876544836091e-06,0.0
1731998520.0,6.96876544836091e-06,6.96876544836091e-06,6.96876544836091e-06,6.96876544836091e-06,0.0
1731998580.0,6.96876544836091e-06,6.96876544836091e-06,6.96876544836091e-06,6.96876544836091e-06,0.0
1731998640.0,6.96876544836091e-06,6.96876544836091e-06,6.96876544836091e-06,6.96876544836091e-06,0.0
1731998700.0,6.96876544836091e-06,6.96876544836091e-06,6.96876544836091e-06,6.96876544836091e-06,0.0
1731998760.0,6.96876544836091e-06,6.96876544836091e-06,6.96876544836091e-06,6.96876544836091e-06,0.0
1731998820.0,6.96876544836091e-06,7.1131563521349e-06,6.96876544836091e-06,7.1131563521349e-06,105.22352544672
1731998880.0,7.1131563521349e-06,7.1131563521349e-06,6.91550574503701e-06,6.91550574503701e-06,46.77265661588
1731998940.0,6.91550574503701e-06,7.29063458626431e-06,6.91550574503701e-06,7.29063458626431e-06,393.70390138658
1731999000.0,7.29063458626431e-06,7.29063458626431e-06,7.29063458626431e-06,7.29063458626431e-06,0.0
1731999060.0,7.29063458626431e-06,7.29063458626431e-06,7.25800548430968e-06,7.25800548430968e-06,96.119976
1731999120.0,7.25800548430968e-06,7.25800548430968e-06,7.25800548430968e-06,7.25800548430968e-06,0.0
1731999180.0,7.25800548430968e-06,7.34842357039509e-06,6.73607010515517e-06,6.73607010515517e-06,461.78746687382
1731999240.0,6.73607010515517e-06,6.73607010515517e-06,6.73607010515517e-06,6.73607010515517e-06,0.0
1731999300.0,6.73607010515517e-06,6.73607010515517e-06,6.73607010515517e-06,6.73607010515517e-06,0.0
1731999360.0,6.73607010515517e-06,6.73607010515517e-06,6.73607010515517e-06,6.73607010515517e-06,0.0
1731999420.0,6.73607010515517e-06,6.73607010515517e-06,6.73607010515517e-06,6.73607010515517e-06,0.0
1731999480.0,6.73607010515517e-06,6.73607010515517e-06,6.73607010515517e-06,6.73607010515517e-06,0.0
1731999540.0,6.73607010515517e-06,6.73607010515517e-06,6.73607010515517e-06,6.73607010515517e-06,0.0
1731999600.0,6.73607010515517e-06,6.73607010515517e-06,6.73607010515517e-06,6.73607010515517e-06,0.0
1731999660.0,6.73607010515517e-06,6.73607010515517e-06,6.73607010515517e-06,6.73607010515517e-06,0.0
1731999720.0,6.73607010515517e-06,6.73607010515517e-06,6.08521125895972e-06,6.08521125895972e-06,85.97868868914
1731999780.0,6.08521125895972e-06,6.08521125895972e-06,6.08521125895972e-06,6.08521125895972e-06,0.0
1731999840.0,6.08521125895972e-06,6.08521125895972e-06,6.08521125895972e-06,6.08521125895972e-06,0.0
1731999900.0,6.08521125895972e-06,6.08521125895972e-06,6.08521125895972e-06,6.08521125895972e-06,0.0
1731999960.0,6.08521125895972e-06,6.08521125895972e-06,6.08521125895972e-06,6.08521125895972e-06,0.0
1732000020.0,6.08521125895972e-06,6.08521125895972e-06,6.08521125895972e-06,6.08521125895972e-06,0.0
1732000080.0,6.08521125895972e-06,6.08521125895972e-06,6.08521125895972e-06,6.08521125895972e-06,0.0
1732000140.0,6.08521125895972e-06,6.08521125895972e-06,6.08521125895972e-06,6.08521125895972e-06,0.0
1732000200.0,6.08521125895972e-06,6.08521125895972e-06,6.08521125895972e-06,6.08521125895972e-06,0.0
1732000260.0,6.08521125895972e-06,6.08521125895972e-06,6.08521125895972e-06,6.08521125895972e-06,0.0
1732000320.0,6.08521125895972e-06,6.08521125895972e-06,6.08521125895972e-06,6.08521125895972e-06,0.0
1732000380.0,6.08521125895972e-06,6.08521125895972e-06,6.08521125895972e-06,6.08521125895972e-06,0.0
1732000440.0,6.08521125895972e-06,6.08521125895972e-06,6.08521125895972e-06,6.08521125895972e-06,0.0
1732000500.0,6.08521125895972e-06,6.08521125895972e-06,6.08521125895972e-06,6.08521125895972e-06,0.0
1732000560.0,6.08521125895972e-06,6.08521125895972e-06,6.08521125895972e-06,6.08521125895972e-06,0.0
1732000620.0,6.08521125895972e-06,6.08521125895972e-06,6.08521125895972e-06,6.08521125895972e-06,0.0
1732000680.0,6.08521125895972e-06,6.08521125895972e-06,6.08521125895972e-06,6.08521125895972e-06,0.0
1732000740.0,6.08521125895972e-06,6.08521125895972e-06,6.08521125895972e-06,6.08521125895972e-06,0.0
1732000800.0,6.08521125895972e-06,6.08521125895972e-06,6.08521125895972e-06,6.08521125895972e-06,0.0
1732000860.0,6.08521125895972e-06,6.08521125895972e-06,6.08521125895972e-06,6.08521125895972e-06,0.0
1732000920.0,6.08521125895972e-06,6.08521125895972e-06,6.08521125895972e-06,6.08521125895972e-06,0.0
1732000980.0,6.08521125895972e-06,6.08521125895972e-06,6.08521125895972e-06,6.08521125895972e-06,0.0
1732001040.0,6.08521125895972e-06,6.08521125895972e-06,6.08521125895972e-06,6.08521125895972e-06,0.0
1732001100.0,6.08521125895972e-06,6.08521125895972e-06,6.08521125895972e-06,6.08521125895972e-06,0.0
1732001160.0,6.08521125895972e-06,6.08521125895972e-06,6.08521125895972e-06,6.08521125895972e-06,0.0
1732001220.0,6.08521125895972e-06,6.08521125895972e-06,6.08521125895972e-06,6.08521125895972e-06,0.0
1732001280.0,6.08521125895972e-06,6.08521125895972e-06,6.08521125895972e-06,6.08521125895972e-06,0.0
1732001340.0,6.08521125895972e-06,6.08521125895972e-06,6.08521125895972e-06,6.08521125895972e-06,0.0
1732001400.0,6.08521125895972e-06,6.08521125895972e-06,5.99162728644979e-06,5.99162728644979e-06,0.02867346573
1732001460.0,5.99162728644979e-06,5.99162728644979e-06,5.99162728644979e-06,5.99162728644979e-06,0.0
1732001520.0,5.99162728644979e-06,5.99162728644979e-06,5.99162728644979e-06,5.99162728644979e-06,0.0
1732001580.0,5.99162728644979e-06,5.99162728644979e-06,5.99162728644979e-06,5.99162728644979e-06,0.0
1732001640.0,5.99162728644979e-06,5.99162728644979e-06,5.99162728644979e-06,5.99162728644979e-06,0.0
1732001700.0,5.99162728644979e-06,5.99162728644979e-06,5.99162728644979e-06,5.99162728644979e-06,0.0
1732001760.0,5.99162728644979e-06,5.99162728644979e-06,5.99162728644979e-06,5.99162728644979e-06,0.0
1732001820.0,5.99162728644979e-06,5.99162728644979e-06,5.99162728644979e-06,5.99162728644979e-06,0.0
1732001880.0,5.99162728644979e-06,5.99162728644979e-06,5.99162728644979e-06,5.99162728644979e-06,0.0
1732001940.0,5.99162728644979e-06,5.99162728644979e-06,5.99162728644979e-06,5.99162728644979e-06,0.0
1732002000.0,5.99162728644979e-06,5.99162728644979e-06,5.99162728644979e-06,5.99162728644979e-06,0.0
1732002060.0,5.99162728644979e-06,5.99162728644979e-06,5.99162728644979e-06,5.99162728644979e-06,0.0
1732002120.0,5.99162728644979e-06,5.99162728644979e-06,5.99162728644979e-06,5.99162728644979e-06,0.0
1732002180.0,5.99162728644979e-06,5.99162728644979e-06,5.99162728644979e-06,5.99162728644979e-06,0.0
1732002240.0,5.99162728644979e-06,5.99162728644979e-06,5.99162728644979e-06,5.99162728644979e-06,0.0
1732002300.0,5.99162728644979e-06,5.99162728644979e-06,5.99162728644979e-06,5.99162728644979e-06,0.0
1732002360.0,5.99162728644979e-06,5.99162728644979e-06,5.99162728644979e-06,5.99162728644979e-06,0.0
1732002420.0,5.99162728644979e-06,5.99162728644979e-06,5.99162728644979e-06,5.99162728644979e-06,0.0
1732002480.0,5.99162728644979e-06,5.99162728644979e-06,5.99162728644979e-06,5.99162728644979e-06,0.0
1732002540.0,5.99162728644979e-06,5.99162728644979e-06,5.99162728644979e-06,5.99162728644979e-06,0.0
1732002600.0,5.99162728644979e-06,5.99162728644979e-06,5.99162728644979e-06,5.99162728644979e-06,0.0
1732002660.0,5.99162728644979e-06,5.99162728644979e-06,5.99162728644979e-06,5.99162728644979e-06,0.0
1732002720.0,5.99162728644979e-06,5.99162728644979e-06,5.99162728644979e-06,5.99162728644979e-06,0.0
1732002780.0,5.99162728644979e-06,5.99162728644979e-06,5.99162728644979e-06,5.99162728644979e-06,0.0
1732002840.0,5.99162728644979e-06,5.99162728644979e-06,5.99162728644979e-06,5.99162728644979e-06,0.0
1732002900.0,5.99162728644979e-06,5.99162728644979e-06,5.99162728644979e-06,5.99162728644979e-06,0.0
1732002960.0,5.99162728644979e-06,5.99162728644979e-06,5.99162728644979e-06,5.99162728644979e-06,0.0
1732003020.0,5.99162728644979e-06,5.99162728644979e-06,5.99162728644979e-06,5.99162728644979e-06,0.0
1732003080.0,5.99162728644979e-06,5.99162728644979e-06,5.99162728644979e-06,5.99162728644979e-06,0.0
1732003140.0,5.99162728644979e-06,5.99162728644979e-06,5.99162728644979e-06,5.99162728644979e-06,0.0
1732003200.0,5.99162728644979e-06,5.99162728644979e-06,5.99162728644979e-06,5.99162728644979e-06,0.0
1732003260.0,5.99162728644979e-06,5.99162728644979e-06,5.99162728644979e-06,5.99162728644979e-06,0.0
1732003320.0,5.99162728644979e-06,5.99162728644979e-06,5.99162728644979e-06,5.99162728644979e-06,0.0
1732003380.0,5.99162728644979e-06,5.99162728644979e-06,5.99162728644979e-06,5.99162728644979e-06,0.0
1732003440.0,5.99162728644979e-06,5.99162728644979e-06,5.99162728644979e-06,5.99162728644979e-06,0.0
1732003500.0,5.99162728644979e-06,5.99162728644979e-06,5.99162728644979e-06,5.99162728644979e-06,0.0
1732003560.0,5.99162728644979e-06,5.99162728644979e-06,5.99162728644979e-06,5.99162728644979e-06,0.0
1732003620.0,5.99162728644979e-06,5.99162728644979e-06,5.99162728644979e-06,5.99162728644979e-06,0.0
1732003680.0,5.99162728644979e-06,5.99162728644979e-06,5.99162728644979e-06,5.99162728644979e-06,0.0
1732003740.0,5.99162728644979e-06,5.99162728644979e-06,5.99162728644979e-06,5.99162728644979e-06,0.0
1732003800.0,5.99162728644979e-06,5.99162728644979e-06,5.99162728644979e-06,5.99162728644979e-06,0.0
1732003860.0,5.99162728644979e-06,5.99162728644979e-06,5.99162728644979e-06,5.99162728644979e-06,0.0
1732003920.0,5.99162728644979e-06,5.99162728644979e-06,5.99162728644979e-06,5.99162728644979e-06,0.0
1732003980.0,5.99162728644979e-06,5.99162728644979e-06,5.99162728644979e-06,5.99162728644979e-06,0.0
1732004040.0,5.99162728644979e-06,5.99162728644979e-06,5.99162728644979e-06,5.99162728644979e-06,0.0
1732004100.0,5.99162728644979e-06,5.99162728644979e-06,5.99162728644979e-06,5.99162728644979e-06,0.0
1732004160.0,5.99162728644979e-06,5.99162728644979e-06,5.99162728644979e-06,5.99162728644979e-06,0.0
1732004220.0,5.99162728644979e-06,5.99162728644979e-06,5.99162728644979e-06,5.99162728644979e-06,0.0
1732004280.0,5.99162728644979e-06,5.99162728644979e-06,5.99162728644979e-06,5.99162728644979e-06,0.0
1732004340.0,5.99162728644979e-06,5.99162728644979e-06,5.99162728644979e-06,5.99162728644979e-06,0.0
1732004400.0,5.99162728644979e-06,5.99162728644979e-06,5.99162728644979e-06,5.99162728644979e-06,0.0
1732004460.0,5.99162728644979e-06,5.99162728644979e-06,5.99162728644979e-06,5.99162728644979e-06,0.0
1732004520.0,5.99162728644979e-06,5.99162728644979e-06,5.99162728644979e-06,5.99162728644979e-06,0.0
1732004580.0,5.99162728644979e-06,5.99162728644979e-06,5.99162728644979e-06,5.99162728644979e-06,0.0
1732004640.0,5.99162728644979e-06,5.99162728644979e-06,5.9880518517818e-06,5.9880518517818e-06,22.25641507491
1732004700.0,5.9880518517818e-06,5.9880518517818e-06,5.9880518517818e-06,5.9880518517818e-06,0.0
1732004760.0,5.9880518517818e-06,5.9880518517818e-06,5.9880518517818e-06,5.9880518517818e-06,0.0
1732004820.0,5.9880518517818e-06,5.9880518517818e-06,5.9880518517818e-06,5.9880518517818e-06,0.0
1732004880.0,5.9880518517818e-06,5.9880518517818e-06,5.9880518517818e-06,5.9880518517818e-06,0.0
1732004940.0,5.9880518517818e-06,5.9880518517818e-06,5.9880518517818e-06,5.9880518517818e-06,0.0
1732005000.0,5.9880518517818e-06,5.9880518517818e-06,5.9880518517818e-06,5.9880518517818e-06,0.0
1732005060.0,5.9880518517818e-06,5.9880518517818e-06,5.9880518517818e-06,5.9880518517818e-06,0.0
1732005120.0,5.9880518517818e-06,5.9880518517818e-06,5.9880518517818e-06,5.9880518517818e-06,0.0
1732005180.0,5.9880518517818e-06,5.9880518517818e-06,5.9880518517818e-06,5.9880518517818e-06,0.0
1732005240.0,5.9880518517818e-06,5.9880518517818e-06,5.9880518517818e-06,5.9880518517818e-06,0.0
1732005300.0,5.9880518517818e-06,5.9880518517818e-06,5.9880518517818e-06,5.9880518517818e-06,0.0
1732005360.0,5.9880518517818e-06,5.9880518517818e-06,5.9880518517818e-06,5.9880518517818e-06,0.0
1732005420.0,5.9880518517818e-06,5.9880518517818e-06,5.9880518517818e-06,5.9880518517818e-06,0.0
1732005480.0,5.9880518517818e-06,5.9880518517818e-06,5.9880518517818e-06,5.9880518517818e-06,0.0
1732005540.0,5.9880518517818e-06,5.9880518517818e-06,5.9880518517818e-06,5.9880518517818e-06,0.0
1732005600.0,5.9880518517818e-06,5.9880518517818e-06,5.9880518517818e-06,5.9880518517818e-06,0.0
1732005660.0,5.9880518517818e-06,5.9880518517818e-06,5.9880518517818e-06,5.9880518517818e-06,0.0
1732005720.0,5.9880518517818e-06,5.9880518517818e-06,5.9880518517818e-06,5.9880518517818e-06,0.0
1732005780.0,5.9880518517818e-06,5.9880518517818e-06,5.9880518517818e-06,5.9880518517818e-06,0.0
1732005840.0,5.9880518517818e-06,5.9880518517818e-06,5.9880518517818e-06,5.9880518517818e-06,0.0
1732005900.0,5.9880518517818e-06,5.9880518517818e-06,5.9880518517818e-06,5.9880518517818e-06,0.0
1732005960.0,5.9880518517818e-06,5.9880518517818e-06,5.9880518517818e-06,5.9880518517818e-06,0.0
1732006020.0,5.9880518517818e-06,5.9880518517818e-06,5.9880518517818e-06,5.9880518517818e-06,0.0
1732006080.0,5.9880518517818e-06,5.9880518517818e-06,5.9880518517818e-06,5.9880518517818e-06,0.0
1732006140.0,5.9880518517818e-06,5.9880518517818e-06,5.9880518517818e-06,5.9880518517818e-06,0.0
1732006200.0,5.9880518517818e-06,5.9880518517818e-06,5.9880518517818e-06,5.9880518517818e-06,0.0
1732006260.0,5.9880518517818e-06,5.9880518517818e-06,5.9880518517818e-06,5.9880518517818e-06,0.0
1732006320.0,5.9880518517818e-06,5.9880518517818e-06,5.9880518517818e-06,5.9880518517818e-06,0.0
1732006380.0,5.9880518517818e-06,5.9880518517818e-06,5.9880518517818e-06,5.9880518517818e-06,0.0
1732006440.0,5.9880518517818e-06,5.9880518517818e-06,5.9880518517818e-06,5.9880518517818e-06,0.0
1732006500.0,5.9880518517818e-06,5.9880518517818e-06,5.9880518517818e-06,5.9880518517818e-06,0.0
1732006560.0,5.9880518517818e-06,5.9880518517818e-06,5.9880518517818e-06,5.9880518517818e-06,0.0
1732006620.0,5.9880518517818e-06,5.9880518517818e-06,5.9880518517818e-06,5.9880518517818e-06,0.0
1732006680.0,5.9880518517818e-06,5.9880518517818e-06,5.9880518517818e-06,5.9880518517818e-06,0.0
1732006740.0,5.9880518517818e-06,5.9880518517818e-06,5.9880518517818e-06,5.9880518517818e-06,0.0
1732006800.0,5.9880518517818e-06,5.9880518517818e-06,5.9880518517818e-06,5.9880518517818e-06,0.0
1732006860.0,5.9880518517818e-06,5.9880518517818e-06,5.9880518517818e-06,5.9880518517818e-06,0.0
1732006920.0,5.9880518517818e-06,5.9880518517818e-06,5.9880518517818e-06,5.9880518517818e-06,0.0
1732006980.0,5.9880518517818e-06,5.9880518517818e-06,5.9880518517818e-06,5.9880518517818e-06,0.0
1732007040.0,5.9880518517818e-06,5.9880518517818e-06,5.9880518517818e-06,5.9880518517818e-06,0.0
1732007100.0,5.9880518517818e-06,5.9880518517818e-06,5.9880518517818e-06,5.9880518517818e-06,0.0
1732007160.0,5.9880518517818e-06,5.9880518517818e-06,5.9880518517818e-06,5.9880518517818e-06,0.0
1732007220.0,5.9880518517818e-06,5.9880518517818e-06,5.98587277302322e-06,5.98587277302322e-06,0.5490443015
1732007280.0,5.98587277302322e-06,5.98587277302322e-06,5.98587277302322e-06,5.98587277302322e-06,0.0
1732007340.0,5.98587277302322e-06,5.98587277302322e-06,5.98587277302322e-06,5.98587277302322e-06,0.0
1732007400.0,5.98587277302322e-06,5.98587277302322e-06,5.98587277302322e-06,5.98587277302322e-06,0.0
1732007460.0,5.98587277302322e-06,5.98587277302322e-06,5.98587277302322e-06,5.98587277302322e-06,0.0
1732007520.0,5.98587277302322e-06,5.98587277302322e-06,5.98587277302322e-06,5.98587277302322e-06,0.0
1732007580.0,5.98587277302322e-06,5.98587277302322e-06,5.98587277302322e-06,5.98587277302322e-06,0.0
1732007640.0,5.98587277302322e-06,5.98587277302322e-06,5.98587277302322e-06,5.98587277302322e-06,0.0
1732007700.0,5.98587277302322e-06,5.98587277302322e-06,5.98587277302322e-06,5.98587277302322e-06,0.0
1732007760.0,5.98587277302322e-06,5.98587277302322e-06,5.98587277302322e-06,5.98587277302322e-06,0.0
1732007820.0,5.98587277302322e-06,5.98587277302322e-06,5.98587277302322e-06,5.98587277302322e-06,0.0
1732007880.0,5.98587277302322e-06,5.98587277302322e-06,5.98587277302322e-06,5.98587277302322e-06,0.0
1732007940.0,5.98587277302322e-06,5.98587277302322e-06,5.98587277302322e-06,5.98587277302322e-06,0.0
1732008000.0,5.98587277302322e-06,5.98587277302322e-06,5.98587277302322e-06,5.98587277302322e-06,0.0
1732008060.0,5.98587277302322e-06,5.98587277302322e-06,5.98587277302322e-06,5.98587277302322e-06,0.0
1732008120.0,5.98587277302322e-06,5.98587277302322e-06,5.98587277302322e-06,5.98587277302322e-06,0.0
1732008180.0,5.98587277302322e-06,5.98587277302322e-06,5.98587277302322e-06,5.98587277302322e-06,0.0
1732008240.0,5.98587277302322e-06,5.98587277302322e-06,5.98587277302322e-06,5.98587277302322e-06,0.0
1732008300.0,5.98587277302322e-06,5.98587277302322e-06,5.98587277302322e-06,5.98587277302322e-06,0.0
1732008360.0,5.98587277302322e-06,5.98587277302322e-06,5.98587277302322e-06,5.98587277302322e-06,0.0
1732008420.0,5.98587277302322e-06,5.98587277302322e-06,5.98587277302322e-06,5.98587277302322e-06,0.0
1732008480.0,5.98587277302322e-06,5.98587277302322e-06,5.98587277302322e-06,5.98587277302322e-06,0.0
1732008540.0,5.98587277302322e-06,5.98587277302322e-06,5.98587277302322e-06,5.98587277302322e-06,0.0
1732008600.0,5.98587277302322e-06,5.98587277302322e-06,5.98587277302322e-06,5.98587277302322e-06,0.0
1732008660.0,5.98587277302322e-06,5.98587277302322e-06,5.98587277302322e-06,5.98587277302322e-06,0.0
1732008720.0,5.98587277302322e-06,5.98587277302322e-06,5.98587277302322e-06,5.98587277302322e-06,0.0
1732008780.0,5.98587277302322e-06,5.98587277302322e-06,5.98587277302322e-06,5.98587277302322e-06,0.0
1732008840.0,5.98587277302322e-06,5.98587277302322e-06,5.98587277302322e-06,5.98587277302322e-06,0.0
1732008900.0,5.98587277302322e-06,5.98587277302322e-06,5.98587277302322e-06,5.98587277302322e-06,0.0
1732008960.0,5.98587277302322e-06,5.98587277302322e-06,5.98587277302322e-06,5.98587277302322e-06,0.0
1732009020.0,5.98587277302322e-06,5.98587277302322e-06,5.98587277302322e-06,5.98587277302322e-06,0.0
1732009080.0,5.98587277302322e-06,5.98587277302322e-06,5.98587277302322e-06,5.98587277302322e-06,0.0
1732009140.0,5.98587277302322e-06,5.98587277302322e-06,5.98587277302322e-06,5.98587277302322e-06,0.0
1732009200.0,5.98587277302322e-06,5.98587277302322e-06,5.98587277302322e-06,5.98587277302322e-06,0.0
1732009260.0,5.98587277302322e-06,5.98587277302322e-06,5.98587277302322e-06,5.98587277302322e-06,0.0
1732009320.0,5.98587277302322e-06,5.98587277302322e-06,5.98587277302322e-06,5.98587277302322e-06,0.0
1732009380.0,5.98587277302322e-06,5.98587277302322e-06,5.98587277302322e-06,5.98587277302322e-06,0.0
1732009440.0,5.98587277302322e-06,5.98587277302322e-06,5.98587277302322e-06,5.98587277302322e-06,0.0
1732009500.0,5.98587277302322e-06,5.98587277302322e-06,5.98587277302322e-06,5.98587277302322e-06,0.0
1732009560.0,5.98587277302322e-06,5.98587277302322e-06,5.98587277302322e-06,5.98587277302322e-06,0.0
1732009620.0,5.98587277302322e-06,5.98587277302322e-06,5.98587277302322e-06,5.98587277302322e-06,0.0
1732009680.0,5.98587277302322e-06,5.98587277302322e-06,5.98587277302322e-06,5.98587277302322e-06,0.0
1732009740.0,5.98587277302322e-06,5.98587277302322e-06,5.98587277302322e-06,5.98587277302322e-06,0.0
1732009800.0,5.98587277302322e-06,5.98587277302322e-06,5.98587277302322e-06,5.98587277302322e-06,0.0
1732009860.0,5.98587277302322e-06,5.98587277302322e-06,5.98587277302322e-06,5.98587277302322e-06,0.0
1732009920.0,5.98587277302322e-06,5.98587277302322e-06,5.98587277302322e-06,5.98587277302322e-06,0.0
1732009980.0,5.98587277302322e-06,5.98587277302322e-06,5.98587277302322e-06,5.98587277302322e-06,0.0
1732010040.0,5.98587277302322e-06,5.98587277302322e-06,5.98587277302322e-06,5.98587277302322e-06,0.0
1732010100.0,5.98587277302322e-06,5.98587277302322e-06,5.98587277302322e-06,5.98587277302322e-06,0.0
1732010160.0,5.98587277302322e-06,5.98587277302322e-06,5.98587277302322e-06,5.98587277302322e-06,0.0
1732010220.0,5.98587277302322e-06,5.98587277302322e-06,5.98587277302322e-06,5.98587277302322e-06,0.0
1732010280.0,5.98587277302322e-06,5.98587277302322e-06,5.98587277302322e-06,5.98587277302322e-06,0.0
1732010340.0,5.98587277302322e-06,5.98587277302322e-06,5.98587277302322e-06,5.98587277302322e-06,0.0
1732010400.0,5.98587277302322e-06,5.98587277302322e-06,5.98587277302322e-06,5.98587277302322e-06,0.0
1732010460.0,5.98587277302322e-06,5.98587277302322e-06,5.98587277302322e-06,5.98587277302322e-06,0.0
1732010520.0,5.98587277302322e-06,5.98587277302322e-06,5.98587277302322e-06,5.98587277302322e-06,0.0
1732010580.0,5.98587277302322e-06,5.98587277302322e-06,5.98587277302322e-06,5.98587277302322e-06,0.0
1732010640.0,5.98587277302322e-06,5.98587277302322e-06,5.98587277302322e-06,5.98587277302322e-06,0.0
1732010700.0,5.98587277302322e-06,5.98587277302322e-06,5.98587277302322e-06,5.98587277302322e-06,0.0
1732010760.0,5.98587277302322e-06,5.98587277302322e-06,5.98587277302322e-06,5.98587277302322e-06,0.0
1732010820.0,5.98587277302322e-06,5.98587277302322e-06,5.98587277302322e-06,5.98587277302322e-06,0.0
1732010880.0,5.98587277302322e-06,5.98587277302322e-06,5.98587277302322e-06,5.98587277302322e-06,0.0
1732010940.0,5.98587277302322e-06,5.98587277302322e-06,5.98587277302322e-06,5.98587277302322e-06,0.0
1732011000.0,5.98587277302322e-06,5.98587277302322e-06,5.98587277302322e-06,5.98587277302322e-06,0.0
1732011060.0,5.98587277302322e-06,5.98587277302322e-06,5.98587277302322e-06,5.98587277302322e-06,0.0
1732011120.0,5.98587277302322e-06,5.98587277302322e-06,5.98587277302322e-06,5.98587277302322e-06,0.0
1732011180.0,5.98587277302322e-06,5.98587277302322e-06,5.98587277302322e-06,5.98587277302322e-06,0.0
1732011240.0,5.98587277302322e-06,5.98587277302322e-06,5.98587277302322e-06,5.98587277302322e-06,0.0
1732011300.0,5.98587277302322e-06,5.98587277302322e-06,5.98587277302322e-06,5.98587277302322e-06,0.0
1732011360.0,5.98587277302322e-06,5.98587277302322e-06,5.98587277302322e-06,5.98587277302322e-06,0.0
1732011420.0,5.98587277302322e-06,5.98587277302322e-06,5.98587277302322e-06,5.98587277302322e-06,0.0
1732011480.0,5.98587277302322e-06,5.98587277302322e-06,5.98587277302322e-06,5.98587277302322e-06,0.0
1732011540.0,5.98587277302322e-06,5.98587277302322e-06,5.98587277302322e-06,5.98587277302322e-06,0.0
1732011600.0,5.98587277302322e-06,5.98587277302322e-06,5.98587277302322e-06,5.98587277302322e-06,0.0
1732011660.0,5.98587277302322e-06,5.98587277302322e-06,5.98587277302322e-06,5.98587277302322e-06,0.0
1732011720.0,5.98587277302322e-06,5.98587277302322e-06,5.98587277302322e-06,5.98587277302322e-06,0.0
1732011780.0,5.98587277302322e-06,5.98587277302322e-06,5.98587277302322e-06,5.98587277302322e-06,0.0
1732011840.0,5.98587277302322e-06,5.98587277302322e-06,5.98587277302322e-06,5.98587277302322e-06,0.0
1732011900.0,5.98587277302322e-06,5.98587277302322e-06,5.98587277302322e-06,5.98587277302322e-06,0.0
1732011960.0,5.98587277302322e-06,5.98587277302322e-06,5.98587277302322e-06,5.98587277302322e-06,0.0
1732012020.0,5.98587277302322e-06,5.98587277302322e-06,5.98587277302322e-06,5.98587277302322e-06,0.0
1732012080.0,5.98587277302322e-06,5.98587277302322e-06,5.98587277302322e-06,5.98587277302322e-06,0.0
1732012140.0,5.98587277302322e-06,5.98587277302322e-06,5.98587277302322e-06,5.98587277302322e-06,0.0
1732012200.0,5.98587277302322e-06,5.98587277302322e-06,5.98587277302322e-06,5.98587277302322e-06,0.0
1732012260.0,5.98587277302322e-06,5.98587277302322e-06,5.98587277302322e-06,5.98587277302322e-06,0.0
1732012320.0,5.98587277302322e-06,5.98587277302322e-06,5.98587277302322e-06,5.98587277302322e-06,0.0
1732012380.0,5.98587277302322e-06,5.98587277302322e-06,5.98587277302322e-06,5.98587277302322e-06,0.0
1732012440.0,5.98587277302322e-06,5.98587277302322e-06,5.98587277302322e-06,5.98587277302322e-06,0.0
1732012500.0,5.98587277302322e-06,5.98587277302322e-06,5.98587277302322e-06,5.98587277302322e-06,0.0
1732012560.0,5.98587277302322e-06,5.98587277302322e-06,5.98587277302322e-06,5.98587277302322e-06,0.0
1732012620.0,5.98587277302322e-06,5.98587277302322e-06,5.98587277302322e-06,5.98587277302322e-06,0.0
1732012680.0,5.98587277302322e-06,5.98587277302322e-06,5.98587277302322e-06,5.98587277302322e-06,0.0
1732012740.0,5.98587277302322e-06,5.98587277302322e-06,5.98587277302322e-06,5.98587277302322e-06,0.0
1732012800.0,5.98587277302322e-06,5.98587277302322e-06,5.98587277302322e-06,5.98587277302322e-06,0.0
1732012860.0,5.98587277302322e-06,5.98587277302322e-06,5.98587277302322e-06,5.98587277302322e-06,0.0
1732012920.0,5.98587277302322e-06,5.98587277302322e-06,5.98587277302322e-06,5.98587277302322e-06,0.0
1732012980.0,5.98587277302322e-06,5.98587277302322e-06,5.98587277302322e-06,5.98587277302322e-06,0.0
1732013040.0,5.98587277302322e-06,5.98587277302322e-06,5.98587277302322e-06,5.98587277302322e-06,0.0
1732013100.0,5.98587277302322e-06,5.98587277302322e-06,5.98587277302322e-06,5.98587277302322e-06,0.0
1732013160.0,5.98587277302322e-06,5.98587277302322e-06,5.98587277302322e-06,5.98587277302322e-06,0.0
1732013220.0,5.98587277302322e-06,5.98587277302322e-06,5.98587277302322e-06,5.98587277302322e-06,0.0
1732013280.0,5.98587277302322e-06,5.98587277302322e-06,5.98587277302322e-06,5.98587277302322e-06,0.0
1732013340.0,5.98587277302322e-06,5.98587277302322e-06,5.98587277302322e-06,5.98587277302322e-06,0.0
1732013400.0,5.98587277302322e-06,5.98587277302322e-06,5.98587277302322e-06,5.98587277302322e-06,0.0
1732013460.0,5.98587277302322e-06,5.98587277302322e-06,5.98587277302322e-06,5.98587277302322e-06,0.0
1732013520.0,5.98587277302322e-06,5.98587277302322e-06,5.98587277302322e-06,5.98587277302322e-06,0.0
1732013580.0,5.98587277302322e-06,5.98587277302322e-06,5.98587277302322e-06,5.98587277302322e-06,0.0
1732013640.0,5.98587277302322e-06,5.98587277302322e-06,5.98587277302322e-06,5.98587277302322e-06,0.0
1732013700.0,5.98587277302322e-06,5.98587277302322e-06,5.98587277302322e-06,5.98587277302322e-06,0.0
1732013760.0,5.98587277302322e-06,5.98587277302322e-06,5.98587277302322e-06,5.98587277302322e-06,0.0
1732013820.0,5.98587277302322e-06,5.98587277302322e-06,5.98587277302322e-06,5.98587277302322e-06,0.0
1732013880.0,5.98587277302322e-06,5.98587277302322e-06,5.98587277302322e-06,5.98587277302322e-06,0.0
1732013940.0,5.98587277302322e-06,5.98587277302322e-06,5.98587277302322e-06,5.98587277302322e-06,0.0
1732014000.0,5.98587277302322e-06,5.98587277302322e-06,5.98587277302322e-06,5.98587277302322e-06,0.0
1732014060.0,5.98587277302322e-06,5.98587277302322e-06,5.98587277302322e-06,5.98587277302322e-06,0.0
1732014120.0,5.98587277302322e-06,5.98587277302322e-06,5.98587277302322e-06,5.98587277302322e-06,0.0
1732014180.0,5.98587277302322e-06,5.98587277302322e-06,5.73768959433651e-06,5.73768959433651e-06,215.5177556644
1732014240.0,5.73768959433651e-06,5.73768959433651e-06,5.73768959433651e-06,5.73768959433651e-06,0.0
1732014300.0,5.73768959433651e-06,5.73768959433651e-06,5.73768959433651e-06,5.73768959433651e-06,0.0
1732014360.0,5.73768959433651e-06,5.73768959433651e-06,5.73768959433651e-06,5.73768959433651e-06,0.0
1732014420.0,5.73768959433651e-06,5.73768959433651e-06,5.73768959433651e-06,5.73768959433651e-06,0.0
1732014480.0,5.73768959433651e-06,5.73768959433651e-06,5.73768959433651e-06,5.73768959433651e-06,0.0
1732014540.0,5.73768959433651e-06,5.73768959433651e-06,5.73768959433651e-06,5.73768959433651e-06,0.0
1732014600.0,5.73768959433651e-06,5.73768959433651e-06,5.73768959433651e-06,5.73768959433651e-06,0.0
1732014660.0,5.73768959433651e-06,5.73768959433651e-06,5.73768959433651e-06,5.73768959433651e-06,0.0
1732014720.0,5.73768959433651e-06,5.73768959433651e-06,5.73768959433651e-06,5.73768959433651e-06,0.0
1732014780.0,5.73768959433651e-06,5.73768959433651e-06,5.73768959433651e-06,5.73768959433651e-06,0.0
1732014840.0,5.73768959433651e-06,5.73768959433651e-06,5.73768959433651e-06,5.73768959433651e-06,0.0
1732014900.0,5.73768959433651e-06,5.73768959433651e-06,5.73768959433651e-06,5.73768959433651e-06,0.0
1732014960.0,5.73768959433651e-06,5.80688368788921e-06,5.73768959433651e-06,5.80688368788921e-06,246.19
1732015020.0,5.80688368788921e-06,5.80688368788921e-06,5.80688368788921e-06,5.80688368788921e-06,0.0
1732015080.0,5.80688368788921e-06,5.80688368788921e-06,5.80688368788921e-06,5.80688368788921e-06,0.0
1732015140.0,5.80688368788921e-06,5.80688368788921e-06,5.80688368788921e-06,5.80688368788921e-06,0.0
1732015200.0,5.80688368788921e-06,5.80688368788921e-06,5.80688368788921e-06,5.80688368788921e-06,0.0
1732015260.0,5.80688368788921e-06,5.80688368788921e-06,5.80688368788921e-06,5.80688368788921e-06,0.0
1732015320.0,5.80688368788921e-06,5.80688368788921e-06,5.80688368788921e-06,5.80688368788921e-06,0.0
1732015380.0,5.80688368788921e-06,5.80688368788921e-06,5.80688368788921e-06,5.80688368788921e-06,0.0
1732015440.0,5.80688368788921e-06,5.80688368788921e-06,5.80688368788921e-06,5.80688368788921e-06,0.0
1732015500.0,5.80688368788921e-06,5.80688368788921e-06,5.80688368788921e-06,5.80688368788921e-06,0.0
1732015560.0,5.80688368788921e-06,5.80688368788921e-06,5.80688368788921e-06,5.80688368788921e-06,0.0
1732015620.0,5.80688368788921e-06,5.80688368788921e-06,5.80688368788921e-06,5.80688368788921e-06,0.0
1732015680.0,5.80688368788921e-06,5.80688368788921e-06,5.80688368788921e-06,5.80688368788921e-06,0.0
1732015740.0,5.80688368788921e-06,5.80688368788921e-06,5.80688368788921e-06,5.80688368788921e-06,0.0
1732015800.0,5.80688368788921e-06,5.80688368788921e-06,5.80688368788921e-06,5.80688368788921e-06,0.0
1732015860.0,5.80688368788921e-06,5.80688368788921e-06,5.80688368788921e-06,5.80688368788921e-06,0.0
1732015920.0,5.80688368788921e-06,5.80688368788921e-06,5.77271725878571e-06,5.77271725878571e-06,244.74147207468
1732015980.0,5.77271725878571e-06,5.77271725878571e-06,5.77271725878571e-06,5.77271725878571e-06,0.0
1732016040.0,5.77271725878571e-06,5.77271725878571e-06,5.49325153345697e-06,5.49325153345697e-06,2.20373870418
1732016100.0,5.49325153345697e-06,5.49325153345697e-06,5.49325153345697e-06,5.49325153345697e-06,0.0
1732016160.0,5.49325153345697e-06,5.49325153345697e-06,5.49325153345697e-06,5.49325153345697e-06,0.0
1732016220.0,5.49325153345697e-06,5.49325153345697e-06,5.49325153345697e-06,5.49325153345697e-06,0.0
1732016280.0,5.49325153345697e-06,5.49325153345697e-06,5.49325153345697e-06,5.49325153345697e-06,0.0
1732016340.0,5.49325153345697e-06,5.49325153345697e-06,5.49325153345697e-06,5.49325153345697e-06,0.0
1732016400.0,5.49325153345697e-06,5.49325153345697e-06,5.49325153345697e-06,5.49325153345697e-06,0.0
1732016460.0,5.49325153345697e-06,5.49325153345697e-06,5.49325153345697e-06,5.49325153345697e-06,0.0
1732016520.0,5.49325153345697e-06,5.49325153345697e-06,5.49325153345697e-06,5.49325153345697e-06,0.0
1732016580.0,5.49325153345697e-06,5.49325153345697e-06,5.49325153345697e-06,5.49325153345697e-06,0.0
1732016640.0,5.49325153345697e-06,5.49325153345697e-06,5.49325153345697e-06,5.49325153345697e-06,0.0
1732016700.0,5.49325153345697e-06,5.49325153345697e-06,5.49325153345697e-06,5.49325153345697e-06,0.0
1732016760.0,5.49325153345697e-06,5.49325153345697e-06,5.49325153345697e-06,5.49325153345697e-06,0.0
1732016820.0,5.49325153345697e-06,5.49325153345697e-06,5.49325153345697e-06,5.49325153345697e-06,0.0
1732016880.0,5.49325153345697e-06,5.49325153345697e-06,5.49325153345697e-06,5.49325153345697e-06,0.0
1732016940.0,5.49325153345697e-06,5.63576323477255e-06,5.49325153345697e-06,5.63576323477255e-06,98.508
1732017000.0,5.63576323477255e-06,5.63576323477255e-06,5.63576323477255e-06,5.63576323477255e-06,0.0
1732017060.0,5.63576323477255e-06,5.63576323477255e-06,5.63576323477255e-06,5.63576323477255e-06,0.0
1732017120.0,5.63576323477255e-06,5.63576323477255e-06,5.63576323477255e-06,5.63576323477255e-06,0.0
1732017180.0,5.63576323477255e-06,5.63576323477255e-06,5.63576323477255e-06,5.63576323477255e-06,0.0
1732017240.0,5.63576323477255e-06,5.63576323477255e-06,5.63576323477255e-06,5.63576323477255e-06,0.0
1732017300.0,5.63576323477255e-06,5.63576323477255e-06,5.63576323477255e-06,5.63576323477255e-06,0.0
1732017360.0,5.63576323477255e-06,5.63576323477255e-06,5.63576323477255e-06,5.63576323477255e-06,0.0
1732017420.0,5.63576323477255e-06,5.63576323477255e-06,5.63576323477255e-06,5.63576323477255e-06,0.0
1732017480.0,5.63576323477255e-06,5.63576323477255e-06,5.63576323477255e-06,5.63576323477255e-06,0.0
1732017540.0,5.63576323477255e-06,5.63576323477255e-06,5.63576323477255e-06,5.63576323477255e-06,0.0
1732017600.0,5.63576323477255e-06,5.63576323477255e-06,5.63576323477255e-06,5.63576323477255e-06,0.0
1732017660.0,5.63576323477255e-06,5.63576323477255e-06,5.63576323477255e-06,5.63576323477255e-06,0.0
1732017720.0,5.63576323477255e-06,5.63576323477255e-06,5.63576323477255e-06,5.63576323477255e-06,0.0
1732017780.0,5.63576323477255e-06,5.63576323477255e-06,5.63576323477255e-06,5.63576323477255e-06,0.0
1732017840.0,5.63576323477255e-06,5.63576323477255e-06,5.63576323477255e-06,5.63576323477255e-06,0.0
1732017900.0,5.63576323477255e-06,5.63576323477255e-06,5.63576323477255e-06,5.63576323477255e-06,0.0
1732017960.0,5.63576323477255e-06,5.63576323477255e-06,5.63576323477255e-06,5.63576323477255e-06,0.0
1732018020.0,5.63576323477255e-06,5.63576323477255e-06,5.63576323477255e-06,5.63576323477255e-06,0.0
1732018080.0,5.63576323477255e-06,5.63576323477255e-06,5.63576323477255e-06,5.63576323477255e-06,0.0
1732018140.0,5.63576323477255e-06,5.63576323477255e-06,5.63576323477255e-06,5.63576323477255e-06,0.0
1732018200.0,5.63576323477255e-06,5.63576323477255e-06,5.63576323477255e-06,5.63576323477255e-06,0.0
1732018260.0,5.63576323477255e-06,5.63576323477255e-06,5.63576323477255e-06,5.63576323477255e-06,0.0
1732018320.0,5.63576323477255e-06,5.63576323477255e-06,5.63576323477255e-06,5.63576323477255e-06,0.0
1732018380.0,5.63576323477255e-06,5.63576323477255e-06,5.63576323477255e-06,5.63576323477255e-06,0.0
1732018440.0,5.63576323477255e-06,5.63576323477255e-06,5.63576323477255e-06,5.63576323477255e-06,0.0
1732018500.0,5.63576323477255e-06,5.63576323477255e-06,5.63576323477255e-06,5.63576323477255e-06,0.0
1732018560.0,5.63576323477255e-06,5.63576323477255e-06,5.63576323477255e-06,5.63576323477255e-06,0.0
1732018620.0,5.63576323477255e-06,5.63576323477255e-06,5.63576323477255e-06,5.63576323477255e-06,0.0
1732018680.0,5.63576323477255e-06,5.63576323477255e-06,5.63576323477255e-06,5.63576323477255e-06,0.0
1732018740.0,5.63576323477255e-06,5.63576323477255e-06,5.63576323477255e-06,5.63576323477255e-06,0.0
1732018800.0,5.63576323477255e-06,5.63576323477255e-06,5.63576323477255e-06,5.63576323477255e-06,0.0
1732018860.0,5.63576323477255e-06,5.63576323477255e-06,5.63576323477255e-06,5.63576323477255e-06,0.0
1732018920.0,5.63576323477255e-06,5.63576323477255e-06,5.63576323477255e-06,5.63576323477255e-06,0.0
1732018980.0,5.63576323477255e-06,5.63576323477255e-06,5.63576323477255e-06,5.63576323477255e-06,0.0
1732019040.0,5.63576323477255e-06,5.63576323477255e-06,5.63576323477255e-06,5.63576323477255e-06,0.0
1732019100.0,5.63576323477255e-06,5.63576323477255e-06,5.63576323477255e-06,5.63576323477255e-06,0.0
1732019160.0,5.63576323477255e-06,5.63576323477255e-06,5.63576323477255e-06,5.63576323477255e-06,0.0
1732019220.0,5.63576323477255e-06,5.63576323477255e-06,5.63576323477255e-06,5.63576323477255e-06,0.0
1732019280.0,5.63576323477255e-06,5.63576323477255e-06,5.63576323477255e-06,5.63576323477255e-06,0.0
1732019340.0,5.63576323477255e-06,5.63576323477255e-06,5.63576323477255e-06,5.63576323477255e-06,0.0
1732019400.0,5.63576323477255e-06,5.63576323477255e-06,5.63576323477255e-06,5.63576323477255e-06,0.0
1732019460.0,5.63576323477255e-06,5.63576323477255e-06,5.63576323477255e-06,5.63576323477255e-06,0.0
1732019520.0,5.63576323477255e-06,5.63576323477255e-06,5.63576323477255e-06,5.63576323477255e-06,0.0
1732019580.0,5.63576323477255e-06,5.63576323477255e-06,5.63576323477255e-06,5.63576323477255e-06,0.0
1732019640.0,5.63576323477255e-06,5.63576323477255e-06,5.63576323477255e-06,5.63576323477255e-06,0.0
1732019700.0,5.63576323477255e-06,5.63576323477255e-06,5.63576323477255e-06,5.63576323477255e-06,0.0
1732019760.0,5.63576323477255e-06,5.63576323477255e-06,5.63576323477255e-06,5.63576323477255e-06,0.0
1732019820.0,5.63576323477255e-06,5.63576323477255e-06,5.63576323477255e-06,5.63576323477255e-06,0.0
1732019880.0,5.63576323477255e-06,5.63576323477255e-06,5.63576323477255e-06,5.63576323477255e-06,0.0
1732019940.0,5.63576323477255e-06,5.63576323477255e-06,5.63576323477255e-06,5.63576323477255e-06,0.0
1732020000.0,5.63576323477255e-06,5.63576323477255e-06,5.63576323477255e-06,5.63576323477255e-06,0.0
1732020060.0,5.63576323477255e-06,5.63576323477255e-06,5.63576323477255e-06,5.63576323477255e-06,0.0
1732020120.0,5.63576323477255e-06,5.63576323477255e-06,5.63576323477255e-06,5.63576323477255e-06,0.0
1732020180.0,5.63576323477255e-06,5.63576323477255e-06,5.63576323477255e-06,5.63576323477255e-06,0.0
1732020240.0,5.63576323477255e-06,5.63576323477255e-06,5.63576323477255e-06,5.63576323477255e-06,0.0
1732020300.0,5.63576323477255e-06,5.63576323477255e-06,5.63576323477255e-06,5.63576323477255e-06,0.0
1732020360.0,5.63576323477255e-06,5.63576323477255e-06,5.63576323477255e-06,5.63576323477255e-06,0.0
1732020420.0,5.63576323477255e-06,5.63576323477255e-06,5.63576323477255e-06,5.63576323477255e-06,0.0
1732020480.0,5.63576323477255e-06,5.63576323477255e-06,5.63576323477255e-06,5.63576323477255e-06,0.0
1732020540.0,5.63576323477255e-06,5.63576323477255e-06,5.63576323477255e-06,5.63576323477255e-06,0.0
1732020600.0,5.63576323477255e-06,5.7090885285588e-06,5.63576323477255e-06,5.7090885285588e-06,5.84211761189
1732020660.0,5.7090885285588e-06,5.7090885285588e-06,5.7090885285588e-06,5.7090885285588e-06,0.0
1732020720.0,5.7090885285588e-06,5.7090885285588e-06,5.7090885285588e-06,5.7090885285588e-06,0.0
1732020780.0,5.7090885285588e-06,5.7090885285588e-06,5.7090885285588e-06,5.7090885285588e-06,0.0
1732020840.0,5.7090885285588e-06,5.7090885285588e-06,5.7090885285588e-06,5.7090885285588e-06,0.0
1732020900.0,5.7090885285588e-06,5.7090885285588e-06,5.7090885285588e-06,5.7090885285588e-06,0.0
1732020960.0,5.7090885285588e-06,5.7090885285588e-06,5.7090885285588e-06,5.7090885285588e-06,0.0
1732021020.0,5.7090885285588e-06,5.7090885285588e-06,5.7090885285588e-06,5.7090885285588e-06,0.0
1732021080.0,5.7090885285588e-06,5.7090885285588e-06,5.7090885285588e-06,5.7090885285588e-06,0.0
1732021140.0,5.7090885285588e-06,5.7090885285588e-06,5.7090885285588e-06,5.7090885285588e-06,0.0
1732021200.0,5.7090885285588e-06,5.7090885285588e-06,5.7090885285588e-06,5.7090885285588e-06,0.0
1732021260.0,5.7090885285588e-06,5.7090885285588e-06,5.68909819171474e-06,5.68909819171474e-06,1.75887635874
1732021320.0,5.68909819171474e-06,5.68909819171474e-06,5.68909819171474e-06,5.68909819171474e-06,0.0
1732021380.0,5.68909819171474e-06,5.68909819171474e-06,5.68909819171474e-06,5.68909819171474e-06,0.0
1732021440.0,5.68909819171474e-06,5.68909819171474e-06,5.68909819171474e-06,5.68909819171474e-06,0.0
1732021500.0,5.68909819171474e-06,5.68909819171474e-06,5.68909819171474e-06,5.68909819171474e-06,0.0
1732021560.0,5.68909819171474e-06,5.68909819171474e-06,5.68909819171474e-06,5.68909819171474e-06,0.0
1732021620.0,5.68909819171474e-06,5.68909819171474e-06,5.68909819171474e-06,5.68909819171474e-06,0.0
1732021680.0,5.68909819171474e-06,5.68909819171474e-06,5.68909819171474e-06,5.68909819171474e-06,0.0
1732021740.0,5.68909819171474e-06,5.68909819171474e-06,5.68909819171474e-06,5.68909819171474e-06,0.0
1732021800.0,5.68909819171474e-06,5.68909819171474e-06,5.68909819171474e-06,5.68909819171474e-06,0.0
1732021860.0,5.68909819171474e-06,5.68909819171474e-06,5.68909819171474e-06,5.68909819171474e-06,0.0
1732021920.0,5.68909819171474e-06,5.68909819171474e-06,5.68909819171474e-06,5.68909819171474e-06,0.0
1732021980.0,5.68909819171474e-06,5.68909819171474e-06,5.68909819171474e-06,5.68909819171474e-06,0.0
1732022040.0,5.68909819171474e-06,5.68909819171474e-06,5.68909819171474e-06,5.68909819171474e-06,0.0
1732022100.0,5.68909819171474e-06,5.68909819171474e-06,5.68909819171474e-06,5.68909819171474e-06,0.0
1732022160.0,5.68909819171474e-06,5.68909819171474e-06,5.68909819171474e-06,5.68909819171474e-06,0.0
1732022220.0,5.68909819171474e-06,5.68909819171474e-06,5.68909819171474e-06,5.68909819171474e-06,0.0
1732022280.0,5.68909819171474e-06,5.68909819171474e-06,5.68909819171474e-06,5.68909819171474e-06,0.0
1732022340.0,5.68909819171474e-06,5.68909819171474e-06,5.68909819171474e-06,5.68909819171474e-06,0.0
1732022400.0,5.68909819171474e-06,5.68909819171474e-06,5.68909819171474e-06,5.68909819171474e-06,0.0
1732022460.0,5.68909819171474e-06,5.68909819171474e-06,5.68909819171474e-06,5.68909819171474e-06,0.0
1732022520.0,5.68909819171474e-06,5.68909819171474e-06,5.68909819171474e-06,5.68909819171474e-06,0.0
1732022580.0,5.68909819171474e-06,5.68909819171474e-06,5.68909819171474e-06,5.68909819171474e-06,0.0
1732022640.0,5.68909819171474e-06,5.68909819171474e-06,5.68909819171474e-06,5.68909819171474e-06,0.0
1732022700.0,5.68909819171474e-06,5.68909819171474e-06,5.68909819171474e-06,5.68909819171474e-06,0.0
1732022760.0,5.68909819171474e-06,5.68909819171474e-06,5.68909819171474e-06,5.68909819171474e-06,0.0
1732022820.0,5.68909819171474e-06,5.68909819171474e-06,5.68909819171474e-06,5.68909819171474e-06,0.0
1732022880.0,5.68909819171474e-06,5.68909819171474e-06,5.68909819171474e-06,5.68909819171474e-06,0.0
1732022940.0,5.68909819171474e-06,5.68909819171474e-06,5.68909819171474e-06,5.68909819171474e-06,0.0
1732023000.0,5.68909819171474e-06,5.68909819171474e-06,5.68909819171474e-06,5.68909819171474e-06,0.0
1732023060.0,5.68909819171474e-06,5.68909819171474e-06,5.68909819171474e-06,5.68909819171474e-06,0.0
1732023120.0,5.68909819171474e-06,5.68909819171474e-06,5.68909819171474e-06,5.68909819171474e-06,0.0
1732023180.0,5.68909819171474e-06,5.68909819171474e-06,5.68909819171474e-06,5.68909819171474e-06,0.0
1732023240.0,5.68909819171474e-06,5.68909819171474e-06,5.68909819171474e-06,5.68909819171474e-06,0.0
1732023300.0,5.68909819171474e-06,5.68909819171474e-06,5.68909819171474e-06,5.68909819171474e-06,0.0
1732023360.0,5.68909819171474e-06,5.68909819171474e-06,5.68909819171474e-06,5.68909819171474e-06,0.0
1732023420.0,5.68909819171474e-06,5.68909819171474e-06,5.68909819171474e-06,5.68909819171474e-06,0.0
1732023480.0,5.68909819171474e-06,5.68909819171474e-06,5.68909819171474e-06,5.68909819171474e-06,0.0
1732023540.0,5.68909819171474e-06,5.68909819171474e-06,5.68909819171474e-06,5.68909819171474e-06,0.0
1732023600.0,5.68909819171474e-06,5.68909819171474e-06,5.68909819171474e-06,5.68909819171474e-06,0.0
1732023660.0,5.68909819171474e-06,5.68909819171474e-06,5.68909819171474e-06,5.68909819171474e-06,0.0
1732023720.0,5.68909819171474e-06,5.68909819171474e-06,5.68909819171474e-06,5.68909819171474e-06,0.0
1732023780.0,5.68909819171474e-06,5.68909819171474e-06,5.68909819171474e-06,5.68909819171474e-06,0.0
1732023840.0,5.68909819171474e-06,5.68909819171474e-06,5.68909819171474e-06,5.68909819171474e-06,0.0
1732023900.0,5.68909819171474e-06,5.68909819171474e-06,5.68909819171474e-06,5.68909819171474e-06,0.0
1732023960.0,5.68909819171474e-06,5.68909819171474e-06,5.68909819171474e-06,5.68909819171474e-06,0.0
1732024020.0,5.68909819171474e-06,5.68909819171474e-06,5.68909819171474e-06,5.68909819171474e-06,0.0
1732024080.0,5.68909819171474e-06,5.68909819171474e-06,5.68909819171474e-06,5.68909819171474e-06,0.0
1732024140.0,5.68909819171474e-06,5.68909819171474e-06,5.68909819171474e-06,5.68909819171474e-06,0.0
1732024200.0,5.68909819171474e-06,5.68909819171474e-06,5.68909819171474e-06,5.68909819171474e-06,0.0
1732024260.0,5.68909819171474e-06,5.68909819171474e-06,5.68909819171474e-06,5.68909819171474e-06,0.0
1732024320.0,5.68909819171474e-06,5.68909819171474e-06,5.68909819171474e-06,5.68909819171474e-06,0.0
1732024380.0,5.68909819171474e-06,5.68909819171474e-06,5.68909819171474e-06,5.68909819171474e-06,0.0
1732024440.0,5.68909819171474e-06,5.68909819171474e-06,5.68909819171474e-06,5.68909819171474e-06,0.0
1732024500.0,5.68909819171474e-06,5.68909819171474e-06,5.68909819171474e-06,5.68909819171474e-06,0.0
1732024560.0,5.68909819171474e-06,5.68909819171474e-06,5.68909819171474e-06,5.68909819171474e-06,0.0
1732024620.0,5.68909819171474e-06,5.68909819171474e-06,5.68909819171474e-06,5.68909819171474e-06,0.0
1732024680.0,5.68909819171474e-06,5.68909819171474e-06,5.68909819171474e-06,5.68909819171474e-06,0.0
1732024740.0,5.68909819171474e-06,5.68909819171474e-06,5.68909819171474e-06,5.68909819171474e-06,0.0
1732024800.0,5.68909819171474e-06,5.68909819171474e-06,5.68909819171474e-06,5.68909819171474e-06,0.0
1732024860.0,5.68909819171474e-06,5.68909819171474e-06,5.68909819171474e-06,5.68909819171474e-06,0.0
1732024920.0,5.68909819171474e-06,5.68909819171474e-06,5.68909819171474e-06,5.68909819171474e-06,0.0
1732024980.0,5.68909819171474e-06,5.68909819171474e-06,5.68909819171474e-06,5.68909819171474e-06,0.0
1732025040.0,5.68909819171474e-06,5.68909819171474e-06,5.68909819171474e-06,5.68909819171474e-06,0.0
1732025100.0,5.68909819171474e-06,5.68909819171474e-06,5.68909819171474e-06,5.68909819171474e-06,0.0
1732025160.0,5.68909819171474e-06,5.68909819171474e-06,5.68909819171474e-06,5.68909819171474e-06,0.0
1732025220.0,5.68909819171474e-06,5.68909819171474e-06,5.68909819171474e-06,5.68909819171474e-06,0.0
1732025280.0,5.68909819171474e-06,5.68909819171474e-06,5.68909819171474e-06,5.68909819171474e-06,0.0
1732025340.0,5.68909819171474e-06,5.68909819171474e-06,5.68909819171474e-06,5.68909819171474e-06,0.0
1732025400.0,5.68909819171474e-06,5.68909819171474e-06,5.68909819171474e-06,5.68909819171474e-06,0.0
1732025460.0,5.68909819171474e-06,5.68909819171474e-06,5.68909819171474e-06,5.68909819171474e-06,0.0
1732025520.0,5.68909819171474e-06,5.68909819171474e-06,5.68909819171474e-06,5.68909819171474e-06,0.0
1732025580.0,5.68909819171474e-06,5.68909819171474e-06,5.68909819171474e-06,5.68909819171474e-06,0.0
1732025640.0,5.68909819171474e-06,5.68909819171474e-06,5.62038365467233e-06,5.62038365467233e-06,9.99004485436
1732025700.0,5.62038365467233e-06,5.62038365467233e-06,5.62038365467233e-06,5.62038365467233e-06,0.0
1732025760.0,5.62038365467233e-06,5.63408760109889e-06,5.62038365467233e-06,5.63408760109889e-06,9.91129107276
1732025820.0,5.63408760109889e-06,5.63408760109889e-06,5.63408760109889e-06,5.63408760109889e-06,0.0
1732025880.0,5.63408760109889e-06,5.63408760109889e-06,5.63408760109889e-06,5.63408760109889e-06,0.0
1732025940.0,5.63408760109889e-06,5.63408760109889e-06,5.63408760109889e-06,5.63408760109889e-06,0.0
1732026000.0,5.63408760109889e-06,5.63408760109889e-06,5.63408760109889e-06,5.63408760109889e-06,0.0
1732026060.0,5.63408760109889e-06,5.63408760109889e-06,5.63408760109889e-06,5.63408760109889e-06,0.0
1732026120.0,5.63408760109889e-06,5.63408760109889e-06,5.63408760109889e-06,5.63408760109889e-06,0.0
1732026180.0,5.63408760109889e-06,5.63408760109889e-06,5.63408760109889e-06,5.63408760109889e-06,0.0
1732026240.0,5.63408760109889e-06,5.63408760109889e-06,5.63408760109889e-06,5.63408760109889e-06,0.0
1732026300.0,5.63408760109889e-06,5.63408760109889e-06,5.63408760109889e-06,5.63408760109889e-06,0.0
1732026360.0,5.63408760109889e-06,5.63408760109889e-06,5.63408760109889e-06,5.63408760109889e-06,0.0
1732026420.0,5.63408760109889e-06,5.63408760109889e-06,5.63408760109889e-06,5.63408760109889e-06,0.0
1732026480.0,5.63408760109889e-06,5.63408760109889e-06,5.63408760109889e-06,5.63408760109889e-06,0.0
1732026540.0,5.63408760109889e-06,5.63408760109889e-06,5.63408760109889e-06,5.63408760109889e-06,0.0
1732026600.0,5.63408760109889e-06,5.63408760109889e-06,5.63408760109889e-06,5.63408760109889e-06,0.0
1732026660.0,5.63408760109889e-06,5.63408760109889e-06,5.63408760109889e-06,5.63408760109889e-06,0.0
1732026720.0,5.63408760109889e-06,5.63408760109889e-06,5.63408760109889e-06,5.63408760109889e-06,0.0
1732026780.0,5.63408760109889e-06,5.63408760109889e-06,5.63408760109889e-06,5.63408760109889e-06,0.0
1732026840.0,5.63408760109889e-06,5.63408760109889e-06,5.63408760109889e-06,5.63408760109889e-06,0.0
1732026900.0,5.63408760109889e-06,5.63408760109889e-06,5.63408760109889e-06,5.63408760109889e-06,0.0
1732026960.0,5.63408760109889e-06,5.63408760109889e-06,5.63408760109889e-06,5.63408760109889e-06,0.0
1732027020.0,5.63408760109889e-06,5.63408760109889e-06,5.63408760109889e-06,5.63408760109889e-06,0.0
1732027080.0,5.63408760109889e-06,5.63408760109889e-06,5.63408760109889e-06,5.63408760109889e-06,0.0
1732027140.0,5.63408760109889e-06,5.63408760109889e-06,5.63408760109889e-06,5.63408760109889e-06,0.0
1732027200.0,5.63408760109889e-06,5.63408760109889e-06,5.63408760109889e-06,5.63408760109889e-06,0.0
1732027260.0,5.63408760109889e-06,5.63408760109889e-06,5.63408760109889e-06,5.63408760109889e-06,0.0
1732027320.0,5.63408760109889e-06,5.63408760109889e-06,5.63408760109889e-06,5.63408760109889e-06,0.0
1732027380.0,5.63408760109889e-06,5.63408760109889e-06,5.63408760109889e-06,5.63408760109889e-06,0.0
1732027440.0,5.63408760109889e-06,5.63408760109889e-06,5.63408760109889e-06,5.63408760109889e-06,0.0
1732027500.0,5.63408760109889e-06,5.63408760109889e-06,5.63408760109889e-06,5.63408760109889e-06,0.0
1732027560.0,5.63408760109889e-06,5.63408760109889e-06,5.63408760109889e-06,5.63408760109889e-06,0.0
1732027620.0,5.63408760109889e-06,5.63408760109889e-06,5.63408760109889e-06,5.63408760109889e-06,0.0
1732027680.0,5.63408760109889e-06,5.63408760109889e-06,5.63408760109889e-06,5.63408760109889e-06,0.0
1732027740.0,5.63408760109889e-06,5.63408760109889e-06,5.63408760109889e-06,5.63408760109889e-06,0.0
1732027800.0,5.63408760109889e-06,5.63408760109889e-06,5.63408760109889e-06,5.63408760109889e-06,0.0
1732027860.0,5.63408760109889e-06,5.63408760109889e-06,5.63408760109889e-06,5.63408760109889e-06,0.0
1732027920.0,5.63408760109889e-06,5.63408760109889e-06,5.63408760109889e-06,5.63408760109889e-06,0.0
