0,1,2,3,4,5
1734207480.0,0.0006300044168899,0.0006333551088498,0.000629755984177,0.0006333551088498,340.82702900765
1734207540.0,0.0006333551088498,0.0006333551088498,0.0006273921282323,0.0006273921282323,164.7077799234
1734207600.0,0.0006273921282323,0.0006273921282323,0.0006185662337861,0.0006185662337861,178.33472597565
1734207660.0,0.0006185662337861,0.0006460774486176,0.0006185662337861,0.0006424399638556,1059.30991127348
1734207720.0,0.0006424399638556,0.000646347929791,0.0006424399638556,0.000646347929791,151.85278915413
1734207780.0,0.000646347929791,0.0006488481072689,0.000646347929791,0.0006488481072689,53.68948868696
1734207840.0,0.0006488481072689,0.0006506395671225,0.0006460197681545,0.0006506395671225,259.80779049635
1734207900.0,0.0006506395671225,0.0006587455980274,0.0006506395671225,0.0006577975128714,371.99530714997
1734207960.0,0.0006577975128714,0.0006591773633109,0.0006556388806675,0.0006556388806675,40.909526295
1734208020.0,0.0006556388806675,0.0006571748593961,0.0006433273600405,0.0006433273600405,692.38718738796
1734208080.0,0.0006433273600405,0.0006468749913482,0.0006431309842517,0.0006442790323998,272.3667907092
1734208140.0,0.0006442790323998,0.0006445326725496,0.0006442790323998,0.0006445326725496,15.2215
1734208200.0,0.0006445326725496,0.0006445326725496,0.0006397468825987,0.0006397468825987,115.34613105822
1734208260.0,0.0006397468825987,0.0006410596858211,0.0006397468825987,0.0006410596858211,8.6884
1734208320.0,0.0006410596858211,0.0006468631774197,0.0006409019216357,0.0006468631774197,281.95271445664
1734208380.0,0.0006468631774197,0.0006478476106207,0.0006441251970009,0.0006478476106207,136.6887815544
1734208440.0,0.0006478476106207,0.0006535247822542,0.0006478476106207,0.0006535247822542,305.23350764116
1734208500.0,0.0006535247822542,0.0006552676306817,0.0006519252110172,0.0006552676306817,54.73879254508
1734208560.0,0.0006552676306817,0.0006552676306817,0.0006470408992031,0.0006470408992031,400.93275541486
1734208620.0,0.0006470408992031,0.0006472401759853,0.0006447188714193,0.0006472401759853,116.22794109555
1734208680.0,0.0006472401759853,0.0006531953626491,0.0006472401759853,0.0006531953626491,269.68473175
1734208740.0,0.0006531953626491,0.0006542602638125,0.0006531953626491,0.0006542602638125,19.30063815
1734208800.0,0.0006542602638125,0.0006555340794681,0.0006542602638125,0.0006555340794681,86.496
1734208860.0,0.0006555340794681,0.0006576141694821,0.0006491163339803,0.0006491163339803,426.0600222212
1734208920.0,0.0006491163339803,0.0006491163339803,0.0006428709030572,0.0006428709030572,198.64036959338
1734208980.0,0.0006428709030572,0.0006428709030572,0.0006425425049904,0.0006425425049904,4.9143145554
1734209040.0,0.0006425425049904,0.0006425425049904,0.0006425425049904,0.0006425425049904,0.0
1734209100.0,0.0006425425049904,0.0006425425049904,0.0006425425049904,0.0006425425049904,0.0
1734209160.0,0.0006425425049904,0.0006425425049904,0.0006425425049904,0.0006425425049904,0.0
1734209220.0,0.0006425425049904,0.0006430673087316,0.0006425425049904,0.0006430673087316,8.710413624
1734209280.0,0.0006430673087316,0.0006500545961243,0.0006430673087316,0.0006500545961243,194.346
1734209340.0,0.0006500545961243,0.0006500545961243,0.0006423218786973,0.0006423218786973,171.30838731141
1734209400.0,0.0006423218786973,0.0006423218786973,0.000639651384728,0.000641971346718,96.28746323724
1734209460.0,0.000641971346718,0.000641971346718,0.000636945416421,0.0006392375121977,189.8212
1734209520.0,0.0006392375121977,0.0006399826964683,0.0006392375121977,0.0006399826964683,21.561
1734209580.0,0.0006399826964683,0.0006399826964683,0.0006399121441864,0.0006399121441864,4.266306
1734209640.0,0.0006399121441864,0.0006428278479437,0.0006399121441864,0.0006428278479437,172.216
1734209700.0,0.0006428278479437,0.0006428278479437,0.0006401926264509,0.0006401926264509,43.054
1734209760.0,0.0006401926264509,0.0006437559630761,0.0006401926264509,0.0006437559630761,53.835
1734209820.0,0.0006437559630761,0.0006437559630761,0.0006364088670339,0.0006364088670339,221.04128155533
1734209880.0,0.0006364088670339,0.0006364088670339,0.0006364088670339,0.0006364088670339,0.0
1734209940.0,0.0006364088670339,0.0006367702097063,0.0006341763710004,0.0006367702097063,127.74867957204
1734210000.0,0.0006367702097063,0.0006367702097063,0.0006367702097063,0.0006367702097063,0.0
1734210060.0,0.0006367702097063,0.000639476527871,0.0006367702097063,0.000639476527871,131.170644
1734210120.0,0.000639476527871,0.0006444925523815,0.000639476527871,0.0006444925523815,78.19689476055
1734210180.0,0.0006444925523815,0.0006481089516805,0.0006444925523815,0.0006481089516805,86.352
1734210240.0,0.0006481089516805,0.0006498578493626,0.0006481089516805,0.0006498578493626,30.4065403298
1734210300.0,0.0006498578493626,0.000661328429185,0.0006498578493626,0.000661328429185,708.1277868929
1734210360.0,0.000661328429185,0.0006631560904634,0.000661328429185,0.0006631560904634,4.41922402779
1734210420.0,0.0006631560904634,0.0006631560904634,0.0006546538614483,0.0006546538614483,243.485830528
1734210480.0,0.0006546538614483,0.0006546538614483,0.0006546538614483,0.0006546538614483,0.0
1734210540.0,0.0006546538614483,0.0006570726812407,0.0006546538614483,0.0006570726812407,5.40947066946
1734210600.0,0.0006570726812407,0.0006611900351478,0.0006570726812407,0.0006611900351478,184.84424406354
1734210660.0,0.0006611900351478,0.0006611900351478,0.0006527667686716,0.0006550284139625,288.91619086312
1734210720.0,0.0006550284139625,0.0006550284139625,0.0006506983340493,0.0006506983340493,85.08018782022
1734210780.0,0.0006506983340493,0.0006542005454846,0.0006494738253491,0.0006542005454846,86.23896048769
1734210840.0,0.0006542005454846,0.0006555480996538,0.0006341145055533,0.0006341145055533,936.85434619046
1734210900.0,0.0006341145055533,0.0006341145055533,0.0006184625215418,0.0006184625215418,566.331106774
1734210960.0,0.0006184625215418,0.0006184625215418,0.0006154999071987,0.0006154999071987,46.78880451134
1734211020.0,0.0006154999071987,0.0006154999071987,0.0006154999071987,0.0006154999071987,0.0
1734211080.0,0.0006154999071987,0.0006154999071987,0.0006099360078514,0.0006099360078514,378.81470235838
1734211140.0,0.0006099360078514,0.0006099360078514,0.0006099360078514,0.0006099360078514,0.0
1734211200.0,0.0006099360078514,0.0006099360078514,0.0006056411123415,0.0006056411123415,4.10173594908
1734211260.0,0.0006056411123415,0.0006056411123415,0.0006056411123415,0.0006056411123415,0.0
1734211320.0,0.0006056411123415,0.0006056411123415,0.0006056411123415,0.0006056411123415,0.0
1734211380.0,0.0006056411123415,0.0006056411123415,0.0006056411123415,0.0006056411123415,0.0
1734211440.0,0.0006056411123415,0.0006056411123415,0.0006056411123415,0.0006056411123415,0.0
1734211500.0,0.0006056411123415,0.0006056411123415,0.0006056411123415,0.0006056411123415,0.0
1734211560.0,0.0006056411123415,0.0006093679998402,0.0006056411123415,0.0006093679998402,7.40797655584
1734211620.0,0.0006093679998402,0.0006106144289093,0.0006093679998402,0.0006106144289093,58.4735622
1734211680.0,0.0006106144289093,0.0006113271540812,0.0006106144289093,0.0006113271540812,4.91023033842
1734211740.0,0.0006113271540812,0.0006113271540812,0.0006075502975494,0.0006075502975494,60.84831411879
1734211800.0,0.0006075502975494,0.0006098760659177,0.0006075502975494,0.0006098760659177,1.00087941044
1734211860.0,0.0006098760659177,0.0006098760659177,0.0006098760659177,0.0006098760659177,0.0
1734211920.0,0.0006098760659177,0.0006098760659177,0.0006066688205633,0.0006066688205633,4.87281421775
1734211980.0,0.0006066688205633,0.0006066688205633,0.0006066688205633,0.0006066688205633,0.0
1734212040.0,0.0006066688205633,0.0006148391257348,0.0006066688205633,0.0006104936139459,451.5050739374
1734212100.0,0.0006104936139459,0.0006157433557809,0.0006104936139459,0.0006157433557809,86.884
1734212160.0,0.0006157433557809,0.0006157433557809,0.0006157433557809,0.0006157433557809,0.0
1734212220.0,0.0006157433557809,0.0006157433557809,0.0006157433557809,0.0006157433557809,0.0
1734212280.0,0.0006157433557809,0.0006157433557809,0.0006157433557809,0.0006157433557809,0.0
1734212340.0,0.0006157433557809,0.0006157433557809,0.0006157433557809,0.0006157433557809,0.0
1734212400.0,0.0006157433557809,0.0006157433557809,0.0006157433557809,0.0006157433557809,0.0
1734212460.0,0.0006157433557809,0.0006219142592875,0.0006157433557809,0.0006219142592875,344.7011601036
1734212520.0,0.0006219142592875,0.0006219142592875,0.0006219142592875,0.0006219142592875,0.0
1734212580.0,0.0006219142592875,0.0006219142592875,0.0006219142592875,0.0006219142592875,0.0
1734212640.0,0.0006219142592875,0.0006365151122453,0.000618900348947,0.000618900348947,2025.80767628382
1734212700.0,0.000618900348947,0.000618900348947,0.0005989134664453,0.0006039051231758,312.89473120826
1734212760.0,0.0006039051231758,0.0006090527342737,0.0006039051231758,0.0006090527342737,103.03808879174
1734212820.0,0.0006090527342737,0.0006097047274386,0.0006065318521387,0.0006097047274386,33.51998065822
1734212880.0,0.0006097047274386,0.0006141023833381,0.0006097047274386,0.0006141023833381,186.3108667
1734212940.0,0.0006141023833381,0.0006161630510922,0.0006141023833381,0.0006161630510922,32.6443
1734213000.0,0.0006161630510922,0.0006187626931644,0.0006161630510922,0.0006187626931644,109.40285583853
1734213060.0,0.0006187626931644,0.0006187626931644,0.0006187626931644,0.0006187626931644,0.0
1734213120.0,0.0006187626931644,0.0006187626931644,0.0006187626931644,0.0006187626931644,0.0
1734213180.0,0.0006187626931644,0.0006187626931644,0.0006187626931644,0.0006187626931644,0.0
1734213240.0,0.0006187626931644,0.000802864792915,0.0006187626931644,0.0007054764391647,13201.04276884305
1734213300.0,0.0007054764391647,0.0007054764391647,0.0007054764391647,0.0007054764391647,0.0
1734213360.0,0.0007054764391647,0.0007054764391647,0.0006238561700829,0.000625099113131,94.6638467892
1734213420.0,0.000625099113131,0.000625099113131,0.000625099113131,0.000625099113131,0.0
1734213480.0,0.000625099113131,0.0006478018571789,0.000625099113131,0.0006478018571789,1106.607801167
1734213540.0,0.0006478018571789,0.0006492875106294,0.0006459318894373,0.0006492875106294,45.21586263804
1734213600.0,0.0006492875106294,0.0006496954959003,0.0006492875106294,0.0006496954959003,9.99558687567
1734213660.0,0.0006496954959003,0.0006498713973157,0.0006496954959003,0.0006498713973157,5.3687090196
1734213720.0,0.0006498713973157,0.0006500277491864,0.0006498713973157,0.0006500277491864,10.779588
1734213780.0,0.0006500277491864,0.0006533006105149,0.0006500277491864,0.0006533006105149,113.43791667599
1734213840.0,0.0006533006105149,0.0006533006105149,0.0006533006105149,0.0006533006105149,0.0
1734213900.0,0.0006533006105149,0.0006533006105149,0.000641397187051,0.000641397187051,379.65818565612
1734213960.0,0.000641397187051,0.0006477867145904,0.000641397187051,0.0006477867145904,199.30403
1734214020.0,0.0006477867145904,0.0006501152416676,0.0006477867145904,0.0006501152416676,87.056
1734214080.0,0.0006501152416676,0.0006501152416676,0.0006424329491074,0.0006424329491074,251.82278614203
1734214140.0,0.0006424329491074,0.0006469183391869,0.0006424329491074,0.0006469183391869,97.18531299477
1734214200.0,0.0006469183391869,0.0006472786401571,0.0006469183391869,0.0006472786401571,17.87128392168
1734214260.0,0.0006472786401571,0.0006506480669882,0.0006472786401571,0.0006506480669882,165.19666001054
1734214320.0,0.0006506480669882,0.0006516852004255,0.0006506480669882,0.0006516754580811,23.89434545228
1734214380.0,0.0006516754580811,0.0006706625077375,0.0006516754580811,0.0006664590949294,1773.87981157193
1734214440.0,0.0006664590949294,0.0006677197165756,0.0006664590949294,0.0006677197165756,5.85593927529
1734214500.0,0.0006677197165756,0.0006680758137066,0.0006500837002449,0.0006500837002449,1130.15808139383
1734214560.0,0.0006500837002449,0.0006500837002449,0.0006324294849819,0.0006381761991688,307.23966946166
1734214620.0,0.0006381761991688,0.0006527049250558,0.0006381761991688,0.0006527049250558,1042.03517184365
1734214680.0,0.0006527049250558,0.0006673542265637,0.0006527049250558,0.0006673542265637,41.2604
1734214740.0,0.0006673542265637,0.0006680835358904,0.0006644655208632,0.0006680835358904,45.62696381008
1734214800.0,0.0006680835358904,0.0006680835358904,0.0006680835358904,0.0006680835358904,0.0
1734214860.0,0.0006680835358904,0.000670671661447,0.0006680835358904,0.000670671661447,173.672
1734214920.0,0.000670671661447,0.0006788261177771,0.000670671661447,0.0006788261177771,286.6418156693
1734214980.0,0.0006788261177771,0.0006788261177771,0.0006788261177771,0.0006788261177771,0.0
1734215040.0,0.0006788261177771,0.0006810812164237,0.0006788261177771,0.0006810812164237,65.175
1734215100.0,0.0006810812164237,0.0006862040992774,0.0006810812164237,0.0006862040992774,165.32659501772
1734215160.0,0.0006862040992774,0.0006907240714844,0.0006833410320965,0.0006907240714844,200.96650188864
1734215220.0,0.0006907240714844,0.0006935775535433,0.0006907240714844,0.0006935775535433,52.0091335
1734215280.0,0.0006935775535433,0.0006935775535433,0.0006904389947794,0.0006904389947794,23.3198327424
1734215340.0,0.0006904389947794,0.0006954769002699,0.0006904389947794,0.0006954769002699,56.97526329
1734215400.0,0.0006954769002699,0.0006970007830531,0.0006954769002699,0.0006970007830531,91.83884390372
1734215460.0,0.0006970007830531,0.0007087393912221,0.0006970007830531,0.0007027553883409,797.72353810662
1734215520.0,0.0007027553883409,0.0007054426033355,0.0007027553883409,0.0007054426033355,140.8675810266
1734215580.0,0.0007054426033355,0.0007155675786819,0.0007028417882482,0.0007155675786819,338.50694629087
1734215640.0,0.0007155675786819,0.0007231715318317,0.0007155675786819,0.0007231715318317,311.74475218607
1734215700.0,0.0007231715318317,0.000725874284185,0.0007208607510937,0.0007230920266175,179.64910302574
1734215760.0,0.0007230920266175,0.0007304756909318,0.0007193787428264,0.0007304756909318,391.49812171414
1734215820.0,0.0007304756909318,0.0007354092685735,0.0007304756909318,0.0007354092685735,73.25363288275
1734215880.0,0.0007354092685735,0.0007378450862308,0.0007354092685735,0.0007378450862308,42.11417958076
1734215940.0,0.0007378450862308,0.0007426045847013,0.0007378450862308,0.0007426045847013,238.7072359555
1734216000.0,0.0007426045847013,0.0007473078322327,0.0007426045847013,0.0007434859737092,119.4517573466
1734216060.0,0.0007434859737092,0.0007486569608197,0.0007434859737092,0.0007486569608197,65.30420088232
1734216120.0,0.0007486569608197,0.0007524538427158,0.0007452107691034,0.0007524538427158,133.77840628084
1734216180.0,0.0007524538427158,0.0007679188767714,0.0007524538427158,0.0007664785894507,551.48852147694
1734216240.0,0.0007664785894507,0.0007680821215249,0.0007638850422276,0.0007680821215249,107.13007364142
1734216300.0,0.0007680821215249,0.0007697131057557,0.0007655585583986,0.0007655585583986,61.12656340286
1734216360.0,0.0007655585583986,0.0007655585583986,0.0007588937620003,0.0007588937620003,278.23475028006
1734216420.0,0.0007588937620003,0.0007608653078171,0.0007560764370178,0.0007573565536896,263.60606672749
1734216480.0,0.0007573565536896,0.0007573565536896,0.0007518801912169,0.0007532967431873,489.93901077102
1734216540.0,0.0007532967431873,0.0007698024091112,0.0007532967431873,0.0007698024091112,511.1922975
1734216600.0,0.0007698024091112,0.0007729513477235,0.0007648755522767,0.0007729513477235,318.41679564095
1734216660.0,0.0007729513477235,0.0007731565243506,0.0007592371624112,0.0007592371624112,614.09641895238
1734216720.0,0.0007592371624112,0.0007617127680712,0.0007580429998664,0.0007617127680712,17.94654216175
1734216780.0,0.0007617127680712,0.0007627143308383,0.0007617127680712,0.0007627143308383,54.07393125
1734216840.0,0.0007627143308383,0.0007627143308383,0.0007589305974569,0.0007589305974569,61.98921599934
1734216900.0,0.0007589305974569,0.0007589305974569,0.0007589305974569,0.0007589305974569,0.0
1734216960.0,0.0007589305974569,0.0007689158264492,0.0007589305974569,0.0007689158264492,256.12611154287
1734217020.0,0.0007689158264492,0.0007689158264492,0.000764969790696,0.000764969790696,0.02190608954
1734217080.0,0.000764969790696,0.000764969790696,0.0007647867741852,0.0007647867741852,0.08761466276
1734217140.0,0.0007647867741852,0.0007703995713327,0.0007647867741852,0.0007703995713327,109.87179880144
1734217200.0,0.0007703995713327,0.0007750777215991,0.0007703995713327,0.0007750777215991,155.0919003921
1734217260.0,0.0007750777215991,0.0007750777215991,0.0007424355658511,0.0007424355658511,1094.22653131011
1734217320.0,0.0007424355658511,0.0007487185135225,0.0007400250415528,0.0007487185135225,315.85290722982
1734217380.0,0.0007487185135225,0.0007501355190661,0.0007487185135225,0.0007501355190661,46.17386284272
1734217440.0,0.0007501355190661,0.0007515823314637,0.0007465552338047,0.0007515823314637,110.9569186985
1734217500.0,0.0007515823314637,0.0007527878625403,0.0007515823314637,0.0007527878625403,9.94184982
1734217560.0,0.0007527878625403,0.0007527878625403,0.0007527878625403,0.0007527878625403,0.0
1734217620.0,0.0007527878625403,0.0007567669412176,0.0007527878625403,0.0007567669412176,174.4
1734217680.0,0.0007567669412176,0.0007603193694276,0.0007567669412176,0.0007603193694276,132.21888622776
1734217740.0,0.0007603193694276,0.0007641255861608,0.0007603193694276,0.0007641255861608,109.1
1734217800.0,0.0007641255861608,0.0007641255861608,0.0007641255861608,0.0007641255861608,0.0
1734217860.0,0.0007641255861608,0.0007641255861608,0.0007641255861608,0.0007641255861608,0.0
1734217920.0,0.0007641255861608,0.0007690206384756,0.0007641255861608,0.0007690206384756,78.95951108271
1734217980.0,0.0007690206384756,0.0007690206384756,0.0007690206384756,0.0007690206384756,0.0
1734218040.0,0.0007690206384756,0.0007690206384756,0.0007690206384756,0.0007690206384756,0.0
1734218100.0,0.0007690206384756,0.0007690206384756,0.0007690206384756,0.0007690206384756,0.0
1734218160.0,0.0007690206384756,0.0007712382112403,0.0007690206384756,0.0007712382112403,21.903
1734218220.0,0.0007712382112403,0.0007712382112403,0.0007712382112403,0.0007712382112403,0.0
1734218280.0,0.0007712382112403,0.0007712382112403,0.0007712382112403,0.0007712382112403,0.0
1734218340.0,0.0007712382112403,0.0007723350344501,0.0007631615983592,0.0007631615983592,234.2666105218
1734218400.0,0.0007631615983592,0.000766271945567,0.0007610373835081,0.0007610373835081,141.52666167508
1734218460.0,0.0007610373835081,0.0007635331111254,0.0007595517383664,0.0007635331111254,7.3380202566
1734218520.0,0.0007635331111254,0.0007640727847966,0.0007635331111254,0.0007640727847966,10.977
1734218580.0,0.0007640727847966,0.0007640727847966,0.0007640727847966,0.0007640727847966,0.0
1734218640.0,0.0007640727847966,0.0007717388571966,0.0007640727847966,0.0007691914191602,299.61945499395
1734218700.0,0.0007691914191602,0.0007691914191602,0.0007691914191602,0.0007691914191602,0.0
1734218760.0,0.0007691914191602,0.0007691914191602,0.0007620805120236,0.0007620805120236,275.97454823806
1734218820.0,0.0007620805120236,0.0007620805120236,0.0007620805120236,0.0007620805120236,0.0
1734218880.0,0.0007620805120236,0.0007620805120236,0.0007620805120236,0.0007620805120236,0.0
1734218940.0,0.0007620805120236,0.0007620805120236,0.0007620805120236,0.0007620805120236,0.0
1734219000.0,0.0007620805120236,0.0007657465124264,0.0007620805120236,0.0007657465124264,10.987
1734219060.0,0.0007657465124264,0.0007687570893175,0.0007657465124264,0.0007687570893175,129.3357199
1734219120.0,0.0007687570893175,0.0007755015397268,0.0007687570893175,0.0007755015397268,289.27386343215
1734219180.0,0.0007755015397268,0.0007755015397268,0.0007687156523436,0.0007687156523436,287.60557889064
1734219240.0,0.0007687156523436,0.0007793174079781,0.0007552407337134,0.0007580820209725,1159.47644573357
1734219300.0,0.0007580820209725,0.000786527144627,0.0007580820209725,0.0007752424009104,2036.68582893042
1734219360.0,0.0007752424009104,0.0007783705648183,0.0007752424009104,0.0007783705648183,78.9673211754
1734219420.0,0.0007783705648183,0.0007783705648183,0.0007783705648183,0.0007783705648183,0.0
1734219480.0,0.0007783705648183,0.0007826601291879,0.0007734675939909,0.000779482136535,472.97422375758
1734219540.0,0.000779482136535,0.0007884208377613,0.000779482136535,0.0007884208377613,239.203270318
1734219600.0,0.0007884208377613,0.0007904452503294,0.0007884208377613,0.0007904452503294,37.7172836535
1734219660.0,0.0007904452503294,0.0007904452503294,0.0007904452503294,0.0007904452503294,0.0
1734219720.0,0.0007904452503294,0.0007912860147035,0.0007904452503294,0.0007912860147035,22.026
1734219780.0,0.0007912860147035,0.0007912860147035,0.0007912860147035,0.0007912860147035,0.0
1734219840.0,0.0007912860147035,0.0007989703290508,0.0007798601610644,0.0007989703290508,880.63518989497
1734219900.0,0.0007989703290508,0.0008519438680727,0.0007989703290508,0.0008462963710534,1917.00367522211
1734219960.0,0.0008462963710534,0.000899466376406,0.0008462963710534,0.000899466376406,1697.74181197889
1734220020.0,0.000899466376406,0.0009255397565728,0.0008992045288474,0.0009073737156685,1801.14367226628
1734220080.0,0.0009073737156685,0.0009235996330601,0.0008814825125535,0.0009183067465112,3431.6815750931
1734220140.0,0.0009183067465112,0.0009342314727572,0.0009181412884802,0.0009342314727572,997.707370536
1734220200.0,0.0009342314727572,0.0011745094270704,0.0009226716385063,0.0009279278208725,15996.02558679522
1734220260.0,0.0009279278208725,0.0009279278208725,0.00091319088,0.0009180669980559,713.43236127814
1734220320.0,0.0009180669980559,0.0009530241050722,0.0009139054387935,0.0009530241050722,1256.97053191512
1734220380.0,0.0009530241050722,0.0009681464766551,0.0009530241050722,0.0009681464766551,464.49613884411
1734220440.0,0.0009681464766551,0.0010022390173444,0.0009681464766551,0.0010022390173444,1151.6911997798
1734220500.0,0.0010022390173444,0.001007625120998,0.000991449911029,0.000991449911029,682.6427291724
1734220560.0,0.000991449911029,0.000991449911029,0.000951287013574,0.000951287013574,1413.05132677247
1734220620.0,0.000951287013574,0.0009551629040265,0.000923442660708,0.000923442660708,1039.125416904
1734220680.0,0.000923442660708,0.000923442660708,0.0009156954479364,0.0009156954479364,458.21725338518
1734220740.0,0.0009156954479364,0.0009156954479364,0.000905736853313,0.000905736853313,569.54725760153
1734220800.0,0.000905736853313,0.0009369051203098,0.0009041015917088,0.0009290493134894,2207.8857112033
1734220860.0,0.0009290493134894,0.0009688908581572,0.0009290493134894,0.0009688908581572,1270.91930004661
1734220920.0,0.0009688908581572,0.0009718026242607,0.000930909792787,0.000930909792787,1525.92494809485
1734220980.0,0.000930909792787,0.0009363775182224,0.0009307552734172,0.0009363775182224,273.439694261
1734221040.0,0.0009363775182224,0.0009384359689634,0.0009347872164235,0.0009347872164235,74.10412970028
1734221100.0,0.0009347872164235,0.0009427626025518,0.0009194005603843,0.0009212095798657,920.13748964741
1734221160.0,0.0009212095798657,0.0009235152380204,0.0009153377740415,0.0009161219842125,464.89722851174
1734221220.0,0.0009161219842125,0.0009161219842125,0.0009039849712088,0.0009095119495186,298.45069740534
1734221280.0,0.0009095119495186,0.0009230253158995,0.0009095119495186,0.0009230253158995,437.50019613063
1734221340.0,0.0009230253158995,0.0009230253158995,0.0009017075147963,0.0009017075147963,835.8865224435
1734221400.0,0.0009017075147963,0.0009137073331488,0.0009017075147963,0.0009137073331488,589.93998906066
1734221460.0,0.0009137073331488,0.0009205399960169,0.0009137073331488,0.0009205399960169,230.12754687327
1734221520.0,0.0009205399960169,0.0009241220026833,0.0009148786007349,0.0009241220026833,518.79499123905
1734221580.0,0.0009241220026833,0.0009249577270433,0.0009051386946451,0.0009217928519952,1182.41576834799
1734221640.0,0.0009217928519952,0.0009217928519952,0.000914477726598,0.0009175761865389,290.51743511494
1734221700.0,0.0009175761865389,0.0009267758460144,0.0008947175294056,0.0009038240651436,3311.35461296148
1734221760.0,0.0009038240651436,0.0009124916321651,0.0009038240651436,0.0009124916321651,193.30849858856
1734221820.0,0.0009124916321651,0.0009137064550979,0.0009124916321651,0.0009137064550979,11.007
1734221880.0,0.0009137064550979,0.0009144255386326,0.0008889119683041,0.0008889119683041,984.13740586989
1734221940.0,0.0008889119683041,0.0008915088958838,0.0008870679799093,0.0008911994055039,88.14188625442
1734222000.0,0.0008911994055039,0.0008911994055039,0.0008836450480313,0.0008851319086849,354.5098882014
1734222060.0,0.0008851319086849,0.0008870370444168,0.0008824368620506,0.0008870370444168,100.67847776495
1734222120.0,0.0008870370444168,0.0008945796756287,0.0008870370444168,0.0008945796756287,238.10528
1734222180.0,0.0008945796756287,0.0008945796756287,0.0008820145824005,0.0008820145824005,305.7085598324
1734222240.0,0.0008820145824005,0.0009115220296224,0.0008820145824005,0.0008916862749704,1941.4379423468
1734222300.0,0.0008916862749704,0.0008981691555712,0.0008916862749704,0.0008981691555712,141.71756906817
1734222360.0,0.0008981691555712,0.0009098707265669,0.0008981691555712,0.0009098707265669,386.69728147369
1734222420.0,0.0009098707265669,0.0009118732319288,0.0009098707265669,0.0009118732319288,23.68912187712
1734222480.0,0.0009118732319288,0.0009118732319288,0.0008611963506488,0.0008653434691697,2033.81027007016
1734222540.0,0.0008653434691697,0.0008653434691697,0.0008550462951495,0.0008550462951495,311.6489632641
1734222600.0,0.0008550462951495,0.0008570174498299,0.0008550462951495,0.0008570174498299,23.81184
1734222660.0,0.0008570174498299,0.0008866338536032,0.0008570174498299,0.0008690764512257,2452.0014559189
1734222720.0,0.0008690764512257,0.0008908754020821,0.0008690764512257,0.0008908754020821,226.4471574302
1734222780.0,0.0008908754020821,0.000892689611412,0.0008907641065832,0.000892689611412,71.7794891264
1734222840.0,0.000892689611412,0.000892689611412,0.0008784683004009,0.0008784683004009,327.71534488874
1734222900.0,0.0008784683004009,0.0008832934942365,0.0008784683004009,0.0008832934942365,130.3339906501
1734222960.0,0.0008832934942365,0.0008861722367968,0.0008741551342379,0.0008770119524262,442.34605246923
1734223020.0,0.0008770119524262,0.0008804926702831,0.0008610247107191,0.0008610247107191,1099.01772781788
1734223080.0,0.0008610247107191,0.0008610247107191,0.0008504120868568,0.0008524157062066,157.32204355544
1734223140.0,0.0008524157062066,0.0008541943798951,0.000849717166639,0.0008541943798951,26.91533366256
1734223200.0,0.0008541943798951,0.0008545181747726,0.0008541943798951,0.0008545181747726,10.9665
1734223260.0,0.0008545181747726,0.0008602257469264,0.000852890151251,0.0008602257469264,279.49992572235
1734223320.0,0.0008602257469264,0.0008602257469264,0.000846903040778,0.000846903040778,342.222207705
1734223380.0,0.000846903040778,0.000846903040778,0.000846903040778,0.000846903040778,0.0
1734223440.0,0.000846903040778,0.0008502186145241,0.0008422572534273,0.0008443940083447,330.4842660902
1734223500.0,0.0008443940083447,0.0008443940083447,0.0008443940083447,0.0008443940083447,0.0
1734223560.0,0.0008443940083447,0.0008477906359084,0.0008442808678871,0.0008442808678871,193.80674819883
1734223620.0,0.0008442808678871,0.0008584201476796,0.0008442808678871,0.0008584201476796,614.964
1734223680.0,0.0008584201476796,0.0008690988822191,0.0008584201476796,0.0008690988822191,96.646
1734223740.0,0.0008690988822191,0.0008690988822191,0.0008690988822191,0.0008690988822191,0.0
1734223800.0,0.0008690988822191,0.0008690988822191,0.0008687534308231,0.0008687534308231,2.1952
1734223860.0,0.0008687534308231,0.0009074179340534,0.0008687534308231,0.0009074179340534,1601.83036962193
1734223920.0,0.0009074179340534,0.0009154154104339,0.0009074179340534,0.0009154154104339,209.5907053538
1734223980.0,0.0009154154104339,0.0009154154104339,0.0009154154104339,0.0009154154104339,0.0
1734224040.0,0.0009154154104339,0.0009166776793189,0.0009154154104339,0.0009166776793189,47.4408302
1734224100.0,0.0009166776793189,0.0009166776793189,0.0009166776793189,0.0009166776793189,0.0
1734224160.0,0.0009166776793189,0.0009190704493452,0.0009122150748832,0.0009190704493452,349.83899602688
1734224220.0,0.0009190704493452,0.0009340115307808,0.0009190704493452,0.0009340115307808,355.19914237975
1734224280.0,0.0009340115307808,0.0009376920398064,0.0009340115307808,0.0009376920398064,148.21804605
1734224340.0,0.0009376920398064,0.0009376920398064,0.0009376920398064,0.0009376920398064,0.0
1734224400.0,0.0009376920398064,0.0009450660784407,0.0009376920398064,0.0009450660784407,213.6381084
1734224460.0,0.0009450660784407,0.0009450660784407,0.0009450660784407,0.0009450660784407,0.0
1734224520.0,0.0009450660784407,0.0009450660784407,0.0009450660784407,0.0009450660784407,0.0
1734224580.0,0.0009450660784407,0.0009450660784407,0.0009450660784407,0.0009450660784407,0.0
1734224640.0,0.0009450660784407,0.0009468051252606,0.00094191853932,0.00094191853932,16.4079116235
1734224700.0,0.00094191853932,0.0009464789539403,0.00094191853932,0.0009464789539403,0.52348376655
1734224760.0,0.0009464789539403,0.0009464789539403,0.0009464789539403,0.0009464789539403,0.0
1734224820.0,0.0009464789539403,0.0009517651358878,0.0009464789539403,0.0009517651358878,279.98591589275
1734224880.0,0.0009517651358878,0.0009517651358878,0.0009454348172379,0.0009493318114108,189.35830498656
1734224940.0,0.0009493318114108,0.000953647990849,0.00094854363386,0.00094854363386,199.2570643268
1734225000.0,0.00094854363386,0.000960594620022,0.00094854363386,0.000960594620022,255.73146901861
1734225060.0,0.000960594620022,0.000960594620022,0.0009147788373116,0.0009147788373116,1329.2307975083
1734225120.0,0.0009147788373116,0.0009186161003422,0.000913245993865,0.0009186161003422,74.57295088929
1734225180.0,0.0009186161003422,0.0009399240193335,0.0009186161003422,0.0009399240193335,1264.45350620984
1734225240.0,0.0009399240193335,0.000960525726053,0.0009399240193335,0.000960525726053,6.64293869622
1734225300.0,0.000960525726053,0.0009633649696567,0.0009503592748252,0.0009503592748252,806.1040436444
1734225360.0,0.0009503592748252,0.0009503592748252,0.000935409880691,0.000935409880691,275.94591480387
1734225420.0,0.000935409880691,0.000935409880691,0.000935409880691,0.000935409880691,0.0
1734225480.0,0.000935409880691,0.000935409880691,0.000935409880691,0.000935409880691,0.0
1734225540.0,0.000935409880691,0.0009395270629831,0.000935409880691,0.0009395270629831,143.09462986808
1734225600.0,0.0009395270629831,0.0009395270629831,0.0009361459500509,0.0009361459500509,8.451995074
1734225660.0,0.0009361459500509,0.0009361459500509,0.0009361459500509,0.0009361459500509,0.0
1734225720.0,0.0009361459500509,0.0009361459500509,0.0009361459500509,0.0009361459500509,0.0
1734225780.0,0.0009361459500509,0.0009361459500509,0.0009361459500509,0.0009361459500509,0.0
1734225840.0,0.0009361459500509,0.0009361459500509,0.0009361459500509,0.0009361459500509,0.0
1734225900.0,0.0009361459500509,0.0009417533944752,0.0009361459500509,0.0009417533944752,6.6186
1734225960.0,0.0009417533944752,0.0009442171478286,0.0009417533944752,0.0009442171478286,139.796889525
1734226020.0,0.0009442171478286,0.0009442171478286,0.0009339757493995,0.0009339757493995,304.6539323233
1734226080.0,0.0009339757493995,0.0009379221535285,0.0009339757493995,0.0009379221535285,44.154
1734226140.0,0.0009379221535285,0.0009379221535285,0.0009379221535285,0.0009379221535285,0.0
1734226200.0,0.0009379221535285,0.0009379221535285,0.0009368194955617,0.0009368194955617,1.31080266
1734226260.0,0.0009368194955617,0.000938479534397,0.0009367444787199,0.000938479534397,97.6792196838
1734226320.0,0.000938479534397,0.000938479534397,0.000938479534397,0.000938479534397,0.0
1734226380.0,0.000938479534397,0.0009409138741871,0.000938479534397,0.0009409138741871,113.4997812
1734226440.0,0.0009409138741871,0.0009409138741871,0.0009409138741871,0.0009409138741871,0.0
1734226500.0,0.0009409138741871,0.0009409138741871,0.0009409138741871,0.0009409138741871,0.0
1734226560.0,0.0009409138741871,0.0009409138741871,0.0009409138741871,0.0009409138741871,0.0
1734226620.0,0.0009409138741871,0.0009409138741871,0.0009409138741871,0.0009409138741871,0.0
1734226680.0,0.0009409138741871,0.0009409138741871,0.0009409138741871,0.0009409138741871,0.0
1734226740.0,0.0009409138741871,0.0009588304525001,0.0009409138741871,0.0009588304525001,549.4749
1734226800.0,0.0009588304525001,0.0009625376652787,0.0009588304525001,0.0009625376652787,10.6510639088
1734226860.0,0.0009625376652787,0.0009630791588201,0.0009520432263705,0.0009520432263705,424.64402076918
1734226920.0,0.0009520432263705,0.0009520432263705,0.0009428587103892,0.0009428587103892,287.3179554584
1734226980.0,0.0009428587103892,0.0009428587103892,0.0009136665868994,0.0009136665868994,1790.74415427579
1734227040.0,0.0009136665868994,0.0009136665868994,0.0008521148737802,0.000852406419452,1272.92110508336
1734227100.0,0.000852406419452,0.0008530491384607,0.0008483462209043,0.0008530491384607,118.0510621875
1734227160.0,0.0008530491384607,0.0008545861563806,0.0008530491384607,0.0008545861563806,4.4172
1734227220.0,0.0008545861563806,0.0008610494211061,0.0008545861563806,0.0008610494211061,241.52106369827
1734227280.0,0.0008610494211061,0.0008632048858479,0.0008610494211061,0.0008632048858479,50.182287
1734227340.0,0.0008632048858479,0.0008696906222942,0.0008607521321093,0.0008696906222942,232.59641139244
1734227400.0,0.0008696906222942,0.0008696906222942,0.0008656750084514,0.0008656750084514,50.3258872083
1734227460.0,0.0008656750084514,0.0008711494311681,0.0008647006955961,0.0008711494311681,108.67662451872
1734227520.0,0.0008711494311681,0.000871417704317,0.0008711494311681,0.0008713569033577,24.3155
1734227580.0,0.0008713569033577,0.0008717470081612,0.0008645107813993,0.0008645107813993,142.28388323657
1734227640.0,0.0008645107813993,0.0008698576249379,0.0008645107813993,0.0008698576249379,144.83807089269
1734227700.0,0.0008698576249379,0.000877524606216,0.0008698576249379,0.000877524606216,192.10250899221
1734227760.0,0.000877524606216,0.0008817243076735,0.0008747041203882,0.0008817243076735,139.34493896163
1734227820.0,0.0008817243076735,0.0008854580094568,0.0008803999082458,0.0008854580094568,92.74727797936
1734227880.0,0.0008854580094568,0.0008870525247815,0.0008854580094568,0.0008870525247815,2.2158
1734227940.0,0.0008870525247815,0.0008870525247815,0.0008866280878584,0.0008866280878584,6.5867328
1734228000.0,0.0008866280878584,0.0008866280878584,0.0008864722397075,0.0008864722397075,6.6405
1734228060.0,0.0008864722397075,0.0008894728752843,0.0008864722397075,0.0008894728752843,146.29017778687
1734228120.0,0.0008894728752843,0.0009310834333433,0.0008894728752843,0.0009310834333433,2562.469907545
1734228180.0,0.0009310834333433,0.0009310834333433,0.0009310834333433,0.0009310834333433,0.0
1734228240.0,0.0009310834333433,0.0009310834333433,0.0009246624509142,0.0009246624509142,35.3696
1734228300.0,0.0009246624509142,0.000926836316525,0.0009246624509142,0.000926836316525,149.92502853064
1734228360.0,0.000926836316525,0.0009297691943123,0.000926836316525,0.0009297691943123,11.0485
1734228420.0,0.0009297691943123,0.0009297691943123,0.0009135320924283,0.0009135320924283,731.94566650329
1734228480.0,0.0009135320924283,0.0009135320924283,0.000897942882746,0.000897942882746,225.98870750028
1734228540.0,0.000897942882746,0.0009004923673282,0.0008648883774084,0.0008648883774084,2044.64870141097
1734228600.0,0.0008648883774084,0.0008648883774084,0.0008440679875739,0.0008493463822581,340.67103287975
1734228660.0,0.0008493463822581,0.0008537195738277,0.0008493463822581,0.0008526308631829,280.91154072456
1734228720.0,0.0008526308631829,0.000857780913966,0.0008526308631829,0.000857780913966,87.664464
1734228780.0,0.000857780913966,0.0008613059059297,0.000857780913966,0.0008613059059297,110.585
1734228840.0,0.0008613059059297,0.0008662254959923,0.0008613059059297,0.0008662254959923,144.49842653288
1734228900.0,0.0008662254959923,0.0008662254959923,0.0008662254959923,0.0008662254959923,0.0
1734228960.0,0.0008662254959923,0.0008678533497125,0.0008662254959923,0.0008678533497125,24.141797
1734229020.0,0.0008678533497125,0.0008678533497125,0.0008678533497125,0.0008678533497125,0.0
1734229080.0,0.0008678533497125,0.0008678533497125,0.0008678533497125,0.0008678533497125,0.0
1734229140.0,0.0008678533497125,0.0008678533497125,0.0008602692412472,0.0008602692412472,258.08077237418
1734229200.0,0.0008602692412472,0.0008602692412472,0.0008602692412472,0.0008602692412472,0.0
1734229260.0,0.0008602692412472,0.0008602692412472,0.0008547849413277,0.000858889937874,249.55247964584
1734229320.0,0.000858889937874,0.000858889937874,0.000858889937874,0.000858889937874,0.0
1734229380.0,0.000858889937874,0.000858889937874,0.000858889937874,0.000858889937874,0.0
1734229440.0,0.000858889937874,0.000858889937874,0.000858889937874,0.000858889937874,0.0
1734229500.0,0.000858889937874,0.0008629163006352,0.000858889937874,0.0008629163006352,142.36695512928
1734229560.0,0.0008629163006352,0.0008629163006352,0.0008629163006352,0.0008629163006352,0.0
1734229620.0,0.0008629163006352,0.0008669190340354,0.0008604647088666,0.0008644795538452,20.56480094286
1734229680.0,0.0008644795538452,0.0008676770509963,0.000858793920479,0.000858793920479,561.66867574192
1734229740.0,0.000858793920479,0.0008674585127883,0.0008577074664487,0.0008674585127883,324.22728
1734229800.0,0.0008674585127883,0.0008712240619526,0.0008674585127883,0.0008712240619526,129.83029005412
1734229860.0,0.0008712240619526,0.0008712240619526,0.0008712240619526,0.0008712240619526,0.0
1734229920.0,0.0008712240619526,0.0008745784651592,0.0008697485594552,0.0008726260770849,23.07179035934
1734229980.0,0.0008726260770849,0.0008742678841113,0.0008682546409263,0.0008706085987353,76.80596424542
1734230040.0,0.0008706085987353,0.0008770625865433,0.0008706085987353,0.0008727603093663,67.43726482814
1734230100.0,0.0008727603093663,0.0008776128560146,0.0008727603093663,0.0008776128560146,31.41019824986
1734230160.0,0.0008776128560146,0.0008794189905569,0.0008739406914007,0.0008739406914007,22.09359064284
1734230220.0,0.0008739406914007,0.0008800076066004,0.0008739406914007,0.0008784995616432,0.91408495019
1734230280.0,0.0008784995616432,0.0008802162872308,0.0008740337233073,0.0008740337233073,5.6886467457
1734230340.0,0.0008740337233073,0.0008876546533347,0.0008740337233073,0.0008860352420489,530.21917811613
1734230400.0,0.0008860352420489,0.0008870303882234,0.0008814576097566,0.0008860961890654,2.73845442237
1734230460.0,0.0008860961890654,0.0008873096141656,0.0008815325846174,0.0008858887405714,0.89460385658
1734230520.0,0.0008858887405714,0.0008858887405714,0.0008813386066376,0.0008813386066376,0.2324586099
1734230580.0,0.0008813386066376,0.0008869020034222,0.00088089397418,0.00088089397418,43.2088075871
1734230640.0,0.00088089397418,0.0008868398912128,0.0008804645794879,0.0008849490801333,1.11727332368
1734230700.0,0.0008849490801333,0.0008868170426065,0.0008804992109778,0.0008808153723118,0.5927939661
1734230760.0,0.0008808153723118,0.0009475263604227,0.0008808153723118,0.0009107602967942,3986.11196626052
1734230820.0,0.0009107602967942,0.0009165864332603,0.0009107602967942,0.0009160651038209,0.37556933968
1734230880.0,0.0009160651038209,0.0009179160139775,0.0009102272553618,0.0009137967833197,64.34965270914
1734230940.0,0.0009137967833197,0.0009137967833197,0.0009092279945249,0.0009092279945249,0.4471376248
1734231000.0,0.0009092279945249,0.0009092279945249,0.0009085572008529,0.0009085572008529,17.32823499264
1734231060.0,0.0009085572008529,0.0009151729756831,0.0009085572008529,0.0009133191754198,11.43104763
1734231120.0,0.0009133191754198,0.0009141818341087,0.0009082930695322,0.0009082930695322,20.74888509658
1734231180.0,0.0009082930695322,0.0009082930695322,0.0008672435827943,0.0008672435827943,2639.37235905369
1734231240.0,0.0008672435827943,0.0008672435827943,0.0008277199132643,0.0008323408854576,0.42570196535
1734231300.0,0.0008323408854576,0.0008355991920708,0.0008281430193714,0.0008353454186683,100.4758059811
1734231360.0,0.0008353454186683,0.0008424802538552,0.0008332314095893,0.0008402275854782,283.61193071197
1734231420.0,0.0008402275854782,0.000880810513086,0.0008402275854782,0.0008666974272635,2303.17030469214
1734231480.0,0.0008666974272635,0.0008702474698147,0.0008653202310626,0.0008702474698147,138.82925588534
1734231540.0,0.0008702474698147,0.0008744305689075,0.000867950287626,0.000867950287626,72.44460914079
1734231600.0,0.000867950287626,0.00087214781016,0.000867950287626,0.00087214781016,56.99842720704
1734231660.0,0.00087214781016,0.0008796969671852,0.0008685114869429,0.0008782284657077,180.36492637997
1734231720.0,0.0008782284657077,0.0008806981592453,0.0008743659576263,0.0008750531822191,35.98298586832
1734231780.0,0.0008750531822191,0.0008809040299936,0.0008750531822191,0.0008794361678765,10.07793080256
1734231840.0,0.0008794361678765,0.0008812425762711,0.0008750377656132,0.0008750377656132,0.92173686038
1734231900.0,0.0008750377656132,0.0008998697563485,0.0008750377656132,0.0008995338087374,677.94975433339
1734231960.0,0.0008995338087374,0.0009010539339548,0.0008949474826577,0.0008999402443725,33.99460396237
1734232020.0,0.0008999402443725,0.0009004900165169,0.0008942547681316,0.0008942547681316,132.43306255098
1734232080.0,0.0008942547681316,0.0008955160800444,0.0008907933500817,0.0008921311729795,285.66536268584
1734232140.0,0.0008921311729795,0.0008979179673458,0.0008851790622368,0.0008964542186295,740.09560676124
1734232200.0,0.0008964542186295,0.0008984836444993,0.0008921484818569,0.0008966664937555,7.22362825463
1734232260.0,0.0008966664937555,0.0008966664937555,0.0008919523273328,0.0008920357751771,2.779653874
1734232320.0,0.0008920357751771,0.0008968962962748,0.0008920357751771,0.0008927983100252,22.19181727832
1734232380.0,0.0008927983100252,0.0008992122903315,0.0008913666561635,0.0008992122903315,323.64395749308
1734232440.0,0.0008992122903315,0.0009048922417739,0.0008985844898573,0.0009034776784801,22.11408309158
1734232500.0,0.0009034776784801,0.0009043146107464,0.0009010402022615,0.0009042658411045,43.10040682699
1734232560.0,0.0009042658411045,0.0009044036019208,0.0008997210192143,0.0009041357492004,15.50451812834
1734232620.0,0.0009041357492004,0.0009041357492004,0.0008995456757201,0.0008995456757201,0.69319007582
1734232680.0,0.0008995456757201,0.0009056105960264,0.0008994102968604,0.0009017296569025,0.42050189406
1734232740.0,0.0009017296569025,0.0009058895111128,0.0008994944182513,0.0009039777905582,68.73442672584
1734232800.0,0.0009039777905582,0.0009058380139862,0.000899071244839,0.0009035817414596,0.68809207787
1734232860.0,0.0009035817414596,0.0009042780498038,0.000898210509484,0.000898210509484,0.25803886992
1734232920.0,0.000898210509484,0.0009036024390929,0.000898210509484,0.0009027627203468,0.1837999465
1734232980.0,0.0009027627203468,0.0009043978993003,0.0008672120006493,0.0008672120006493,993.7477514261
1734233040.0,0.0008672120006493,0.0008726563045898,0.0008672120006493,0.0008681723095496,44.64869443363
1734233100.0,0.0008681723095496,0.0008681723095496,0.0008681723095496,0.0008681723095496,0.0
1734233160.0,0.0008681723095496,0.0008747340135524,0.0008681723095496,0.0008730579110044,3.10532676881
1734233220.0,0.0008730579110044,0.0008730579110044,0.0008658317315587,0.0008658317315587,196.64098820975
1734233280.0,0.0008658317315587,0.0008671153238933,0.0008628174107366,0.0008628462876128,49.08844187033
1734233340.0,0.0008628462876128,0.0008628462876128,0.0008628462876128,0.0008628462876128,0.0
1734233400.0,0.0008628462876128,0.0008628462876128,0.0008620398561737,0.0008620398561737,19.98227834488
1734233460.0,0.0008620398561737,0.0008658737221201,0.000861229122578,0.0008653076476206,48.7208835534
1734233520.0,0.0008653076476206,0.0008670593129182,0.0008653076476206,0.0008670593129182,87.988
1734233580.0,0.0008670593129182,0.0008703832950651,0.000865389628229,0.000865389628229,110.5376435374
1734233640.0,0.000865389628229,0.0008702837188265,0.000865389628229,0.0008702837188265,55.17733
1734233700.0,0.0008702837188265,0.0008702837188265,0.0008585355568152,0.0008585355568152,274.03013956952
1734233760.0,0.0008585355568152,0.0008615031053201,0.0008585355568152,0.0008615031053201,10.0202973
1734233820.0,0.0008615031053201,0.0008615031053201,0.0008615031053201,0.0008615031053201,0.0
1734233880.0,0.0008615031053201,0.0008630011654669,0.0008615031053201,0.0008630011654669,45.45041897995
1734233940.0,0.0008630011654669,0.0008656316206217,0.0008630011654669,0.0008656316206217,109.965
1734234000.0,0.0008656316206217,0.0008687753440044,0.0008656316206217,0.0008687753440044,87.236136
1734234060.0,0.0008687753440044,0.0008770092991744,0.0008687753440044,0.0008770092991744,436.27983
1734234120.0,0.0008770092991744,0.0008770092991744,0.0008710525813072,0.0008710525813072,467.22540482758
1734234180.0,0.0008710525813072,0.0008715461414465,0.0008710525813072,0.0008715461414465,1.6280188002
1734234240.0,0.0008715461414465,0.0008715461414465,0.0008715461414465,0.0008715461414465,0.0
1734234300.0,0.0008715461414465,0.0008715461414465,0.0008715461414465,0.0008715461414465,0.0
1734234360.0,0.0008715461414465,0.0008748769753411,0.0008715461414465,0.0008748769753411,112.5593750858
1734234420.0,0.0008748769753411,0.0008749341424055,0.0008700766789922,0.0008747448415349,61.16673908504
1734234480.0,0.0008747448415349,0.0008756567356705,0.0008747448415349,0.0008756567356705,37.2161228737
1734234540.0,0.0008756567356705,0.000876211372328,0.0008756567356705,0.000876211372328,22.001
1734234600.0,0.000876211372328,0.000876211372328,0.000870133015404,0.000870133015404,109.6309787876
1734234660.0,0.000870133015404,0.000870133015404,0.000870133015404,0.000870133015404,0.0
1734234720.0,0.000870133015404,0.0008727242015947,0.0008674702669,0.0008674702669,70.90574195417
1734234780.0,0.0008674702669,0.0008719144875509,0.0008674702669,0.0008684073547401,94.30335903504
1734234840.0,0.0008684073547401,0.0008733984555308,0.0008684073547401,0.000869782289625,83.3656457925
1734234900.0,0.000869782289625,0.0008814761977063,0.000869782289625,0.0008814761977063,462.23363689755
1734234960.0,0.0008814761977063,0.0008856152998263,0.0008814761977063,0.0008856152998263,19.17929325387
1734235020.0,0.0008856152998263,0.0008856152998263,0.0008856152998263,0.0008856152998263,0.0
1734235080.0,0.0008856152998263,0.0008861011107359,0.0008856152998263,0.0008861011107359,23.23367332325
1734235140.0,0.0008861011107359,0.0008861011107359,0.000881471863975,0.0008854132065597,44.61440720352
1734235200.0,0.0008854132065597,0.0008854132065597,0.0008854132065597,0.0008854132065597,0.0
1734235260.0,0.0008854132065597,0.0008854132065597,0.0008800117799128,0.0008842019933917,45.39133058079
1734235320.0,0.0008842019933917,0.0008859027187061,0.0008842019933917,0.0008859027187061,87.828
1734235380.0,0.0008859027187061,0.0008893118916335,0.0008859027187061,0.0008865544093882,121.93951450473
1734235440.0,0.0008865544093882,0.0008865544093882,0.0008865544093882,0.0008865544093882,0.0
1734235500.0,0.0008865544093882,0.0008917945208326,0.0008865544093882,0.0008917945208326,28.5558
1734235560.0,0.0008917945208326,0.0008947732095005,0.0008917945208326,0.0008947732095005,139.44456
1734235620.0,0.0008947732095005,0.0009107758146928,0.0008947732095005,0.0009107758146928,879.12
1734235680.0,0.0009107758146928,0.0009250607732359,0.0009107758146928,0.0009203559135796,34.96635307243
1734235740.0,0.0009203559135796,0.0009203559135796,0.0009195938087416,0.0009195938087416,16.1079182094
1734235800.0,0.0009195938087416,0.0009244183528742,0.0009195938087416,0.0009244183528742,29.4228399
1734235860.0,0.0009244183528742,0.0009244183528742,0.0009244183528742,0.0009244183528742,0.0
1734235920.0,0.0009244183528742,0.0009287304757801,0.0009244183528742,0.0009287304757801,180.2838
1734235980.0,0.0009287304757801,0.0009287304757801,0.0009287304757801,0.0009287304757801,0.0
1734236040.0,0.0009287304757801,0.0009287304757801,0.0009287304757801,0.0009287304757801,0.0
1734236100.0,0.0009287304757801,0.0009316692636886,0.0009287304757801,0.0009316692636886,42.47195617868
1734236160.0,0.0009316692636886,0.0009316692636886,0.0008905025280353,0.0008905025280353,1270.2998889501
1734236220.0,0.0008905025280353,0.0008905025280353,0.0008609389034341,0.0008609389034341,986.57141614938
1734236280.0,0.0008609389034341,0.0008662366491264,0.0008609389034341,0.0008662366491264,66.249
1734236340.0,0.0008662366491264,0.000869517651424,0.0008662366491264,0.000869517651424,61.9102
1734236400.0,0.000869517651424,0.000869517651424,0.000869517651424,0.000869517651424,0.0
1734236460.0,0.000869517651424,0.00087277075927,0.000869517651424,0.00087277075927,121.4445225
1734236520.0,0.00087277075927,0.0008740574328458,0.00087277075927,0.0008740574328458,5.52775
1734236580.0,0.0008740574328458,0.0008751121811701,0.0008740574328458,0.0008751121811701,16.83039395683
1734236640.0,0.0008751121811701,0.0008758339621661,0.0008751121811701,0.0008758339621661,4.3901637
1734236700.0,0.0008758339621661,0.0008758339621661,0.0008758339621661,0.0008758339621661,0.0
1734236760.0,0.0008758339621661,0.0008778583607367,0.0008758339621661,0.0008778583607367,24.3969
1734236820.0,0.0008778583607367,0.0008789500358756,0.0008778583607367,0.0008789500358756,23.44501831716
1734236880.0,0.0008789500358756,0.0008789500358756,0.0008747875949493,0.0008747875949493,8.63612718444
1734236940.0,0.0008747875949493,0.0008747875949493,0.000871605709705,0.000871605709705,93.5295402273
1734237000.0,0.000871605709705,0.000871605709705,0.0008695709580783,0.0008695709580783,26.52645322266
1734237060.0,0.0008695709580783,0.0008695709580783,0.000868558135346,0.000868558135346,16.56235784581
1734237120.0,0.000868558135346,0.0008732936273479,0.000868558135346,0.0008728933231096,4.57490567688
1734237180.0,0.0008728933231096,0.0008749515924043,0.000870731707317,0.0008729986877805,5.10135002916
1734237240.0,0.0008729986877805,0.0008733956607901,0.0008722436021432,0.0008733956607901,90.6434
1734237300.0,0.0008733956607901,0.0008733956607901,0.0008733956607901,0.0008733956607901,0.0
1734237360.0,0.0008733956607901,0.000888739856172,0.0008696451627512,0.0008874309350635,447.54057154324
1734237420.0,0.0008874309350635,0.0008912303365762,0.0008830675408587,0.0008903118377878,125.8086519875
1734237480.0,0.0008903118377878,0.0008968533458848,0.0008903118377878,0.0008954369842745,138.59018823812
1734237540.0,0.0008954369842745,0.0008961372437723,0.0008862928326417,0.0008862928326417,247.41387159879
1734237600.0,0.0008862928326417,0.0008917628834187,0.0008844413118325,0.0008917628834187,115.02205229144
1734237660.0,0.0008917628834187,0.0008957480990725,0.0008881947482131,0.0008916950624849,110.70745743464
1734237720.0,0.0008916950624849,0.0008977472978775,0.0008859375500612,0.0008897057438948,276.91121674085
1734237780.0,0.0008897057438948,0.0008906767407324,0.0008861345606745,0.0008899081419663,6.68218019633
1734237840.0,0.0008899081419663,0.0008914889670329,0.0008784782168286,0.0008784782168286,424.20958278837
1734237900.0,0.0008784782168286,0.0008784782168286,0.0008754531099995,0.0008757974430987,22.23995144061
1734237960.0,0.0008757974430987,0.0008834301097056,0.0008757974430987,0.0008823475233481,282.30018322602
1734238020.0,0.0008823475233481,0.0008835890984285,0.0008779437726609,0.0008835890984285,88.43275275424
1734238080.0,0.0008835890984285,0.0008870217685989,0.0008814712444434,0.0008814712444434,41.33256207972
1734238140.0,0.0008814712444434,0.0008814712444434,0.0008814712444434,0.0008814712444434,0.0
1734238200.0,0.0008814712444434,0.0008882283691446,0.0008814712444434,0.0008819489830701,22.73121320068
1734238260.0,0.0008819489830701,0.0008905732070251,0.0008819489830701,0.0008896809376887,109.334241022
1734238320.0,0.0008896809376887,0.000893793996604,0.0008870948412213,0.0008917907154326,55.56609380248
1734238380.0,0.0008917907154326,0.0008943597609122,0.0008873415770698,0.0008923738015827,165.6223449752
1734238440.0,0.0008923738015827,0.000896910362013,0.0008923738015827,0.000896910362013,9.17062146
1734238500.0,0.000896910362013,0.0008979723568651,0.0008920078142505,0.0008920078142505,7.32584708443
1734238560.0,0.0008920078142505,0.0008986551344967,0.0008920078142505,0.000896553797338,0.33643219203
1734238620.0,0.000896553797338,0.0008976782272068,0.000892009145479,0.0008968249750589,22.30111456729
1734238680.0,0.0008968249750589,0.0008968249750589,0.0008968249750589,0.0008968249750589,0.0
1734238740.0,0.0008968249750589,0.0009035994899992,0.0008967104948049,0.0009017068134893,131.4240930192
1734238800.0,0.0009017068134893,0.0009018180251181,0.0008974662964852,0.0008974662964852,10.06762813542
1734238860.0,0.0008974662964852,0.0009041605005285,0.0008974662964852,0.0009026106466264,11.71051994174
1734238920.0,0.0009026106466264,0.0009026106466264,0.000895917547914,0.000895917547914,130.54984005384
1734238980.0,0.000895917547914,0.0009140808224023,0.000895917547914,0.0009140808224023,480.4189899851
1734239040.0,0.0009140808224023,0.0009187479187479,0.0009140808224023,0.0009168238157224,50.69480713572
1734239100.0,0.0009168238157224,0.0009185776406614,0.0009146754022009,0.0009185776406614,200.86622551688
1734239160.0,0.0009185776406614,0.0009185776406614,0.0009139785127844,0.0009139785127844,14.42042820544
1734239220.0,0.0009139785127844,0.0009139785127844,0.0008854421678158,0.0008988372506144,1396.0531884455
1734239280.0,0.0008988372506144,0.0008988372506144,0.0008943493082172,0.0008943493082172,215.48029144238
1734239340.0,0.0008943493082172,0.0008970378778715,0.0008906320152488,0.0008951770877497,31.83119349105
1734239400.0,0.0008951770877497,0.000895437550242,0.0008870225474126,0.0008870225474126,66.54004524115
1734239460.0,0.0008870225474126,0.0008870225474126,0.0008870225474126,0.0008870225474126,0.0
1734239520.0,0.0008870225474126,0.0008890447880909,0.0008857475749933,0.0008890447880909,86.9044561455
1734239580.0,0.0008890447880909,0.000891129032258,0.0008848681283452,0.0008894966603766,1.24417785527
1734239640.0,0.0008894966603766,0.0008904555218537,0.0008843694922185,0.0008847649572209,25.71348198258
1734239700.0,0.0008847649572209,0.0008847649572209,0.0008847649572209,0.0008847649572209,0.0
1734239760.0,0.0008847649572209,0.0008907047788179,0.0008843593247816,0.0008843593247816,1.08067027561
1734239820.0,0.0008843593247816,0.0008973956844812,0.0008843593247816,0.0008903784345961,523.87087372671
1734239880.0,0.0008903784345961,0.0008917799408519,0.0008872928935549,0.0008917799408519,2.29629043883
1734239940.0,0.0008917799408519,0.0008943744834914,0.0008877804533052,0.0008922628497577,22.64371374225
1734240000.0,0.0008922628497577,0.0008924131020032,0.0008878399249389,0.0008924131020032,9.3218792883
1734240060.0,0.0008924131020032,0.0008924131020032,0.0008924131020032,0.0008924131020032,0.0
1734240120.0,0.0008924131020032,0.0008936981681258,0.0008880706661626,0.0008880706661626,0.7210466895
1734240180.0,0.0008880706661626,0.0008938297760763,0.0008880322355411,0.0008910306044131,176.70113149226
1734240240.0,0.0008910306044131,0.0008910306044131,0.0008889707591411,0.0008889707591411,123.28231240816
1734240300.0,0.0008889707591411,0.0008889707591411,0.0008889707591411,0.0008889707591411,0.0
1734240360.0,0.0008889707591411,0.0008965590608401,0.000887211613302,0.000895547236787,154.70877564426
1734240420.0,0.000895547236787,0.0008997162770728,0.0008932802288381,0.0008979627254798,74.55267141604
1734240480.0,0.0008979627254798,0.0008979627254798,0.0008978731959766,0.0008978731959766,4.4162
1734240540.0,0.0008978731959766,0.0008978731959766,0.0008895463236833,0.0008895463236833,160.88460691992
1734240600.0,0.0008895463236833,0.0008937989885157,0.0008882705374109,0.00089355785946,29.96186744331
1734240660.0,0.00089355785946,0.0008953219190132,0.0008890069324024,0.0008935112368873,1.28436583735
1734240720.0,0.0008935112368873,0.0008935112368873,0.0008935112368873,0.0008935112368873,0.0
1734240780.0,0.0008935112368873,0.0008956505366952,0.0008895669743547,0.0008895669743547,0.91335294791
1734240840.0,0.0008895669743547,0.0008900330373019,0.0008895669743547,0.0008900330373019,0.03495604665
1734240900.0,0.0008900330373019,0.0008900330373019,0.0008899953911717,0.0008899953911717,0.147027543
1734240960.0,0.0008899953911717,0.0008899953911717,0.0008899953911717,0.0008899953911717,0.0
1734241020.0,0.0008899953911717,0.0008899953911717,0.0008899953911717,0.0008899953911717,0.0
1734241080.0,0.0008899953911717,0.000895782378007,0.0008899953911717,0.000895782378007,111.50905
1734241140.0,0.000895782378007,0.000895782378007,0.0008919150719333,0.0008955210775153,34.86401439948
1734241200.0,0.0008955210775153,0.0008955210775153,0.0008955210775153,0.0008955210775153,0.0
1734241260.0,0.0008955210775153,0.0008955210775153,0.0008955210775153,0.0008955210775153,0.0
1734241320.0,0.0008955210775153,0.0008955210775153,0.000895518222179,0.000895518222179,3.77300478768
1734241380.0,0.000895518222179,0.000895518222179,0.000895518222179,0.000895518222179,0.0
1734241440.0,0.000895518222179,0.0008956947544483,0.000895518222179,0.0008956947544483,4.96415239026
1734241500.0,0.0008956947544483,0.0008956947544483,0.0008956947544483,0.0008956947544483,0.0
1734241560.0,0.0008956947544483,0.0009240837250398,0.0008956947544483,0.0009238768928244,1064.59380721008
1734241620.0,0.0009238768928244,0.0009285846390334,0.0009237144111397,0.0009285846390334,26.6252801798
1734241680.0,0.0009285846390334,0.0009285846390334,0.0009238654776206,0.0009238654776206,21.9449040866
1734241740.0,0.0009238654776206,0.0009302796895165,0.0009238654776206,0.0009302796895165,153.024144
1734241800.0,0.0009302796895165,0.0009302796895165,0.0009302796895165,0.0009302796895165,0.0
1734241860.0,0.0009302796895165,0.0009302796895165,0.0009302796895165,0.0009302796895165,0.0
1734241920.0,0.0009302796895165,0.0009302796895165,0.0009302796895165,0.0009302796895165,0.0
1734241980.0,0.0009302796895165,0.0009323118637491,0.0009302796895165,0.0009323118637491,44.044
1734242040.0,0.0009323118637491,0.0009330412431033,0.0009323118637491,0.0009330412431033,7.1291328834
1734242100.0,0.0009330412431033,0.0009330412431033,0.0009330412431033,0.0009330412431033,0.0
1734242160.0,0.0009330412431033,0.0009330412431033,0.0009330412431033,0.0009330412431033,0.0
1734242220.0,0.0009330412431033,0.0009330412431033,0.0009324044660761,0.0009327657547614,22.73055452601
1734242280.0,0.0009327657547614,0.0009337809336984,0.0009327657547614,0.0009337809336984,27.772505774
1734242340.0,0.0009337809336984,0.0009358283100214,0.0009337809336984,0.0009358283100214,61.1483957171
1734242400.0,0.0009358283100214,0.0009371383828654,0.000931163758428,0.0009340928549287,145.3013960418
1734242460.0,0.0009340928549287,0.000945359818546,0.0009340928549287,0.000945359818546,364.2000028621
1734242520.0,0.000945359818546,0.000945359818546,0.000945359818546,0.000945359818546,0.0
1734242580.0,0.000945359818546,0.0009500621818203,0.000945359818546,0.0009500621818203,4.500488356
1734242640.0,0.0009500621818203,0.0009500621818203,0.0009500621818203,0.0009500621818203,0.0
1734242700.0,0.0009500621818203,0.0009500621818203,0.0009453184100504,0.0009453184100504,4.4607379011
1734242760.0,0.0009453184100504,0.0009453184100504,0.000943459550308,0.000943459550308,93.02496160596
1734242820.0,0.000943459550308,0.000943459550308,0.0009414316071058,0.0009414316071058,6.99557514912
1734242880.0,0.0009414316071058,0.0009440515933628,0.0009388869807972,0.0009440515933628,95.0521629358
1734242940.0,0.0009440515933628,0.0009477774219908,0.0009440515933628,0.0009477774219908,103.66502000284
1734243000.0,0.0009477774219908,0.0009480191866548,0.000908185563852,0.000908185563852,1157.03295936282
1734243060.0,0.000908185563852,0.0009132624489057,0.000908185563852,0.0009132624489057,109.92
1734243120.0,0.0009132624489057,0.0009153391150423,0.0009100772562051,0.000914693099882,87.99828698326
1734243180.0,0.000914693099882,0.000914693099882,0.0009103300458833,0.0009103300458833,21.6778541296
1734243240.0,0.0009103300458833,0.0009103300458833,0.0009103300458833,0.0009103300458833,0.0
1734243300.0,0.0009103300458833,0.0009103300458833,0.0009103300458833,0.0009103300458833,0.0
1734243360.0,0.0009103300458833,0.0009103300458833,0.0009088904206063,0.0009088904206063,9.2978762334
1734243420.0,0.0009088904206063,0.0009088904206063,0.0009084564245812,0.0009084564245812,28.93753575712
