0,1,2,3,4,5
1735939080.0,7.08116854674215e-05,8.77919866870805e-05,6.85088784068044e-05,8.77919866870805e-05,4709.3374221119
1735939140.0,8.77919866870805e-05,9.24206078260474e-05,7.15823649756118e-05,7.80308369290047e-05,9804.40230589812
1735939200.0,7.80308369290047e-05,7.80308369290047e-05,4.33208337127756e-05,4.45449512590859e-05,13516.53377432926
1735939260.0,4.45449512590859e-05,9.53049594235168e-05,4.45449512590859e-05,6.38835038456823e-05,15406.99852197514
1735939320.0,6.38835038456823e-05,0.0001183621878595,6.38835038456823e-05,0.0001170907518863,13003.53285161529
1735939380.0,0.0001170907518863,0.0001170907518863,6.98222570741639e-05,9.93428313114453e-05,14902.29217020944
1735939440.0,9.93428313114453e-05,0.0001281476964321,6.83431917892664e-05,7.05126736098804e-05,24318.88853424959
1735939500.0,7.05126736098804e-05,8.11263353991041e-05,4.53114532053253e-05,4.53114532053253e-05,13560.08435059101
1735939560.0,4.53114532053253e-05,0.0001147114120058,4.53114532053253e-05,8.64072051830847e-05,21787.83822524675
1735939620.0,8.64072051830847e-05,9.3279823392707e-05,5.11243677508772e-05,7.86309820111735e-05,16565.0698176646
1735939680.0,7.86309820111735e-05,0.0001481327581224,7.86309820111735e-05,0.0001126493077729,21156.65419903104
1735939740.0,0.0001126493077729,0.0001627273450646,7.92362400391081e-05,7.92362400391081e-05,26867.04658479486
1735939800.0,7.92362400391081e-05,8.49073108696604e-05,3.55074320469716e-05,4.21859031220971e-05,21005.31065811387
1735939860.0,4.21859031220971e-05,5.05610709347488e-05,2.41348127954158e-05,5.05610709347488e-05,13536.70167426782
1735939920.0,5.05610709347488e-05,7.11445877873956e-05,2.75565353128652e-05,5.78488567914854e-05,19991.55119532143
1735939980.0,5.78488567914854e-05,5.90098258446264e-05,2.17199788156958e-05,3.50603135298086e-05,15990.65431476916
1735940040.0,3.50603135298086e-05,3.90266156555865e-05,1.86084298971727e-05,2.48079098083047e-05,12024.04477491811
1735940100.0,2.48079098083047e-05,4.93984215676969e-05,2.4752929947386e-05,3.14222524568166e-05,14929.288919351
1735940160.0,3.14222524568166e-05,6.59685826645413e-05,1.58702353702341e-05,1.89586957237594e-05,20388.97039885071
1735940220.0,1.89586957237594e-05,2.48290917998364e-05,1.33987968408478e-05,1.69750615498965e-05,12371.08557517144
1735940280.0,1.69750615498965e-05,2.58021332498335e-05,1.18332347341587e-05,2.58021332498335e-05,8183.6916691572
1735940340.0,2.58021332498335e-05,4.2779272895055e-05,2.53864024838822e-05,3.63216746715051e-05,11487.23437593953
1735940400.0,3.63216746715051e-05,5.39129881767228e-05,1.84799206351249e-05,1.91865100064388e-05,14602.65659385778
1735940460.0,1.91865100064388e-05,2.27690203752396e-05,6.88713018709522e-06,6.88713018709522e-06,8024.50378296064
1735940520.0,6.88713018709522e-06,1.41244894431748e-05,6.88713018709522e-06,1.26823586957407e-05,7375.61794753454
1735940580.0,1.26823586957407e-05,3.37461341106161e-05,1.26823586957407e-05,2.27044855774388e-05,15539.69645949506
1735940640.0,2.27044855774388e-05,3.74154948889422e-05,1.53939633556148e-05,1.53939633556148e-05,11859.54393563141
1735940700.0,1.53939633556148e-05,1.71213310032535e-05,9.30441752581521e-06,9.35782197640386e-06,10009.84987606184
1735940760.0,9.35782197640386e-06,1.16640861728282e-05,4.34237505516804e-06,4.34237505516804e-06,3442.96130853721
1735940820.0,4.34237505516804e-06,4.34237505516804e-06,4.13716213305482e-06,4.13716213305482e-06,96.04431727196
1735940880.0,4.13716213305482e-06,4.13716213305482e-06,4.12079856068297e-06,4.12079856068297e-06,9.00696803615
1735940940.0,4.12079856068297e-06,4.12079856068297e-06,4.01779980159022e-06,4.01779980159022e-06,46.997084881
1735941000.0,4.01779980159022e-06,4.01779980159022e-06,4.01779980159022e-06,4.01779980159022e-06,0.0
1735941060.0,4.01779980159022e-06,4.01779980159022e-06,4.01779980159022e-06,4.01779980159022e-06,0.0
1735941120.0,4.01779980159022e-06,4.01779980159022e-06,4.01779980159022e-06,4.01779980159022e-06,0.0
1735941180.0,4.01779980159022e-06,4.01779980159022e-06,4.01779980159022e-06,4.01779980159022e-06,0.0
1735941240.0,4.01779980159022e-06,4.05837121029473e-06,4.01779980159022e-06,4.05837121029473e-06,21.454077
1735941300.0,4.05837121029473e-06,4.05837121029473e-06,4.05837121029473e-06,4.05837121029473e-06,0.0
1735941360.0,4.05837121029473e-06,4.05837121029473e-06,4.05837121029473e-06,4.05837121029473e-06,0.0
1735941420.0,4.05837121029473e-06,4.05837121029473e-06,4.05009409236342e-06,4.05009409236342e-06,6.85498763586
1735941480.0,4.05009409236342e-06,4.05009409236342e-06,4.05009409236342e-06,4.05009409236342e-06,0.0
1735941540.0,4.05009409236342e-06,4.05009409236342e-06,4.05009409236342e-06,4.05009409236342e-06,0.0
1735941600.0,4.05009409236342e-06,4.05009409236342e-06,4.05009409236342e-06,4.05009409236342e-06,0.0
1735941660.0,4.05009409236342e-06,4.05009409236342e-06,4.05009409236342e-06,4.05009409236342e-06,0.0
1735941720.0,4.05009409236342e-06,4.05009409236342e-06,4.05009409236342e-06,4.05009409236342e-06,0.0
1735941780.0,4.05009409236342e-06,4.05009409236342e-06,4.05009409236342e-06,4.05009409236342e-06,0.0
1735941840.0,4.05009409236342e-06,4.05009409236342e-06,4.02628768860767e-06,4.02628768860767e-06,18.7226040423
1735941900.0,4.02628768860767e-06,4.02628768860767e-06,4.02628768860767e-06,4.02628768860767e-06,0.0
1735941960.0,4.02628768860767e-06,4.02628768860767e-06,4.02628768860767e-06,4.02628768860767e-06,0.0
1735942020.0,4.02628768860767e-06,4.02628768860767e-06,4.02628768860767e-06,4.02628768860767e-06,0.0
1735942080.0,4.02628768860767e-06,4.02628768860767e-06,4.02628768860767e-06,4.02628768860767e-06,0.0
1735942140.0,4.02628768860767e-06,4.02628768860767e-06,4.02628768860767e-06,4.02628768860767e-06,0.0
1735942200.0,4.02628768860767e-06,4.02628768860767e-06,4.02628768860767e-06,4.02628768860767e-06,0.0
1735942260.0,4.02628768860767e-06,4.02628768860767e-06,4.02628768860767e-06,4.02628768860767e-06,0.0
1735942320.0,4.02628768860767e-06,4.02628768860767e-06,4.00636962210484e-06,4.00636962210484e-06,0.01010081176
1735942380.0,4.00636962210484e-06,4.00636962210484e-06,4.00636962210484e-06,4.00636962210484e-06,0.0
1735942440.0,4.00636962210484e-06,4.00636962210484e-06,4.00636962210484e-06,4.00636962210484e-06,0.0
1735942500.0,4.00636962210484e-06,4.00636962210484e-06,4.00636962210484e-06,4.00636962210484e-06,0.0
1735942560.0,4.00636962210484e-06,4.00636962210484e-06,4.00636962210484e-06,4.00636962210484e-06,0.0
1735942620.0,4.00636962210484e-06,4.00636962210484e-06,4.00636962210484e-06,4.00636962210484e-06,0.0
1735942680.0,4.00636962210484e-06,4.00636962210484e-06,4.00636962210484e-06,4.00636962210484e-06,0.0
1735942740.0,4.00636962210484e-06,4.00636962210484e-06,4.00636962210484e-06,4.00636962210484e-06,0.0
1735942800.0,4.00636962210484e-06,4.00636962210484e-06,4.00636962210484e-06,4.00636962210484e-06,0.0
1735942860.0,4.00636962210484e-06,4.00636962210484e-06,4.00636962210484e-06,4.00636962210484e-06,0.0
1735942920.0,4.00636962210484e-06,4.00636962210484e-06,4.00636962210484e-06,4.00636962210484e-06,0.0
1735942980.0,4.00636962210484e-06,4.00769025925058e-06,4.00636962210484e-06,4.00769025925058e-06,0.16156954101
1735943040.0,4.00769025925058e-06,4.00769025925058e-06,4.00769025925058e-06,4.00769025925058e-06,0.0
1735943100.0,4.00769025925058e-06,4.00769025925058e-06,4.00769025925058e-06,4.00769025925058e-06,0.0
1735943160.0,4.00769025925058e-06,4.00769025925058e-06,4.00769025925058e-06,4.00769025925058e-06,0.0
1735943220.0,4.00769025925058e-06,4.00769025925058e-06,4.00159059497251e-06,4.00159059497251e-06,8.90673468624
1735943280.0,4.00159059497251e-06,4.00159059497251e-06,4.00159059497251e-06,4.00159059497251e-06,0.0
1735943340.0,4.00159059497251e-06,4.00159059497251e-06,4.00159059497251e-06,4.00159059497251e-06,0.0
1735943400.0,4.00159059497251e-06,4.00159059497251e-06,4.00159059497251e-06,4.00159059497251e-06,0.0
1735943460.0,4.00159059497251e-06,4.00159059497251e-06,4.00159059497251e-06,4.00159059497251e-06,0.0
1735943520.0,4.00159059497251e-06,4.00159059497251e-06,4.00159059497251e-06,4.00159059497251e-06,0.0
1735943580.0,4.00159059497251e-06,4.00159059497251e-06,4.00159059497251e-06,4.00159059497251e-06,0.0
1735943640.0,4.00159059497251e-06,4.00159059497251e-06,4.00159059497251e-06,4.00159059497251e-06,0.0
1735943700.0,4.00159059497251e-06,4.00159059497251e-06,4.00159059497251e-06,4.00159059497251e-06,0.0
1735943760.0,4.00159059497251e-06,4.00159059497251e-06,4.00159059497251e-06,4.00159059497251e-06,0.0
1735943820.0,4.00159059497251e-06,4.00159059497251e-06,4.00159059497251e-06,4.00159059497251e-06,0.0
1735943880.0,4.00159059497251e-06,4.00159059497251e-06,4.00159059497251e-06,4.00159059497251e-06,0.0
1735943940.0,4.00159059497251e-06,4.00159059497251e-06,4.00159059497251e-06,4.00159059497251e-06,0.0
1735944000.0,4.00159059497251e-06,4.00159059497251e-06,4.00159059497251e-06,4.00159059497251e-06,0.0
1735944060.0,4.00159059497251e-06,4.00159059497251e-06,4.00159059497251e-06,4.00159059497251e-06,0.0
1735944120.0,4.00159059497251e-06,4.00159059497251e-06,4.00159059497251e-06,4.00159059497251e-06,0.0
1735944180.0,4.00159059497251e-06,4.00159059497251e-06,4.00159059497251e-06,4.00159059497251e-06,0.0
1735944240.0,4.00159059497251e-06,4.00159059497251e-06,4.00159059497251e-06,4.00159059497251e-06,0.0
1735944300.0,4.00159059497251e-06,4.00159059497251e-06,4.00159059497251e-06,4.00159059497251e-06,0.0
1735944360.0,4.00159059497251e-06,4.00159059497251e-06,4.00159059497251e-06,4.00159059497251e-06,0.0
1735944420.0,4.00159059497251e-06,4.00159059497251e-06,4.00159059497251e-06,4.00159059497251e-06,0.0
1735944480.0,4.00159059497251e-06,4.00159059497251e-06,4.00159059497251e-06,4.00159059497251e-06,0.0
1735944540.0,4.00159059497251e-06,4.00159059497251e-06,4.00159059497251e-06,4.00159059497251e-06,0.0
1735944600.0,4.00159059497251e-06,4.00159059497251e-06,4.00159059497251e-06,4.00159059497251e-06,0.0
1735944660.0,4.00159059497251e-06,4.00159059497251e-06,4.00159059497251e-06,4.00159059497251e-06,0.0
1735944720.0,4.00159059497251e-06,4.00159059497251e-06,4.00159059497251e-06,4.00159059497251e-06,0.0
1735944780.0,4.00159059497251e-06,4.00159059497251e-06,4.00159059497251e-06,4.00159059497251e-06,0.0
1735944840.0,4.00159059497251e-06,4.00159059497251e-06,4.00159059497251e-06,4.00159059497251e-06,0.0
1735944900.0,4.00159059497251e-06,4.00159059497251e-06,4.00159059497251e-06,4.00159059497251e-06,0.0
1735944960.0,4.00159059497251e-06,4.00159059497251e-06,4.00159059497251e-06,4.00159059497251e-06,0.0
1735945020.0,4.00159059497251e-06,4.00159059497251e-06,4.00159059497251e-06,4.00159059497251e-06,0.0
1735945080.0,4.00159059497251e-06,4.00159059497251e-06,4.00159059497251e-06,4.00159059497251e-06,0.0
1735945140.0,4.00159059497251e-06,4.00159059497251e-06,4.00159059497251e-06,4.00159059497251e-06,0.0
1735945200.0,4.00159059497251e-06,4.00159059497251e-06,4.00159059497251e-06,4.00159059497251e-06,0.0
1735945260.0,4.00159059497251e-06,4.00159059497251e-06,4.00159059497251e-06,4.00159059497251e-06,0.0
1735945320.0,4.00159059497251e-06,4.00159059497251e-06,4.00159059497251e-06,4.00159059497251e-06,0.0
1735945380.0,4.00159059497251e-06,4.00159059497251e-06,4.00159059497251e-06,4.00159059497251e-06,0.0
1735945440.0,4.00159059497251e-06,4.00159059497251e-06,4.00159059497251e-06,4.00159059497251e-06,0.0
1735945500.0,4.00159059497251e-06,4.00159059497251e-06,4.00159059497251e-06,4.00159059497251e-06,0.0
1735945560.0,4.00159059497251e-06,4.00159059497251e-06,4.00159059497251e-06,4.00159059497251e-06,0.0
1735945620.0,4.00159059497251e-06,4.00159059497251e-06,4.00159059497251e-06,4.00159059497251e-06,0.0
1735945680.0,4.00159059497251e-06,4.00159059497251e-06,4.00159059497251e-06,4.00159059497251e-06,0.0
1735945740.0,4.00159059497251e-06,4.00159059497251e-06,4.00159059497251e-06,4.00159059497251e-06,0.0
1735945800.0,4.00159059497251e-06,4.00159059497251e-06,4.00159059497251e-06,4.00159059497251e-06,0.0
1735945860.0,4.00159059497251e-06,4.00159059497251e-06,4.00159059497251e-06,4.00159059497251e-06,0.0
1735945920.0,4.00159059497251e-06,4.00159059497251e-06,4.00159059497251e-06,4.00159059497251e-06,0.0
1735945980.0,4.00159059497251e-06,4.00159059497251e-06,4.00159059497251e-06,4.00159059497251e-06,0.0
1735946040.0,4.00159059497251e-06,4.00159059497251e-06,4.00159059497251e-06,4.00159059497251e-06,0.0
1735946100.0,4.00159059497251e-06,4.00159059497251e-06,4.00159059497251e-06,4.00159059497251e-06,0.0
1735946160.0,4.00159059497251e-06,4.00159059497251e-06,4.00159059497251e-06,4.00159059497251e-06,0.0
1735946220.0,4.00159059497251e-06,4.00159059497251e-06,4.00159059497251e-06,4.00159059497251e-06,0.0
1735946280.0,4.00159059497251e-06,4.00159059497251e-06,4.00159059497251e-06,4.00159059497251e-06,0.0
1735946340.0,4.00159059497251e-06,4.00159059497251e-06,4.00159059497251e-06,4.00159059497251e-06,0.0
1735946400.0,4.00159059497251e-06,4.00159059497251e-06,4.00159059497251e-06,4.00159059497251e-06,0.0
1735946460.0,4.00159059497251e-06,4.00159059497251e-06,4.00159059497251e-06,4.00159059497251e-06,0.0
1735946520.0,4.00159059497251e-06,4.00159059497251e-06,4.00159059497251e-06,4.00159059497251e-06,0.0
1735946580.0,4.00159059497251e-06,4.00159059497251e-06,4.00159059497251e-06,4.00159059497251e-06,0.0
1735946640.0,4.00159059497251e-06,4.00159059497251e-06,4.00159059497251e-06,4.00159059497251e-06,0.0
1735946700.0,4.00159059497251e-06,4.00159059497251e-06,4.00159059497251e-06,4.00159059497251e-06,0.0
1735946760.0,4.00159059497251e-06,4.00159059497251e-06,4.00159059497251e-06,4.00159059497251e-06,0.0
1735946820.0,4.00159059497251e-06,4.00159059497251e-06,4.00159059497251e-06,4.00159059497251e-06,0.0
1735946880.0,4.00159059497251e-06,4.00159059497251e-06,4.00159059497251e-06,4.00159059497251e-06,0.0
1735946940.0,4.00159059497251e-06,4.00159059497251e-06,4.00159059497251e-06,4.00159059497251e-06,0.0
1735947000.0,4.00159059497251e-06,4.00159059497251e-06,4.00159059497251e-06,4.00159059497251e-06,0.0
1735947060.0,4.00159059497251e-06,4.00159059497251e-06,4.00159059497251e-06,4.00159059497251e-06,0.0
1735947120.0,4.00159059497251e-06,4.00159059497251e-06,4.00159059497251e-06,4.00159059497251e-06,0.0
1735947180.0,4.00159059497251e-06,4.00159059497251e-06,4.00159059497251e-06,4.00159059497251e-06,0.0
1735947240.0,4.00159059497251e-06,4.00159059497251e-06,4.00159059497251e-06,4.00159059497251e-06,0.0
1735947300.0,4.00159059497251e-06,4.00159059497251e-06,4.00159059497251e-06,4.00159059497251e-06,0.0
1735947360.0,4.00159059497251e-06,4.00159059497251e-06,4.00159059497251e-06,4.00159059497251e-06,0.0
1735947420.0,4.00159059497251e-06,4.00159059497251e-06,4.00159059497251e-06,4.00159059497251e-06,0.0
1735947480.0,4.00159059497251e-06,4.00159059497251e-06,4.00159059497251e-06,4.00159059497251e-06,0.0
1735947540.0,4.00159059497251e-06,4.00159059497251e-06,4.00159059497251e-06,4.00159059497251e-06,0.0
1735947600.0,4.00159059497251e-06,4.00159059497251e-06,4.00159059497251e-06,4.00159059497251e-06,0.0
1735947660.0,4.00159059497251e-06,4.04361472538294e-06,4.00159059497251e-06,4.04361472538294e-06,11.9323200106
1735947720.0,4.04361472538294e-06,4.04361472538294e-06,4.04361472538294e-06,4.04361472538294e-06,0.0
1735947780.0,4.04361472538294e-06,4.04361472538294e-06,4.04361472538294e-06,4.04361472538294e-06,0.0
1735947840.0,4.04361472538294e-06,4.04361472538294e-06,4.04361472538294e-06,4.04361472538294e-06,0.0
1735947900.0,4.04361472538294e-06,4.04361472538294e-06,4.04361472538294e-06,4.04361472538294e-06,0.0
1735947960.0,4.04361472538294e-06,4.04361472538294e-06,4.04361472538294e-06,4.04361472538294e-06,0.0
1735948020.0,4.04361472538294e-06,4.04361472538294e-06,4.03470426504278e-06,4.03470426504278e-06,0.33582127505
1735948080.0,4.03470426504278e-06,4.03470426504278e-06,4.03470426504278e-06,4.03470426504278e-06,0.0
1735948140.0,4.03470426504278e-06,4.03470426504278e-06,4.03470426504278e-06,4.03470426504278e-06,0.0
1735948200.0,4.03470426504278e-06,4.03470426504278e-06,4.03470426504278e-06,4.03470426504278e-06,0.0
1735948260.0,4.03470426504278e-06,4.03470426504278e-06,4.03470426504278e-06,4.03470426504278e-06,0.0
1735948320.0,4.03470426504278e-06,4.03470426504278e-06,4.03470426504278e-06,4.03470426504278e-06,0.0
1735948380.0,4.03470426504278e-06,4.03470426504278e-06,4.03470426504278e-06,4.03470426504278e-06,0.0
1735948440.0,4.03470426504278e-06,4.03470426504278e-06,4.03470426504278e-06,4.03470426504278e-06,0.0
1735948500.0,4.03470426504278e-06,4.03470426504278e-06,4.03470426504278e-06,4.03470426504278e-06,0.0
1735948560.0,4.03470426504278e-06,4.03470426504278e-06,4.03470426504278e-06,4.03470426504278e-06,0.0
1735948620.0,4.03470426504278e-06,4.03470426504278e-06,4.03470426504278e-06,4.03470426504278e-06,0.0
1735948680.0,4.03470426504278e-06,4.03470426504278e-06,4.03470426504278e-06,4.03470426504278e-06,0.0
1735948740.0,4.03470426504278e-06,4.03470426504278e-06,4.03470426504278e-06,4.03470426504278e-06,0.0
1735948800.0,4.03470426504278e-06,4.03470426504278e-06,4.03470426504278e-06,4.03470426504278e-06,0.0
1735948860.0,4.03470426504278e-06,4.03470426504278e-06,4.03470426504278e-06,4.03470426504278e-06,0.0
1735948920.0,4.03470426504278e-06,4.03470426504278e-06,4.03470426504278e-06,4.03470426504278e-06,0.0
1735948980.0,4.03470426504278e-06,4.03470426504278e-06,4.03470426504278e-06,4.03470426504278e-06,0.0
1735949040.0,4.03470426504278e-06,4.03470426504278e-06,4.03470426504278e-06,4.03470426504278e-06,0.0
1735949100.0,4.03470426504278e-06,4.03470426504278e-06,4.03470426504278e-06,4.03470426504278e-06,0.0
1735949160.0,4.03470426504278e-06,4.03470426504278e-06,4.03470426504278e-06,4.03470426504278e-06,0.0
1735949220.0,4.03470426504278e-06,4.03470426504278e-06,4.03470426504278e-06,4.03470426504278e-06,0.0
1735949280.0,4.03470426504278e-06,4.03470426504278e-06,4.03470426504278e-06,4.03470426504278e-06,0.0
1735949340.0,4.03470426504278e-06,4.03470426504278e-06,4.03470426504278e-06,4.03470426504278e-06,0.0
1735949400.0,4.03470426504278e-06,4.03470426504278e-06,4.03470426504278e-06,4.03470426504278e-06,0.0
1735949460.0,4.03470426504278e-06,4.03470426504278e-06,4.03470426504278e-06,4.03470426504278e-06,0.0
1735949520.0,4.03470426504278e-06,4.03470426504278e-06,4.03470426504278e-06,4.03470426504278e-06,0.0
1735949580.0,4.03470426504278e-06,4.03470426504278e-06,4.03470426504278e-06,4.03470426504278e-06,0.0
1735949640.0,4.03470426504278e-06,4.03470426504278e-06,4.03470426504278e-06,4.03470426504278e-06,0.0
1735949700.0,4.03470426504278e-06,4.03470426504278e-06,4.03470426504278e-06,4.03470426504278e-06,0.0
1735949760.0,4.03470426504278e-06,4.03470426504278e-06,4.03470426504278e-06,4.03470426504278e-06,0.0
1735949820.0,4.03470426504278e-06,4.03470426504278e-06,4.03470426504278e-06,4.03470426504278e-06,0.0
1735949880.0,4.03470426504278e-06,4.03470426504278e-06,4.03470426504278e-06,4.03470426504278e-06,0.0
1735949940.0,4.03470426504278e-06,4.03470426504278e-06,4.03470426504278e-06,4.03470426504278e-06,0.0
1735950000.0,4.03470426504278e-06,4.03470426504278e-06,4.03470426504278e-06,4.03470426504278e-06,0.0
1735950060.0,4.03470426504278e-06,4.03470426504278e-06,4.03470426504278e-06,4.03470426504278e-06,0.0
1735950120.0,4.03470426504278e-06,4.03470426504278e-06,4.03470426504278e-06,4.03470426504278e-06,0.0
1735950180.0,4.03470426504278e-06,4.03470426504278e-06,4.03470426504278e-06,4.03470426504278e-06,0.0
1735950240.0,4.03470426504278e-06,4.03470426504278e-06,4.03470426504278e-06,4.03470426504278e-06,0.0
1735950300.0,4.03470426504278e-06,4.03470426504278e-06,4.03470426504278e-06,4.03470426504278e-06,0.0
1735950360.0,4.03470426504278e-06,4.03470426504278e-06,4.03470426504278e-06,4.03470426504278e-06,0.0
1735950420.0,4.03470426504278e-06,4.03470426504278e-06,4.03470426504278e-06,4.03470426504278e-06,0.0
1735950480.0,4.03470426504278e-06,4.03470426504278e-06,4.03470426504278e-06,4.03470426504278e-06,0.0
1735950540.0,4.03470426504278e-06,4.03470426504278e-06,4.03470426504278e-06,4.03470426504278e-06,0.0
1735950600.0,4.03470426504278e-06,4.03470426504278e-06,4.03470426504278e-06,4.03470426504278e-06,0.0
1735950660.0,4.03470426504278e-06,4.03470426504278e-06,4.03470426504278e-06,4.03470426504278e-06,0.0
1735950720.0,4.03470426504278e-06,4.03470426504278e-06,4.03470426504278e-06,4.03470426504278e-06,0.0
1735950780.0,4.03470426504278e-06,4.03470426504278e-06,4.03470426504278e-06,4.03470426504278e-06,0.0
1735950840.0,4.03470426504278e-06,4.03470426504278e-06,4.03470426504278e-06,4.03470426504278e-06,0.0
1735950900.0,4.03470426504278e-06,4.03470426504278e-06,4.03470426504278e-06,4.03470426504278e-06,0.0
1735950960.0,4.03470426504278e-06,4.03470426504278e-06,4.03470426504278e-06,4.03470426504278e-06,0.0
1735951020.0,4.03470426504278e-06,4.03470426504278e-06,4.03470426504278e-06,4.03470426504278e-06,0.0
1735951080.0,4.03470426504278e-06,4.03470426504278e-06,4.03470426504278e-06,4.03470426504278e-06,0.0
1735951140.0,4.03470426504278e-06,4.03470426504278e-06,4.03470426504278e-06,4.03470426504278e-06,0.0
1735951200.0,4.03470426504278e-06,4.03470426504278e-06,4.03470426504278e-06,4.03470426504278e-06,0.0
1735951260.0,4.03470426504278e-06,4.03470426504278e-06,4.03470426504278e-06,4.03470426504278e-06,0.0
1735951320.0,4.03470426504278e-06,4.03470426504278e-06,4.03470426504278e-06,4.03470426504278e-06,0.0
1735951380.0,4.03470426504278e-06,4.03470426504278e-06,4.03470426504278e-06,4.03470426504278e-06,0.0
1735951440.0,4.03470426504278e-06,4.03470426504278e-06,4.03470426504278e-06,4.03470426504278e-06,0.0
1735951500.0,4.03470426504278e-06,4.03470426504278e-06,4.03470426504278e-06,4.03470426504278e-06,0.0
1735951560.0,4.03470426504278e-06,4.03470426504278e-06,4.03470426504278e-06,4.03470426504278e-06,0.0
1735951620.0,4.03470426504278e-06,4.03470426504278e-06,4.03470426504278e-06,4.03470426504278e-06,0.0
1735951680.0,4.03470426504278e-06,4.03470426504278e-06,4.03470426504278e-06,4.03470426504278e-06,0.0
1735951740.0,4.03470426504278e-06,4.03470426504278e-06,4.03470426504278e-06,4.03470426504278e-06,0.0
1735951800.0,4.03470426504278e-06,4.03470426504278e-06,4.03470426504278e-06,4.03470426504278e-06,0.0
1735951860.0,4.03470426504278e-06,4.03470426504278e-06,4.03470426504278e-06,4.03470426504278e-06,0.0
1735951920.0,4.03470426504278e-06,4.03470426504278e-06,4.03470426504278e-06,4.03470426504278e-06,0.0
1735951980.0,4.03470426504278e-06,4.03470426504278e-06,4.03470426504278e-06,4.03470426504278e-06,0.0
1735952040.0,4.03470426504278e-06,4.03470426504278e-06,4.03470426504278e-06,4.03470426504278e-06,0.0
1735952100.0,4.03470426504278e-06,4.03470426504278e-06,4.03470426504278e-06,4.03470426504278e-06,0.0
1735952160.0,4.03470426504278e-06,4.03470426504278e-06,4.03470426504278e-06,4.03470426504278e-06,0.0
1735952220.0,4.03470426504278e-06,4.03470426504278e-06,4.03470426504278e-06,4.03470426504278e-06,0.0
1735952280.0,4.03470426504278e-06,4.03470426504278e-06,4.03470426504278e-06,4.03470426504278e-06,0.0
1735952340.0,4.03470426504278e-06,4.03470426504278e-06,4.03470426504278e-06,4.03470426504278e-06,0.0
1735952400.0,4.03470426504278e-06,4.03470426504278e-06,4.03470426504278e-06,4.03470426504278e-06,0.0
1735952460.0,4.03470426504278e-06,4.03470426504278e-06,4.03470426504278e-06,4.03470426504278e-06,0.0
1735952520.0,4.03470426504278e-06,4.03470426504278e-06,4.03470426504278e-06,4.03470426504278e-06,0.0
1735952580.0,4.03470426504278e-06,4.03470426504278e-06,4.03470426504278e-06,4.03470426504278e-06,0.0
1735952640.0,4.03470426504278e-06,4.03470426504278e-06,4.03470426504278e-06,4.03470426504278e-06,0.0
1735952700.0,4.03470426504278e-06,4.03470426504278e-06,4.03470426504278e-06,4.03470426504278e-06,0.0
1735952760.0,4.03470426504278e-06,4.03470426504278e-06,4.03470426504278e-06,4.03470426504278e-06,0.0
1735952820.0,4.03470426504278e-06,4.03470426504278e-06,4.03470426504278e-06,4.03470426504278e-06,0.0
1735952880.0,4.03470426504278e-06,4.03470426504278e-06,4.03470426504278e-06,4.03470426504278e-06,0.0
1735952940.0,4.03470426504278e-06,4.03470426504278e-06,4.03470426504278e-06,4.03470426504278e-06,0.0
1735953000.0,4.03470426504278e-06,4.03470426504278e-06,4.03470426504278e-06,4.03470426504278e-06,0.0
1735953060.0,4.03470426504278e-06,4.03470426504278e-06,4.03470426504278e-06,4.03470426504278e-06,0.0
1735953120.0,4.03470426504278e-06,4.03470426504278e-06,4.03470426504278e-06,4.03470426504278e-06,0.0
1735953180.0,4.03470426504278e-06,4.03470426504278e-06,4.03470426504278e-06,4.03470426504278e-06,0.0
1735953240.0,4.03470426504278e-06,4.03470426504278e-06,4.03470426504278e-06,4.03470426504278e-06,0.0
1735953300.0,4.03470426504278e-06,4.03470426504278e-06,4.03470426504278e-06,4.03470426504278e-06,0.0
1735953360.0,4.03470426504278e-06,4.03470426504278e-06,4.03470426504278e-06,4.03470426504278e-06,0.0
1735953420.0,4.03470426504278e-06,4.03470426504278e-06,4.03470426504278e-06,4.03470426504278e-06,0.0
1735953480.0,4.03470426504278e-06,4.03470426504278e-06,4.03470426504278e-06,4.03470426504278e-06,0.0
1735953540.0,4.03470426504278e-06,4.03470426504278e-06,4.03470426504278e-06,4.03470426504278e-06,0.0
1735953600.0,4.03470426504278e-06,4.03470426504278e-06,4.03470426504278e-06,4.03470426504278e-06,0.0
1735953660.0,4.03470426504278e-06,4.03470426504278e-06,4.03470426504278e-06,4.03470426504278e-06,0.0
1735953720.0,4.03470426504278e-06,4.03470426504278e-06,4.03470426504278e-06,4.03470426504278e-06,0.0
1735953780.0,4.03470426504278e-06,4.03470426504278e-06,4.03470426504278e-06,4.03470426504278e-06,0.0
1735953840.0,4.03470426504278e-06,4.03470426504278e-06,4.03470426504278e-06,4.03470426504278e-06,0.0
1735953900.0,4.03470426504278e-06,4.03470426504278e-06,4.03470426504278e-06,4.03470426504278e-06,0.0
1735953960.0,4.03470426504278e-06,4.03470426504278e-06,4.03470426504278e-06,4.03470426504278e-06,0.0
1735954020.0,4.03470426504278e-06,4.03470426504278e-06,4.03470426504278e-06,4.03470426504278e-06,0.0
1735954080.0,4.03470426504278e-06,4.03470426504278e-06,4.03470426504278e-06,4.03470426504278e-06,0.0
1735954140.0,4.03470426504278e-06,4.03470426504278e-06,4.03470426504278e-06,4.03470426504278e-06,0.0
1735954200.0,4.03470426504278e-06,4.03470426504278e-06,4.03470426504278e-06,4.03470426504278e-06,0.0
1735954260.0,4.03470426504278e-06,4.03470426504278e-06,4.03470426504278e-06,4.03470426504278e-06,0.0
1735954320.0,4.03470426504278e-06,4.03470426504278e-06,4.03470426504278e-06,4.03470426504278e-06,0.0
1735954380.0,4.03470426504278e-06,4.03470426504278e-06,4.03470426504278e-06,4.03470426504278e-06,0.0
1735954440.0,4.03470426504278e-06,4.03470426504278e-06,4.03470426504278e-06,4.03470426504278e-06,0.0
1735954500.0,4.03470426504278e-06,4.03470426504278e-06,4.03470426504278e-06,4.03470426504278e-06,0.0
1735954560.0,4.03470426504278e-06,4.03470426504278e-06,4.03470426504278e-06,4.03470426504278e-06,0.0
1735954620.0,4.03470426504278e-06,4.03470426504278e-06,4.03470426504278e-06,4.03470426504278e-06,0.0
1735954680.0,4.03470426504278e-06,4.03470426504278e-06,4.03470426504278e-06,4.03470426504278e-06,0.0
1735954740.0,4.03470426504278e-06,4.03470426504278e-06,4.03470426504278e-06,4.03470426504278e-06,0.0
1735954800.0,4.03470426504278e-06,4.03470426504278e-06,4.03470426504278e-06,4.03470426504278e-06,0.0
1735954860.0,4.03470426504278e-06,4.03470426504278e-06,4.03470426504278e-06,4.03470426504278e-06,0.0
1735954920.0,4.03470426504278e-06,4.03470426504278e-06,4.03470426504278e-06,4.03470426504278e-06,0.0
1735954980.0,4.03470426504278e-06,4.03470426504278e-06,4.03470426504278e-06,4.03470426504278e-06,0.0
1735955040.0,4.03470426504278e-06,4.03470426504278e-06,4.03470426504278e-06,4.03470426504278e-06,0.0
1735955100.0,4.03470426504278e-06,4.03470426504278e-06,4.03470426504278e-06,4.03470426504278e-06,0.0
1735955160.0,4.03470426504278e-06,4.03470426504278e-06,4.03470426504278e-06,4.03470426504278e-06,0.0
1735955220.0,4.03470426504278e-06,4.03470426504278e-06,4.03470426504278e-06,4.03470426504278e-06,0.0
1735955280.0,4.03470426504278e-06,4.03470426504278e-06,4.03470426504278e-06,4.03470426504278e-06,0.0
1735955340.0,4.03470426504278e-06,4.03470426504278e-06,4.03470426504278e-06,4.03470426504278e-06,0.0
1735955400.0,4.03470426504278e-06,4.03470426504278e-06,4.03470426504278e-06,4.03470426504278e-06,0.0
1735955460.0,4.03470426504278e-06,4.03470426504278e-06,4.03470426504278e-06,4.03470426504278e-06,0.0
1735955520.0,4.03470426504278e-06,4.03470426504278e-06,4.03470426504278e-06,4.03470426504278e-06,0.0
1735955580.0,4.03470426504278e-06,4.03470426504278e-06,4.03470426504278e-06,4.03470426504278e-06,0.0
1735955640.0,4.03470426504278e-06,4.03470426504278e-06,4.03470426504278e-06,4.03470426504278e-06,0.0
1735955700.0,4.03470426504278e-06,4.03470426504278e-06,4.03470426504278e-06,4.03470426504278e-06,0.0
1735955760.0,4.03470426504278e-06,4.03470426504278e-06,4.03470426504278e-06,4.03470426504278e-06,0.0
1735955820.0,4.03470426504278e-06,4.03470426504278e-06,4.03470426504278e-06,4.03470426504278e-06,0.0
1735955880.0,4.03470426504278e-06,4.03470426504278e-06,4.03470426504278e-06,4.03470426504278e-06,0.0
1735955940.0,4.03470426504278e-06,4.03470426504278e-06,4.03470426504278e-06,4.03470426504278e-06,0.0
1735956000.0,4.03470426504278e-06,4.03470426504278e-06,4.03470426504278e-06,4.03470426504278e-06,0.0
1735956060.0,4.03470426504278e-06,4.03470426504278e-06,4.03470426504278e-06,4.03470426504278e-06,0.0
1735956120.0,4.03470426504278e-06,4.03470426504278e-06,4.03470426504278e-06,4.03470426504278e-06,0.0
1735956180.0,4.03470426504278e-06,4.03470426504278e-06,4.03470426504278e-06,4.03470426504278e-06,0.0
1735956240.0,4.03470426504278e-06,4.03470426504278e-06,4.03470426504278e-06,4.03470426504278e-06,0.0
1735956300.0,4.03470426504278e-06,4.03470426504278e-06,4.03470426504278e-06,4.03470426504278e-06,0.0
1735956360.0,4.03470426504278e-06,4.03470426504278e-06,4.03470426504278e-06,4.03470426504278e-06,0.0
1735956420.0,4.03470426504278e-06,4.03470426504278e-06,4.03470426504278e-06,4.03470426504278e-06,0.0
1735956480.0,4.03470426504278e-06,4.03470426504278e-06,4.03470426504278e-06,4.03470426504278e-06,0.0
1735956540.0,4.03470426504278e-06,4.03470426504278e-06,4.03470426504278e-06,4.03470426504278e-06,0.0
1735956600.0,4.03470426504278e-06,4.03470426504278e-06,4.03470426504278e-06,4.03470426504278e-06,0.0
1735956660.0,4.03470426504278e-06,4.03470426504278e-06,4.01466695353945e-06,4.01466695353945e-06,0.39830781774
1735956720.0,4.01466695353945e-06,4.01466695353945e-06,4.01466695353945e-06,4.01466695353945e-06,0.0
1735956780.0,4.01466695353945e-06,4.01466695353945e-06,4.01466695353945e-06,4.01466695353945e-06,0.0
1735956840.0,4.01466695353945e-06,4.01466695353945e-06,4.01466695353945e-06,4.01466695353945e-06,0.0
1735956900.0,4.01466695353945e-06,4.01466695353945e-06,4.01466695353945e-06,4.01466695353945e-06,0.0
1735956960.0,4.01466695353945e-06,4.01466695353945e-06,4.01466695353945e-06,4.01466695353945e-06,0.0
1735957020.0,4.01466695353945e-06,4.01466695353945e-06,4.01466695353945e-06,4.01466695353945e-06,0.0
1735957080.0,4.01466695353945e-06,4.01466695353945e-06,4.01466695353945e-06,4.01466695353945e-06,0.0
1735957140.0,4.01466695353945e-06,4.01466695353945e-06,4.01466695353945e-06,4.01466695353945e-06,0.0
1735957200.0,4.01466695353945e-06,4.01466695353945e-06,4.01466695353945e-06,4.01466695353945e-06,0.0
1735957260.0,4.01466695353945e-06,4.01466695353945e-06,4.01466695353945e-06,4.01466695353945e-06,0.0
1735957320.0,4.01466695353945e-06,4.01466695353945e-06,4.01466695353945e-06,4.01466695353945e-06,0.0
1735957380.0,4.01466695353945e-06,4.01466695353945e-06,4.01466695353945e-06,4.01466695353945e-06,0.0
1735957440.0,4.01466695353945e-06,4.01466695353945e-06,4.01466695353945e-06,4.01466695353945e-06,0.0
1735957500.0,4.01466695353945e-06,4.01466695353945e-06,4.01466695353945e-06,4.01466695353945e-06,0.0
1735957560.0,4.01466695353945e-06,4.01466695353945e-06,4.01466695353945e-06,4.01466695353945e-06,0.0
1735957620.0,4.01466695353945e-06,4.01466695353945e-06,4.01466695353945e-06,4.01466695353945e-06,0.0
1735957680.0,4.01466695353945e-06,4.01466695353945e-06,4.01466695353945e-06,4.01466695353945e-06,0.0
1735957740.0,4.01466695353945e-06,4.01466695353945e-06,4.01466695353945e-06,4.01466695353945e-06,0.0
1735957800.0,4.01466695353945e-06,4.01466695353945e-06,4.01466695353945e-06,4.01466695353945e-06,0.0
1735957860.0,4.01466695353945e-06,4.01466695353945e-06,4.01466695353945e-06,4.01466695353945e-06,0.0
1735957920.0,4.01466695353945e-06,4.01466695353945e-06,4.01466695353945e-06,4.01466695353945e-06,0.0
1735957980.0,4.01466695353945e-06,4.01466695353945e-06,4.01466695353945e-06,4.01466695353945e-06,0.0
1735958040.0,4.01466695353945e-06,4.01466695353945e-06,4.01466695353945e-06,4.01466695353945e-06,0.0
1735958100.0,4.01466695353945e-06,4.01466695353945e-06,4.01466695353945e-06,4.01466695353945e-06,0.0
1735958160.0,4.01466695353945e-06,4.01466695353945e-06,4.01466695353945e-06,4.01466695353945e-06,0.0
1735958220.0,4.01466695353945e-06,4.01466695353945e-06,4.01466695353945e-06,4.01466695353945e-06,0.0
1735958280.0,4.01466695353945e-06,4.01466695353945e-06,4.01466695353945e-06,4.01466695353945e-06,0.0
1735958340.0,4.01466695353945e-06,4.01466695353945e-06,4.01466695353945e-06,4.01466695353945e-06,0.0
1735958400.0,4.01466695353945e-06,4.01466695353945e-06,4.01466695353945e-06,4.01466695353945e-06,0.0
1735958460.0,4.01466695353945e-06,4.01466695353945e-06,4.01466695353945e-06,4.01466695353945e-06,0.0
1735958520.0,4.01466695353945e-06,4.01466695353945e-06,4.01466695353945e-06,4.01466695353945e-06,0.0
1735958580.0,4.01466695353945e-06,4.01466695353945e-06,4.01466695353945e-06,4.01466695353945e-06,0.0
1735958640.0,4.01466695353945e-06,4.01466695353945e-06,4.01466695353945e-06,4.01466695353945e-06,0.0
1735958700.0,4.01466695353945e-06,4.01466695353945e-06,4.01466695353945e-06,4.01466695353945e-06,0.0
1735958760.0,4.01466695353945e-06,4.01466695353945e-06,4.01466695353945e-06,4.01466695353945e-06,0.0
1735958820.0,4.01466695353945e-06,4.01466695353945e-06,4.01466695353945e-06,4.01466695353945e-06,0.0
1735958880.0,4.01466695353945e-06,4.01466695353945e-06,4.01466695353945e-06,4.01466695353945e-06,0.0
1735958940.0,4.01466695353945e-06,4.01466695353945e-06,4.01466695353945e-06,4.01466695353945e-06,0.0
1735959000.0,4.01466695353945e-06,4.01466695353945e-06,4.01466695353945e-06,4.01466695353945e-06,0.0
1735959060.0,4.01466695353945e-06,4.01466695353945e-06,4.01466695353945e-06,4.01466695353945e-06,0.0
1735959120.0,4.01466695353945e-06,4.01466695353945e-06,4.01466695353945e-06,4.01466695353945e-06,0.0
1735959180.0,4.01466695353945e-06,4.01466695353945e-06,4.01466695353945e-06,4.01466695353945e-06,0.0
1735959240.0,4.01466695353945e-06,4.01466695353945e-06,4.01466695353945e-06,4.01466695353945e-06,0.0
1735959300.0,4.01466695353945e-06,4.01466695353945e-06,4.01466695353945e-06,4.01466695353945e-06,0.0
1735959360.0,4.01466695353945e-06,4.01466695353945e-06,4.01466695353945e-06,4.01466695353945e-06,0.0
1735959420.0,4.01466695353945e-06,4.01466695353945e-06,4.01466695353945e-06,4.01466695353945e-06,0.0
1735959480.0,4.01466695353945e-06,4.01466695353945e-06,4.01466695353945e-06,4.01466695353945e-06,0.0
1735959540.0,4.01466695353945e-06,4.01466695353945e-06,4.01466695353945e-06,4.01466695353945e-06,0.0
1735959600.0,4.01466695353945e-06,4.01466695353945e-06,4.01466695353945e-06,4.01466695353945e-06,0.0
1735959660.0,4.01466695353945e-06,4.01466695353945e-06,4.01466695353945e-06,4.01466695353945e-06,0.0
1735959720.0,4.01466695353945e-06,4.01466695353945e-06,4.01466695353945e-06,4.01466695353945e-06,0.0
1735959780.0,4.01466695353945e-06,4.01466695353945e-06,4.01466695353945e-06,4.01466695353945e-06,0.0
1735959840.0,4.01466695353945e-06,4.01466695353945e-06,4.01466695353945e-06,4.01466695353945e-06,0.0
1735959900.0,4.01466695353945e-06,4.01466695353945e-06,4.01466695353945e-06,4.01466695353945e-06,0.0
1735959960.0,4.01466695353945e-06,4.01466695353945e-06,4.01466695353945e-06,4.01466695353945e-06,0.0
1735960020.0,4.01466695353945e-06,4.01466695353945e-06,4.01466695353945e-06,4.01466695353945e-06,0.0
1735960080.0,4.01466695353945e-06,4.01466695353945e-06,4.01466695353945e-06,4.01466695353945e-06,0.0
1735960140.0,4.01466695353945e-06,4.01466695353945e-06,4.01466695353945e-06,4.01466695353945e-06,0.0
1735960200.0,4.01466695353945e-06,4.01466695353945e-06,4.01466695353945e-06,4.01466695353945e-06,0.0
1735960260.0,4.01466695353945e-06,4.01466695353945e-06,4.01466695353945e-06,4.01466695353945e-06,0.0
1735960320.0,4.01466695353945e-06,4.01466695353945e-06,4.01466695353945e-06,4.01466695353945e-06,0.0
1735960380.0,4.01466695353945e-06,4.01466695353945e-06,4.01466695353945e-06,4.01466695353945e-06,0.0
1735960440.0,4.01466695353945e-06,4.01466695353945e-06,4.01466695353945e-06,4.01466695353945e-06,0.0
1735960500.0,4.01466695353945e-06,4.01466695353945e-06,4.01466695353945e-06,4.01466695353945e-06,0.0
1735960560.0,4.01466695353945e-06,4.01466695353945e-06,4.01466695353945e-06,4.01466695353945e-06,0.0
1735960620.0,4.01466695353945e-06,4.01466695353945e-06,4.01466695353945e-06,4.01466695353945e-06,0.0
1735960680.0,4.01466695353945e-06,4.01466695353945e-06,4.01466695353945e-06,4.01466695353945e-06,0.0
1735960740.0,4.01466695353945e-06,4.01466695353945e-06,4.01466695353945e-06,4.01466695353945e-06,0.0
1735960800.0,4.01466695353945e-06,4.01466695353945e-06,4.01466695353945e-06,4.01466695353945e-06,0.0
1735960860.0,4.01466695353945e-06,4.01466695353945e-06,4.01466695353945e-06,4.01466695353945e-06,0.0
1735960920.0,4.01466695353945e-06,4.01466695353945e-06,4.01466695353945e-06,4.01466695353945e-06,0.0
1735960980.0,4.01466695353945e-06,4.01466695353945e-06,4.01466695353945e-06,4.01466695353945e-06,0.0
1735961040.0,4.01466695353945e-06,4.01466695353945e-06,4.01466695353945e-06,4.01466695353945e-06,0.0
1735961100.0,4.01466695353945e-06,4.01466695353945e-06,4.01466695353945e-06,4.01466695353945e-06,0.0
1735961160.0,4.01466695353945e-06,4.01466695353945e-06,4.01466695353945e-06,4.01466695353945e-06,0.0
1735961220.0,4.01466695353945e-06,4.01466695353945e-06,4.01466695353945e-06,4.01466695353945e-06,0.0
1735961280.0,4.01466695353945e-06,4.01466695353945e-06,4.01466695353945e-06,4.01466695353945e-06,0.0
1735961340.0,4.01466695353945e-06,4.01466695353945e-06,4.01466695353945e-06,4.01466695353945e-06,0.0
1735961400.0,4.01466695353945e-06,4.01466695353945e-06,4.01466695353945e-06,4.01466695353945e-06,0.0
1735961460.0,4.01466695353945e-06,4.01466695353945e-06,4.01466695353945e-06,4.01466695353945e-06,0.0
1735961520.0,4.01466695353945e-06,4.01466695353945e-06,4.01466695353945e-06,4.01466695353945e-06,0.0
1735961580.0,4.01466695353945e-06,4.01466695353945e-06,4.01466695353945e-06,4.01466695353945e-06,0.0
1735961640.0,4.01466695353945e-06,4.01466695353945e-06,4.01466695353945e-06,4.01466695353945e-06,0.0
1735961700.0,4.01466695353945e-06,4.01466695353945e-06,4.01466695353945e-06,4.01466695353945e-06,0.0
1735961760.0,4.01466695353945e-06,4.01466695353945e-06,4.01466695353945e-06,4.01466695353945e-06,0.0
1735961820.0,4.01466695353945e-06,4.01466695353945e-06,4.01466695353945e-06,4.01466695353945e-06,0.0
1735961880.0,4.01466695353945e-06,4.01466695353945e-06,4.01466695353945e-06,4.01466695353945e-06,0.0
1735961940.0,4.01466695353945e-06,4.01466695353945e-06,4.01466695353945e-06,4.01466695353945e-06,0.0
1735962000.0,4.01466695353945e-06,4.01466695353945e-06,4.01466695353945e-06,4.01466695353945e-06,0.0
1735962060.0,4.01466695353945e-06,4.01466695353945e-06,4.01466695353945e-06,4.01466695353945e-06,0.0
1735962120.0,4.01466695353945e-06,4.01466695353945e-06,4.01466695353945e-06,4.01466695353945e-06,0.0
1735962180.0,4.01466695353945e-06,4.01466695353945e-06,4.01466695353945e-06,4.01466695353945e-06,0.0
1735962240.0,4.01466695353945e-06,4.01466695353945e-06,4.01466695353945e-06,4.01466695353945e-06,0.0
1735962300.0,4.01466695353945e-06,4.01466695353945e-06,4.01466695353945e-06,4.01466695353945e-06,0.0
1735962360.0,4.01466695353945e-06,4.01466695353945e-06,4.01466695353945e-06,4.01466695353945e-06,0.0
1735962420.0,4.01466695353945e-06,4.01466695353945e-06,4.01466695353945e-06,4.01466695353945e-06,0.0
1735962480.0,4.01466695353945e-06,4.01466695353945e-06,4.01466695353945e-06,4.01466695353945e-06,0.0
1735962540.0,4.01466695353945e-06,4.01466695353945e-06,4.01466695353945e-06,4.01466695353945e-06,0.0
1735962600.0,4.01466695353945e-06,4.01466695353945e-06,4.01466695353945e-06,4.01466695353945e-06,0.0
1735962660.0,4.01466695353945e-06,4.01466695353945e-06,4.01466695353945e-06,4.01466695353945e-06,0.0
1735962720.0,4.01466695353945e-06,4.01466695353945e-06,4.01466695353945e-06,4.01466695353945e-06,0.0
1735962780.0,4.01466695353945e-06,4.01466695353945e-06,4.01466695353945e-06,4.01466695353945e-06,0.0
1735962840.0,4.01466695353945e-06,4.01466695353945e-06,4.01466695353945e-06,4.01466695353945e-06,0.0
1735962900.0,4.01466695353945e-06,4.01466695353945e-06,4.01466695353945e-06,4.01466695353945e-06,0.0
1735962960.0,4.01466695353945e-06,4.01466695353945e-06,4.01466695353945e-06,4.01466695353945e-06,0.0
1735963020.0,4.01466695353945e-06,4.01466695353945e-06,4.01466695353945e-06,4.01466695353945e-06,0.0
1735963080.0,4.01466695353945e-06,4.01466695353945e-06,4.01466695353945e-06,4.01466695353945e-06,0.0
1735963140.0,4.01466695353945e-06,4.01466695353945e-06,4.01466695353945e-06,4.01466695353945e-06,0.0
1735963200.0,4.01466695353945e-06,4.01466695353945e-06,4.01466695353945e-06,4.01466695353945e-06,0.0
1735963260.0,4.01466695353945e-06,4.01466695353945e-06,4.01466695353945e-06,4.01466695353945e-06,0.0
1735963320.0,4.01466695353945e-06,4.01466695353945e-06,4.01466695353945e-06,4.01466695353945e-06,0.0
1735963380.0,4.01466695353945e-06,4.01466695353945e-06,4.01466695353945e-06,4.01466695353945e-06,0.0
1735963440.0,4.01466695353945e-06,4.01466695353945e-06,4.01466695353945e-06,4.01466695353945e-06,0.0
1735963500.0,4.01466695353945e-06,4.01466695353945e-06,4.01466695353945e-06,4.01466695353945e-06,0.0
1735963560.0,4.01466695353945e-06,4.01466695353945e-06,4.01466695353945e-06,4.01466695353945e-06,0.0
1735963620.0,4.01466695353945e-06,4.01466695353945e-06,4.01466695353945e-06,4.01466695353945e-06,0.0
1735963680.0,4.01466695353945e-06,4.01466695353945e-06,4.01466695353945e-06,4.01466695353945e-06,0.0
1735963740.0,4.01466695353945e-06,4.01466695353945e-06,4.01466695353945e-06,4.01466695353945e-06,0.0
1735963800.0,4.01466695353945e-06,4.01466695353945e-06,4.01466695353945e-06,4.01466695353945e-06,0.0
1735963860.0,4.01466695353945e-06,4.01466695353945e-06,4.01466695353945e-06,4.01466695353945e-06,0.0
1735963920.0,4.01466695353945e-06,4.01466695353945e-06,4.01466695353945e-06,4.01466695353945e-06,0.0
1735963980.0,4.01466695353945e-06,4.01466695353945e-06,4.01466695353945e-06,4.01466695353945e-06,0.0
1735964040.0,4.01466695353945e-06,4.01466695353945e-06,4.01466695353945e-06,4.01466695353945e-06,0.0
1735964100.0,4.01466695353945e-06,4.01466695353945e-06,4.01466695353945e-06,4.01466695353945e-06,0.0
1735964160.0,4.01466695353945e-06,4.01466695353945e-06,4.01466695353945e-06,4.01466695353945e-06,0.0
1735964220.0,4.01466695353945e-06,4.01466695353945e-06,4.01466695353945e-06,4.01466695353945e-06,0.0
1735964280.0,4.01466695353945e-06,4.01466695353945e-06,4.01466695353945e-06,4.01466695353945e-06,0.0
1735964340.0,4.01466695353945e-06,4.01466695353945e-06,4.01466695353945e-06,4.01466695353945e-06,0.0
1735964400.0,4.01466695353945e-06,4.01466695353945e-06,4.01466695353945e-06,4.01466695353945e-06,0.0
1735964460.0,4.01466695353945e-06,4.01466695353945e-06,4.01466695353945e-06,4.01466695353945e-06,0.0
1735964520.0,4.01466695353945e-06,4.01466695353945e-06,4.01466695353945e-06,4.01466695353945e-06,0.0
1735964580.0,4.01466695353945e-06,4.01466695353945e-06,4.01466695353945e-06,4.01466695353945e-06,0.0
1735964640.0,4.01466695353945e-06,4.01466695353945e-06,4.01466695353945e-06,4.01466695353945e-06,0.0
1735964700.0,4.01466695353945e-06,4.01466695353945e-06,4.01466695353945e-06,4.01466695353945e-06,0.0
1735964760.0,4.01466695353945e-06,4.01466695353945e-06,4.01466695353945e-06,4.01466695353945e-06,0.0
1735964820.0,4.01466695353945e-06,4.01466695353945e-06,4.01466695353945e-06,4.01466695353945e-06,0.0
1735964880.0,4.01466695353945e-06,4.01466695353945e-06,4.01466695353945e-06,4.01466695353945e-06,0.0
1735964940.0,4.01466695353945e-06,4.01466695353945e-06,4.01466695353945e-06,4.01466695353945e-06,0.0
1735965000.0,4.01466695353945e-06,4.01466695353945e-06,4.01466695353945e-06,4.01466695353945e-06,0.0
1735965060.0,4.01466695353945e-06,4.01466695353945e-06,4.01466695353945e-06,4.01466695353945e-06,0.0
1735965120.0,4.01466695353945e-06,4.01466695353945e-06,4.01466695353945e-06,4.01466695353945e-06,0.0
1735965180.0,4.01466695353945e-06,4.01466695353945e-06,4.01466695353945e-06,4.01466695353945e-06,0.0
1735965240.0,4.01466695353945e-06,4.01466695353945e-06,4.01466695353945e-06,4.01466695353945e-06,0.0
1735965300.0,4.01466695353945e-06,4.01466695353945e-06,4.01466695353945e-06,4.01466695353945e-06,0.0
1735965360.0,4.01466695353945e-06,4.01466695353945e-06,4.01466695353945e-06,4.01466695353945e-06,0.0
1735965420.0,4.01466695353945e-06,4.01466695353945e-06,4.01466695353945e-06,4.01466695353945e-06,0.0
1735965480.0,4.01466695353945e-06,4.01466695353945e-06,4.01466695353945e-06,4.01466695353945e-06,0.0
1735965540.0,4.01466695353945e-06,4.01466695353945e-06,4.01466695353945e-06,4.01466695353945e-06,0.0
1735965600.0,4.01466695353945e-06,4.01466695353945e-06,4.01466695353945e-06,4.01466695353945e-06,0.0
1735965660.0,4.01466695353945e-06,4.01466695353945e-06,4.01466695353945e-06,4.01466695353945e-06,0.0
1735965720.0,4.01466695353945e-06,4.01466695353945e-06,4.01466695353945e-06,4.01466695353945e-06,0.0
1735965780.0,4.01466695353945e-06,4.01466695353945e-06,4.01466695353945e-06,4.01466695353945e-06,0.0
1735965840.0,4.01466695353945e-06,4.01466695353945e-06,4.01466695353945e-06,4.01466695353945e-06,0.0
1735965900.0,4.01466695353945e-06,4.01466695353945e-06,4.01466695353945e-06,4.01466695353945e-06,0.0
1735965960.0,4.01466695353945e-06,4.01466695353945e-06,4.01466695353945e-06,4.01466695353945e-06,0.0
1735966020.0,4.01466695353945e-06,4.01466695353945e-06,4.01466695353945e-06,4.01466695353945e-06,0.0
1735966080.0,4.01466695353945e-06,4.01466695353945e-06,4.01466695353945e-06,4.01466695353945e-06,0.0
1735966140.0,4.01466695353945e-06,4.01466695353945e-06,4.01466695353945e-06,4.01466695353945e-06,0.0
1735966200.0,4.01466695353945e-06,4.01466695353945e-06,4.01466695353945e-06,4.01466695353945e-06,0.0
1735966260.0,4.01466695353945e-06,4.01466695353945e-06,4.01466695353945e-06,4.01466695353945e-06,0.0
1735966320.0,4.01466695353945e-06,4.01466695353945e-06,4.01466695353945e-06,4.01466695353945e-06,0.0
1735966380.0,4.01466695353945e-06,4.01466695353945e-06,4.01466695353945e-06,4.01466695353945e-06,0.0
1735966440.0,4.01466695353945e-06,4.01466695353945e-06,4.01466695353945e-06,4.01466695353945e-06,0.0
1735966500.0,4.01466695353945e-06,4.01466695353945e-06,4.01466695353945e-06,4.01466695353945e-06,0.0
1735966560.0,4.01466695353945e-06,4.01466695353945e-06,4.01466695353945e-06,4.01466695353945e-06,0.0
1735966620.0,4.01466695353945e-06,4.01466695353945e-06,4.01466695353945e-06,4.01466695353945e-06,0.0
1735966680.0,4.01466695353945e-06,4.01466695353945e-06,4.01466695353945e-06,4.01466695353945e-06,0.0
1735966740.0,4.01466695353945e-06,4.01466695353945e-06,4.01466695353945e-06,4.01466695353945e-06,0.0
1735966800.0,4.01466695353945e-06,4.01466695353945e-06,4.01466695353945e-06,4.01466695353945e-06,0.0
1735966860.0,4.01466695353945e-06,4.01466695353945e-06,4.01466695353945e-06,4.01466695353945e-06,0.0
1735966920.0,4.01466695353945e-06,4.01466695353945e-06,4.01466695353945e-06,4.01466695353945e-06,0.0
1735966980.0,4.01466695353945e-06,4.01466695353945e-06,4.01466695353945e-06,4.01466695353945e-06,0.0
1735967040.0,4.01466695353945e-06,4.01466695353945e-06,4.01466695353945e-06,4.01466695353945e-06,0.0
1735967100.0,4.01466695353945e-06,4.01466695353945e-06,4.01466695353945e-06,4.01466695353945e-06,0.0
1735967160.0,4.01466695353945e-06,4.01466695353945e-06,4.01466695353945e-06,4.01466695353945e-06,0.0
1735967220.0,4.01466695353945e-06,4.01466695353945e-06,4.01466695353945e-06,4.01466695353945e-06,0.0
1735967280.0,4.01466695353945e-06,4.01466695353945e-06,4.01466695353945e-06,4.01466695353945e-06,0.0
1735967340.0,4.01466695353945e-06,4.01466695353945e-06,4.01466695353945e-06,4.01466695353945e-06,0.0
1735967400.0,4.01466695353945e-06,4.01466695353945e-06,4.01466695353945e-06,4.01466695353945e-06,0.0
1735967460.0,4.01466695353945e-06,4.01466695353945e-06,4.01466695353945e-06,4.01466695353945e-06,0.0
1735967520.0,4.01466695353945e-06,4.01466695353945e-06,4.01466695353945e-06,4.01466695353945e-06,0.0
1735967580.0,4.01466695353945e-06,4.01466695353945e-06,4.01466695353945e-06,4.01466695353945e-06,0.0
1735967640.0,4.01466695353945e-06,4.01466695353945e-06,4.01466695353945e-06,4.01466695353945e-06,0.0
1735967700.0,4.01466695353945e-06,4.01466695353945e-06,4.01466695353945e-06,4.01466695353945e-06,0.0
1735967760.0,4.01466695353945e-06,4.01466695353945e-06,4.01466695353945e-06,4.01466695353945e-06,0.0
1735967820.0,4.01466695353945e-06,4.01466695353945e-06,4.01466695353945e-06,4.01466695353945e-06,0.0
1735967880.0,4.01466695353945e-06,4.01466695353945e-06,4.01466695353945e-06,4.01466695353945e-06,0.0
1735967940.0,4.01466695353945e-06,4.01466695353945e-06,4.01466695353945e-06,4.01466695353945e-06,0.0
1735968000.0,4.01466695353945e-06,4.01466695353945e-06,4.01466695353945e-06,4.01466695353945e-06,0.0
1735968060.0,4.01466695353945e-06,4.01466695353945e-06,4.01466695353945e-06,4.01466695353945e-06,0.0
1735968120.0,4.01466695353945e-06,4.01466695353945e-06,4.01466695353945e-06,4.01466695353945e-06,0.0
1735968180.0,4.01466695353945e-06,4.01466695353945e-06,4.01466695353945e-06,4.01466695353945e-06,0.0
1735968240.0,4.01466695353945e-06,4.01466695353945e-06,4.01466695353945e-06,4.01466695353945e-06,0.0
1735968300.0,4.01466695353945e-06,4.01466695353945e-06,4.01466695353945e-06,4.01466695353945e-06,0.0
1735968360.0,4.01466695353945e-06,4.01466695353945e-06,4.01466695353945e-06,4.01466695353945e-06,0.0
1735968420.0,4.01466695353945e-06,4.01466695353945e-06,4.01466695353945e-06,4.01466695353945e-06,0.0
1735968480.0,4.01466695353945e-06,4.01466695353945e-06,4.01466695353945e-06,4.01466695353945e-06,0.0
1735968540.0,4.01466695353945e-06,4.01466695353945e-06,4.01466695353945e-06,4.01466695353945e-06,0.0
1735968600.0,4.01466695353945e-06,4.01466695353945e-06,4.01466695353945e-06,4.01466695353945e-06,0.0
1735968660.0,4.01466695353945e-06,4.01466695353945e-06,4.01466695353945e-06,4.01466695353945e-06,0.0
1735968720.0,4.01466695353945e-06,4.01466695353945e-06,4.01466695353945e-06,4.01466695353945e-06,0.0
1735968780.0,4.01466695353945e-06,4.01466695353945e-06,4.01466695353945e-06,4.01466695353945e-06,0.0
1735968840.0,4.01466695353945e-06,4.01466695353945e-06,4.01466695353945e-06,4.01466695353945e-06,0.0
1735968900.0,4.01466695353945e-06,4.01466695353945e-06,4.01466695353945e-06,4.01466695353945e-06,0.0
1735968960.0,4.01466695353945e-06,4.01466695353945e-06,4.01466695353945e-06,4.01466695353945e-06,0.0
1735969020.0,4.01466695353945e-06,4.01466695353945e-06,4.01466695353945e-06,4.01466695353945e-06,0.0
1735969080.0,4.01466695353945e-06,4.01466695353945e-06,4.01466695353945e-06,4.01466695353945e-06,0.0
1735969140.0,4.01466695353945e-06,4.01466695353945e-06,4.01466695353945e-06,4.01466695353945e-06,0.0
1735969200.0,4.01466695353945e-06,4.01466695353945e-06,4.01466695353945e-06,4.01466695353945e-06,0.0
1735969260.0,4.01466695353945e-06,4.01466695353945e-06,4.01466695353945e-06,4.01466695353945e-06,0.0
1735969320.0,4.01466695353945e-06,4.01466695353945e-06,4.01466695353945e-06,4.01466695353945e-06,0.0
1735969380.0,4.01466695353945e-06,4.01466695353945e-06,4.01466695353945e-06,4.01466695353945e-06,0.0
1735969440.0,4.01466695353945e-06,4.01466695353945e-06,4.01466695353945e-06,4.01466695353945e-06,0.0
1735969500.0,4.01466695353945e-06,4.01466695353945e-06,4.01466695353945e-06,4.01466695353945e-06,0.0
1735969560.0,4.01466695353945e-06,4.01466695353945e-06,4.01466695353945e-06,4.01466695353945e-06,0.0
1735969620.0,4.01466695353945e-06,4.01466695353945e-06,4.01466695353945e-06,4.01466695353945e-06,0.0
1735969680.0,4.01466695353945e-06,4.01466695353945e-06,4.01466695353945e-06,4.01466695353945e-06,0.0
1735969740.0,4.01466695353945e-06,4.01466695353945e-06,4.01466695353945e-06,4.01466695353945e-06,0.0
1735969800.0,4.01466695353945e-06,4.01466695353945e-06,4.01466695353945e-06,4.01466695353945e-06,0.0
1735969860.0,4.01466695353945e-06,4.01466695353945e-06,4.01466695353945e-06,4.01466695353945e-06,0.0
1735969920.0,4.01466695353945e-06,4.01466695353945e-06,4.01466695353945e-06,4.01466695353945e-06,0.0
1735969980.0,4.01466695353945e-06,4.01466695353945e-06,4.01466695353945e-06,4.01466695353945e-06,0.0
1735970040.0,4.01466695353945e-06,4.01466695353945e-06,4.01466695353945e-06,4.01466695353945e-06,0.0
1735970100.0,4.01466695353945e-06,4.01466695353945e-06,4.01466695353945e-06,4.01466695353945e-06,0.0
1735970160.0,4.01466695353945e-06,4.01466695353945e-06,4.01466695353945e-06,4.01466695353945e-06,0.0
1735970220.0,4.01466695353945e-06,4.01466695353945e-06,4.01466695353945e-06,4.01466695353945e-06,0.0
1735970280.0,4.01466695353945e-06,4.01466695353945e-06,4.01466695353945e-06,4.01466695353945e-06,0.0
1735970340.0,4.01466695353945e-06,4.01466695353945e-06,4.01466695353945e-06,4.01466695353945e-06,0.0
1735970400.0,4.01466695353945e-06,4.01466695353945e-06,4.01466695353945e-06,4.01466695353945e-06,0.0
1735970460.0,4.01466695353945e-06,4.01466695353945e-06,4.01466695353945e-06,4.01466695353945e-06,0.0
1735970520.0,4.01466695353945e-06,4.01466695353945e-06,4.01466695353945e-06,4.01466695353945e-06,0.0
1735970580.0,4.01466695353945e-06,4.01466695353945e-06,4.01466695353945e-06,4.01466695353945e-06,0.0
1735970640.0,4.01466695353945e-06,4.01466695353945e-06,4.01466695353945e-06,4.01466695353945e-06,0.0
1735970700.0,4.01466695353945e-06,4.01466695353945e-06,4.01466695353945e-06,4.01466695353945e-06,0.0
1735970760.0,4.01466695353945e-06,4.01466695353945e-06,4.01466695353945e-06,4.01466695353945e-06,0.0
1735970820.0,4.01466695353945e-06,4.01466695353945e-06,4.01466695353945e-06,4.01466695353945e-06,0.0
1735970880.0,4.01466695353945e-06,4.01466695353945e-06,4.01466695353945e-06,4.01466695353945e-06,0.0
1735970940.0,4.01466695353945e-06,4.01466695353945e-06,4.01466695353945e-06,4.01466695353945e-06,0.0
1735971000.0,4.01466695353945e-06,4.01466695353945e-06,4.01466695353945e-06,4.01466695353945e-06,0.0
1735971060.0,4.01466695353945e-06,4.01466695353945e-06,4.01466695353945e-06,4.01466695353945e-06,0.0
1735971120.0,4.01466695353945e-06,4.01466695353945e-06,4.01466695353945e-06,4.01466695353945e-06,0.0
1735971180.0,4.01466695353945e-06,4.01466695353945e-06,4.01466695353945e-06,4.01466695353945e-06,0.0
1735971240.0,4.01466695353945e-06,4.01466695353945e-06,4.01466695353945e-06,4.01466695353945e-06,0.0
1735971300.0,4.01466695353945e-06,4.01466695353945e-06,4.01466695353945e-06,4.01466695353945e-06,0.0
1735971360.0,4.01466695353945e-06,4.01466695353945e-06,4.01466695353945e-06,4.01466695353945e-06,0.0
1735971420.0,4.01466695353945e-06,4.01466695353945e-06,4.01466695353945e-06,4.01466695353945e-06,0.0
1735971480.0,4.01466695353945e-06,4.01466695353945e-06,4.01466695353945e-06,4.01466695353945e-06,0.0
1735971540.0,4.01466695353945e-06,4.01466695353945e-06,4.01466695353945e-06,4.01466695353945e-06,0.0
1735971600.0,4.01466695353945e-06,4.01466695353945e-06,4.01466695353945e-06,4.01466695353945e-06,0.0
1735971660.0,4.01466695353945e-06,4.01466695353945e-06,4.01466695353945e-06,4.01466695353945e-06,0.0
1735971720.0,4.01466695353945e-06,4.01466695353945e-06,4.01466695353945e-06,4.01466695353945e-06,0.0
1735971780.0,4.01466695353945e-06,4.01466695353945e-06,4.01466695353945e-06,4.01466695353945e-06,0.0
1735971840.0,4.01466695353945e-06,4.01466695353945e-06,4.01466695353945e-06,4.01466695353945e-06,0.0
1735971900.0,4.01466695353945e-06,4.01466695353945e-06,4.01466695353945e-06,4.01466695353945e-06,0.0
1735971960.0,4.01466695353945e-06,4.01466695353945e-06,4.01466695353945e-06,4.01466695353945e-06,0.0
1735972020.0,4.01466695353945e-06,4.01466695353945e-06,4.01466695353945e-06,4.01466695353945e-06,0.0
1735972080.0,4.01466695353945e-06,4.01466695353945e-06,4.01466695353945e-06,4.01466695353945e-06,0.0
1735972140.0,4.01466695353945e-06,4.01466695353945e-06,4.01466695353945e-06,4.01466695353945e-06,0.0
1735972200.0,4.01466695353945e-06,4.01466695353945e-06,4.01466695353945e-06,4.01466695353945e-06,0.0
1735972260.0,4.01466695353945e-06,4.01466695353945e-06,4.01466695353945e-06,4.01466695353945e-06,0.0
1735972320.0,4.01466695353945e-06,4.01466695353945e-06,4.01466695353945e-06,4.01466695353945e-06,0.0
1735972380.0,4.01466695353945e-06,4.01466695353945e-06,4.01466695353945e-06,4.01466695353945e-06,0.0
1735972440.0,4.01466695353945e-06,4.01466695353945e-06,4.01466695353945e-06,4.01466695353945e-06,0.0
1735972500.0,4.01466695353945e-06,4.01466695353945e-06,4.01466695353945e-06,4.01466695353945e-06,0.0
1735972560.0,4.01466695353945e-06,4.01466695353945e-06,4.01466695353945e-06,4.01466695353945e-06,0.0
1735972620.0,4.01466695353945e-06,4.01466695353945e-06,4.01466695353945e-06,4.01466695353945e-06,0.0
1735972680.0,4.01466695353945e-06,4.01466695353945e-06,4.01466695353945e-06,4.01466695353945e-06,0.0
1735972740.0,4.01466695353945e-06,4.01466695353945e-06,4.01466695353945e-06,4.01466695353945e-06,0.0
1735972800.0,4.01466695353945e-06,4.01466695353945e-06,4.01466695353945e-06,4.01466695353945e-06,0.0
1735972860.0,4.01466695353945e-06,4.01466695353945e-06,4.01466695353945e-06,4.01466695353945e-06,0.0
1735972920.0,4.01466695353945e-06,4.01466695353945e-06,4.01466695353945e-06,4.01466695353945e-06,0.0
1735972980.0,4.01466695353945e-06,4.01466695353945e-06,4.01466695353945e-06,4.01466695353945e-06,0.0
1735973040.0,4.01466695353945e-06,4.01466695353945e-06,4.01466695353945e-06,4.01466695353945e-06,0.0
1735973100.0,4.01466695353945e-06,4.01466695353945e-06,4.01466695353945e-06,4.01466695353945e-06,0.0
1735973160.0,4.01466695353945e-06,4.01466695353945e-06,4.01466695353945e-06,4.01466695353945e-06,0.0
1735973220.0,4.01466695353945e-06,4.01466695353945e-06,4.01466695353945e-06,4.01466695353945e-06,0.0
1735973280.0,4.01466695353945e-06,4.01466695353945e-06,4.01466695353945e-06,4.01466695353945e-06,0.0
1735973340.0,4.01466695353945e-06,4.01466695353945e-06,4.01466695353945e-06,4.01466695353945e-06,0.0
1735973400.0,4.01466695353945e-06,4.01466695353945e-06,4.01466695353945e-06,4.01466695353945e-06,0.0
1735973460.0,4.01466695353945e-06,4.01466695353945e-06,4.01466695353945e-06,4.01466695353945e-06,0.0
1735973520.0,4.01466695353945e-06,4.01466695353945e-06,4.01466695353945e-06,4.01466695353945e-06,0.0
1735973580.0,4.01466695353945e-06,4.01466695353945e-06,4.01466695353945e-06,4.01466695353945e-06,0.0
1735973640.0,4.01466695353945e-06,4.01466695353945e-06,4.01466695353945e-06,4.01466695353945e-06,0.0
1735973700.0,4.01466695353945e-06,4.01466695353945e-06,4.01466695353945e-06,4.01466695353945e-06,0.0
1735973760.0,4.01466695353945e-06,4.01466695353945e-06,4.01466695353945e-06,4.01466695353945e-06,0.0
1735973820.0,4.01466695353945e-06,4.01466695353945e-06,4.01466695353945e-06,4.01466695353945e-06,0.0
1735973880.0,4.01466695353945e-06,4.01466695353945e-06,4.01466695353945e-06,4.01466695353945e-06,0.0
1735973940.0,4.01466695353945e-06,4.01466695353945e-06,4.01466695353945e-06,4.01466695353945e-06,0.0
1735974000.0,4.01466695353945e-06,4.01466695353945e-06,4.01466695353945e-06,4.01466695353945e-06,0.0
1735974060.0,4.01466695353945e-06,4.01466695353945e-06,4.01466695353945e-06,4.01466695353945e-06,0.0
1735974120.0,4.01466695353945e-06,4.01466695353945e-06,4.01466695353945e-06,4.01466695353945e-06,0.0
1735974180.0,4.01466695353945e-06,4.01466695353945e-06,4.01466695353945e-06,4.01466695353945e-06,0.0
1735974240.0,4.01466695353945e-06,4.01466695353945e-06,4.01466695353945e-06,4.01466695353945e-06,0.0
1735974300.0,4.01466695353945e-06,4.01466695353945e-06,4.01466695353945e-06,4.01466695353945e-06,0.0
1735974360.0,4.01466695353945e-06,4.01466695353945e-06,4.01466695353945e-06,4.01466695353945e-06,0.0
1735974420.0,4.01466695353945e-06,4.01466695353945e-06,4.01466695353945e-06,4.01466695353945e-06,0.0
1735974480.0,4.01466695353945e-06,4.01466695353945e-06,4.01466695353945e-06,4.01466695353945e-06,0.0
1735974540.0,4.01466695353945e-06,4.01466695353945e-06,4.01466695353945e-06,4.01466695353945e-06,0.0
1735974600.0,4.01466695353945e-06,4.01466695353945e-06,4.01466695353945e-06,4.01466695353945e-06,0.0
1735974660.0,4.01466695353945e-06,4.01466695353945e-06,4.01466695353945e-06,4.01466695353945e-06,0.0
1735974720.0,4.01466695353945e-06,4.01466695353945e-06,4.01466695353945e-06,4.01466695353945e-06,0.0
1735974780.0,4.01466695353945e-06,4.01466695353945e-06,4.01466695353945e-06,4.01466695353945e-06,0.0
1735974840.0,4.01466695353945e-06,4.01466695353945e-06,4.01466695353945e-06,4.01466695353945e-06,0.0
1735974900.0,4.01466695353945e-06,4.01466695353945e-06,4.01466695353945e-06,4.01466695353945e-06,0.0
1735974960.0,4.01466695353945e-06,4.01466695353945e-06,4.01466695353945e-06,4.01466695353945e-06,0.0
1735975020.0,4.01466695353945e-06,4.01466695353945e-06,4.01466695353945e-06,4.01466695353945e-06,0.0
