0,1,2,3,4,5
1737925440.0,9.79619355801623e-05,0.0001296483215942,9.79619355801623e-05,0.0001260976406551,4601.00234144882
1737925500.0,0.0001260976406551,0.0001815157578588,9.84502419627642e-05,0.0001190243000194,52178.27129143105
1737925560.0,0.0001190243000194,0.0001190243000194,2.43194784053221e-05,2.43194784053221e-05,16205.55507216636
1737925620.0,2.43194784053221e-05,4.33812318576874e-05,2.31994194852615e-05,3.0570076793608e-05,11478.95782428558
1737925680.0,3.0570076793608e-05,8.72987721827098e-05,3.0570076793608e-05,4.88990685789485e-05,21224.84099198498
1737925740.0,4.88990685789485e-05,4.88990685789485e-05,3.08759179727026e-05,3.08759179727026e-05,4519.80894628895
1737925800.0,3.08759179727026e-05,3.52856130766162e-05,2.99029762720296e-05,3.21319996478739e-05,3935.37728177585
1737925860.0,3.21319996478739e-05,3.38656241735023e-05,2.7335959014924e-05,2.75306000531016e-05,1998.86432738715
1737925920.0,2.75306000531016e-05,3.37124305931527e-05,2.75306000531016e-05,3.2044386243792e-05,4320.59182725758
1737925980.0,3.2044386243792e-05,3.48379171639349e-05,1.92292272921766e-05,1.92292272921766e-05,6989.72529635142
1737926040.0,1.92292272921766e-05,1.92292272921766e-05,7.72107010789011e-06,7.72107010789011e-06,3554.6753350336
1737926100.0,7.72107010789011e-06,7.72107010789011e-06,6.6976076937211e-06,6.6976076937211e-06,378.61555458454
1737926160.0,6.6976076937211e-06,6.6976076937211e-06,6.35909549548656e-06,6.35909549548656e-06,120.0003569198
1737926220.0,6.35909549548656e-06,6.35909549548656e-06,6.34515992582278e-06,6.34515992582278e-06,5.8396971048
1737926280.0,6.34515992582278e-06,6.37878532504603e-06,6.3283613945285e-06,6.37661061255833e-06,31.34119832605
1737926340.0,6.37661061255833e-06,6.37661061255833e-06,6.10896323045013e-06,6.10896323045013e-06,167.11404366596
1737926400.0,6.10896323045013e-06,6.10896323045013e-06,5.96676267665222e-06,5.96676267665222e-06,0.74606060082
1737926460.0,5.96676267665222e-06,5.96676267665222e-06,5.95644467329407e-06,5.95644467329407e-06,1.73756744859
1737926520.0,5.95644467329407e-06,5.95644467329407e-06,5.88514258912565e-06,5.88514258912565e-06,37.94310030176
1737926580.0,5.88514258912565e-06,5.88514258912565e-06,5.84804089937534e-06,5.84804089937534e-06,6.96471330321
1737926640.0,5.84804089937534e-06,5.85461510106992e-06,5.84804089937534e-06,5.85144094613648e-06,2.09896127568
1737926700.0,5.85144094613648e-06,5.85144094613648e-06,5.61308701928031e-06,5.61308701928031e-06,201.57322337584
1737926760.0,5.61308701928031e-06,5.61308701928031e-06,5.38329846573454e-06,5.38329846573454e-06,0.62085202648
1737926820.0,5.38329846573454e-06,5.38329846573454e-06,5.37976965257281e-06,5.37976965257281e-06,0.60803614992
1737926880.0,5.37976965257281e-06,5.37976965257281e-06,5.33497772665008e-06,5.33497772665008e-06,33.54242477771
1737926940.0,5.33497772665008e-06,5.33497772665008e-06,5.29679288989972e-06,5.29679288989972e-06,0.58668473344
1737927000.0,5.29679288989972e-06,5.29679288989972e-06,5.11632765204398e-06,5.11632765204398e-06,82.32905651352
1737927060.0,5.11632765204398e-06,5.11632765204398e-06,5.11510777429495e-06,5.11510777429495e-06,0.55071616484
1737927120.0,5.11510777429495e-06,5.14143158235407e-06,5.11510777429495e-06,5.14143158235407e-06,0.54922099587
1737927180.0,5.14143158235407e-06,5.14205541710748e-06,5.11578156571244e-06,5.11578156571244e-06,0.53834317418
1737927240.0,5.11578156571244e-06,5.13884172254289e-06,5.11578156571244e-06,5.13884172254289e-06,0.0050283666
1737927300.0,5.13884172254289e-06,5.13884172254289e-06,5.11117247317883e-06,5.11117247317883e-06,0.522175672
1737927360.0,5.11117247317883e-06,5.11117247317883e-06,5.10657986221993e-06,5.10657986221993e-06,0.51127234494
1737927420.0,5.10657986221993e-06,5.10657986221993e-06,5.10657986221993e-06,5.10657986221993e-06,0.0
1737927480.0,5.10657986221993e-06,5.10657986221993e-06,5.10657986221993e-06,5.10657986221993e-06,0.0
1737927540.0,5.10657986221993e-06,5.10657986221993e-06,5.10657986221993e-06,5.10657986221993e-06,0.0
1737927600.0,5.10657986221993e-06,5.10657986221993e-06,5.10657986221993e-06,5.10657986221993e-06,0.0
1737927660.0,5.10657986221993e-06,5.10657986221993e-06,5.10657986221993e-06,5.10657986221993e-06,0.0
1737927720.0,5.10657986221993e-06,5.10657986221993e-06,5.10657986221993e-06,5.10657986221993e-06,0.0
1737927780.0,5.10657986221993e-06,5.10657986221993e-06,5.10657986221993e-06,5.10657986221993e-06,0.0
1737927840.0,5.10657986221993e-06,5.10657986221993e-06,5.10657986221993e-06,5.10657986221993e-06,0.0
1737927900.0,5.10657986221993e-06,5.10657986221993e-06,5.10657986221993e-06,5.10657986221993e-06,0.0
1737927960.0,5.10657986221993e-06,5.10657986221993e-06,5.10657986221993e-06,5.10657986221993e-06,0.0
1737928020.0,5.10657986221993e-06,5.10657986221993e-06,5.10657986221993e-06,5.10657986221993e-06,0.0
1737928080.0,5.10657986221993e-06,5.10657986221993e-06,5.10657986221993e-06,5.10657986221993e-06,0.0
1737928140.0,5.10657986221993e-06,5.10657986221993e-06,5.10657986221993e-06,5.10657986221993e-06,0.0
1737928200.0,5.10657986221993e-06,5.10657986221993e-06,5.10657986221993e-06,5.10657986221993e-06,0.0
1737928260.0,5.10657986221993e-06,5.10657986221993e-06,5.10657986221993e-06,5.10657986221993e-06,0.0
1737928320.0,5.10657986221993e-06,5.10657986221993e-06,5.10657986221993e-06,5.10657986221993e-06,0.0
1737928380.0,5.10657986221993e-06,5.10657986221993e-06,5.10657986221993e-06,5.10657986221993e-06,0.0
1737928440.0,5.10657986221993e-06,5.10657986221993e-06,5.10657986221993e-06,5.10657986221993e-06,0.0
1737928500.0,5.10657986221993e-06,5.10657986221993e-06,5.10657986221993e-06,5.10657986221993e-06,0.0
1737928560.0,5.10657986221993e-06,5.10657986221993e-06,5.10657986221993e-06,5.10657986221993e-06,0.0
1737928620.0,5.10657986221993e-06,5.10657986221993e-06,5.10657986221993e-06,5.10657986221993e-06,0.0
1737928680.0,5.10657986221993e-06,5.10657986221993e-06,5.10657986221993e-06,5.10657986221993e-06,0.0
1737928740.0,5.10657986221993e-06,5.10657986221993e-06,5.10657986221993e-06,5.10657986221993e-06,0.0
1737928800.0,5.10657986221993e-06,5.10657986221993e-06,5.10657986221993e-06,5.10657986221993e-06,0.0
1737928860.0,5.10657986221993e-06,5.10657986221993e-06,5.10657986221993e-06,5.10657986221993e-06,0.0
1737928920.0,5.10657986221993e-06,5.10657986221993e-06,5.10657986221993e-06,5.10657986221993e-06,0.0
1737928980.0,5.10657986221993e-06,5.10657986221993e-06,5.10657986221993e-06,5.10657986221993e-06,0.0
1737929040.0,5.10657986221993e-06,5.10657986221993e-06,5.10657986221993e-06,5.10657986221993e-06,0.0
1737929100.0,5.10657986221993e-06,5.10657986221993e-06,5.10657986221993e-06,5.10657986221993e-06,0.0
1737929160.0,5.10657986221993e-06,5.10657986221993e-06,5.10657986221993e-06,5.10657986221993e-06,0.0
1737929220.0,5.10657986221993e-06,5.10657986221993e-06,5.10657986221993e-06,5.10657986221993e-06,0.0
1737929280.0,5.10657986221993e-06,5.10657986221993e-06,5.10657986221993e-06,5.10657986221993e-06,0.0
1737929340.0,5.10657986221993e-06,5.10657986221993e-06,5.10657986221993e-06,5.10657986221993e-06,0.0
1737929400.0,5.10657986221993e-06,5.10657986221993e-06,5.10657986221993e-06,5.10657986221993e-06,0.0
1737929460.0,5.10657986221993e-06,5.10657986221993e-06,5.10657986221993e-06,5.10657986221993e-06,0.0
1737929520.0,5.10657986221993e-06,5.10657986221993e-06,5.10657986221993e-06,5.10657986221993e-06,0.0
1737929580.0,5.10657986221993e-06,5.10657986221993e-06,5.10657986221993e-06,5.10657986221993e-06,0.0
1737929640.0,5.10657986221993e-06,5.10657986221993e-06,5.01271732387976e-06,5.01271732387976e-06,24.5918651394
1737929700.0,5.01271732387976e-06,5.01271732387976e-06,5.01271732387976e-06,5.01271732387976e-06,0.0
1737929760.0,5.01271732387976e-06,5.01271732387976e-06,5.01271732387976e-06,5.01271732387976e-06,0.0
1737929820.0,5.01271732387976e-06,5.01271732387976e-06,5.01271732387976e-06,5.01271732387976e-06,0.0
1737929880.0,5.01271732387976e-06,5.01271732387976e-06,5.01271732387976e-06,5.01271732387976e-06,0.0
1737929940.0,5.01271732387976e-06,5.01271732387976e-06,5.01271732387976e-06,5.01271732387976e-06,0.0
1737930000.0,5.01271732387976e-06,5.01271732387976e-06,5.01271732387976e-06,5.01271732387976e-06,0.0
1737930060.0,5.01271732387976e-06,5.01271732387976e-06,5.01271732387976e-06,5.01271732387976e-06,0.0
1737930120.0,5.01271732387976e-06,5.01271732387976e-06,4.99121681795014e-06,4.99121681795014e-06,5.59195771
1737930180.0,4.99121681795014e-06,4.99121681795014e-06,4.99121681795014e-06,4.99121681795014e-06,0.0
1737930240.0,4.99121681795014e-06,4.99121681795014e-06,4.99121681795014e-06,4.99121681795014e-06,0.0
1737930300.0,4.99121681795014e-06,4.99121681795014e-06,4.99121681795014e-06,4.99121681795014e-06,0.0
1737930360.0,4.99121681795014e-06,4.99121681795014e-06,4.99121681795014e-06,4.99121681795014e-06,0.0
1737930420.0,4.99121681795014e-06,4.99121681795014e-06,4.99121681795014e-06,4.99121681795014e-06,0.0
1737930480.0,4.99121681795014e-06,4.99121681795014e-06,4.99121681795014e-06,4.99121681795014e-06,0.0
1737930540.0,4.99121681795014e-06,4.99121681795014e-06,4.99121681795014e-06,4.99121681795014e-06,0.0
1737930600.0,4.99121681795014e-06,4.99121681795014e-06,4.99121681795014e-06,4.99121681795014e-06,0.0
1737930660.0,4.99121681795014e-06,4.99121681795014e-06,4.99121681795014e-06,4.99121681795014e-06,0.0
1737930720.0,4.99121681795014e-06,4.99121681795014e-06,4.99121681795014e-06,4.99121681795014e-06,0.0
1737930780.0,4.99121681795014e-06,4.99121681795014e-06,4.99121681795014e-06,4.99121681795014e-06,0.0
1737930840.0,4.99121681795014e-06,4.99121681795014e-06,4.99121681795014e-06,4.99121681795014e-06,0.0
1737930900.0,4.99121681795014e-06,4.99121681795014e-06,4.99121681795014e-06,4.99121681795014e-06,0.0
1737930960.0,4.99121681795014e-06,4.99121681795014e-06,4.99121681795014e-06,4.99121681795014e-06,0.0
1737931020.0,4.99121681795014e-06,4.99121681795014e-06,4.99121681795014e-06,4.99121681795014e-06,0.0
1737931080.0,4.99121681795014e-06,4.99121681795014e-06,4.99121681795014e-06,4.99121681795014e-06,0.0
1737931140.0,4.99121681795014e-06,4.99121681795014e-06,4.99121681795014e-06,4.99121681795014e-06,0.0
1737931200.0,4.99121681795014e-06,4.99121681795014e-06,4.99121681795014e-06,4.99121681795014e-06,0.0
1737931260.0,4.99121681795014e-06,4.99121681795014e-06,4.99121681795014e-06,4.99121681795014e-06,0.0
1737931320.0,4.99121681795014e-06,4.99121681795014e-06,4.99121681795014e-06,4.99121681795014e-06,0.0
1737931380.0,4.99121681795014e-06,4.99121681795014e-06,4.99121681795014e-06,4.99121681795014e-06,0.0
1737931440.0,4.99121681795014e-06,4.99121681795014e-06,4.99121681795014e-06,4.99121681795014e-06,0.0
1737931500.0,4.99121681795014e-06,4.99121681795014e-06,4.99121681795014e-06,4.99121681795014e-06,0.0
1737931560.0,4.99121681795014e-06,4.99121681795014e-06,4.99121681795014e-06,4.99121681795014e-06,0.0
1737931620.0,4.99121681795014e-06,4.99121681795014e-06,4.99121681795014e-06,4.99121681795014e-06,0.0
1737931680.0,4.99121681795014e-06,4.99121681795014e-06,4.99121681795014e-06,4.99121681795014e-06,0.0
1737931740.0,4.99121681795014e-06,4.99121681795014e-06,4.99121681795014e-06,4.99121681795014e-06,0.0
1737931800.0,4.99121681795014e-06,5.00183275657206e-06,4.99121681795014e-06,5.00183275657206e-06,0.000224703
1737931860.0,5.00183275657206e-06,5.00183275657206e-06,5.00183275657206e-06,5.00183275657206e-06,0.0
1737931920.0,5.00183275657206e-06,5.00183275657206e-06,5.00183275657206e-06,5.00183275657206e-06,0.0
1737931980.0,5.00183275657206e-06,5.00183275657206e-06,5.00183275657206e-06,5.00183275657206e-06,0.0
1737932040.0,5.00183275657206e-06,5.00183275657206e-06,5.00183275657206e-06,5.00183275657206e-06,0.0
1737932100.0,5.00183275657206e-06,5.00183275657206e-06,5.00183275657206e-06,5.00183275657206e-06,0.0
1737932160.0,5.00183275657206e-06,5.00183275657206e-06,5.00183275657206e-06,5.00183275657206e-06,0.0
1737932220.0,5.00183275657206e-06,5.00183275657206e-06,5.00183275657206e-06,5.00183275657206e-06,0.0
1737932280.0,5.00183275657206e-06,5.00183275657206e-06,5.00183275657206e-06,5.00183275657206e-06,0.0
1737932340.0,5.00183275657206e-06,5.00183275657206e-06,5.00183275657206e-06,5.00183275657206e-06,0.0
1737932400.0,5.00183275657206e-06,5.00183275657206e-06,5.00183275657206e-06,5.00183275657206e-06,0.0
1737932460.0,5.00183275657206e-06,5.00183275657206e-06,5.00183275657206e-06,5.00183275657206e-06,0.0
1737932520.0,5.00183275657206e-06,5.00183275657206e-06,5.00183275657206e-06,5.00183275657206e-06,0.0
1737932580.0,5.00183275657206e-06,5.00183275657206e-06,5.00183275657206e-06,5.00183275657206e-06,0.0
1737932640.0,5.00183275657206e-06,5.00183275657206e-06,5.00183275657206e-06,5.00183275657206e-06,0.0
1737932700.0,5.00183275657206e-06,5.00183275657206e-06,5.00183275657206e-06,5.00183275657206e-06,0.0
1737932760.0,5.00183275657206e-06,5.00183275657206e-06,5.00183275657206e-06,5.00183275657206e-06,0.0
1737932820.0,5.00183275657206e-06,5.00183275657206e-06,4.94017419637216e-06,4.94017419637216e-06,0.37172508337
1737932880.0,4.94017419637216e-06,4.94017419637216e-06,4.94017419637216e-06,4.94017419637216e-06,0.0
1737932940.0,4.94017419637216e-06,4.94017419637216e-06,4.94017419637216e-06,4.94017419637216e-06,0.0
1737933000.0,4.94017419637216e-06,4.94017419637216e-06,4.94017419637216e-06,4.94017419637216e-06,0.0
1737933060.0,4.94017419637216e-06,4.94017419637216e-06,4.94017419637216e-06,4.94017419637216e-06,0.0
1737933120.0,4.94017419637216e-06,4.94017419637216e-06,4.94017419637216e-06,4.94017419637216e-06,0.0
1737933180.0,4.94017419637216e-06,4.94017419637216e-06,4.94017419637216e-06,4.94017419637216e-06,0.0
1737933240.0,4.94017419637216e-06,4.94017419637216e-06,4.94017419637216e-06,4.94017419637216e-06,0.0
1737933300.0,4.94017419637216e-06,4.94017419637216e-06,4.94017419637216e-06,4.94017419637216e-06,0.0
1737933360.0,4.94017419637216e-06,4.94017419637216e-06,4.94017419637216e-06,4.94017419637216e-06,0.0
1737933420.0,4.94017419637216e-06,4.94017419637216e-06,4.94017419637216e-06,4.94017419637216e-06,0.0
1737933480.0,4.94017419637216e-06,4.94017419637216e-06,4.94017419637216e-06,4.94017419637216e-06,0.0
1737933540.0,4.94017419637216e-06,4.94017419637216e-06,4.94017419637216e-06,4.94017419637216e-06,0.0
1737933600.0,4.94017419637216e-06,4.94017419637216e-06,4.94017419637216e-06,4.94017419637216e-06,0.0
1737933660.0,4.94017419637216e-06,4.94017419637216e-06,4.94017419637216e-06,4.94017419637216e-06,0.0
1737933720.0,4.94017419637216e-06,4.94017419637216e-06,4.94017419637216e-06,4.94017419637216e-06,0.0
1737933780.0,4.94017419637216e-06,4.94017419637216e-06,4.94017419637216e-06,4.94017419637216e-06,0.0
1737933840.0,4.94017419637216e-06,4.94017419637216e-06,4.94017419637216e-06,4.94017419637216e-06,0.0
1737933900.0,4.94017419637216e-06,4.94017419637216e-06,4.94017419637216e-06,4.94017419637216e-06,0.0
1737933960.0,4.94017419637216e-06,4.94017419637216e-06,4.94017419637216e-06,4.94017419637216e-06,0.0
1737934020.0,4.94017419637216e-06,4.94017419637216e-06,4.94017419637216e-06,4.94017419637216e-06,0.0
1737934080.0,4.94017419637216e-06,4.94017419637216e-06,4.94017419637216e-06,4.94017419637216e-06,0.0
1737934140.0,4.94017419637216e-06,4.94017419637216e-06,4.94017419637216e-06,4.94017419637216e-06,0.0
1737934200.0,4.94017419637216e-06,4.94017419637216e-06,4.94017419637216e-06,4.94017419637216e-06,0.0
1737934260.0,4.94017419637216e-06,4.94017419637216e-06,4.94017419637216e-06,4.94017419637216e-06,0.0
1737934320.0,4.94017419637216e-06,4.94017419637216e-06,4.94017419637216e-06,4.94017419637216e-06,0.0
1737934380.0,4.94017419637216e-06,4.94017419637216e-06,4.94017419637216e-06,4.94017419637216e-06,0.0
1737934440.0,4.94017419637216e-06,4.94017419637216e-06,4.94017419637216e-06,4.94017419637216e-06,0.0
1737934500.0,4.94017419637216e-06,4.94017419637216e-06,4.94017419637216e-06,4.94017419637216e-06,0.0
1737934560.0,4.94017419637216e-06,4.94017419637216e-06,4.94017419637216e-06,4.94017419637216e-06,0.0
1737934620.0,4.94017419637216e-06,4.94017419637216e-06,4.94017419637216e-06,4.94017419637216e-06,0.0
1737934680.0,4.94017419637216e-06,4.94017419637216e-06,4.94017419637216e-06,4.94017419637216e-06,0.0
1737934740.0,4.94017419637216e-06,4.94017419637216e-06,4.94017419637216e-06,4.94017419637216e-06,0.0
1737934800.0,4.94017419637216e-06,4.94017419637216e-06,4.94017419637216e-06,4.94017419637216e-06,0.0
1737934860.0,4.94017419637216e-06,4.94017419637216e-06,4.94017419637216e-06,4.94017419637216e-06,0.0
1737934920.0,4.94017419637216e-06,4.94017419637216e-06,4.94017419637216e-06,4.94017419637216e-06,0.0
1737934980.0,4.94017419637216e-06,4.94017419637216e-06,4.94017419637216e-06,4.94017419637216e-06,0.0
1737935040.0,4.94017419637216e-06,4.94017419637216e-06,4.94017419637216e-06,4.94017419637216e-06,0.0
1737935100.0,4.94017419637216e-06,4.94017419637216e-06,4.94017419637216e-06,4.94017419637216e-06,0.0
1737935160.0,4.94017419637216e-06,4.94017419637216e-06,4.94017419637216e-06,4.94017419637216e-06,0.0
1737935220.0,4.94017419637216e-06,4.94017419637216e-06,4.94017419637216e-06,4.94017419637216e-06,0.0
1737935280.0,4.94017419637216e-06,4.94017419637216e-06,4.94017419637216e-06,4.94017419637216e-06,0.0
1737935340.0,4.94017419637216e-06,4.94017419637216e-06,4.94017419637216e-06,4.94017419637216e-06,0.0
1737935400.0,4.94017419637216e-06,4.94017419637216e-06,4.84327063816859e-06,4.84327063816859e-06,1.38742994819
1737935460.0,4.84327063816859e-06,4.84327063816859e-06,4.84327063816859e-06,4.84327063816859e-06,0.0
1737935520.0,4.84327063816859e-06,4.84327063816859e-06,4.84327063816859e-06,4.84327063816859e-06,0.0
1737935580.0,4.84327063816859e-06,4.84327063816859e-06,4.84327063816859e-06,4.84327063816859e-06,0.0
1737935640.0,4.84327063816859e-06,4.84327063816859e-06,4.84327063816859e-06,4.84327063816859e-06,0.0
1737935700.0,4.84327063816859e-06,4.84327063816859e-06,4.84327063816859e-06,4.84327063816859e-06,0.0
1737935760.0,4.84327063816859e-06,4.84327063816859e-06,4.84327063816859e-06,4.84327063816859e-06,0.0
1737935820.0,4.84327063816859e-06,4.84327063816859e-06,4.84327063816859e-06,4.84327063816859e-06,0.0
1737935880.0,4.84327063816859e-06,4.84327063816859e-06,4.84327063816859e-06,4.84327063816859e-06,0.0
1737935940.0,4.84327063816859e-06,4.84327063816859e-06,4.84327063816859e-06,4.84327063816859e-06,0.0
1737936000.0,4.84327063816859e-06,4.84327063816859e-06,4.84327063816859e-06,4.84327063816859e-06,0.0
1737936060.0,4.84327063816859e-06,4.84327063816859e-06,4.84327063816859e-06,4.84327063816859e-06,0.0
1737936120.0,4.84327063816859e-06,4.84327063816859e-06,4.84327063816859e-06,4.84327063816859e-06,0.0
1737936180.0,4.84327063816859e-06,4.84327063816859e-06,4.84327063816859e-06,4.84327063816859e-06,0.0
1737936240.0,4.84327063816859e-06,4.84327063816859e-06,4.84327063816859e-06,4.84327063816859e-06,0.0
1737936300.0,4.84327063816859e-06,4.84327063816859e-06,4.84327063816859e-06,4.84327063816859e-06,0.0
1737936360.0,4.84327063816859e-06,4.84327063816859e-06,4.84327063816859e-06,4.84327063816859e-06,0.0
1737936420.0,4.84327063816859e-06,4.84327063816859e-06,4.84327063816859e-06,4.84327063816859e-06,0.0
1737936480.0,4.84327063816859e-06,4.84327063816859e-06,4.84327063816859e-06,4.84327063816859e-06,0.0
1737936540.0,4.84327063816859e-06,4.84327063816859e-06,4.84327063816859e-06,4.84327063816859e-06,0.0
1737936600.0,4.84327063816859e-06,4.84327063816859e-06,4.84327063816859e-06,4.84327063816859e-06,0.0
1737936660.0,4.84327063816859e-06,4.84327063816859e-06,4.84327063816859e-06,4.84327063816859e-06,0.0
1737936720.0,4.84327063816859e-06,4.84327063816859e-06,4.84327063816859e-06,4.84327063816859e-06,0.0
1737936780.0,4.84327063816859e-06,4.84327063816859e-06,4.84327063816859e-06,4.84327063816859e-06,0.0
1737936840.0,4.84327063816859e-06,4.84327063816859e-06,4.84327063816859e-06,4.84327063816859e-06,0.0
1737936900.0,4.84327063816859e-06,4.84327063816859e-06,4.84327063816859e-06,4.84327063816859e-06,0.0
1737936960.0,4.84327063816859e-06,4.84327063816859e-06,4.84327063816859e-06,4.84327063816859e-06,0.0
1737937020.0,4.84327063816859e-06,4.84327063816859e-06,4.84327063816859e-06,4.84327063816859e-06,0.0
1737937080.0,4.84327063816859e-06,4.84327063816859e-06,4.84327063816859e-06,4.84327063816859e-06,0.0
1737937140.0,4.84327063816859e-06,4.84327063816859e-06,4.84327063816859e-06,4.84327063816859e-06,0.0
1737937200.0,4.84327063816859e-06,4.84327063816859e-06,4.84327063816859e-06,4.84327063816859e-06,0.0
1737937260.0,4.84327063816859e-06,4.84327063816859e-06,4.84327063816859e-06,4.84327063816859e-06,0.0
1737937320.0,4.84327063816859e-06,4.84327063816859e-06,4.84327063816859e-06,4.84327063816859e-06,0.0
1737937380.0,4.84327063816859e-06,4.84327063816859e-06,4.84327063816859e-06,4.84327063816859e-06,0.0
1737937440.0,4.84327063816859e-06,4.84327063816859e-06,4.84327063816859e-06,4.84327063816859e-06,0.0
1737937500.0,4.84327063816859e-06,4.84327063816859e-06,4.84327063816859e-06,4.84327063816859e-06,0.0
1737937560.0,4.84327063816859e-06,4.84327063816859e-06,4.84327063816859e-06,4.84327063816859e-06,0.0
1737937620.0,4.84327063816859e-06,4.84327063816859e-06,4.84327063816859e-06,4.84327063816859e-06,0.0
1737937680.0,4.84327063816859e-06,4.84327063816859e-06,4.84327063816859e-06,4.84327063816859e-06,0.0
1737937740.0,4.84327063816859e-06,4.84327063816859e-06,4.84327063816859e-06,4.84327063816859e-06,0.0
1737937800.0,4.84327063816859e-06,4.84327063816859e-06,4.84327063816859e-06,4.84327063816859e-06,0.0
1737937860.0,4.84327063816859e-06,4.84327063816859e-06,4.84327063816859e-06,4.84327063816859e-06,0.0
1737937920.0,4.84327063816859e-06,4.84327063816859e-06,4.84327063816859e-06,4.84327063816859e-06,0.0
1737937980.0,4.84327063816859e-06,4.84327063816859e-06,4.84327063816859e-06,4.84327063816859e-06,0.0
1737938040.0,4.84327063816859e-06,4.84327063816859e-06,4.84327063816859e-06,4.84327063816859e-06,0.0
1737938100.0,4.84327063816859e-06,4.84327063816859e-06,4.84327063816859e-06,4.84327063816859e-06,0.0
1737938160.0,4.84327063816859e-06,4.84327063816859e-06,4.84327063816859e-06,4.84327063816859e-06,0.0
1737938220.0,4.84327063816859e-06,4.84327063816859e-06,4.84327063816859e-06,4.84327063816859e-06,0.0
1737938280.0,4.84327063816859e-06,4.84327063816859e-06,4.84327063816859e-06,4.84327063816859e-06,0.0
1737938340.0,4.84327063816859e-06,4.84327063816859e-06,4.84327063816859e-06,4.84327063816859e-06,0.0
1737938400.0,4.84327063816859e-06,4.84327063816859e-06,4.84327063816859e-06,4.84327063816859e-06,0.0
1737938460.0,4.84327063816859e-06,4.84327063816859e-06,4.84327063816859e-06,4.84327063816859e-06,0.0
1737938520.0,4.84327063816859e-06,4.84327063816859e-06,4.84327063816859e-06,4.84327063816859e-06,0.0
1737938580.0,4.84327063816859e-06,4.84327063816859e-06,4.84327063816859e-06,4.84327063816859e-06,0.0
1737938640.0,4.84327063816859e-06,4.84327063816859e-06,4.84327063816859e-06,4.84327063816859e-06,0.0
1737938700.0,4.84327063816859e-06,4.84327063816859e-06,4.84327063816859e-06,4.84327063816859e-06,0.0
1737938760.0,4.84327063816859e-06,4.84327063816859e-06,4.84327063816859e-06,4.84327063816859e-06,0.0
1737938820.0,4.84327063816859e-06,4.84327063816859e-06,4.84327063816859e-06,4.84327063816859e-06,0.0
1737938880.0,4.84327063816859e-06,4.84327063816859e-06,4.84327063816859e-06,4.84327063816859e-06,0.0
1737938940.0,4.84327063816859e-06,4.84327063816859e-06,4.84327063816859e-06,4.84327063816859e-06,0.0
1737939000.0,4.84327063816859e-06,4.84327063816859e-06,4.84327063816859e-06,4.84327063816859e-06,0.0
1737939060.0,4.84327063816859e-06,4.84327063816859e-06,4.84327063816859e-06,4.84327063816859e-06,0.0
1737939120.0,4.84327063816859e-06,4.84327063816859e-06,4.84327063816859e-06,4.84327063816859e-06,0.0
1737939180.0,4.84327063816859e-06,4.84327063816859e-06,4.84327063816859e-06,4.84327063816859e-06,0.0
1737939240.0,4.84327063816859e-06,4.84327063816859e-06,4.84327063816859e-06,4.84327063816859e-06,0.0
1737939300.0,4.84327063816859e-06,4.84327063816859e-06,4.84327063816859e-06,4.84327063816859e-06,0.0
1737939360.0,4.84327063816859e-06,4.84327063816859e-06,4.84327063816859e-06,4.84327063816859e-06,0.0
1737939420.0,4.84327063816859e-06,4.84327063816859e-06,4.84327063816859e-06,4.84327063816859e-06,0.0
1737939480.0,4.84327063816859e-06,4.84327063816859e-06,4.84327063816859e-06,4.84327063816859e-06,0.0
1737939540.0,4.84327063816859e-06,4.84327063816859e-06,4.84327063816859e-06,4.84327063816859e-06,0.0
1737939600.0,4.84327063816859e-06,4.84327063816859e-06,4.84327063816859e-06,4.84327063816859e-06,0.0
1737939660.0,4.84327063816859e-06,4.84327063816859e-06,4.84327063816859e-06,4.84327063816859e-06,0.0
1737939720.0,4.84327063816859e-06,4.84327063816859e-06,4.84327063816859e-06,4.84327063816859e-06,0.0
1737939780.0,4.84327063816859e-06,4.84327063816859e-06,4.84327063816859e-06,4.84327063816859e-06,0.0
1737939840.0,4.84327063816859e-06,4.84327063816859e-06,4.84327063816859e-06,4.84327063816859e-06,0.0
1737939900.0,4.84327063816859e-06,4.84327063816859e-06,4.84327063816859e-06,4.84327063816859e-06,0.0
1737939960.0,4.84327063816859e-06,4.84327063816859e-06,4.84327063816859e-06,4.84327063816859e-06,0.0
1737940020.0,4.84327063816859e-06,4.84327063816859e-06,4.84327063816859e-06,4.84327063816859e-06,0.0
1737940080.0,4.84327063816859e-06,4.84327063816859e-06,4.84327063816859e-06,4.84327063816859e-06,0.0
1737940140.0,4.84327063816859e-06,4.84327063816859e-06,4.84327063816859e-06,4.84327063816859e-06,0.0
1737940200.0,4.84327063816859e-06,4.84327063816859e-06,4.84327063816859e-06,4.84327063816859e-06,0.0
1737940260.0,4.84327063816859e-06,4.84327063816859e-06,4.84327063816859e-06,4.84327063816859e-06,0.0
1737940320.0,4.84327063816859e-06,4.84327063816859e-06,4.84327063816859e-06,4.84327063816859e-06,0.0
1737940380.0,4.84327063816859e-06,4.84327063816859e-06,4.84327063816859e-06,4.84327063816859e-06,0.0
1737940440.0,4.84327063816859e-06,4.84327063816859e-06,4.84327063816859e-06,4.84327063816859e-06,0.0
1737940500.0,4.84327063816859e-06,4.84327063816859e-06,4.84327063816859e-06,4.84327063816859e-06,0.0
1737940560.0,4.84327063816859e-06,4.84327063816859e-06,4.84327063816859e-06,4.84327063816859e-06,0.0
1737940620.0,4.84327063816859e-06,4.84327063816859e-06,4.84327063816859e-06,4.84327063816859e-06,0.0
1737940680.0,4.84327063816859e-06,4.84327063816859e-06,4.84327063816859e-06,4.84327063816859e-06,0.0
1737940740.0,4.84327063816859e-06,4.84327063816859e-06,4.84327063816859e-06,4.84327063816859e-06,0.0
1737940800.0,4.84327063816859e-06,4.84327063816859e-06,4.84327063816859e-06,4.84327063816859e-06,0.0
1737940860.0,4.84327063816859e-06,4.84327063816859e-06,4.84327063816859e-06,4.84327063816859e-06,0.0
1737940920.0,4.84327063816859e-06,4.84327063816859e-06,4.84327063816859e-06,4.84327063816859e-06,0.0
1737940980.0,4.84327063816859e-06,4.84327063816859e-06,4.84327063816859e-06,4.84327063816859e-06,0.0
1737941040.0,4.84327063816859e-06,4.84327063816859e-06,4.84327063816859e-06,4.84327063816859e-06,0.0
1737941100.0,4.84327063816859e-06,4.84327063816859e-06,4.84327063816859e-06,4.84327063816859e-06,0.0
1737941160.0,4.84327063816859e-06,4.84327063816859e-06,4.84327063816859e-06,4.84327063816859e-06,0.0
1737941220.0,4.84327063816859e-06,4.84327063816859e-06,4.84327063816859e-06,4.84327063816859e-06,0.0
1737941280.0,4.84327063816859e-06,4.84327063816859e-06,4.84327063816859e-06,4.84327063816859e-06,0.0
1737941340.0,4.84327063816859e-06,4.84327063816859e-06,4.84327063816859e-06,4.84327063816859e-06,0.0
1737941400.0,4.84327063816859e-06,4.84327063816859e-06,4.84327063816859e-06,4.84327063816859e-06,0.0
1737941460.0,4.84327063816859e-06,4.84327063816859e-06,4.84327063816859e-06,4.84327063816859e-06,0.0
1737941520.0,4.84327063816859e-06,4.84327063816859e-06,4.84327063816859e-06,4.84327063816859e-06,0.0
1737941580.0,4.84327063816859e-06,4.84327063816859e-06,4.84327063816859e-06,4.84327063816859e-06,0.0
1737941640.0,4.84327063816859e-06,4.84327063816859e-06,4.84327063816859e-06,4.84327063816859e-06,0.0
1737941700.0,4.84327063816859e-06,4.84327063816859e-06,4.84327063816859e-06,4.84327063816859e-06,0.0
1737941760.0,4.84327063816859e-06,4.84327063816859e-06,4.84327063816859e-06,4.84327063816859e-06,0.0
1737941820.0,4.84327063816859e-06,4.84327063816859e-06,4.84327063816859e-06,4.84327063816859e-06,0.0
1737941880.0,4.84327063816859e-06,4.84327063816859e-06,4.84327063816859e-06,4.84327063816859e-06,0.0
1737941940.0,4.84327063816859e-06,4.84327063816859e-06,4.84327063816859e-06,4.84327063816859e-06,0.0
1737942000.0,4.84327063816859e-06,4.84327063816859e-06,4.84327063816859e-06,4.84327063816859e-06,0.0
1737942060.0,4.84327063816859e-06,4.84327063816859e-06,4.84327063816859e-06,4.84327063816859e-06,0.0
1737942120.0,4.84327063816859e-06,4.84327063816859e-06,4.84327063816859e-06,4.84327063816859e-06,0.0
1737942180.0,4.84327063816859e-06,4.84327063816859e-06,4.84327063816859e-06,4.84327063816859e-06,0.0
1737942240.0,4.84327063816859e-06,4.84327063816859e-06,4.84327063816859e-06,4.84327063816859e-06,0.0
1737942300.0,4.84327063816859e-06,4.84327063816859e-06,4.84327063816859e-06,4.84327063816859e-06,0.0
1737942360.0,4.84327063816859e-06,4.84327063816859e-06,4.84327063816859e-06,4.84327063816859e-06,0.0
1737942420.0,4.84327063816859e-06,4.84327063816859e-06,4.84327063816859e-06,4.84327063816859e-06,0.0
1737942480.0,4.84327063816859e-06,4.84327063816859e-06,4.84327063816859e-06,4.84327063816859e-06,0.0
1737942540.0,4.84327063816859e-06,4.84327063816859e-06,4.84327063816859e-06,4.84327063816859e-06,0.0
1737942600.0,4.84327063816859e-06,4.84327063816859e-06,4.84327063816859e-06,4.84327063816859e-06,0.0
1737942660.0,4.84327063816859e-06,4.84327063816859e-06,4.84327063816859e-06,4.84327063816859e-06,0.0
1737942720.0,4.84327063816859e-06,4.84327063816859e-06,4.84327063816859e-06,4.84327063816859e-06,0.0
1737942780.0,4.84327063816859e-06,4.84327063816859e-06,4.84327063816859e-06,4.84327063816859e-06,0.0
1737942840.0,4.84327063816859e-06,4.84327063816859e-06,4.84327063816859e-06,4.84327063816859e-06,0.0
1737942900.0,4.84327063816859e-06,4.84327063816859e-06,4.84327063816859e-06,4.84327063816859e-06,0.0
1737942960.0,4.84327063816859e-06,4.84327063816859e-06,4.84327063816859e-06,4.84327063816859e-06,0.0
1737943020.0,4.84327063816859e-06,4.84327063816859e-06,4.84327063816859e-06,4.84327063816859e-06,0.0
1737943080.0,4.84327063816859e-06,4.84327063816859e-06,4.84327063816859e-06,4.84327063816859e-06,0.0
1737943140.0,4.84327063816859e-06,4.84327063816859e-06,4.84327063816859e-06,4.84327063816859e-06,0.0
1737943200.0,4.84327063816859e-06,4.84327063816859e-06,4.84327063816859e-06,4.84327063816859e-06,0.0
1737943260.0,4.84327063816859e-06,4.84327063816859e-06,4.84327063816859e-06,4.84327063816859e-06,0.0
1737943320.0,4.84327063816859e-06,4.84327063816859e-06,4.84327063816859e-06,4.84327063816859e-06,0.0
1737943380.0,4.84327063816859e-06,4.84327063816859e-06,4.84327063816859e-06,4.84327063816859e-06,0.0
1737943440.0,4.84327063816859e-06,4.84327063816859e-06,4.84327063816859e-06,4.84327063816859e-06,0.0
1737943500.0,4.84327063816859e-06,4.84327063816859e-06,4.84327063816859e-06,4.84327063816859e-06,0.0
1737943560.0,4.84327063816859e-06,4.84327063816859e-06,4.84327063816859e-06,4.84327063816859e-06,0.0
1737943620.0,4.84327063816859e-06,4.84327063816859e-06,4.84327063816859e-06,4.84327063816859e-06,0.0
1737943680.0,4.84327063816859e-06,4.84327063816859e-06,4.84327063816859e-06,4.84327063816859e-06,0.0
1737943740.0,4.84327063816859e-06,4.84327063816859e-06,4.84327063816859e-06,4.84327063816859e-06,0.0
1737943800.0,4.84327063816859e-06,4.84327063816859e-06,4.84327063816859e-06,4.84327063816859e-06,0.0
1737943860.0,4.84327063816859e-06,4.84327063816859e-06,4.84327063816859e-06,4.84327063816859e-06,0.0
1737943920.0,4.84327063816859e-06,4.84327063816859e-06,4.84327063816859e-06,4.84327063816859e-06,0.0
1737943980.0,4.84327063816859e-06,4.84327063816859e-06,4.84327063816859e-06,4.84327063816859e-06,0.0
1737944040.0,4.84327063816859e-06,4.84327063816859e-06,4.84327063816859e-06,4.84327063816859e-06,0.0
1737944100.0,4.84327063816859e-06,4.84327063816859e-06,4.84327063816859e-06,4.84327063816859e-06,0.0
1737944160.0,4.84327063816859e-06,4.84327063816859e-06,4.84327063816859e-06,4.84327063816859e-06,0.0
1737944220.0,4.84327063816859e-06,4.84327063816859e-06,4.84327063816859e-06,4.84327063816859e-06,0.0
1737944280.0,4.84327063816859e-06,4.84327063816859e-06,4.84327063816859e-06,4.84327063816859e-06,0.0
1737944340.0,4.84327063816859e-06,4.84327063816859e-06,4.84327063816859e-06,4.84327063816859e-06,0.0
1737944400.0,4.84327063816859e-06,4.84327063816859e-06,4.84327063816859e-06,4.84327063816859e-06,0.0
1737944460.0,4.84327063816859e-06,4.84327063816859e-06,4.84327063816859e-06,4.84327063816859e-06,0.0
1737944520.0,4.84327063816859e-06,4.84327063816859e-06,4.84327063816859e-06,4.84327063816859e-06,0.0
1737944580.0,4.84327063816859e-06,4.84327063816859e-06,4.84327063816859e-06,4.84327063816859e-06,0.0
1737944640.0,4.84327063816859e-06,4.84327063816859e-06,4.84327063816859e-06,4.84327063816859e-06,0.0
1737944700.0,4.84327063816859e-06,4.84327063816859e-06,4.84327063816859e-06,4.84327063816859e-06,0.0
1737944760.0,4.84327063816859e-06,4.84327063816859e-06,4.84327063816859e-06,4.84327063816859e-06,0.0
1737944820.0,4.84327063816859e-06,4.84327063816859e-06,4.84327063816859e-06,4.84327063816859e-06,0.0
1737944880.0,4.84327063816859e-06,4.84327063816859e-06,4.84327063816859e-06,4.84327063816859e-06,0.0
1737944940.0,4.84327063816859e-06,4.84327063816859e-06,4.84327063816859e-06,4.84327063816859e-06,0.0
1737945000.0,4.84327063816859e-06,4.84327063816859e-06,4.84327063816859e-06,4.84327063816859e-06,0.0
1737945060.0,4.84327063816859e-06,4.84327063816859e-06,4.84327063816859e-06,4.84327063816859e-06,0.0
1737945120.0,4.84327063816859e-06,4.84327063816859e-06,4.84327063816859e-06,4.84327063816859e-06,0.0
1737945180.0,4.84327063816859e-06,4.84327063816859e-06,4.84327063816859e-06,4.84327063816859e-06,0.0
1737945240.0,4.84327063816859e-06,4.84327063816859e-06,4.84327063816859e-06,4.84327063816859e-06,0.0
1737945300.0,4.84327063816859e-06,4.84327063816859e-06,4.84327063816859e-06,4.84327063816859e-06,0.0
1737945360.0,4.84327063816859e-06,4.84327063816859e-06,4.84327063816859e-06,4.84327063816859e-06,0.0
1737945420.0,4.84327063816859e-06,4.84327063816859e-06,4.84327063816859e-06,4.84327063816859e-06,0.0
1737945480.0,4.84327063816859e-06,4.84327063816859e-06,4.84327063816859e-06,4.84327063816859e-06,0.0
1737945540.0,4.84327063816859e-06,4.84327063816859e-06,4.84327063816859e-06,4.84327063816859e-06,0.0
1737945600.0,4.84327063816859e-06,4.84327063816859e-06,4.84327063816859e-06,4.84327063816859e-06,0.0
1737945660.0,4.84327063816859e-06,4.84327063816859e-06,4.84327063816859e-06,4.84327063816859e-06,0.0
1737945720.0,4.84327063816859e-06,4.84327063816859e-06,4.84327063816859e-06,4.84327063816859e-06,0.0
1737945780.0,4.84327063816859e-06,4.84327063816859e-06,4.84327063816859e-06,4.84327063816859e-06,0.0
1737945840.0,4.84327063816859e-06,4.84327063816859e-06,4.84327063816859e-06,4.84327063816859e-06,0.0
1737945900.0,4.84327063816859e-06,4.84327063816859e-06,4.84327063816859e-06,4.84327063816859e-06,0.0
1737945960.0,4.84327063816859e-06,4.84327063816859e-06,4.84327063816859e-06,4.84327063816859e-06,0.0
1737946020.0,4.84327063816859e-06,4.84327063816859e-06,4.84327063816859e-06,4.84327063816859e-06,0.0
1737946080.0,4.84327063816859e-06,4.84327063816859e-06,4.84327063816859e-06,4.84327063816859e-06,0.0
1737946140.0,4.84327063816859e-06,4.84327063816859e-06,4.84327063816859e-06,4.84327063816859e-06,0.0
1737946200.0,4.84327063816859e-06,4.84327063816859e-06,4.84327063816859e-06,4.84327063816859e-06,0.0
1737946260.0,4.84327063816859e-06,4.84327063816859e-06,4.84327063816859e-06,4.84327063816859e-06,0.0
1737946320.0,4.84327063816859e-06,4.84327063816859e-06,4.84327063816859e-06,4.84327063816859e-06,0.0
1737946380.0,4.84327063816859e-06,4.84327063816859e-06,4.84327063816859e-06,4.84327063816859e-06,0.0
1737946440.0,4.84327063816859e-06,4.84327063816859e-06,4.84327063816859e-06,4.84327063816859e-06,0.0
1737946500.0,4.84327063816859e-06,4.84327063816859e-06,4.84327063816859e-06,4.84327063816859e-06,0.0
1737946560.0,4.84327063816859e-06,4.84327063816859e-06,4.84327063816859e-06,4.84327063816859e-06,0.0
1737946620.0,4.84327063816859e-06,4.84327063816859e-06,4.84327063816859e-06,4.84327063816859e-06,0.0
1737946680.0,4.84327063816859e-06,4.84327063816859e-06,4.84327063816859e-06,4.84327063816859e-06,0.0
1737946740.0,4.84327063816859e-06,4.84327063816859e-06,4.84327063816859e-06,4.84327063816859e-06,0.0
1737946800.0,4.84327063816859e-06,4.84327063816859e-06,4.84327063816859e-06,4.84327063816859e-06,0.0
1737946860.0,4.84327063816859e-06,4.84327063816859e-06,4.84327063816859e-06,4.84327063816859e-06,0.0
1737946920.0,4.84327063816859e-06,4.84327063816859e-06,4.84327063816859e-06,4.84327063816859e-06,0.0
1737946980.0,4.84327063816859e-06,4.84327063816859e-06,4.84327063816859e-06,4.84327063816859e-06,0.0
1737947040.0,4.84327063816859e-06,4.84327063816859e-06,4.84327063816859e-06,4.84327063816859e-06,0.0
1737947100.0,4.84327063816859e-06,4.84327063816859e-06,4.84327063816859e-06,4.84327063816859e-06,0.0
1737947160.0,4.84327063816859e-06,4.84327063816859e-06,4.84327063816859e-06,4.84327063816859e-06,0.0
1737947220.0,4.84327063816859e-06,4.84327063816859e-06,4.84327063816859e-06,4.84327063816859e-06,0.0
1737947280.0,4.84327063816859e-06,4.84327063816859e-06,4.7103373921551e-06,4.7103373921551e-06,0.00879971907
1737947340.0,4.7103373921551e-06,4.7103373921551e-06,4.7103373921551e-06,4.7103373921551e-06,0.0
1737947400.0,4.7103373921551e-06,4.7103373921551e-06,4.7103373921551e-06,4.7103373921551e-06,0.0
1737947460.0,4.7103373921551e-06,4.7103373921551e-06,4.7103373921551e-06,4.7103373921551e-06,0.0
1737947520.0,4.7103373921551e-06,4.7103373921551e-06,4.7103373921551e-06,4.7103373921551e-06,0.0
1737947580.0,4.7103373921551e-06,4.7103373921551e-06,4.7103373921551e-06,4.7103373921551e-06,0.0
1737947640.0,4.7103373921551e-06,4.7103373921551e-06,4.7103373921551e-06,4.7103373921551e-06,0.0
1737947700.0,4.7103373921551e-06,4.7103373921551e-06,4.7103373921551e-06,4.7103373921551e-06,0.0
1737947760.0,4.7103373921551e-06,4.7103373921551e-06,4.7103373921551e-06,4.7103373921551e-06,0.0
1737947820.0,4.7103373921551e-06,4.7103373921551e-06,4.7103373921551e-06,4.7103373921551e-06,0.0
1737947880.0,4.7103373921551e-06,4.7103373921551e-06,4.7103373921551e-06,4.7103373921551e-06,0.0
1737947940.0,4.7103373921551e-06,4.7103373921551e-06,4.7103373921551e-06,4.7103373921551e-06,0.0
1737948000.0,4.7103373921551e-06,4.7103373921551e-06,4.7103373921551e-06,4.7103373921551e-06,0.0
1737948060.0,4.7103373921551e-06,4.7103373921551e-06,4.7103373921551e-06,4.7103373921551e-06,0.0
1737948120.0,4.7103373921551e-06,4.7103373921551e-06,4.7103373921551e-06,4.7103373921551e-06,0.0
1737948180.0,4.7103373921551e-06,4.7103373921551e-06,4.7103373921551e-06,4.7103373921551e-06,0.0
1737948240.0,4.7103373921551e-06,4.7103373921551e-06,4.7103373921551e-06,4.7103373921551e-06,0.0
1737948300.0,4.7103373921551e-06,4.7103373921551e-06,4.7103373921551e-06,4.7103373921551e-06,0.0
1737948360.0,4.7103373921551e-06,4.7103373921551e-06,4.7103373921551e-06,4.7103373921551e-06,0.0
1737948420.0,4.7103373921551e-06,4.7103373921551e-06,4.7103373921551e-06,4.7103373921551e-06,0.0
1737948480.0,4.7103373921551e-06,4.7103373921551e-06,4.7103373921551e-06,4.7103373921551e-06,0.0
1737948540.0,4.7103373921551e-06,4.7103373921551e-06,4.7103373921551e-06,4.7103373921551e-06,0.0
1737948600.0,4.7103373921551e-06,4.7103373921551e-06,4.7103373921551e-06,4.7103373921551e-06,0.0
1737948660.0,4.7103373921551e-06,4.7103373921551e-06,4.7103373921551e-06,4.7103373921551e-06,0.0
1737948720.0,4.7103373921551e-06,4.7103373921551e-06,4.7103373921551e-06,4.7103373921551e-06,0.0
1737948780.0,4.7103373921551e-06,4.7103373921551e-06,4.7103373921551e-06,4.7103373921551e-06,0.0
1737948840.0,4.7103373921551e-06,4.7103373921551e-06,4.7103373921551e-06,4.7103373921551e-06,0.0
1737948900.0,4.7103373921551e-06,4.7103373921551e-06,4.7103373921551e-06,4.7103373921551e-06,0.0
1737948960.0,4.7103373921551e-06,4.7103373921551e-06,4.7103373921551e-06,4.7103373921551e-06,0.0
1737949020.0,4.7103373921551e-06,4.7103373921551e-06,4.7103373921551e-06,4.7103373921551e-06,0.0
1737949080.0,4.7103373921551e-06,4.7103373921551e-06,4.7103373921551e-06,4.7103373921551e-06,0.0
1737949140.0,4.7103373921551e-06,4.7103373921551e-06,4.7103373921551e-06,4.7103373921551e-06,0.0
1737949200.0,4.7103373921551e-06,4.7103373921551e-06,4.7103373921551e-06,4.7103373921551e-06,0.0
1737949260.0,4.7103373921551e-06,4.7103373921551e-06,4.7103373921551e-06,4.7103373921551e-06,0.0
1737949320.0,4.7103373921551e-06,4.7103373921551e-06,4.7103373921551e-06,4.7103373921551e-06,0.0
1737949380.0,4.7103373921551e-06,4.7103373921551e-06,4.7103373921551e-06,4.7103373921551e-06,0.0
1737949440.0,4.7103373921551e-06,4.7103373921551e-06,4.7103373921551e-06,4.7103373921551e-06,0.0
1737949500.0,4.7103373921551e-06,4.7103373921551e-06,4.7103373921551e-06,4.7103373921551e-06,0.0
1737949560.0,4.7103373921551e-06,4.7103373921551e-06,4.7103373921551e-06,4.7103373921551e-06,0.0
1737949620.0,4.7103373921551e-06,4.7103373921551e-06,4.7103373921551e-06,4.7103373921551e-06,0.0
1737949680.0,4.7103373921551e-06,4.7103373921551e-06,4.7103373921551e-06,4.7103373921551e-06,0.0
1737949740.0,4.7103373921551e-06,4.7103373921551e-06,4.7103373921551e-06,4.7103373921551e-06,0.0
1737949800.0,4.7103373921551e-06,4.7103373921551e-06,4.7103373921551e-06,4.7103373921551e-06,0.0
1737949860.0,4.7103373921551e-06,4.7103373921551e-06,4.7103373921551e-06,4.7103373921551e-06,0.0
1737949920.0,4.7103373921551e-06,4.7103373921551e-06,4.7103373921551e-06,4.7103373921551e-06,0.0
1737949980.0,4.7103373921551e-06,4.7103373921551e-06,4.7103373921551e-06,4.7103373921551e-06,0.0
1737950040.0,4.7103373921551e-06,4.7103373921551e-06,4.7103373921551e-06,4.7103373921551e-06,0.0
1737950100.0,4.7103373921551e-06,4.7103373921551e-06,4.7103373921551e-06,4.7103373921551e-06,0.0
1737950160.0,4.7103373921551e-06,4.7103373921551e-06,4.7103373921551e-06,4.7103373921551e-06,0.0
1737950220.0,4.7103373921551e-06,4.7103373921551e-06,4.7103373921551e-06,4.7103373921551e-06,0.0
1737950280.0,4.7103373921551e-06,4.7103373921551e-06,4.7103373921551e-06,4.7103373921551e-06,0.0
1737950340.0,4.7103373921551e-06,4.7103373921551e-06,4.7103373921551e-06,4.7103373921551e-06,0.0
1737950400.0,4.7103373921551e-06,4.7103373921551e-06,4.7103373921551e-06,4.7103373921551e-06,0.0
1737950460.0,4.7103373921551e-06,4.7103373921551e-06,4.7103373921551e-06,4.7103373921551e-06,0.0
1737950520.0,4.7103373921551e-06,4.7103373921551e-06,4.7103373921551e-06,4.7103373921551e-06,0.0
1737950580.0,4.7103373921551e-06,4.7103373921551e-06,4.7103373921551e-06,4.7103373921551e-06,0.0
1737950640.0,4.7103373921551e-06,4.7103373921551e-06,4.7103373921551e-06,4.7103373921551e-06,0.0
1737950700.0,4.7103373921551e-06,4.7103373921551e-06,4.7103373921551e-06,4.7103373921551e-06,0.0
1737950760.0,4.7103373921551e-06,4.7103373921551e-06,4.7103373921551e-06,4.7103373921551e-06,0.0
1737950820.0,4.7103373921551e-06,4.7103373921551e-06,4.7103373921551e-06,4.7103373921551e-06,0.0
1737950880.0,4.7103373921551e-06,4.7103373921551e-06,4.7103373921551e-06,4.7103373921551e-06,0.0
1737950940.0,4.7103373921551e-06,4.7103373921551e-06,4.7103373921551e-06,4.7103373921551e-06,0.0
1737951000.0,4.7103373921551e-06,4.7103373921551e-06,4.7103373921551e-06,4.7103373921551e-06,0.0
1737951060.0,4.7103373921551e-06,4.7103373921551e-06,4.7103373921551e-06,4.7103373921551e-06,0.0
1737951120.0,4.7103373921551e-06,4.7103373921551e-06,4.7103373921551e-06,4.7103373921551e-06,0.0
1737951180.0,4.7103373921551e-06,4.7103373921551e-06,4.7103373921551e-06,4.7103373921551e-06,0.0
1737951240.0,4.7103373921551e-06,4.7103373921551e-06,4.7103373921551e-06,4.7103373921551e-06,0.0
1737951300.0,4.7103373921551e-06,4.7103373921551e-06,4.7103373921551e-06,4.7103373921551e-06,0.0
1737951360.0,4.7103373921551e-06,4.7103373921551e-06,4.7103373921551e-06,4.7103373921551e-06,0.0
1737951420.0,4.7103373921551e-06,4.7103373921551e-06,4.7103373921551e-06,4.7103373921551e-06,0.0
1737951480.0,4.7103373921551e-06,4.7103373921551e-06,4.7103373921551e-06,4.7103373921551e-06,0.0
1737951540.0,4.7103373921551e-06,4.7103373921551e-06,4.7103373921551e-06,4.7103373921551e-06,0.0
1737951600.0,4.7103373921551e-06,4.7103373921551e-06,4.7103373921551e-06,4.7103373921551e-06,0.0
1737951660.0,4.7103373921551e-06,4.7103373921551e-06,4.7103373921551e-06,4.7103373921551e-06,0.0
1737951720.0,4.7103373921551e-06,4.7103373921551e-06,4.7103373921551e-06,4.7103373921551e-06,0.0
1737951780.0,4.7103373921551e-06,4.7103373921551e-06,4.7103373921551e-06,4.7103373921551e-06,0.0
1737951840.0,4.7103373921551e-06,4.7103373921551e-06,4.7103373921551e-06,4.7103373921551e-06,0.0
1737951900.0,4.7103373921551e-06,4.7103373921551e-06,4.7103373921551e-06,4.7103373921551e-06,0.0
1737951960.0,4.7103373921551e-06,4.7103373921551e-06,4.7103373921551e-06,4.7103373921551e-06,0.0
1737952020.0,4.7103373921551e-06,4.7103373921551e-06,4.7103373921551e-06,4.7103373921551e-06,0.0
1737952080.0,4.7103373921551e-06,4.7103373921551e-06,4.7103373921551e-06,4.7103373921551e-06,0.0
1737952140.0,4.7103373921551e-06,4.7103373921551e-06,4.7103373921551e-06,4.7103373921551e-06,0.0
1737952200.0,4.7103373921551e-06,4.7103373921551e-06,4.7103373921551e-06,4.7103373921551e-06,0.0
1737952260.0,4.7103373921551e-06,4.7103373921551e-06,4.7103373921551e-06,4.7103373921551e-06,0.0
1737952320.0,4.7103373921551e-06,4.7103373921551e-06,4.7103373921551e-06,4.7103373921551e-06,0.0
1737952380.0,4.7103373921551e-06,4.7103373921551e-06,4.7103373921551e-06,4.7103373921551e-06,0.0
1737952440.0,4.7103373921551e-06,4.7103373921551e-06,4.7103373921551e-06,4.7103373921551e-06,0.0
1737952500.0,4.7103373921551e-06,4.7103373921551e-06,4.7103373921551e-06,4.7103373921551e-06,0.0
1737952560.0,4.7103373921551e-06,4.7103373921551e-06,4.7103373921551e-06,4.7103373921551e-06,0.0
1737952620.0,4.7103373921551e-06,4.7103373921551e-06,4.7103373921551e-06,4.7103373921551e-06,0.0
1737952680.0,4.7103373921551e-06,4.7103373921551e-06,4.7103373921551e-06,4.7103373921551e-06,0.0
1737952740.0,4.7103373921551e-06,4.7103373921551e-06,4.7103373921551e-06,4.7103373921551e-06,0.0
1737952800.0,4.7103373921551e-06,4.7103373921551e-06,4.7103373921551e-06,4.7103373921551e-06,0.0
1737952860.0,4.7103373921551e-06,4.7103373921551e-06,4.7103373921551e-06,4.7103373921551e-06,0.0
1737952920.0,4.7103373921551e-06,4.7103373921551e-06,4.7103373921551e-06,4.7103373921551e-06,0.0
1737952980.0,4.7103373921551e-06,4.7103373921551e-06,4.7103373921551e-06,4.7103373921551e-06,0.0
1737953040.0,4.7103373921551e-06,4.7103373921551e-06,4.7103373921551e-06,4.7103373921551e-06,0.0
1737953100.0,4.7103373921551e-06,4.7103373921551e-06,4.7103373921551e-06,4.7103373921551e-06,0.0
1737953160.0,4.7103373921551e-06,4.7103373921551e-06,4.7103373921551e-06,4.7103373921551e-06,0.0
1737953220.0,4.7103373921551e-06,4.7103373921551e-06,4.7103373921551e-06,4.7103373921551e-06,0.0
1737953280.0,4.7103373921551e-06,4.7103373921551e-06,4.7103373921551e-06,4.7103373921551e-06,0.0
1737953340.0,4.7103373921551e-06,4.7103373921551e-06,4.7103373921551e-06,4.7103373921551e-06,0.0
1737953400.0,4.7103373921551e-06,4.7103373921551e-06,4.7103373921551e-06,4.7103373921551e-06,0.0
1737953460.0,4.7103373921551e-06,4.7103373921551e-06,4.7103373921551e-06,4.7103373921551e-06,0.0
1737953520.0,4.7103373921551e-06,4.7103373921551e-06,4.7103373921551e-06,4.7103373921551e-06,0.0
1737953580.0,4.7103373921551e-06,4.7103373921551e-06,4.7103373921551e-06,4.7103373921551e-06,0.0
1737953640.0,4.7103373921551e-06,4.7103373921551e-06,4.7103373921551e-06,4.7103373921551e-06,0.0
1737953700.0,4.7103373921551e-06,4.7103373921551e-06,4.7103373921551e-06,4.7103373921551e-06,0.0
1737953760.0,4.7103373921551e-06,4.7103373921551e-06,4.7103373921551e-06,4.7103373921551e-06,0.0
1737953820.0,4.7103373921551e-06,4.7103373921551e-06,4.7103373921551e-06,4.7103373921551e-06,0.0
1737953880.0,4.7103373921551e-06,4.7103373921551e-06,4.7103373921551e-06,4.7103373921551e-06,0.0
1737953940.0,4.7103373921551e-06,4.7103373921551e-06,4.7103373921551e-06,4.7103373921551e-06,0.0
1737954000.0,4.7103373921551e-06,4.7103373921551e-06,4.7103373921551e-06,4.7103373921551e-06,0.0
1737954060.0,4.7103373921551e-06,4.7103373921551e-06,4.7103373921551e-06,4.7103373921551e-06,0.0
1737954120.0,4.7103373921551e-06,4.7103373921551e-06,4.7103373921551e-06,4.7103373921551e-06,0.0
1737954180.0,4.7103373921551e-06,4.7103373921551e-06,4.7103373921551e-06,4.7103373921551e-06,0.0
1737954240.0,4.7103373921551e-06,4.7103373921551e-06,4.7103373921551e-06,4.7103373921551e-06,0.0
1737954300.0,4.7103373921551e-06,4.7103373921551e-06,4.7103373921551e-06,4.7103373921551e-06,0.0
1737954360.0,4.7103373921551e-06,4.7103373921551e-06,4.7103373921551e-06,4.7103373921551e-06,0.0
1737954420.0,4.7103373921551e-06,4.7103373921551e-06,4.7103373921551e-06,4.7103373921551e-06,0.0
1737954480.0,4.7103373921551e-06,4.7103373921551e-06,4.7103373921551e-06,4.7103373921551e-06,0.0
1737954540.0,4.7103373921551e-06,4.7103373921551e-06,4.7103373921551e-06,4.7103373921551e-06,0.0
1737954600.0,4.7103373921551e-06,4.7103373921551e-06,4.7103373921551e-06,4.7103373921551e-06,0.0
1737954660.0,4.7103373921551e-06,4.7103373921551e-06,4.7103373921551e-06,4.7103373921551e-06,0.0
1737954720.0,4.7103373921551e-06,4.7103373921551e-06,4.7103373921551e-06,4.7103373921551e-06,0.0
1737954780.0,4.7103373921551e-06,4.7103373921551e-06,4.7103373921551e-06,4.7103373921551e-06,0.0
1737954840.0,4.7103373921551e-06,4.7103373921551e-06,4.7103373921551e-06,4.7103373921551e-06,0.0
1737954900.0,4.7103373921551e-06,4.7103373921551e-06,4.7103373921551e-06,4.7103373921551e-06,0.0
1737954960.0,4.7103373921551e-06,4.7103373921551e-06,4.7103373921551e-06,4.7103373921551e-06,0.0
1737955020.0,4.7103373921551e-06,4.7103373921551e-06,4.7103373921551e-06,4.7103373921551e-06,0.0
1737955080.0,4.7103373921551e-06,4.7103373921551e-06,4.7103373921551e-06,4.7103373921551e-06,0.0
1737955140.0,4.7103373921551e-06,4.7103373921551e-06,4.7103373921551e-06,4.7103373921551e-06,0.0
1737955200.0,4.7103373921551e-06,4.7103373921551e-06,4.7103373921551e-06,4.7103373921551e-06,0.0
1737955260.0,4.7103373921551e-06,4.7103373921551e-06,4.7103373921551e-06,4.7103373921551e-06,0.0
1737955320.0,4.7103373921551e-06,4.7103373921551e-06,4.7103373921551e-06,4.7103373921551e-06,0.0
1737955380.0,4.7103373921551e-06,4.7103373921551e-06,4.7103373921551e-06,4.7103373921551e-06,0.0
1737955440.0,4.7103373921551e-06,4.7103373921551e-06,4.7103373921551e-06,4.7103373921551e-06,0.0
1737955500.0,4.7103373921551e-06,4.7103373921551e-06,4.7103373921551e-06,4.7103373921551e-06,0.0
1737955560.0,4.7103373921551e-06,4.7103373921551e-06,4.7103373921551e-06,4.7103373921551e-06,0.0
1737955620.0,4.7103373921551e-06,4.7103373921551e-06,4.7103373921551e-06,4.7103373921551e-06,0.0
1737955680.0,4.7103373921551e-06,4.7103373921551e-06,4.7103373921551e-06,4.7103373921551e-06,0.0
1737955740.0,4.7103373921551e-06,4.7103373921551e-06,4.7103373921551e-06,4.7103373921551e-06,0.0
1737955800.0,4.7103373921551e-06,4.7103373921551e-06,4.7103373921551e-06,4.7103373921551e-06,0.0
1737955860.0,4.7103373921551e-06,4.7103373921551e-06,4.7103373921551e-06,4.7103373921551e-06,0.0
1737955920.0,4.7103373921551e-06,4.7103373921551e-06,4.7103373921551e-06,4.7103373921551e-06,0.0
1737955980.0,4.7103373921551e-06,4.7103373921551e-06,4.7103373921551e-06,4.7103373921551e-06,0.0
1737956040.0,4.7103373921551e-06,4.7103373921551e-06,4.7103373921551e-06,4.7103373921551e-06,0.0
1737956100.0,4.7103373921551e-06,4.7103373921551e-06,4.7103373921551e-06,4.7103373921551e-06,0.0
1737956160.0,4.7103373921551e-06,4.7103373921551e-06,4.7103373921551e-06,4.7103373921551e-06,0.0
1737956220.0,4.7103373921551e-06,4.7103373921551e-06,4.7103373921551e-06,4.7103373921551e-06,0.0
1737956280.0,4.7103373921551e-06,4.7103373921551e-06,4.7103373921551e-06,4.7103373921551e-06,0.0
1737956340.0,4.7103373921551e-06,4.7103373921551e-06,4.7103373921551e-06,4.7103373921551e-06,0.0
1737956400.0,4.7103373921551e-06,4.7103373921551e-06,4.7103373921551e-06,4.7103373921551e-06,0.0
1737956460.0,4.7103373921551e-06,4.7103373921551e-06,4.7103373921551e-06,4.7103373921551e-06,0.0
1737956520.0,4.7103373921551e-06,4.7103373921551e-06,4.7103373921551e-06,4.7103373921551e-06,0.0
1737956580.0,4.7103373921551e-06,4.7103373921551e-06,4.7103373921551e-06,4.7103373921551e-06,0.0
1737956640.0,4.7103373921551e-06,4.7103373921551e-06,4.7103373921551e-06,4.7103373921551e-06,0.0
1737956700.0,4.7103373921551e-06,4.7103373921551e-06,4.7103373921551e-06,4.7103373921551e-06,0.0
1737956760.0,4.7103373921551e-06,4.7103373921551e-06,4.7103373921551e-06,4.7103373921551e-06,0.0
1737956820.0,4.7103373921551e-06,4.7103373921551e-06,4.7103373921551e-06,4.7103373921551e-06,0.0
1737956880.0,4.7103373921551e-06,4.7103373921551e-06,4.7103373921551e-06,4.7103373921551e-06,0.0
1737956940.0,4.7103373921551e-06,4.7103373921551e-06,4.7103373921551e-06,4.7103373921551e-06,0.0
1737957000.0,4.7103373921551e-06,4.7103373921551e-06,4.7103373921551e-06,4.7103373921551e-06,0.0
1737957060.0,4.7103373921551e-06,4.7103373921551e-06,4.7103373921551e-06,4.7103373921551e-06,0.0
1737957120.0,4.7103373921551e-06,4.7103373921551e-06,4.7103373921551e-06,4.7103373921551e-06,0.0
1737957180.0,4.7103373921551e-06,4.7103373921551e-06,4.7103373921551e-06,4.7103373921551e-06,0.0
1737957240.0,4.7103373921551e-06,4.7103373921551e-06,4.7103373921551e-06,4.7103373921551e-06,0.0
1737957300.0,4.7103373921551e-06,4.7103373921551e-06,4.7103373921551e-06,4.7103373921551e-06,0.0
1737957360.0,4.7103373921551e-06,4.7103373921551e-06,4.7103373921551e-06,4.7103373921551e-06,0.0
1737957420.0,4.7103373921551e-06,4.7103373921551e-06,4.7103373921551e-06,4.7103373921551e-06,0.0
1737957480.0,4.7103373921551e-06,4.7103373921551e-06,4.7103373921551e-06,4.7103373921551e-06,0.0
1737957540.0,4.7103373921551e-06,4.7103373921551e-06,4.7103373921551e-06,4.7103373921551e-06,0.0
1737957600.0,4.7103373921551e-06,4.7103373921551e-06,4.7103373921551e-06,4.7103373921551e-06,0.0
1737957660.0,4.7103373921551e-06,4.7103373921551e-06,4.7103373921551e-06,4.7103373921551e-06,0.0
1737957720.0,4.7103373921551e-06,4.7103373921551e-06,4.7103373921551e-06,4.7103373921551e-06,0.0
1737957780.0,4.7103373921551e-06,4.7103373921551e-06,4.7103373921551e-06,4.7103373921551e-06,0.0
1737957840.0,4.7103373921551e-06,4.7103373921551e-06,4.7103373921551e-06,4.7103373921551e-06,0.0
1737957900.0,4.7103373921551e-06,4.7103373921551e-06,4.7103373921551e-06,4.7103373921551e-06,0.0
1737957960.0,4.7103373921551e-06,4.7103373921551e-06,4.7103373921551e-06,4.7103373921551e-06,0.0
1737958020.0,4.7103373921551e-06,4.7103373921551e-06,4.7103373921551e-06,4.7103373921551e-06,0.0
1737958080.0,4.7103373921551e-06,4.7103373921551e-06,4.7103373921551e-06,4.7103373921551e-06,0.0
1737958140.0,4.7103373921551e-06,4.7103373921551e-06,4.7103373921551e-06,4.7103373921551e-06,0.0
1737958200.0,4.7103373921551e-06,4.7103373921551e-06,4.7103373921551e-06,4.7103373921551e-06,0.0
1737958260.0,4.7103373921551e-06,4.7103373921551e-06,4.7103373921551e-06,4.7103373921551e-06,0.0
1737958320.0,4.7103373921551e-06,4.7103373921551e-06,4.7103373921551e-06,4.7103373921551e-06,0.0
1737958380.0,4.7103373921551e-06,4.7103373921551e-06,4.7103373921551e-06,4.7103373921551e-06,0.0
1737958440.0,4.7103373921551e-06,4.7103373921551e-06,4.7103373921551e-06,4.7103373921551e-06,0.0
1737958500.0,4.7103373921551e-06,4.7103373921551e-06,4.7103373921551e-06,4.7103373921551e-06,0.0
1737958560.0,4.7103373921551e-06,4.7103373921551e-06,4.7103373921551e-06,4.7103373921551e-06,0.0
1737958620.0,4.7103373921551e-06,4.7103373921551e-06,4.7103373921551e-06,4.7103373921551e-06,0.0
1737958680.0,4.7103373921551e-06,4.7103373921551e-06,4.7103373921551e-06,4.7103373921551e-06,0.0
1737958740.0,4.7103373921551e-06,4.7103373921551e-06,4.7103373921551e-06,4.7103373921551e-06,0.0
1737958800.0,4.7103373921551e-06,4.7103373921551e-06,4.7103373921551e-06,4.7103373921551e-06,0.0
1737958860.0,4.7103373921551e-06,4.7103373921551e-06,4.7103373921551e-06,4.7103373921551e-06,0.0
1737958920.0,4.7103373921551e-06,4.7103373921551e-06,4.7103373921551e-06,4.7103373921551e-06,0.0
1737958980.0,4.7103373921551e-06,4.7103373921551e-06,4.7103373921551e-06,4.7103373921551e-06,0.0
1737959040.0,4.7103373921551e-06,4.7103373921551e-06,4.7103373921551e-06,4.7103373921551e-06,0.0
1737959100.0,4.7103373921551e-06,4.7103373921551e-06,4.7103373921551e-06,4.7103373921551e-06,0.0
1737959160.0,4.7103373921551e-06,4.7103373921551e-06,4.7103373921551e-06,4.7103373921551e-06,0.0
1737959220.0,4.7103373921551e-06,4.7103373921551e-06,4.7103373921551e-06,4.7103373921551e-06,0.0
1737959280.0,4.7103373921551e-06,4.7103373921551e-06,4.7103373921551e-06,4.7103373921551e-06,0.0
1737959340.0,4.7103373921551e-06,4.7103373921551e-06,4.7103373921551e-06,4.7103373921551e-06,0.0
1737959400.0,4.7103373921551e-06,4.7103373921551e-06,4.7103373921551e-06,4.7103373921551e-06,0.0
1737959460.0,4.7103373921551e-06,4.7103373921551e-06,4.7103373921551e-06,4.7103373921551e-06,0.0
1737959520.0,4.7103373921551e-06,4.7103373921551e-06,4.7103373921551e-06,4.7103373921551e-06,0.0
1737959580.0,4.7103373921551e-06,4.7103373921551e-06,4.7103373921551e-06,4.7103373921551e-06,0.0
1737959640.0,4.7103373921551e-06,4.7103373921551e-06,4.7103373921551e-06,4.7103373921551e-06,0.0
1737959700.0,4.7103373921551e-06,4.7103373921551e-06,4.7103373921551e-06,4.7103373921551e-06,0.0
1737959760.0,4.7103373921551e-06,4.7103373921551e-06,4.7103373921551e-06,4.7103373921551e-06,0.0
1737959820.0,4.7103373921551e-06,4.7103373921551e-06,4.7103373921551e-06,4.7103373921551e-06,0.0
1737959880.0,4.7103373921551e-06,4.7103373921551e-06,4.7103373921551e-06,4.7103373921551e-06,0.0
1737959940.0,4.7103373921551e-06,4.7103373921551e-06,4.7103373921551e-06,4.7103373921551e-06,0.0
1737960000.0,4.7103373921551e-06,4.7103373921551e-06,4.7103373921551e-06,4.7103373921551e-06,0.0
1737960060.0,4.7103373921551e-06,4.7103373921551e-06,4.7103373921551e-06,4.7103373921551e-06,0.0
1737960120.0,4.7103373921551e-06,4.7103373921551e-06,4.7103373921551e-06,4.7103373921551e-06,0.0
1737960180.0,4.7103373921551e-06,4.7103373921551e-06,4.7103373921551e-06,4.7103373921551e-06,0.0
1737960240.0,4.7103373921551e-06,4.7103373921551e-06,4.7103373921551e-06,4.7103373921551e-06,0.0
1737960300.0,4.7103373921551e-06,4.7103373921551e-06,4.7103373921551e-06,4.7103373921551e-06,0.0
1737960360.0,4.7103373921551e-06,4.7103373921551e-06,4.7103373921551e-06,4.7103373921551e-06,0.0
1737960420.0,4.7103373921551e-06,4.7103373921551e-06,4.7103373921551e-06,4.7103373921551e-06,0.0
1737960480.0,4.7103373921551e-06,4.7103373921551e-06,4.7103373921551e-06,4.7103373921551e-06,0.0
1737960540.0,4.7103373921551e-06,4.7103373921551e-06,4.7103373921551e-06,4.7103373921551e-06,0.0
1737960600.0,4.7103373921551e-06,4.7103373921551e-06,4.7103373921551e-06,4.7103373921551e-06,0.0
1737960660.0,4.7103373921551e-06,4.7103373921551e-06,4.7103373921551e-06,4.7103373921551e-06,0.0
1737960720.0,4.7103373921551e-06,4.7103373921551e-06,4.7103373921551e-06,4.7103373921551e-06,0.0
1737960780.0,4.7103373921551e-06,4.7103373921551e-06,4.7103373921551e-06,4.7103373921551e-06,0.0
1737960840.0,4.7103373921551e-06,4.7103373921551e-06,4.7103373921551e-06,4.7103373921551e-06,0.0
1737960900.0,4.7103373921551e-06,4.7103373921551e-06,4.7103373921551e-06,4.7103373921551e-06,0.0
1737960960.0,4.7103373921551e-06,4.7103373921551e-06,4.7103373921551e-06,4.7103373921551e-06,0.0
1737961020.0,4.7103373921551e-06,4.7103373921551e-06,4.7103373921551e-06,4.7103373921551e-06,0.0
1737961080.0,4.7103373921551e-06,4.7103373921551e-06,4.7103373921551e-06,4.7103373921551e-06,0.0
1737961140.0,4.7103373921551e-06,4.7103373921551e-06,4.7103373921551e-06,4.7103373921551e-06,0.0
1737961200.0,4.7103373921551e-06,4.7103373921551e-06,4.7103373921551e-06,4.7103373921551e-06,0.0
1737961260.0,4.7103373921551e-06,4.7103373921551e-06,4.7103373921551e-06,4.7103373921551e-06,0.0
1737961320.0,4.7103373921551e-06,4.7103373921551e-06,4.7103373921551e-06,4.7103373921551e-06,0.0
1737961380.0,4.7103373921551e-06,4.7103373921551e-06,4.7103373921551e-06,4.7103373921551e-06,0.0
