0,1,2,3,4,5
1727914020.0,5.620269832345961e-05,5.668885649580106e-05,2.867357263326945e-05,3.5986084487820905e-05,14597.995057994916
1727914080.0,3.5986084487820905e-05,4.7666405391362224e-05,2.236351297250468e-05,2.6483615526324013e-05,15826.866799661895
1727914140.0,2.6483615526324013e-05,0.0001162736727603,1.865557279294405e-05,2.644088697389105e-05,28238.120754500607
1727914200.0,2.644088697389105e-05,2.7455106885974732e-05,2.1662857014687946e-05,2.1662857014687946e-05,4139.957009729785
1727914260.0,2.1662857014687946e-05,2.1662857014687946e-05,1.0902810033334229e-05,1.26725618897071e-05,8174.162906762572
1727914320.0,1.26725618897071e-05,1.5139315242559325e-05,9.373654935896652e-06,9.696983084712884e-06,3032.1340347084565
1727914380.0,9.696983084712884e-06,9.696983084712884e-06,6.977730408952725e-06,7.279201569549835e-06,2663.030355879509
1727914440.0,7.279201569549835e-06,7.4273807145987485e-06,5.94847879302643e-06,7.249234034857176e-06,1439.5815772809665
1727914500.0,7.249234034857176e-06,1.1168623481148808e-05,7.197961855063049e-06,1.1168623481148808e-05,2408.081442091649
1727914560.0,1.1168623481148808e-05,1.3273541810759174e-05,1.1168623481148808e-05,1.3171452085076251e-05,856.0557843289113
1727914620.0,1.3171452085076251e-05,1.317751627060192e-05,1.0394417394477087e-05,1.0466774177260868e-05,636.1337187112713
1727914680.0,1.0466774177260868e-05,1.6457959729539362e-05,1.0466774177260868e-05,1.6457959729539362e-05,1373.9252680358454
1727914740.0,1.6457959729539362e-05,2.575418210023745e-05,1.5744166733686943e-05,2.460169231107894e-05,3485.7896914674184
1727914800.0,2.460169231107894e-05,3.261629323591673e-05,1.92401628508868e-05,2.4402878773719043e-05,17115.774338573516
1727914860.0,2.4402878773719043e-05,2.5741290133360624e-05,1.5997029278615688e-05,2.130118141587338e-05,4662.728017459673
1727914920.0,2.130118141587338e-05,2.6249812422382344e-05,1.9010961267492633e-05,1.939585871060909e-05,4057.3158006626463
1727914980.0,1.939585871060909e-05,3.6250972402009114e-05,1.939585871060909e-05,2.2232916788753112e-05,8734.162442866305
1727915040.0,2.2232916788753112e-05,4.33863760695135e-05,2.2232916788753112e-05,3.211549158359362e-05,8733.262468999212
1727915100.0,3.211549158359362e-05,5.128422455514591e-05,3.211549158359362e-05,4.495105278634229e-05,7624.669627911784
1727915160.0,4.495105278634229e-05,4.68831627567234e-05,3.2464095972098276e-05,3.642356784004847e-05,5471.200612563909
1727915220.0,3.642356784004847e-05,4.513873585484405e-05,3.540701258931686e-05,4.084190018815562e-05,2659.979329595536
1727915280.0,4.084190018815562e-05,5.2998261190645646e-05,4.02451912580596e-05,5.2998261190645646e-05,2795.5034382240956
1727915340.0,5.2998261190645646e-05,5.454756639076222e-05,3.8728319589973395e-05,3.8728319589973395e-05,2285.2976270274703
1727915400.0,3.8728319589973395e-05,3.8728319589973395e-05,2.878728321506315e-05,3.060123920029919e-05,3032.915584874959
1727915460.0,3.060123920029919e-05,3.060123920029919e-05,1.871446186545739e-05,1.9420647049583113e-05,3480.8578987600167
1727915520.0,1.9420647049583113e-05,1.9420647049583113e-05,1.4299942675308218e-05,1.73476181033833e-05,2610.6120167621325
1727915580.0,1.73476181033833e-05,2.2041596391315843e-05,1.65227966427775e-05,1.8510458436458595e-05,3203.3308271182777
1727915640.0,1.8510458436458595e-05,2.2575974263250275e-05,1.8510458436458595e-05,2.2575974263250275e-05,1467.923034460783
1727915700.0,2.2575974263250275e-05,2.412774061267273e-05,1.840416584591487e-05,1.8805502337908077e-05,3898.237764064799
1727915760.0,1.8805502337908077e-05,1.908261556931529e-05,1.2530364991098296e-05,1.2530364991098296e-05,1293.7452727760028
1727915820.0,1.2530364991098296e-05,1.521658064851769e-05,1.2324518831793576e-05,1.521658064851769e-05,1163.9884137130184
1727915880.0,1.521658064851769e-05,1.521658064851769e-05,1.2892852238193702e-05,1.2892852238193702e-05,515.9511097697167
1727915940.0,1.2892852238193702e-05,1.3157953935940608e-05,1.264153044964038e-05,1.3157953935940608e-05,160.00267736122075
1727916000.0,1.3157953935940608e-05,1.3324778171743016e-05,9.072827896760611e-06,9.072827896760611e-06,1042.7111638735207
1727916060.0,9.072827896760611e-06,9.072827896760611e-06,8.314165918255618e-06,8.78397383447637e-06,332.7942366257612
1727916120.0,8.78397383447637e-06,1.1303734622536442e-05,8.78397383447637e-06,1.0636443306992289e-05,965.7117658665924
1727916180.0,1.0636443306992289e-05,1.0636443306992289e-05,8.025528717732034e-06,8.438501180976258e-06,777.3877930979207
1727916240.0,8.438501180976258e-06,9.310726589521257e-06,8.438501180976258e-06,9.091481618728465e-06,474.439240820033
1727916300.0,9.091481618728465e-06,1.3467214135062048e-05,9.091481618728465e-06,1.3467214135062048e-05,1131.6660638892
1727916360.0,1.3467214135062048e-05,1.3692936014432924e-05,1.2053079075556485e-05,1.2053079075556485e-05,1124.2814316041054
1727916420.0,1.2053079075556485e-05,1.2053079075556485e-05,1.04794464479612e-05,1.04794464479612e-05,195.01053025764736
1727916480.0,1.04794464479612e-05,1.04794464479612e-05,9.945169887575898e-06,9.945169887575898e-06,84.38390201004347
1727916540.0,9.945169887575898e-06,1.0020324737194936e-05,9.588891205554552e-06,9.588891205554552e-06,150.3354452881909
1727916600.0,9.588891205554552e-06,9.588891205554552e-06,7.296708578718221e-06,7.660740901527378e-06,812.925890793067
1727916660.0,7.660740901527378e-06,7.756110408522321e-06,7.046710288546456e-06,7.046710288546456e-06,334.26109294253183
1727916720.0,7.046710288546456e-06,7.108474909684353e-06,6.8866526074079745e-06,6.8866526074079745e-06,105.40615554419333
1727916780.0,6.8866526074079745e-06,6.8866526074079745e-06,6.867124183286539e-06,6.867124183286539e-06,15.614188512327615
1727916840.0,6.867124183286539e-06,6.867124183286539e-06,6.774649142108357e-06,6.774649142108357e-06,86.2889632171952
1727916900.0,6.774649142108357e-06,7.211013843481805e-06,6.774649142108357e-06,7.211013843481805e-06,131.85482390632984
1727916960.0,7.211013843481805e-06,7.700240042439948e-06,7.211013843481805e-06,7.700240042439948e-06,167.47391423883184
1727917020.0,7.700240042439948e-06,1.2575476331357117e-05,7.700240042439948e-06,1.2347717645415342e-05,1871.9183063482276
1727917080.0,1.2347717645415342e-05,1.288899595402099e-05,1.095436451132364e-05,1.0970934251777508e-05,2044.0849076601023
1727917140.0,1.0970934251777508e-05,1.248499196534661e-05,1.0951931150984122e-05,1.2028508971819264e-05,484.8451176609044
1727917200.0,1.2028508971819264e-05,1.2028508971819264e-05,1.1706623027870938e-05,1.1706623027870938e-05,63.74612736828375
1727917260.0,1.1706623027870938e-05,1.2632111623675076e-05,1.1706623027870938e-05,1.2601032622678574e-05,251.2693308636404
1727917320.0,1.2601032622678574e-05,1.6861538428738068e-05,1.2601032622678574e-05,1.6861538428738068e-05,1583.9669782271724
1727917380.0,1.6861538428738068e-05,1.6861538428738068e-05,1.3518678828730288e-05,1.3531907232039535e-05,445.2513992478651
1727917440.0,1.3531907232039535e-05,1.4180288137422184e-05,1.3531907232039535e-05,1.3937722476889984e-05,440.3227923994529
1727917500.0,1.3937722476889984e-05,1.6305054356931734e-05,1.3937722476889984e-05,1.6305054356931734e-05,546.7274413681506
1727917560.0,1.6305054356931734e-05,2.2919792034751565e-05,1.6305054356931734e-05,1.8657510048460005e-05,2181.0844349785966
1727917620.0,1.8657510048460005e-05,1.9428898980929155e-05,1.8657510048460005e-05,1.9428898980929155e-05,212.93984115813737
1727917680.0,1.9428898980929155e-05,1.9428898980929155e-05,1.8615922260969183e-05,1.8615922260969183e-05,177.6943657633258
1727917740.0,1.8615922260969183e-05,1.8615922260969183e-05,1.381296143251239e-05,1.381296143251239e-05,1047.715840324108
1727917800.0,1.381296143251239e-05,1.381296143251239e-05,1.341239920193682e-05,1.3733897215734835e-05,141.312740145421
1727917860.0,1.3733897215734835e-05,1.3931927421287564e-05,1.3733897215734835e-05,1.3854143779817596e-05,21.779797270246725
1727917920.0,1.3854143779817596e-05,1.4328527107981131e-05,1.3815326722475144e-05,1.3815326722475144e-05,354.67701498288125
1727917980.0,1.3815326722475144e-05,1.3815326722475144e-05,1.131360938178682e-05,1.131360938178682e-05,488.856628481756
1727918040.0,1.131360938178682e-05,1.131360938178682e-05,1.0444685021342624e-05,1.0444685021342624e-05,228.55803382470364
1727918100.0,1.0444685021342624e-05,1.0444685021342624e-05,1.0444685021342624e-05,1.0444685021342624e-05,0.0
1727918160.0,1.0444685021342624e-05,1.0444685021342624e-05,1.033573751119699e-05,1.0378123538463476e-05,25.736579165908775
1727918220.0,1.0378123538463476e-05,1.0378123538463476e-05,9.38334411253257e-06,9.444972378304776e-06,285.6732496068441
1727918280.0,9.444972378304776e-06,9.444972378304776e-06,9.070761537819783e-06,9.124779411514644e-06,136.206257728157
1727918340.0,9.124779411514644e-06,9.124779411514644e-06,7.776429915738846e-06,7.779658740168106e-06,360.213667626889
1727918400.0,7.779658740168106e-06,1.0207235220792802e-05,6.920485226038974e-06,7.693596645519113e-06,2119.609550030355
1727918460.0,7.693596645519113e-06,7.778586320572337e-06,6.949414639064786e-06,6.949414639064786e-06,311.0280460066165
1727918520.0,6.949414639064786e-06,8.222084532420831e-06,6.949414639064786e-06,8.222084532420831e-06,480.99376526022303
1727918580.0,8.222084532420831e-06,8.222084532420831e-06,6.8845682740701225e-06,7.373622215829464e-06,533.9243020032117
1727918640.0,7.373622215829464e-06,7.697936896414363e-06,7.373622215829464e-06,7.697936896414363e-06,117.91855374162682
1727918700.0,7.697936896414363e-06,7.697936896414363e-06,7.620124176254149e-06,7.620124176254149e-06,45.38034765546537
1727918760.0,7.620124176254149e-06,7.620124176254149e-06,6.950378871027005e-06,6.950378871027005e-06,197.5346748549015
1727918820.0,6.950378871027005e-06,6.950378871027005e-06,6.782868215512418e-06,6.782868215512418e-06,89.46241261881087
1727918880.0,6.782868215512418e-06,7.036775410128977e-06,6.6356523159928986e-06,7.036775410128977e-06,408.474833742304
1727918940.0,7.036775410128977e-06,7.207735442390718e-06,7.016262760682507e-06,7.207735442390718e-06,106.7657201913354
1727919000.0,7.207735442390718e-06,7.496276084565564e-06,7.207735442390718e-06,7.496276084565564e-06,64.06822333033024
1727919060.0,7.496276084565564e-06,7.557279673357611e-06,7.3781430583714416e-06,7.3781430583714416e-06,102.67363912924766
1727919120.0,7.3781430583714416e-06,7.3781430583714416e-06,7.213253556347907e-06,7.213253556347907e-06,1.2122114865848732
1727919180.0,7.213253556347907e-06,7.213253556347907e-06,6.377182975837654e-06,6.377182975837654e-06,267.6699398162579
1727919240.0,6.377182975837654e-06,6.377182975837654e-06,6.264674283750546e-06,6.264674283750546e-06,23.01692288783894
1727919300.0,6.264674283750546e-06,6.264674283750546e-06,6.264674283750546e-06,6.264674283750546e-06,0.0
1727919360.0,6.264674283750546e-06,6.264674283750546e-06,6.211628252600721e-06,6.211628252600721e-06,26.385185341218868
1727919420.0,6.211628252600721e-06,6.211628252600721e-06,6.211628252600721e-06,6.211628252600721e-06,0.0
1727919480.0,6.211628252600721e-06,6.211628252600721e-06,6.0442336755714685e-06,6.0442336755714685e-06,79.63036281734618
1727919540.0,6.0442336755714685e-06,6.0442336755714685e-06,5.868913425047857e-06,5.868913425047857e-06,33.86395165320977
1727919600.0,5.868913425047857e-06,5.868913425047857e-06,5.815850177568908e-06,5.815850177568908e-06,1.0226392576553691
1727919660.0,5.815850177568908e-06,5.815850177568908e-06,5.815850177568908e-06,5.815850177568908e-06,0.0
1727919720.0,5.815850177568908e-06,6.023238331763736e-06,5.815850177568908e-06,6.023238331763736e-06,77.17009487308927
1727919780.0,6.023238331763736e-06,6.023238331763736e-06,6.023238331763736e-06,6.023238331763736e-06,0.0
1727919840.0,6.023238331763736e-06,6.023238331763736e-06,6.007023811639858e-06,6.007023811639858e-06,4.086649891825619
1727919900.0,6.007023811639858e-06,6.007023811639858e-06,5.908967140664111e-06,5.908967140664111e-06,58.8617997193352
1727919960.0,5.908967140664111e-06,5.908967140664111e-06,5.908967140664111e-06,5.908967140664111e-06,0.0
1727920020.0,5.908967140664111e-06,5.908967140664111e-06,5.793639367998945e-06,5.793639367998945e-06,9.277965815954424
1727920080.0,5.793639367998945e-06,5.828838401060193e-06,5.793639367998945e-06,5.799921698399547e-06,26.650250582785727
1727920140.0,5.799921698399547e-06,5.8741011702140495e-06,5.713534151206639e-06,5.8741011702140495e-06,154.79065219127625
1727920200.0,5.8741011702140495e-06,6.054798315008269e-06,5.8741011702140495e-06,6.054798315008269e-06,15.569410065077076
1727920260.0,6.054798315008269e-06,6.322986158443568e-06,6.054798315008269e-06,6.322986158443568e-06,155.68930811823438
1727920320.0,6.322986158443568e-06,6.322986158443568e-06,6.322986158443568e-06,6.322986158443568e-06,0.0
1727920380.0,6.322986158443568e-06,6.322986158443568e-06,6.322986158443568e-06,6.322986158443568e-06,0.0
1727920440.0,6.322986158443568e-06,6.322986158443568e-06,6.322986158443568e-06,6.322986158443568e-06,0.0
1727920500.0,6.322986158443568e-06,6.372284060416504e-06,6.322986158443568e-06,6.372284060416504e-06,108.52962174084227
1727920560.0,6.372284060416504e-06,6.4552538590571835e-06,6.151549587071761e-06,6.305282666834711e-06,219.5500551224784
1727920620.0,6.305282666834711e-06,6.305282666834711e-06,6.305282666834711e-06,6.305282666834711e-06,0.0
1727920680.0,6.305282666834711e-06,6.305282666834711e-06,6.305282666834711e-06,6.305282666834711e-06,0.0
1727920740.0,6.305282666834711e-06,6.305282666834711e-06,6.305282666834711e-06,6.305282666834711e-06,0.0
1727920800.0,6.305282666834711e-06,6.305282666834711e-06,6.184533499603357e-06,6.184533499603357e-06,7.077153562471036
1727920860.0,6.184533499603357e-06,6.184533499603357e-06,6.184533499603357e-06,6.184533499603357e-06,0.0
1727920920.0,6.184533499603357e-06,6.184533499603357e-06,6.184533499603357e-06,6.184533499603357e-06,0.0
1727920980.0,6.184533499603357e-06,6.184533499603357e-06,6.184533499603357e-06,6.184533499603357e-06,0.0
1727921040.0,6.184533499603357e-06,6.184533499603357e-06,6.1423589088900515e-06,6.1423589088900515e-06,11.05001947511277
1727921100.0,6.1423589088900515e-06,6.1423589088900515e-06,6.1423589088900515e-06,6.1423589088900515e-06,0.0
1727921160.0,6.1423589088900515e-06,6.1423589088900515e-06,6.1423589088900515e-06,6.1423589088900515e-06,0.0
1727921220.0,6.1423589088900515e-06,6.1423589088900515e-06,6.040866317810903e-06,6.040866317810903e-06,44.557517106181955
1727921280.0,6.040866317810903e-06,6.040866317810903e-06,6.040866317810903e-06,6.040866317810903e-06,0.0
1727921340.0,6.040866317810903e-06,6.040866317810903e-06,6.040866317810903e-06,6.040866317810903e-06,0.0
1727921400.0,6.040866317810903e-06,6.040866317810903e-06,6.040866317810903e-06,6.040866317810903e-06,0.0
1727921460.0,6.040866317810903e-06,6.040866317810903e-06,6.040866317810903e-06,6.040866317810903e-06,0.0
1727921520.0,6.040866317810903e-06,6.062335556680186e-06,6.040866317810903e-06,6.062335556680186e-06,7.113497662567784
1727921580.0,6.062335556680186e-06,6.229453517479459e-06,6.062335556680186e-06,6.229453517479459e-06,100.02106645079796
1727921640.0,6.229453517479459e-06,6.525298014795299e-06,6.229453517479459e-06,6.525298014795299e-06,84.50348982477493
1727921700.0,6.525298014795299e-06,6.525298014795299e-06,6.525298014795299e-06,6.525298014795299e-06,0.0
1727921760.0,6.525298014795299e-06,6.525298014795299e-06,6.525298014795299e-06,6.525298014795299e-06,0.0
1727921820.0,6.525298014795299e-06,6.525298014795299e-06,6.525298014795299e-06,6.525298014795299e-06,0.0
1727921880.0,6.525298014795299e-06,6.525298014795299e-06,6.525298014795299e-06,6.525298014795299e-06,0.0
1727921940.0,6.525298014795299e-06,6.525298014795299e-06,6.525298014795299e-06,6.525298014795299e-06,0.0
1727922000.0,6.525298014795299e-06,6.525298014795299e-06,6.525298014795299e-06,6.525298014795299e-06,0.0
1727922060.0,6.525298014795299e-06,6.821156222406911e-06,6.525298014795299e-06,6.821156222406911e-06,96.72440543280648
1727922120.0,6.821156222406911e-06,6.821156222406911e-06,6.821156222406911e-06,6.821156222406911e-06,0.0
1727922180.0,6.821156222406911e-06,6.821156222406911e-06,6.821156222406911e-06,6.821156222406911e-06,0.0
1727922240.0,6.821156222406911e-06,6.821156222406911e-06,6.821156222406911e-06,6.821156222406911e-06,0.0
1727922300.0,6.821156222406911e-06,6.821156222406911e-06,6.821156222406911e-06,6.821156222406911e-06,0.0
1727922360.0,6.821156222406911e-06,6.941937139403947e-06,6.821156222406911e-06,6.941937139403947e-06,1.0433374525297834
1727922420.0,6.941937139403947e-06,6.941937139403947e-06,6.941937139403947e-06,6.941937139403947e-06,0.0
1727922480.0,6.941937139403947e-06,6.941937139403947e-06,6.923152969923649e-06,6.923152969923649e-06,9.215140354491504
1727922540.0,6.923152969923649e-06,6.923152969923649e-06,6.761799781364088e-06,6.761799781364088e-06,87.56621961573205
1727922600.0,6.761799781364088e-06,6.761799781364088e-06,6.761799781364088e-06,6.761799781364088e-06,0.0
1727922660.0,6.761799781364088e-06,6.761799781364088e-06,6.761799781364088e-06,6.761799781364088e-06,0.0
1727922720.0,6.761799781364088e-06,6.761799781364088e-06,6.641189519891744e-06,6.641189519891744e-06,28.3475943316097
1727922780.0,6.641189519891744e-06,6.641189519891744e-06,6.641189519891744e-06,6.641189519891744e-06,0.0
1727922840.0,6.641189519891744e-06,6.641189519891744e-06,6.297412287104071e-06,6.297412287104071e-06,196.56495068471568
1727922900.0,6.297412287104071e-06,6.297412287104071e-06,6.297412287104071e-06,6.297412287104071e-06,0.0
1727922960.0,6.297412287104071e-06,6.297412287104071e-06,6.297412287104071e-06,6.297412287104071e-06,0.0
1727923020.0,6.297412287104071e-06,6.297412287104071e-06,6.054765000648322e-06,6.054765000648322e-06,21.31314690745987
1727923080.0,6.054765000648322e-06,6.054765000648322e-06,6.038301807232993e-06,6.038301807232993e-06,4.816168349556398
1727923140.0,6.038301807232993e-06,6.038301807232993e-06,6.038301807232993e-06,6.038301807232993e-06,0.0
1727923200.0,6.038301807232993e-06,6.259457847876499e-06,6.038301807232993e-06,6.259457847876499e-06,127.60624807736144
1727923260.0,6.259457847876499e-06,6.259457847876499e-06,6.259457847876499e-06,6.259457847876499e-06,0.0
1727923320.0,6.259457847876499e-06,6.259457847876499e-06,6.259457847876499e-06,6.259457847876499e-06,0.0
1727923380.0,6.259457847876499e-06,6.943930676389099e-06,6.259457847876499e-06,6.880601227058059e-06,173.09195619846864
1727923440.0,6.880601227058059e-06,6.992560095916247e-06,6.880601227058059e-06,6.992560095916247e-06,70.89053893111785
1727923500.0,6.992560095916247e-06,6.992560095916247e-06,6.992560095916247e-06,6.992560095916247e-06,0.0
1727923560.0,6.992560095916247e-06,6.992560095916247e-06,6.992560095916247e-06,6.992560095916247e-06,0.0
1727923620.0,6.992560095916247e-06,6.992560095916247e-06,6.992560095916247e-06,6.992560095916247e-06,0.0
1727923680.0,6.992560095916247e-06,6.992560095916247e-06,6.992560095916247e-06,6.992560095916247e-06,0.0
1727923740.0,6.992560095916247e-06,6.992560095916247e-06,6.992560095916247e-06,6.992560095916247e-06,0.0
1727923800.0,6.992560095916247e-06,6.992560095916247e-06,6.899684689019103e-06,6.899684689019103e-06,110.78240151138723
1727923860.0,6.899684689019103e-06,6.899684689019103e-06,6.899684689019103e-06,6.899684689019103e-06,0.0
1727923920.0,6.899684689019103e-06,6.899684689019103e-06,6.899684689019103e-06,6.899684689019103e-06,0.0
1727923980.0,6.899684689019103e-06,6.899684689019103e-06,6.899684689019103e-06,6.899684689019103e-06,0.0
1727924040.0,6.899684689019103e-06,6.899684689019103e-06,6.899684689019103e-06,6.899684689019103e-06,0.0
1727924100.0,6.899684689019103e-06,6.899684689019103e-06,6.899684689019103e-06,6.899684689019103e-06,0.0
1727924160.0,6.899684689019103e-06,6.899684689019103e-06,6.899684689019103e-06,6.899684689019103e-06,0.0
1727924220.0,6.899684689019103e-06,6.899684689019103e-06,6.666804218448816e-06,6.666804218448816e-06,32.850247410560215
1727924280.0,6.666804218448816e-06,6.666804218448816e-06,6.666804218448816e-06,6.666804218448816e-06,0.0
1727924340.0,6.666804218448816e-06,6.666804218448816e-06,6.666804218448816e-06,6.666804218448816e-06,0.0
1727924400.0,6.666804218448816e-06,6.666804218448816e-06,6.666804218448816e-06,6.666804218448816e-06,0.0
1727924460.0,6.666804218448816e-06,6.666804218448816e-06,6.666804218448816e-06,6.666804218448816e-06,0.0
1727924520.0,6.666804218448816e-06,6.666804218448816e-06,6.666804218448816e-06,6.666804218448816e-06,0.0
1727924580.0,6.666804218448816e-06,6.878159133105542e-06,6.666804218448816e-06,6.878159133105542e-06,142.03985654210703
1727924640.0,6.878159133105542e-06,6.878159133105542e-06,6.878159133105542e-06,6.878159133105542e-06,0.0
1727924700.0,6.878159133105542e-06,6.878159133105542e-06,6.878159133105542e-06,6.878159133105542e-06,0.0
1727924760.0,6.878159133105542e-06,8.103725400662906e-06,6.878159133105542e-06,8.103725400662906e-06,426.05314985943096
1727924820.0,8.103725400662906e-06,8.871823625583757e-06,8.103725400662906e-06,8.727382121049571e-06,223.14864146017115
1727924880.0,8.727382121049571e-06,8.727382121049571e-06,8.672199545969827e-06,8.672199545969827e-06,70.99483962472567
1727924940.0,8.672199545969827e-06,8.816150791467618e-06,8.672199545969827e-06,8.816150791467618e-06,14.17220113910607
1727925000.0,8.816150791467618e-06,9.511254150434424e-06,8.816150791467618e-06,9.511254150434424e-06,212.48534165199183
1727925060.0,9.511254150434424e-06,9.511254150434424e-06,9.511254150434424e-06,9.511254150434424e-06,0.0
1727925120.0,9.511254150434424e-06,9.511254150434424e-06,9.511254150434424e-06,9.511254150434424e-06,0.0
1727925180.0,9.511254150434424e-06,9.511254150434424e-06,8.988530757273094e-06,8.988530757273094e-06,315.0478454786821
1727925240.0,8.988530757273094e-06,8.988530757273094e-06,8.343941505197758e-06,8.343941505197758e-06,34.41517021292088
1727925300.0,8.343941505197758e-06,8.386706536054303e-06,8.343941505197758e-06,8.386706536054303e-06,35.04800810572727
1727925360.0,8.386706536054303e-06,8.386706536054303e-06,8.06964622259619e-06,8.06964622259619e-06,185.5704854480409
1727925420.0,8.06964622259619e-06,8.06964622259619e-06,8.06964622259619e-06,8.06964622259619e-06,0.0
1727925480.0,8.06964622259619e-06,8.06964622259619e-06,8.06964622259619e-06,8.06964622259619e-06,0.0
1727925540.0,8.06964622259619e-06,8.06964622259619e-06,7.732663355920316e-06,7.779468605393355e-06,29.456678103623737
1727925600.0,7.779468605393355e-06,7.779468605393355e-06,7.779468605393355e-06,7.779468605393355e-06,0.0
1727925660.0,7.779468605393355e-06,7.779468605393355e-06,7.779468605393355e-06,7.779468605393355e-06,0.0
1727925720.0,7.779468605393355e-06,7.779468605393355e-06,7.779468605393355e-06,7.779468605393355e-06,0.0
1727925780.0,7.779468605393355e-06,7.779468605393355e-06,7.779468605393355e-06,7.779468605393355e-06,0.0
1727925840.0,7.779468605393355e-06,7.779468605393355e-06,7.779468605393355e-06,7.779468605393355e-06,0.0
1727925900.0,7.779468605393355e-06,7.779468605393355e-06,7.779468605393355e-06,7.779468605393355e-06,0.0
1727925960.0,7.779468605393355e-06,7.779468605393355e-06,7.779468605393355e-06,7.779468605393355e-06,0.0
1727926020.0,7.779468605393355e-06,7.779468605393355e-06,7.779468605393355e-06,7.779468605393355e-06,0.0
1727926080.0,7.779468605393355e-06,7.779468605393355e-06,7.779468605393355e-06,7.779468605393355e-06,0.0
1727926140.0,7.779468605393355e-06,7.779468605393355e-06,7.779468605393355e-06,7.779468605393355e-06,0.0
1727926200.0,7.779468605393355e-06,7.779468605393355e-06,7.779468605393355e-06,7.779468605393355e-06,0.0
1727926260.0,7.779468605393355e-06,7.779468605393355e-06,7.779468605393355e-06,7.779468605393355e-06,0.0
1727926320.0,7.779468605393355e-06,7.779468605393355e-06,7.779468605393355e-06,7.779468605393355e-06,0.0
1727926380.0,7.779468605393355e-06,7.779468605393355e-06,7.779468605393355e-06,7.779468605393355e-06,0.0
1727926440.0,7.779468605393355e-06,7.779468605393355e-06,7.779468605393355e-06,7.779468605393355e-06,0.0
1727926500.0,7.779468605393355e-06,7.784584623083448e-06,7.779468605393355e-06,7.784584623083448e-06,7.947366754735921
1727926560.0,7.784584623083448e-06,7.784584623083448e-06,7.784584623083448e-06,7.784584623083448e-06,0.0
1727926620.0,7.784584623083448e-06,7.784584623083448e-06,7.784584623083448e-06,7.784584623083448e-06,0.0
1727926680.0,7.784584623083448e-06,7.784584623083448e-06,7.726127555568804e-06,7.726127555568804e-06,25.261712679358222
1727926740.0,7.726127555568804e-06,7.726127555568804e-06,7.726127555568804e-06,7.726127555568804e-06,0.0
1727926800.0,7.726127555568804e-06,7.726127555568804e-06,7.316328662113708e-06,7.316328662113708e-06,175.68382946357136
1727926860.0,7.316328662113708e-06,7.316328662113708e-06,7.316328662113708e-06,7.316328662113708e-06,0.0
1727926920.0,7.316328662113708e-06,7.316328662113708e-06,7.316328662113708e-06,7.316328662113708e-06,0.0
1727926980.0,7.316328662113708e-06,7.316328662113708e-06,7.316328662113708e-06,7.316328662113708e-06,0.0
1727927040.0,7.316328662113708e-06,7.316328662113708e-06,7.316328662113708e-06,7.316328662113708e-06,0.0
1727927100.0,7.316328662113708e-06,7.316328662113708e-06,7.075127879420651e-06,7.075127879420651e-06,1.4104662517269868
1727927160.0,7.075127879420651e-06,7.075127879420651e-06,7.075127879420651e-06,7.075127879420651e-06,0.0
1727927220.0,7.075127879420651e-06,7.075127879420651e-06,7.075127879420651e-06,7.075127879420651e-06,0.0
1727927280.0,7.075127879420651e-06,7.075127879420651e-06,7.075127879420651e-06,7.075127879420651e-06,0.0
1727927340.0,7.075127879420651e-06,7.075127879420651e-06,7.075127879420651e-06,7.075127879420651e-06,0.0
1727927400.0,7.075127879420651e-06,7.075127879420651e-06,7.075127879420651e-06,7.075127879420651e-06,0.0
1727927460.0,7.075127879420651e-06,7.075127879420651e-06,7.075127879420651e-06,7.075127879420651e-06,0.0
1727927520.0,7.075127879420651e-06,7.075127879420651e-06,7.075127879420651e-06,7.075127879420651e-06,0.0
1727927580.0,7.075127879420651e-06,7.075127879420651e-06,7.075127879420651e-06,7.075127879420651e-06,0.0
1727927640.0,7.075127879420651e-06,7.075127879420651e-06,7.075127879420651e-06,7.075127879420651e-06,0.0
1727927700.0,7.075127879420651e-06,7.075127879420651e-06,7.075127879420651e-06,7.075127879420651e-06,0.0
1727927760.0,7.075127879420651e-06,7.075127879420651e-06,7.058431520692362e-06,7.058431520692362e-06,8.355269011638468
1727927820.0,7.058431520692362e-06,7.058431520692362e-06,7.058431520692362e-06,7.058431520692362e-06,0.0
1727927880.0,7.058431520692362e-06,7.058431520692362e-06,7.058431520692362e-06,7.058431520692362e-06,0.0
1727927940.0,7.058431520692362e-06,7.058431520692362e-06,7.058431520692362e-06,7.058431520692362e-06,0.0
1727928000.0,7.058431520692362e-06,7.058431520692362e-06,7.058431520692362e-06,7.058431520692362e-06,0.0
1727928060.0,7.058431520692362e-06,7.058431520692362e-06,7.058431520692362e-06,7.058431520692362e-06,0.0
1727928120.0,7.058431520692362e-06,7.058431520692362e-06,6.957772980650691e-06,6.957772980650691e-06,55.678660789942015
1727928180.0,6.957772980650691e-06,6.957772980650691e-06,6.8609844461828614e-06,6.8609844461828614e-06,2.582420799870628
1727928240.0,6.8609844461828614e-06,6.8609844461828614e-06,6.8609844461828614e-06,6.8609844461828614e-06,0.0
1727928300.0,6.8609844461828614e-06,6.8609844461828614e-06,6.8609844461828614e-06,6.8609844461828614e-06,0.0
1727928360.0,6.8609844461828614e-06,6.8609844461828614e-06,6.8609844461828614e-06,6.8609844461828614e-06,0.0
1727928420.0,6.8609844461828614e-06,6.8609844461828614e-06,6.8609844461828614e-06,6.8609844461828614e-06,0.0
1727928480.0,6.8609844461828614e-06,6.8609844461828614e-06,6.8609844461828614e-06,6.8609844461828614e-06,0.0
1727928540.0,6.8609844461828614e-06,6.8609844461828614e-06,6.8609844461828614e-06,6.8609844461828614e-06,0.0
1727928600.0,6.8609844461828614e-06,6.8609844461828614e-06,6.8609844461828614e-06,6.8609844461828614e-06,0.0
1727928660.0,6.8609844461828614e-06,6.8609844461828614e-06,6.8609844461828614e-06,6.8609844461828614e-06,0.0
1727928720.0,6.8609844461828614e-06,6.8609844461828614e-06,6.8609844461828614e-06,6.8609844461828614e-06,0.0
1727928780.0,6.8609844461828614e-06,6.8609844461828614e-06,6.8609844461828614e-06,6.8609844461828614e-06,0.0
1727928840.0,6.8609844461828614e-06,6.8609844461828614e-06,6.853286428694632e-06,6.853286428694632e-06,1.5711187455493434
1727928900.0,6.853286428694632e-06,6.853286428694632e-06,6.853286428694632e-06,6.853286428694632e-06,0.0
1727928960.0,6.853286428694632e-06,6.853286428694632e-06,6.853286428694632e-06,6.853286428694632e-06,0.0
1727929020.0,6.853286428694632e-06,6.853286428694632e-06,6.853286428694632e-06,6.853286428694632e-06,0.0
1727929080.0,6.853286428694632e-06,6.853286428694632e-06,6.849332840205071e-06,6.849332840205071e-06,0.5521816578350207
1727929140.0,6.849332840205071e-06,6.849332840205071e-06,6.849332840205071e-06,6.849332840205071e-06,0.0
1727929200.0,6.849332840205071e-06,6.849332840205071e-06,6.849332840205071e-06,6.849332840205071e-06,0.0
1727929260.0,6.849332840205071e-06,6.849332840205071e-06,6.849332840205071e-06,6.849332840205071e-06,0.0
1727929320.0,6.849332840205071e-06,6.849332840205071e-06,6.849332840205071e-06,6.849332840205071e-06,0.0
1727929380.0,6.849332840205071e-06,6.849332840205071e-06,6.849332840205071e-06,6.849332840205071e-06,0.0
1727929440.0,6.849332840205071e-06,6.849332840205071e-06,6.849332840205071e-06,6.849332840205071e-06,0.0
1727929500.0,6.849332840205071e-06,6.849332840205071e-06,6.849332840205071e-06,6.849332840205071e-06,0.0
1727929560.0,6.849332840205071e-06,6.849332840205071e-06,6.849332840205071e-06,6.849332840205071e-06,0.0
1727929620.0,6.849332840205071e-06,6.849332840205071e-06,6.849332840205071e-06,6.849332840205071e-06,0.0
1727929680.0,6.849332840205071e-06,6.849332840205071e-06,6.849332840205071e-06,6.849332840205071e-06,0.0
1727929740.0,6.849332840205071e-06,6.849332840205071e-06,6.849332840205071e-06,6.849332840205071e-06,0.0
1727929800.0,6.849332840205071e-06,6.849332840205071e-06,6.849332840205071e-06,6.849332840205071e-06,0.0
1727929860.0,6.849332840205071e-06,6.849332840205071e-06,6.849332840205071e-06,6.849332840205071e-06,0.0
1727929920.0,6.849332840205071e-06,6.849332840205071e-06,6.849332840205071e-06,6.849332840205071e-06,0.0
1727929980.0,6.849332840205071e-06,6.849332840205071e-06,6.849332840205071e-06,6.849332840205071e-06,0.0
1727930040.0,6.849332840205071e-06,6.849332840205071e-06,6.849332840205071e-06,6.849332840205071e-06,0.0
1727930100.0,6.849332840205071e-06,6.849332840205071e-06,6.849332840205071e-06,6.849332840205071e-06,0.0
1727930160.0,6.849332840205071e-06,6.849332840205071e-06,6.849332840205071e-06,6.849332840205071e-06,0.0
1727930220.0,6.849332840205071e-06,6.849332840205071e-06,6.849332840205071e-06,6.849332840205071e-06,0.0
1727930280.0,6.849332840205071e-06,6.849332840205071e-06,6.849332840205071e-06,6.849332840205071e-06,0.0
1727930340.0,6.849332840205071e-06,6.849332840205071e-06,6.849332840205071e-06,6.849332840205071e-06,0.0
1727930400.0,6.849332840205071e-06,6.849332840205071e-06,6.849332840205071e-06,6.849332840205071e-06,0.0
1727930460.0,6.849332840205071e-06,6.849332840205071e-06,6.849332840205071e-06,6.849332840205071e-06,0.0
1727930520.0,6.849332840205071e-06,6.849332840205071e-06,6.849332840205071e-06,6.849332840205071e-06,0.0
1727930580.0,6.849332840205071e-06,6.849332840205071e-06,6.849332840205071e-06,6.849332840205071e-06,0.0
1727930640.0,6.849332840205071e-06,6.849332840205071e-06,6.849332840205071e-06,6.849332840205071e-06,0.0
1727930700.0,6.849332840205071e-06,6.849332840205071e-06,6.849332840205071e-06,6.849332840205071e-06,0.0
1727930760.0,6.849332840205071e-06,6.849332840205071e-06,6.849332840205071e-06,6.849332840205071e-06,0.0
1727930820.0,6.849332840205071e-06,6.849332840205071e-06,6.764953850256389e-06,6.764953850256389e-06,48.44092799367079
1727930880.0,6.764953850256389e-06,6.764953850256389e-06,6.764953850256389e-06,6.764953850256389e-06,0.0
1727930940.0,6.764953850256389e-06,6.764953850256389e-06,6.764953850256389e-06,6.764953850256389e-06,0.0
1727931000.0,6.764953850256389e-06,6.764953850256389e-06,6.764953850256389e-06,6.764953850256389e-06,0.0
1727931060.0,6.764953850256389e-06,6.764953850256389e-06,6.764953850256389e-06,6.764953850256389e-06,0.0
1727931120.0,6.764953850256389e-06,6.764953850256389e-06,6.580011567465048e-06,6.580011567465048e-06,64.80800695852852
1727931180.0,6.580011567465048e-06,6.580011567465048e-06,6.580011567465048e-06,6.580011567465048e-06,0.0
1727931240.0,6.580011567465048e-06,6.580011567465048e-06,6.580011567465048e-06,6.580011567465048e-06,0.0
1727931300.0,6.580011567465048e-06,6.580011567465048e-06,6.580011567465048e-06,6.580011567465048e-06,0.0
1727931360.0,6.580011567465048e-06,6.580011567465048e-06,6.580011567465048e-06,6.580011567465048e-06,0.0
1727931420.0,6.580011567465048e-06,6.580011567465048e-06,6.452441075846973e-06,6.452441075846973e-06,8.261110218696622
1727931480.0,6.452441075846973e-06,6.452441075846973e-06,6.452441075846973e-06,6.452441075846973e-06,0.0
1727931540.0,6.452441075846973e-06,6.452441075846973e-06,5.7742860429623776e-06,5.7742860429623776e-06,241.0602942034729
1727931600.0,5.7742860429623776e-06,5.7742860429623776e-06,5.66877394050121e-06,5.66877394050121e-06,12.471302669102664
1727931660.0,5.66877394050121e-06,5.66877394050121e-06,5.66877394050121e-06,5.66877394050121e-06,0.0
1727931720.0,5.66877394050121e-06,5.66877394050121e-06,5.66877394050121e-06,5.66877394050121e-06,0.0
1727931780.0,5.66877394050121e-06,5.68898064340996e-06,5.66877394050121e-06,5.68898064340996e-06,7.113015708888374
1727931840.0,5.68898064340996e-06,5.68898064340996e-06,5.68898064340996e-06,5.68898064340996e-06,0.0
1727931900.0,5.68898064340996e-06,5.68898064340996e-06,5.68898064340996e-06,5.68898064340996e-06,0.0
1727931960.0,5.68898064340996e-06,5.68898064340996e-06,5.68898064340996e-06,5.68898064340996e-06,0.0
1727932020.0,5.68898064340996e-06,5.68898064340996e-06,5.68898064340996e-06,5.68898064340996e-06,0.0
1727932080.0,5.68898064340996e-06,5.68898064340996e-06,5.68898064340996e-06,5.68898064340996e-06,0.0
1727932140.0,5.68898064340996e-06,5.68898064340996e-06,5.68898064340996e-06,5.68898064340996e-06,0.0
1727932200.0,5.68898064340996e-06,5.68898064340996e-06,5.655263888434315e-06,5.655263888434315e-06,11.475037633274276
1727932260.0,5.655263888434315e-06,5.655263888434315e-06,5.655263888434315e-06,5.655263888434315e-06,0.0
1727932320.0,5.655263888434315e-06,5.655263888434315e-06,5.655263888434315e-06,5.655263888434315e-06,0.0
1727932380.0,5.655263888434315e-06,5.655263888434315e-06,5.655263888434315e-06,5.655263888434315e-06,0.0
1727932440.0,5.655263888434315e-06,5.655263888434315e-06,5.655263888434315e-06,5.655263888434315e-06,0.0
1727932500.0,5.655263888434315e-06,5.655263888434315e-06,5.655263888434315e-06,5.655263888434315e-06,0.0
1727932560.0,5.655263888434315e-06,5.655263888434315e-06,5.655263888434315e-06,5.655263888434315e-06,0.0
1727932620.0,5.655263888434315e-06,5.655263888434315e-06,5.655263888434315e-06,5.655263888434315e-06,0.0
1727932680.0,5.655263888434315e-06,5.655263888434315e-06,5.655263888434315e-06,5.655263888434315e-06,0.0
1727932740.0,5.655263888434315e-06,5.655263888434315e-06,5.655263888434315e-06,5.655263888434315e-06,0.0
1727932800.0,5.655263888434315e-06,5.655263888434315e-06,5.655263888434315e-06,5.655263888434315e-06,0.0
1727932860.0,5.655263888434315e-06,5.655263888434315e-06,5.655263888434315e-06,5.655263888434315e-06,0.0
1727932920.0,5.655263888434315e-06,5.655263888434315e-06,5.655263888434315e-06,5.655263888434315e-06,0.0
1727932980.0,5.655263888434315e-06,5.676303097819267e-06,5.655263888434315e-06,5.676303097819267e-06,12.67711897214732
1727933040.0,5.676303097819267e-06,5.676303097819267e-06,5.676303097819267e-06,5.676303097819267e-06,0.0
1727933100.0,5.676303097819267e-06,5.676303097819267e-06,5.676303097819267e-06,5.676303097819267e-06,0.0
1727933160.0,5.676303097819267e-06,5.676303097819267e-06,5.676303097819267e-06,5.676303097819267e-06,0.0
1727933220.0,5.676303097819267e-06,5.676303097819267e-06,5.676303097819267e-06,5.676303097819267e-06,0.0
1727933280.0,5.676303097819267e-06,5.676303097819267e-06,5.676303097819267e-06,5.676303097819267e-06,0.0
1727933340.0,5.676303097819267e-06,5.676303097819267e-06,5.676303097819267e-06,5.676303097819267e-06,0.0
1727933400.0,5.676303097819267e-06,5.676303097819267e-06,5.676303097819267e-06,5.676303097819267e-06,0.0
1727933460.0,5.676303097819267e-06,5.676303097819267e-06,5.676303097819267e-06,5.676303097819267e-06,0.0
1727933520.0,5.676303097819267e-06,5.676303097819267e-06,5.676303097819267e-06,5.676303097819267e-06,0.0
1727933580.0,5.676303097819267e-06,5.676303097819267e-06,5.676303097819267e-06,5.676303097819267e-06,0.0
1727933640.0,5.676303097819267e-06,5.676303097819267e-06,5.676303097819267e-06,5.676303097819267e-06,0.0
1727933700.0,5.676303097819267e-06,5.676303097819267e-06,5.676303097819267e-06,5.676303097819267e-06,0.0
1727933760.0,5.676303097819267e-06,5.676303097819267e-06,5.676303097819267e-06,5.676303097819267e-06,0.0
1727933820.0,5.676303097819267e-06,5.676303097819267e-06,5.676303097819267e-06,5.676303097819267e-06,0.0
1727933880.0,5.676303097819267e-06,5.676303097819267e-06,5.676303097819267e-06,5.676303097819267e-06,0.0
1727933940.0,5.676303097819267e-06,5.676303097819267e-06,5.676303097819267e-06,5.676303097819267e-06,0.0
1727934000.0,5.676303097819267e-06,5.676303097819267e-06,5.676303097819267e-06,5.676303097819267e-06,0.0
1727934060.0,5.676303097819267e-06,5.676303097819267e-06,5.676303097819267e-06,5.676303097819267e-06,0.0
1727934120.0,5.676303097819267e-06,5.676303097819267e-06,5.676303097819267e-06,5.676303097819267e-06,0.0
1727934180.0,5.676303097819267e-06,5.676303097819267e-06,5.676303097819267e-06,5.676303097819267e-06,0.0
1727934240.0,5.676303097819267e-06,5.676303097819267e-06,5.676303097819267e-06,5.676303097819267e-06,0.0
1727934300.0,5.676303097819267e-06,5.676303097819267e-06,5.676303097819267e-06,5.676303097819267e-06,0.0
1727934360.0,5.676303097819267e-06,5.676303097819267e-06,5.676303097819267e-06,5.676303097819267e-06,0.0
1727934420.0,5.676303097819267e-06,5.676303097819267e-06,5.676303097819267e-06,5.676303097819267e-06,0.0
1727934480.0,5.676303097819267e-06,5.676303097819267e-06,5.676303097819267e-06,5.676303097819267e-06,0.0
1727934540.0,5.676303097819267e-06,5.676303097819267e-06,5.676303097819267e-06,5.676303097819267e-06,0.0
1727934600.0,5.676303097819267e-06,5.676303097819267e-06,5.676303097819267e-06,5.676303097819267e-06,0.0
1727934660.0,5.676303097819267e-06,5.676303097819267e-06,5.676303097819267e-06,5.676303097819267e-06,0.0
1727934720.0,5.676303097819267e-06,5.676303097819267e-06,5.676303097819267e-06,5.676303097819267e-06,0.0
1727934780.0,5.676303097819267e-06,5.676303097819267e-06,5.676303097819267e-06,5.676303097819267e-06,0.0
1727934840.0,5.676303097819267e-06,5.676303097819267e-06,5.676303097819267e-06,5.676303097819267e-06,0.0
1727934900.0,5.676303097819267e-06,5.676303097819267e-06,5.676303097819267e-06,5.676303097819267e-06,0.0
1727934960.0,5.676303097819267e-06,5.676303097819267e-06,5.676303097819267e-06,5.676303097819267e-06,0.0
1727935020.0,5.676303097819267e-06,5.676303097819267e-06,5.676303097819267e-06,5.676303097819267e-06,0.0
1727935080.0,5.676303097819267e-06,5.676303097819267e-06,5.676303097819267e-06,5.676303097819267e-06,0.0
1727935140.0,5.676303097819267e-06,5.676303097819267e-06,5.676303097819267e-06,5.676303097819267e-06,0.0
1727935200.0,5.676303097819267e-06,5.676303097819267e-06,5.639250273275552e-06,5.639250273275552e-06,0.0076790400802963
1727935260.0,5.639250273275552e-06,5.639250273275552e-06,5.639250273275552e-06,5.639250273275552e-06,0.0
1727935320.0,5.639250273275552e-06,5.639250273275552e-06,5.639250273275552e-06,5.639250273275552e-06,0.0
1727935380.0,5.639250273275552e-06,5.639250273275552e-06,5.639250273275552e-06,5.639250273275552e-06,0.0
1727935440.0,5.639250273275552e-06,5.639250273275552e-06,5.615246807131439e-06,5.615246807131439e-06,15.37079319414116
1727935500.0,5.615246807131439e-06,5.615246807131439e-06,5.615246807131439e-06,5.615246807131439e-06,0.0
1727935560.0,5.615246807131439e-06,5.615246807131439e-06,5.615246807131439e-06,5.615246807131439e-06,0.0
1727935620.0,5.615246807131439e-06,5.615246807131439e-06,5.615246807131439e-06,5.615246807131439e-06,0.0
1727935680.0,5.615246807131439e-06,5.615246807131439e-06,5.615246807131439e-06,5.615246807131439e-06,0.0
1727935740.0,5.615246807131439e-06,5.615246807131439e-06,5.615246807131439e-06,5.615246807131439e-06,0.0
1727935800.0,5.615246807131439e-06,5.615246807131439e-06,5.615246807131439e-06,5.615246807131439e-06,0.0
1727935860.0,5.615246807131439e-06,5.615246807131439e-06,5.615246807131439e-06,5.615246807131439e-06,0.0
1727935920.0,5.615246807131439e-06,5.615246807131439e-06,5.615246807131439e-06,5.615246807131439e-06,0.0
1727935980.0,5.615246807131439e-06,5.615246807131439e-06,5.615246807131439e-06,5.615246807131439e-06,0.0
1727936040.0,5.615246807131439e-06,5.615246807131439e-06,5.615246807131439e-06,5.615246807131439e-06,0.0
1727936100.0,5.615246807131439e-06,5.615246807131439e-06,5.615246807131439e-06,5.615246807131439e-06,0.0
1727936160.0,5.615246807131439e-06,5.615246807131439e-06,5.615246807131439e-06,5.615246807131439e-06,0.0
1727936220.0,5.615246807131439e-06,5.615246807131439e-06,5.600148841099005e-06,5.600148841099005e-06,6.726033715100167
1727936280.0,5.600148841099005e-06,5.600148841099005e-06,5.600148841099005e-06,5.600148841099005e-06,0.0
1727936340.0,5.600148841099005e-06,5.600148841099005e-06,5.600148841099005e-06,5.600148841099005e-06,0.0
1727936400.0,5.600148841099005e-06,5.600148841099005e-06,5.600148841099005e-06,5.600148841099005e-06,0.0
1727936460.0,5.600148841099005e-06,5.600148841099005e-06,5.600148841099005e-06,5.600148841099005e-06,0.0
1727936520.0,5.600148841099005e-06,5.600148841099005e-06,5.600148841099005e-06,5.600148841099005e-06,0.0
1727936580.0,5.600148841099005e-06,5.600148841099005e-06,5.600148841099005e-06,5.600148841099005e-06,0.0
1727936640.0,5.600148841099005e-06,5.600148841099005e-06,5.600148841099005e-06,5.600148841099005e-06,0.0
1727936700.0,5.600148841099005e-06,5.600148841099005e-06,5.600148841099005e-06,5.600148841099005e-06,0.0
1727936760.0,5.600148841099005e-06,5.600148841099005e-06,5.600148841099005e-06,5.600148841099005e-06,0.0
1727936820.0,5.600148841099005e-06,5.600148841099005e-06,5.600148841099005e-06,5.600148841099005e-06,0.0
1727936880.0,5.600148841099005e-06,5.600148841099005e-06,5.49230859190214e-06,5.49230859190214e-06,67.12910298920744
1727936940.0,5.49230859190214e-06,5.49230859190214e-06,5.49230859190214e-06,5.49230859190214e-06,0.0
1727937000.0,5.49230859190214e-06,5.49230859190214e-06,5.49230859190214e-06,5.49230859190214e-06,0.0
1727937060.0,5.49230859190214e-06,5.49230859190214e-06,5.374798123412564e-06,5.374798123412564e-06,11.763329717335662
1727937120.0,5.374798123412564e-06,5.374798123412564e-06,5.374798123412564e-06,5.374798123412564e-06,0.0
1727937180.0,5.374798123412564e-06,5.374798123412564e-06,5.374798123412564e-06,5.374798123412564e-06,0.0
1727937240.0,5.374798123412564e-06,5.374798123412564e-06,5.374798123412564e-06,5.374798123412564e-06,0.0
1727937300.0,5.374798123412564e-06,5.374798123412564e-06,5.3567468763618306e-06,5.3567468763618306e-06,0.1979719869481592
1727937360.0,5.3567468763618306e-06,5.3567468763618306e-06,5.3567468763618306e-06,5.3567468763618306e-06,0.0
1727937420.0,5.3567468763618306e-06,5.3567468763618306e-06,5.3567468763618306e-06,5.3567468763618306e-06,0.0
1727937480.0,5.3567468763618306e-06,5.3567468763618306e-06,5.3567468763618306e-06,5.3567468763618306e-06,0.0
1727937540.0,5.3567468763618306e-06,5.3567468763618306e-06,5.3567468763618306e-06,5.3567468763618306e-06,0.0
1727937600.0,5.3567468763618306e-06,5.3567468763618306e-06,5.3567468763618306e-06,5.3567468763618306e-06,0.0
1727937660.0,5.3567468763618306e-06,5.3567468763618306e-06,5.3567468763618306e-06,5.3567468763618306e-06,0.0
1727937720.0,5.3567468763618306e-06,5.3567468763618306e-06,5.3567468763618306e-06,5.3567468763618306e-06,0.0
1727937780.0,5.3567468763618306e-06,5.3567468763618306e-06,5.3567468763618306e-06,5.3567468763618306e-06,0.0
1727937840.0,5.3567468763618306e-06,5.3567468763618306e-06,5.3567468763618306e-06,5.3567468763618306e-06,0.0
1727937900.0,5.3567468763618306e-06,5.3567468763618306e-06,5.3567468763618306e-06,5.3567468763618306e-06,0.0
1727937960.0,5.3567468763618306e-06,5.3567468763618306e-06,5.3567468763618306e-06,5.3567468763618306e-06,0.0
1727938020.0,5.3567468763618306e-06,5.3567468763618306e-06,5.3567468763618306e-06,5.3567468763618306e-06,0.0
1727938080.0,5.3567468763618306e-06,5.3567468763618306e-06,5.3567468763618306e-06,5.3567468763618306e-06,0.0
1727938140.0,5.3567468763618306e-06,5.3567468763618306e-06,5.3567468763618306e-06,5.3567468763618306e-06,0.0
1727938200.0,5.3567468763618306e-06,5.3567468763618306e-06,5.3567468763618306e-06,5.3567468763618306e-06,0.0
1727938260.0,5.3567468763618306e-06,5.3567468763618306e-06,5.3567468763618306e-06,5.3567468763618306e-06,0.0
1727938320.0,5.3567468763618306e-06,5.3567468763618306e-06,5.3567468763618306e-06,5.3567468763618306e-06,0.0
1727938380.0,5.3567468763618306e-06,5.3567468763618306e-06,5.3567468763618306e-06,5.3567468763618306e-06,0.0
1727938440.0,5.3567468763618306e-06,5.3567468763618306e-06,5.3567468763618306e-06,5.3567468763618306e-06,0.0
1727938500.0,5.3567468763618306e-06,5.3567468763618306e-06,5.3567468763618306e-06,5.3567468763618306e-06,0.0
1727938560.0,5.3567468763618306e-06,5.3567468763618306e-06,5.3567468763618306e-06,5.3567468763618306e-06,0.0
1727938620.0,5.3567468763618306e-06,5.3567468763618306e-06,5.3567468763618306e-06,5.3567468763618306e-06,0.0
1727938680.0,5.3567468763618306e-06,5.3567468763618306e-06,5.3567468763618306e-06,5.3567468763618306e-06,0.0
1727938740.0,5.3567468763618306e-06,5.3567468763618306e-06,5.3567468763618306e-06,5.3567468763618306e-06,0.0
1727938800.0,5.3567468763618306e-06,5.3567468763618306e-06,5.3567468763618306e-06,5.3567468763618306e-06,0.0
1727938860.0,5.3567468763618306e-06,5.3567468763618306e-06,5.3567468763618306e-06,5.3567468763618306e-06,0.0
1727938920.0,5.3567468763618306e-06,5.3567468763618306e-06,5.3567468763618306e-06,5.3567468763618306e-06,0.0
1727938980.0,5.3567468763618306e-06,5.3567468763618306e-06,5.3567468763618306e-06,5.3567468763618306e-06,0.0
1727939040.0,5.3567468763618306e-06,5.3567468763618306e-06,5.3567468763618306e-06,5.3567468763618306e-06,0.0
1727939100.0,5.3567468763618306e-06,5.3567468763618306e-06,5.3567468763618306e-06,5.3567468763618306e-06,0.0
1727939160.0,5.3567468763618306e-06,5.3567468763618306e-06,5.3567468763618306e-06,5.3567468763618306e-06,0.0
1727939220.0,5.3567468763618306e-06,5.3567468763618306e-06,5.3567468763618306e-06,5.3567468763618306e-06,0.0
1727939280.0,5.3567468763618306e-06,5.3567468763618306e-06,5.3567468763618306e-06,5.3567468763618306e-06,0.0
1727939340.0,5.3567468763618306e-06,5.3567468763618306e-06,5.3567468763618306e-06,5.3567468763618306e-06,0.0
1727939400.0,5.3567468763618306e-06,5.3567468763618306e-06,5.3567468763618306e-06,5.3567468763618306e-06,0.0
1727939460.0,5.3567468763618306e-06,5.3567468763618306e-06,5.3567468763618306e-06,5.3567468763618306e-06,0.0
1727939520.0,5.3567468763618306e-06,5.3567468763618306e-06,5.3567468763618306e-06,5.3567468763618306e-06,0.0
1727939580.0,5.3567468763618306e-06,5.3567468763618306e-06,5.3567468763618306e-06,5.3567468763618306e-06,0.0
1727939640.0,5.3567468763618306e-06,5.3567468763618306e-06,5.3567468763618306e-06,5.3567468763618306e-06,0.0
1727939700.0,5.3567468763618306e-06,5.3567468763618306e-06,5.3567468763618306e-06,5.3567468763618306e-06,0.0
1727939760.0,5.3567468763618306e-06,5.3567468763618306e-06,5.3567468763618306e-06,5.3567468763618306e-06,0.0
1727939820.0,5.3567468763618306e-06,5.3567468763618306e-06,5.3567468763618306e-06,5.3567468763618306e-06,0.0
1727939880.0,5.3567468763618306e-06,5.3567468763618306e-06,5.3567468763618306e-06,5.3567468763618306e-06,0.0
1727939940.0,5.3567468763618306e-06,5.3567468763618306e-06,5.3567468763618306e-06,5.3567468763618306e-06,0.0
1727940000.0,5.3567468763618306e-06,5.3567468763618306e-06,5.3567468763618306e-06,5.3567468763618306e-06,0.0
1727940060.0,5.3567468763618306e-06,5.3567468763618306e-06,5.3567468763618306e-06,5.3567468763618306e-06,0.0
1727940120.0,5.3567468763618306e-06,5.3567468763618306e-06,5.3567468763618306e-06,5.3567468763618306e-06,0.0
1727940180.0,5.3567468763618306e-06,5.3567468763618306e-06,5.3567468763618306e-06,5.3567468763618306e-06,0.0
1727940240.0,5.3567468763618306e-06,5.3567468763618306e-06,5.3567468763618306e-06,5.3567468763618306e-06,0.0
1727940300.0,5.3567468763618306e-06,5.3567468763618306e-06,5.3567468763618306e-06,5.3567468763618306e-06,0.0
1727940360.0,5.3567468763618306e-06,5.3567468763618306e-06,5.3567468763618306e-06,5.3567468763618306e-06,0.0
1727940420.0,5.3567468763618306e-06,5.3567468763618306e-06,5.3567468763618306e-06,5.3567468763618306e-06,0.0
1727940480.0,5.3567468763618306e-06,5.3567468763618306e-06,5.3567468763618306e-06,5.3567468763618306e-06,0.0
1727940540.0,5.3567468763618306e-06,5.3567468763618306e-06,5.3567468763618306e-06,5.3567468763618306e-06,0.0
1727940600.0,5.3567468763618306e-06,5.3567468763618306e-06,5.3567468763618306e-06,5.3567468763618306e-06,0.0
1727940660.0,5.3567468763618306e-06,5.3567468763618306e-06,5.3567468763618306e-06,5.3567468763618306e-06,0.0
1727940720.0,5.3567468763618306e-06,5.3567468763618306e-06,5.3567468763618306e-06,5.3567468763618306e-06,0.0
1727940780.0,5.3567468763618306e-06,5.3567468763618306e-06,5.3567468763618306e-06,5.3567468763618306e-06,0.0
1727940840.0,5.3567468763618306e-06,5.3567468763618306e-06,5.3567468763618306e-06,5.3567468763618306e-06,0.0
1727940900.0,5.3567468763618306e-06,5.3567468763618306e-06,5.3567468763618306e-06,5.3567468763618306e-06,0.0
1727940960.0,5.3567468763618306e-06,5.3567468763618306e-06,5.3567468763618306e-06,5.3567468763618306e-06,0.0
1727941020.0,5.3567468763618306e-06,5.3567468763618306e-06,5.3567468763618306e-06,5.3567468763618306e-06,0.0
1727941080.0,5.3567468763618306e-06,5.3567468763618306e-06,5.3567468763618306e-06,5.3567468763618306e-06,0.0
1727941140.0,5.3567468763618306e-06,5.3567468763618306e-06,5.3567468763618306e-06,5.3567468763618306e-06,0.0
1727941200.0,5.3567468763618306e-06,5.3567468763618306e-06,5.3567468763618306e-06,5.3567468763618306e-06,0.0
1727941260.0,5.3567468763618306e-06,5.3567468763618306e-06,5.3567468763618306e-06,5.3567468763618306e-06,0.0
1727941320.0,5.3567468763618306e-06,5.3567468763618306e-06,5.3567468763618306e-06,5.3567468763618306e-06,0.0
1727941380.0,5.3567468763618306e-06,5.3567468763618306e-06,5.3567468763618306e-06,5.3567468763618306e-06,0.0
1727941440.0,5.3567468763618306e-06,5.3567468763618306e-06,5.3567468763618306e-06,5.3567468763618306e-06,0.0
1727941500.0,5.3567468763618306e-06,5.3567468763618306e-06,5.3567468763618306e-06,5.3567468763618306e-06,0.0
1727941560.0,5.3567468763618306e-06,5.3567468763618306e-06,5.3567468763618306e-06,5.3567468763618306e-06,0.0
1727941620.0,5.3567468763618306e-06,5.3567468763618306e-06,5.3567468763618306e-06,5.3567468763618306e-06,0.0
1727941680.0,5.3567468763618306e-06,5.3567468763618306e-06,5.3567468763618306e-06,5.3567468763618306e-06,0.0
1727941740.0,5.3567468763618306e-06,5.3567468763618306e-06,5.3567468763618306e-06,5.3567468763618306e-06,0.0
1727941800.0,5.3567468763618306e-06,5.3567468763618306e-06,5.3567468763618306e-06,5.3567468763618306e-06,0.0
1727941860.0,5.3567468763618306e-06,5.3567468763618306e-06,5.3567468763618306e-06,5.3567468763618306e-06,0.0
1727941920.0,5.3567468763618306e-06,5.3567468763618306e-06,5.3567468763618306e-06,5.3567468763618306e-06,0.0
1727941980.0,5.3567468763618306e-06,5.3567468763618306e-06,5.3567468763618306e-06,5.3567468763618306e-06,0.0
1727942040.0,5.3567468763618306e-06,5.3567468763618306e-06,5.3567468763618306e-06,5.3567468763618306e-06,0.0
1727942100.0,5.3567468763618306e-06,5.3567468763618306e-06,5.3567468763618306e-06,5.3567468763618306e-06,0.0
1727942160.0,5.3567468763618306e-06,5.3567468763618306e-06,5.3567468763618306e-06,5.3567468763618306e-06,0.0
1727942220.0,5.3567468763618306e-06,5.3567468763618306e-06,5.289806916402411e-06,5.289806916402411e-06,6.010026404670359
1727942280.0,5.289806916402411e-06,5.289806916402411e-06,5.289806916402411e-06,5.289806916402411e-06,0.0
1727942340.0,5.289806916402411e-06,5.289806916402411e-06,5.289806916402411e-06,5.289806916402411e-06,0.0
1727942400.0,5.289806916402411e-06,5.289806916402411e-06,5.289806916402411e-06,5.289806916402411e-06,0.0
1727942460.0,5.289806916402411e-06,5.289806916402411e-06,5.289806916402411e-06,5.289806916402411e-06,0.0
1727942520.0,5.289806916402411e-06,5.289806916402411e-06,5.289806916402411e-06,5.289806916402411e-06,0.0
1727942580.0,5.289806916402411e-06,5.289806916402411e-06,5.289806916402411e-06,5.289806916402411e-06,0.0
1727942640.0,5.289806916402411e-06,5.289806916402411e-06,5.235563115243772e-06,5.235563115243772e-06,10.468732659632392
1727942700.0,5.235563115243772e-06,5.235563115243772e-06,5.235563115243772e-06,5.235563115243772e-06,0.0
1727942760.0,5.235563115243772e-06,5.235563115243772e-06,5.235563115243772e-06,5.235563115243772e-06,0.0
1727942820.0,5.235563115243772e-06,5.235563115243772e-06,5.235563115243772e-06,5.235563115243772e-06,0.0
1727942880.0,5.235563115243772e-06,5.235563115243772e-06,5.235563115243772e-06,5.235563115243772e-06,0.0
1727942940.0,5.235563115243772e-06,5.235563115243772e-06,5.235563115243772e-06,5.235563115243772e-06,0.0
1727943000.0,5.235563115243772e-06,5.235563115243772e-06,5.235563115243772e-06,5.235563115243772e-06,0.0
1727943060.0,5.235563115243772e-06,5.235563115243772e-06,5.235563115243772e-06,5.235563115243772e-06,0.0
1727943120.0,5.235563115243772e-06,5.235563115243772e-06,5.235563115243772e-06,5.235563115243772e-06,0.0
1727943180.0,5.235563115243772e-06,5.235563115243772e-06,5.235563115243772e-06,5.235563115243772e-06,0.0
1727943240.0,5.235563115243772e-06,5.235563115243772e-06,5.235563115243772e-06,5.235563115243772e-06,0.0
1727943300.0,5.235563115243772e-06,5.235563115243772e-06,5.235563115243772e-06,5.235563115243772e-06,0.0
1727943360.0,5.235563115243772e-06,5.235563115243772e-06,5.235563115243772e-06,5.235563115243772e-06,0.0
1727943420.0,5.235563115243772e-06,5.235563115243772e-06,5.235563115243772e-06,5.235563115243772e-06,0.0
1727943480.0,5.235563115243772e-06,5.235563115243772e-06,5.235563115243772e-06,5.235563115243772e-06,0.0
1727943540.0,5.235563115243772e-06,5.235563115243772e-06,5.235563115243772e-06,5.235563115243772e-06,0.0
1727943600.0,5.235563115243772e-06,5.235563115243772e-06,5.235563115243772e-06,5.235563115243772e-06,0.0
1727943660.0,5.235563115243772e-06,5.235563115243772e-06,5.235563115243772e-06,5.235563115243772e-06,0.0
1727943720.0,5.235563115243772e-06,5.235563115243772e-06,5.235563115243772e-06,5.235563115243772e-06,0.0
1727943780.0,5.235563115243772e-06,5.235563115243772e-06,5.235563115243772e-06,5.235563115243772e-06,0.0
1727943840.0,5.235563115243772e-06,5.235563115243772e-06,5.235563115243772e-06,5.235563115243772e-06,0.0
1727943900.0,5.235563115243772e-06,5.235563115243772e-06,5.235563115243772e-06,5.235563115243772e-06,0.0
1727943960.0,5.235563115243772e-06,5.235563115243772e-06,5.235563115243772e-06,5.235563115243772e-06,0.0
1727944020.0,5.235563115243772e-06,5.235563115243772e-06,5.235563115243772e-06,5.235563115243772e-06,0.0
1727944080.0,5.235563115243772e-06,5.235563115243772e-06,5.235563115243772e-06,5.235563115243772e-06,0.0
1727944140.0,5.235563115243772e-06,5.235563115243772e-06,5.235563115243772e-06,5.235563115243772e-06,0.0
1727944200.0,5.235563115243772e-06,5.235563115243772e-06,5.235563115243772e-06,5.235563115243772e-06,0.0
1727944260.0,5.235563115243772e-06,5.235563115243772e-06,5.235563115243772e-06,5.235563115243772e-06,0.0
1727944320.0,5.235563115243772e-06,5.235563115243772e-06,5.235563115243772e-06,5.235563115243772e-06,0.0
1727944380.0,5.235563115243772e-06,5.235563115243772e-06,5.235563115243772e-06,5.235563115243772e-06,0.0
1727944440.0,5.235563115243772e-06,5.235563115243772e-06,5.235563115243772e-06,5.235563115243772e-06,0.0
1727944500.0,5.235563115243772e-06,5.235563115243772e-06,5.114543800149228e-06,5.114543800149228e-06,8.542750905776053
1727944560.0,5.114543800149228e-06,5.114543800149228e-06,5.098285999640295e-06,5.098285999640295e-06,0.2117967246802417
1727944620.0,5.098285999640295e-06,5.098285999640295e-06,5.098285999640295e-06,5.098285999640295e-06,0.0
1727944680.0,5.098285999640295e-06,5.098285999640295e-06,5.098285999640295e-06,5.098285999640295e-06,0.0
1727944740.0,5.098285999640295e-06,5.098285999640295e-06,5.098285999640295e-06,5.098285999640295e-06,0.0
1727944800.0,5.098285999640295e-06,5.098285999640295e-06,5.098285999640295e-06,5.098285999640295e-06,0.0
1727944860.0,5.098285999640295e-06,5.098285999640295e-06,5.098285999640295e-06,5.098285999640295e-06,0.0
1727944920.0,5.098285999640295e-06,5.098285999640295e-06,5.098285999640295e-06,5.098285999640295e-06,0.0
1727944980.0,5.098285999640295e-06,5.098285999640295e-06,5.098285999640295e-06,5.098285999640295e-06,0.0
1727945040.0,5.098285999640295e-06,5.098285999640295e-06,5.098285999640295e-06,5.098285999640295e-06,0.0
1727945100.0,5.098285999640295e-06,5.098285999640295e-06,5.098285999640295e-06,5.098285999640295e-06,0.0
1727945160.0,5.098285999640295e-06,5.098285999640295e-06,5.098285999640295e-06,5.098285999640295e-06,0.0
1727945220.0,5.098285999640295e-06,5.098285999640295e-06,5.098285999640295e-06,5.098285999640295e-06,0.0
1727945280.0,5.098285999640295e-06,5.098285999640295e-06,5.098285999640295e-06,5.098285999640295e-06,0.0
1727945340.0,5.098285999640295e-06,5.098285999640295e-06,5.098285999640295e-06,5.098285999640295e-06,0.0
1727945400.0,5.098285999640295e-06,5.098285999640295e-06,5.098285999640295e-06,5.098285999640295e-06,0.0
1727945460.0,5.098285999640295e-06,5.098285999640295e-06,5.098285999640295e-06,5.098285999640295e-06,0.0
1727945520.0,5.098285999640295e-06,5.098285999640295e-06,5.098285999640295e-06,5.098285999640295e-06,0.0
1727945580.0,5.098285999640295e-06,5.098285999640295e-06,5.098285999640295e-06,5.098285999640295e-06,0.0
1727945640.0,5.098285999640295e-06,5.098285999640295e-06,5.098285999640295e-06,5.098285999640295e-06,0.0
1727945700.0,5.098285999640295e-06,5.098285999640295e-06,5.098285999640295e-06,5.098285999640295e-06,0.0
1727945760.0,5.098285999640295e-06,5.098285999640295e-06,5.098285999640295e-06,5.098285999640295e-06,0.0
1727945820.0,5.098285999640295e-06,5.098285999640295e-06,5.098285999640295e-06,5.098285999640295e-06,0.0
1727945880.0,5.098285999640295e-06,5.098285999640295e-06,5.098285999640295e-06,5.098285999640295e-06,0.0
1727945940.0,5.098285999640295e-06,5.098285999640295e-06,5.098285999640295e-06,5.098285999640295e-06,0.0
1727946000.0,5.098285999640295e-06,5.098285999640295e-06,5.098285999640295e-06,5.098285999640295e-06,0.0
1727946060.0,5.098285999640295e-06,5.098285999640295e-06,5.098285999640295e-06,5.098285999640295e-06,0.0
1727946120.0,5.098285999640295e-06,5.098285999640295e-06,5.098285999640295e-06,5.098285999640295e-06,0.0
1727946180.0,5.098285999640295e-06,5.098285999640295e-06,5.098285999640295e-06,5.098285999640295e-06,0.0
1727946240.0,5.098285999640295e-06,5.098285999640295e-06,5.098285999640295e-06,5.098285999640295e-06,0.0
1727946300.0,5.098285999640295e-06,5.098285999640295e-06,5.098285999640295e-06,5.098285999640295e-06,0.0
1727946360.0,5.098285999640295e-06,5.098285999640295e-06,5.098285999640295e-06,5.098285999640295e-06,0.0
1727946420.0,5.098285999640295e-06,5.098285999640295e-06,5.098285999640295e-06,5.098285999640295e-06,0.0
1727946480.0,5.098285999640295e-06,5.098285999640295e-06,5.098285999640295e-06,5.098285999640295e-06,0.0
1727946540.0,5.098285999640295e-06,5.098285999640295e-06,5.098285999640295e-06,5.098285999640295e-06,0.0
1727946600.0,5.098285999640295e-06,5.098285999640295e-06,5.098285999640295e-06,5.098285999640295e-06,0.0
1727946660.0,5.098285999640295e-06,5.098285999640295e-06,5.098285999640295e-06,5.098285999640295e-06,0.0
1727946720.0,5.098285999640295e-06,5.098285999640295e-06,5.098285999640295e-06,5.098285999640295e-06,0.0
1727946780.0,5.098285999640295e-06,5.098285999640295e-06,5.098285999640295e-06,5.098285999640295e-06,0.0
1727946840.0,5.098285999640295e-06,5.098285999640295e-06,5.098285999640295e-06,5.098285999640295e-06,0.0
1727946900.0,5.098285999640295e-06,5.098285999640295e-06,5.098285999640295e-06,5.098285999640295e-06,0.0
1727946960.0,5.098285999640295e-06,5.098285999640295e-06,5.098285999640295e-06,5.098285999640295e-06,0.0
1727947020.0,5.098285999640295e-06,5.098285999640295e-06,5.098285999640295e-06,5.098285999640295e-06,0.0
1727947080.0,5.098285999640295e-06,5.098285999640295e-06,5.098285999640295e-06,5.098285999640295e-06,0.0
1727947140.0,5.098285999640295e-06,5.098285999640295e-06,5.098285999640295e-06,5.098285999640295e-06,0.0
1727947200.0,5.098285999640295e-06,5.098285999640295e-06,5.098285999640295e-06,5.098285999640295e-06,0.0
1727947260.0,5.098285999640295e-06,5.098285999640295e-06,5.098285999640295e-06,5.098285999640295e-06,0.0
1727947320.0,5.098285999640295e-06,5.098285999640295e-06,5.098285999640295e-06,5.098285999640295e-06,0.0
1727947380.0,5.098285999640295e-06,5.098285999640295e-06,5.098285999640295e-06,5.098285999640295e-06,0.0
1727947440.0,5.098285999640295e-06,5.098285999640295e-06,5.098285999640295e-06,5.098285999640295e-06,0.0
1727947500.0,5.098285999640295e-06,5.098285999640295e-06,5.098285999640295e-06,5.098285999640295e-06,0.0
1727947560.0,5.098285999640295e-06,5.098285999640295e-06,5.098285999640295e-06,5.098285999640295e-06,0.0
1727947620.0,5.098285999640295e-06,5.098285999640295e-06,5.098285999640295e-06,5.098285999640295e-06,0.0
1727947680.0,5.098285999640295e-06,5.098285999640295e-06,5.098285999640295e-06,5.098285999640295e-06,0.0
1727947740.0,5.098285999640295e-06,5.098285999640295e-06,5.098285999640295e-06,5.098285999640295e-06,0.0
1727947800.0,5.098285999640295e-06,5.098285999640295e-06,5.098285999640295e-06,5.098285999640295e-06,0.0
1727947860.0,5.098285999640295e-06,5.098285999640295e-06,5.098285999640295e-06,5.098285999640295e-06,0.0
1727947920.0,5.098285999640295e-06,5.098285999640295e-06,5.098285999640295e-06,5.098285999640295e-06,0.0
1727947980.0,5.098285999640295e-06,5.098285999640295e-06,5.098285999640295e-06,5.098285999640295e-06,0.0
1727948040.0,5.098285999640295e-06,5.098285999640295e-06,5.098285999640295e-06,5.098285999640295e-06,0.0
1727948100.0,5.098285999640295e-06,5.098285999640295e-06,5.098285999640295e-06,5.098285999640295e-06,0.0
1727948160.0,5.098285999640295e-06,5.098285999640295e-06,5.098285999640295e-06,5.098285999640295e-06,0.0
1727948220.0,5.098285999640295e-06,5.098285999640295e-06,5.098285999640295e-06,5.098285999640295e-06,0.0
1727948280.0,5.098285999640295e-06,5.098285999640295e-06,5.098285999640295e-06,5.098285999640295e-06,0.0
1727948340.0,5.098285999640295e-06,5.098285999640295e-06,5.098285999640295e-06,5.098285999640295e-06,0.0
1727948400.0,5.098285999640295e-06,5.101835618961884e-06,5.098285999640295e-06,5.101835618961884e-06,6.244608096293475
1727948460.0,5.101835618961884e-06,5.101835618961884e-06,5.101835618961884e-06,5.101835618961884e-06,0.0
1727948520.0,5.101835618961884e-06,5.101835618961884e-06,5.101835618961884e-06,5.101835618961884e-06,0.0
1727948580.0,5.101835618961884e-06,5.101835618961884e-06,5.101835618961884e-06,5.101835618961884e-06,0.0
1727948640.0,5.101835618961884e-06,5.101835618961884e-06,5.101835618961884e-06,5.101835618961884e-06,0.0
1727948700.0,5.101835618961884e-06,5.101835618961884e-06,5.101835618961884e-06,5.101835618961884e-06,0.0
1727948760.0,5.101835618961884e-06,5.101835618961884e-06,5.101835618961884e-06,5.101835618961884e-06,0.0
1727948820.0,5.101835618961884e-06,5.101835618961884e-06,5.101835618961884e-06,5.101835618961884e-06,0.0
1727948880.0,5.101835618961884e-06,5.101835618961884e-06,5.101835618961884e-06,5.101835618961884e-06,0.0
1727948940.0,5.101835618961884e-06,5.101835618961884e-06,5.101835618961884e-06,5.101835618961884e-06,0.0
1727949000.0,5.101835618961884e-06,5.101835618961884e-06,5.101835618961884e-06,5.101835618961884e-06,0.0
1727949060.0,5.101835618961884e-06,5.101835618961884e-06,5.101835618961884e-06,5.101835618961884e-06,0.0
1727949120.0,5.101835618961884e-06,5.101835618961884e-06,5.101835618961884e-06,5.101835618961884e-06,0.0
1727949180.0,5.101835618961884e-06,5.101835618961884e-06,5.101835618961884e-06,5.101835618961884e-06,0.0
1727949240.0,5.101835618961884e-06,5.101835618961884e-06,5.101835618961884e-06,5.101835618961884e-06,0.0
1727949300.0,5.101835618961884e-06,5.101835618961884e-06,5.101835618961884e-06,5.101835618961884e-06,0.0
1727949360.0,5.101835618961884e-06,5.101835618961884e-06,5.101835618961884e-06,5.101835618961884e-06,0.0
1727949420.0,5.101835618961884e-06,5.101835618961884e-06,5.101835618961884e-06,5.101835618961884e-06,0.0
1727949480.0,5.101835618961884e-06,5.101835618961884e-06,5.101835618961884e-06,5.101835618961884e-06,0.0
1727949540.0,5.101835618961884e-06,5.101835618961884e-06,5.101835618961884e-06,5.101835618961884e-06,0.0
1727949600.0,5.101835618961884e-06,5.101835618961884e-06,5.101835618961884e-06,5.101835618961884e-06,0.0
1727949660.0,5.101835618961884e-06,5.101835618961884e-06,5.09777016494721e-06,5.09777016494721e-06,0.6603608134152046
1727949720.0,5.09777016494721e-06,5.09777016494721e-06,5.09777016494721e-06,5.09777016494721e-06,0.0
1727949780.0,5.09777016494721e-06,5.09777016494721e-06,5.09777016494721e-06,5.09777016494721e-06,0.0
1727949840.0,5.09777016494721e-06,5.09777016494721e-06,5.09777016494721e-06,5.09777016494721e-06,0.0
1727949900.0,5.09777016494721e-06,5.09777016494721e-06,5.09777016494721e-06,5.09777016494721e-06,0.0
1727949960.0,5.09777016494721e-06,5.09777016494721e-06,5.09777016494721e-06,5.09777016494721e-06,0.0
