0,1,2,3,4,5
1733054220.0,0.000103600263037,0.0001149753164711,8.68670289361801e-05,0.0001104067724987,12920.34430628282
1733054280.0,0.0001104067724987,0.0001526252342374,9.96325864522153e-05,0.0001397352552371,16109.64841802337
1733054340.0,0.0001397352552371,0.0001615386687426,0.0001303894280502,0.0001508977915187,15180.365187067
1733054400.0,0.0001508977915187,0.0001738205468189,0.0001312513569963,0.000138494952048,16174.91605289798
1733054460.0,0.000138494952048,0.0001902653874989,0.0001289737462309,0.000144899793049,21095.74762471208
1733054520.0,0.000144899793049,0.000144899793049,0.000116925729698,0.000116925729698,11968.99557862854
1733054580.0,0.000116925729698,0.0001324846894888,0.0001055230913904,0.0001073682385617,10492.48990209789
1733054640.0,0.0001073682385617,0.0001336376507923,0.0001022561436757,0.0001147498642456,15897.71209152544
1733054700.0,0.0001147498642456,0.0001596003785264,0.0001015423275375,0.0001015423275375,14537.54372131132
1733054760.0,0.0001015423275375,0.0001134353709584,9.29668480568685e-05,9.46941568445763e-05,10095.89602686129
1733054820.0,9.46941568445763e-05,0.000107734573498,8.86675879662649e-05,8.86675879662649e-05,5945.88390999218
1733054880.0,8.86675879662649e-05,0.0001305639276819,8.86675879662649e-05,0.000101590850369,10783.88766246111
1733054940.0,0.000101590850369,0.0001207398650941,9.52271682336679e-05,0.0001207398650941,8834.18966723227
1733055000.0,0.0001207398650941,0.0001261406884919,9.61765791807332e-05,0.0001196608510126,5367.30708504538
1733055060.0,0.0001196608510126,0.0001460205569845,9.98372269809771e-05,9.98372269809771e-05,20520.51091534004
1733055120.0,9.98372269809771e-05,0.0002048004599128,9.98372269809771e-05,0.0001351164365395,34548.38861783848
1733055180.0,0.0001351164365395,0.0002378752444933,0.0001309928312537,0.0001599532290955,40376.4154158717
1733055240.0,0.0001599532290955,0.0001663303194686,0.0001119288417384,0.0001119288417384,12158.03706151284
1733055300.0,0.0001119288417384,0.0001480114092801,0.0001018424405524,0.0001034218569032,11487.37009614953
1733055360.0,0.0001034218569032,0.0001034218569032,4.28336280235204e-06,5.37313710536519e-05,45724.82593254066
1733055420.0,5.37313710536519e-05,0.0001323890339281,5.37313710536519e-05,8.41627180256243e-05,29772.0299387944
1733055480.0,8.41627180256243e-05,8.41627180256243e-05,4.54846497805797e-06,4.77695686501396e-06,24327.82435507828
1733055540.0,4.77695686501396e-06,5.19213251479791e-06,4.76885243729832e-06,5.19213251479791e-06,229.60324093852
1733055600.0,5.19213251479791e-06,5.7073230895966e-06,5.19213251479791e-06,5.67706517516018e-06,331.74861438412
1733055660.0,5.67706517516018e-06,5.79838536002587e-06,5.65379574272965e-06,5.79838536002587e-06,71.04535743489
1733055720.0,5.79838536002587e-06,5.8218579928689e-06,4.98186370218276e-06,4.98186370218276e-06,426.69013463438
1733055780.0,4.98186370218276e-06,4.98186370218276e-06,4.82943390283362e-06,4.8556020327205e-06,31.716443709
1733055840.0,4.8556020327205e-06,4.91006570880977e-06,4.64523846310779e-06,4.64523846310779e-06,207.5785160503
1733055900.0,4.64523846310779e-06,4.64523846310779e-06,4.64523846310779e-06,4.64523846310779e-06,0.0
1733055960.0,4.64523846310779e-06,4.64523846310779e-06,4.61001672521183e-06,4.61001672521183e-06,47.418
1733056020.0,4.61001672521183e-06,4.6646025694969e-06,4.61001672521183e-06,4.6646025694969e-06,2.84556
1733056080.0,4.6646025694969e-06,4.6646025694969e-06,4.62044438281394e-06,4.62044438281394e-06,17.61011116681
1733056140.0,4.62044438281394e-06,4.62044438281394e-06,4.5943653149121e-06,4.60602273703534e-06,16.31444072025
1733056200.0,4.60602273703534e-06,4.68393555638766e-06,4.58083826665067e-06,4.68393555638766e-06,84.79226265438
1733056260.0,4.68393555638766e-06,4.93434955047136e-06,4.68393555638766e-06,4.93434955047136e-06,152.40243296871
1733056320.0,4.93434955047136e-06,4.93434955047136e-06,4.93434955047136e-06,4.93434955047136e-06,0.0
1733056380.0,4.93434955047136e-06,4.93434955047136e-06,4.93434955047136e-06,4.93434955047136e-06,0.0
1733056440.0,4.93434955047136e-06,4.93434955047136e-06,4.90186600642249e-06,4.90186600642249e-06,117.87884388258
1733056500.0,4.90186600642249e-06,4.90186600642249e-06,4.55171753790803e-06,4.55171753790803e-06,127.0534743828
1733056560.0,4.55171753790803e-06,4.55171753790803e-06,4.47742488759911e-06,4.47742488759911e-06,22.01942618688
1733056620.0,4.47742488759911e-06,4.47742488759911e-06,4.42197719617535e-06,4.42197719617535e-06,17.15363240857
1733056680.0,4.42197719617535e-06,4.42197719617535e-06,4.42197719617535e-06,4.42197719617535e-06,0.0
1733056740.0,4.42197719617535e-06,4.42197719617535e-06,4.42197719617535e-06,4.42197719617535e-06,0.0
1733056800.0,4.42197719617535e-06,4.42197719617535e-06,4.42197719617535e-06,4.42197719617535e-06,0.0
1733056860.0,4.42197719617535e-06,4.42197719617535e-06,4.42197719617535e-06,4.42197719617535e-06,0.0
1733056920.0,4.42197719617535e-06,4.42197719617535e-06,4.42197719617535e-06,4.42197719617535e-06,0.0
1733056980.0,4.42197719617535e-06,4.42197719617535e-06,4.42197719617535e-06,4.42197719617535e-06,0.0
1733057040.0,4.42197719617535e-06,4.42197719617535e-06,4.42197719617535e-06,4.42197719617535e-06,0.0
1733057100.0,4.42197719617535e-06,4.42468869802237e-06,4.42197719617535e-06,4.42468869802237e-06,0.01010871063
1733057160.0,4.42468869802237e-06,4.42468869802237e-06,4.42468869802237e-06,4.42468869802237e-06,0.0
1733057220.0,4.42468869802237e-06,4.42468869802237e-06,4.42468869802237e-06,4.42468869802237e-06,0.0
1733057280.0,4.42468869802237e-06,4.42468869802237e-06,4.42468869802237e-06,4.42468869802237e-06,0.0
1733057340.0,4.42468869802237e-06,4.42468869802237e-06,4.41376009432155e-06,4.41376009432155e-06,10.7145315888
1733057400.0,4.41376009432155e-06,4.41376009432155e-06,4.41376009432155e-06,4.41376009432155e-06,0.0
1733057460.0,4.41376009432155e-06,4.41376009432155e-06,4.41376009432155e-06,4.41376009432155e-06,0.0
1733057520.0,4.41376009432155e-06,4.41376009432155e-06,4.41376009432155e-06,4.41376009432155e-06,0.0
1733057580.0,4.41376009432155e-06,4.41376009432155e-06,4.41376009432155e-06,4.41376009432155e-06,0.0
1733057640.0,4.41376009432155e-06,4.43348805854112e-06,4.41140964268863e-06,4.41140964268863e-06,23.63400537772
1733057700.0,4.41140964268863e-06,4.41140964268863e-06,4.41140964268863e-06,4.41140964268863e-06,0.0
1733057760.0,4.41140964268863e-06,4.41140964268863e-06,4.41140964268863e-06,4.41140964268863e-06,0.0
1733057820.0,4.41140964268863e-06,4.41140964268863e-06,4.3610573387902e-06,4.3610573387902e-06,36.78446897021
1733057880.0,4.3610573387902e-06,4.3610573387902e-06,4.3610573387902e-06,4.3610573387902e-06,0.0
1733057940.0,4.3610573387902e-06,4.3610573387902e-06,4.3610573387902e-06,4.3610573387902e-06,0.0
1733058000.0,4.3610573387902e-06,4.3610573387902e-06,4.3610573387902e-06,4.3610573387902e-06,0.0
1733058060.0,4.3610573387902e-06,4.3610573387902e-06,4.31125337243228e-06,4.31125337243228e-06,10.9559055347
1733058120.0,4.31125337243228e-06,4.31125337243228e-06,4.31125337243228e-06,4.31125337243228e-06,0.0
1733058180.0,4.31125337243228e-06,4.31125337243228e-06,4.31125337243228e-06,4.31125337243228e-06,0.0
1733058240.0,4.31125337243228e-06,4.31125337243228e-06,4.31125337243228e-06,4.31125337243228e-06,0.0
1733058300.0,4.31125337243228e-06,4.31125337243228e-06,4.31125337243228e-06,4.31125337243228e-06,0.0
1733058360.0,4.31125337243228e-06,4.31125337243228e-06,4.31125337243228e-06,4.31125337243228e-06,0.0
1733058420.0,4.31125337243228e-06,4.31125337243228e-06,4.30030650114943e-06,4.30030650114943e-06,0.7482533312
1733058480.0,4.30030650114943e-06,4.30030650114943e-06,4.30030650114943e-06,4.30030650114943e-06,0.0
1733058540.0,4.30030650114943e-06,4.30030650114943e-06,4.30030650114943e-06,4.30030650114943e-06,0.0
1733058600.0,4.30030650114943e-06,4.30030650114943e-06,4.30030650114943e-06,4.30030650114943e-06,0.0
1733058660.0,4.30030650114943e-06,4.30030650114943e-06,4.30030650114943e-06,4.30030650114943e-06,0.0
1733058720.0,4.30030650114943e-06,4.30030650114943e-06,4.30030650114943e-06,4.30030650114943e-06,0.0
1733058780.0,4.30030650114943e-06,4.30030650114943e-06,4.30030650114943e-06,4.30030650114943e-06,0.0
1733058840.0,4.30030650114943e-06,4.30030650114943e-06,4.30030650114943e-06,4.30030650114943e-06,0.0
1733058900.0,4.30030650114943e-06,4.30030650114943e-06,4.30030650114943e-06,4.30030650114943e-06,0.0
1733058960.0,4.30030650114943e-06,4.30030650114943e-06,4.30030650114943e-06,4.30030650114943e-06,0.0
1733059020.0,4.30030650114943e-06,4.30030650114943e-06,4.30030650114943e-06,4.30030650114943e-06,0.0
1733059080.0,4.30030650114943e-06,4.30030650114943e-06,4.30030650114943e-06,4.30030650114943e-06,0.0
1733059140.0,4.30030650114943e-06,4.36308727516075e-06,4.30030650114943e-06,4.36308727516075e-06,23.792
1733059200.0,4.36308727516075e-06,4.36308727516075e-06,4.34142096910801e-06,4.34142096910801e-06,23.67385321056
1733059260.0,4.34142096910801e-06,4.34142096910801e-06,4.34142096910801e-06,4.34142096910801e-06,0.0
1733059320.0,4.34142096910801e-06,4.34142096910801e-06,4.34142096910801e-06,4.34142096910801e-06,0.0
1733059380.0,4.34142096910801e-06,4.34142096910801e-06,4.34142096910801e-06,4.34142096910801e-06,0.0
1733059440.0,4.34142096910801e-06,4.34142096910801e-06,4.34142096910801e-06,4.34142096910801e-06,0.0
1733059500.0,4.34142096910801e-06,4.34142096910801e-06,4.34142096910801e-06,4.34142096910801e-06,0.0
1733059560.0,4.34142096910801e-06,4.34142096910801e-06,4.34142096910801e-06,4.34142096910801e-06,0.0
1733059620.0,4.34142096910801e-06,4.34142096910801e-06,4.34142096910801e-06,4.34142096910801e-06,0.0
1733059680.0,4.34142096910801e-06,4.34142096910801e-06,4.34142096910801e-06,4.34142096910801e-06,0.0
1733059740.0,4.34142096910801e-06,4.34142096910801e-06,4.34142096910801e-06,4.34142096910801e-06,0.0
1733059800.0,4.34142096910801e-06,4.34142096910801e-06,4.34142096910801e-06,4.34142096910801e-06,0.0
1733059860.0,4.34142096910801e-06,4.34142096910801e-06,4.34142096910801e-06,4.34142096910801e-06,0.0
1733059920.0,4.34142096910801e-06,4.34958422007746e-06,4.34142096910801e-06,4.34958422007746e-06,2.3838
1733059980.0,4.34958422007746e-06,4.34958422007746e-06,4.34958422007746e-06,4.34958422007746e-06,0.0
1733060040.0,4.34958422007746e-06,4.34958422007746e-06,4.34958422007746e-06,4.34958422007746e-06,0.0
1733060100.0,4.34958422007746e-06,4.34958422007746e-06,4.34958422007746e-06,4.34958422007746e-06,0.0
1733060160.0,4.34958422007746e-06,4.34958422007746e-06,4.34958422007746e-06,4.34958422007746e-06,0.0
1733060220.0,4.34958422007746e-06,4.34958422007746e-06,4.34958422007746e-06,4.34958422007746e-06,0.0
1733060280.0,4.34958422007746e-06,4.34958422007746e-06,4.34958422007746e-06,4.34958422007746e-06,0.0
1733060340.0,4.34958422007746e-06,4.34958422007746e-06,4.32333660447111e-06,4.32333660447111e-06,2.3694149317
1733060400.0,4.32333660447111e-06,4.32333660447111e-06,4.32333660447111e-06,4.32333660447111e-06,0.0
1733060460.0,4.32333660447111e-06,4.32333660447111e-06,4.32333660447111e-06,4.32333660447111e-06,0.0
1733060520.0,4.32333660447111e-06,4.32333660447111e-06,4.31365317769899e-06,4.31365317769899e-06,7.59625561968
1733060580.0,4.31365317769899e-06,4.31365317769899e-06,4.31365317769899e-06,4.31365317769899e-06,0.0
1733060640.0,4.31365317769899e-06,4.31365317769899e-06,4.31365317769899e-06,4.31365317769899e-06,0.0
1733060700.0,4.31365317769899e-06,4.31365317769899e-06,4.31365317769899e-06,4.31365317769899e-06,0.0
1733060760.0,4.31365317769899e-06,4.31365317769899e-06,4.31365317769899e-06,4.31365317769899e-06,0.0
1733060820.0,4.31365317769899e-06,4.31365317769899e-06,4.31365317769899e-06,4.31365317769899e-06,0.0
1733060880.0,4.31365317769899e-06,4.31365317769899e-06,4.31365317769899e-06,4.31365317769899e-06,0.0
1733060940.0,4.31365317769899e-06,4.31365317769899e-06,4.31365317769899e-06,4.31365317769899e-06,0.0
1733061000.0,4.31365317769899e-06,4.31365317769899e-06,4.31365317769899e-06,4.31365317769899e-06,0.0
1733061060.0,4.31365317769899e-06,4.31365317769899e-06,4.31365317769899e-06,4.31365317769899e-06,0.0
1733061120.0,4.31365317769899e-06,4.31365317769899e-06,4.31365317769899e-06,4.31365317769899e-06,0.0
1733061180.0,4.31365317769899e-06,4.31365317769899e-06,4.31365317769899e-06,4.31365317769899e-06,0.0
1733061240.0,4.31365317769899e-06,4.31365317769899e-06,4.31365317769899e-06,4.31365317769899e-06,0.0
1733061300.0,4.31365317769899e-06,4.31365317769899e-06,4.31365317769899e-06,4.31365317769899e-06,0.0
1733061360.0,4.31365317769899e-06,4.31365317769899e-06,4.31365317769899e-06,4.31365317769899e-06,0.0
1733061420.0,4.31365317769899e-06,4.31365317769899e-06,4.31365317769899e-06,4.31365317769899e-06,0.0
1733061480.0,4.31365317769899e-06,4.31365317769899e-06,4.31365317769899e-06,4.31365317769899e-06,0.0
1733061540.0,4.31365317769899e-06,4.31365317769899e-06,4.31365317769899e-06,4.31365317769899e-06,0.0
1733061600.0,4.31365317769899e-06,4.31365317769899e-06,4.31365317769899e-06,4.31365317769899e-06,0.0
1733061660.0,4.31365317769899e-06,4.31365317769899e-06,4.31365317769899e-06,4.31365317769899e-06,0.0
1733061720.0,4.31365317769899e-06,4.31365317769899e-06,4.31365317769899e-06,4.31365317769899e-06,0.0
1733061780.0,4.31365317769899e-06,4.31365317769899e-06,4.31365317769899e-06,4.31365317769899e-06,0.0
1733061840.0,4.31365317769899e-06,4.31365317769899e-06,4.31365317769899e-06,4.31365317769899e-06,0.0
1733061900.0,4.31365317769899e-06,4.31365317769899e-06,4.31365317769899e-06,4.31365317769899e-06,0.0
1733061960.0,4.31365317769899e-06,4.31365317769899e-06,4.31365317769899e-06,4.31365317769899e-06,0.0
1733062020.0,4.31365317769899e-06,4.31365317769899e-06,4.31365317769899e-06,4.31365317769899e-06,0.0
1733062080.0,4.31365317769899e-06,4.31365317769899e-06,4.31365317769899e-06,4.31365317769899e-06,0.0
1733062140.0,4.31365317769899e-06,4.31365317769899e-06,4.31365317769899e-06,4.31365317769899e-06,0.0
1733062200.0,4.31365317769899e-06,4.31365317769899e-06,4.31365317769899e-06,4.31365317769899e-06,0.0
1733062260.0,4.31365317769899e-06,4.31365317769899e-06,4.31365317769899e-06,4.31365317769899e-06,0.0
1733062320.0,4.31365317769899e-06,4.31365317769899e-06,4.31365317769899e-06,4.31365317769899e-06,0.0
1733062380.0,4.31365317769899e-06,4.31365317769899e-06,4.31365317769899e-06,4.31365317769899e-06,0.0
1733062440.0,4.31365317769899e-06,4.31365317769899e-06,4.31365317769899e-06,4.31365317769899e-06,0.0
1733062500.0,4.31365317769899e-06,4.31365317769899e-06,4.31365317769899e-06,4.31365317769899e-06,0.0
1733062560.0,4.31365317769899e-06,4.31365317769899e-06,4.31365317769899e-06,4.31365317769899e-06,0.0
1733062620.0,4.31365317769899e-06,4.31365317769899e-06,4.31365317769899e-06,4.31365317769899e-06,0.0
1733062680.0,4.31365317769899e-06,4.31365317769899e-06,4.31365317769899e-06,4.31365317769899e-06,0.0
1733062740.0,4.31365317769899e-06,4.31365317769899e-06,4.31365317769899e-06,4.31365317769899e-06,0.0
1733062800.0,4.31365317769899e-06,4.31365317769899e-06,4.31365317769899e-06,4.31365317769899e-06,0.0
1733062860.0,4.31365317769899e-06,4.31365317769899e-06,4.31365317769899e-06,4.31365317769899e-06,0.0
1733062920.0,4.31365317769899e-06,4.31365317769899e-06,4.31365317769899e-06,4.31365317769899e-06,0.0
1733062980.0,4.31365317769899e-06,4.31365317769899e-06,4.31365317769899e-06,4.31365317769899e-06,0.0
1733063040.0,4.31365317769899e-06,4.31365317769899e-06,4.31365317769899e-06,4.31365317769899e-06,0.0
1733063100.0,4.31365317769899e-06,4.31365317769899e-06,4.31365317769899e-06,4.31365317769899e-06,0.0
1733063160.0,4.31365317769899e-06,4.31365317769899e-06,4.31365317769899e-06,4.31365317769899e-06,0.0
1733063220.0,4.31365317769899e-06,4.31365317769899e-06,4.31365317769899e-06,4.31365317769899e-06,0.0
1733063280.0,4.31365317769899e-06,4.31365317769899e-06,4.31365317769899e-06,4.31365317769899e-06,0.0
1733063340.0,4.31365317769899e-06,4.31365317769899e-06,4.31365317769899e-06,4.31365317769899e-06,0.0
1733063400.0,4.31365317769899e-06,4.31365317769899e-06,4.31365317769899e-06,4.31365317769899e-06,0.0
1733063460.0,4.31365317769899e-06,4.31365317769899e-06,4.31365317769899e-06,4.31365317769899e-06,0.0
1733063520.0,4.31365317769899e-06,4.31365317769899e-06,4.31365317769899e-06,4.31365317769899e-06,0.0
1733063580.0,4.31365317769899e-06,4.31365317769899e-06,4.31365317769899e-06,4.31365317769899e-06,0.0
1733063640.0,4.31365317769899e-06,4.31365317769899e-06,4.31365317769899e-06,4.31365317769899e-06,0.0
1733063700.0,4.31365317769899e-06,4.31365317769899e-06,4.30031915468906e-06,4.30031915468906e-06,0.10766447468
1733063760.0,4.30031915468906e-06,4.30031915468906e-06,4.30031915468906e-06,4.30031915468906e-06,0.0
1733063820.0,4.30031915468906e-06,4.30031915468906e-06,4.30031915468906e-06,4.30031915468906e-06,0.0
1733063880.0,4.30031915468906e-06,4.30031915468906e-06,4.30031915468906e-06,4.30031915468906e-06,0.0
1733063940.0,4.30031915468906e-06,4.30031915468906e-06,4.30031915468906e-06,4.30031915468906e-06,0.0
1733064000.0,4.30031915468906e-06,4.30031915468906e-06,4.30031915468906e-06,4.30031915468906e-06,0.0
1733064060.0,4.30031915468906e-06,4.30031915468906e-06,4.30031915468906e-06,4.30031915468906e-06,0.0
1733064120.0,4.30031915468906e-06,4.30031915468906e-06,4.30031915468906e-06,4.30031915468906e-06,0.0
1733064180.0,4.30031915468906e-06,4.30031915468906e-06,4.30031915468906e-06,4.30031915468906e-06,0.0
1733064240.0,4.30031915468906e-06,4.30031915468906e-06,4.30031915468906e-06,4.30031915468906e-06,0.0
1733064300.0,4.30031915468906e-06,4.30031915468906e-06,4.30031915468906e-06,4.30031915468906e-06,0.0
1733064360.0,4.30031915468906e-06,4.30031915468906e-06,4.30031915468906e-06,4.30031915468906e-06,0.0
1733064420.0,4.30031915468906e-06,4.30031915468906e-06,4.30031915468906e-06,4.30031915468906e-06,0.0
1733064480.0,4.30031915468906e-06,4.30031915468906e-06,4.30031915468906e-06,4.30031915468906e-06,0.0
1733064540.0,4.30031915468906e-06,4.30031915468906e-06,4.30031915468906e-06,4.30031915468906e-06,0.0
1733064600.0,4.30031915468906e-06,4.30031915468906e-06,4.30031915468906e-06,4.30031915468906e-06,0.0
1733064660.0,4.30031915468906e-06,4.30031915468906e-06,4.30031915468906e-06,4.30031915468906e-06,0.0
1733064720.0,4.30031915468906e-06,4.30031915468906e-06,4.30031915468906e-06,4.30031915468906e-06,0.0
1733064780.0,4.30031915468906e-06,4.30031915468906e-06,4.30031915468906e-06,4.30031915468906e-06,0.0
1733064840.0,4.30031915468906e-06,4.30031915468906e-06,4.30031915468906e-06,4.30031915468906e-06,0.0
1733064900.0,4.30031915468906e-06,4.30031915468906e-06,4.30031915468906e-06,4.30031915468906e-06,0.0
1733064960.0,4.30031915468906e-06,4.30031915468906e-06,4.30031915468906e-06,4.30031915468906e-06,0.0
1733065020.0,4.30031915468906e-06,4.30031915468906e-06,4.30031915468906e-06,4.30031915468906e-06,0.0
1733065080.0,4.30031915468906e-06,4.30031915468906e-06,4.30031915468906e-06,4.30031915468906e-06,0.0
1733065140.0,4.30031915468906e-06,4.30031915468906e-06,4.30031915468906e-06,4.30031915468906e-06,0.0
1733065200.0,4.30031915468906e-06,4.30031915468906e-06,4.30031915468906e-06,4.30031915468906e-06,0.0
1733065260.0,4.30031915468906e-06,4.30031915468906e-06,4.30031915468906e-06,4.30031915468906e-06,0.0
1733065320.0,4.30031915468906e-06,4.30031915468906e-06,4.30031915468906e-06,4.30031915468906e-06,0.0
1733065380.0,4.30031915468906e-06,4.30031915468906e-06,4.30031915468906e-06,4.30031915468906e-06,0.0
1733065440.0,4.30031915468906e-06,4.30031915468906e-06,4.30031915468906e-06,4.30031915468906e-06,0.0
1733065500.0,4.30031915468906e-06,4.30031915468906e-06,4.30031915468906e-06,4.30031915468906e-06,0.0
1733065560.0,4.30031915468906e-06,4.30031915468906e-06,4.30031915468906e-06,4.30031915468906e-06,0.0
1733065620.0,4.30031915468906e-06,4.30031915468906e-06,4.30031915468906e-06,4.30031915468906e-06,0.0
1733065680.0,4.30031915468906e-06,4.30031915468906e-06,4.30031915468906e-06,4.30031915468906e-06,0.0
1733065740.0,4.30031915468906e-06,4.30031915468906e-06,4.30031915468906e-06,4.30031915468906e-06,0.0
1733065800.0,4.30031915468906e-06,4.30031915468906e-06,4.30031915468906e-06,4.30031915468906e-06,0.0
1733065860.0,4.30031915468906e-06,4.30031915468906e-06,4.30031915468906e-06,4.30031915468906e-06,0.0
1733065920.0,4.30031915468906e-06,4.30031915468906e-06,4.30031915468906e-06,4.30031915468906e-06,0.0
1733065980.0,4.30031915468906e-06,4.30031915468906e-06,4.30031915468906e-06,4.30031915468906e-06,0.0
1733066040.0,4.30031915468906e-06,4.30307542998753e-06,4.30031915468906e-06,4.30307542998753e-06,0.73366378264
1733066100.0,4.30307542998753e-06,4.30307542998753e-06,4.30307542998753e-06,4.30307542998753e-06,0.0
1733066160.0,4.30307542998753e-06,4.30307542998753e-06,4.30307542998753e-06,4.30307542998753e-06,0.0
1733066220.0,4.30307542998753e-06,4.30307542998753e-06,4.30307542998753e-06,4.30307542998753e-06,0.0
1733066280.0,4.30307542998753e-06,4.30307542998753e-06,4.30307542998753e-06,4.30307542998753e-06,0.0
1733066340.0,4.30307542998753e-06,4.30307542998753e-06,4.30307542998753e-06,4.30307542998753e-06,0.0
1733066400.0,4.30307542998753e-06,4.30307542998753e-06,4.30307542998753e-06,4.30307542998753e-06,0.0
1733066460.0,4.30307542998753e-06,4.30307542998753e-06,4.30307542998753e-06,4.30307542998753e-06,0.0
1733066520.0,4.30307542998753e-06,4.30307542998753e-06,4.30307542998753e-06,4.30307542998753e-06,0.0
1733066580.0,4.30307542998753e-06,4.30307542998753e-06,4.30307542998753e-06,4.30307542998753e-06,0.0
1733066640.0,4.30307542998753e-06,4.30307542998753e-06,4.30307542998753e-06,4.30307542998753e-06,0.0
1733066700.0,4.30307542998753e-06,4.30307542998753e-06,4.30307542998753e-06,4.30307542998753e-06,0.0
1733066760.0,4.30307542998753e-06,4.30307542998753e-06,4.30307542998753e-06,4.30307542998753e-06,0.0
1733066820.0,4.30307542998753e-06,4.30307542998753e-06,4.30307542998753e-06,4.30307542998753e-06,0.0
1733066880.0,4.30307542998753e-06,4.30307542998753e-06,4.30307542998753e-06,4.30307542998753e-06,0.0
1733066940.0,4.30307542998753e-06,4.30307542998753e-06,4.30307542998753e-06,4.30307542998753e-06,0.0
1733067000.0,4.30307542998753e-06,4.30307542998753e-06,4.30307542998753e-06,4.30307542998753e-06,0.0
1733067060.0,4.30307542998753e-06,4.30307542998753e-06,4.30307542998753e-06,4.30307542998753e-06,0.0
1733067120.0,4.30307542998753e-06,4.30307542998753e-06,4.30307542998753e-06,4.30307542998753e-06,0.0
1733067180.0,4.30307542998753e-06,4.30307542998753e-06,4.30307542998753e-06,4.30307542998753e-06,0.0
1733067240.0,4.30307542998753e-06,4.30307542998753e-06,4.30307542998753e-06,4.30307542998753e-06,0.0
1733067300.0,4.30307542998753e-06,4.30307542998753e-06,4.30307542998753e-06,4.30307542998753e-06,0.0
1733067360.0,4.30307542998753e-06,4.30307542998753e-06,4.30307542998753e-06,4.30307542998753e-06,0.0
1733067420.0,4.30307542998753e-06,4.30307542998753e-06,4.30307542998753e-06,4.30307542998753e-06,0.0
1733067480.0,4.30307542998753e-06,4.30307542998753e-06,4.30307542998753e-06,4.30307542998753e-06,0.0
1733067540.0,4.30307542998753e-06,4.30307542998753e-06,4.30307542998753e-06,4.30307542998753e-06,0.0
1733067600.0,4.30307542998753e-06,4.30307542998753e-06,4.30307542998753e-06,4.30307542998753e-06,0.0
1733067660.0,4.30307542998753e-06,4.30307542998753e-06,4.30307542998753e-06,4.30307542998753e-06,0.0
1733067720.0,4.30307542998753e-06,4.30307542998753e-06,4.30307542998753e-06,4.30307542998753e-06,0.0
1733067780.0,4.30307542998753e-06,4.30307542998753e-06,4.30307542998753e-06,4.30307542998753e-06,0.0
1733067840.0,4.30307542998753e-06,4.30307542998753e-06,4.30307542998753e-06,4.30307542998753e-06,0.0
1733067900.0,4.30307542998753e-06,4.30307542998753e-06,4.30307542998753e-06,4.30307542998753e-06,0.0
1733067960.0,4.30307542998753e-06,4.30307542998753e-06,4.30307542998753e-06,4.30307542998753e-06,0.0
1733068020.0,4.30307542998753e-06,4.30307542998753e-06,4.30307542998753e-06,4.30307542998753e-06,0.0
1733068080.0,4.30307542998753e-06,4.30307542998753e-06,4.30307542998753e-06,4.30307542998753e-06,0.0
1733068140.0,4.30307542998753e-06,4.30307542998753e-06,4.30307542998753e-06,4.30307542998753e-06,0.0
1733068200.0,4.30307542998753e-06,4.30307542998753e-06,4.30307542998753e-06,4.30307542998753e-06,0.0
1733068260.0,4.30307542998753e-06,4.30307542998753e-06,4.30307542998753e-06,4.30307542998753e-06,0.0
1733068320.0,4.30307542998753e-06,4.30307542998753e-06,4.30307542998753e-06,4.30307542998753e-06,0.0
1733068380.0,4.30307542998753e-06,4.30307542998753e-06,4.30307542998753e-06,4.30307542998753e-06,0.0
1733068440.0,4.30307542998753e-06,4.30307542998753e-06,4.30307542998753e-06,4.30307542998753e-06,0.0
1733068500.0,4.30307542998753e-06,4.30307542998753e-06,4.30307542998753e-06,4.30307542998753e-06,0.0
1733068560.0,4.30307542998753e-06,4.30307542998753e-06,4.30307542998753e-06,4.30307542998753e-06,0.0
1733068620.0,4.30307542998753e-06,4.30307542998753e-06,4.30307542998753e-06,4.30307542998753e-06,0.0
1733068680.0,4.30307542998753e-06,4.30307542998753e-06,4.30307542998753e-06,4.30307542998753e-06,0.0
1733068740.0,4.30307542998753e-06,4.30307542998753e-06,4.30307542998753e-06,4.30307542998753e-06,0.0
1733068800.0,4.30307542998753e-06,4.30307542998753e-06,4.30307542998753e-06,4.30307542998753e-06,0.0
1733068860.0,4.30307542998753e-06,4.30307542998753e-06,4.30307542998753e-06,4.30307542998753e-06,0.0
1733068920.0,4.30307542998753e-06,4.30307542998753e-06,4.30307542998753e-06,4.30307542998753e-06,0.0
1733068980.0,4.30307542998753e-06,4.30307542998753e-06,4.30307542998753e-06,4.30307542998753e-06,0.0
1733069040.0,4.30307542998753e-06,4.30307542998753e-06,4.30307542998753e-06,4.30307542998753e-06,0.0
1733069100.0,4.30307542998753e-06,4.30307542998753e-06,4.30307542998753e-06,4.30307542998753e-06,0.0
1733069160.0,4.30307542998753e-06,4.30307542998753e-06,4.30307542998753e-06,4.30307542998753e-06,0.0
1733069220.0,4.30307542998753e-06,4.30307542998753e-06,4.30307542998753e-06,4.30307542998753e-06,0.0
1733069280.0,4.30307542998753e-06,4.30307542998753e-06,4.30307542998753e-06,4.30307542998753e-06,0.0
1733069340.0,4.30307542998753e-06,4.30307542998753e-06,4.30307542998753e-06,4.30307542998753e-06,0.0
1733069400.0,4.30307542998753e-06,4.30307542998753e-06,4.30307542998753e-06,4.30307542998753e-06,0.0
1733069460.0,4.30307542998753e-06,4.30307542998753e-06,4.30307542998753e-06,4.30307542998753e-06,0.0
1733069520.0,4.30307542998753e-06,4.30307542998753e-06,4.30307542998753e-06,4.30307542998753e-06,0.0
1733069580.0,4.30307542998753e-06,4.30307542998753e-06,4.30307542998753e-06,4.30307542998753e-06,0.0
1733069640.0,4.30307542998753e-06,4.30307542998753e-06,4.30307542998753e-06,4.30307542998753e-06,0.0
1733069700.0,4.30307542998753e-06,4.30307542998753e-06,4.30307542998753e-06,4.30307542998753e-06,0.0
1733069760.0,4.30307542998753e-06,4.30307542998753e-06,4.30307542998753e-06,4.30307542998753e-06,0.0
1733069820.0,4.30307542998753e-06,4.30307542998753e-06,4.30307542998753e-06,4.30307542998753e-06,0.0
1733069880.0,4.30307542998753e-06,4.30307542998753e-06,4.30307542998753e-06,4.30307542998753e-06,0.0
1733069940.0,4.30307542998753e-06,4.30307542998753e-06,4.30307542998753e-06,4.30307542998753e-06,0.0
1733070000.0,4.30307542998753e-06,4.30307542998753e-06,4.30307542998753e-06,4.30307542998753e-06,0.0
1733070060.0,4.30307542998753e-06,4.30307542998753e-06,4.30307542998753e-06,4.30307542998753e-06,0.0
1733070120.0,4.30307542998753e-06,4.30307542998753e-06,4.30307542998753e-06,4.30307542998753e-06,0.0
1733070180.0,4.30307542998753e-06,4.30307542998753e-06,4.30307542998753e-06,4.30307542998753e-06,0.0
1733070240.0,4.30307542998753e-06,4.30307542998753e-06,4.30307542998753e-06,4.30307542998753e-06,0.0
1733070300.0,4.30307542998753e-06,4.30307542998753e-06,4.30307542998753e-06,4.30307542998753e-06,0.0
1733070360.0,4.30307542998753e-06,4.30307542998753e-06,4.30307542998753e-06,4.30307542998753e-06,0.0
1733070420.0,4.30307542998753e-06,4.30307542998753e-06,4.30307542998753e-06,4.30307542998753e-06,0.0
1733070480.0,4.30307542998753e-06,4.30307542998753e-06,4.30307542998753e-06,4.30307542998753e-06,0.0
1733070540.0,4.30307542998753e-06,4.30307542998753e-06,4.30307542998753e-06,4.30307542998753e-06,0.0
1733070600.0,4.30307542998753e-06,4.32395427410759e-06,4.30307542998753e-06,4.32395427410759e-06,0.00022282554
1733070660.0,4.32395427410759e-06,4.32395427410759e-06,4.32395427410759e-06,4.32395427410759e-06,0.0
1733070720.0,4.32395427410759e-06,4.32395427410759e-06,4.32395427410759e-06,4.32395427410759e-06,0.0
1733070780.0,4.32395427410759e-06,4.32395427410759e-06,4.32395427410759e-06,4.32395427410759e-06,0.0
1733070840.0,4.32395427410759e-06,4.32395427410759e-06,4.32395427410759e-06,4.32395427410759e-06,0.0
1733070900.0,4.32395427410759e-06,4.32395427410759e-06,4.32395427410759e-06,4.32395427410759e-06,0.0
1733070960.0,4.32395427410759e-06,4.32395427410759e-06,4.32395427410759e-06,4.32395427410759e-06,0.0
1733071020.0,4.32395427410759e-06,4.32395427410759e-06,4.32395427410759e-06,4.32395427410759e-06,0.0
1733071080.0,4.32395427410759e-06,4.32395427410759e-06,4.32395427410759e-06,4.32395427410759e-06,0.0
1733071140.0,4.32395427410759e-06,4.32395427410759e-06,4.32395427410759e-06,4.32395427410759e-06,0.0
1733071200.0,4.32395427410759e-06,4.32395427410759e-06,4.32395427410759e-06,4.32395427410759e-06,0.0
1733071260.0,4.32395427410759e-06,4.32395427410759e-06,4.32395427410759e-06,4.32395427410759e-06,0.0
1733071320.0,4.32395427410759e-06,4.32395427410759e-06,4.32395427410759e-06,4.32395427410759e-06,0.0
1733071380.0,4.32395427410759e-06,4.32395427410759e-06,4.32395427410759e-06,4.32395427410759e-06,0.0
1733071440.0,4.32395427410759e-06,4.32395427410759e-06,4.32395427410759e-06,4.32395427410759e-06,0.0
1733071500.0,4.32395427410759e-06,4.32395427410759e-06,4.32395427410759e-06,4.32395427410759e-06,0.0
1733071560.0,4.32395427410759e-06,4.32395427410759e-06,4.32395427410759e-06,4.32395427410759e-06,0.0
1733071620.0,4.32395427410759e-06,4.32395427410759e-06,4.32395427410759e-06,4.32395427410759e-06,0.0
1733071680.0,4.32395427410759e-06,4.32395427410759e-06,4.32395427410759e-06,4.32395427410759e-06,0.0
1733071740.0,4.32395427410759e-06,4.32395427410759e-06,4.32395427410759e-06,4.32395427410759e-06,0.0
1733071800.0,4.32395427410759e-06,4.32395427410759e-06,4.32395427410759e-06,4.32395427410759e-06,0.0
1733071860.0,4.32395427410759e-06,4.32395427410759e-06,4.32395427410759e-06,4.32395427410759e-06,0.0
1733071920.0,4.32395427410759e-06,4.32395427410759e-06,4.32395427410759e-06,4.32395427410759e-06,0.0
1733071980.0,4.32395427410759e-06,4.32395427410759e-06,4.32395427410759e-06,4.32395427410759e-06,0.0
1733072040.0,4.32395427410759e-06,4.32395427410759e-06,4.32395427410759e-06,4.32395427410759e-06,0.0
1733072100.0,4.32395427410759e-06,4.32395427410759e-06,4.32395427410759e-06,4.32395427410759e-06,0.0
1733072160.0,4.32395427410759e-06,4.32395427410759e-06,4.32395427410759e-06,4.32395427410759e-06,0.0
1733072220.0,4.32395427410759e-06,4.32395427410759e-06,4.32395427410759e-06,4.32395427410759e-06,0.0
1733072280.0,4.32395427410759e-06,4.32395427410759e-06,4.32395427410759e-06,4.32395427410759e-06,0.0
1733072340.0,4.32395427410759e-06,4.32395427410759e-06,4.32395427410759e-06,4.32395427410759e-06,0.0
1733072400.0,4.32395427410759e-06,4.32395427410759e-06,4.32395427410759e-06,4.32395427410759e-06,0.0
1733072460.0,4.32395427410759e-06,4.32395427410759e-06,4.32395427410759e-06,4.32395427410759e-06,0.0
1733072520.0,4.32395427410759e-06,4.32395427410759e-06,4.32395427410759e-06,4.32395427410759e-06,0.0
1733072580.0,4.32395427410759e-06,4.32395427410759e-06,4.32395427410759e-06,4.32395427410759e-06,0.0
1733072640.0,4.32395427410759e-06,4.32395427410759e-06,4.32395427410759e-06,4.32395427410759e-06,0.0
1733072700.0,4.32395427410759e-06,4.32395427410759e-06,4.32395427410759e-06,4.32395427410759e-06,0.0
1733072760.0,4.32395427410759e-06,4.32395427410759e-06,4.32395427410759e-06,4.32395427410759e-06,0.0
1733072820.0,4.32395427410759e-06,4.32395427410759e-06,4.32395427410759e-06,4.32395427410759e-06,0.0
1733072880.0,4.32395427410759e-06,4.32395427410759e-06,4.32395427410759e-06,4.32395427410759e-06,0.0
1733072940.0,4.32395427410759e-06,4.32395427410759e-06,4.32395427410759e-06,4.32395427410759e-06,0.0
1733073000.0,4.32395427410759e-06,4.32395427410759e-06,4.32395427410759e-06,4.32395427410759e-06,0.0
1733073060.0,4.32395427410759e-06,4.32395427410759e-06,4.32395427410759e-06,4.32395427410759e-06,0.0
1733073120.0,4.32395427410759e-06,4.32395427410759e-06,4.32395427410759e-06,4.32395427410759e-06,0.0
1733073180.0,4.32395427410759e-06,4.32395427410759e-06,4.32395427410759e-06,4.32395427410759e-06,0.0
1733073240.0,4.32395427410759e-06,4.32395427410759e-06,4.32395427410759e-06,4.32395427410759e-06,0.0
1733073300.0,4.32395427410759e-06,4.32395427410759e-06,4.32395427410759e-06,4.32395427410759e-06,0.0
1733073360.0,4.32395427410759e-06,4.32395427410759e-06,4.32395427410759e-06,4.32395427410759e-06,0.0
1733073420.0,4.32395427410759e-06,4.32395427410759e-06,4.32395427410759e-06,4.32395427410759e-06,0.0
1733073480.0,4.32395427410759e-06,4.32395427410759e-06,4.32395427410759e-06,4.32395427410759e-06,0.0
1733073540.0,4.32395427410759e-06,4.32395427410759e-06,4.32395427410759e-06,4.32395427410759e-06,0.0
1733073600.0,4.32395427410759e-06,4.32395427410759e-06,4.32395427410759e-06,4.32395427410759e-06,0.0
1733073660.0,4.32395427410759e-06,4.32395427410759e-06,4.32395427410759e-06,4.32395427410759e-06,0.0
1733073720.0,4.32395427410759e-06,4.32395427410759e-06,4.32395427410759e-06,4.32395427410759e-06,0.0
1733073780.0,4.32395427410759e-06,4.32395427410759e-06,4.32395427410759e-06,4.32395427410759e-06,0.0
1733073840.0,4.32395427410759e-06,4.32395427410759e-06,4.32395427410759e-06,4.32395427410759e-06,0.0
1733073900.0,4.32395427410759e-06,4.32395427410759e-06,4.2841994585969e-06,4.2841994585969e-06,0.02276653122
1733073960.0,4.2841994585969e-06,4.2841994585969e-06,4.2841994585969e-06,4.2841994585969e-06,0.0
1733074020.0,4.2841994585969e-06,4.2841994585969e-06,4.2841994585969e-06,4.2841994585969e-06,0.0
1733074080.0,4.2841994585969e-06,4.2841994585969e-06,4.2841994585969e-06,4.2841994585969e-06,0.0
1733074140.0,4.2841994585969e-06,4.2841994585969e-06,4.2841994585969e-06,4.2841994585969e-06,0.0
1733074200.0,4.2841994585969e-06,4.2841994585969e-06,4.2841994585969e-06,4.2841994585969e-06,0.0
1733074260.0,4.2841994585969e-06,4.2841994585969e-06,4.2841994585969e-06,4.2841994585969e-06,0.0
1733074320.0,4.2841994585969e-06,4.2841994585969e-06,4.2841994585969e-06,4.2841994585969e-06,0.0
1733074380.0,4.2841994585969e-06,4.2841994585969e-06,4.2841994585969e-06,4.2841994585969e-06,0.0
1733074440.0,4.2841994585969e-06,4.2841994585969e-06,4.2841994585969e-06,4.2841994585969e-06,0.0
1733074500.0,4.2841994585969e-06,4.2841994585969e-06,4.2841994585969e-06,4.2841994585969e-06,0.0
1733074560.0,4.2841994585969e-06,4.2841994585969e-06,4.2841994585969e-06,4.2841994585969e-06,0.0
1733074620.0,4.2841994585969e-06,4.2841994585969e-06,4.2841994585969e-06,4.2841994585969e-06,0.0
1733074680.0,4.2841994585969e-06,4.2841994585969e-06,4.2841994585969e-06,4.2841994585969e-06,0.0
1733074740.0,4.2841994585969e-06,4.2841994585969e-06,4.2841994585969e-06,4.2841994585969e-06,0.0
1733074800.0,4.2841994585969e-06,4.2841994585969e-06,4.2841994585969e-06,4.2841994585969e-06,0.0
1733074860.0,4.2841994585969e-06,4.2841994585969e-06,4.2841994585969e-06,4.2841994585969e-06,0.0
1733074920.0,4.2841994585969e-06,4.2841994585969e-06,4.2841994585969e-06,4.2841994585969e-06,0.0
1733074980.0,4.2841994585969e-06,4.2841994585969e-06,4.2841994585969e-06,4.2841994585969e-06,0.0
1733075040.0,4.2841994585969e-06,4.2841994585969e-06,4.2841994585969e-06,4.2841994585969e-06,0.0
1733075100.0,4.2841994585969e-06,4.2841994585969e-06,4.2841994585969e-06,4.2841994585969e-06,0.0
1733075160.0,4.2841994585969e-06,4.2841994585969e-06,4.2841994585969e-06,4.2841994585969e-06,0.0
1733075220.0,4.2841994585969e-06,4.2841994585969e-06,4.2841994585969e-06,4.2841994585969e-06,0.0
1733075280.0,4.2841994585969e-06,4.2841994585969e-06,4.2841994585969e-06,4.2841994585969e-06,0.0
1733075340.0,4.2841994585969e-06,4.2841994585969e-06,4.2841994585969e-06,4.2841994585969e-06,0.0
1733075400.0,4.2841994585969e-06,4.2841994585969e-06,4.2841994585969e-06,4.2841994585969e-06,0.0
1733075460.0,4.2841994585969e-06,4.2841994585969e-06,4.2841994585969e-06,4.2841994585969e-06,0.0
1733075520.0,4.2841994585969e-06,4.2841994585969e-06,4.2841994585969e-06,4.2841994585969e-06,0.0
1733075580.0,4.2841994585969e-06,4.2841994585969e-06,4.2841994585969e-06,4.2841994585969e-06,0.0
1733075640.0,4.2841994585969e-06,4.2841994585969e-06,4.2841994585969e-06,4.2841994585969e-06,0.0
1733075700.0,4.2841994585969e-06,4.2841994585969e-06,4.2841994585969e-06,4.2841994585969e-06,0.0
1733075760.0,4.2841994585969e-06,4.2841994585969e-06,4.2841994585969e-06,4.2841994585969e-06,0.0
1733075820.0,4.2841994585969e-06,4.2841994585969e-06,4.2841994585969e-06,4.2841994585969e-06,0.0
1733075880.0,4.2841994585969e-06,4.2841994585969e-06,4.2841994585969e-06,4.2841994585969e-06,0.0
1733075940.0,4.2841994585969e-06,4.2841994585969e-06,4.2841994585969e-06,4.2841994585969e-06,0.0
1733076000.0,4.2841994585969e-06,4.2841994585969e-06,4.2841994585969e-06,4.2841994585969e-06,0.0
1733076060.0,4.2841994585969e-06,4.2841994585969e-06,4.2841994585969e-06,4.2841994585969e-06,0.0
1733076120.0,4.2841994585969e-06,4.2841994585969e-06,4.2841994585969e-06,4.2841994585969e-06,0.0
1733076180.0,4.2841994585969e-06,4.2841994585969e-06,4.2841994585969e-06,4.2841994585969e-06,0.0
1733076240.0,4.2841994585969e-06,4.2841994585969e-06,4.2841994585969e-06,4.2841994585969e-06,0.0
1733076300.0,4.2841994585969e-06,4.2841994585969e-06,4.2841994585969e-06,4.2841994585969e-06,0.0
1733076360.0,4.2841994585969e-06,4.2841994585969e-06,4.2841994585969e-06,4.2841994585969e-06,0.0
1733076420.0,4.2841994585969e-06,4.2841994585969e-06,4.2841994585969e-06,4.2841994585969e-06,0.0
1733076480.0,4.2841994585969e-06,4.2841994585969e-06,4.2841994585969e-06,4.2841994585969e-06,0.0
1733076540.0,4.2841994585969e-06,4.2841994585969e-06,4.2841994585969e-06,4.2841994585969e-06,0.0
1733076600.0,4.2841994585969e-06,4.2841994585969e-06,4.2841994585969e-06,4.2841994585969e-06,0.0
1733076660.0,4.2841994585969e-06,4.2841994585969e-06,4.2841994585969e-06,4.2841994585969e-06,0.0
1733076720.0,4.2841994585969e-06,4.2841994585969e-06,4.2841994585969e-06,4.2841994585969e-06,0.0
1733076780.0,4.2841994585969e-06,4.2841994585969e-06,4.2841994585969e-06,4.2841994585969e-06,0.0
1733076840.0,4.2841994585969e-06,4.2841994585969e-06,4.2841994585969e-06,4.2841994585969e-06,0.0
1733076900.0,4.2841994585969e-06,4.2841994585969e-06,4.2841994585969e-06,4.2841994585969e-06,0.0
1733076960.0,4.2841994585969e-06,4.2841994585969e-06,4.2841994585969e-06,4.2841994585969e-06,0.0
1733077020.0,4.2841994585969e-06,4.2841994585969e-06,4.2841994585969e-06,4.2841994585969e-06,0.0
1733077080.0,4.2841994585969e-06,4.2841994585969e-06,4.2841994585969e-06,4.2841994585969e-06,0.0
1733077140.0,4.2841994585969e-06,4.2841994585969e-06,4.2841994585969e-06,4.2841994585969e-06,0.0
1733077200.0,4.2841994585969e-06,4.2841994585969e-06,4.2841994585969e-06,4.2841994585969e-06,0.0
1733077260.0,4.2841994585969e-06,4.2841994585969e-06,4.2841994585969e-06,4.2841994585969e-06,0.0
1733077320.0,4.2841994585969e-06,4.2841994585969e-06,4.2841994585969e-06,4.2841994585969e-06,0.0
1733077380.0,4.2841994585969e-06,4.2841994585969e-06,4.2841994585969e-06,4.2841994585969e-06,0.0
1733077440.0,4.2841994585969e-06,4.2841994585969e-06,4.2841994585969e-06,4.2841994585969e-06,0.0
1733077500.0,4.2841994585969e-06,4.2841994585969e-06,4.2841994585969e-06,4.2841994585969e-06,0.0
1733077560.0,4.2841994585969e-06,4.2841994585969e-06,4.2841994585969e-06,4.2841994585969e-06,0.0
1733077620.0,4.2841994585969e-06,4.2841994585969e-06,4.2841994585969e-06,4.2841994585969e-06,0.0
1733077680.0,4.2841994585969e-06,4.2841994585969e-06,4.2841994585969e-06,4.2841994585969e-06,0.0
1733077740.0,4.2841994585969e-06,4.2841994585969e-06,4.2841994585969e-06,4.2841994585969e-06,0.0
1733077800.0,4.2841994585969e-06,4.2841994585969e-06,4.2841994585969e-06,4.2841994585969e-06,0.0
1733077860.0,4.2841994585969e-06,4.2841994585969e-06,4.2841994585969e-06,4.2841994585969e-06,0.0
1733077920.0,4.2841994585969e-06,4.2841994585969e-06,4.2841994585969e-06,4.2841994585969e-06,0.0
1733077980.0,4.2841994585969e-06,4.2841994585969e-06,4.2841994585969e-06,4.2841994585969e-06,0.0
1733078040.0,4.2841994585969e-06,4.2841994585969e-06,4.2841994585969e-06,4.2841994585969e-06,0.0
1733078100.0,4.2841994585969e-06,4.2841994585969e-06,4.2841994585969e-06,4.2841994585969e-06,0.0
1733078160.0,4.2841994585969e-06,4.2841994585969e-06,4.2841994585969e-06,4.2841994585969e-06,0.0
1733078220.0,4.2841994585969e-06,4.2841994585969e-06,4.2841994585969e-06,4.2841994585969e-06,0.0
1733078280.0,4.2841994585969e-06,4.2841994585969e-06,4.2841994585969e-06,4.2841994585969e-06,0.0
1733078340.0,4.2841994585969e-06,4.2841994585969e-06,4.2841994585969e-06,4.2841994585969e-06,0.0
1733078400.0,4.2841994585969e-06,4.2841994585969e-06,4.2841994585969e-06,4.2841994585969e-06,0.0
1733078460.0,4.2841994585969e-06,4.2841994585969e-06,4.2841994585969e-06,4.2841994585969e-06,0.0
1733078520.0,4.2841994585969e-06,4.2841994585969e-06,4.2841994585969e-06,4.2841994585969e-06,0.0
1733078580.0,4.2841994585969e-06,4.2841994585969e-06,4.2841994585969e-06,4.2841994585969e-06,0.0
1733078640.0,4.2841994585969e-06,4.2841994585969e-06,4.2841994585969e-06,4.2841994585969e-06,0.0
1733078700.0,4.2841994585969e-06,4.2841994585969e-06,4.2841994585969e-06,4.2841994585969e-06,0.0
1733078760.0,4.2841994585969e-06,4.2841994585969e-06,4.2841994585969e-06,4.2841994585969e-06,0.0
1733078820.0,4.2841994585969e-06,4.2841994585969e-06,4.2841994585969e-06,4.2841994585969e-06,0.0
1733078880.0,4.2841994585969e-06,4.2841994585969e-06,4.2841994585969e-06,4.2841994585969e-06,0.0
1733078940.0,4.2841994585969e-06,4.2841994585969e-06,4.2841994585969e-06,4.2841994585969e-06,0.0
1733079000.0,4.2841994585969e-06,4.2841994585969e-06,4.2841994585969e-06,4.2841994585969e-06,0.0
1733079060.0,4.2841994585969e-06,4.2841994585969e-06,4.2841994585969e-06,4.2841994585969e-06,0.0
1733079120.0,4.2841994585969e-06,4.2841994585969e-06,4.2841994585969e-06,4.2841994585969e-06,0.0
1733079180.0,4.2841994585969e-06,4.2841994585969e-06,4.2841994585969e-06,4.2841994585969e-06,0.0
1733079240.0,4.2841994585969e-06,4.2841994585969e-06,4.2841994585969e-06,4.2841994585969e-06,0.0
1733079300.0,4.2841994585969e-06,4.2841994585969e-06,4.2841994585969e-06,4.2841994585969e-06,0.0
1733079360.0,4.2841994585969e-06,4.2841994585969e-06,4.2841994585969e-06,4.2841994585969e-06,0.0
1733079420.0,4.2841994585969e-06,4.2841994585969e-06,4.2841994585969e-06,4.2841994585969e-06,0.0
1733079480.0,4.2841994585969e-06,4.2841994585969e-06,4.2841994585969e-06,4.2841994585969e-06,0.0
1733079540.0,4.2841994585969e-06,4.2841994585969e-06,4.2841994585969e-06,4.2841994585969e-06,0.0
1733079600.0,4.2841994585969e-06,4.2841994585969e-06,4.2841994585969e-06,4.2841994585969e-06,0.0
1733079660.0,4.2841994585969e-06,4.2841994585969e-06,4.2841994585969e-06,4.2841994585969e-06,0.0
1733079720.0,4.2841994585969e-06,4.2841994585969e-06,4.2841994585969e-06,4.2841994585969e-06,0.0
1733079780.0,4.2841994585969e-06,4.2841994585969e-06,4.2841994585969e-06,4.2841994585969e-06,0.0
1733079840.0,4.2841994585969e-06,4.2841994585969e-06,4.2841994585969e-06,4.2841994585969e-06,0.0
1733079900.0,4.2841994585969e-06,4.2841994585969e-06,4.2841994585969e-06,4.2841994585969e-06,0.0
1733079960.0,4.2841994585969e-06,4.2841994585969e-06,4.2841994585969e-06,4.2841994585969e-06,0.0
1733080020.0,4.2841994585969e-06,4.2841994585969e-06,4.2841994585969e-06,4.2841994585969e-06,0.0
1733080080.0,4.2841994585969e-06,4.2841994585969e-06,4.2841994585969e-06,4.2841994585969e-06,0.0
1733080140.0,4.2841994585969e-06,4.2841994585969e-06,4.2841994585969e-06,4.2841994585969e-06,0.0
1733080200.0,4.2841994585969e-06,4.2841994585969e-06,4.2841994585969e-06,4.2841994585969e-06,0.0
1733080260.0,4.2841994585969e-06,4.2841994585969e-06,4.2841994585969e-06,4.2841994585969e-06,0.0
1733080320.0,4.2841994585969e-06,4.2841994585969e-06,4.2841994585969e-06,4.2841994585969e-06,0.0
1733080380.0,4.2841994585969e-06,4.2841994585969e-06,4.2841994585969e-06,4.2841994585969e-06,0.0
1733080440.0,4.2841994585969e-06,4.2841994585969e-06,4.2841994585969e-06,4.2841994585969e-06,0.0
1733080500.0,4.2841994585969e-06,4.2841994585969e-06,4.2841994585969e-06,4.2841994585969e-06,0.0
1733080560.0,4.2841994585969e-06,4.2841994585969e-06,4.2841994585969e-06,4.2841994585969e-06,0.0
1733080620.0,4.2841994585969e-06,4.2841994585969e-06,4.2841994585969e-06,4.2841994585969e-06,0.0
1733080680.0,4.2841994585969e-06,4.2841994585969e-06,4.2841994585969e-06,4.2841994585969e-06,0.0
1733080740.0,4.2841994585969e-06,4.2841994585969e-06,4.2841994585969e-06,4.2841994585969e-06,0.0
1733080800.0,4.2841994585969e-06,4.2841994585969e-06,4.2841994585969e-06,4.2841994585969e-06,0.0
1733080860.0,4.2841994585969e-06,4.2841994585969e-06,4.2841994585969e-06,4.2841994585969e-06,0.0
1733080920.0,4.2841994585969e-06,4.2841994585969e-06,4.2841994585969e-06,4.2841994585969e-06,0.0
1733080980.0,4.2841994585969e-06,4.2841994585969e-06,4.2841994585969e-06,4.2841994585969e-06,0.0
1733081040.0,4.2841994585969e-06,4.2841994585969e-06,4.2841994585969e-06,4.2841994585969e-06,0.0
1733081100.0,4.2841994585969e-06,4.2841994585969e-06,4.2841994585969e-06,4.2841994585969e-06,0.0
1733081160.0,4.2841994585969e-06,4.2841994585969e-06,4.2841994585969e-06,4.2841994585969e-06,0.0
1733081220.0,4.2841994585969e-06,4.2841994585969e-06,4.2841994585969e-06,4.2841994585969e-06,0.0
1733081280.0,4.2841994585969e-06,4.2841994585969e-06,4.2841994585969e-06,4.2841994585969e-06,0.0
1733081340.0,4.2841994585969e-06,4.2841994585969e-06,4.2841994585969e-06,4.2841994585969e-06,0.0
1733081400.0,4.2841994585969e-06,4.2841994585969e-06,4.2841994585969e-06,4.2841994585969e-06,0.0
1733081460.0,4.2841994585969e-06,4.2841994585969e-06,4.2841994585969e-06,4.2841994585969e-06,0.0
1733081520.0,4.2841994585969e-06,4.2841994585969e-06,4.2841994585969e-06,4.2841994585969e-06,0.0
1733081580.0,4.2841994585969e-06,4.2841994585969e-06,4.2841994585969e-06,4.2841994585969e-06,0.0
1733081640.0,4.2841994585969e-06,4.2841994585969e-06,4.2841994585969e-06,4.2841994585969e-06,0.0
1733081700.0,4.2841994585969e-06,4.2841994585969e-06,4.2841994585969e-06,4.2841994585969e-06,0.0
1733081760.0,4.2841994585969e-06,4.2841994585969e-06,4.2841994585969e-06,4.2841994585969e-06,0.0
1733081820.0,4.2841994585969e-06,4.2841994585969e-06,4.2841994585969e-06,4.2841994585969e-06,0.0
1733081880.0,4.2841994585969e-06,4.2841994585969e-06,4.2841994585969e-06,4.2841994585969e-06,0.0
1733081940.0,4.2841994585969e-06,4.2841994585969e-06,4.2841994585969e-06,4.2841994585969e-06,0.0
1733082000.0,4.2841994585969e-06,4.2841994585969e-06,4.2841994585969e-06,4.2841994585969e-06,0.0
1733082060.0,4.2841994585969e-06,4.2841994585969e-06,4.2841994585969e-06,4.2841994585969e-06,0.0
1733082120.0,4.2841994585969e-06,4.2841994585969e-06,4.2841994585969e-06,4.2841994585969e-06,0.0
1733082180.0,4.2841994585969e-06,4.2841994585969e-06,4.2841994585969e-06,4.2841994585969e-06,0.0
1733082240.0,4.2841994585969e-06,4.2841994585969e-06,4.2841994585969e-06,4.2841994585969e-06,0.0
1733082300.0,4.2841994585969e-06,4.2841994585969e-06,4.2841994585969e-06,4.2841994585969e-06,0.0
1733082360.0,4.2841994585969e-06,4.2841994585969e-06,4.2841994585969e-06,4.2841994585969e-06,0.0
1733082420.0,4.2841994585969e-06,4.2841994585969e-06,4.2841994585969e-06,4.2841994585969e-06,0.0
1733082480.0,4.2841994585969e-06,4.2841994585969e-06,4.2841994585969e-06,4.2841994585969e-06,0.0
1733082540.0,4.2841994585969e-06,4.2841994585969e-06,4.2841994585969e-06,4.2841994585969e-06,0.0
1733082600.0,4.2841994585969e-06,4.2841994585969e-06,4.2841994585969e-06,4.2841994585969e-06,0.0
1733082660.0,4.2841994585969e-06,4.2841994585969e-06,4.2841994585969e-06,4.2841994585969e-06,0.0
1733082720.0,4.2841994585969e-06,4.2841994585969e-06,4.2841994585969e-06,4.2841994585969e-06,0.0
1733082780.0,4.2841994585969e-06,4.2841994585969e-06,4.2841994585969e-06,4.2841994585969e-06,0.0
1733082840.0,4.2841994585969e-06,4.2841994585969e-06,4.2841994585969e-06,4.2841994585969e-06,0.0
1733082900.0,4.2841994585969e-06,4.2841994585969e-06,4.2841994585969e-06,4.2841994585969e-06,0.0
1733082960.0,4.2841994585969e-06,4.2841994585969e-06,4.2841994585969e-06,4.2841994585969e-06,0.0
1733083020.0,4.2841994585969e-06,4.2841994585969e-06,4.2841994585969e-06,4.2841994585969e-06,0.0
1733083080.0,4.2841994585969e-06,4.2841994585969e-06,4.2841994585969e-06,4.2841994585969e-06,0.0
1733083140.0,4.2841994585969e-06,4.2841994585969e-06,4.2841994585969e-06,4.2841994585969e-06,0.0
1733083200.0,4.2841994585969e-06,4.2841994585969e-06,4.2841994585969e-06,4.2841994585969e-06,0.0
1733083260.0,4.2841994585969e-06,4.2841994585969e-06,4.2841994585969e-06,4.2841994585969e-06,0.0
1733083320.0,4.2841994585969e-06,4.2841994585969e-06,4.2841994585969e-06,4.2841994585969e-06,0.0
1733083380.0,4.2841994585969e-06,4.2841994585969e-06,4.2841994585969e-06,4.2841994585969e-06,0.0
1733083440.0,4.2841994585969e-06,4.2841994585969e-06,4.2841994585969e-06,4.2841994585969e-06,0.0
1733083500.0,4.2841994585969e-06,4.2841994585969e-06,4.2841994585969e-06,4.2841994585969e-06,0.0
1733083560.0,4.2841994585969e-06,4.2841994585969e-06,4.2841994585969e-06,4.2841994585969e-06,0.0
1733083620.0,4.2841994585969e-06,4.2841994585969e-06,4.25528214045574e-06,4.25528214045574e-06,3.18388709112
1733083680.0,4.25528214045574e-06,4.25528214045574e-06,4.25528214045574e-06,4.25528214045574e-06,0.0
1733083740.0,4.25528214045574e-06,4.25528214045574e-06,4.25528214045574e-06,4.25528214045574e-06,0.0
1733083800.0,4.25528214045574e-06,4.25528214045574e-06,4.25528214045574e-06,4.25528214045574e-06,0.0
1733083860.0,4.25528214045574e-06,4.25528214045574e-06,4.25528214045574e-06,4.25528214045574e-06,0.0
1733083920.0,4.25528214045574e-06,4.25528214045574e-06,4.25528214045574e-06,4.25528214045574e-06,0.0
1733083980.0,4.25528214045574e-06,4.25528214045574e-06,4.25528214045574e-06,4.25528214045574e-06,0.0
1733084040.0,4.25528214045574e-06,4.25528214045574e-06,4.25528214045574e-06,4.25528214045574e-06,0.0
1733084100.0,4.25528214045574e-06,4.25528214045574e-06,4.25528214045574e-06,4.25528214045574e-06,0.0
1733084160.0,4.25528214045574e-06,4.25528214045574e-06,4.25528214045574e-06,4.25528214045574e-06,0.0
1733084220.0,4.25528214045574e-06,4.25528214045574e-06,4.25528214045574e-06,4.25528214045574e-06,0.0
1733084280.0,4.25528214045574e-06,4.25528214045574e-06,4.25528214045574e-06,4.25528214045574e-06,0.0
1733084340.0,4.25528214045574e-06,4.25528214045574e-06,4.25528214045574e-06,4.25528214045574e-06,0.0
1733084400.0,4.25528214045574e-06,4.25528214045574e-06,4.25528214045574e-06,4.25528214045574e-06,0.0
1733084460.0,4.25528214045574e-06,4.25528214045574e-06,4.25528214045574e-06,4.25528214045574e-06,0.0
1733084520.0,4.25528214045574e-06,4.25528214045574e-06,4.25528214045574e-06,4.25528214045574e-06,0.0
1733084580.0,4.25528214045574e-06,4.25528214045574e-06,4.25528214045574e-06,4.25528214045574e-06,0.0
1733084640.0,4.25528214045574e-06,4.25528214045574e-06,4.25528214045574e-06,4.25528214045574e-06,0.0
1733084700.0,4.25528214045574e-06,4.25528214045574e-06,4.25528214045574e-06,4.25528214045574e-06,0.0
1733084760.0,4.25528214045574e-06,4.25528214045574e-06,4.25528214045574e-06,4.25528214045574e-06,0.0
1733084820.0,4.25528214045574e-06,4.25528214045574e-06,4.25528214045574e-06,4.25528214045574e-06,0.0
1733084880.0,4.25528214045574e-06,4.25528214045574e-06,4.25528214045574e-06,4.25528214045574e-06,0.0
1733084940.0,4.25528214045574e-06,4.25528214045574e-06,4.25528214045574e-06,4.25528214045574e-06,0.0
1733085000.0,4.25528214045574e-06,4.25528214045574e-06,4.25528214045574e-06,4.25528214045574e-06,0.0
1733085060.0,4.25528214045574e-06,4.25528214045574e-06,4.25528214045574e-06,4.25528214045574e-06,0.0
1733085120.0,4.25528214045574e-06,4.25528214045574e-06,4.25528214045574e-06,4.25528214045574e-06,0.0
1733085180.0,4.25528214045574e-06,4.25528214045574e-06,4.25528214045574e-06,4.25528214045574e-06,0.0
1733085240.0,4.25528214045574e-06,4.25528214045574e-06,4.25528214045574e-06,4.25528214045574e-06,0.0
1733085300.0,4.25528214045574e-06,4.25528214045574e-06,4.25528214045574e-06,4.25528214045574e-06,0.0
1733085360.0,4.25528214045574e-06,4.25528214045574e-06,4.25528214045574e-06,4.25528214045574e-06,0.0
1733085420.0,4.25528214045574e-06,4.25528214045574e-06,4.25528214045574e-06,4.25528214045574e-06,0.0
1733085480.0,4.25528214045574e-06,4.25528214045574e-06,4.25528214045574e-06,4.25528214045574e-06,0.0
1733085540.0,4.25528214045574e-06,4.25528214045574e-06,4.25528214045574e-06,4.25528214045574e-06,0.0
1733085600.0,4.25528214045574e-06,4.25528214045574e-06,4.25528214045574e-06,4.25528214045574e-06,0.0
1733085660.0,4.25528214045574e-06,4.25528214045574e-06,4.25528214045574e-06,4.25528214045574e-06,0.0
1733085720.0,4.25528214045574e-06,4.25528214045574e-06,4.25528214045574e-06,4.25528214045574e-06,0.0
1733085780.0,4.25528214045574e-06,4.25528214045574e-06,4.25528214045574e-06,4.25528214045574e-06,0.0
1733085840.0,4.25528214045574e-06,4.25528214045574e-06,4.25528214045574e-06,4.25528214045574e-06,0.0
1733085900.0,4.25528214045574e-06,4.25528214045574e-06,4.25528214045574e-06,4.25528214045574e-06,0.0
1733085960.0,4.25528214045574e-06,4.25528214045574e-06,4.25528214045574e-06,4.25528214045574e-06,0.0
1733086020.0,4.25528214045574e-06,4.25528214045574e-06,4.25528214045574e-06,4.25528214045574e-06,0.0
1733086080.0,4.25528214045574e-06,4.25528214045574e-06,4.25528214045574e-06,4.25528214045574e-06,0.0
1733086140.0,4.25528214045574e-06,4.25528214045574e-06,4.25528214045574e-06,4.25528214045574e-06,0.0
1733086200.0,4.25528214045574e-06,4.25528214045574e-06,4.25528214045574e-06,4.25528214045574e-06,0.0
1733086260.0,4.25528214045574e-06,4.25528214045574e-06,4.25528214045574e-06,4.25528214045574e-06,0.0
1733086320.0,4.25528214045574e-06,4.25528214045574e-06,4.25528214045574e-06,4.25528214045574e-06,0.0
1733086380.0,4.25528214045574e-06,4.25528214045574e-06,4.25528214045574e-06,4.25528214045574e-06,0.0
1733086440.0,4.25528214045574e-06,4.25528214045574e-06,4.25528214045574e-06,4.25528214045574e-06,0.0
1733086500.0,4.25528214045574e-06,4.25528214045574e-06,4.25528214045574e-06,4.25528214045574e-06,0.0
1733086560.0,4.25528214045574e-06,4.25528214045574e-06,4.25528214045574e-06,4.25528214045574e-06,0.0
1733086620.0,4.25528214045574e-06,4.25528214045574e-06,4.25528214045574e-06,4.25528214045574e-06,0.0
1733086680.0,4.25528214045574e-06,4.25528214045574e-06,4.25528214045574e-06,4.25528214045574e-06,0.0
1733086740.0,4.25528214045574e-06,4.25528214045574e-06,4.25528214045574e-06,4.25528214045574e-06,0.0
1733086800.0,4.25528214045574e-06,4.25528214045574e-06,4.25528214045574e-06,4.25528214045574e-06,0.0
1733086860.0,4.25528214045574e-06,4.25528214045574e-06,4.25528214045574e-06,4.25528214045574e-06,0.0
1733086920.0,4.25528214045574e-06,4.25528214045574e-06,4.25528214045574e-06,4.25528214045574e-06,0.0
1733086980.0,4.25528214045574e-06,4.25528214045574e-06,4.25528214045574e-06,4.25528214045574e-06,0.0
1733087040.0,4.25528214045574e-06,4.25528214045574e-06,4.25528214045574e-06,4.25528214045574e-06,0.0
1733087100.0,4.25528214045574e-06,4.25528214045574e-06,4.25528214045574e-06,4.25528214045574e-06,0.0
1733087160.0,4.25528214045574e-06,4.25528214045574e-06,4.25528214045574e-06,4.25528214045574e-06,0.0
1733087220.0,4.25528214045574e-06,4.25528214045574e-06,4.25528214045574e-06,4.25528214045574e-06,0.0
1733087280.0,4.25528214045574e-06,4.25528214045574e-06,4.25528214045574e-06,4.25528214045574e-06,0.0
1733087340.0,4.25528214045574e-06,4.25528214045574e-06,4.25528214045574e-06,4.25528214045574e-06,0.0
1733087400.0,4.25528214045574e-06,4.25528214045574e-06,4.25528214045574e-06,4.25528214045574e-06,0.0
1733087460.0,4.25528214045574e-06,4.25528214045574e-06,4.25528214045574e-06,4.25528214045574e-06,0.0
1733087520.0,4.25528214045574e-06,4.25528214045574e-06,4.25528214045574e-06,4.25528214045574e-06,0.0
1733087580.0,4.25528214045574e-06,4.25528214045574e-06,4.25528214045574e-06,4.25528214045574e-06,0.0
1733087640.0,4.25528214045574e-06,4.25528214045574e-06,4.25528214045574e-06,4.25528214045574e-06,0.0
1733087700.0,4.25528214045574e-06,4.25528214045574e-06,4.25528214045574e-06,4.25528214045574e-06,0.0
1733087760.0,4.25528214045574e-06,4.25528214045574e-06,4.25528214045574e-06,4.25528214045574e-06,0.0
1733087820.0,4.25528214045574e-06,4.25528214045574e-06,4.25528214045574e-06,4.25528214045574e-06,0.0
1733087880.0,4.25528214045574e-06,4.25528214045574e-06,4.25528214045574e-06,4.25528214045574e-06,0.0
1733087940.0,4.25528214045574e-06,4.25528214045574e-06,4.25528214045574e-06,4.25528214045574e-06,0.0
1733088000.0,4.25528214045574e-06,4.25528214045574e-06,4.25528214045574e-06,4.25528214045574e-06,0.0
1733088060.0,4.25528214045574e-06,4.25528214045574e-06,4.25528214045574e-06,4.25528214045574e-06,0.0
1733088120.0,4.25528214045574e-06,4.25528214045574e-06,4.25528214045574e-06,4.25528214045574e-06,0.0
1733088180.0,4.25528214045574e-06,4.25528214045574e-06,4.25528214045574e-06,4.25528214045574e-06,0.0
1733088240.0,4.25528214045574e-06,4.25528214045574e-06,4.25528214045574e-06,4.25528214045574e-06,0.0
1733088300.0,4.25528214045574e-06,4.25528214045574e-06,4.25528214045574e-06,4.25528214045574e-06,0.0
1733088360.0,4.25528214045574e-06,4.25528214045574e-06,4.25528214045574e-06,4.25528214045574e-06,0.0
1733088420.0,4.25528214045574e-06,4.25528214045574e-06,4.25528214045574e-06,4.25528214045574e-06,0.0
1733088480.0,4.25528214045574e-06,4.25528214045574e-06,4.25528214045574e-06,4.25528214045574e-06,0.0
1733088540.0,4.25528214045574e-06,4.25528214045574e-06,4.25528214045574e-06,4.25528214045574e-06,0.0
1733088600.0,4.25528214045574e-06,4.25528214045574e-06,4.25528214045574e-06,4.25528214045574e-06,0.0
1733088660.0,4.25528214045574e-06,4.25528214045574e-06,4.25528214045574e-06,4.25528214045574e-06,0.0
1733088720.0,4.25528214045574e-06,4.25528214045574e-06,4.25528214045574e-06,4.25528214045574e-06,0.0
1733088780.0,4.25528214045574e-06,4.25528214045574e-06,4.25528214045574e-06,4.25528214045574e-06,0.0
1733088840.0,4.25528214045574e-06,4.25528214045574e-06,4.25528214045574e-06,4.25528214045574e-06,0.0
1733088900.0,4.25528214045574e-06,4.25528214045574e-06,4.25528214045574e-06,4.25528214045574e-06,0.0
1733088960.0,4.25528214045574e-06,4.25528214045574e-06,4.25528214045574e-06,4.25528214045574e-06,0.0
1733089020.0,4.25528214045574e-06,4.25528214045574e-06,4.25528214045574e-06,4.25528214045574e-06,0.0
1733089080.0,4.25528214045574e-06,4.25528214045574e-06,4.25528214045574e-06,4.25528214045574e-06,0.0
1733089140.0,4.25528214045574e-06,4.25528214045574e-06,4.25528214045574e-06,4.25528214045574e-06,0.0
1733089200.0,4.25528214045574e-06,4.25528214045574e-06,4.25528214045574e-06,4.25528214045574e-06,0.0
1733089260.0,4.25528214045574e-06,4.25528214045574e-06,4.25528214045574e-06,4.25528214045574e-06,0.0
1733089320.0,4.25528214045574e-06,4.25528214045574e-06,4.25528214045574e-06,4.25528214045574e-06,0.0
1733089380.0,4.25528214045574e-06,4.25528214045574e-06,4.25528214045574e-06,4.25528214045574e-06,0.0
1733089440.0,4.25528214045574e-06,4.25528214045574e-06,4.25528214045574e-06,4.25528214045574e-06,0.0
1733089500.0,4.25528214045574e-06,4.25528214045574e-06,4.25528214045574e-06,4.25528214045574e-06,0.0
1733089560.0,4.25528214045574e-06,4.25528214045574e-06,4.25528214045574e-06,4.25528214045574e-06,0.0
1733089620.0,4.25528214045574e-06,4.25528214045574e-06,4.25528214045574e-06,4.25528214045574e-06,0.0
1733089680.0,4.25528214045574e-06,4.25528214045574e-06,4.25528214045574e-06,4.25528214045574e-06,0.0
1733089740.0,4.25528214045574e-06,4.25528214045574e-06,4.25528214045574e-06,4.25528214045574e-06,0.0
1733089800.0,4.25528214045574e-06,4.25528214045574e-06,4.25528214045574e-06,4.25528214045574e-06,0.0
1733089860.0,4.25528214045574e-06,4.25528214045574e-06,4.25528214045574e-06,4.25528214045574e-06,0.0
1733089920.0,4.25528214045574e-06,4.25528214045574e-06,4.25528214045574e-06,4.25528214045574e-06,0.0
1733089980.0,4.25528214045574e-06,4.25528214045574e-06,4.25528214045574e-06,4.25528214045574e-06,0.0
1733090040.0,4.25528214045574e-06,4.25528214045574e-06,4.25528214045574e-06,4.25528214045574e-06,0.0
1733090100.0,4.25528214045574e-06,4.25528214045574e-06,4.25528214045574e-06,4.25528214045574e-06,0.0
1733090160.0,4.25528214045574e-06,4.25528214045574e-06,4.25528214045574e-06,4.25528214045574e-06,0.0
