time,open,high,low,close,volume,usd_vol,price_change,vol_change,norm_open,mov_in_min
1731724380.0,0.000112907145951,0.0001382590981155,7.528967280297371e-05,7.528967280297371e-05,19129.63132800362,1.8000678799333172,-0.33317176544655297,0.0,1.0,0.5577098312258647
1731724440.0,7.528967280297371e-05,9.433097559408954e-05,5.78569695162483e-05,6.058841596367705e-05,9773.5334730599,0.6640045244081328,-0.19526259435033702,-0.6311225083174472,0.6668282345534471,0.4844489917400813
1731724500.0,6.058841596367705e-05,6.058841596367705e-05,2.7645535367875588e-05,2.9575997267780885e-05,7150.000105461917,0.32233778205691804,-0.5118539278942069,-0.514554840805886,0.536621623488486,0.5437158254071343
1731724560.0,2.9575997267780885e-05,3.88860020037925e-05,2.9575997267780885e-05,3.88860020037925e-05,1703.145877770827,0.05830038592166478,0.3147824450928532,-0.8191326330111368,0.2619497377129382,0.3147824450928532
1731724620.0,3.88860020037925e-05,4.0861642360019865e-05,3.88860020037925e-05,4.0861642360019865e-05,477.5506961911541,0.019041771542771577,0.050805952127315285,-0.6733851544592343,0.34440691664164846,0.050805952127315285
1731724680.0,4.0861642360019865e-05,4.092073363389307e-05,3.0501229707976905e-05,3.0667864898201286e-05,1787.491290386606,0.06392918561485791,-0.2494705761458195,2.357312919717598,0.3619048379608603,0.2549947413790418
1731724740.0,3.0667864898201286e-05,3.0667864898201286e-05,2.974353557662527e-05,3.0256862760714172e-05,497.1653563797251,0.015144831969441198,-0.013401719971422584,-0.763099876468294,0.2716202295248051,0.030139995876603317
1731724800.0,3.0256862760714172e-05,3.706123860806739e-05,3.0256862760714172e-05,3.6271522193077054e-05,1291.1926310625072,0.04295048020441251,0.19878661842537024,1.835982617111681,0.2679800512701401,0.22488702484343784
1731724860.0,3.6271522193077054e-05,3.6297040028209305e-05,3.192046380068915e-05,3.192046380068915e-05,858.5939002763871,0.029274611610990244,-0.11995797610110681,-0.31841014415520497,0.32125089946758856,0.12066149868823224
1731724920.0,3.192046380068915e-05,3.192046380068915e-05,3.0631531907675917e-05,3.07875125240634e-05,207.7168922321773,0.006512752980173275,-0.035492945331242066,-0.7775289706071364,0.2827142917467965,0.040379485118427615
1731724980.0,3.07875125240634e-05,3.07875125240634e-05,2.454272847703304e-05,2.4587118697870008e-05,1189.522880205837,0.03293469541072515,-0.2013931402008262,4.056954487754717,0.27267992884546666,0.202834965707264
1731725040.0,2.4587118697870008e-05,2.4587118697870008e-05,2.4089306037904863e-05,2.4089306037904863e-05,93.4271719377748,0.0022738503515526967,-0.020246888872272398,-0.9309588164336804,0.21776406170554027,0.020246888872272398
1731725100.0,2.4089306037904863e-05,2.4089306037904863e-05,2.3674717924195804e-05,2.3674717924195804e-05,80.6664612040549,0.001926477392944171,-0.017210463143134902,-0.15276861046344692,0.21335501694781353,0.017210463143134902
1731725160.0,2.3674717924195804e-05,2.3674717924195804e-05,2.3674717924195804e-05,2.3674717924195804e-05,0.0,0.0,0.0,-1.0,0.20968307829223026,0.0
1731725220.0,2.3674717924195804e-05,2.3674717924195804e-05,2.291934921945062e-05,2.291934921945062e-05,167.75778388648405,0.003908258723138082,-0.03190613324998432,0.0,0.20968307829223026,0.03190613324998432
1731725280.0,2.291934921945062e-05,2.291934921945062e-05,2.2639453663236268e-05,2.2639453663236268e-05,14.06216282091486,0.0003203276520311542,-0.01221219475013793,-0.9180382685171999,0.20299290205597148,0.01221219475013793
1731725340.0,2.2639453663236268e-05,2.2639453663236268e-05,2.225321736657037e-05,2.225321736657037e-05,83.37561926018853,0.0018714771236770268,-0.017060318787334498,4.842383920995407,0.20051391320316828,0.017060318787334498
1731725400.0,2.225321736657037e-05,2.225321736657037e-05,2.2220035142628544e-05,2.2220035142628544e-05,8.239386851615512,0.00018321616598643506,-0.0014911202903932993,-0.9021007718082832,0.1970930819226263,0.0014911202903932993
1731725460.0,2.2220035142628544e-05,2.2220035142628544e-05,2.2220035142628544e-05,2.2220035142628544e-05,0.0,0.0,0.0,-1.0,0.19679919242907534,0.0
1731725520.0,2.2220035142628544e-05,2.2220035142628544e-05,2.2220035142628544e-05,2.2220035142628544e-05,0.0,0.0,0.0,0.0,0.19679919242907534,0.0
1731725580.0,2.2220035142628544e-05,2.2220035142628544e-05,2.2220035142628544e-05,2.2220035142628544e-05,0.0,0.0,0.0,0.0,0.19679919242907534,0.0
1731725640.0,2.2220035142628544e-05,2.2220035142628544e-05,2.2220035142628544e-05,2.2220035142628544e-05,0.0,0.0,0.0,0.0,0.19679919242907534,0.0
1731725700.0,2.2220035142628544e-05,2.2220035142628544e-05,2.2220035142628544e-05,2.2220035142628544e-05,0.0,0.0,0.0,0.0,0.19679919242907534,0.0
1731725760.0,2.2220035142628544e-05,2.2220035142628544e-05,2.2220035142628544e-05,2.2220035142628544e-05,0.0,0.0,0.0,0.0,0.19679919242907534,0.0
1731725820.0,2.2220035142628544e-05,2.2220035142628544e-05,2.2192099757926024e-05,2.2192099757926024e-05,5.992017321290365,0.00013305914079980366,-0.0012572160450334444,0.0,0.19679919242907534,0.0012572160450334444
1731725880.0,2.2192099757926024e-05,2.2192099757926024e-05,2.2192099757926024e-05,2.2192099757926024e-05,0.0,0.0,0.0,-1.0,0.19655177332670387,0.0
1731725940.0,2.2192099757926024e-05,2.2192099757926024e-05,2.2192099757926024e-05,2.2192099757926024e-05,0.0,0.0,0.0,0.0,0.19655177332670387,0.0
1731726000.0,2.2192099757926024e-05,2.231626662147619e-05,2.2192099757926024e-05,2.231626662147619e-05,10.944731144757364,0.0002435660518574575,0.005595093069362174,0.0,0.19655177332670387,0.005595093069362174
1731726060.0,2.231626662147619e-05,2.231626662147619e-05,2.231626662147619e-05,2.231626662147619e-05,0.0,0.0,0.0,-1.0,0.19765149879141497,0.0
1731726120.0,2.231626662147619e-05,2.231626662147619e-05,2.223442304818733e-05,2.223442304818733e-05,0.0410411250272405,9.142052123912261e-07,-0.003667440198536516,0.0,0.19765149879141497,0.003667440198536516
1731726180.0,2.223442304818733e-05,2.223442304818733e-05,2.223442304818733e-05,2.223442304818733e-05,0.0,0.0,0.0,-1.0,0.19692662373944633,0.0
1731726240.0,2.223442304818733e-05,2.223442304818733e-05,2.222838613121524e-05,2.222838613121524e-05,3.3159553478865265,7.371834494024904e-05,-0.00027151219345815267,0.0,0.19692662373944633,0.00027151219345815267
1731726300.0,2.222838613121524e-05,2.222838613121524e-05,2.2208113208480244e-05,2.2208113208480244e-05,9.856697205955566,0.00021899855944201139,-0.0009120285483311357,1.9707470999181598,0.19687315575988454,0.0009120285483311357
1731726360.0,2.2208113208480244e-05,2.2208113208480244e-05,2.2208113208480244e-05,2.2208113208480244e-05,0.0,0.0,0.0,-1.0,0.19669360182143147,0.0
1731726420.0,2.2208113208480244e-05,2.2208113208480244e-05,2.2118620028283677e-05,2.2118620028283677e-05,26.774757281765595,0.0005934187617539628,-0.004029751620790253,0.0,0.19669360182143147,0.004029751620790253
1731726480.0,2.2118620028283677e-05,2.2118620028283677e-05,2.2053287636448938e-05,2.2053287636448938e-05,14.071651761004976,0.0003107858511386919,-0.0029537282050687225,-0.47627902727560417,0.1959009754606925,0.0029537282050687225
1731726540.0,2.2053287636448938e-05,2.2053287636448938e-05,2.2053287636448938e-05,2.2053287636448938e-05,0.0,0.0,0.0,-1.0,0.19532233722407377,0.0
1731726600.0,2.2053287636448938e-05,2.2053287636448938e-05,1.909815179971165e-05,1.909815179971165e-05,631.3841899715208,0.012991184127281175,-0.1339997865829826,0.0,0.19532233722407377,0.1339997865829826
1731726660.0,1.909815179971165e-05,1.909815179971165e-05,1.9029732391326236e-05,1.9029732391326236e-05,9.463501489913048,0.0001804116444245596,-0.00358251463822004,-0.9861127636513365,0.16914918572115853,0.00358251463822004
1731726720.0,1.9029732391326236e-05,1.9029732391326236e-05,1.9029732391326236e-05,1.9029732391326236e-05,0.0,0.0,0.0,-1.0,0.16854320628726946,0.0
1731726780.0,1.9029732391326236e-05,1.9029732391326236e-05,1.8993165745741377e-05,1.8993165745741377e-05,6.589536393731558,0.00012527663553467747,-0.0019215533268101142,0.0,0.16854320628726946,0.0019215533268101142
1731726840.0,1.8993165745741377e-05,1.8993165745741377e-05,1.8750005043597415e-05,1.8750005043597415e-05,99.75097381598049,0.0018824590205697065,-0.012802536733429147,14.026417436383246,0.16821934152851692,0.012802536733429147
1731726900.0,1.8750005043597415e-05,1.8750005043597415e-05,1.8750005043597415e-05,1.8750005043597415e-05,0.0,0.0,0.0,-1.0,0.16606570722932482,0.0
1731726960.0,1.8750005043597415e-05,1.8750005043597415e-05,1.8750005043597415e-05,1.8750005043597415e-05,0.0,0.0,0.0,0.0,0.16606570722932482,0.0
1731727020.0,1.8750005043597415e-05,1.8750005043597415e-05,1.8750005043597415e-05,1.8750005043597415e-05,0.0,0.0,0.0,0.0,0.16606570722932482,0.0
1731727080.0,1.8750005043597415e-05,1.8750005043597415e-05,1.8750005043597415e-05,1.8750005043597415e-05,0.0,0.0,0.0,0.0,0.16606570722932482,0.0
1731727140.0,1.8750005043597415e-05,1.8750005043597415e-05,1.8750005043597415e-05,1.8750005043597415e-05,0.0,0.0,0.0,0.0,0.16606570722932482,0.0
1731727200.0,1.8750005043597415e-05,1.8750005043597415e-05,1.8750005043597415e-05,1.8750005043597415e-05,0.0,0.0,0.0,0.0,0.16606570722932482,0.0
1731727260.0,1.8750005043597415e-05,1.8750005043597415e-05,1.8750005043597415e-05,1.8750005043597415e-05,0.0,0.0,0.0,0.0,0.16606570722932482,0.0
1731727320.0,1.8750005043597415e-05,1.8750005043597415e-05,1.8750005043597415e-05,1.8750005043597415e-05,0.0,0.0,0.0,0.0,0.16606570722932482,0.0
1731727380.0,1.8750005043597415e-05,1.8750005043597415e-05,1.8750005043597415e-05,1.8750005043597415e-05,0.0,0.0,0.0,0.0,0.16606570722932482,0.0
1731727440.0,1.8750005043597415e-05,1.8750005043597415e-05,1.8750005043597415e-05,1.8750005043597415e-05,0.0,0.0,0.0,0.0,0.16606570722932482,0.0
1731727500.0,1.8750005043597415e-05,1.8750005043597415e-05,1.8750005043597415e-05,1.8750005043597415e-05,0.0,0.0,0.0,0.0,0.16606570722932482,0.0
1731727560.0,1.8750005043597415e-05,1.8750005043597415e-05,1.8750005043597415e-05,1.8750005043597415e-05,0.0,0.0,0.0,0.0,0.16606570722932482,0.0
1731727620.0,1.8750005043597415e-05,1.8750005043597415e-05,1.8750005043597415e-05,1.8750005043597415e-05,0.0,0.0,0.0,0.0,0.16606570722932482,0.0
1731727680.0,1.8750005043597415e-05,1.8750005043597415e-05,1.8750005043597415e-05,1.8750005043597415e-05,0.0,0.0,0.0,0.0,0.16606570722932482,0.0
1731727740.0,1.8750005043597415e-05,1.8750005043597415e-05,1.8155039595505255e-05,1.8155039595505255e-05,191.2399028984019,0.0035288585766215914,-0.03173148202940476,0.0,0.16606570722932482,0.03173148202940476
1731727800.0,1.8155039595505255e-05,1.8155039595505255e-05,1.5309956648763477e-05,1.5309956648763477e-05,569.2305370091477,0.009524648891567102,-0.15671036858802287,1.6990735629552134,0.1607961962246771,0.15671036858802287
1731727860.0,1.5309956648763477e-05,1.5309956648763477e-05,1.5309956648763477e-05,1.5309956648763477e-05,0.0,0.0,0.0,-1.0,0.1355977650467559,0.0
1731727920.0,1.5309956648763477e-05,1.5309956648763477e-05,1.5309956648763477e-05,1.5309956648763477e-05,0.0,0.0,0.0,0.0,0.1355977650467559,0.0
1731727980.0,1.5309956648763477e-05,1.5309956648763477e-05,1.5309956648763477e-05,1.5309956648763477e-05,0.0,0.0,0.0,0.0,0.1355977650467559,0.0
1731728040.0,1.5309956648763477e-05,1.5309956648763477e-05,1.5309956648763477e-05,1.5309956648763477e-05,0.0,0.0,0.0,0.0,0.1355977650467559,0.0
1731728100.0,1.5309956648763477e-05,1.5309956648763477e-05,1.5309956648763477e-05,1.5309956648763477e-05,0.0,0.0,0.0,0.0,0.1355977650467559,0.0
1731728160.0,1.5309956648763477e-05,1.5309956648763477e-05,1.5309956648763477e-05,1.5309956648763477e-05,0.0,0.0,0.0,0.0,0.1355977650467559,0.0
1731728220.0,1.5309956648763477e-05,1.5309956648763477e-05,1.5309956648763477e-05,1.5309956648763477e-05,0.0,0.0,0.0,0.0,0.1355977650467559,0.0
1731728280.0,1.5309956648763477e-05,1.5309956648763477e-05,1.5309956648763477e-05,1.5309956648763477e-05,0.0,0.0,0.0,0.0,0.1355977650467559,0.0
1731728340.0,1.5309956648763477e-05,1.5309956648763477e-05,1.5309956648763477e-05,1.5309956648763477e-05,0.0,0.0,0.0,0.0,0.1355977650467559,0.0
1731728400.0,1.5309956648763477e-05,1.5309956648763477e-05,1.5309956648763477e-05,1.5309956648763477e-05,0.0,0.0,0.0,0.0,0.1355977650467559,0.0
1731728460.0,1.5309956648763477e-05,1.5309956648763477e-05,1.5309956648763477e-05,1.5309956648763477e-05,0.0,0.0,0.0,0.0,0.1355977650467559,0.0
1731728520.0,1.5309956648763477e-05,1.5309956648763477e-05,1.5309956648763477e-05,1.5309956648763477e-05,0.0,0.0,0.0,0.0,0.1355977650467559,0.0
1731728580.0,1.5309956648763477e-05,1.5309956648763477e-05,1.5309956648763477e-05,1.5309956648763477e-05,0.0,0.0,0.0,0.0,0.1355977650467559,0.0
1731728640.0,1.5309956648763477e-05,1.5309956648763477e-05,1.5309956648763477e-05,1.5309956648763477e-05,0.0,0.0,0.0,0.0,0.1355977650467559,0.0
1731728700.0,1.5309956648763477e-05,1.5309956648763477e-05,1.5309956648763477e-05,1.5309956648763477e-05,0.0,0.0,0.0,0.0,0.1355977650467559,0.0
1731728760.0,1.5309956648763477e-05,1.5309956648763477e-05,1.5309956648763477e-05,1.5309956648763477e-05,0.0,0.0,0.0,0.0,0.1355977650467559,0.0
1731728820.0,1.5309956648763477e-05,1.5309956648763477e-05,1.525201517043653e-05,1.525201517043653e-05,19.359750001108857,0.0002958360669803231,-0.0037845618806259486,0.0,0.1355977650467559,0.0037845618806259486
1731728880.0,1.525201517043653e-05,1.525201517043653e-05,1.525201517043653e-05,1.525201517043653e-05,0.0,0.0,0.0,-1.0,0.1350845869140619,0.0
1731728940.0,1.525201517043653e-05,1.525201517043653e-05,1.525201517043653e-05,1.525201517043653e-05,0.0,0.0,0.0,0.0,0.1350845869140619,0.0
1731729000.0,1.525201517043653e-05,1.525201517043653e-05,1.525201517043653e-05,1.525201517043653e-05,0.0,0.0,0.0,0.0,0.1350845869140619,0.0
1731729060.0,1.525201517043653e-05,1.525201517043653e-05,1.525201517043653e-05,1.525201517043653e-05,0.0,0.0,0.0,0.0,0.1350845869140619,0.0
1731729120.0,1.525201517043653e-05,1.525201517043653e-05,1.525201517043653e-05,1.525201517043653e-05,0.0,0.0,0.0,0.0,0.1350845869140619,0.0
1731729180.0,1.525201517043653e-05,1.525201517043653e-05,1.525201517043653e-05,1.525201517043653e-05,0.0,0.0,0.0,0.0,0.1350845869140619,0.0
1731729240.0,1.525201517043653e-05,1.525201517043653e-05,1.525201517043653e-05,1.525201517043653e-05,0.0,0.0,0.0,0.0,0.1350845869140619,0.0
1731729300.0,1.525201517043653e-05,1.525201517043653e-05,1.525201517043653e-05,1.525201517043653e-05,0.0,0.0,0.0,0.0,0.1350845869140619,0.0
1731729360.0,1.525201517043653e-05,1.525201517043653e-05,1.525201517043653e-05,1.525201517043653e-05,0.0,0.0,0.0,0.0,0.1350845869140619,0.0
1731729420.0,1.525201517043653e-05,1.525201517043653e-05,1.5220107125574558e-05,1.5220107125574558e-05,8.921586715376524,0.00013592984073271066,-0.0020920543616964726,0.0,0.1350845869140619,0.0020920543616964726
1731729480.0,1.5220107125574558e-05,1.5220107125574558e-05,1.5220107125574558e-05,1.5220107125574558e-05,0.0,0.0,0.0,-1.0,0.13480198261481036,0.0
1731729540.0,1.5220107125574558e-05,1.5220107125574558e-05,1.5220107125574558e-05,1.5220107125574558e-05,0.0,0.0,0.0,0.0,0.13480198261481036,0.0
1731729600.0,1.5220107125574558e-05,1.5232533480126873e-05,1.5220107125574558e-05,1.5232533480126873e-05,1.1672426352138223,1.7772810234909197e-05,0.0008164433042284039,0.0,0.13480198261481036,0.0008164433042284039
1731729660.0,1.5232533480126873e-05,1.5232533480126873e-05,1.5232533480126873e-05,1.5232533480126873e-05,0.0,0.0,0.0,-1.0,0.13491204079091293,0.0
1731729720.0,1.5232533480126873e-05,1.5232533480126873e-05,1.4812123214176458e-05,1.4812123214176458e-05,215.9270739279576,0.0032437274035854707,-0.02759949725361858,0.0,0.13491204079091293,0.02759949725361858
1731729780.0,1.4812123214176458e-05,1.4812123214176458e-05,1.4812123214176458e-05,1.4812123214176458e-05,0.0,0.0,0.0,-1.0,0.13118853629162405,0.0
1731729840.0,1.4812123214176458e-05,1.4812123214176458e-05,1.4812123214176458e-05,1.4812123214176458e-05,0.0,0.0,0.0,0.0,0.13118853629162405,0.0
1731729900.0,1.4812123214176458e-05,1.4812123214176458e-05,1.4812123214176458e-05,1.4812123214176458e-05,0.0,0.0,0.0,0.0,0.13118853629162405,0.0
1731729960.0,1.4812123214176458e-05,1.4812123214176458e-05,1.3818643809491008e-05,1.3818643809491008e-05,188.60291022951785,0.0026999229913834974,-0.06707204566963132,0.0,0.13118853629162405,0.06707204566963132
1731730020.0,1.3818643809491008e-05,1.6333879328759476e-05,1.3818643809491008e-05,1.6333879328759476e-05,792.2242000468515,0.011943779261297334,0.18201753760676123,3.423748121488861,0.12238945279414015,0.18201753760676123
1731730080.0,1.6333879328759476e-05,1.6333879328759476e-05,1.6095463341749873e-05,1.6095463341749873e-05,4.49303003986433,7.285300539582631e-05,-0.01459640923083211,-0.9939003389294125,0.14466647962076848,0.01459640923083211
1731730140.0,1.6095463341749873e-05,1.6095463341749873e-05,1.569982237465841e-05,1.569982237465841e-05,184.0680483839302,0.0029262480948143627,-0.024580899517519014,39.16647053770008,0.14255486848223992,0.024580899517519014
1731730200.0,1.569982237465841e-05,1.569982237465841e-05,1.569982237465841e-05,1.569982237465841e-05,0.0,0.0,0.0,-1.0,0.13905074158434486,0.0
1731730260.0,1.569982237465841e-05,1.569982237465841e-05,1.569982237465841e-05,1.569982237465841e-05,0.0,0.0,0.0,0.0,0.13905074158434486,0.0
1731730320.0,1.569982237465841e-05,1.569982237465841e-05,1.569982237465841e-05,1.569982237465841e-05,0.0,0.0,0.0,0.0,0.13905074158434486,0.0
1731730380.0,1.569982237465841e-05,1.569982237465841e-05,1.569982237465841e-05,1.569982237465841e-05,0.0,0.0,0.0,0.0,0.13905074158434486,0.0
1731730440.0,1.569982237465841e-05,1.569982237465841e-05,1.569982237465841e-05,1.569982237465841e-05,0.0,0.0,0.0,0.0,0.13905074158434486,0.0
1731730500.0,1.569982237465841e-05,1.569982237465841e-05,1.569982237465841e-05,1.569982237465841e-05,0.0,0.0,0.0,0.0,0.13905074158434486,0.0
1731730560.0,1.569982237465841e-05,1.569982237465841e-05,1.569982237465841e-05,1.569982237465841e-05,0.0,0.0,0.0,0.0,0.13905074158434486,0.0
1731730620.0,1.569982237465841e-05,1.569982237465841e-05,1.569982237465841e-05,1.569982237465841e-05,0.0,0.0,0.0,0.0,0.13905074158434486,0.0
1731730680.0,1.569982237465841e-05,1.569982237465841e-05,1.569982237465841e-05,1.569982237465841e-05,0.0,0.0,0.0,0.0,0.13905074158434486,0.0
1731730740.0,1.569982237465841e-05,1.569982237465841e-05,1.569982237465841e-05,1.569982237465841e-05,0.0,0.0,0.0,0.0,0.13905074158434486,0.0
1731730800.0,1.569982237465841e-05,1.569982237465841e-05,1.569982237465841e-05,1.569982237465841e-05,0.0,0.0,0.0,0.0,0.13905074158434486,0.0
1731730860.0,1.569982237465841e-05,1.569982237465841e-05,1.569982237465841e-05,1.569982237465841e-05,0.0,0.0,0.0,0.0,0.13905074158434486,0.0
1731730920.0,1.569982237465841e-05,1.569982237465841e-05,1.569982237465841e-05,1.569982237465841e-05,0.0,0.0,0.0,0.0,0.13905074158434486,0.0
1731730980.0,1.569982237465841e-05,1.569982237465841e-05,1.569982237465841e-05,1.569982237465841e-05,0.0,0.0,0.0,0.0,0.13905074158434486,0.0
1731731040.0,1.569982237465841e-05,1.569982237465841e-05,1.569982237465841e-05,1.569982237465841e-05,0.0,0.0,0.0,0.0,0.13905074158434486,0.0
1731731100.0,1.569982237465841e-05,1.569982237465841e-05,1.569982237465841e-05,1.569982237465841e-05,0.0,0.0,0.0,0.0,0.13905074158434486,0.0
1731731160.0,1.569982237465841e-05,1.569982237465841e-05,1.569982237465841e-05,1.569982237465841e-05,0.0,0.0,0.0,0.0,0.13905074158434486,0.0
1731731220.0,1.569982237465841e-05,1.569982237465841e-05,1.569982237465841e-05,1.569982237465841e-05,0.0,0.0,0.0,0.0,0.13905074158434486,0.0
1731731280.0,1.569982237465841e-05,1.569982237465841e-05,1.569982237465841e-05,1.569982237465841e-05,0.0,0.0,0.0,0.0,0.13905074158434486,0.0
1731731340.0,1.569982237465841e-05,1.569982237465841e-05,1.569982237465841e-05,1.569982237465841e-05,0.0,0.0,0.0,0.0,0.13905074158434486,0.0
1731731400.0,1.569982237465841e-05,1.569982237465841e-05,1.569982237465841e-05,1.569982237465841e-05,0.0,0.0,0.0,0.0,0.13905074158434486,0.0
1731731460.0,1.569982237465841e-05,1.569982237465841e-05,1.569982237465841e-05,1.569982237465841e-05,0.0,0.0,0.0,0.0,0.13905074158434486,0.0
1731731520.0,1.569982237465841e-05,1.569982237465841e-05,1.569982237465841e-05,1.569982237465841e-05,0.0,0.0,0.0,0.0,0.13905074158434486,0.0
1731731580.0,1.569982237465841e-05,1.569982237465841e-05,1.569982237465841e-05,1.569982237465841e-05,0.0,0.0,0.0,0.0,0.13905074158434486,0.0
1731731640.0,1.569982237465841e-05,1.569982237465841e-05,1.569982237465841e-05,1.569982237465841e-05,0.0,0.0,0.0,0.0,0.13905074158434486,0.0
1731731700.0,1.569982237465841e-05,1.569982237465841e-05,1.569982237465841e-05,1.569982237465841e-05,0.0,0.0,0.0,0.0,0.13905074158434486,0.0
1731731760.0,1.569982237465841e-05,1.569982237465841e-05,1.569982237465841e-05,1.569982237465841e-05,0.0,0.0,0.0,0.0,0.13905074158434486,0.0
1731731820.0,1.569982237465841e-05,1.569982237465841e-05,1.569982237465841e-05,1.569982237465841e-05,0.0,0.0,0.0,0.0,0.13905074158434486,0.0
1731731880.0,1.569982237465841e-05,1.569982237465841e-05,1.569982237465841e-05,1.569982237465841e-05,0.0,0.0,0.0,0.0,0.13905074158434486,0.0
1731731940.0,1.569982237465841e-05,1.569982237465841e-05,1.4991793206667044e-05,1.4991793206667044e-05,162.97452812183653,0.0025009757833316603,-0.045097909460059746,0.0,0.13905074158434486,0.045097909460059746
1731732000.0,1.4991793206667044e-05,1.4991793206667044e-05,1.4991793206667044e-05,1.4991793206667044e-05,0.0,0.0,0.0,-1.0,0.1327798438300199,0.0
1731732060.0,1.4991793206667044e-05,1.4991793206667044e-05,1.4991793206667044e-05,1.4991793206667044e-05,0.0,0.0,0.0,0.0,0.1327798438300199,0.0
1731732120.0,1.4991793206667044e-05,1.4991793206667044e-05,1.4991793206667044e-05,1.4991793206667044e-05,0.0,0.0,0.0,0.0,0.1327798438300199,0.0
1731732180.0,1.4991793206667044e-05,1.4991793206667044e-05,1.4991793206667044e-05,1.4991793206667044e-05,0.0,0.0,0.0,0.0,0.1327798438300199,0.0
1731732240.0,1.4991793206667044e-05,1.4991793206667044e-05,1.4991793206667044e-05,1.4991793206667044e-05,0.0,0.0,0.0,0.0,0.1327798438300199,0.0
1731732300.0,1.4991793206667044e-05,1.4991793206667044e-05,1.4991793206667044e-05,1.4991793206667044e-05,0.0,0.0,0.0,0.0,0.1327798438300199,0.0
1731732360.0,1.4991793206667044e-05,1.4991793206667044e-05,1.4991793206667044e-05,1.4991793206667044e-05,0.0,0.0,0.0,0.0,0.1327798438300199,0.0
1731732420.0,1.4991793206667044e-05,1.4991793206667044e-05,1.4991793206667044e-05,1.4991793206667044e-05,0.0,0.0,0.0,0.0,0.1327798438300199,0.0
1731732480.0,1.4991793206667044e-05,1.4991793206667044e-05,1.4991793206667044e-05,1.4991793206667044e-05,0.0,0.0,0.0,0.0,0.1327798438300199,0.0
1731732540.0,1.4991793206667044e-05,1.4991793206667044e-05,1.4991793206667044e-05,1.4991793206667044e-05,0.0,0.0,0.0,0.0,0.1327798438300199,0.0
1731732600.0,1.4991793206667044e-05,1.4991793206667044e-05,1.4991793206667044e-05,1.4991793206667044e-05,0.0,0.0,0.0,0.0,0.1327798438300199,0.0
1731732660.0,1.4991793206667044e-05,1.4991793206667044e-05,1.4991793206667044e-05,1.4991793206667044e-05,0.0,0.0,0.0,0.0,0.1327798438300199,0.0
1731732720.0,1.4991793206667044e-05,1.4991793206667044e-05,1.4991793206667044e-05,1.4991793206667044e-05,0.0,0.0,0.0,0.0,0.1327798438300199,0.0
1731732780.0,1.4991793206667044e-05,1.4991793206667044e-05,1.460073494886245e-05,1.460073494886245e-05,3.818839701056613,5.6504560687485826e-05,-0.02608482203654494,0.0,0.1327798438300199,0.02608482203654494
1731732840.0,1.460073494886245e-05,1.460073494886245e-05,1.460073494886245e-05,1.460073494886245e-05,0.0,0.0,0.0,-1.0,0.1293163052336736,0.0
1731732900.0,1.460073494886245e-05,1.460073494886245e-05,1.460073494886245e-05,1.460073494886245e-05,0.0,0.0,0.0,0.0,0.1293163052336736,0.0
1731732960.0,1.460073494886245e-05,1.460073494886245e-05,1.460073494886245e-05,1.460073494886245e-05,0.0,0.0,0.0,0.0,0.1293163052336736,0.0
1731733020.0,1.460073494886245e-05,1.460073494886245e-05,1.460073494886245e-05,1.460073494886245e-05,0.0,0.0,0.0,0.0,0.1293163052336736,0.0
1731733080.0,1.460073494886245e-05,1.460073494886245e-05,1.460073494886245e-05,1.460073494886245e-05,0.0,0.0,0.0,0.0,0.1293163052336736,0.0
1731733140.0,1.460073494886245e-05,1.460073494886245e-05,1.460073494886245e-05,1.460073494886245e-05,0.0,0.0,0.0,0.0,0.1293163052336736,0.0
1731733200.0,1.460073494886245e-05,1.460073494886245e-05,1.460073494886245e-05,1.460073494886245e-05,0.0,0.0,0.0,0.0,0.1293163052336736,0.0
1731733260.0,1.460073494886245e-05,1.460073494886245e-05,1.460073494886245e-05,1.460073494886245e-05,0.0,0.0,0.0,0.0,0.1293163052336736,0.0
1731733320.0,1.460073494886245e-05,1.460073494886245e-05,1.460073494886245e-05,1.460073494886245e-05,0.0,0.0,0.0,0.0,0.1293163052336736,0.0
1731733380.0,1.460073494886245e-05,1.460073494886245e-05,1.460073494886245e-05,1.460073494886245e-05,0.0,0.0,0.0,0.0,0.1293163052336736,0.0
1731733440.0,1.460073494886245e-05,1.460073494886245e-05,1.460073494886245e-05,1.460073494886245e-05,0.0,0.0,0.0,0.0,0.1293163052336736,0.0
1731733500.0,1.460073494886245e-05,1.460073494886245e-05,1.460073494886245e-05,1.460073494886245e-05,0.0,0.0,0.0,0.0,0.1293163052336736,0.0
1731733560.0,1.460073494886245e-05,1.460073494886245e-05,1.460073494886245e-05,1.460073494886245e-05,0.0,0.0,0.0,0.0,0.1293163052336736,0.0
1731733620.0,1.460073494886245e-05,1.460073494886245e-05,1.460073494886245e-05,1.460073494886245e-05,0.0,0.0,0.0,0.0,0.1293163052336736,0.0
1731733680.0,1.460073494886245e-05,1.460073494886245e-05,1.460073494886245e-05,1.460073494886245e-05,0.0,0.0,0.0,0.0,0.1293163052336736,0.0
1731733740.0,1.460073494886245e-05,1.460073494886245e-05,1.460073494886245e-05,1.460073494886245e-05,0.0,0.0,0.0,0.0,0.1293163052336736,0.0
1731733800.0,1.460073494886245e-05,1.460073494886245e-05,1.460073494886245e-05,1.460073494886245e-05,0.0,0.0,0.0,0.0,0.1293163052336736,0.0
1731733860.0,1.460073494886245e-05,1.460073494886245e-05,1.460073494886245e-05,1.460073494886245e-05,0.0,0.0,0.0,0.0,0.1293163052336736,0.0
1731733920.0,1.460073494886245e-05,1.460073494886245e-05,1.460073494886245e-05,1.460073494886245e-05,0.0,0.0,0.0,0.0,0.1293163052336736,0.0
1731733980.0,1.460073494886245e-05,1.460073494886245e-05,1.460073494886245e-05,1.460073494886245e-05,0.0,0.0,0.0,0.0,0.1293163052336736,0.0
1731734040.0,1.460073494886245e-05,1.460073494886245e-05,1.460073494886245e-05,1.460073494886245e-05,0.0,0.0,0.0,0.0,0.1293163052336736,0.0
1731734100.0,1.460073494886245e-05,1.460073494886245e-05,1.460073494886245e-05,1.460073494886245e-05,0.0,0.0,0.0,0.0,0.1293163052336736,0.0
1731734160.0,1.460073494886245e-05,1.460073494886245e-05,1.460073494886245e-05,1.460073494886245e-05,0.0,0.0,0.0,0.0,0.1293163052336736,0.0
1731734220.0,1.460073494886245e-05,1.460073494886245e-05,1.460073494886245e-05,1.460073494886245e-05,0.0,0.0,0.0,0.0,0.1293163052336736,0.0
1731734280.0,1.460073494886245e-05,1.460073494886245e-05,1.460073494886245e-05,1.460073494886245e-05,0.0,0.0,0.0,0.0,0.1293163052336736,0.0
1731734340.0,1.460073494886245e-05,1.460073494886245e-05,1.460073494886245e-05,1.460073494886245e-05,0.0,0.0,0.0,0.0,0.1293163052336736,0.0
1731734400.0,1.460073494886245e-05,1.460073494886245e-05,1.460073494886245e-05,1.460073494886245e-05,0.0,0.0,0.0,0.0,0.1293163052336736,0.0
1731734460.0,1.460073494886245e-05,1.460073494886245e-05,1.460073494886245e-05,1.460073494886245e-05,0.0,0.0,0.0,0.0,0.1293163052336736,0.0
1731734520.0,1.460073494886245e-05,1.460073494886245e-05,1.460073494886245e-05,1.460073494886245e-05,0.0,0.0,0.0,0.0,0.1293163052336736,0.0
1731734580.0,1.460073494886245e-05,1.460073494886245e-05,1.460073494886245e-05,1.460073494886245e-05,0.0,0.0,0.0,0.0,0.1293163052336736,0.0
1731734640.0,1.460073494886245e-05,1.460073494886245e-05,1.460073494886245e-05,1.460073494886245e-05,0.0,0.0,0.0,0.0,0.1293163052336736,0.0
1731734700.0,1.460073494886245e-05,1.460073494886245e-05,1.460073494886245e-05,1.460073494886245e-05,0.0,0.0,0.0,0.0,0.1293163052336736,0.0
1731734760.0,1.460073494886245e-05,1.460073494886245e-05,1.3983591689126204e-05,1.3983591689126204e-05,199.16447523770705,0.0028464912074391106,-0.04226795855809497,0.0,0.1293163052336736,0.04226795855809497
1731734820.0,1.3983591689126204e-05,1.3983591689126204e-05,1.3983591689126204e-05,1.3983591689126204e-05,0.0,0.0,0.0,-1.0,0.12385036900317072,0.0
1731734880.0,1.3983591689126204e-05,1.3983591689126204e-05,1.3983591689126204e-05,1.3983591689126204e-05,0.0,0.0,0.0,0.0,0.12385036900317072,0.0
1731734940.0,1.3983591689126204e-05,1.3983591689126204e-05,1.3983591689126204e-05,1.3983591689126204e-05,0.0,0.0,0.0,0.0,0.12385036900317072,0.0
1731735000.0,1.3983591689126204e-05,1.3983591689126204e-05,1.3983591689126204e-05,1.3983591689126204e-05,0.0,0.0,0.0,0.0,0.12385036900317072,0.0
1731735060.0,1.3983591689126204e-05,1.3983591689126204e-05,1.3983591689126204e-05,1.3983591689126204e-05,0.0,0.0,0.0,0.0,0.12385036900317072,0.0
1731735120.0,1.3983591689126204e-05,1.3983591689126204e-05,1.3983591689126204e-05,1.3983591689126204e-05,0.0,0.0,0.0,0.0,0.12385036900317072,0.0
1731735180.0,1.3983591689126204e-05,1.3983591689126204e-05,1.3983591689126204e-05,1.3983591689126204e-05,0.0,0.0,0.0,0.0,0.12385036900317072,0.0
1731735240.0,1.3983591689126204e-05,1.3983591689126204e-05,1.3201474497764232e-05,1.3201474497764232e-05,181.81761964744788,0.002471362012029371,-0.0559310661201696,0.0,0.12385036900317072,0.0559310661201696
1731735300.0,1.3201474497764232e-05,1.3201474497764232e-05,1.3201474497764232e-05,1.3201474497764232e-05,0.0,0.0,0.0,-1.0,0.11692328582544698,0.0
1731735360.0,1.3201474497764232e-05,1.3201474497764232e-05,1.3201474497764232e-05,1.3201474497764232e-05,0.0,0.0,0.0,0.0,0.11692328582544698,0.0
1731735420.0,1.3201474497764232e-05,1.3201474497764232e-05,1.3201474497764232e-05,1.3201474497764232e-05,0.0,0.0,0.0,0.0,0.11692328582544698,0.0
1731735480.0,1.3201474497764232e-05,1.3201474497764232e-05,1.3201474497764232e-05,1.3201474497764232e-05,0.0,0.0,0.0,0.0,0.11692328582544698,0.0
1731735540.0,1.3201474497764232e-05,1.3201474497764232e-05,1.3201474497764232e-05,1.3201474497764232e-05,0.0,0.0,0.0,0.0,0.11692328582544698,0.0
1731735600.0,1.3201474497764232e-05,1.3201474497764232e-05,1.3201474497764232e-05,1.3201474497764232e-05,0.0,0.0,0.0,0.0,0.11692328582544698,0.0
1731735660.0,1.3201474497764232e-05,1.3201474497764232e-05,1.3201474497764232e-05,1.3201474497764232e-05,0.0,0.0,0.0,0.0,0.11692328582544698,0.0
1731735720.0,1.3201474497764232e-05,1.3201474497764232e-05,1.3201474497764232e-05,1.3201474497764232e-05,0.0,0.0,0.0,0.0,0.11692328582544698,0.0
1731735780.0,1.3201474497764232e-05,1.3201474497764232e-05,1.3201474497764232e-05,1.3201474497764232e-05,0.0,0.0,0.0,0.0,0.11692328582544698,0.0
1731735840.0,1.3201474497764232e-05,1.3201474497764232e-05,1.3201474497764232e-05,1.3201474497764232e-05,0.0,0.0,0.0,0.0,0.11692328582544698,0.0
1731735900.0,1.3201474497764232e-05,1.3201474497764232e-05,1.3201474497764232e-05,1.3201474497764232e-05,0.0,0.0,0.0,0.0,0.11692328582544698,0.0
1731735960.0,1.3201474497764232e-05,1.3201474497764232e-05,1.3201474497764232e-05,1.3201474497764232e-05,0.0,0.0,0.0,0.0,0.11692328582544698,0.0
1731736020.0,1.3201474497764232e-05,1.3201474497764232e-05,1.3201474497764232e-05,1.3201474497764232e-05,0.0,0.0,0.0,0.0,0.11692328582544698,0.0
1731736080.0,1.3201474497764232e-05,1.3201474497764232e-05,1.3201474497764232e-05,1.3201474497764232e-05,0.0,0.0,0.0,0.0,0.11692328582544698,0.0
1731736140.0,1.3201474497764232e-05,1.3201474497764232e-05,1.3201474497764232e-05,1.3201474497764232e-05,0.0,0.0,0.0,0.0,0.11692328582544698,0.0
1731736200.0,1.3201474497764232e-05,1.3201474497764232e-05,1.3201474497764232e-05,1.3201474497764232e-05,0.0,0.0,0.0,0.0,0.11692328582544698,0.0
1731736260.0,1.3201474497764232e-05,1.3201474497764232e-05,1.3201474497764232e-05,1.3201474497764232e-05,0.0,0.0,0.0,0.0,0.11692328582544698,0.0
1731736320.0,1.3201474497764232e-05,1.3201474497764232e-05,1.3201474497764232e-05,1.3201474497764232e-05,0.0,0.0,0.0,0.0,0.11692328582544698,0.0
1731736380.0,1.3201474497764232e-05,1.3201474497764232e-05,1.3201474497764232e-05,1.3201474497764232e-05,0.0,0.0,0.0,0.0,0.11692328582544698,0.0
1731736440.0,1.3201474497764232e-05,1.3201474497764232e-05,1.3201474497764232e-05,1.3201474497764232e-05,0.0,0.0,0.0,0.0,0.11692328582544698,0.0
1731736500.0,1.3201474497764232e-05,1.3201474497764232e-05,1.3201474497764232e-05,1.3201474497764232e-05,0.0,0.0,0.0,0.0,0.11692328582544698,0.0
1731736560.0,1.3201474497764232e-05,1.3201474497764232e-05,1.3201474497764232e-05,1.3201474497764232e-05,0.0,0.0,0.0,0.0,0.11692328582544698,0.0
1731736620.0,1.3201474497764232e-05,1.3201474497764232e-05,1.3201474497764232e-05,1.3201474497764232e-05,0.0,0.0,0.0,0.0,0.11692328582544698,0.0
1731736680.0,1.3201474497764232e-05,1.3201474497764232e-05,1.3201474497764232e-05,1.3201474497764232e-05,0.0,0.0,0.0,0.0,0.11692328582544698,0.0
1731736740.0,1.3201474497764232e-05,1.3201474497764232e-05,1.3201474497764232e-05,1.3201474497764232e-05,0.0,0.0,0.0,0.0,0.11692328582544698,0.0
1731736800.0,1.3201474497764232e-05,1.3201474497764232e-05,1.3201474497764232e-05,1.3201474497764232e-05,0.0,0.0,0.0,0.0,0.11692328582544698,0.0
1731736860.0,1.3201474497764232e-05,1.3201474497764232e-05,1.3201474497764232e-05,1.3201474497764232e-05,0.0,0.0,0.0,0.0,0.11692328582544698,0.0
1731736920.0,1.3201474497764232e-05,1.3201474497764232e-05,1.3201474497764232e-05,1.3201474497764232e-05,0.0,0.0,0.0,0.0,0.11692328582544698,0.0
1731736980.0,1.3201474497764232e-05,1.3201474497764232e-05,1.3201474497764232e-05,1.3201474497764232e-05,0.0,0.0,0.0,0.0,0.11692328582544698,0.0
1731737040.0,1.3201474497764232e-05,1.3201474497764232e-05,1.3201474497764232e-05,1.3201474497764232e-05,0.0,0.0,0.0,0.0,0.11692328582544698,0.0
1731737100.0,1.3201474497764232e-05,1.3201474497764232e-05,1.3201474497764232e-05,1.3201474497764232e-05,0.0,0.0,0.0,0.0,0.11692328582544698,0.0
1731737160.0,1.3201474497764232e-05,1.3201474497764232e-05,1.3201474497764232e-05,1.3201474497764232e-05,0.0,0.0,0.0,0.0,0.11692328582544698,0.0
1731737220.0,1.3201474497764232e-05,1.3201474497764232e-05,1.3201474497764232e-05,1.3201474497764232e-05,0.0,0.0,0.0,0.0,0.11692328582544698,0.0
1731737280.0,1.3201474497764232e-05,1.3201474497764232e-05,1.3201474497764232e-05,1.3201474497764232e-05,0.0,0.0,0.0,0.0,0.11692328582544698,0.0
1731737340.0,1.3201474497764232e-05,1.3201474497764232e-05,1.3201474497764232e-05,1.3201474497764232e-05,0.0,0.0,0.0,0.0,0.11692328582544698,0.0
1731737400.0,1.3201474497764232e-05,1.3201474497764232e-05,1.3201474497764232e-05,1.3201474497764232e-05,0.0,0.0,0.0,0.0,0.11692328582544698,0.0
1731737460.0,1.3201474497764232e-05,1.3201474497764232e-05,1.3201474497764232e-05,1.3201474497764232e-05,0.0,0.0,0.0,0.0,0.11692328582544698,0.0
1731737520.0,1.3201474497764232e-05,1.3201474497764232e-05,1.3201474497764232e-05,1.3201474497764232e-05,0.0,0.0,0.0,0.0,0.11692328582544698,0.0
1731737580.0,1.3201474497764232e-05,1.3201474497764232e-05,1.3201474497764232e-05,1.3201474497764232e-05,0.0,0.0,0.0,0.0,0.11692328582544698,0.0
1731737640.0,1.3201474497764232e-05,1.3201474497764232e-05,1.3201474497764232e-05,1.3201474497764232e-05,0.0,0.0,0.0,0.0,0.11692328582544698,0.0
1731737700.0,1.3201474497764232e-05,1.3201474497764232e-05,1.3201474497764232e-05,1.3201474497764232e-05,0.0,0.0,0.0,0.0,0.11692328582544698,0.0
1731737760.0,1.3201474497764232e-05,1.3201474497764232e-05,1.3201474497764232e-05,1.3201474497764232e-05,0.0,0.0,0.0,0.0,0.11692328582544698,0.0
1731737820.0,1.3201474497764232e-05,1.3201474497764232e-05,1.3201474497764232e-05,1.3201474497764232e-05,0.0,0.0,0.0,0.0,0.11692328582544698,0.0
1731737880.0,1.3201474497764232e-05,1.3201474497764232e-05,1.3201474497764232e-05,1.3201474497764232e-05,0.0,0.0,0.0,0.0,0.11692328582544698,0.0
1731737940.0,1.3201474497764232e-05,1.3201474497764232e-05,1.3201474497764232e-05,1.3201474497764232e-05,0.0,0.0,0.0,0.0,0.11692328582544698,0.0
1731738000.0,1.3201474497764232e-05,1.3201474497764232e-05,1.3201474497764232e-05,1.3201474497764232e-05,0.0,0.0,0.0,0.0,0.11692328582544698,0.0
1731738060.0,1.3201474497764232e-05,1.3201474497764232e-05,1.3201474497764232e-05,1.3201474497764232e-05,0.0,0.0,0.0,0.0,0.11692328582544698,0.0
1731738120.0,1.3201474497764232e-05,1.3201474497764232e-05,1.3201474497764232e-05,1.3201474497764232e-05,0.0,0.0,0.0,0.0,0.11692328582544698,0.0
1731738180.0,1.3201474497764232e-05,1.3201474497764232e-05,1.3201474497764232e-05,1.3201474497764232e-05,0.0,0.0,0.0,0.0,0.11692328582544698,0.0
1731738240.0,1.3201474497764232e-05,1.3201474497764232e-05,1.3201474497764232e-05,1.3201474497764232e-05,0.0,0.0,0.0,0.0,0.11692328582544698,0.0
1731738300.0,1.3201474497764232e-05,1.3201474497764232e-05,1.3201474497764232e-05,1.3201474497764232e-05,0.0,0.0,0.0,0.0,0.11692328582544698,0.0
1731738360.0,1.3201474497764232e-05,1.3201474497764232e-05,1.3201474497764232e-05,1.3201474497764232e-05,0.0,0.0,0.0,0.0,0.11692328582544698,0.0
1731738420.0,1.3201474497764232e-05,1.3201474497764232e-05,1.3201474497764232e-05,1.3201474497764232e-05,0.0,0.0,0.0,0.0,0.11692328582544698,0.0
1731738480.0,1.3201474497764232e-05,1.3201474497764232e-05,1.3201474497764232e-05,1.3201474497764232e-05,0.0,0.0,0.0,0.0,0.11692328582544698,0.0
1731738540.0,1.3201474497764232e-05,1.3201474497764232e-05,1.3201474497764232e-05,1.3201474497764232e-05,0.0,0.0,0.0,0.0,0.11692328582544698,0.0
1731738600.0,1.3201474497764232e-05,1.3201474497764232e-05,1.3201474497764232e-05,1.3201474497764232e-05,0.0,0.0,0.0,0.0,0.11692328582544698,0.0
1731738660.0,1.3201474497764232e-05,1.3201474497764232e-05,1.3201474497764232e-05,1.3201474497764232e-05,0.0,0.0,0.0,0.0,0.11692328582544698,0.0
1731738720.0,1.3201474497764232e-05,1.3201474497764232e-05,1.3201474497764232e-05,1.3201474497764232e-05,0.0,0.0,0.0,0.0,0.11692328582544698,0.0
1731738780.0,1.3201474497764232e-05,1.3201474497764232e-05,1.3201474497764232e-05,1.3201474497764232e-05,0.0,0.0,0.0,0.0,0.11692328582544698,0.0
1731738840.0,1.3201474497764232e-05,1.3201474497764232e-05,1.3201474497764232e-05,1.3201474497764232e-05,0.0,0.0,0.0,0.0,0.11692328582544698,0.0
1731738900.0,1.3201474497764232e-05,1.3201474497764232e-05,1.3201474497764232e-05,1.3201474497764232e-05,0.0,0.0,0.0,0.0,0.11692328582544698,0.0
1731738960.0,1.3201474497764232e-05,1.3201474497764232e-05,1.3201474497764232e-05,1.3201474497764232e-05,0.0,0.0,0.0,0.0,0.11692328582544698,0.0
1731739020.0,1.3201474497764232e-05,1.3201474497764232e-05,1.3201474497764232e-05,1.3201474497764232e-05,0.0,0.0,0.0,0.0,0.11692328582544698,0.0
1731739080.0,1.3201474497764232e-05,1.3201474497764232e-05,1.2640096302898132e-05,1.2640096302898132e-05,215.85288007757765,0.0027889887415258026,-0.04252390102038782,0.0,0.11692328582544698,0.04252390102038782
1731739140.0,1.2640096302898132e-05,1.2640096302898132e-05,1.2640096302898132e-05,1.2640096302898132e-05,0.0,0.0,0.0,-1.0,0.11195125159202715,0.0
1731739200.0,1.2640096302898132e-05,1.2640096302898132e-05,1.2640096302898132e-05,1.2640096302898132e-05,0.0,0.0,0.0,0.0,0.11195125159202715,0.0
1731739260.0,1.2640096302898132e-05,1.2640096302898132e-05,1.2640096302898132e-05,1.2640096302898132e-05,0.0,0.0,0.0,0.0,0.11195125159202715,0.0
1731739320.0,1.2640096302898132e-05,1.2640096302898132e-05,1.2640096302898132e-05,1.2640096302898132e-05,0.0,0.0,0.0,0.0,0.11195125159202715,0.0
1731739380.0,1.2640096302898132e-05,1.2640096302898132e-05,1.2640096302898132e-05,1.2640096302898132e-05,0.0,0.0,0.0,0.0,0.11195125159202715,0.0
1731739440.0,1.2640096302898132e-05,1.2640096302898132e-05,1.2640096302898132e-05,1.2640096302898132e-05,0.0,0.0,0.0,0.0,0.11195125159202715,0.0
1731739500.0,1.2640096302898132e-05,1.2640096302898132e-05,1.2640096302898132e-05,1.2640096302898132e-05,0.0,0.0,0.0,0.0,0.11195125159202715,0.0
1731739560.0,1.2640096302898132e-05,1.2640096302898132e-05,1.2640096302898132e-05,1.2640096302898132e-05,0.0,0.0,0.0,0.0,0.11195125159202715,0.0
1731739620.0,1.2640096302898132e-05,1.2640096302898132e-05,1.2640096302898132e-05,1.2640096302898132e-05,0.0,0.0,0.0,0.0,0.11195125159202715,0.0
1731739680.0,1.2640096302898132e-05,1.2640096302898132e-05,1.2640096302898132e-05,1.2640096302898132e-05,0.0,0.0,0.0,0.0,0.11195125159202715,0.0
1731739740.0,1.2640096302898132e-05,1.2640096302898132e-05,1.2640096302898132e-05,1.2640096302898132e-05,0.0,0.0,0.0,0.0,0.11195125159202715,0.0
1731739800.0,1.2640096302898132e-05,1.2640096302898132e-05,1.2640096302898132e-05,1.2640096302898132e-05,0.0,0.0,0.0,0.0,0.11195125159202715,0.0
1731739860.0,1.2640096302898132e-05,1.2640096302898132e-05,1.2640096302898132e-05,1.2640096302898132e-05,0.0,0.0,0.0,0.0,0.11195125159202715,0.0
1731739920.0,1.2640096302898132e-05,1.2640096302898132e-05,1.2640096302898132e-05,1.2640096302898132e-05,0.0,0.0,0.0,0.0,0.11195125159202715,0.0
1731739980.0,1.2640096302898132e-05,1.2640096302898132e-05,1.2640096302898132e-05,1.2640096302898132e-05,0.0,0.0,0.0,0.0,0.11195125159202715,0.0
1731740040.0,1.2640096302898132e-05,1.2640096302898132e-05,1.2640096302898132e-05,1.2640096302898132e-05,0.0,0.0,0.0,0.0,0.11195125159202715,0.0
1731740100.0,1.2640096302898132e-05,1.2640096302898132e-05,1.2640096302898132e-05,1.2640096302898132e-05,0.0,0.0,0.0,0.0,0.11195125159202715,0.0
1731740160.0,1.2640096302898132e-05,1.2640096302898132e-05,1.2640096302898132e-05,1.2640096302898132e-05,0.0,0.0,0.0,0.0,0.11195125159202715,0.0
1731740220.0,1.2640096302898132e-05,1.2640096302898132e-05,1.2640096302898132e-05,1.2640096302898132e-05,0.0,0.0,0.0,0.0,0.11195125159202715,0.0
1731740280.0,1.2640096302898132e-05,1.2640096302898132e-05,1.2640096302898132e-05,1.2640096302898132e-05,0.0,0.0,0.0,0.0,0.11195125159202715,0.0
1731740340.0,1.2640096302898132e-05,1.2640096302898132e-05,1.2640096302898132e-05,1.2640096302898132e-05,0.0,0.0,0.0,0.0,0.11195125159202715,0.0
1731740400.0,1.2640096302898132e-05,1.2640096302898132e-05,1.2640096302898132e-05,1.2640096302898132e-05,0.0,0.0,0.0,0.0,0.11195125159202715,0.0
1731740460.0,1.2640096302898132e-05,1.2640096302898132e-05,1.2640096302898132e-05,1.2640096302898132e-05,0.0,0.0,0.0,0.0,0.11195125159202715,0.0
1731740520.0,1.2640096302898132e-05,1.2640096302898132e-05,1.2640096302898132e-05,1.2640096302898132e-05,0.0,0.0,0.0,0.0,0.11195125159202715,0.0
1731740580.0,1.2640096302898132e-05,1.2640096302898132e-05,1.2640096302898132e-05,1.2640096302898132e-05,0.0,0.0,0.0,0.0,0.11195125159202715,0.0
1731740640.0,1.2640096302898132e-05,1.2640096302898132e-05,1.2640096302898132e-05,1.2640096302898132e-05,0.0,0.0,0.0,0.0,0.11195125159202715,0.0
1731740700.0,1.2640096302898132e-05,1.2640096302898132e-05,1.2640096302898132e-05,1.2640096302898132e-05,0.0,0.0,0.0,0.0,0.11195125159202715,0.0
1731740760.0,1.2640096302898132e-05,1.2640096302898132e-05,1.2640096302898132e-05,1.2640096302898132e-05,0.0,0.0,0.0,0.0,0.11195125159202715,0.0
1731740820.0,1.2640096302898132e-05,1.2640096302898132e-05,1.2640096302898132e-05,1.2640096302898132e-05,0.0,0.0,0.0,0.0,0.11195125159202715,0.0
1731740880.0,1.2640096302898132e-05,1.2640096302898132e-05,1.2640096302898132e-05,1.2640096302898132e-05,0.0,0.0,0.0,0.0,0.11195125159202715,0.0
1731740940.0,1.2640096302898132e-05,1.2640096302898132e-05,1.2640096302898132e-05,1.2640096302898132e-05,0.0,0.0,0.0,0.0,0.11195125159202715,0.0
1731741000.0,1.2640096302898132e-05,1.2640096302898132e-05,1.2230300079089505e-05,1.2230300079089505e-05,1.193293740530923,1.483884416357438e-05,-0.03242034031929556,0.0,0.11195125159202715,0.03242034031929556
1731741060.0,1.2230300079089505e-05,1.2230300079089505e-05,1.2230300079089505e-05,1.2230300079089505e-05,0.0,0.0,0.0,-1.0,0.10832175391624256,0.0
1731741120.0,1.2230300079089505e-05,1.2230300079089505e-05,1.2230300079089505e-05,1.2230300079089505e-05,0.0,0.0,0.0,0.0,0.10832175391624256,0.0
1731741180.0,1.2230300079089505e-05,1.2230300079089505e-05,1.2230300079089505e-05,1.2230300079089505e-05,0.0,0.0,0.0,0.0,0.10832175391624256,0.0
1731741240.0,1.2230300079089505e-05,1.2230300079089505e-05,1.2230300079089505e-05,1.2230300079089505e-05,0.0,0.0,0.0,0.0,0.10832175391624256,0.0
1731741300.0,1.2230300079089505e-05,1.2230300079089505e-05,1.2230300079089505e-05,1.2230300079089505e-05,0.0,0.0,0.0,0.0,0.10832175391624256,0.0
1731741360.0,1.2230300079089505e-05,1.2230300079089505e-05,1.2230300079089505e-05,1.2230300079089505e-05,0.0,0.0,0.0,0.0,0.10832175391624256,0.0
1731741420.0,1.2230300079089505e-05,1.2230300079089505e-05,1.2230300079089505e-05,1.2230300079089505e-05,0.0,0.0,0.0,0.0,0.10832175391624256,0.0
1731741480.0,1.2230300079089505e-05,1.2230300079089505e-05,1.2230300079089505e-05,1.2230300079089505e-05,0.0,0.0,0.0,0.0,0.10832175391624256,0.0
1731741540.0,1.2230300079089505e-05,1.2230300079089505e-05,1.2230300079089505e-05,1.2230300079089505e-05,0.0,0.0,0.0,0.0,0.10832175391624256,0.0
1731741600.0,1.2230300079089505e-05,1.2230300079089505e-05,1.2230300079089505e-05,1.2230300079089505e-05,0.0,0.0,0.0,0.0,0.10832175391624256,0.0
1731741660.0,1.2230300079089505e-05,1.2230300079089505e-05,1.2230300079089505e-05,1.2230300079089505e-05,0.0,0.0,0.0,0.0,0.10832175391624256,0.0
1731741720.0,1.2230300079089505e-05,1.2230300079089505e-05,1.2230300079089505e-05,1.2230300079089505e-05,0.0,0.0,0.0,0.0,0.10832175391624256,0.0
1731741780.0,1.2230300079089505e-05,1.2230300079089505e-05,1.2230300079089505e-05,1.2230300079089505e-05,0.0,0.0,0.0,0.0,0.10832175391624256,0.0
1731741840.0,1.2230300079089505e-05,1.2230300079089505e-05,1.2230300079089505e-05,1.2230300079089505e-05,0.0,0.0,0.0,0.0,0.10832175391624256,0.0
1731741900.0,1.2230300079089505e-05,1.2230300079089505e-05,1.2230300079089505e-05,1.2230300079089505e-05,0.0,0.0,0.0,0.0,0.10832175391624256,0.0
1731741960.0,1.2230300079089505e-05,1.2230300079089505e-05,1.2230300079089505e-05,1.2230300079089505e-05,0.0,0.0,0.0,0.0,0.10832175391624256,0.0
1731742020.0,1.2230300079089505e-05,1.2230300079089505e-05,1.2230300079089505e-05,1.2230300079089505e-05,0.0,0.0,0.0,0.0,0.10832175391624256,0.0
1731742080.0,1.2230300079089505e-05,1.2230300079089505e-05,1.2230300079089505e-05,1.2230300079089505e-05,0.0,0.0,0.0,0.0,0.10832175391624256,0.0
1731742140.0,1.2230300079089505e-05,1.2230300079089505e-05,1.2230300079089505e-05,1.2230300079089505e-05,0.0,0.0,0.0,0.0,0.10832175391624256,0.0
1731742200.0,1.2230300079089505e-05,1.2230300079089505e-05,1.2230300079089505e-05,1.2230300079089505e-05,0.0,0.0,0.0,0.0,0.10832175391624256,0.0
1731742260.0,1.2230300079089505e-05,1.2230300079089505e-05,1.2230300079089505e-05,1.2230300079089505e-05,0.0,0.0,0.0,0.0,0.10832175391624256,0.0
1731742320.0,1.2230300079089505e-05,1.2230300079089505e-05,1.2230300079089505e-05,1.2230300079089505e-05,0.0,0.0,0.0,0.0,0.10832175391624256,0.0
1731742380.0,1.2230300079089505e-05,1.2230300079089505e-05,1.2230300079089505e-05,1.2230300079089505e-05,0.0,0.0,0.0,0.0,0.10832175391624256,0.0
1731742440.0,1.2230300079089505e-05,1.2230300079089505e-05,1.2230300079089505e-05,1.2230300079089505e-05,0.0,0.0,0.0,0.0,0.10832175391624256,0.0
1731742500.0,1.2230300079089505e-05,1.2230300079089505e-05,1.2230300079089505e-05,1.2230300079089505e-05,0.0,0.0,0.0,0.0,0.10832175391624256,0.0
1731742560.0,1.2230300079089505e-05,1.2230300079089505e-05,1.2230300079089505e-05,1.2230300079089505e-05,0.0,0.0,0.0,0.0,0.10832175391624256,0.0
1731742620.0,1.2230300079089505e-05,1.2230300079089505e-05,1.2230300079089505e-05,1.2230300079089505e-05,0.0,0.0,0.0,0.0,0.10832175391624256,0.0
1731742680.0,1.2230300079089505e-05,1.2230300079089505e-05,1.2230300079089505e-05,1.2230300079089505e-05,0.0,0.0,0.0,0.0,0.10832175391624256,0.0
1731742740.0,1.2230300079089505e-05,1.2230300079089505e-05,1.2230300079089505e-05,1.2230300079089505e-05,0.0,0.0,0.0,0.0,0.10832175391624256,0.0
1731742800.0,1.2230300079089505e-05,1.2230300079089505e-05,1.2230300079089505e-05,1.2230300079089505e-05,0.0,0.0,0.0,0.0,0.10832175391624256,0.0
1731742860.0,1.2230300079089505e-05,1.2230300079089505e-05,1.2230300079089505e-05,1.2230300079089505e-05,0.0,0.0,0.0,0.0,0.10832175391624256,0.0
1731742920.0,1.2230300079089505e-05,1.2230300079089505e-05,1.2230300079089505e-05,1.2230300079089505e-05,0.0,0.0,0.0,0.0,0.10832175391624256,0.0
1731742980.0,1.2230300079089505e-05,1.2230300079089505e-05,1.2230300079089505e-05,1.2230300079089505e-05,0.0,0.0,0.0,0.0,0.10832175391624256,0.0
1731743040.0,1.2230300079089505e-05,1.2230300079089505e-05,1.2230300079089505e-05,1.2230300079089505e-05,0.0,0.0,0.0,0.0,0.10832175391624256,0.0
1731743100.0,1.2230300079089505e-05,1.2230300079089505e-05,1.2230300079089505e-05,1.2230300079089505e-05,0.0,0.0,0.0,0.0,0.10832175391624256,0.0
1731743160.0,1.2230300079089505e-05,1.2230300079089505e-05,1.2230300079089505e-05,1.2230300079089505e-05,0.0,0.0,0.0,0.0,0.10832175391624256,0.0
1731743220.0,1.2230300079089505e-05,1.2230300079089505e-05,1.2230300079089505e-05,1.2230300079089505e-05,0.0,0.0,0.0,0.0,0.10832175391624256,0.0
1731743280.0,1.2230300079089505e-05,1.2230300079089505e-05,1.2230300079089505e-05,1.2230300079089505e-05,0.0,0.0,0.0,0.0,0.10832175391624256,0.0
1731743340.0,1.2230300079089505e-05,1.2230300079089505e-05,1.2230300079089505e-05,1.2230300079089505e-05,0.0,0.0,0.0,0.0,0.10832175391624256,0.0
1731743400.0,1.2230300079089505e-05,1.2230300079089505e-05,1.2230300079089505e-05,1.2230300079089505e-05,0.0,0.0,0.0,0.0,0.10832175391624256,0.0
1731743460.0,1.2230300079089505e-05,1.2230300079089505e-05,1.2230300079089505e-05,1.2230300079089505e-05,0.0,0.0,0.0,0.0,0.10832175391624256,0.0
1731743520.0,1.2230300079089505e-05,1.2230300079089505e-05,1.2230300079089505e-05,1.2230300079089505e-05,0.0,0.0,0.0,0.0,0.10832175391624256,0.0
1731743580.0,1.2230300079089505e-05,1.2230300079089505e-05,1.2230300079089505e-05,1.2230300079089505e-05,0.0,0.0,0.0,0.0,0.10832175391624256,0.0
1731743640.0,1.2230300079089505e-05,1.2230300079089505e-05,1.2230300079089505e-05,1.2230300079089505e-05,0.0,0.0,0.0,0.0,0.10832175391624256,0.0
1731743700.0,1.2230300079089505e-05,1.2230300079089505e-05,1.2230300079089505e-05,1.2230300079089505e-05,0.0,0.0,0.0,0.0,0.10832175391624256,0.0
1731743760.0,1.2230300079089505e-05,1.2230300079089505e-05,1.2230300079089505e-05,1.2230300079089505e-05,0.0,0.0,0.0,0.0,0.10832175391624256,0.0
1731743820.0,1.2230300079089505e-05,1.2230300079089505e-05,1.2230300079089505e-05,1.2230300079089505e-05,0.0,0.0,0.0,0.0,0.10832175391624256,0.0
1731743880.0,1.2230300079089505e-05,1.2230300079089505e-05,1.2230300079089505e-05,1.2230300079089505e-05,0.0,0.0,0.0,0.0,0.10832175391624256,0.0
1731743940.0,1.2230300079089505e-05,1.2230300079089505e-05,1.2230300079089505e-05,1.2230300079089505e-05,0.0,0.0,0.0,0.0,0.10832175391624256,0.0
1731744000.0,1.2230300079089505e-05,1.2230300079089505e-05,1.2230300079089505e-05,1.2230300079089505e-05,0.0,0.0,0.0,0.0,0.10832175391624256,0.0
1731744060.0,1.2230300079089505e-05,1.2230300079089505e-05,1.2230300079089505e-05,1.2230300079089505e-05,0.0,0.0,0.0,0.0,0.10832175391624256,0.0
1731744120.0,1.2230300079089505e-05,1.2230300079089505e-05,1.2230300079089505e-05,1.2230300079089505e-05,0.0,0.0,0.0,0.0,0.10832175391624256,0.0
1731744180.0,1.2230300079089505e-05,1.2230300079089505e-05,1.2230300079089505e-05,1.2230300079089505e-05,0.0,0.0,0.0,0.0,0.10832175391624256,0.0
1731744240.0,1.2230300079089505e-05,1.2230300079089505e-05,1.2230300079089505e-05,1.2230300079089505e-05,0.0,0.0,0.0,0.0,0.10832175391624256,0.0
1731744300.0,1.2230300079089505e-05,1.2230300079089505e-05,1.2230300079089505e-05,1.2230300079089505e-05,0.0,0.0,0.0,0.0,0.10832175391624256,0.0
1731744360.0,1.2230300079089505e-05,1.2230300079089505e-05,1.2230300079089505e-05,1.2230300079089505e-05,0.0,0.0,0.0,0.0,0.10832175391624256,0.0
1731744420.0,1.2230300079089505e-05,1.2230300079089505e-05,1.2230300079089505e-05,1.2230300079089505e-05,0.0,0.0,0.0,0.0,0.10832175391624256,0.0
1731744480.0,1.2230300079089505e-05,1.2230300079089505e-05,1.2230300079089505e-05,1.2230300079089505e-05,0.0,0.0,0.0,0.0,0.10832175391624256,0.0
1731744540.0,1.2230300079089505e-05,1.2230300079089505e-05,1.2230300079089505e-05,1.2230300079089505e-05,0.0,0.0,0.0,0.0,0.10832175391624256,0.0
1731744600.0,1.2230300079089505e-05,1.2230300079089505e-05,1.2230300079089505e-05,1.2230300079089505e-05,0.0,0.0,0.0,0.0,0.10832175391624256,0.0
1731744660.0,1.2230300079089505e-05,1.2230300079089505e-05,1.2230300079089505e-05,1.2230300079089505e-05,0.0,0.0,0.0,0.0,0.10832175391624256,0.0
1731744720.0,1.2230300079089505e-05,1.2230300079089505e-05,1.2230300079089505e-05,1.2230300079089505e-05,0.0,0.0,0.0,0.0,0.10832175391624256,0.0
1731744780.0,1.2230300079089505e-05,1.2230300079089505e-05,1.2230300079089505e-05,1.2230300079089505e-05,0.0,0.0,0.0,0.0,0.10832175391624256,0.0
1731744840.0,1.2230300079089505e-05,1.2230300079089505e-05,1.2226847010262856e-05,1.2226847010262856e-05,10.782367361007344,0.00013185297225979433,-0.0002823372120323152,0.0,0.10832175391624256,0.0002823372120323152
1731744900.0,1.2226847010262856e-05,1.2226847010262856e-05,1.2226847010262856e-05,1.2226847010262856e-05,0.0,0.0,0.0,-1.0,0.10829117065423939,0.0
1731744960.0,1.2226847010262856e-05,1.2226847010262856e-05,1.2226847010262856e-05,1.2226847010262856e-05,0.0,0.0,0.0,0.0,0.10829117065423939,0.0
1731745020.0,1.2226847010262856e-05,1.2226847010262856e-05,1.2226847010262856e-05,1.2226847010262856e-05,0.0,0.0,0.0,0.0,0.10829117065423939,0.0
1731745080.0,1.2226847010262856e-05,1.2226847010262856e-05,1.2226847010262856e-05,1.2226847010262856e-05,0.0,0.0,0.0,0.0,0.10829117065423939,0.0
1731745140.0,1.2226847010262856e-05,1.2226847010262856e-05,1.2226847010262856e-05,1.2226847010262856e-05,0.0,0.0,0.0,0.0,0.10829117065423939,0.0
1731745200.0,1.2226847010262856e-05,1.2226847010262856e-05,1.2226847010262856e-05,1.2226847010262856e-05,0.0,0.0,0.0,0.0,0.10829117065423939,0.0
1731745260.0,1.2226847010262856e-05,1.2226847010262856e-05,1.2226847010262856e-05,1.2226847010262856e-05,0.0,0.0,0.0,0.0,0.10829117065423939,0.0
1731745320.0,1.2226847010262856e-05,1.2226847010262856e-05,1.2226847010262856e-05,1.2226847010262856e-05,0.0,0.0,0.0,0.0,0.10829117065423939,0.0
1731745380.0,1.2226847010262856e-05,1.2226847010262856e-05,1.2226847010262856e-05,1.2226847010262856e-05,0.0,0.0,0.0,0.0,0.10829117065423939,0.0
1731745440.0,1.2226847010262856e-05,1.2226847010262856e-05,1.2226847010262856e-05,1.2226847010262856e-05,0.0,0.0,0.0,0.0,0.10829117065423939,0.0
1731745500.0,1.2226847010262856e-05,1.2226847010262856e-05,1.2226847010262856e-05,1.2226847010262856e-05,0.0,0.0,0.0,0.0,0.10829117065423939,0.0
1731745560.0,1.2226847010262856e-05,1.2226847010262856e-05,1.2226847010262856e-05,1.2226847010262856e-05,0.0,0.0,0.0,0.0,0.10829117065423939,0.0
1731745620.0,1.2226847010262856e-05,1.2226847010262856e-05,1.2226847010262856e-05,1.2226847010262856e-05,0.0,0.0,0.0,0.0,0.10829117065423939,0.0
1731745680.0,1.2226847010262856e-05,1.2226847010262856e-05,1.2226847010262856e-05,1.2226847010262856e-05,0.0,0.0,0.0,0.0,0.10829117065423939,0.0
1731745740.0,1.2226847010262856e-05,1.2226847010262856e-05,1.2226847010262856e-05,1.2226847010262856e-05,0.0,0.0,0.0,0.0,0.10829117065423939,0.0
1731745800.0,1.2226847010262856e-05,1.2226847010262856e-05,1.2226847010262856e-05,1.2226847010262856e-05,0.0,0.0,0.0,0.0,0.10829117065423939,0.0
1731745860.0,1.2226847010262856e-05,1.2226847010262856e-05,1.2226847010262856e-05,1.2226847010262856e-05,0.0,0.0,0.0,0.0,0.10829117065423939,0.0
1731745920.0,1.2226847010262856e-05,1.2226847010262856e-05,1.2226847010262856e-05,1.2226847010262856e-05,0.0,0.0,0.0,0.0,0.10829117065423939,0.0
1731745980.0,1.2226847010262856e-05,1.2226847010262856e-05,1.2226847010262856e-05,1.2226847010262856e-05,0.0,0.0,0.0,0.0,0.10829117065423939,0.0
1731746040.0,1.2226847010262856e-05,1.2226847010262856e-05,1.2226847010262856e-05,1.2226847010262856e-05,0.0,0.0,0.0,0.0,0.10829117065423939,0.0
1731746100.0,1.2226847010262856e-05,1.2226847010262856e-05,1.2226847010262856e-05,1.2226847010262856e-05,0.0,0.0,0.0,0.0,0.10829117065423939,0.0
1731746160.0,1.2226847010262856e-05,1.2226847010262856e-05,1.2226847010262856e-05,1.2226847010262856e-05,0.0,0.0,0.0,0.0,0.10829117065423939,0.0
1731746220.0,1.2226847010262856e-05,1.2226847010262856e-05,1.2226847010262856e-05,1.2226847010262856e-05,0.0,0.0,0.0,0.0,0.10829117065423939,0.0
1731746280.0,1.2226847010262856e-05,1.2226847010262856e-05,1.2226847010262856e-05,1.2226847010262856e-05,0.0,0.0,0.0,0.0,0.10829117065423939,0.0
1731746340.0,1.2226847010262856e-05,1.2226847010262856e-05,1.2226847010262856e-05,1.2226847010262856e-05,0.0,0.0,0.0,0.0,0.10829117065423939,0.0
1731746400.0,1.2226847010262856e-05,1.2226847010262856e-05,1.2226847010262856e-05,1.2226847010262856e-05,0.0,0.0,0.0,0.0,0.10829117065423939,0.0
1731746460.0,1.2226847010262856e-05,1.2226847010262856e-05,1.2226847010262856e-05,1.2226847010262856e-05,0.0,0.0,0.0,0.0,0.10829117065423939,0.0
1731746520.0,1.2226847010262856e-05,1.2226847010262856e-05,1.2226847010262856e-05,1.2226847010262856e-05,0.0,0.0,0.0,0.0,0.10829117065423939,0.0
1731746580.0,1.2226847010262856e-05,1.2226847010262856e-05,1.2226847010262856e-05,1.2226847010262856e-05,0.0,0.0,0.0,0.0,0.10829117065423939,0.0
1731746640.0,1.2226847010262856e-05,1.2226847010262856e-05,1.2226847010262856e-05,1.2226847010262856e-05,0.0,0.0,0.0,0.0,0.10829117065423939,0.0
1731746700.0,1.2226847010262856e-05,1.2226847010262856e-05,1.2226847010262856e-05,1.2226847010262856e-05,0.0,0.0,0.0,0.0,0.10829117065423939,0.0
1731746760.0,1.2226847010262856e-05,1.2226847010262856e-05,1.2226847010262856e-05,1.2226847010262856e-05,0.0,0.0,0.0,0.0,0.10829117065423939,0.0
1731746820.0,1.2226847010262856e-05,1.2226847010262856e-05,1.2226847010262856e-05,1.2226847010262856e-05,0.0,0.0,0.0,0.0,0.10829117065423939,0.0
1731746880.0,1.2226847010262856e-05,1.2226847010262856e-05,1.2226847010262856e-05,1.2226847010262856e-05,0.0,0.0,0.0,0.0,0.10829117065423939,0.0
1731746940.0,1.2226847010262856e-05,1.2226847010262856e-05,1.2226847010262856e-05,1.2226847010262856e-05,0.0,0.0,0.0,0.0,0.10829117065423939,0.0
1731747000.0,1.2226847010262856e-05,1.2226847010262856e-05,1.2226847010262856e-05,1.2226847010262856e-05,0.0,0.0,0.0,0.0,0.10829117065423939,0.0
1731747060.0,1.2226847010262856e-05,1.2226847010262856e-05,1.2226847010262856e-05,1.2226847010262856e-05,0.0,0.0,0.0,0.0,0.10829117065423939,0.0
1731747120.0,1.2226847010262856e-05,1.2226847010262856e-05,1.2226847010262856e-05,1.2226847010262856e-05,0.0,0.0,0.0,0.0,0.10829117065423939,0.0
1731747180.0,1.2226847010262856e-05,1.2226847010262856e-05,1.2226847010262856e-05,1.2226847010262856e-05,0.0,0.0,0.0,0.0,0.10829117065423939,0.0
1731747240.0,1.2226847010262856e-05,1.2226847010262856e-05,1.2226847010262856e-05,1.2226847010262856e-05,0.0,0.0,0.0,0.0,0.10829117065423939,0.0
1731747300.0,1.2226847010262856e-05,1.2226847010262856e-05,1.2226847010262856e-05,1.2226847010262856e-05,0.0,0.0,0.0,0.0,0.10829117065423939,0.0
1731747360.0,1.2226847010262856e-05,1.2226847010262856e-05,1.2226847010262856e-05,1.2226847010262856e-05,0.0,0.0,0.0,0.0,0.10829117065423939,0.0
1731747420.0,1.2226847010262856e-05,1.2226847010262856e-05,1.2226847010262856e-05,1.2226847010262856e-05,0.0,0.0,0.0,0.0,0.10829117065423939,0.0
1731747480.0,1.2226847010262856e-05,1.2226847010262856e-05,1.2226847010262856e-05,1.2226847010262856e-05,0.0,0.0,0.0,0.0,0.10829117065423939,0.0
1731747540.0,1.2226847010262856e-05,1.2226847010262856e-05,1.2226847010262856e-05,1.2226847010262856e-05,0.0,0.0,0.0,0.0,0.10829117065423939,0.0
1731747600.0,1.2226847010262856e-05,1.2226847010262856e-05,1.2226847010262856e-05,1.2226847010262856e-05,0.0,0.0,0.0,0.0,0.10829117065423939,0.0
1731747660.0,1.2226847010262856e-05,1.2226847010262856e-05,1.2226847010262856e-05,1.2226847010262856e-05,0.0,0.0,0.0,0.0,0.10829117065423939,0.0
1731747720.0,1.2226847010262856e-05,1.2226847010262856e-05,1.2226847010262856e-05,1.2226847010262856e-05,0.0,0.0,0.0,0.0,0.10829117065423939,0.0
1731747780.0,1.2226847010262856e-05,1.2226847010262856e-05,1.2226847010262856e-05,1.2226847010262856e-05,0.0,0.0,0.0,0.0,0.10829117065423939,0.0
1731747840.0,1.2226847010262856e-05,1.2226847010262856e-05,1.2226847010262856e-05,1.2226847010262856e-05,0.0,0.0,0.0,0.0,0.10829117065423939,0.0
1731747900.0,1.2226847010262856e-05,1.2226847010262856e-05,1.2226847010262856e-05,1.2226847010262856e-05,0.0,0.0,0.0,0.0,0.10829117065423939,0.0
1731747960.0,1.2226847010262856e-05,1.2226847010262856e-05,1.2226847010262856e-05,1.2226847010262856e-05,0.0,0.0,0.0,0.0,0.10829117065423939,0.0
1731748020.0,1.2226847010262856e-05,1.2226847010262856e-05,1.2226847010262856e-05,1.2226847010262856e-05,0.0,0.0,0.0,0.0,0.10829117065423939,0.0
1731748080.0,1.2226847010262856e-05,1.2226847010262856e-05,1.2226847010262856e-05,1.2226847010262856e-05,0.0,0.0,0.0,0.0,0.10829117065423939,0.0
1731748140.0,1.2226847010262856e-05,1.2226847010262856e-05,1.2226847010262856e-05,1.2226847010262856e-05,0.0,0.0,0.0,0.0,0.10829117065423939,0.0
1731748200.0,1.2226847010262856e-05,1.2226847010262856e-05,1.2226847010262856e-05,1.2226847010262856e-05,0.0,0.0,0.0,0.0,0.10829117065423939,0.0
1731748260.0,1.2226847010262856e-05,1.2226847010262856e-05,1.2226847010262856e-05,1.2226847010262856e-05,0.0,0.0,0.0,0.0,0.10829117065423939,0.0
1731748320.0,1.2226847010262856e-05,1.2226847010262856e-05,1.2226847010262856e-05,1.2226847010262856e-05,0.0,0.0,0.0,0.0,0.10829117065423939,0.0
1731748380.0,1.2226847010262856e-05,1.2226847010262856e-05,1.2226847010262856e-05,1.2226847010262856e-05,0.0,0.0,0.0,0.0,0.10829117065423939,0.0
1731748440.0,1.2226847010262856e-05,1.2226847010262856e-05,1.2226847010262856e-05,1.2226847010262856e-05,0.0,0.0,0.0,0.0,0.10829117065423939,0.0
1731748500.0,1.2226847010262856e-05,1.2226847010262856e-05,1.2226847010262856e-05,1.2226847010262856e-05,0.0,0.0,0.0,0.0,0.10829117065423939,0.0
1731748560.0,1.2226847010262856e-05,1.2226847010262856e-05,1.2226847010262856e-05,1.2226847010262856e-05,0.0,0.0,0.0,0.0,0.10829117065423939,0.0
1731748620.0,1.2226847010262856e-05,1.2226847010262856e-05,1.2226847010262856e-05,1.2226847010262856e-05,0.0,0.0,0.0,0.0,0.10829117065423939,0.0
1731748680.0,1.2226847010262856e-05,1.2226847010262856e-05,1.2226847010262856e-05,1.2226847010262856e-05,0.0,0.0,0.0,0.0,0.10829117065423939,0.0
1731748740.0,1.2226847010262856e-05,1.2226847010262856e-05,1.2226847010262856e-05,1.2226847010262856e-05,0.0,0.0,0.0,0.0,0.10829117065423939,0.0
1731748800.0,1.2226847010262856e-05,1.2226847010262856e-05,1.2226847010262856e-05,1.2226847010262856e-05,0.0,0.0,0.0,0.0,0.10829117065423939,0.0
1731748860.0,1.2226847010262856e-05,1.2226847010262856e-05,1.2226847010262856e-05,1.2226847010262856e-05,0.0,0.0,0.0,0.0,0.10829117065423939,0.0
1731748920.0,1.2226847010262856e-05,1.2226847010262856e-05,1.2226847010262856e-05,1.2226847010262856e-05,0.0,0.0,0.0,0.0,0.10829117065423939,0.0
1731748980.0,1.2226847010262856e-05,1.2226847010262856e-05,1.2226847010262856e-05,1.2226847010262856e-05,0.0,0.0,0.0,0.0,0.10829117065423939,0.0
1731749040.0,1.2226847010262856e-05,1.2226847010262856e-05,1.2226847010262856e-05,1.2226847010262856e-05,0.0,0.0,0.0,0.0,0.10829117065423939,0.0
1731749100.0,1.2226847010262856e-05,1.2226847010262856e-05,1.2226847010262856e-05,1.2226847010262856e-05,0.0,0.0,0.0,0.0,0.10829117065423939,0.0
1731749160.0,1.2226847010262856e-05,1.2226847010262856e-05,1.2226847010262856e-05,1.2226847010262856e-05,0.0,0.0,0.0,0.0,0.10829117065423939,0.0
1731749220.0,1.2226847010262856e-05,1.2226847010262856e-05,1.2226847010262856e-05,1.2226847010262856e-05,0.0,0.0,0.0,0.0,0.10829117065423939,0.0
1731749280.0,1.2226847010262856e-05,1.2226847010262856e-05,1.2226847010262856e-05,1.2226847010262856e-05,0.0,0.0,0.0,0.0,0.10829117065423939,0.0
1731749340.0,1.2226847010262856e-05,1.2226847010262856e-05,1.2226847010262856e-05,1.2226847010262856e-05,0.0,0.0,0.0,0.0,0.10829117065423939,0.0
1731749400.0,1.2226847010262856e-05,1.2226847010262856e-05,1.2226847010262856e-05,1.2226847010262856e-05,0.0,0.0,0.0,0.0,0.10829117065423939,0.0
1731749460.0,1.2226847010262856e-05,1.2226847010262856e-05,1.2226847010262856e-05,1.2226847010262856e-05,0.0,0.0,0.0,0.0,0.10829117065423939,0.0
1731749520.0,1.2226847010262856e-05,1.2226847010262856e-05,1.2106553962967765e-05,1.2106553962967765e-05,11.818305518133286,0.00014378978349844065,-0.009838435632188806,0.0,0.10829117065423939,0.009838435632188806
1731749580.0,1.2106553962967765e-05,1.2106553962967765e-05,1.2106553962967765e-05,1.2106553962967765e-05,0.0,0.0,0.0,-1.0,0.10722575494222329,0.0
1731749640.0,1.2106553962967765e-05,1.2106553962967765e-05,1.2106553962967765e-05,1.2106553962967765e-05,0.0,0.0,0.0,0.0,0.10722575494222329,0.0
1731749700.0,1.2106553962967765e-05,1.2106553962967765e-05,1.2106553962967765e-05,1.2106553962967765e-05,0.0,0.0,0.0,0.0,0.10722575494222329,0.0
1731749760.0,1.2106553962967765e-05,1.2106553962967765e-05,1.2106553962967765e-05,1.2106553962967765e-05,0.0,0.0,0.0,0.0,0.10722575494222329,0.0
1731749820.0,1.2106553962967765e-05,1.2106553962967765e-05,1.2106553962967765e-05,1.2106553962967765e-05,0.0,0.0,0.0,0.0,0.10722575494222329,0.0
1731749880.0,1.2106553962967765e-05,1.2106553962967765e-05,1.2106553962967765e-05,1.2106553962967765e-05,0.0,0.0,0.0,0.0,0.10722575494222329,0.0
1731749940.0,1.2106553962967765e-05,1.2106553962967765e-05,1.2106553962967765e-05,1.2106553962967765e-05,0.0,0.0,0.0,0.0,0.10722575494222329,0.0
1731750000.0,1.2106553962967765e-05,1.2106553962967765e-05,1.2106553962967765e-05,1.2106553962967765e-05,0.0,0.0,0.0,0.0,0.10722575494222329,0.0
1731750060.0,1.2106553962967765e-05,1.2106553962967765e-05,1.2106553962967765e-05,1.2106553962967765e-05,0.0,0.0,0.0,0.0,0.10722575494222329,0.0
1731750120.0,1.2106553962967765e-05,1.2106553962967765e-05,1.2106553962967765e-05,1.2106553962967765e-05,0.0,0.0,0.0,0.0,0.10722575494222329,0.0
1731750180.0,1.2106553962967765e-05,1.2106553962967765e-05,1.2106553962967765e-05,1.2106553962967765e-05,0.0,0.0,0.0,0.0,0.10722575494222329,0.0
1731750240.0,1.2106553962967765e-05,1.2106553962967765e-05,1.2106553962967765e-05,1.2106553962967765e-05,0.0,0.0,0.0,0.0,0.10722575494222329,0.0
1731750300.0,1.2106553962967765e-05,1.2106553962967765e-05,1.2106553962967765e-05,1.2106553962967765e-05,0.0,0.0,0.0,0.0,0.10722575494222329,0.0
1731750360.0,1.2106553962967765e-05,1.2106553962967765e-05,1.2106553962967765e-05,1.2106553962967765e-05,0.0,0.0,0.0,0.0,0.10722575494222329,0.0
1731750420.0,1.2106553962967765e-05,1.2106553962967765e-05,1.2106553962967765e-05,1.2106553962967765e-05,0.0,0.0,0.0,0.0,0.10722575494222329,0.0
1731750480.0,1.2106553962967765e-05,1.2106553962967765e-05,1.2106553962967765e-05,1.2106553962967765e-05,0.0,0.0,0.0,0.0,0.10722575494222329,0.0
1731750540.0,1.2106553962967765e-05,1.2106553962967765e-05,1.2106553962967765e-05,1.2106553962967765e-05,0.0,0.0,0.0,0.0,0.10722575494222329,0.0
1731750600.0,1.2106553962967765e-05,1.2106553962967765e-05,1.2106553962967765e-05,1.2106553962967765e-05,0.0,0.0,0.0,0.0,0.10722575494222329,0.0
1731750660.0,1.2106553962967765e-05,1.2106553962967765e-05,1.2106553962967765e-05,1.2106553962967765e-05,0.0,0.0,0.0,0.0,0.10722575494222329,0.0
1731750720.0,1.2106553962967765e-05,1.2106553962967765e-05,1.2106553962967765e-05,1.2106553962967765e-05,0.0,0.0,0.0,0.0,0.10722575494222329,0.0
1731750780.0,1.2106553962967765e-05,1.2106553962967765e-05,1.2106553962967765e-05,1.2106553962967765e-05,0.0,0.0,0.0,0.0,0.10722575494222329,0.0
1731750840.0,1.2106553962967765e-05,1.2106553962967765e-05,1.2106553962967765e-05,1.2106553962967765e-05,0.0,0.0,0.0,0.0,0.10722575494222329,0.0
1731750900.0,1.2106553962967765e-05,1.2106553962967765e-05,1.2106553962967765e-05,1.2106553962967765e-05,0.0,0.0,0.0,0.0,0.10722575494222329,0.0
1731750960.0,1.2106553962967765e-05,1.2106553962967765e-05,1.2106553962967765e-05,1.2106553962967765e-05,0.0,0.0,0.0,0.0,0.10722575494222329,0.0
1731751020.0,1.2106553962967765e-05,1.2106553962967765e-05,1.2106553962967765e-05,1.2106553962967765e-05,0.0,0.0,0.0,0.0,0.10722575494222329,0.0
1731751080.0,1.2106553962967765e-05,1.2106553962967765e-05,1.2106553962967765e-05,1.2106553962967765e-05,0.0,0.0,0.0,0.0,0.10722575494222329,0.0
1731751140.0,1.2106553962967765e-05,1.2106553962967765e-05,1.2106553962967765e-05,1.2106553962967765e-05,0.0,0.0,0.0,0.0,0.10722575494222329,0.0
1731751200.0,1.2106553962967765e-05,1.2106553962967765e-05,1.2106553962967765e-05,1.2106553962967765e-05,0.0,0.0,0.0,0.0,0.10722575494222329,0.0
1731751260.0,1.2106553962967765e-05,1.2106553962967765e-05,1.2106553962967765e-05,1.2106553962967765e-05,0.0,0.0,0.0,0.0,0.10722575494222329,0.0
1731751320.0,1.2106553962967765e-05,1.2106553962967765e-05,1.2106553962967765e-05,1.2106553962967765e-05,0.0,0.0,0.0,0.0,0.10722575494222329,0.0
1731751380.0,1.2106553962967765e-05,1.2106553962967765e-05,1.2106553962967765e-05,1.2106553962967765e-05,0.0,0.0,0.0,0.0,0.10722575494222329,0.0
1731751440.0,1.2106553962967765e-05,1.2106553962967765e-05,1.2106553962967765e-05,1.2106553962967765e-05,0.0,0.0,0.0,0.0,0.10722575494222329,0.0
1731751500.0,1.2106553962967765e-05,1.2106553962967765e-05,1.2106553962967765e-05,1.2106553962967765e-05,0.0,0.0,0.0,0.0,0.10722575494222329,0.0
1731751560.0,1.2106553962967765e-05,1.2106553962967765e-05,1.2106553962967765e-05,1.2106553962967765e-05,0.0,0.0,0.0,0.0,0.10722575494222329,0.0
1731751620.0,1.2106553962967765e-05,1.2106553962967765e-05,1.2106553962967765e-05,1.2106553962967765e-05,0.0,0.0,0.0,0.0,0.10722575494222329,0.0
1731751680.0,1.2106553962967765e-05,1.2106553962967765e-05,1.2106553962967765e-05,1.2106553962967765e-05,0.0,0.0,0.0,0.0,0.10722575494222329,0.0
1731751740.0,1.2106553962967765e-05,1.2106553962967765e-05,1.2106553962967765e-05,1.2106553962967765e-05,0.0,0.0,0.0,0.0,0.10722575494222329,0.0
1731751800.0,1.2106553962967765e-05,1.2106553962967765e-05,1.2106553962967765e-05,1.2106553962967765e-05,0.0,0.0,0.0,0.0,0.10722575494222329,0.0
1731751860.0,1.2106553962967765e-05,1.2106553962967765e-05,1.2106553962967765e-05,1.2106553962967765e-05,0.0,0.0,0.0,0.0,0.10722575494222329,0.0
1731751920.0,1.2106553962967765e-05,1.2106553962967765e-05,1.2106553962967765e-05,1.2106553962967765e-05,0.0,0.0,0.0,0.0,0.10722575494222329,0.0
1731751980.0,1.2106553962967765e-05,1.2106553962967765e-05,1.2106553962967765e-05,1.2106553962967765e-05,0.0,0.0,0.0,0.0,0.10722575494222329,0.0
1731752040.0,1.2106553962967765e-05,1.2106553962967765e-05,1.2106553962967765e-05,1.2106553962967765e-05,0.0,0.0,0.0,0.0,0.10722575494222329,0.0
1731752100.0,1.2106553962967765e-05,1.2106553962967765e-05,1.2106553962967765e-05,1.2106553962967765e-05,0.0,0.0,0.0,0.0,0.10722575494222329,0.0
1731752160.0,1.2106553962967765e-05,1.2106553962967765e-05,1.2106553962967765e-05,1.2106553962967765e-05,0.0,0.0,0.0,0.0,0.10722575494222329,0.0
1731752220.0,1.2106553962967765e-05,1.2106553962967765e-05,1.2106553962967765e-05,1.2106553962967765e-05,0.0,0.0,0.0,0.0,0.10722575494222329,0.0
1731752280.0,1.2106553962967765e-05,1.2106553962967765e-05,1.2106553962967765e-05,1.2106553962967765e-05,0.0,0.0,0.0,0.0,0.10722575494222329,0.0
1731752340.0,1.2106553962967765e-05,1.2106553962967765e-05,1.2106553962967765e-05,1.2106553962967765e-05,0.0,0.0,0.0,0.0,0.10722575494222329,0.0
1731752400.0,1.2106553962967765e-05,1.2106553962967765e-05,1.2106553962967765e-05,1.2106553962967765e-05,0.0,0.0,0.0,0.0,0.10722575494222329,0.0
1731752460.0,1.2106553962967765e-05,1.2106553962967765e-05,1.2106553962967765e-05,1.2106553962967765e-05,0.0,0.0,0.0,0.0,0.10722575494222329,0.0
1731752520.0,1.2106553962967765e-05,1.2106553962967765e-05,1.2106553962967765e-05,1.2106553962967765e-05,0.0,0.0,0.0,0.0,0.10722575494222329,0.0
1731752580.0,1.2106553962967765e-05,1.2106553962967765e-05,1.2106553962967765e-05,1.2106553962967765e-05,0.0,0.0,0.0,0.0,0.10722575494222329,0.0
1731752640.0,1.2106553962967765e-05,1.2106553962967765e-05,1.2106553962967765e-05,1.2106553962967765e-05,0.0,0.0,0.0,0.0,0.10722575494222329,0.0
1731752700.0,1.2106553962967765e-05,1.2106553962967765e-05,1.2106553962967765e-05,1.2106553962967765e-05,0.0,0.0,0.0,0.0,0.10722575494222329,0.0
1731752760.0,1.2106553962967765e-05,1.2106553962967765e-05,1.2106553962967765e-05,1.2106553962967765e-05,0.0,0.0,0.0,0.0,0.10722575494222329,0.0
1731752820.0,1.2106553962967765e-05,1.2106553962967765e-05,1.2106553962967765e-05,1.2106553962967765e-05,0.0,0.0,0.0,0.0,0.10722575494222329,0.0
1731752880.0,1.2106553962967765e-05,1.2106553962967765e-05,1.2106553962967765e-05,1.2106553962967765e-05,0.0,0.0,0.0,0.0,0.10722575494222329,0.0
1731752940.0,1.2106553962967765e-05,1.2106553962967765e-05,1.2106553962967765e-05,1.2106553962967765e-05,0.0,0.0,0.0,0.0,0.10722575494222329,0.0
1731753000.0,1.2106553962967765e-05,1.2106553962967765e-05,1.2106553962967765e-05,1.2106553962967765e-05,0.0,0.0,0.0,0.0,0.10722575494222329,0.0
1731753060.0,1.2106553962967765e-05,1.2106553962967765e-05,1.2106553962967765e-05,1.2106553962967765e-05,0.0,0.0,0.0,0.0,0.10722575494222329,0.0
1731753120.0,1.2106553962967765e-05,1.2106553962967765e-05,1.2106553962967765e-05,1.2106553962967765e-05,0.0,0.0,0.0,0.0,0.10722575494222329,0.0
1731753180.0,1.2106553962967765e-05,1.2106553962967765e-05,1.2106553962967765e-05,1.2106553962967765e-05,0.0,0.0,0.0,0.0,0.10722575494222329,0.0
1731753240.0,1.2106553962967765e-05,1.2106553962967765e-05,1.2106553962967765e-05,1.2106553962967765e-05,0.0,0.0,0.0,0.0,0.10722575494222329,0.0
1731753300.0,1.2106553962967765e-05,1.2106553962967765e-05,1.2106553962967765e-05,1.2106553962967765e-05,0.0,0.0,0.0,0.0,0.10722575494222329,0.0
1731753360.0,1.2106553962967765e-05,1.2106553962967765e-05,1.2106553962967765e-05,1.2106553962967765e-05,0.0,0.0,0.0,0.0,0.10722575494222329,0.0
1731753420.0,1.2106553962967765e-05,1.2106553962967765e-05,1.2106553962967765e-05,1.2106553962967765e-05,0.0,0.0,0.0,0.0,0.10722575494222329,0.0
1731753480.0,1.2106553962967765e-05,1.2106553962967765e-05,1.2106553962967765e-05,1.2106553962967765e-05,0.0,0.0,0.0,0.0,0.10722575494222329,0.0
1731753540.0,1.2106553962967765e-05,1.2106553962967765e-05,1.2106553962967765e-05,1.2106553962967765e-05,0.0,0.0,0.0,0.0,0.10722575494222329,0.0
1731753600.0,1.2106553962967765e-05,1.2106553962967765e-05,1.2106553962967765e-05,1.2106553962967765e-05,0.0,0.0,0.0,0.0,0.10722575494222329,0.0
1731753660.0,1.2106553962967765e-05,1.2106553962967765e-05,1.2106553962967765e-05,1.2106553962967765e-05,0.0,0.0,0.0,0.0,0.10722575494222329,0.0
1731753720.0,1.2106553962967765e-05,1.2106553962967765e-05,1.2106553962967765e-05,1.2106553962967765e-05,0.0,0.0,0.0,0.0,0.10722575494222329,0.0
1731753780.0,1.2106553962967765e-05,1.2106553962967765e-05,1.2106553962967765e-05,1.2106553962967765e-05,0.0,0.0,0.0,0.0,0.10722575494222329,0.0
1731753840.0,1.2106553962967765e-05,1.2106553962967765e-05,1.2106553962967765e-05,1.2106553962967765e-05,0.0,0.0,0.0,0.0,0.10722575494222329,0.0
1731753900.0,1.2106553962967765e-05,1.2106553962967765e-05,1.2106553962967765e-05,1.2106553962967765e-05,0.0,0.0,0.0,0.0,0.10722575494222329,0.0
1731753960.0,1.2106553962967765e-05,1.2106553962967765e-05,1.2106553962967765e-05,1.2106553962967765e-05,0.0,0.0,0.0,0.0,0.10722575494222329,0.0
1731754020.0,1.2106553962967765e-05,1.2106553962967765e-05,1.2106553962967765e-05,1.2106553962967765e-05,0.0,0.0,0.0,0.0,0.10722575494222329,0.0
1731754080.0,1.2106553962967765e-05,1.2106553962967765e-05,1.2106553962967765e-05,1.2106553962967765e-05,0.0,0.0,0.0,0.0,0.10722575494222329,0.0
1731754140.0,1.2106553962967765e-05,1.2106553962967765e-05,1.2106553962967765e-05,1.2106553962967765e-05,0.0,0.0,0.0,0.0,0.10722575494222329,0.0
1731754200.0,1.2106553962967765e-05,1.2106553962967765e-05,1.2106553962967765e-05,1.2106553962967765e-05,0.0,0.0,0.0,0.0,0.10722575494222329,0.0
1731754260.0,1.2106553962967765e-05,1.2106553962967765e-05,1.2106553962967765e-05,1.2106553962967765e-05,0.0,0.0,0.0,0.0,0.10722575494222329,0.0
1731754320.0,1.2106553962967765e-05,1.2106553962967765e-05,1.2106553962967765e-05,1.2106553962967765e-05,0.0,0.0,0.0,0.0,0.10722575494222329,0.0
1731754380.0,1.2106553962967765e-05,1.2106553962967765e-05,1.2106553962967765e-05,1.2106553962967765e-05,0.0,0.0,0.0,0.0,0.10722575494222329,0.0
1731754440.0,1.2106553962967765e-05,1.2106553962967765e-05,1.2106553962967765e-05,1.2106553962967765e-05,0.0,0.0,0.0,0.0,0.10722575494222329,0.0
1731754500.0,1.2106553962967765e-05,1.2106553962967765e-05,1.2106553962967765e-05,1.2106553962967765e-05,0.0,0.0,0.0,0.0,0.10722575494222329,0.0
1731754560.0,1.2106553962967765e-05,1.2106553962967765e-05,1.2106553962967765e-05,1.2106553962967765e-05,0.0,0.0,0.0,0.0,0.10722575494222329,0.0
1731754620.0,1.2106553962967765e-05,1.2106553962967765e-05,1.2106553962967765e-05,1.2106553962967765e-05,0.0,0.0,0.0,0.0,0.10722575494222329,0.0
1731754680.0,1.2106553962967765e-05,1.2106553962967765e-05,1.2106553962967765e-05,1.2106553962967765e-05,0.0,0.0,0.0,0.0,0.10722575494222329,0.0
1731754740.0,1.2106553962967765e-05,1.2106553962967765e-05,1.2106553962967765e-05,1.2106553962967765e-05,0.0,0.0,0.0,0.0,0.10722575494222329,0.0
1731754800.0,1.2106553962967765e-05,1.2106553962967765e-05,1.2106553962967765e-05,1.2106553962967765e-05,0.0,0.0,0.0,0.0,0.10722575494222329,0.0
1731754860.0,1.2106553962967765e-05,1.2106553962967765e-05,1.2106553962967765e-05,1.2106553962967765e-05,0.0,0.0,0.0,0.0,0.10722575494222329,0.0
1731754920.0,1.2106553962967765e-05,1.2106553962967765e-05,1.2106553962967765e-05,1.2106553962967765e-05,0.0,0.0,0.0,0.0,0.10722575494222329,0.0
1731754980.0,1.2106553962967765e-05,1.2106553962967765e-05,1.2106553962967765e-05,1.2106553962967765e-05,0.0,0.0,0.0,0.0,0.10722575494222329,0.0
1731755040.0,1.2106553962967765e-05,1.2106553962967765e-05,1.2106553962967765e-05,1.2106553962967765e-05,0.0,0.0,0.0,0.0,0.10722575494222329,0.0
1731755100.0,1.2106553962967765e-05,1.2106553962967765e-05,1.2106553962967765e-05,1.2106553962967765e-05,0.0,0.0,0.0,0.0,0.10722575494222329,0.0
1731755160.0,1.2106553962967765e-05,1.2106553962967765e-05,1.2106553962967765e-05,1.2106553962967765e-05,0.0,0.0,0.0,0.0,0.10722575494222329,0.0
1731755220.0,1.2106553962967765e-05,1.2106553962967765e-05,1.2106553962967765e-05,1.2106553962967765e-05,0.0,0.0,0.0,0.0,0.10722575494222329,0.0
1731755280.0,1.2106553962967765e-05,1.2106553962967765e-05,1.2106553962967765e-05,1.2106553962967765e-05,0.0,0.0,0.0,0.0,0.10722575494222329,0.0
1731755340.0,1.2106553962967765e-05,1.2106553962967765e-05,1.2106553962967765e-05,1.2106553962967765e-05,0.0,0.0,0.0,0.0,0.10722575494222329,0.0
1731755400.0,1.2106553962967765e-05,1.2106553962967765e-05,1.2106553962967765e-05,1.2106553962967765e-05,0.0,0.0,0.0,0.0,0.10722575494222329,0.0
1731755460.0,1.2106553962967765e-05,1.2106553962967765e-05,1.2106553962967765e-05,1.2106553962967765e-05,0.0,0.0,0.0,0.0,0.10722575494222329,0.0
1731755520.0,1.2106553962967765e-05,1.2106553962967765e-05,1.2106553962967765e-05,1.2106553962967765e-05,0.0,0.0,0.0,0.0,0.10722575494222329,0.0
1731755580.0,1.2106553962967765e-05,1.2106553962967765e-05,1.2106553962967765e-05,1.2106553962967765e-05,0.0,0.0,0.0,0.0,0.10722575494222329,0.0
1731755640.0,1.2106553962967765e-05,1.2106553962967765e-05,1.2106553962967765e-05,1.2106553962967765e-05,0.0,0.0,0.0,0.0,0.10722575494222329,0.0
1731755700.0,1.2106553962967765e-05,1.2106553962967765e-05,1.2106553962967765e-05,1.2106553962967765e-05,0.0,0.0,0.0,0.0,0.10722575494222329,0.0
1731755760.0,1.2106553962967765e-05,1.2106553962967765e-05,1.2106553962967765e-05,1.2106553962967765e-05,0.0,0.0,0.0,0.0,0.10722575494222329,0.0
1731755820.0,1.2106553962967765e-05,1.2106553962967765e-05,1.2106553962967765e-05,1.2106553962967765e-05,0.0,0.0,0.0,0.0,0.10722575494222329,0.0
1731755880.0,1.2106553962967765e-05,1.2106553962967765e-05,1.2106553962967765e-05,1.2106553962967765e-05,0.0,0.0,0.0,0.0,0.10722575494222329,0.0
1731755940.0,1.2106553962967765e-05,1.2106553962967765e-05,1.2106553962967765e-05,1.2106553962967765e-05,0.0,0.0,0.0,0.0,0.10722575494222329,0.0
1731756000.0,1.2106553962967765e-05,1.2106553962967765e-05,1.2106553962967765e-05,1.2106553962967765e-05,0.0,0.0,0.0,0.0,0.10722575494222329,0.0
1731756060.0,1.2106553962967765e-05,1.2106553962967765e-05,1.2106553962967765e-05,1.2106553962967765e-05,0.0,0.0,0.0,0.0,0.10722575494222329,0.0
1731756120.0,1.2106553962967765e-05,1.2106553962967765e-05,1.2106553962967765e-05,1.2106553962967765e-05,0.0,0.0,0.0,0.0,0.10722575494222329,0.0
1731756180.0,1.2106553962967765e-05,1.2106553962967765e-05,1.2106553962967765e-05,1.2106553962967765e-05,0.0,0.0,0.0,0.0,0.10722575494222329,0.0
1731756240.0,1.2106553962967765e-05,1.2106553962967765e-05,1.2106553962967765e-05,1.2106553962967765e-05,0.0,0.0,0.0,0.0,0.10722575494222329,0.0
1731756300.0,1.2106553962967765e-05,1.2106553962967765e-05,1.2106553962967765e-05,1.2106553962967765e-05,0.0,0.0,0.0,0.0,0.10722575494222329,0.0
1731756360.0,1.2106553962967765e-05,1.2106553962967765e-05,1.2106553962967765e-05,1.2106553962967765e-05,0.0,0.0,0.0,0.0,0.10722575494222329,0.0
1731756420.0,1.2106553962967765e-05,1.2106553962967765e-05,1.2106553962967765e-05,1.2106553962967765e-05,0.0,0.0,0.0,0.0,0.10722575494222329,0.0
1731756480.0,1.2106553962967765e-05,1.2106553962967765e-05,1.2106553962967765e-05,1.2106553962967765e-05,0.0,0.0,0.0,0.0,0.10722575494222329,0.0
1731756540.0,1.2106553962967765e-05,1.2106553962967765e-05,1.2106553962967765e-05,1.2106553962967765e-05,0.0,0.0,0.0,0.0,0.10722575494222329,0.0
1731756600.0,1.2106553962967765e-05,1.2106553962967765e-05,1.2106553962967765e-05,1.2106553962967765e-05,0.0,0.0,0.0,0.0,0.10722575494222329,0.0
1731756660.0,1.2106553962967765e-05,1.2106553962967765e-05,1.2106553962967765e-05,1.2106553962967765e-05,0.0,0.0,0.0,0.0,0.10722575494222329,0.0
1731756720.0,1.2106553962967765e-05,1.2106553962967765e-05,1.2106553962967765e-05,1.2106553962967765e-05,0.0,0.0,0.0,0.0,0.10722575494222329,0.0
1731756780.0,1.2106553962967765e-05,1.2106553962967765e-05,1.2106553962967765e-05,1.2106553962967765e-05,0.0,0.0,0.0,0.0,0.10722575494222329,0.0
1731756840.0,1.2106553962967765e-05,1.2106553962967765e-05,1.2106553962967765e-05,1.2106553962967765e-05,0.0,0.0,0.0,0.0,0.10722575494222329,0.0
1731756900.0,1.2106553962967765e-05,1.2106553962967765e-05,1.2106553962967765e-05,1.2106553962967765e-05,0.0,0.0,0.0,0.0,0.10722575494222329,0.0
1731756960.0,1.2106553962967765e-05,1.2106553962967765e-05,1.2106553962967765e-05,1.2106553962967765e-05,0.0,0.0,0.0,0.0,0.10722575494222329,0.0
1731757020.0,1.2106553962967765e-05,1.2106553962967765e-05,1.2106553962967765e-05,1.2106553962967765e-05,0.0,0.0,0.0,0.0,0.10722575494222329,0.0
1731757080.0,1.2106553962967765e-05,1.2106553962967765e-05,1.2106553962967765e-05,1.2106553962967765e-05,0.0,0.0,0.0,0.0,0.10722575494222329,0.0
1731757140.0,1.2106553962967765e-05,1.2106553962967765e-05,1.2106553962967765e-05,1.2106553962967765e-05,0.0,0.0,0.0,0.0,0.10722575494222329,0.0
1731757200.0,1.2106553962967765e-05,1.2106553962967765e-05,1.2106553962967765e-05,1.2106553962967765e-05,0.0,0.0,0.0,0.0,0.10722575494222329,0.0
1731757260.0,1.2106553962967765e-05,1.2106553962967765e-05,1.2106553962967765e-05,1.2106553962967765e-05,0.0,0.0,0.0,0.0,0.10722575494222329,0.0
1731757320.0,1.2106553962967765e-05,1.2106553962967765e-05,1.2106553962967765e-05,1.2106553962967765e-05,0.0,0.0,0.0,0.0,0.10722575494222329,0.0
1731757380.0,1.2106553962967765e-05,1.2106553962967765e-05,1.2106553962967765e-05,1.2106553962967765e-05,0.0,0.0,0.0,0.0,0.10722575494222329,0.0
1731757440.0,1.2106553962967765e-05,1.2106553962967765e-05,1.2106553962967765e-05,1.2106553962967765e-05,0.0,0.0,0.0,0.0,0.10722575494222329,0.0
1731757500.0,1.2106553962967765e-05,1.2106553962967765e-05,1.2106553962967765e-05,1.2106553962967765e-05,0.0,0.0,0.0,0.0,0.10722575494222329,0.0
1731757560.0,1.2106553962967765e-05,1.2106553962967765e-05,1.2106553962967765e-05,1.2106553962967765e-05,0.0,0.0,0.0,0.0,0.10722575494222329,0.0
1731757620.0,1.2106553962967765e-05,1.2106553962967765e-05,1.2106553962967765e-05,1.2106553962967765e-05,0.0,0.0,0.0,0.0,0.10722575494222329,0.0
1731757680.0,1.2106553962967765e-05,1.2106553962967765e-05,1.2106553962967765e-05,1.2106553962967765e-05,0.0,0.0,0.0,0.0,0.10722575494222329,0.0
1731757740.0,1.2106553962967765e-05,1.2106553962967765e-05,1.2106553962967765e-05,1.2106553962967765e-05,0.0,0.0,0.0,0.0,0.10722575494222329,0.0
1731757800.0,1.2106553962967765e-05,1.2106553962967765e-05,1.2106553962967765e-05,1.2106553962967765e-05,0.0,0.0,0.0,0.0,0.10722575494222329,0.0
1731757860.0,1.2106553962967765e-05,1.2106553962967765e-05,1.2106553962967765e-05,1.2106553962967765e-05,0.0,0.0,0.0,0.0,0.10722575494222329,0.0
1731757920.0,1.2106553962967765e-05,1.2106553962967765e-05,1.2106553962967765e-05,1.2106553962967765e-05,0.0,0.0,0.0,0.0,0.10722575494222329,0.0
1731757980.0,1.2106553962967765e-05,1.2106553962967765e-05,1.2106553962967765e-05,1.2106553962967765e-05,0.0,0.0,0.0,0.0,0.10722575494222329,0.0
1731758040.0,1.2106553962967765e-05,1.2106553962967765e-05,1.2106553962967765e-05,1.2106553962967765e-05,0.0,0.0,0.0,0.0,0.10722575494222329,0.0
1731758100.0,1.2106553962967765e-05,1.2106553962967765e-05,1.2106553962967765e-05,1.2106553962967765e-05,0.0,0.0,0.0,0.0,0.10722575494222329,0.0
1731758160.0,1.2106553962967765e-05,1.2106553962967765e-05,1.2106553962967765e-05,1.2106553962967765e-05,0.0,0.0,0.0,0.0,0.10722575494222329,0.0
1731758220.0,1.2106553962967765e-05,1.2106553962967765e-05,1.2106553962967765e-05,1.2106553962967765e-05,0.0,0.0,0.0,0.0,0.10722575494222329,0.0
1731758280.0,1.2106553962967765e-05,1.2106553962967765e-05,1.2106553962967765e-05,1.2106553962967765e-05,0.0,0.0,0.0,0.0,0.10722575494222329,0.0
1731758340.0,1.2106553962967765e-05,1.2106553962967765e-05,1.2106553962967765e-05,1.2106553962967765e-05,0.0,0.0,0.0,0.0,0.10722575494222329,0.0
1731758400.0,1.2106553962967765e-05,1.2106553962967765e-05,1.2106553962967765e-05,1.2106553962967765e-05,0.0,0.0,0.0,0.0,0.10722575494222329,0.0
1731758460.0,1.2106553962967765e-05,1.2106553962967765e-05,1.2106553962967765e-05,1.2106553962967765e-05,0.0,0.0,0.0,0.0,0.10722575494222329,0.0
1731758520.0,1.2106553962967765e-05,1.2106553962967765e-05,1.2106553962967765e-05,1.2106553962967765e-05,0.0,0.0,0.0,0.0,0.10722575494222329,0.0
1731758580.0,1.2106553962967765e-05,1.2106553962967765e-05,1.2106553962967765e-05,1.2106553962967765e-05,0.0,0.0,0.0,0.0,0.10722575494222329,0.0
1731758640.0,1.2106553962967765e-05,1.2106553962967765e-05,1.2106553962967765e-05,1.2106553962967765e-05,0.0,0.0,0.0,0.0,0.10722575494222329,0.0
1731758700.0,1.2106553962967765e-05,1.2106553962967765e-05,1.2106553962967765e-05,1.2106553962967765e-05,0.0,0.0,0.0,0.0,0.10722575494222329,0.0
1731758760.0,1.2106553962967765e-05,1.2106553962967765e-05,1.2106553962967765e-05,1.2106553962967765e-05,0.0,0.0,0.0,0.0,0.10722575494222329,0.0
1731758820.0,1.2106553962967765e-05,1.2106553962967765e-05,1.2106553962967765e-05,1.2106553962967765e-05,0.0,0.0,0.0,0.0,0.10722575494222329,0.0
1731758880.0,1.2106553962967765e-05,1.2106553962967765e-05,1.2106553962967765e-05,1.2106553962967765e-05,0.0,0.0,0.0,0.0,0.10722575494222329,0.0
1731758940.0,1.2106553962967765e-05,1.2106553962967765e-05,1.2106553962967765e-05,1.2106553962967765e-05,0.0,0.0,0.0,0.0,0.10722575494222329,0.0
1731759000.0,1.2106553962967765e-05,1.2106553962967765e-05,1.2106553962967765e-05,1.2106553962967765e-05,0.0,0.0,0.0,0.0,0.10722575494222329,0.0
1731759060.0,1.2106553962967765e-05,1.2106553962967765e-05,1.2106553962967765e-05,1.2106553962967765e-05,0.0,0.0,0.0,0.0,0.10722575494222329,0.0
1731759120.0,1.2106553962967765e-05,1.2106553962967765e-05,1.2106553962967765e-05,1.2106553962967765e-05,0.0,0.0,0.0,0.0,0.10722575494222329,0.0
1731759180.0,1.2106553962967765e-05,1.2106553962967765e-05,1.2106553962967765e-05,1.2106553962967765e-05,0.0,0.0,0.0,0.0,0.10722575494222329,0.0
1731759240.0,1.2106553962967765e-05,1.2106553962967765e-05,1.2106553962967765e-05,1.2106553962967765e-05,0.0,0.0,0.0,0.0,0.10722575494222329,0.0
1731759300.0,1.2106553962967765e-05,1.2106553962967765e-05,1.2106553962967765e-05,1.2106553962967765e-05,0.0,0.0,0.0,0.0,0.10722575494222329,0.0
1731759360.0,1.2106553962967765e-05,1.2106553962967765e-05,1.2106553962967765e-05,1.2106553962967765e-05,0.0,0.0,0.0,0.0,0.10722575494222329,0.0
1731759420.0,1.2106553962967765e-05,1.2106553962967765e-05,1.2106553962967765e-05,1.2106553962967765e-05,0.0,0.0,0.0,0.0,0.10722575494222329,0.0
1731759480.0,1.2106553962967765e-05,1.2106553962967765e-05,1.2106553962967765e-05,1.2106553962967765e-05,0.0,0.0,0.0,0.0,0.10722575494222329,0.0
1731759540.0,1.2106553962967765e-05,1.2106553962967765e-05,1.2106553962967765e-05,1.2106553962967765e-05,0.0,0.0,0.0,0.0,0.10722575494222329,0.0
1731759600.0,1.2106553962967765e-05,1.2106553962967765e-05,1.2106553962967765e-05,1.2106553962967765e-05,0.0,0.0,0.0,0.0,0.10722575494222329,0.0
1731759660.0,1.2106553962967765e-05,1.2106553962967765e-05,1.2106553962967765e-05,1.2106553962967765e-05,0.0,0.0,0.0,0.0,0.10722575494222329,0.0
1731759720.0,1.2106553962967765e-05,1.2106553962967765e-05,1.2106553962967765e-05,1.2106553962967765e-05,0.0,0.0,0.0,0.0,0.10722575494222329,0.0
1731759780.0,1.2106553962967765e-05,1.2106553962967765e-05,1.2106553962967765e-05,1.2106553962967765e-05,0.0,0.0,0.0,0.0,0.10722575494222329,0.0
1731759840.0,1.2106553962967765e-05,1.2106553962967765e-05,1.2106553962967765e-05,1.2106553962967765e-05,0.0,0.0,0.0,0.0,0.10722575494222329,0.0
1731759900.0,1.2106553962967765e-05,1.2106553962967765e-05,1.2106553962967765e-05,1.2106553962967765e-05,0.0,0.0,0.0,0.0,0.10722575494222329,0.0
1731759960.0,1.2106553962967765e-05,1.2106553962967765e-05,1.2106553962967765e-05,1.2106553962967765e-05,0.0,0.0,0.0,0.0,0.10722575494222329,0.0
1731760020.0,1.2106553962967765e-05,1.2106553962967765e-05,1.2106553962967765e-05,1.2106553962967765e-05,0.0,0.0,0.0,0.0,0.10722575494222329,0.0
1731760080.0,1.2106553962967765e-05,1.2106553962967765e-05,1.2106553962967765e-05,1.2106553962967765e-05,0.0,0.0,0.0,0.0,0.10722575494222329,0.0
1731760140.0,1.2106553962967765e-05,1.2106553962967765e-05,1.2106553962967765e-05,1.2106553962967765e-05,0.0,0.0,0.0,0.0,0.10722575494222329,0.0
1731760200.0,1.2106553962967765e-05,1.2106553962967765e-05,1.2106553962967765e-05,1.2106553962967765e-05,0.0,0.0,0.0,0.0,0.10722575494222329,0.0
1731760260.0,1.2106553962967765e-05,1.2106553962967765e-05,1.2106553962967765e-05,1.2106553962967765e-05,0.0,0.0,0.0,0.0,0.10722575494222329,0.0
1731760320.0,1.2106553962967765e-05,1.2106553962967765e-05,1.2106553962967765e-05,1.2106553962967765e-05,0.0,0.0,0.0,0.0,0.10722575494222329,0.0
