0,1,2,3,4,5
1731054060.0,8.906832761879315e-05,9.316881070304244e-05,8.891835641589328e-05,9.237623177642991e-05,1631.175892810142
1731054120.0,9.237623177642991e-05,9.259085650427372e-05,4.9018494382645726e-05,5.7384096625592854e-05,14640.91452594778
1731054180.0,5.7384096625592854e-05,6.811891263421869e-05,5.64200151940939e-05,5.64200151940939e-05,4004.275900164733
1731054240.0,5.64200151940939e-05,6.312786078102519e-05,5.610082214959834e-05,6.312786078102519e-05,1174.0238173853493
1731054300.0,6.312786078102519e-05,7.386341301003804e-05,6.312786078102519e-05,6.919295245548267e-05,2224.600798734435
1731054360.0,6.919295245548267e-05,6.919295245548267e-05,5.329515754519067e-05,5.570339564550745e-05,4619.29179767185
1731054420.0,5.570339564550745e-05,0.0001595406331923,5.570339564550745e-05,6.42763692801753e-05,20570.55199703577
1731054480.0,6.42763692801753e-05,6.578414674758586e-05,5.656110006302526e-05,5.656110006302526e-05,2335.6986113152243
1731054540.0,5.656110006302526e-05,6.790553606584522e-05,5.656110006302526e-05,6.21535345848857e-05,3298.281528239481
1731054600.0,6.21535345848857e-05,6.610973357442469e-05,6.14398921296634e-05,6.14398921296634e-05,1002.4408233733694
1731054660.0,6.14398921296634e-05,6.14398921296634e-05,5.7059170106113186e-05,5.715237646989335e-05,578.3212430697668
1731054720.0,5.715237646989335e-05,5.75741266212432e-05,4.121834538480647e-05,4.135947753060196e-05,3643.108048666657
1731054780.0,4.135947753060196e-05,4.1444230939227646e-05,2.854757024093467e-05,2.854757024093467e-05,2161.6362928106214
1731054840.0,2.854757024093467e-05,3.619013329282854e-05,2.5731032668130643e-05,3.404778755382511e-05,4061.817338191605
1731054900.0,3.404778755382511e-05,4.128111130615246e-05,3.404778755382511e-05,3.749684690412078e-05,3174.2125021980614
1731054960.0,3.749684690412078e-05,5.20626053026486e-05,3.749684690412078e-05,4.167573282572588e-05,4052.194433395658
1731055020.0,4.167573282572588e-05,4.586056384505815e-05,4.164120619472321e-05,4.5242243478863385e-05,844.2383537117526
1731055080.0,4.5242243478863385e-05,4.5242243478863385e-05,3.7355045711411514e-05,3.902739647787878e-05,1539.9583468655287
1731055140.0,3.902739647787878e-05,3.902739647787878e-05,2.740445033734651e-05,2.740445033734651e-05,4012.340298828277
1731055200.0,2.740445033734651e-05,3.2725085310613814e-05,2.740445033734651e-05,3.2725085310613814e-05,881.3752702276148
1731055260.0,3.2725085310613814e-05,3.2725085310613814e-05,3.080575216846031e-05,3.080575216846031e-05,402.374435721408
1731055320.0,3.080575216846031e-05,3.452499963391654e-05,2.7902904765186835e-05,3.332969726951587e-05,3197.9043206075044
1731055380.0,3.332969726951587e-05,3.76113444382459e-05,3.332969726951587e-05,3.395301721866294e-05,1236.8416706281075
1731055440.0,3.395301721866294e-05,5.696609915491521e-05,3.395301721866294e-05,5.188625541297588e-05,7313.653864314878
1731055500.0,5.188625541297588e-05,5.796609314584845e-05,4.779185191921714e-05,5.067458012925006e-05,2538.759432986871
1731055560.0,5.067458012925006e-05,5.187659559434571e-05,5.06309441191686e-05,5.187659559434571e-05,577.0090142033879
1731055620.0,5.187659559434571e-05,5.2794975887694795e-05,4.651823376462631e-05,4.70228735055608e-05,1338.9140151857127
1731055680.0,4.70228735055608e-05,5.548732767187184e-05,4.70228735055608e-05,5.434913374620025e-05,1763.2196500445973
1731055740.0,5.434913374620025e-05,5.799068450006369e-05,5.306230642684353e-05,5.768037322302674e-05,1542.9010125468235
1731055800.0,5.768037322302674e-05,5.975305499253584e-05,4.936789650173821e-05,5.041628644683061e-05,2156.967547504385
1731055860.0,5.041628644683061e-05,5.580363586780817e-05,4.989004654595078e-05,5.522477858191388e-05,1343.822755414879
1731055920.0,5.522477858191388e-05,5.844616197989054e-05,5.522477858191388e-05,5.844616197989054e-05,487.0827191203095
1731055980.0,5.844616197989054e-05,5.881609462646051e-05,5.7090665846019e-05,5.7090665846019e-05,680.9333687434655
1731056040.0,5.7090665846019e-05,5.7090665846019e-05,5.385870025434912e-05,5.385870025434912e-05,515.94283878253
1731056100.0,5.385870025434912e-05,5.385870025434912e-05,3.157160584585855e-05,3.157160584585855e-05,3577.2822027399743
1731056160.0,3.157160584585855e-05,3.298876276992418e-05,3.0997190974478034e-05,3.297352706880122e-05,646.0930721559372
1731056220.0,3.297352706880122e-05,3.297352706880122e-05,2.1996518724322096e-05,2.1996518724322096e-05,2459.605378929878
1731056280.0,2.1996518724322096e-05,2.1996518724322096e-05,1.4993687021437958e-05,1.4993687021437958e-05,1636.873202582105
1731056340.0,1.4993687021437958e-05,1.7534802051790473e-05,1.347378642242968e-05,1.5145590262461636e-05,2310.8024237708746
1731056400.0,1.5145590262461636e-05,1.5145590262461636e-05,1.2202313873634572e-05,1.2229374303982595e-05,752.7408953400011
1731056460.0,1.2229374303982595e-05,1.2286037389821424e-05,1.198929454124364e-05,1.2045679784810962e-05,103.73085648909652
1731056520.0,1.2045679784810962e-05,1.2045679784810962e-05,1.090806904954338e-05,1.090806904954338e-05,444.34263847758194
1731056580.0,1.090806904954338e-05,1.090806904954338e-05,1.0090009851379256e-05,1.0090009851379256e-05,85.33247709275464
1731056640.0,1.0090009851379256e-05,1.202248830369956e-05,1.0090009851379256e-05,1.1606634758692337e-05,543.7368035617703
1731056700.0,1.1606634758692337e-05,1.2247717083978785e-05,9.757017387420766e-06,9.757017387420766e-06,818.1297301355347
1731056760.0,9.757017387420766e-06,9.959123596774622e-06,9.0312006096359e-06,9.0312006096359e-06,535.7825704609106
1731056820.0,9.0312006096359e-06,9.108772752817911e-06,8.98568471719277e-06,8.98568471719277e-06,68.97375641938892
1731056880.0,8.98568471719277e-06,8.98568471719277e-06,8.130640584796328e-06,8.130640584796328e-06,300.38032557246765
1731056940.0,8.130640584796328e-06,8.130640584796328e-06,8.130640584796328e-06,8.130640584796328e-06,0.0
1731057000.0,8.130640584796328e-06,8.130640584796328e-06,7.958650796571676e-06,8.023441254132968e-06,35.64083338532067
1731057060.0,8.023441254132968e-06,8.023441254132968e-06,7.581113075336017e-06,7.761464704935544e-06,283.41621617161695
1731057120.0,7.761464704935544e-06,7.868625043741201e-06,7.761464704935544e-06,7.829639602931381e-06,15.926392325325166
1731057180.0,7.829639602931381e-06,8.971707857494448e-06,7.829639602931381e-06,8.250904594863072e-06,705.823917643795
1731057240.0,8.250904594863072e-06,8.250904594863072e-06,7.60141976900848e-06,7.60141976900848e-06,173.27322437490932
1731057300.0,7.60141976900848e-06,7.60141976900848e-06,7.168728172189777e-06,7.168728172189777e-06,157.975789524961
1731057360.0,7.168728172189777e-06,1.0018070267301126e-05,7.168728172189777e-06,7.400776740249774e-06,4326.548397189879
1731057420.0,7.400776740249774e-06,7.400776740249774e-06,7.400776740249774e-06,7.400776740249774e-06,0.0
1731057480.0,7.400776740249774e-06,7.400776740249774e-06,7.061197218360737e-06,7.061197218360737e-06,36.33411036933301
1731057540.0,7.061197218360737e-06,7.061197218360737e-06,6.928382081927299e-06,6.928382081927299e-06,55.35208625214203
1731057600.0,6.928382081927299e-06,6.928382081927299e-06,6.928382081927299e-06,6.928382081927299e-06,0.0
1731057660.0,6.928382081927299e-06,6.928382081927299e-06,6.565903749460659e-06,6.565903749460659e-06,120.52313382063208
1731057720.0,6.565903749460659e-06,6.565903749460659e-06,6.503022160405348e-06,6.503022160405348e-06,3.6367100606179825
1731057780.0,6.503022160405348e-06,6.503022160405348e-06,6.503022160405348e-06,6.503022160405348e-06,0.0
1731057840.0,6.503022160405348e-06,6.503022160405348e-06,6.503022160405348e-06,6.503022160405348e-06,0.0
1731057900.0,6.503022160405348e-06,6.503022160405348e-06,6.497196531843699e-06,6.497196531843699e-06,0.3102044293926621
1731057960.0,6.497196531843699e-06,6.497196531843699e-06,6.396674537720341e-06,6.396674537720341e-06,36.436048965317056
1731058020.0,6.396674537720341e-06,6.396674537720341e-06,6.396674537720341e-06,6.396674537720341e-06,0.0
1731058080.0,6.396674537720341e-06,6.54783621297045e-06,6.396674537720341e-06,6.54783621297045e-06,86.53274624710139
1731058140.0,6.54783621297045e-06,6.54783621297045e-06,6.54783621297045e-06,6.54783621297045e-06,0.0
1731058200.0,6.54783621297045e-06,6.731086401614405e-06,6.54783621297045e-06,6.731086401614405e-06,43.05973143773848
1731058260.0,6.731086401614405e-06,6.731086401614405e-06,6.731086401614405e-06,6.731086401614405e-06,0.0
1731058320.0,6.731086401614405e-06,6.731086401614405e-06,5.996639341495459e-06,5.996639341495459e-06,282.1607379397912
1731058380.0,5.996639341495459e-06,5.996639341495459e-06,5.996639341495459e-06,5.996639341495459e-06,0.0
1731058440.0,5.996639341495459e-06,5.996639341495459e-06,5.676410995717266e-06,5.706839193155653e-06,117.02647459832085
1731058500.0,5.706839193155653e-06,5.706839193155653e-06,5.706839193155653e-06,5.706839193155653e-06,0.0
1731058560.0,5.706839193155653e-06,5.706839193155653e-06,5.706839193155653e-06,5.706839193155653e-06,0.0
1731058620.0,5.706839193155653e-06,5.712043551131073e-06,5.706839193155653e-06,5.712043551131073e-06,1.9901330675112656
1731058680.0,5.712043551131073e-06,5.712043551131073e-06,5.712043551131073e-06,5.712043551131073e-06,0.0
1731058740.0,5.712043551131073e-06,5.712043551131073e-06,5.639770674520474e-06,5.639770674520474e-06,35.55924111376561
1731058800.0,5.639770674520474e-06,5.639770674520474e-06,5.555957536450229e-06,5.555957536450229e-06,29.19318494917305
1731058860.0,5.555957536450229e-06,5.555957536450229e-06,5.555957536450229e-06,5.555957536450229e-06,0.0
1731058920.0,5.555957536450229e-06,5.6777975334632105e-06,5.555957536450229e-06,5.6777975334632105e-06,102.33990213784628
1731058980.0,5.6777975334632105e-06,5.780028070562251e-06,5.6777975334632105e-06,5.780028070562251e-06,2.98586967907073
1731059040.0,5.780028070562251e-06,5.780028070562251e-06,5.780028070562251e-06,5.780028070562251e-06,0.0
1731059100.0,5.780028070562251e-06,5.780028070562251e-06,5.773488980650551e-06,5.773488980650551e-06,1.9851627101751568
1731059160.0,5.773488980650551e-06,5.773488980650551e-06,5.773488980650551e-06,5.773488980650551e-06,0.0
1731059220.0,5.773488980650551e-06,5.773488980650551e-06,5.773488980650551e-06,5.773488980650551e-06,0.0
1731059280.0,5.773488980650551e-06,5.773488980650551e-06,5.773488980650551e-06,5.773488980650551e-06,0.0
1731059340.0,5.773488980650551e-06,5.773488980650551e-06,5.773488980650551e-06,5.773488980650551e-06,0.0
1731059400.0,5.773488980650551e-06,5.773488980650551e-06,5.681212634240672e-06,5.681212634240672e-06,36.6790179431037
1731059460.0,5.681212634240672e-06,5.681212634240672e-06,5.681212634240672e-06,5.681212634240672e-06,0.0
1731059520.0,5.681212634240672e-06,5.681212634240672e-06,5.681212634240672e-06,5.681212634240672e-06,0.0
1731059580.0,5.681212634240672e-06,5.681212634240672e-06,5.681212634240672e-06,5.681212634240672e-06,0.0
1731059640.0,5.681212634240672e-06,5.681212634240672e-06,5.681212634240672e-06,5.681212634240672e-06,0.0
1731059700.0,5.681212634240672e-06,5.752783726849972e-06,5.681212634240672e-06,5.7150309931177295e-06,29.00748585945323
1731059760.0,5.7150309931177295e-06,5.7150309931177295e-06,5.7150309931177295e-06,5.7150309931177295e-06,0.0
1731059820.0,5.7150309931177295e-06,5.7150309931177295e-06,5.7150309931177295e-06,5.7150309931177295e-06,0.0
1731059880.0,5.7150309931177295e-06,5.7150309931177295e-06,5.7150309931177295e-06,5.7150309931177295e-06,0.0
1731059940.0,5.7150309931177295e-06,5.7150309931177295e-06,5.7150309931177295e-06,5.7150309931177295e-06,0.0
1731060000.0,5.7150309931177295e-06,5.7150309931177295e-06,5.7150309931177295e-06,5.7150309931177295e-06,0.0
1731060060.0,5.7150309931177295e-06,5.7150309931177295e-06,5.7150309931177295e-06,5.7150309931177295e-06,0.0
1731060120.0,5.7150309931177295e-06,5.7150309931177295e-06,5.633802115312873e-06,5.633802115312873e-06,3.980266135022533
1731060180.0,5.633802115312873e-06,5.633802115312873e-06,5.633802115312873e-06,5.633802115312873e-06,0.0
1731060240.0,5.633802115312873e-06,5.633802115312873e-06,5.633802115312873e-06,5.633802115312873e-06,0.0
1731060300.0,5.633802115312873e-06,5.682327136633508e-06,5.633802115312873e-06,5.682327136633508e-06,7.815684630596061
1731060360.0,5.682327136633508e-06,5.682327136633508e-06,5.682327136633508e-06,5.682327136633508e-06,0.0
1731060420.0,5.682327136633508e-06,5.682327136633508e-06,5.682327136633508e-06,5.682327136633508e-06,0.0
1731060480.0,5.682327136633508e-06,5.682327136633508e-06,5.682327136633508e-06,5.682327136633508e-06,0.0
1731060540.0,5.682327136633508e-06,5.682327136633508e-06,5.682327136633508e-06,5.682327136633508e-06,0.0
1731060600.0,5.682327136633508e-06,5.682327136633508e-06,5.682327136633508e-06,5.682327136633508e-06,0.0
1731060660.0,5.682327136633508e-06,5.682327136633508e-06,5.682327136633508e-06,5.682327136633508e-06,0.0
1731060720.0,5.682327136633508e-06,5.682327136633508e-06,5.682327136633508e-06,5.682327136633508e-06,0.0
1731060780.0,5.682327136633508e-06,5.682327136633508e-06,5.682327136633508e-06,5.682327136633508e-06,0.0
1731060840.0,5.682327136633508e-06,5.682327136633508e-06,5.655276420598481e-06,5.655276420598481e-06,19.272498366832984
1731060900.0,5.655276420598481e-06,5.655276420598481e-06,5.655276420598481e-06,5.655276420598481e-06,0.0
1731060960.0,5.655276420598481e-06,5.655276420598481e-06,5.655276420598481e-06,5.655276420598481e-06,0.0
1731061020.0,5.655276420598481e-06,5.655276420598481e-06,5.655276420598481e-06,5.655276420598481e-06,0.0
1731061080.0,5.655276420598481e-06,5.655276420598481e-06,5.655276420598481e-06,5.655276420598481e-06,0.0
1731061140.0,5.655276420598481e-06,5.655276420598481e-06,5.655276420598481e-06,5.655276420598481e-06,0.0
1731061200.0,5.655276420598481e-06,5.655276420598481e-06,5.655276420598481e-06,5.655276420598481e-06,0.0
1731061260.0,5.655276420598481e-06,5.655276420598481e-06,5.600478433851681e-06,5.600478433851681e-06,3.729966142197066
1731061320.0,5.600478433851681e-06,5.600478433851681e-06,5.600478433851681e-06,5.600478433851681e-06,0.0
1731061380.0,5.600478433851681e-06,5.600478433851681e-06,5.600478433851681e-06,5.600478433851681e-06,0.0
1731061440.0,5.600478433851681e-06,5.600478433851681e-06,5.600478433851681e-06,5.600478433851681e-06,0.0
1731061500.0,5.600478433851681e-06,5.600478433851681e-06,5.596966813387322e-06,5.596966813387322e-06,0.4165901534550049
1731061560.0,5.596966813387322e-06,5.596966813387322e-06,5.596966813387322e-06,5.596966813387322e-06,0.0
1731061620.0,5.596966813387322e-06,5.596966813387322e-06,5.596966813387322e-06,5.596966813387322e-06,0.0
1731061680.0,5.596966813387322e-06,5.596966813387322e-06,5.596966813387322e-06,5.596966813387322e-06,0.0
1731061740.0,5.596966813387322e-06,5.631700158261773e-06,5.596966813387322e-06,5.631700158261773e-06,2.0151954108331944
1731061800.0,5.631700158261773e-06,5.631700158261773e-06,5.631700158261773e-06,5.631700158261773e-06,0.0
1731061860.0,5.631700158261773e-06,5.636528308928411e-06,5.631700158261773e-06,5.636528308928411e-06,2.0150617456857263
1731061920.0,5.636528308928411e-06,5.636528308928411e-06,5.636528308928411e-06,5.636528308928411e-06,0.0
1731061980.0,5.636528308928411e-06,5.636528308928411e-06,5.636528308928411e-06,5.636528308928411e-06,0.0
1731062040.0,5.636528308928411e-06,5.636528308928411e-06,5.600054454293041e-06,5.600054454293041e-06,8.487351611617644
1731062100.0,5.600054454293041e-06,5.600054454293041e-06,5.600054454293041e-06,5.600054454293041e-06,0.0
1731062160.0,5.600054454293041e-06,5.600054454293041e-06,5.600054454293041e-06,5.600054454293041e-06,0.0
1731062220.0,5.600054454293041e-06,5.600054454293041e-06,5.600054454293041e-06,5.600054454293041e-06,0.0
1731062280.0,5.600054454293041e-06,5.600054454293041e-06,5.600054454293041e-06,5.600054454293041e-06,0.0
1731062340.0,5.600054454293041e-06,5.600054454293041e-06,5.600054454293041e-06,5.600054454293041e-06,0.0
1731062400.0,5.600054454293041e-06,5.600054454293041e-06,5.600054454293041e-06,5.600054454293041e-06,0.0
1731062460.0,5.600054454293041e-06,5.600054454293041e-06,5.600054454293041e-06,5.600054454293041e-06,0.0
1731062520.0,5.600054454293041e-06,5.600054454293041e-06,5.600054454293041e-06,5.600054454293041e-06,0.0
1731062580.0,5.600054454293041e-06,5.600054454293041e-06,5.600054454293041e-06,5.600054454293041e-06,0.0
1731062640.0,5.600054454293041e-06,5.600054454293041e-06,5.600054454293041e-06,5.600054454293041e-06,0.0
1731062700.0,5.600054454293041e-06,5.652364337001615e-06,5.600054454293041e-06,5.623098569031607e-06,4.862426796795306
1731062760.0,5.623098569031607e-06,5.623098569031607e-06,5.623098569031607e-06,5.623098569031607e-06,0.0
1731062820.0,5.623098569031607e-06,5.623098569031607e-06,5.623098569031607e-06,5.623098569031607e-06,0.0
1731062880.0,5.623098569031607e-06,5.623098569031607e-06,5.623098569031607e-06,5.623098569031607e-06,0.0
1731062940.0,5.623098569031607e-06,5.623098569031607e-06,5.623098569031607e-06,5.623098569031607e-06,0.0
1731063000.0,5.623098569031607e-06,5.623098569031607e-06,5.623098569031607e-06,5.623098569031607e-06,0.0
1731063060.0,5.623098569031607e-06,5.623098569031607e-06,5.623098569031607e-06,5.623098569031607e-06,0.0
1731063120.0,5.623098569031607e-06,5.623098569031607e-06,5.623098569031607e-06,5.623098569031607e-06,0.0
1731063180.0,5.623098569031607e-06,5.623098569031607e-06,5.623098569031607e-06,5.623098569031607e-06,0.0
1731063240.0,5.623098569031607e-06,5.623098569031607e-06,5.623098569031607e-06,5.623098569031607e-06,0.0
1731063300.0,5.623098569031607e-06,5.689566244378324e-06,5.623098569031607e-06,5.689566244378324e-06,6.114060754096586
1731063360.0,5.689566244378324e-06,5.689566244378324e-06,5.689566244378324e-06,5.689566244378324e-06,0.0
1731063420.0,5.689566244378324e-06,5.823708485727388e-06,5.689566244378324e-06,5.823708485727388e-06,99.83572601770793
1731063480.0,5.823708485727388e-06,5.823708485727388e-06,5.823708485727388e-06,5.823708485727388e-06,0.0
1731063540.0,5.823708485727388e-06,5.823708485727388e-06,5.823708485727388e-06,5.823708485727388e-06,0.0
1731063600.0,5.823708485727388e-06,5.823708485727388e-06,5.823708485727388e-06,5.823708485727388e-06,0.0
1731063660.0,5.823708485727388e-06,5.823708485727388e-06,5.823708485727388e-06,5.823708485727388e-06,0.0
1731063720.0,5.823708485727388e-06,5.823708485727388e-06,5.823708485727388e-06,5.823708485727388e-06,0.0
1731063780.0,5.823708485727388e-06,5.823708485727388e-06,5.823708485727388e-06,5.823708485727388e-06,0.0
1731063840.0,5.823708485727388e-06,5.823708485727388e-06,5.823708485727388e-06,5.823708485727388e-06,0.0
1731063900.0,5.823708485727388e-06,5.823708485727388e-06,5.823708485727388e-06,5.823708485727388e-06,0.0
1731063960.0,5.823708485727388e-06,5.823708485727388e-06,5.823708485727388e-06,5.823708485727388e-06,0.0
1731064020.0,5.823708485727388e-06,5.823708485727388e-06,5.823708485727388e-06,5.823708485727388e-06,0.0
1731064080.0,5.823708485727388e-06,5.823708485727388e-06,5.823708485727388e-06,5.823708485727388e-06,0.0
1731064140.0,5.823708485727388e-06,5.823708485727388e-06,5.823708485727388e-06,5.823708485727388e-06,0.0
1731064200.0,5.823708485727388e-06,5.823708485727388e-06,5.823708485727388e-06,5.823708485727388e-06,0.0
1731064260.0,5.823708485727388e-06,5.823708485727388e-06,5.823708485727388e-06,5.823708485727388e-06,0.0
1731064320.0,5.823708485727388e-06,5.823708485727388e-06,5.823708485727388e-06,5.823708485727388e-06,0.0
1731064380.0,5.823708485727388e-06,5.952689827138054e-06,5.823708485727388e-06,5.952689827138054e-06,4.191556778330125
1731064440.0,5.952689827138054e-06,5.952689827138054e-06,5.952689827138054e-06,5.952689827138054e-06,0.0
1731064500.0,5.952689827138054e-06,5.952689827138054e-06,5.952689827138054e-06,5.952689827138054e-06,0.0
1731064560.0,5.952689827138054e-06,5.952689827138054e-06,5.952689827138054e-06,5.952689827138054e-06,0.0
1731064620.0,5.952689827138054e-06,5.952689827138054e-06,5.952689827138054e-06,5.952689827138054e-06,0.0
1731064680.0,5.952689827138054e-06,5.952689827138054e-06,5.952689827138054e-06,5.952689827138054e-06,0.0
1731064740.0,5.952689827138054e-06,5.952689827138054e-06,5.952689827138054e-06,5.952689827138054e-06,0.0
1731064800.0,5.952689827138054e-06,5.952689827138054e-06,5.952689827138054e-06,5.952689827138054e-06,0.0
1731064860.0,5.952689827138054e-06,5.952689827138054e-06,5.952689827138054e-06,5.952689827138054e-06,0.0
1731064920.0,5.952689827138054e-06,5.952689827138054e-06,5.952689827138054e-06,5.952689827138054e-06,0.0
1731064980.0,5.952689827138054e-06,5.952689827138054e-06,5.952689827138054e-06,5.952689827138054e-06,0.0
1731065040.0,5.952689827138054e-06,5.952689827138054e-06,5.952689827138054e-06,5.952689827138054e-06,0.0
1731065100.0,5.952689827138054e-06,5.952689827138054e-06,5.933913261245685e-06,5.933913261245685e-06,4.251092219275699
1731065160.0,5.933913261245685e-06,5.933913261245685e-06,5.933913261245685e-06,5.933913261245685e-06,0.0
1731065220.0,5.933913261245685e-06,5.933913261245685e-06,5.933913261245685e-06,5.933913261245685e-06,0.0
1731065280.0,5.933913261245685e-06,5.933913261245685e-06,5.933913261245685e-06,5.933913261245685e-06,0.0
1731065340.0,5.933913261245685e-06,5.933913261245685e-06,5.933913261245685e-06,5.933913261245685e-06,0.0
1731065400.0,5.933913261245685e-06,5.933913261245685e-06,5.933913261245685e-06,5.933913261245685e-06,0.0
1731065460.0,5.933913261245685e-06,5.933913261245685e-06,5.933913261245685e-06,5.933913261245685e-06,0.0
1731065520.0,5.933913261245685e-06,5.933913261245685e-06,5.933913261245685e-06,5.933913261245685e-06,0.0
1731065580.0,5.933913261245685e-06,5.972460797304986e-06,5.933913261245685e-06,5.972460797304986e-06,20.422891117505696
1731065640.0,5.972460797304986e-06,5.972460797304986e-06,5.972460797304986e-06,5.972460797304986e-06,0.0
1731065700.0,5.972460797304986e-06,5.972460797304986e-06,5.972460797304986e-06,5.972460797304986e-06,0.0
1731065760.0,5.972460797304986e-06,5.972460797304986e-06,5.972460797304986e-06,5.972460797304986e-06,0.0
1731065820.0,5.972460797304986e-06,5.972460797304986e-06,5.972460797304986e-06,5.972460797304986e-06,0.0
1731065880.0,5.972460797304986e-06,5.972460797304986e-06,5.972460797304986e-06,5.972460797304986e-06,0.0
1731065940.0,5.972460797304986e-06,5.972460797304986e-06,5.972460797304986e-06,5.972460797304986e-06,0.0
1731066000.0,5.972460797304986e-06,5.972460797304986e-06,5.972460797304986e-06,5.972460797304986e-06,0.0
1731066060.0,5.972460797304986e-06,5.972460797304986e-06,5.972460797304986e-06,5.972460797304986e-06,0.0
1731066120.0,5.972460797304986e-06,5.972460797304986e-06,5.972460797304986e-06,5.972460797304986e-06,0.0
1731066180.0,5.972460797304986e-06,5.972460797304986e-06,5.972460797304986e-06,5.972460797304986e-06,0.0
1731066240.0,5.972460797304986e-06,5.972460797304986e-06,5.972460797304986e-06,5.972460797304986e-06,0.0
1731066300.0,5.972460797304986e-06,6.017008361221125e-06,5.972460797304986e-06,6.017008361221125e-06,20.18772860297536
1731066360.0,6.017008361221125e-06,6.017008361221125e-06,6.017008361221125e-06,6.017008361221125e-06,0.0
1731066420.0,6.017008361221125e-06,6.017008361221125e-06,6.017008361221125e-06,6.017008361221125e-06,0.0
1731066480.0,6.017008361221125e-06,6.017008361221125e-06,6.017008361221125e-06,6.017008361221125e-06,0.0
1731066540.0,6.017008361221125e-06,6.017008361221125e-06,6.017008361221125e-06,6.017008361221125e-06,0.0
1731066600.0,6.017008361221125e-06,6.017008361221125e-06,6.017008361221125e-06,6.017008361221125e-06,0.0
1731066660.0,6.017008361221125e-06,6.017008361221125e-06,6.017008361221125e-06,6.017008361221125e-06,0.0
1731066720.0,6.017008361221125e-06,6.017008361221125e-06,6.017008361221125e-06,6.017008361221125e-06,0.0
1731066780.0,6.017008361221125e-06,6.017008361221125e-06,6.017008361221125e-06,6.017008361221125e-06,0.0
1731066840.0,6.017008361221125e-06,6.017008361221125e-06,6.017008361221125e-06,6.017008361221125e-06,0.0
1731066900.0,6.017008361221125e-06,6.017008361221125e-06,6.017008361221125e-06,6.017008361221125e-06,0.0
1731066960.0,6.017008361221125e-06,6.017008361221125e-06,6.017008361221125e-06,6.017008361221125e-06,0.0
1731067020.0,6.017008361221125e-06,6.017008361221125e-06,6.017008361221125e-06,6.017008361221125e-06,0.0
1731067080.0,6.017008361221125e-06,6.017008361221125e-06,5.992765009485783e-06,5.992765009485783e-06,5.211531803319872
1731067140.0,5.992765009485783e-06,5.992765009485783e-06,5.992765009485783e-06,5.992765009485783e-06,0.0
1731067200.0,5.992765009485783e-06,5.992765009485783e-06,5.971821551932489e-06,5.971821551932489e-06,3.082895641978662
1731067260.0,5.971821551932489e-06,5.971821551932489e-06,5.971821551932489e-06,5.971821551932489e-06,0.0
1731067320.0,5.971821551932489e-06,5.971821551932489e-06,5.971821551932489e-06,5.971821551932489e-06,0.0
1731067380.0,5.971821551932489e-06,5.971821551932489e-06,5.971821551932489e-06,5.971821551932489e-06,0.0
1731067440.0,5.971821551932489e-06,5.971821551932489e-06,5.971821551932489e-06,5.971821551932489e-06,0.0
1731067500.0,5.971821551932489e-06,5.971821551932489e-06,5.971821551932489e-06,5.971821551932489e-06,0.0
1731067560.0,5.971821551932489e-06,6.067588387935792e-06,5.971821551932489e-06,6.067588387935792e-06,40.72849432639975
1731067620.0,6.067588387935792e-06,6.067588387935792e-06,6.067588387935792e-06,6.067588387935792e-06,0.0
1731067680.0,6.067588387935792e-06,6.067588387935792e-06,6.067588387935792e-06,6.067588387935792e-06,0.0
1731067740.0,6.067588387935792e-06,6.067588387935792e-06,6.067588387935792e-06,6.067588387935792e-06,0.0
1731067800.0,6.067588387935792e-06,6.067588387935792e-06,6.067588387935792e-06,6.067588387935792e-06,0.0
1731067860.0,6.067588387935792e-06,6.067588387935792e-06,6.067588387935792e-06,6.067588387935792e-06,0.0
1731067920.0,6.067588387935792e-06,6.067588387935792e-06,6.067588387935792e-06,6.067588387935792e-06,0.0
1731067980.0,6.067588387935792e-06,6.067588387935792e-06,6.067588387935792e-06,6.067588387935792e-06,0.0
1731068040.0,6.067588387935792e-06,7.337206232466379e-06,6.067588387935792e-06,7.084284729212691e-06,878.3794071829592
1731068100.0,7.084284729212691e-06,7.084284729212691e-06,7.084284729212691e-06,7.084284729212691e-06,0.0
1731068160.0,7.084284729212691e-06,8.85198741623354e-06,7.084284729212691e-06,8.463281077275318e-06,549.6666180594698
1731068220.0,8.463281077275318e-06,1.3407870699974116e-05,8.463281077275318e-06,1.3388863193767593e-05,1284.6913155108746
1731068280.0,1.3388863193767593e-05,1.515722345213578e-05,1.3388863193767593e-05,1.515722345213578e-05,468.24151222078
1731068340.0,1.515722345213578e-05,2.299474035237388e-05,1.515722345213578e-05,1.844206771013276e-05,4346.818775990957
1731068400.0,1.844206771013276e-05,2.017447138206267e-05,1.7815683193678616e-05,1.860327802933932e-05,1086.6356717750637
1731068460.0,1.860327802933932e-05,2.06565140232812e-05,1.8510515872108656e-05,1.9999560771992392e-05,943.5582444452008
1731068520.0,1.9999560771992392e-05,1.9999560771992392e-05,1.9868028531451277e-05,1.9868028531451277e-05,15.094496527714435
1731068580.0,1.9868028531451277e-05,2.34816064908682e-05,1.9868028531451277e-05,2.34816064908682e-05,818.4143987904281
1731068640.0,2.34816064908682e-05,2.404751765121264e-05,2.34816064908682e-05,2.404751765121264e-05,9.990359794252177
1731068700.0,2.404751765121264e-05,2.6782862745764324e-05,2.404751765121264e-05,2.6782862745764324e-05,548.6583901075604
1731068760.0,2.6782862745764324e-05,2.838479293502304e-05,2.6782862745764324e-05,2.838479293502304e-05,769.3142698727036
1731068820.0,2.838479293502304e-05,2.9467810777890142e-05,2.838479293502304e-05,2.8995207974905018e-05,615.017406272881
1731068880.0,2.8995207974905018e-05,2.9017081732828015e-05,2.8842578523708573e-05,2.8842578523708573e-05,186.77877504166776
1731068940.0,2.8842578523708573e-05,2.8842578523708573e-05,2.869018094465312e-05,2.869018094465312e-05,39.96848405207179
1731069000.0,2.869018094465312e-05,2.869018094465312e-05,2.175763293453655e-05,2.175763293453655e-05,1568.3895514303151
1731069060.0,2.175763293453655e-05,2.175763293453655e-05,1.6260822598742114e-05,1.6260822598742114e-05,876.8462218401147
1731069120.0,1.6260822598742114e-05,1.6260822598742114e-05,1.38340710060284e-05,1.4120949577043407e-05,920.8869635087932
1731069180.0,1.4120949577043407e-05,1.4120949577043407e-05,1.375387175936752e-05,1.375387175936752e-05,138.44220646440587
1731069240.0,1.375387175936752e-05,1.375387175936752e-05,1.1446880799953535e-05,1.1446880799953535e-05,554.9950195767307
1731069300.0,1.1446880799953535e-05,1.1611729096901608e-05,1.1446880799953535e-05,1.1611729096901608e-05,101.76387866079656
1731069360.0,1.1611729096901608e-05,1.1611729096901608e-05,9.85639402291475e-06,9.85639402291475e-06,670.6309720839582
1731069420.0,9.85639402291475e-06,9.85639402291475e-06,7.576406764789712e-06,7.576406764789712e-06,589.5249886925188
1731069480.0,7.576406764789712e-06,7.576406764789712e-06,7.515917121423874e-06,7.515917121423874e-06,28.890052235246557
1731069540.0,7.515917121423874e-06,7.515917121423874e-06,7.122397085117515e-06,7.122397085117515e-06,175.82917878397765
1731069600.0,7.122397085117515e-06,7.122397085117515e-06,6.583210793251411e-06,6.583210793251411e-06,195.15643459767327
1731069660.0,6.583210793251411e-06,6.583210793251411e-06,6.583210793251411e-06,6.583210793251411e-06,0.0
1731069720.0,6.583210793251411e-06,6.583210793251411e-06,6.583210793251411e-06,6.583210793251411e-06,0.0
1731069780.0,6.583210793251411e-06,6.583210793251411e-06,6.3946124409692056e-06,6.3946124409692056e-06,9.02273544611208
1731069840.0,6.3946124409692056e-06,6.3946124409692056e-06,6.3946124409692056e-06,6.3946124409692056e-06,0.0
1731069900.0,6.3946124409692056e-06,6.3946124409692056e-06,6.3946124409692056e-06,6.3946124409692056e-06,0.0
1731069960.0,6.3946124409692056e-06,6.3946124409692056e-06,6.3946124409692056e-06,6.3946124409692056e-06,0.0
1731070020.0,6.3946124409692056e-06,6.3946124409692056e-06,6.295164965993761e-06,6.295164965993761e-06,64.43200823794712
1731070080.0,6.295164965993761e-06,6.295164965993761e-06,6.295164965993761e-06,6.295164965993761e-06,0.0
1731070140.0,6.295164965993761e-06,6.295164965993761e-06,6.160454021216563e-06,6.160454021216563e-06,35.344985221491584
1731070200.0,6.160454021216563e-06,6.160454021216563e-06,6.160454021216563e-06,6.160454021216563e-06,0.0
1731070260.0,6.160454021216563e-06,6.160454021216563e-06,6.160454021216563e-06,6.160454021216563e-06,0.0
1731070320.0,6.160454021216563e-06,6.160454021216563e-06,6.160454021216563e-06,6.160454021216563e-06,0.0
1731070380.0,6.160454021216563e-06,6.160454021216563e-06,6.160454021216563e-06,6.160454021216563e-06,0.0
1731070440.0,6.160454021216563e-06,6.194488013376667e-06,6.160454021216563e-06,6.194488013376667e-06,40.6547784814673
1731070500.0,6.194488013376667e-06,6.194488013376667e-06,6.194488013376667e-06,6.194488013376667e-06,0.0
1731070560.0,6.194488013376667e-06,6.266677212868753e-06,6.194488013376667e-06,6.266677212868753e-06,20.29460858484856
1731070620.0,6.266677212868753e-06,6.3258213935029695e-06,6.266677212868753e-06,6.3258213935029695e-06,23.354426721186176
1731070680.0,6.3258213935029695e-06,6.3258213935029695e-06,6.3258213935029695e-06,6.3258213935029695e-06,0.0
1731070740.0,6.3258213935029695e-06,6.3258213935029695e-06,6.3258213935029695e-06,6.3258213935029695e-06,0.0
1731070800.0,6.3258213935029695e-06,6.3258213935029695e-06,6.3258213935029695e-06,6.3258213935029695e-06,0.0
1731070860.0,6.3258213935029695e-06,6.3258213935029695e-06,6.3258213935029695e-06,6.3258213935029695e-06,0.0
1731070920.0,6.3258213935029695e-06,6.3258213935029695e-06,6.3258213935029695e-06,6.3258213935029695e-06,0.0
1731070980.0,6.3258213935029695e-06,6.3258213935029695e-06,6.3258213935029695e-06,6.3258213935029695e-06,0.0
1731071040.0,6.3258213935029695e-06,6.3258213935029695e-06,6.3258213935029695e-06,6.3258213935029695e-06,0.0
1731071100.0,6.3258213935029695e-06,6.3258213935029695e-06,6.3258213935029695e-06,6.3258213935029695e-06,0.0
1731071160.0,6.3258213935029695e-06,6.3258213935029695e-06,6.3258213935029695e-06,6.3258213935029695e-06,0.0
1731071220.0,6.3258213935029695e-06,6.367997161280835e-06,6.3258213935029695e-06,6.367997161280835e-06,10.141772651427114
1731071280.0,6.367997161280835e-06,6.367997161280835e-06,6.367997161280835e-06,6.367997161280835e-06,0.0
1731071340.0,6.367997161280835e-06,6.367997161280835e-06,6.367997161280835e-06,6.367997161280835e-06,0.0
1731071400.0,6.367997161280835e-06,6.367997161280835e-06,6.367997161280835e-06,6.367997161280835e-06,0.0
1731071460.0,6.367997161280835e-06,6.660656710377629e-06,6.367997161280835e-06,6.660656710377629e-06,202.90556795272076
1731071520.0,6.660656710377629e-06,6.660656710377629e-06,6.660656710377629e-06,6.660656710377629e-06,0.0
1731071580.0,6.660656710377629e-06,6.660656710377629e-06,6.660656710377629e-06,6.660656710377629e-06,0.0
1731071640.0,6.660656710377629e-06,6.660656710377629e-06,6.660656710377629e-06,6.660656710377629e-06,0.0
1731071700.0,6.660656710377629e-06,6.9604869073848085e-06,6.660656710377629e-06,6.9604869073848085e-06,10.13959785516349
1731071760.0,6.9604869073848085e-06,6.9604869073848085e-06,6.9604869073848085e-06,6.9604869073848085e-06,0.0
1731071820.0,6.9604869073848085e-06,6.9604869073848085e-06,6.9604869073848085e-06,6.9604869073848085e-06,0.0
1731071880.0,6.9604869073848085e-06,6.9604869073848085e-06,6.799875781772626e-06,6.799875781772626e-06,99.85202795684168
1731071940.0,6.799875781772626e-06,6.799875781772626e-06,6.799875781772626e-06,6.799875781772626e-06,0.0
1731072000.0,6.799875781772626e-06,6.799875781772626e-06,6.799875781772626e-06,6.799875781772626e-06,0.0
1731072060.0,6.799875781772626e-06,6.799875781772626e-06,6.658577324356078e-06,6.658577324356078e-06,2.319914895109251
1731072120.0,6.658577324356078e-06,6.658577324356078e-06,6.658577324356078e-06,6.658577324356078e-06,0.0
1731072180.0,6.658577324356078e-06,6.658577324356078e-06,6.658577324356078e-06,6.658577324356078e-06,0.0
1731072240.0,6.658577324356078e-06,6.658577324356078e-06,6.658577324356078e-06,6.658577324356078e-06,0.0
1731072300.0,6.658577324356078e-06,6.658577324356078e-06,6.658577324356078e-06,6.658577324356078e-06,0.0
1731072360.0,6.658577324356078e-06,6.658577324356078e-06,6.658577324356078e-06,6.658577324356078e-06,0.0
1731072420.0,6.658577324356078e-06,6.658577324356078e-06,6.658577324356078e-06,6.658577324356078e-06,0.0
1731072480.0,6.658577324356078e-06,6.658577324356078e-06,6.658577324356078e-06,6.658577324356078e-06,0.0
1731072540.0,6.658577324356078e-06,6.658577324356078e-06,6.658577324356078e-06,6.658577324356078e-06,0.0
1731072600.0,6.658577324356078e-06,6.658577324356078e-06,6.658577324356078e-06,6.658577324356078e-06,0.0
1731072660.0,6.658577324356078e-06,6.658577324356078e-06,6.658577324356078e-06,6.658577324356078e-06,0.0
1731072720.0,6.658577324356078e-06,6.658577324356078e-06,6.658577324356078e-06,6.658577324356078e-06,0.0
1731072780.0,6.658577324356078e-06,6.658577324356078e-06,6.658577324356078e-06,6.658577324356078e-06,0.0
1731072840.0,6.658577324356078e-06,6.658577324356078e-06,6.658577324356078e-06,6.658577324356078e-06,0.0
1731072900.0,6.658577324356078e-06,6.658577324356078e-06,6.658577324356078e-06,6.658577324356078e-06,0.0
1731072960.0,6.658577324356078e-06,6.658577324356078e-06,6.658577324356078e-06,6.658577324356078e-06,0.0
1731073020.0,6.658577324356078e-06,6.658577324356078e-06,6.364425087760474e-06,6.364425087760474e-06,206.2636132473639
1731073080.0,6.364425087760474e-06,6.364425087760474e-06,6.364425087760474e-06,6.364425087760474e-06,0.0
1731073140.0,6.364425087760474e-06,6.364425087760474e-06,6.05093967418746e-06,6.05093967418746e-06,42.48645932483261
1731073200.0,6.05093967418746e-06,6.05093967418746e-06,5.9702471136094505e-06,5.9702471136094505e-06,18.205388701562654
1731073260.0,5.9702471136094505e-06,5.9702471136094505e-06,5.9702471136094505e-06,5.9702471136094505e-06,0.0
1731073320.0,5.9702471136094505e-06,5.9702471136094505e-06,5.9702471136094505e-06,5.9702471136094505e-06,0.0
1731073380.0,5.9702471136094505e-06,5.9702471136094505e-06,5.9702471136094505e-06,5.9702471136094505e-06,0.0
1731073440.0,5.9702471136094505e-06,5.9702471136094505e-06,5.9702471136094505e-06,5.9702471136094505e-06,0.0
1731073500.0,5.9702471136094505e-06,5.9702471136094505e-06,5.798643937816707e-06,5.798643937816707e-06,111.71197469643296
1731073560.0,5.798643937816707e-06,5.798643937816707e-06,5.798643937816707e-06,5.798643937816707e-06,0.0
1731073620.0,5.798643937816707e-06,5.798643937816707e-06,5.798643937816707e-06,5.798643937816707e-06,0.0
1731073680.0,5.798643937816707e-06,5.798643937816707e-06,5.798643937816707e-06,5.798643937816707e-06,0.0
1731073740.0,5.798643937816707e-06,5.798643937816707e-06,5.574590878073266e-06,5.574590878073266e-06,66.43253621550633
1731073800.0,5.574590878073266e-06,5.574590878073266e-06,5.574590878073266e-06,5.574590878073266e-06,0.0
1731073860.0,5.574590878073266e-06,5.574590878073266e-06,5.574590878073266e-06,5.574590878073266e-06,0.0
1731073920.0,5.574590878073266e-06,5.574590878073266e-06,5.574590878073266e-06,5.574590878073266e-06,0.0
1731073980.0,5.574590878073266e-06,5.574590878073266e-06,5.574590878073266e-06,5.574590878073266e-06,0.0
1731074040.0,5.574590878073266e-06,5.574590878073266e-06,5.574590878073266e-06,5.574590878073266e-06,0.0
1731074100.0,5.574590878073266e-06,5.574590878073266e-06,5.574590878073266e-06,5.574590878073266e-06,0.0
1731074160.0,5.574590878073266e-06,5.574590878073266e-06,5.574590878073266e-06,5.574590878073266e-06,0.0
1731074220.0,5.574590878073266e-06,5.574590878073266e-06,5.574590878073266e-06,5.574590878073266e-06,0.0
1731074280.0,5.574590878073266e-06,5.574590878073266e-06,5.574590878073266e-06,5.574590878073266e-06,0.0
1731074340.0,5.574590878073266e-06,5.574590878073266e-06,5.574590878073266e-06,5.574590878073266e-06,0.0
1731074400.0,5.574590878073266e-06,5.574590878073266e-06,5.574590878073266e-06,5.574590878073266e-06,0.0
1731074460.0,5.574590878073266e-06,5.574590878073266e-06,5.574590878073266e-06,5.574590878073266e-06,0.0
1731074520.0,5.574590878073266e-06,5.574590878073266e-06,5.574590878073266e-06,5.574590878073266e-06,0.0
1731074580.0,5.574590878073266e-06,5.574590878073266e-06,5.574590878073266e-06,5.574590878073266e-06,0.0
1731074640.0,5.574590878073266e-06,5.574590878073266e-06,5.574590878073266e-06,5.574590878073266e-06,0.0
1731074700.0,5.574590878073266e-06,5.574590878073266e-06,5.574590878073266e-06,5.574590878073266e-06,0.0
1731074760.0,5.574590878073266e-06,5.574590878073266e-06,5.574590878073266e-06,5.574590878073266e-06,0.0
1731074820.0,5.574590878073266e-06,5.574590878073266e-06,5.574590878073266e-06,5.574590878073266e-06,0.0
1731074880.0,5.574590878073266e-06,5.574590878073266e-06,5.574590878073266e-06,5.574590878073266e-06,0.0
1731074940.0,5.574590878073266e-06,5.574590878073266e-06,5.574590878073266e-06,5.574590878073266e-06,0.0
1731075000.0,5.574590878073266e-06,5.574590878073266e-06,5.574590878073266e-06,5.574590878073266e-06,0.0
1731075060.0,5.574590878073266e-06,5.574590878073266e-06,5.574590878073266e-06,5.574590878073266e-06,0.0
1731075120.0,5.574590878073266e-06,5.574590878073266e-06,5.574590878073266e-06,5.574590878073266e-06,0.0
1731075180.0,5.574590878073266e-06,5.574590878073266e-06,5.574590878073266e-06,5.574590878073266e-06,0.0
1731075240.0,5.574590878073266e-06,5.574590878073266e-06,5.574590878073266e-06,5.574590878073266e-06,0.0
1731075300.0,5.574590878073266e-06,5.574590878073266e-06,5.574590878073266e-06,5.574590878073266e-06,0.0
1731075360.0,5.574590878073266e-06,5.574590878073266e-06,5.574590878073266e-06,5.574590878073266e-06,0.0
1731075420.0,5.574590878073266e-06,5.574590878073266e-06,5.574590878073266e-06,5.574590878073266e-06,0.0
1731075480.0,5.574590878073266e-06,5.574590878073266e-06,5.574590878073266e-06,5.574590878073266e-06,0.0
1731075540.0,5.574590878073266e-06,5.574590878073266e-06,5.574590878073266e-06,5.574590878073266e-06,0.0
1731075600.0,5.574590878073266e-06,5.574590878073266e-06,5.574590878073266e-06,5.574590878073266e-06,0.0
1731075660.0,5.574590878073266e-06,5.574590878073266e-06,5.574590878073266e-06,5.574590878073266e-06,0.0
1731075720.0,5.574590878073266e-06,5.574590878073266e-06,5.574590878073266e-06,5.574590878073266e-06,0.0
1731075780.0,5.574590878073266e-06,5.574590878073266e-06,5.574590878073266e-06,5.574590878073266e-06,0.0
1731075840.0,5.574590878073266e-06,5.574590878073266e-06,5.574590878073266e-06,5.574590878073266e-06,0.0
1731075900.0,5.574590878073266e-06,5.574590878073266e-06,5.574590878073266e-06,5.574590878073266e-06,0.0
1731075960.0,5.574590878073266e-06,5.574590878073266e-06,5.574590878073266e-06,5.574590878073266e-06,0.0
1731076020.0,5.574590878073266e-06,5.574590878073266e-06,5.574590878073266e-06,5.574590878073266e-06,0.0
1731076080.0,5.574590878073266e-06,5.574590878073266e-06,5.574590878073266e-06,5.574590878073266e-06,0.0
1731076140.0,5.574590878073266e-06,5.574590878073266e-06,5.574590878073266e-06,5.574590878073266e-06,0.0
1731076200.0,5.574590878073266e-06,5.574590878073266e-06,5.574590878073266e-06,5.574590878073266e-06,0.0
1731076260.0,5.574590878073266e-06,5.574590878073266e-06,5.574590878073266e-06,5.574590878073266e-06,0.0
1731076320.0,5.574590878073266e-06,5.574590878073266e-06,5.574590878073266e-06,5.574590878073266e-06,0.0
1731076380.0,5.574590878073266e-06,5.574590878073266e-06,5.574590878073266e-06,5.574590878073266e-06,0.0
1731076440.0,5.574590878073266e-06,5.574590878073266e-06,5.574590878073266e-06,5.574590878073266e-06,0.0
1731076500.0,5.574590878073266e-06,5.574590878073266e-06,5.574590878073266e-06,5.574590878073266e-06,0.0
1731076560.0,5.574590878073266e-06,5.574590878073266e-06,5.574590878073266e-06,5.574590878073266e-06,0.0
1731076620.0,5.574590878073266e-06,5.574590878073266e-06,5.574590878073266e-06,5.574590878073266e-06,0.0
1731076680.0,5.574590878073266e-06,5.574590878073266e-06,5.574590878073266e-06,5.574590878073266e-06,0.0
1731076740.0,5.574590878073266e-06,5.574590878073266e-06,5.065140691060468e-06,5.065140691060468e-06,166.34768591127172
1731076800.0,5.065140691060468e-06,5.065140691060468e-06,4.9931121970450695e-06,4.9931121970450695e-06,57.03787462345829
1731076860.0,4.9931121970450695e-06,4.9931121970450695e-06,4.9931121970450695e-06,4.9931121970450695e-06,0.0
1731076920.0,4.9931121970450695e-06,4.9931121970450695e-06,4.9931121970450695e-06,4.9931121970450695e-06,0.0
1731076980.0,4.9931121970450695e-06,4.9931121970450695e-06,4.9931121970450695e-06,4.9931121970450695e-06,0.0
1731077040.0,4.9931121970450695e-06,4.9931121970450695e-06,4.9931121970450695e-06,4.9931121970450695e-06,0.0
1731077100.0,4.9931121970450695e-06,4.9931121970450695e-06,4.9931121970450695e-06,4.9931121970450695e-06,0.0
1731077160.0,4.9931121970450695e-06,4.9931121970450695e-06,4.9931121970450695e-06,4.9931121970450695e-06,0.0
1731077220.0,4.9931121970450695e-06,4.9931121970450695e-06,4.9931121970450695e-06,4.9931121970450695e-06,0.0
1731077280.0,4.9931121970450695e-06,4.9931121970450695e-06,4.9931121970450695e-06,4.9931121970450695e-06,0.0
1731077340.0,4.9931121970450695e-06,4.9931121970450695e-06,4.9931121970450695e-06,4.9931121970450695e-06,0.0
1731077400.0,4.9931121970450695e-06,4.9931121970450695e-06,4.9931121970450695e-06,4.9931121970450695e-06,0.0
1731077460.0,4.9931121970450695e-06,4.9931121970450695e-06,4.9931121970450695e-06,4.9931121970450695e-06,0.0
1731077520.0,4.9931121970450695e-06,4.9931121970450695e-06,4.9931121970450695e-06,4.9931121970450695e-06,0.0
1731077580.0,4.9931121970450695e-06,4.9931121970450695e-06,4.9931121970450695e-06,4.9931121970450695e-06,0.0
1731077640.0,4.9931121970450695e-06,4.9931121970450695e-06,4.9931121970450695e-06,4.9931121970450695e-06,0.0
1731077700.0,4.9931121970450695e-06,4.9931121970450695e-06,4.9931121970450695e-06,4.9931121970450695e-06,0.0
1731077760.0,4.9931121970450695e-06,4.9931121970450695e-06,4.9931121970450695e-06,4.9931121970450695e-06,0.0
1731077820.0,4.9931121970450695e-06,4.9931121970450695e-06,4.9931121970450695e-06,4.9931121970450695e-06,0.0
1731077880.0,4.9931121970450695e-06,4.9931121970450695e-06,4.9931121970450695e-06,4.9931121970450695e-06,0.0
1731077940.0,4.9931121970450695e-06,4.9931121970450695e-06,4.9931121970450695e-06,4.9931121970450695e-06,0.0
1731078000.0,4.9931121970450695e-06,4.9931121970450695e-06,4.9931121970450695e-06,4.9931121970450695e-06,0.0
1731078060.0,4.9931121970450695e-06,4.9931121970450695e-06,4.854773396706012e-06,4.854773396706012e-06,0.5559867898923995
1731078120.0,4.854773396706012e-06,4.854773396706012e-06,4.854773396706012e-06,4.854773396706012e-06,0.0
1731078180.0,4.854773396706012e-06,4.854773396706012e-06,4.854773396706012e-06,4.854773396706012e-06,0.0
1731078240.0,4.854773396706012e-06,4.854773396706012e-06,4.854773396706012e-06,4.854773396706012e-06,0.0
1731078300.0,4.854773396706012e-06,4.854773396706012e-06,4.854773396706012e-06,4.854773396706012e-06,0.0
1731078360.0,4.854773396706012e-06,4.854773396706012e-06,4.854773396706012e-06,4.854773396706012e-06,0.0
1731078420.0,4.854773396706012e-06,4.854773396706012e-06,4.854773396706012e-06,4.854773396706012e-06,0.0
1731078480.0,4.854773396706012e-06,4.854773396706012e-06,4.854773396706012e-06,4.854773396706012e-06,0.0
1731078540.0,4.854773396706012e-06,4.854773396706012e-06,4.854773396706012e-06,4.854773396706012e-06,0.0
1731078600.0,4.854773396706012e-06,4.854773396706012e-06,4.854773396706012e-06,4.854773396706012e-06,0.0
1731078660.0,4.854773396706012e-06,4.854773396706012e-06,4.854773396706012e-06,4.854773396706012e-06,0.0
1731078720.0,4.854773396706012e-06,4.854773396706012e-06,4.854773396706012e-06,4.854773396706012e-06,0.0
1731078780.0,4.854773396706012e-06,4.854773396706012e-06,4.854773396706012e-06,4.854773396706012e-06,0.0
1731078840.0,4.854773396706012e-06,4.854773396706012e-06,4.854773396706012e-06,4.854773396706012e-06,0.0
1731078900.0,4.854773396706012e-06,4.854773396706012e-06,4.854773396706012e-06,4.854773396706012e-06,0.0
1731078960.0,4.854773396706012e-06,4.854773396706012e-06,4.830417094597841e-06,4.830417094597841e-06,0.2172873694687419
1731079020.0,4.830417094597841e-06,4.830417094597841e-06,4.830417094597841e-06,4.830417094597841e-06,0.0
1731079080.0,4.830417094597841e-06,4.830417094597841e-06,4.830417094597841e-06,4.830417094597841e-06,0.0
1731079140.0,4.830417094597841e-06,4.830417094597841e-06,4.830417094597841e-06,4.830417094597841e-06,0.0
1731079200.0,4.830417094597841e-06,4.830417094597841e-06,4.830417094597841e-06,4.830417094597841e-06,0.0
1731079260.0,4.830417094597841e-06,4.830417094597841e-06,4.830417094597841e-06,4.830417094597841e-06,0.0
1731079320.0,4.830417094597841e-06,4.830417094597841e-06,4.830417094597841e-06,4.830417094597841e-06,0.0
1731079380.0,4.830417094597841e-06,4.830417094597841e-06,4.830417094597841e-06,4.830417094597841e-06,0.0
1731079440.0,4.830417094597841e-06,4.830417094597841e-06,4.830417094597841e-06,4.830417094597841e-06,0.0
1731079500.0,4.830417094597841e-06,4.830417094597841e-06,4.830417094597841e-06,4.830417094597841e-06,0.0
1731079560.0,4.830417094597841e-06,4.830417094597841e-06,4.830417094597841e-06,4.830417094597841e-06,0.0
1731079620.0,4.830417094597841e-06,4.830417094597841e-06,4.830417094597841e-06,4.830417094597841e-06,0.0
1731079680.0,4.830417094597841e-06,4.830417094597841e-06,4.830417094597841e-06,4.830417094597841e-06,0.0
1731079740.0,4.830417094597841e-06,4.830417094597841e-06,4.830417094597841e-06,4.830417094597841e-06,0.0
1731079800.0,4.830417094597841e-06,4.830417094597841e-06,4.830417094597841e-06,4.830417094597841e-06,0.0
1731079860.0,4.830417094597841e-06,4.830417094597841e-06,4.830417094597841e-06,4.830417094597841e-06,0.0
1731079920.0,4.830417094597841e-06,4.830417094597841e-06,4.830417094597841e-06,4.830417094597841e-06,0.0
1731079980.0,4.830417094597841e-06,4.830417094597841e-06,4.830417094597841e-06,4.830417094597841e-06,0.0
1731080040.0,4.830417094597841e-06,4.830417094597841e-06,4.830417094597841e-06,4.830417094597841e-06,0.0
1731080100.0,4.830417094597841e-06,4.830417094597841e-06,4.830417094597841e-06,4.830417094597841e-06,0.0
1731080160.0,4.830417094597841e-06,4.830417094597841e-06,4.830417094597841e-06,4.830417094597841e-06,0.0
1731080220.0,4.830417094597841e-06,4.830417094597841e-06,4.830417094597841e-06,4.830417094597841e-06,0.0
1731080280.0,4.830417094597841e-06,4.830417094597841e-06,4.830417094597841e-06,4.830417094597841e-06,0.0
1731080340.0,4.830417094597841e-06,4.830417094597841e-06,4.830417094597841e-06,4.830417094597841e-06,0.0
1731080400.0,4.830417094597841e-06,4.830417094597841e-06,4.830417094597841e-06,4.830417094597841e-06,0.0
1731080460.0,4.830417094597841e-06,4.830417094597841e-06,4.830417094597841e-06,4.830417094597841e-06,0.0
1731080520.0,4.830417094597841e-06,4.830417094597841e-06,4.830417094597841e-06,4.830417094597841e-06,0.0
1731080580.0,4.830417094597841e-06,4.830417094597841e-06,4.830417094597841e-06,4.830417094597841e-06,0.0
1731080640.0,4.830417094597841e-06,4.830417094597841e-06,4.830417094597841e-06,4.830417094597841e-06,0.0
1731080700.0,4.830417094597841e-06,4.830417094597841e-06,4.830417094597841e-06,4.830417094597841e-06,0.0
1731080760.0,4.830417094597841e-06,4.830417094597841e-06,4.830417094597841e-06,4.830417094597841e-06,0.0
1731080820.0,4.830417094597841e-06,4.830417094597841e-06,4.830417094597841e-06,4.830417094597841e-06,0.0
1731080880.0,4.830417094597841e-06,4.830417094597841e-06,4.830417094597841e-06,4.830417094597841e-06,0.0
1731080940.0,4.830417094597841e-06,4.830417094597841e-06,4.830417094597841e-06,4.830417094597841e-06,0.0
1731081000.0,4.830417094597841e-06,4.830417094597841e-06,4.830417094597841e-06,4.830417094597841e-06,0.0
1731081060.0,4.830417094597841e-06,4.830417094597841e-06,4.830417094597841e-06,4.830417094597841e-06,0.0
1731081120.0,4.830417094597841e-06,4.830417094597841e-06,4.830417094597841e-06,4.830417094597841e-06,0.0
1731081180.0,4.830417094597841e-06,4.830417094597841e-06,4.830417094597841e-06,4.830417094597841e-06,0.0
1731081240.0,4.830417094597841e-06,4.830417094597841e-06,4.830417094597841e-06,4.830417094597841e-06,0.0
1731081300.0,4.830417094597841e-06,4.830417094597841e-06,4.830417094597841e-06,4.830417094597841e-06,0.0
1731081360.0,4.830417094597841e-06,4.830417094597841e-06,4.830417094597841e-06,4.830417094597841e-06,0.0
1731081420.0,4.830417094597841e-06,4.830417094597841e-06,4.830417094597841e-06,4.830417094597841e-06,0.0
1731081480.0,4.830417094597841e-06,4.830417094597841e-06,4.830417094597841e-06,4.830417094597841e-06,0.0
1731081540.0,4.830417094597841e-06,4.830417094597841e-06,4.830417094597841e-06,4.830417094597841e-06,0.0
1731081600.0,4.830417094597841e-06,4.830417094597841e-06,4.830417094597841e-06,4.830417094597841e-06,0.0
1731081660.0,4.830417094597841e-06,4.830417094597841e-06,4.830417094597841e-06,4.830417094597841e-06,0.0
1731081720.0,4.830417094597841e-06,4.830417094597841e-06,4.830417094597841e-06,4.830417094597841e-06,0.0
1731081780.0,4.830417094597841e-06,4.830417094597841e-06,4.830417094597841e-06,4.830417094597841e-06,0.0
1731081840.0,4.830417094597841e-06,4.830417094597841e-06,4.830417094597841e-06,4.830417094597841e-06,0.0
1731081900.0,4.830417094597841e-06,4.830417094597841e-06,4.830417094597841e-06,4.830417094597841e-06,0.0
1731081960.0,4.830417094597841e-06,4.830417094597841e-06,4.830417094597841e-06,4.830417094597841e-06,0.0
1731082020.0,4.830417094597841e-06,4.830417094597841e-06,4.830417094597841e-06,4.830417094597841e-06,0.0
1731082080.0,4.830417094597841e-06,4.830417094597841e-06,4.830417094597841e-06,4.830417094597841e-06,0.0
1731082140.0,4.830417094597841e-06,4.830417094597841e-06,4.830417094597841e-06,4.830417094597841e-06,0.0
1731082200.0,4.830417094597841e-06,4.830417094597841e-06,4.830417094597841e-06,4.830417094597841e-06,0.0
1731082260.0,4.830417094597841e-06,4.830417094597841e-06,4.830417094597841e-06,4.830417094597841e-06,0.0
1731082320.0,4.830417094597841e-06,4.8617148790003675e-06,4.830417094597841e-06,4.8617148790003675e-06,1.2465299769227676
1731082380.0,4.8617148790003675e-06,4.8617148790003675e-06,4.8617148790003675e-06,4.8617148790003675e-06,0.0
1731082440.0,4.8617148790003675e-06,4.8617148790003675e-06,4.8617148790003675e-06,4.8617148790003675e-06,0.0
1731082500.0,4.8617148790003675e-06,4.8617148790003675e-06,4.8617148790003675e-06,4.8617148790003675e-06,0.0
1731082560.0,4.8617148790003675e-06,4.8617148790003675e-06,4.8617148790003675e-06,4.8617148790003675e-06,0.0
1731082620.0,4.8617148790003675e-06,4.8617148790003675e-06,4.8617148790003675e-06,4.8617148790003675e-06,0.0
1731082680.0,4.8617148790003675e-06,4.8617148790003675e-06,4.8617148790003675e-06,4.8617148790003675e-06,0.0
1731082740.0,4.8617148790003675e-06,4.8617148790003675e-06,4.8617148790003675e-06,4.8617148790003675e-06,0.0
1731082800.0,4.8617148790003675e-06,4.8617148790003675e-06,4.8617148790003675e-06,4.8617148790003675e-06,0.0
1731082860.0,4.8617148790003675e-06,4.8617148790003675e-06,4.8617148790003675e-06,4.8617148790003675e-06,0.0
1731082920.0,4.8617148790003675e-06,4.8617148790003675e-06,4.8617148790003675e-06,4.8617148790003675e-06,0.0
1731082980.0,4.8617148790003675e-06,4.8617148790003675e-06,4.8617148790003675e-06,4.8617148790003675e-06,0.0
1731083040.0,4.8617148790003675e-06,4.8617148790003675e-06,4.8617148790003675e-06,4.8617148790003675e-06,0.0
1731083100.0,4.8617148790003675e-06,4.8617148790003675e-06,4.8617148790003675e-06,4.8617148790003675e-06,0.0
1731083160.0,4.8617148790003675e-06,4.8617148790003675e-06,4.8617148790003675e-06,4.8617148790003675e-06,0.0
1731083220.0,4.8617148790003675e-06,4.8617148790003675e-06,4.8617148790003675e-06,4.8617148790003675e-06,0.0
1731083280.0,4.8617148790003675e-06,4.8617148790003675e-06,4.844208899448883e-06,4.844208899448883e-06,18.411074151687757
1731083340.0,4.844208899448883e-06,4.844208899448883e-06,4.844208899448883e-06,4.844208899448883e-06,0.0
1731083400.0,4.844208899448883e-06,4.844208899448883e-06,4.844208899448883e-06,4.844208899448883e-06,0.0
1731083460.0,4.844208899448883e-06,4.844208899448883e-06,4.844208899448883e-06,4.844208899448883e-06,0.0
1731083520.0,4.844208899448883e-06,4.844208899448883e-06,4.844208899448883e-06,4.844208899448883e-06,0.0
1731083580.0,4.844208899448883e-06,4.844208899448883e-06,4.844208899448883e-06,4.844208899448883e-06,0.0
1731083640.0,4.844208899448883e-06,4.844208899448883e-06,4.844208899448883e-06,4.844208899448883e-06,0.0
1731083700.0,4.844208899448883e-06,4.844208899448883e-06,4.844208899448883e-06,4.844208899448883e-06,0.0
1731083760.0,4.844208899448883e-06,4.844208899448883e-06,4.844208899448883e-06,4.844208899448883e-06,0.0
1731083820.0,4.844208899448883e-06,4.844208899448883e-06,4.844208899448883e-06,4.844208899448883e-06,0.0
1731083880.0,4.844208899448883e-06,4.844208899448883e-06,4.844208899448883e-06,4.844208899448883e-06,0.0
1731083940.0,4.844208899448883e-06,4.844208899448883e-06,4.844208899448883e-06,4.844208899448883e-06,0.0
1731084000.0,4.844208899448883e-06,4.844208899448883e-06,4.844208899448883e-06,4.844208899448883e-06,0.0
1731084060.0,4.844208899448883e-06,4.844208899448883e-06,4.844208899448883e-06,4.844208899448883e-06,0.0
1731084120.0,4.844208899448883e-06,4.844208899448883e-06,4.844208899448883e-06,4.844208899448883e-06,0.0
1731084180.0,4.844208899448883e-06,4.844208899448883e-06,4.844208899448883e-06,4.844208899448883e-06,0.0
1731084240.0,4.844208899448883e-06,4.844208899448883e-06,4.844208899448883e-06,4.844208899448883e-06,0.0
1731084300.0,4.844208899448883e-06,4.844208899448883e-06,4.844208899448883e-06,4.844208899448883e-06,0.0
1731084360.0,4.844208899448883e-06,4.844208899448883e-06,4.682135410318335e-06,4.682135410318335e-06,35.135417836587614
1731084420.0,4.682135410318335e-06,4.682135410318335e-06,4.682135410318335e-06,4.682135410318335e-06,0.0
1731084480.0,4.682135410318335e-06,4.682135410318335e-06,4.682135410318335e-06,4.682135410318335e-06,0.0
1731084540.0,4.682135410318335e-06,4.682135410318335e-06,4.682135410318335e-06,4.682135410318335e-06,0.0
1731084600.0,4.682135410318335e-06,4.682135410318335e-06,4.682135410318335e-06,4.682135410318335e-06,0.0
1731084660.0,4.682135410318335e-06,4.682135410318335e-06,4.682135410318335e-06,4.682135410318335e-06,0.0
1731084720.0,4.682135410318335e-06,4.682135410318335e-06,4.682135410318335e-06,4.682135410318335e-06,0.0
1731084780.0,4.682135410318335e-06,4.682135410318335e-06,4.682135410318335e-06,4.682135410318335e-06,0.0
1731084840.0,4.682135410318335e-06,4.682135410318335e-06,4.682135410318335e-06,4.682135410318335e-06,0.0
1731084900.0,4.682135410318335e-06,4.682135410318335e-06,4.682135410318335e-06,4.682135410318335e-06,0.0
1731084960.0,4.682135410318335e-06,4.682135410318335e-06,4.682135410318335e-06,4.682135410318335e-06,0.0
1731085020.0,4.682135410318335e-06,4.682135410318335e-06,4.682135410318335e-06,4.682135410318335e-06,0.0
1731085080.0,4.682135410318335e-06,4.682135410318335e-06,4.682135410318335e-06,4.682135410318335e-06,0.0
1731085140.0,4.682135410318335e-06,4.682135410318335e-06,4.682135410318335e-06,4.682135410318335e-06,0.0
1731085200.0,4.682135410318335e-06,4.682135410318335e-06,4.682135410318335e-06,4.682135410318335e-06,0.0
1731085260.0,4.682135410318335e-06,4.682135410318335e-06,4.682135410318335e-06,4.682135410318335e-06,0.0
1731085320.0,4.682135410318335e-06,4.682135410318335e-06,4.682135410318335e-06,4.682135410318335e-06,0.0
1731085380.0,4.682135410318335e-06,4.682135410318335e-06,4.682135410318335e-06,4.682135410318335e-06,0.0
1731085440.0,4.682135410318335e-06,4.682135410318335e-06,4.682135410318335e-06,4.682135410318335e-06,0.0
1731085500.0,4.682135410318335e-06,4.682135410318335e-06,4.682135410318335e-06,4.682135410318335e-06,0.0
1731085560.0,4.682135410318335e-06,4.682135410318335e-06,4.682135410318335e-06,4.682135410318335e-06,0.0
1731085620.0,4.682135410318335e-06,4.682135410318335e-06,4.682135410318335e-06,4.682135410318335e-06,0.0
1731085680.0,4.682135410318335e-06,4.682135410318335e-06,4.682135410318335e-06,4.682135410318335e-06,0.0
1731085740.0,4.682135410318335e-06,4.682135410318335e-06,4.682135410318335e-06,4.682135410318335e-06,0.0
1731085800.0,4.682135410318335e-06,4.682135410318335e-06,4.682135410318335e-06,4.682135410318335e-06,0.0
1731085860.0,4.682135410318335e-06,4.682135410318335e-06,4.682135410318335e-06,4.682135410318335e-06,0.0
1731085920.0,4.682135410318335e-06,4.682135410318335e-06,4.682135410318335e-06,4.682135410318335e-06,0.0
1731085980.0,4.682135410318335e-06,4.682135410318335e-06,4.682135410318335e-06,4.682135410318335e-06,0.0
1731086040.0,4.682135410318335e-06,4.682135410318335e-06,4.682135410318335e-06,4.682135410318335e-06,0.0
1731086100.0,4.682135410318335e-06,4.682135410318335e-06,4.682135410318335e-06,4.682135410318335e-06,0.0
1731086160.0,4.682135410318335e-06,4.682135410318335e-06,4.64267383525973e-06,4.64267383525973e-06,7.685213316761181
1731086220.0,4.64267383525973e-06,4.64267383525973e-06,4.64267383525973e-06,4.64267383525973e-06,0.0
1731086280.0,4.64267383525973e-06,4.64267383525973e-06,4.64267383525973e-06,4.64267383525973e-06,0.0
1731086340.0,4.64267383525973e-06,4.64267383525973e-06,4.64267383525973e-06,4.64267383525973e-06,0.0
1731086400.0,4.64267383525973e-06,4.64267383525973e-06,4.64267383525973e-06,4.64267383525973e-06,0.0
1731086460.0,4.64267383525973e-06,4.64267383525973e-06,4.64267383525973e-06,4.64267383525973e-06,0.0
1731086520.0,4.64267383525973e-06,4.64267383525973e-06,4.64267383525973e-06,4.64267383525973e-06,0.0
1731086580.0,4.64267383525973e-06,4.64267383525973e-06,4.64267383525973e-06,4.64267383525973e-06,0.0
1731086640.0,4.64267383525973e-06,4.64267383525973e-06,4.64267383525973e-06,4.64267383525973e-06,0.0
1731086700.0,4.64267383525973e-06,4.64267383525973e-06,4.64267383525973e-06,4.64267383525973e-06,0.0
1731086760.0,4.64267383525973e-06,4.64267383525973e-06,4.64267383525973e-06,4.64267383525973e-06,0.0
1731086820.0,4.64267383525973e-06,4.64267383525973e-06,4.64267383525973e-06,4.64267383525973e-06,0.0
1731086880.0,4.64267383525973e-06,4.64267383525973e-06,4.64267383525973e-06,4.64267383525973e-06,0.0
1731086940.0,4.64267383525973e-06,4.64267383525973e-06,4.64267383525973e-06,4.64267383525973e-06,0.0
1731087000.0,4.64267383525973e-06,4.64267383525973e-06,4.64267383525973e-06,4.64267383525973e-06,0.0
1731087060.0,4.64267383525973e-06,4.64267383525973e-06,4.64267383525973e-06,4.64267383525973e-06,0.0
1731087120.0,4.64267383525973e-06,4.64267383525973e-06,4.64267383525973e-06,4.64267383525973e-06,0.0
1731087180.0,4.64267383525973e-06,4.64267383525973e-06,4.613657775541117e-06,4.613657775541117e-06,26.493611048265677
1731087240.0,4.613657775541117e-06,4.613657775541117e-06,4.613657775541117e-06,4.613657775541117e-06,0.0
1731087300.0,4.613657775541117e-06,4.613657775541117e-06,4.613657775541117e-06,4.613657775541117e-06,0.0
1731087360.0,4.613657775541117e-06,4.613657775541117e-06,4.613657775541117e-06,4.613657775541117e-06,0.0
1731087420.0,4.613657775541117e-06,4.613657775541117e-06,4.613657775541117e-06,4.613657775541117e-06,0.0
1731087480.0,4.613657775541117e-06,4.613657775541117e-06,4.613657775541117e-06,4.613657775541117e-06,0.0
1731087540.0,4.613657775541117e-06,4.613657775541117e-06,4.613657775541117e-06,4.613657775541117e-06,0.0
1731087600.0,4.613657775541117e-06,4.613657775541117e-06,4.613657775541117e-06,4.613657775541117e-06,0.0
1731087660.0,4.613657775541117e-06,4.613657775541117e-06,4.613657775541117e-06,4.613657775541117e-06,0.0
1731087720.0,4.613657775541117e-06,4.613657775541117e-06,4.613657775541117e-06,4.613657775541117e-06,0.0
1731087780.0,4.613657775541117e-06,4.613657775541117e-06,4.613657775541117e-06,4.613657775541117e-06,0.0
1731087840.0,4.613657775541117e-06,4.613657775541117e-06,4.613657775541117e-06,4.613657775541117e-06,0.0
1731087900.0,4.613657775541117e-06,4.613657775541117e-06,4.613657775541117e-06,4.613657775541117e-06,0.0
1731087960.0,4.613657775541117e-06,4.613657775541117e-06,4.613657775541117e-06,4.613657775541117e-06,0.0
1731088020.0,4.613657775541117e-06,4.613657775541117e-06,4.613657775541117e-06,4.613657775541117e-06,0.0
1731088080.0,4.613657775541117e-06,4.613657775541117e-06,4.613657775541117e-06,4.613657775541117e-06,0.0
1731088140.0,4.613657775541117e-06,4.613657775541117e-06,4.613657775541117e-06,4.613657775541117e-06,0.0
1731088200.0,4.613657775541117e-06,4.613657775541117e-06,4.613657775541117e-06,4.613657775541117e-06,0.0
1731088260.0,4.613657775541117e-06,4.613657775541117e-06,4.613657775541117e-06,4.613657775541117e-06,0.0
1731088320.0,4.613657775541117e-06,4.613657775541117e-06,4.613657775541117e-06,4.613657775541117e-06,0.0
1731088380.0,4.613657775541117e-06,4.613657775541117e-06,4.613657775541117e-06,4.613657775541117e-06,0.0
1731088440.0,4.613657775541117e-06,4.613657775541117e-06,4.613657775541117e-06,4.613657775541117e-06,0.0
1731088500.0,4.613657775541117e-06,4.613657775541117e-06,4.613657775541117e-06,4.613657775541117e-06,0.0
1731088560.0,4.613657775541117e-06,4.613657775541117e-06,4.613657775541117e-06,4.613657775541117e-06,0.0
1731088620.0,4.613657775541117e-06,4.613657775541117e-06,4.613657775541117e-06,4.613657775541117e-06,0.0
1731088680.0,4.613657775541117e-06,4.613657775541117e-06,4.613657775541117e-06,4.613657775541117e-06,0.0
1731088740.0,4.613657775541117e-06,4.613657775541117e-06,4.613657775541117e-06,4.613657775541117e-06,0.0
1731088800.0,4.613657775541117e-06,4.613657775541117e-06,4.613657775541117e-06,4.613657775541117e-06,0.0
1731088860.0,4.613657775541117e-06,4.613657775541117e-06,4.613657775541117e-06,4.613657775541117e-06,0.0
1731088920.0,4.613657775541117e-06,4.613657775541117e-06,4.613657775541117e-06,4.613657775541117e-06,0.0
1731088980.0,4.613657775541117e-06,4.613657775541117e-06,4.613657775541117e-06,4.613657775541117e-06,0.0
1731089040.0,4.613657775541117e-06,4.613657775541117e-06,4.613657775541117e-06,4.613657775541117e-06,0.0
1731089100.0,4.613657775541117e-06,4.613657775541117e-06,4.613657775541117e-06,4.613657775541117e-06,0.0
1731089160.0,4.613657775541117e-06,4.613657775541117e-06,4.613657775541117e-06,4.613657775541117e-06,0.0
1731089220.0,4.613657775541117e-06,4.613657775541117e-06,4.613657775541117e-06,4.613657775541117e-06,0.0
1731089280.0,4.613657775541117e-06,4.613657775541117e-06,4.613657775541117e-06,4.613657775541117e-06,0.0
1731089340.0,4.613657775541117e-06,4.613657775541117e-06,4.613657775541117e-06,4.613657775541117e-06,0.0
1731089400.0,4.613657775541117e-06,4.613657775541117e-06,4.613657775541117e-06,4.613657775541117e-06,0.0
1731089460.0,4.613657775541117e-06,4.613657775541117e-06,4.613657775541117e-06,4.613657775541117e-06,0.0
1731089520.0,4.613657775541117e-06,4.613657775541117e-06,4.613657775541117e-06,4.613657775541117e-06,0.0
1731089580.0,4.613657775541117e-06,4.613657775541117e-06,4.613657775541117e-06,4.613657775541117e-06,0.0
1731089640.0,4.613657775541117e-06,4.613657775541117e-06,4.613657775541117e-06,4.613657775541117e-06,0.0
1731089700.0,4.613657775541117e-06,4.613657775541117e-06,4.613657775541117e-06,4.613657775541117e-06,0.0
1731089760.0,4.613657775541117e-06,4.613657775541117e-06,4.613657775541117e-06,4.613657775541117e-06,0.0
1731089820.0,4.613657775541117e-06,4.613657775541117e-06,4.613657775541117e-06,4.613657775541117e-06,0.0
1731089880.0,4.613657775541117e-06,4.613657775541117e-06,4.613657775541117e-06,4.613657775541117e-06,0.0
1731089940.0,4.613657775541117e-06,4.613657775541117e-06,4.613657775541117e-06,4.613657775541117e-06,0.0
1731090000.0,4.613657775541117e-06,4.613657775541117e-06,4.613657775541117e-06,4.613657775541117e-06,0.0
