time,open,high,low,close,volume,usd_vol,price_change,vol_change,norm_open,mov_in_min
1733885760.0,8.47932709325452e-05,0.0001068706916241,8.47932709325452e-05,0.0001001009108088,6758.3167242718,0.6247867203415414,0.1805289465532276,0.0,1.0,0.2603676028622348
1733885820.0,0.0001001009108088,0.0001141799581079,8.39496927022421e-05,9.57921114395988e-05,11549.14416795768,1.1311983777218495,-0.0430445570813169,0.8105352448968135,1.1805289465532276,0.3019979055275521
1733885880.0,9.57921114395988e-05,0.0001316857008353,8.99679502156172e-05,0.0001022367292723,24631.11582939299,2.438835656567597,0.06727712476371105,1.1559752070005906,1.1297136009271702,0.43550298654798625
1733885940.0,0.0001022367292723,0.0001961006408303,9.54607175712721e-05,0.0001293440948313,32119.06061437949,3.7190792632557415,0.2651431217718393,0.5249404990617335,1.2057174838040088,0.9843812881668084
1733886000.0,0.0001293440948313,0.0001857432191265,0.0001288193534442,0.0001299358854106,36881.79317454026,4.78135530279032,0.00457531965469209,0.2856287710858428,1.5254051814346907,0.4400963627797949
1733886060.0,0.0001299358854106,0.00016191113628,0.0001299358854106,0.0001341453773927,12215.06563530987,1.6128849790989122,0.032396685248250845,-0.6626720088846652,1.532384397742678,0.24608483459636696
1733886120.0,0.0001341453773927,0.0001792541631232,0.0001322083489652,0.0001366101062795,19389.70197132197,2.6249340677525446,0.0183735655652501,0.6274775335926588,1.582028572755678,0.3507076805209403
1733886180.0,0.0001366101062795,0.0001570599669974,0.0001366101062795,0.0001506258764845,9045.11863908784,1.299041770757685,0.10259687651749712,-0.5051145144114351,1.6110960784633035,0.14969507948453112
1733886240.0,0.0001506258764845,0.0001506258764845,8.03417323743554e-05,8.03417323743554e-05,13276.07007824373,1.533171080507276,-0.4666140091631409,0.18023231817482807,1.776389503883227,0.4666140091631409
1733886300.0,8.03417323743554e-05,8.03417323743554e-05,5.76520369719427e-05,5.80522965311127e-05,13759.04183358812,0.9520846166145696,-0.27743285070558615,-0.37900953864877496,0.9475012756409517,0.2824148139685262
1733886360.0,5.80522965311127e-05,7.58547727799431e-05,5.80522965311127e-05,6.71184681082729e-05,14063.97318070212,0.8801991384481482,0.15617248789289942,-0.07550324510234427,0.684633295692703,0.3066627388167029
1733886420.0,6.71184681082729e-05,8.39661744557799e-05,4.69379202124698e-05,5.08150661017422e-05,12658.01145815165,0.7464020136653454,-0.2429048586185056,-0.15200778884957372,0.7915541807753476,0.5516850322563615
1733886480.0,5.08150661017422e-05,5.08150661017422e-05,3.98448407238987e-05,4.21199619153606e-05,4965.30062192927,0.2307251762061673,-0.17111272017185247,-0.6908835024799189,0.5992818244052247,0.21588529189116573
1733886540.0,4.21199619153606e-05,4.54089873038035e-05,3.73482312166054e-05,3.76958673824903e-05,3708.8741880314,0.14801343453955979,-0.10503557770922127,-0.3584859833098553,0.4967370812816963,0.1913761485206483
1733886600.0,3.76958673824903e-05,3.78640048275673e-05,3.40902321976596e-05,3.60870044526065e-05,2252.08496677996,0.08308264823283701,-0.04268008780801041,-0.43868170824296776,0.4445620149796809,0.10011104378143633
1733886660.0,3.60870044526065e-05,3.69611240932091e-05,3.2550252853864e-05,3.30821146829808e-05,1697.34743840122,0.05870201359062895,-0.08326791916386558,-0.293450379360585,0.4255880691442421,0.12222879970926794
1733886720.0,3.30821146829808e-05,3.30821146829808e-05,2.976825613465e-05,3.00281933333162e-05,925.39708609154,0.0292010475703104,-0.09231336566388558,-0.5025545840054116,0.3901502362056337,0.1001706988832739
1733886780.0,3.00281933333162e-05,3.388907247068e-05,2.92207494781398e-05,3.37217522716333e-05,1277.08151723723,0.04070693862847989,0.12300303575770256,0.39402322914839133,0.3541341547869317,0.15546466418146798
1733886840.0,3.37217522716333e-05,4.09496113777547e-05,3.37217522716333e-05,3.92673006064548e-05,2213.21704769024,0.08077030806227449,0.16445018307919948,0.984190184367364,0.39769373089121246,0.2143381829004619
1733886900.0,3.92673006064548e-05,4.50760257147305e-05,3.75097084368751e-05,4.37696941553782e-05,1985.98754290922,0.08245521859880925,0.11466012380243133,0.02086051888319753,0.46309453774572223,0.19268748197607566
1733886960.0,4.37696941553782e-05,6.54531445431688e-05,4.35084059338192e-05,4.6981098935052e-05,9850.01915941214,0.4469485253362922,0.07337050993030989,4.420500156708658,0.5161930147758764,0.5013683333369406
1733887020.0,4.6981098935052e-05,5.38281121846098e-05,4.6981098935052e-05,5.38281121846098e-05,1916.53615089118,0.09660224872682649,0.14573974225301337,-0.783862697266668,0.5540663594924465,0.14573974225301337
1733887080.0,5.38281121846098e-05,5.48440384001901e-05,4.90036936259132e-05,5.0781266701277e-05,1293.16111930776,0.06763839074508146,-0.05660323871071839,-0.2998259187904572,0.6348158479159411,0.1084998997224118
1733887140.0,5.0781266701277e-05,5.09640365330659e-05,4.53998204243371e-05,4.69841076268226e-05,1969.14798077919,0.0962572447241495,-0.07477480025835823,0.4231155363664406,0.598883214939008,0.10957221964273842
1733887200.0,4.69841076268226e-05,4.90649382548674e-05,4.54809085414611e-05,4.89804252402668e-05,891.29852876991,0.04276652347926423,0.042489209953719194,-0.555705925285697,0.5541018421638603,0.07628174492262202
1733887260.0,4.89804252402668e-05,4.93940895581206e-05,4.83546749071112e-05,4.92831947934844e-05,320.08533104712,0.01572637167419583,0.006181439865668807,-0.6322737881225975,0.5776451916713031,0.021221021375594257
1733887320.0,4.92831947934844e-05,5.78432379368454e-05,4.45345955235636e-05,4.46387990151275e-05,3242.77144639638,0.15228377985559213,-0.0942389347488268,8.683338471865232,0.581215870687312,0.27004423047349396
1733887380.0,4.46387990151275e-05,4.46387990151275e-05,3.58909950964563e-05,3.58909950964563e-05,1380.55876765027,0.05558805665890906,-0.19596862172986965,-0.6349706008635839,0.5264427061746279,0.19596862172986965
1733887440.0,3.58909950964563e-05,4.59319017628432e-05,2.69954598038417e-05,3.07959411066578e-05,9448.94383556842,0.31506055737467975,-0.14195911749188486,4.667774272230925,0.4232764546258433,0.5276098338346487
1733887500.0,3.07959411066578e-05,3.552642798642e-05,2.84815726314609e-05,3.5477094411651e-05,2040.59002166494,0.06761804749205355,0.15200552854613625,-0.7853807913770683,0.3631885026720647,0.22875921637075952
1733887560.0,3.5477094411651e-05,4.174748357573e-05,3.5477094411651e-05,4.1150493431343e-05,1838.41206467494,0.07043654098874946,0.15991723994817358,0.04168256258844416,0.41839516298261176,0.17674472129317745
1733887620.0,4.1150493431343e-05,4.42716411304092e-05,4.11329240850153e-05,4.16936624861312e-05,1534.17687387352,0.06354879407208053,0.013199575740068392,-0.09778655822649052,0.48530376265445724,0.07627410472320711
1733887680.0,4.16936624861312e-05,4.16936624861312e-05,3.94159855173459e-05,3.97597494173864e-05,399.57218030833,0.016273258693920507,-0.04638386156140853,-0.7439249802999806,0.49170956642655494,0.05462885323501955
1733887740.0,3.97597494173864e-05,4.15138661610144e-05,3.86695377216418e-05,3.86695377216418e-05,1019.40716016816,0.03997568843820497,-0.02741998407233077,1.456526328874708,0.4689021779690054,0.07153788645681985
1733887800.0,3.86695377216418e-05,3.86695377216418e-05,3.1557582045889e-05,3.1557582045889e-05,1125.57892500197,0.03952308298696096,-0.18391623212429878,-0.011322017679411666,0.45604488771761403,0.18391623212429878
1733887860.0,3.1557582045889e-05,3.1557582045889e-05,2.92780461976942e-05,3.00346004643192e-05,601.33898663277,0.01851889030759461,-0.04826040155279254,-0.5314411501323374,0.3721708302890416,0.07223417322911647
1733887920.0,3.00346004643192e-05,3.30314939473995e-05,2.99630557640412e-05,3.15540446388308e-05,1485.71655051735,0.04575163467684465,0.050589791474558984,1.4705386725079241,0.3542097165730562,0.10216344269348855
1733887980.0,3.15540446388308e-05,3.15540446388308e-05,2.76950839730411e-05,2.76950839730411e-05,686.3892264777,0.02033398177869026,-0.12229686273058053,-0.5555572621106479,0.3721291122727498,0.12229686273058053
1733888040.0,2.76950839730411e-05,3.75877478688201e-05,2.75422151801322e-05,2.90315927589227e-05,3267.05516888854,0.0926645912155158,0.048257979184413394,3.557129647505982,0.3266188893110765,0.3627189828514838
1733888100.0,2.90315927589227e-05,2.91489117342111e-05,2.87551429494391e-05,2.89937304144256e-05,186.74604003308,0.005417999662131253,-0.0013041773082003228,-0.9415310682207589,0.34238085687268666,0.013563457852341908
1733888160.0,2.89937304144256e-05,2.90407066812956e-05,2.70686656935966e-05,2.70686656935966e-05,365.31280377118,0.01024015555417604,-0.06639589639942294,0.8900251370905249,0.34193433152839114,0.06801611795072178
1733888220.0,2.70686656935966e-05,2.71370487733057e-05,2.61196547152834e-05,2.61196547152834e-05,228.40382316546,0.006074207864568828,-0.035059392622285725,-0.40682464905606786,0.3192312950768261,0.037585674504191646
1733888280.0,2.61196547152834e-05,2.61196547152834e-05,2.54366609087847e-05,2.56231009051243e-05,161.92277048632,0.004189165171326509,-0.019010734084036467,-0.3103355590179703,0.3080392397654069,0.026148653722403964
1733888340.0,2.56231009051243e-05,2.75140062751535e-05,2.56231009051243e-05,2.75140062751535e-05,560.9375497968,0.014903299352497488,0.07379689823767757,2.557582177591322,0.302183187690778,0.07379689823767757
1733888400.0,2.75140062751535e-05,3.22071946220451e-05,2.75140062751535e-05,3.22071946220451e-05,926.20016836202,0.027656893162883684,0.1705745175732471,0.8557564005616619,0.3244833696419314,0.1705745175732471
1733888460.0,3.22071946220451e-05,3.22071946220451e-05,2.85270150867385e-05,2.85270150867385e-05,871.50665198339,0.02646513388207955,-0.1142657588931264,-0.04309085889674361,0.3798319638791455,0.1142657588931264
1733888520.0,2.85270150867385e-05,2.85270150867385e-05,2.8263486213717e-05,2.83799215315899e-05,41.42479255397,0.0011786790221480865,-0.00515628973803784,-0.9554629488216491,0.33643017627462835,0.009237870566556635
1733888580.0,2.83799215315899e-05,2.84911760532741e-05,2.80768425517271e-05,2.80768425517271e-05,93.36575982735,0.0026355643380161675,-0.010679345237985886,1.2360322772292807,0.3346954448091372,0.014599529497845922
1733888640.0,2.80768425517271e-05,2.86516124233826e-05,2.78243200432628e-05,2.82155274261731e-05,390.07477366332,0.010979116739050646,0.0049394754481560275,3.1657555388364402,0.33112111660443916,0.02946529256612977
1733888700.0,2.82155274261731e-05,2.82155274261731e-05,2.71191762503135e-05,2.71191762503135e-05,414.41441894483,0.01146574953578777,-0.038856306291925255,0.04432349234490457,0.3327566812302728,0.038856306291925255
1733888760.0,2.71191762503135e-05,2.71191762503135e-05,2.6113589136497e-05,2.6113589136497e-05,94.73282510726,0.0025214451266822612,-0.037080297149692146,-0.7800889406477846,0.31982698570370477,0.037080297149692146
1733888820.0,2.6113589136497e-05,2.6113589136497e-05,2.59605851065445e-05,2.59605851065445e-05,3.40813059321,8.873779317692896e-05,-0.005859172753034551,-0.9648067720221654,0.3079677060373211,0.005859172753034551
1733888880.0,2.59605851065445e-05,2.59605851065445e-05,2.55812505951839e-05,2.55812505951839e-05,70.05671626651,0.0018054258798055308,-0.01461193997761516,19.345625185943042,0.30616327004529265,0.01461193997761516
1733888940.0,2.55812505951839e-05,2.55812505951839e-05,2.28180040794881e-05,2.28180040794881e-05,541.29935295799,0.013099242619524462,-0.1080184295687259,6.255486235156566,0.30168963072004046,0.1080184295687259
1733889000.0,2.28180040794881e-05,2.28180040794881e-05,2.24244537452577e-05,2.24244537452577e-05,113.06697897999,0.0025577140139368087,-0.017247360148566943,-0.8047433666031555,0.26910159059249283,0.017247360148566943
1733889060.0,2.24244537452577e-05,2.24244537452577e-05,2.13796581787864e-05,2.13796581787864e-05,196.19817305322,0.004297143365858111,-0.046591795650418044,0.6800718698194054,0.2644602985429919,0.046591795650418044
1733889120.0,2.13796581787864e-05,2.13796581787864e-05,2.1044472007215e-05,2.1044472007215e-05,58.52512107253,0.0012414386777662534,-0.01567780779133238,-0.7111014057315851,0.2521386183556283,0.01567780779133238
1733889180.0,2.1044472007215e-05,2.1044472007215e-05,1.97001745236125e-05,1.97001745236125e-05,306.51566107259,0.0062444361332828005,-0.06387888862888155,4.029999665000405,0.24818563756027662,0.06387888862888155
1733889240.0,1.97001745236125e-05,1.97001745236125e-05,1.91516704614296e-05,1.91516704614296e-05,127.07914563488,0.002468629633518974,-0.02784259913664548,-0.6046673261079258,0.23233181485927576,0.02784259913664548
1733889300.0,1.91516704614296e-05,1.91516704614296e-05,1.9003599961263e-05,1.9003599961263e-05,61.64588236501,0.0011760576560412267,-0.00773146658223917,-0.5235989878462312,0.2258630932714596,0.00773146658223917
1733889360.0,1.9003599961263e-05,1.9003599961263e-05,1.78849440045302e-05,1.78849440045302e-05,222.29776810745,0.004100120496164685,-0.05886547596313715,2.486326095581283,0.22411684031367013,0.05886547596313715
1733889420.0,1.78849440045302e-05,1.78851187812514e-05,1.77875854931334e-05,1.77875854931334e-05,41.55480600392,0.0007411825214722624,-0.005443601689339208,-0.8192290879827615,0.21092409583725155,0.005453373971609598
1733889480.0,1.77875854931334e-05,1.78003253558012e-05,1.76920199907623e-05,1.76920199907623e-05,9.03291103392,0.000160242059927305,-0.005372595533440594,-0.783802160351805,0.20977590907282953,0.006088817680213424
1733889540.0,1.76920199907623e-05,1.76920199907623e-05,1.76443349803118e-05,1.76443349803118e-05,7.09954063699,0.00012543594404012208,-0.0026952835501768313,-0.217209613399709,0.2086488679607214,0.0026952835501768313
1733889600.0,1.76443349803118e-05,1.77400452646476e-05,1.75922126038614e-05,1.75922126038614e-05,49.48542713966,0.0008718478040648825,-0.002954057294228398,5.950542053448509,0.20808650009914387,0.008378477338542816
1733889660.0,1.75922126038614e-05,1.82650663577345e-05,1.75922126038614e-05,1.82650663577345e-05,142.311,0.0025514426131518367,0.03824725002046707,1.9264770769118773,0.20747180065569554,0.03824725002046707
1733889720.0,1.82650663577345e-05,1.83677501759881e-05,1.81656534953077e-05,1.8315954058801e-05,143.43502456025,0.002623499780942388,0.002786067133282138,0.028241735643639666,0.21540702648757043,0.01106465625266243
1733889780.0,1.8315954058801e-05,1.84563562461918e-05,1.8315954058801e-05,1.835514267168e-05,14.0638796342,0.000257868945235795,0.0021395889481482574,-0.9017080362998292,0.21600716492434546,0.007665567785333945
1733889840.0,1.835514267168e-05,1.85255910596135e-05,1.835514267168e-05,1.85083981423874e-05,36.09414036798,0.0006652789083018542,0.008349456795225784,1.5799109221683294,0.21646933146713845,0.009286138004063717
1733889900.0,1.85083981423874e-05,1.92567458504156e-05,1.85083981423874e-05,1.92567458504156e-05,159.17175,0.0030055720291682205,0.040432872811092084,3.5177623875677035,0.21827673279771473,0.040432872811092084
1733889960.0,1.92567458504156e-05,1.93433505263341e-05,1.86101046354072e-05,1.86101046354072e-05,219.40185858444,0.004154028687664314,-0.0335799838680659,0.3821091783363196,0.22710228817254546,0.03807735204185996
1733890020.0,1.86101046354072e-05,1.86101046354072e-05,1.85379376862294e-05,1.85379376862294e-05,18.70371662816,0.0003474032284373929,-0.0038778368306698493,-0.9163695644497999,0.21947619699931054,0.0038778368306698493
1733890080.0,1.85379376862294e-05,1.91666372426095e-05,1.85379376862294e-05,1.91666372426095e-05,141.28418568996,0.002663530082803543,0.03391421241247991,6.666969863187526,0.21862510411913125,0.03391421241247991
1733890140.0,1.91666372426095e-05,1.95954481389988e-05,1.91666372426095e-05,1.95954481389988e-05,170.30140461325,0.003300618793113309,0.022372776766286847,0.23918960571272677,0.226039602338928,0.022372776766286847
1733890200.0,1.95954481389988e-05,2.17741147463922e-05,1.95954481389988e-05,2.17741147463922e-05,412.48927695408,0.008532250541250638,0.11118228028974865,1.5850457371972337,0.2310967359023971,0.11118228028974865
1733890260.0,2.17741147463922e-05,2.24856953930495e-05,2.17741147463922e-05,2.24856953930495e-05,176.99669604421,0.003916920081112603,0.03268011833983754,-0.5409276764464924,0.25679059796754344,0.03268011833983754
1733890320.0,2.24856953930495e-05,2.31662148270941e-05,2.24856953930495e-05,2.31662148270941e-05,124.38513982572,0.002839209618021889,0.030264549178895116,-0.27514231609867046,0.2651825450976804,0.030264549178895116
1733890380.0,2.31662148270941e-05,2.31662148270941e-05,2.1537834085476e-05,2.1537834085476e-05,328.61448195588,0.007345198937367273,-0.07029118713487983,1.5870576412335344,0.2732081752751737,0.07029118713487983
1733890440.0,2.1537834085476e-05,2.18838998543442e-05,2.1537834085476e-05,2.18265289135565e-05,173.250308852,0.0037564446413763104,0.013404078930814167,-0.48858503719128316,0.2540040483001274,0.01606780735215932
1733890500.0,2.18265289135565e-05,2.22578008525438e-05,2.17928331672025e-05,2.22578008525438e-05,158.69154045189,0.003497905100185782,0.019759071206207013,-0.06882559597518868,0.2574087386122887,0.021302868962022957
1733890560.0,2.22578008525438e-05,2.22578008525438e-05,2.04249028645094e-05,2.04249028645094e-05,475.72606043374,0.010152637243987133,-0.08234856624772625,1.9024907632422339,0.2624948962076288,0.08234856624772625
1733890620.0,2.04249028645094e-05,2.04249028645094e-05,1.99363246307848e-05,1.99893559669921e-05,199.55102877305,0.004032353463463223,-0.02132430692114141,-0.6028269929715679,0.24087881785758486,0.02392071271847078
1733890680.0,1.99893559669921e-05,1.99893559669921e-05,1.98411218568785e-05,1.98411218568785e-05,63.75215691478,0.0012696394361090318,-0.007415652127981342,-0.6851368691725277,0.235742244014788,0.007415652127981342
1733890740.0,1.98411218568785e-05,1.98411218568785e-05,1.97479373318638e-05,1.97848403745332e-05,40.9320940399,0.0008109868062388347,-0.0028366078667970236,-0.3612463639880274,0.23399406154130464,0.004696535089440646
1733890800.0,1.97848403745332e-05,1.97848403745332e-05,1.96977015997488e-05,1.96977015997488e-05,0.38823987608,7.664348601709319e-06,-0.004404320334904684,-0.9905493547579957,0.23333031214555278,0.004404320334904684
1733890860.0,1.96977015997488e-05,1.97959798650856e-05,1.96582640880126e-05,1.96582640880126e-05,20.10476829345,0.0003956212855587057,-0.0020021377385827086,50.61838352061302,0.23230265070702047,0.006991464276966908
1733890920.0,1.96582640880126e-05,2.05439202702435e-05,1.96582640880126e-05,2.03534746490187e-05,346.31906062968,0.006928413886784429,0.03536479914470331,16.512742968316175,0.23183754880326715,0.045052613916757925
1733890980.0,2.03534746490187e-05,2.03534746490187e-05,2.00529200753556e-05,2.01852661398511e-05,20.20375107564,0.00040951731390910973,-0.008264363312320703,-0.9408930643288731,0.24003643715089504,0.014766745179678324
1733891040.0,2.01852661398511e-05,2.01852661398511e-05,2.00821361348565e-05,2.00821361348565e-05,13.73116383949,0.0002764591490123312,-0.00510917241715213,-0.32491462601825455,0.23805268882608502,0.00510917241715213
1733891100.0,2.00821361348565e-05,2.00821361348565e-05,1.91332287711468e-05,1.91332287711468e-05,284.42312640291,0.005576878344798209,-0.047251316161664884,19.172522286645172,0.23683643659450587,0.047251316161664884
1733891160.0,1.91332287711468e-05,1.95621749033498e-05,1.87882010912939e-05,1.9437368240217e-05,251.44005630589,0.004849096542144553,0.015895877936129975,-0.1304998527236099,0.22564560325037678,0.04045181403062845
1733891220.0,1.9437368240217e-05,2.09641654480407e-05,1.9437368240217e-05,2.09641654480407e-05,395.3859541632,0.007987099473494219,0.07854958495176684,0.6471314613096686,0.2292324382164692,0.07854958495176684
1733891280.0,2.09641654480407e-05,2.09641654480407e-05,2.09641654480407e-05,2.09641654480407e-05,0.0,0.0,0.0,-1.0,0.24723855109585438,0.0
1733891340.0,2.09641654480407e-05,2.09641654480407e-05,2.09641654480407e-05,2.09641654480407e-05,0.0,0.0,0.0,0.0,0.24723855109585438,0.0
1733891400.0,2.09641654480407e-05,2.09641654480407e-05,2.09641654480407e-05,2.09641654480407e-05,0.0,0.0,0.0,0.0,0.24723855109585438,0.0
1733891460.0,2.09641654480407e-05,2.10193648638836e-05,2.09641654480407e-05,2.10193648638836e-05,3.752956207,7.878117533795447e-05,0.0026330366443496657,0.0,0.24723855109585438,0.0026330366443496657
1733891520.0,2.10193648638836e-05,2.10451492230745e-05,2.10193648638836e-05,2.10451492230745e-05,6.68681876952,0.00014063889116370493,0.0012266954476442527,0.7851839676216307,0.24788953926078566,0.0012266954476442527
1733891580.0,2.10451492230745e-05,2.11706591737192e-05,2.10451492230745e-05,2.11706591737192e-05,24.56196375,0.0005184515777594961,0.005963842276161519,2.6864026263973733,0.2481936242301155,0.005963842276161519
1733891640.0,2.11706591737192e-05,2.11706591737192e-05,2.11706591737192e-05,2.11706591737192e-05,0.0,0.0,0.0,-1.0,0.24967381185897283,0.0
1733891700.0,2.11706591737192e-05,2.13258396579261e-05,2.11706591737192e-05,2.13258396579261e-05,54.615,0.0011604731418451539,0.0073299788605326235,0.0,0.24967381185897283,0.0073299788605326235
1733891760.0,2.13258396579261e-05,2.19447935121176e-05,2.13258396579261e-05,2.19447935121176e-05,196.758,0.004256921620635729,0.029023656940112687,2.6682638030443493,0.2515039156219277,0.029023656940112687
1733891820.0,2.19447935121176e-05,2.19447935121176e-05,2.19447935121176e-05,2.19447935121176e-05,0.0,0.0,0.0,-1.0,0.2588034789880336,0.0
1733891880.0,2.19447935121176e-05,2.24466095434798e-05,2.19447935121176e-05,2.1965176020143e-05,181.95583575674,0.003994837602147734,0.0009288083760800906,0.0,0.2588034789880336,0.02286720224025372
1733891940.0,2.1965176020143e-05,2.1965176020143e-05,2.15404100985461e-05,2.15404100985461e-05,21.7354371945,0.000472806467346339,-0.01933815241031413,-0.8816456350836026,0.25904385782707634,0.01933815241031413
1733892000.0,2.15404100985461e-05,2.15404100985461e-05,2.15404100985461e-05,2.15404100985461e-05,0.0,0.0,0.0,-1.0,0.25403442822346056,0.0
1733892060.0,2.15404100985461e-05,2.23316710268733e-05,2.15404100985461e-05,2.23316710268733e-05,164.56563075,0.0036099183513599066,0.03673379126521877,0.0,0.25403442822346056,0.03673379126521877
1733892120.0,2.23316710268733e-05,2.23316710268733e-05,2.22929094487934e-05,2.22929094487934e-05,1.09211982165,2.43676944351456e-05,-0.0017357222409938524,-0.9932497934680529,0.26336607588400035,0.0017357222409938524
1733892180.0,2.22929094487934e-05,2.22929094487934e-05,2.22929094487934e-05,2.22929094487934e-05,0.0,0.0,0.0,-1.0,0.26290894552856525,0.0
1733892240.0,2.22929094487934e-05,2.2521193602479e-05,2.22929094487934e-05,2.24723635417759e-05,74.28212139584,0.001662629721301693,0.008049828282607321,0.0,0.26290894552856525,0.010240213562521553
1733892300.0,2.24723635417759e-05,2.25372682196008e-05,2.21454002374172e-05,2.21454002374172e-05,135.29519801266,0.0030182845926940097,-0.014549573468357268,0.8153678801861897,0.26502531739403157,0.017437773354597216
1733892360.0,2.21454002374172e-05,2.21454002374172e-05,2.09607011945514e-05,2.09607011945514e-05,341.11618737927,0.007352094486628609,-0.053496393389364634,1.4358519751334649,0.2611693120676324,0.053496393389364634
1733892420.0,2.09607011945514e-05,2.09607011945514e-05,2.09607011945514e-05,2.09607011945514e-05,0.0,0.0,0.0,-1.0,0.24719769580803258,0.0
1733892480.0,2.09607011945514e-05,2.09607011945514e-05,2.01640025621404e-05,2.01640025621404e-05,51.63956109564,0.001061830826091891,-0.03800915937955821,0.0,0.24719769580803258,0.03800915937955821
1733892540.0,2.01640025621404e-05,2.01640025621404e-05,1.76670515991759e-05,1.76670515991759e-05,566.96361620234,0.010724415636023235,-0.12383210899073849,9.099928700972882,0.23780191918980553,0.12383210899073849
1733892600.0,1.76670515991759e-05,1.76670515991759e-05,1.76670515991759e-05,1.76670515991759e-05,0.0,0.0,0.0,-1.0,0.20835440601448674,0.0
1733892660.0,1.76670515991759e-05,1.76670515991759e-05,1.75138117360361e-05,1.75138117360361e-05,9.847171698,0.00017321600087285275,-0.008673765527856708,0.0,0.20835440601448674,0.008673765527856708
1733892720.0,1.75138117360361e-05,1.75138117360361e-05,1.75131442321067e-05,1.75131442321067e-05,4.85083786052,8.495504207451704e-05,-3.8113001296491064e-05,-0.5095427579067748,0.20654718875002123,3.8113001296491064e-05
1733892780.0,1.75131442321067e-05,1.75131442321067e-05,1.73002942595241e-05,1.73002942595241e-05,52.94041955335,0.0009215190199208394,-0.012153726924282602,9.847137467279962,0.20653931661674862,0.012153726924282602
1733892840.0,1.73002942595241e-05,1.73002942595241e-05,1.73002942595241e-05,1.73002942595241e-05,0.0,0.0,0.0,-1.0,0.2040290941634607,0.0
1733892900.0,1.73002942595241e-05,1.73002942595241e-05,1.72622449401953e-05,1.72622449401953e-05,7.7180108769,0.00013337702673835847,-0.0021993452110130813,0.0,0.2040290941634607,0.0021993452110130813
1733892960.0,1.72622449401953e-05,1.72622449401953e-05,1.68895377844991e-05,1.68895377844991e-05,157.80952723224,0.0026947383429611017,-0.021590885599609748,19.20391673782986,0.20358036375230495,0.021590885599609748
1733893020.0,1.68895377844991e-05,1.68895377844991e-05,1.68895377844991e-05,1.68895377844991e-05,0.0,0.0,0.0,-1.0,0.199184883408202,0.0
1733893080.0,1.68895377844991e-05,1.68895377844991e-05,1.68895377844991e-05,1.68895377844991e-05,0.0,0.0,0.0,0.0,0.199184883408202,0.0
1733893140.0,1.68895377844991e-05,1.68895377844991e-05,1.62768091291668e-05,1.62768091291668e-05,88.59436692063,0.0014691757539431105,-0.03627859229484958,0.0,0.199184883408202,0.03627859229484958
1733893200.0,1.62768091291668e-05,1.62768091291668e-05,1.59085440619157e-05,1.59085440619157e-05,71.4256696368,0.0011494302020849925,-0.022625138891086354,-0.21763601189303264,0.1919587362317387,0.022625138891086354
1733893260.0,1.59085440619157e-05,1.59085440619157e-05,1.51919793629832e-05,1.51919793629832e-05,498.55437721456,0.0077526510435736535,-0.045042757913209684,5.744777568495105,0.1876156431631382,0.045042757913209684
1733893320.0,1.51919793629832e-05,1.51919793629832e-05,1.51663708173284e-05,1.51663708173284e-05,180.87235250224,0.0027454931075998807,-0.0016856622197103355,-0.6458639641886523,0.17916491716740984,0.0016856622197103355
1733893380.0,1.51663708173284e-05,1.51663708173284e-05,1.51663708173284e-05,1.51663708173284e-05,0.0,0.0,0.0,-1.0,0.1788629056354432,0.0
1733893440.0,1.51663708173284e-05,1.51663708173284e-05,1.47396130575674e-05,1.47396130575674e-05,18.36431763366,0.0002746014935128503,-0.028138423153507865,0.0,0.1788629056354432,0.028138423153507865
1733893500.0,1.47396130575674e-05,1.47396130575674e-05,1.47396130575674e-05,1.47396130575674e-05,0.0,0.0,0.0,-1.0,0.17382998551020715,0.0
1733893560.0,1.47396130575674e-05,1.47396130575674e-05,1.47396130575674e-05,1.47396130575674e-05,0.0,0.0,0.0,0.0,0.17382998551020715,0.0
1733893620.0,1.47396130575674e-05,1.47396130575674e-05,1.47396130575674e-05,1.47396130575674e-05,0.0,0.0,0.0,0.0,0.17382998551020715,0.0
1733893680.0,1.47396130575674e-05,1.47396130575674e-05,1.46406697077657e-05,1.46406697077657e-05,29.7480591348,0.00043700319455013717,-0.006712750831060858,0.0,0.17382998551020715,0.006712750831060858
1733893740.0,1.46406697077657e-05,1.46406697077657e-05,1.45309840669601e-05,1.45309840669601e-05,21.10716852149,0.0003078655061368486,-0.007491845864634158,-0.2955074242563063,0.17266310813051022,0.007491845864634158
1733893800.0,1.45309840669601e-05,1.45309840669601e-05,1.44255218455196e-05,1.44255218455196e-05,32.23161659105,0.000466657498193759,-0.0072577480612821405,0.5157836421801867,0.17136954273788776,0.0072577480612821405
1733893860.0,1.44255218455196e-05,1.44255218455196e-05,1.40778697734585e-05,1.40778697734585e-05,141.8962674832,0.002022262440672459,-0.02409979172913432,3.333504654912463,0.17012578577131907,0.02409979172913432
1733893920.0,1.40778697734585e-05,1.40778697734585e-05,1.3614258592e-05,1.3614258592e-05,48.85443033856,0.0006764415780783768,-0.032931912918569686,-0.6655025754948795,0.16602578976647495,0.032931912918569686
1733893980.0,1.3614258592e-05,1.36658881363736e-05,1.358140242156e-05,1.358140242156e-05,18.6674016366,0.0002538361634564744,-0.0024133646513301633,-0.6247478397505256,0.16055824291564863,0.006205678718578642
1733894040.0,1.358140242156e-05,1.358140242156e-05,1.358140242156e-05,1.358140242156e-05,0.0,0.0,0.0,-1.0,0.16017075732771632,0.0
1733894100.0,1.358140242156e-05,1.358140242156e-05,1.3548675879341e-05,1.3548675879341e-05,9.40565994456,0.00012758814538378047,-0.0024096585318057998,0.0,0.16017075732771632,0.0024096585318057998
1733894160.0,1.3548675879341e-05,1.3548675879341e-05,1.35038737020026e-05,1.35038737020026e-05,9.12573971232,0.00012343726301698653,-0.0033067568917722685,-0.032533448576340954,0.1597848004957758,0.0033067568917722685
1733894220.0,1.35038737020026e-05,1.35038737020026e-05,1.34768393556926e-05,1.34768393556926e-05,11.9753074296,0.00016155116676786155,-0.0020019697241385106,0.30877145862858335,0.15925643100553594,0.0020019697241385106
1733894280.0,1.34768393556926e-05,1.34768393556926e-05,1.34768393556926e-05,1.34768393556926e-05,0.0,0.0,0.0,-1.0,0.1589376044522885,0.0
1733894340.0,1.34768393556926e-05,1.34768393556926e-05,1.34346246913168e-05,1.34346246913168e-05,7.93743829694,0.00010680404267672816,-0.0031323861078724796,0.0,0.1589376044522885,0.0031323861078724796
1733894400.0,1.34346246913168e-05,1.34346246913168e-05,1.34346246913168e-05,1.34346246913168e-05,0.0,0.0,0.0,-1.0,0.15843975050808362,0.0
1733894460.0,1.34346246913168e-05,1.34346246913168e-05,1.27504287620356e-05,1.27504287620356e-05,181.11834471734,0.002371296768903127,-0.05092780371627466,0.0,0.15843975050808362,0.05092780371627466
1733894520.0,1.27504287620356e-05,1.27504287620356e-05,1.27504287620356e-05,1.27504287620356e-05,0.0,0.0,0.0,-1.0,0.15037076199335242,0.0
1733894580.0,1.27504287620356e-05,1.27504287620356e-05,1.27504287620356e-05,1.27504287620356e-05,0.0,0.0,0.0,0.0,0.15037076199335242,0.0
1733894640.0,1.27504287620356e-05,1.27504287620356e-05,1.27504287620356e-05,1.27504287620356e-05,0.0,0.0,0.0,0.0,0.15037076199335242,0.0
1733894700.0,1.27504287620356e-05,1.27504287620356e-05,1.27504287620356e-05,1.27504287620356e-05,0.0,0.0,0.0,0.0,0.15037076199335242,0.0
1733894760.0,1.27504287620356e-05,1.27504287620356e-05,1.27504287620356e-05,1.27504287620356e-05,0.0,0.0,0.0,0.0,0.15037076199335242,0.0
1733894820.0,1.27504287620356e-05,1.27504287620356e-05,1.27504287620356e-05,1.27504287620356e-05,0.0,0.0,0.0,0.0,0.15037076199335242,0.0
1733894880.0,1.27504287620356e-05,1.27504287620356e-05,1.27504287620356e-05,1.27504287620356e-05,0.0,0.0,0.0,0.0,0.15037076199335242,0.0
1733894940.0,1.27504287620356e-05,1.27504287620356e-05,1.25680716917745e-05,1.25680716917745e-05,90.18775230714,0.0011417093238582185,-0.014302034360136114,0.0,0.15037076199335242,0.014302034360136114
1733895000.0,1.25680716917745e-05,1.25680716917745e-05,1.19746917817632e-05,1.19746917817632e-05,145.53016848786,0.0017858562517308189,-0.047213281763792976,0.5641952066186268,0.14822015418856363,0.047213281763792976
1733895060.0,1.19746917817632e-05,1.19746917817632e-05,1.18453978816538e-05,1.18453978816538e-05,19.85839180962,0.00023651433673820707,-0.010797263300447352,-0.8675625003361934,0.14122219428578614,0.010797263300447352
1733895120.0,1.18453978816538e-05,1.18453978816538e-05,1.18453978816538e-05,1.18453978816538e-05,0.0,0.0,0.0,-1.0,0.13969738107021556,0.0
1733895180.0,1.18453978816538e-05,1.18453978816538e-05,1.17547904722417e-05,1.17547904722417e-05,20.0335267785,0.00023639750268270469,-0.00764916555081971,0.0,0.13969738107021556,0.00764916555081971
1733895240.0,1.17547904722417e-05,1.17547904722417e-05,1.17547904722417e-05,1.17547904722417e-05,0.0,0.0,0.0,-1.0,0.13862881267539354,0.0
1733895300.0,1.17547904722417e-05,1.17547904722417e-05,1.17547904722417e-05,1.17547904722417e-05,0.0,0.0,0.0,0.0,0.13862881267539354,0.0
1733895360.0,1.17547904722417e-05,1.17547904722417e-05,1.17151171864831e-05,1.17151171864831e-05,0.14040567948,1.6476541660780557e-06,-0.003375073834985619,0.0,0.13862881267539354,0.003375073834985619
1733895420.0,1.17151171864831e-05,1.17151171864831e-05,1.149413882744e-05,1.149413882744e-05,131.85554740816,0.00153013457832598,-0.018862667400208644,927.6746028556406,0.13816093019695772,0.018862667400208644
1733895480.0,1.149413882744e-05,1.149413882744e-05,1.14791543968113e-05,1.14791543968113e-05,11.85546556084,0.00013617954331959512,-0.00130365839961223,-0.9110015908087116,0.13555484652294905,0.00130365839961223
1733895540.0,1.14791543968113e-05,1.14791543968113e-05,1.14791543968113e-05,1.14791543968113e-05,0.0,0.0,0.0,-1.0,0.13537812930867127,0.0
1733895600.0,1.14791543968113e-05,1.14791543968113e-05,1.14171872766554e-05,1.14171872766554e-05,17.13310679824,0.00019614273359024907,-0.005398230393443691,0.0,0.13537812930867127,0.005398230393443691
1733895660.0,1.14171872766554e-05,1.14171872766554e-05,1.14171872766554e-05,1.14171872766554e-05,0.0,0.0,0.0,-1.0,0.13464732697642964,0.0
1733895720.0,1.14171872766554e-05,1.14171872766554e-05,1.09972659399198e-05,1.09972659399198e-05,223.6783238913,0.0025068136632117495,-0.0367797537659918,0.0,0.13464732697642964,0.0367797537659918
1733895780.0,1.09972659399198e-05,1.09972659399198e-05,1.05710866429099e-05,1.05710866429099e-05,31.45032922061,0.00033916589473809405,-0.03875320459996144,-0.8647023910410827,0.12969503144498756,0.03875320459996144
1733895840.0,1.05710866429099e-05,1.05710866429099e-05,1.05710866429099e-05,1.05710866429099e-05,0.0,0.0,0.0,-1.0,0.12466893335580154,0.0
1733895900.0,1.05710866429099e-05,1.05710866429099e-05,1.04965534290317e-05,1.04965534290317e-05,21.42615586862,0.00022569926998270272,-0.007050667201577643,0.0,0.12466893335580154,0.007050667201577643
1733895960.0,1.04965534290317e-05,1.06304602121197e-05,1.04965534290317e-05,1.06304602121197e-05,67.5955,0.0007140455252902247,0.012757214450758258,2.163703300169948,0.12378993419633412,0.012757214450758258
1733896020.0,1.06304602121197e-05,1.06888179096528e-05,1.06304602121197e-05,1.06888179096528e-05,3.52775301712,3.760457385845167e-05,0.005489668026466786,-0.9473358875217834,0.125369148933722,0.005489668026466786
1733896080.0,1.06888179096528e-05,1.06888179096528e-05,1.06888179096528e-05,1.06888179096528e-05,0.0,0.0,0.0,-1.0,0.12605738394212881,0.0
1733896140.0,1.06888179096528e-05,1.06888179096528e-05,1.06442263506672e-05,1.06442263506672e-05,19.33595889272,0.00020624743343706194,-0.0041717951753421564,0.0,0.12605738394212881,0.0041717951753421564
1733896200.0,1.06442263506672e-05,1.06442263506672e-05,1.06442263506672e-05,1.06442263506672e-05,0.0,0.0,0.0,-1.0,0.1255314983559828,0.0
1733896260.0,1.06442263506672e-05,1.06442263506672e-05,1.06442263506672e-05,1.06442263506672e-05,0.0,0.0,0.0,0.0,0.1255314983559828,0.0
1733896320.0,1.06442263506672e-05,1.06442263506672e-05,1.06442263506672e-05,1.06442263506672e-05,0.0,0.0,0.0,0.0,0.1255314983559828,0.0
1733896380.0,1.06442263506672e-05,1.07095006453809e-05,1.06442263506672e-05,1.07095006453809e-05,24.704484987,0.0002637664139951835,0.006132366276634967,0.0,0.1255314983559828,0.006132366276634967
1733896440.0,1.07095006453809e-05,1.07095006453809e-05,1.07095006453809e-05,1.07095006453809e-05,0.0,0.0,0.0,-1.0,0.12630130348315646,0.0
1733896500.0,1.07095006453809e-05,1.07095006453809e-05,1.07095006453809e-05,1.07095006453809e-05,0.0,0.0,0.0,0.0,0.12630130348315646,0.0
1733896560.0,1.07095006453809e-05,1.07095006453809e-05,1.0543580163377e-05,1.0543580163377e-05,80.07767575154,0.0008509486568624963,-0.015492830851591973,0.0,0.12630130348315646,0.015492830851591973
1733896620.0,1.0543580163377e-05,1.0543580163377e-05,1.0543580163377e-05,1.0543580163377e-05,0.0,0.0,0.0,-1.0,0.12434453875195633,0.0
1733896680.0,1.0543580163377e-05,1.0543580163377e-05,1.0543580163377e-05,1.0543580163377e-05,0.0,0.0,0.0,0.0,0.12434453875195633,0.0
1733896740.0,1.0543580163377e-05,1.0543580163377e-05,1.0543580163377e-05,1.0543580163377e-05,0.0,0.0,0.0,0.0,0.12434453875195633,0.0
1733896800.0,1.0543580163377e-05,1.0543580163377e-05,1.0543580163377e-05,1.0543580163377e-05,0.0,0.0,0.0,0.0,0.12434453875195633,0.0
1733896860.0,1.0543580163377e-05,1.0543580163377e-05,1.0543580163377e-05,1.0543580163377e-05,0.0,0.0,0.0,0.0,0.12434453875195633,0.0
1733896920.0,1.0543580163377e-05,1.0543580163377e-05,1.0543580163377e-05,1.0543580163377e-05,0.0,0.0,0.0,0.0,0.12434453875195633,0.0
1733896980.0,1.0543580163377e-05,1.0543580163377e-05,1.0438008828775e-05,1.0438008828775e-05,0.65152607304,6.835026141098042e-06,-0.010012854549036358,0.0,0.12434453875195633,0.010012854549036358
1733897040.0,1.0438008828775e-05,1.0438008828775e-05,1.0438008828775e-05,1.0438008828775e-05,0.0,0.0,0.0,-1.0,0.12309949497146598,0.0
1733897100.0,1.0438008828775e-05,1.0438008828775e-05,1.0438008828775e-05,1.0438008828775e-05,0.0,0.0,0.0,0.0,0.12309949497146598,0.0
1733897160.0,1.0438008828775e-05,1.0438008828775e-05,1.0438008828775e-05,1.0438008828775e-05,0.0,0.0,0.0,0.0,0.12309949497146598,0.0
1733897220.0,1.0438008828775e-05,1.0438008828775e-05,1.04319050609025e-05,1.04319050609025e-05,10.43190506036,0.0001088564801575021,-0.0005847636242339373,0.0,0.12309949497146598,0.0005847636242339373
1733897280.0,1.04319050609025e-05,1.04319050609025e-05,1.04319050609025e-05,1.04319050609025e-05,0.0,0.0,0.0,-1.0,0.1230275108646451,0.0
1733897340.0,1.04319050609025e-05,1.04319050609025e-05,1.04319050609025e-05,1.04319050609025e-05,0.0,0.0,0.0,0.0,0.1230275108646451,0.0
1733897400.0,1.04319050609025e-05,1.05148825899739e-05,1.04319050609025e-05,1.05148825899739e-05,15.3307,0.00016056445871964542,0.007954206694459806,0.0,0.1230275108646451,0.007954206694459806
1733897460.0,1.05148825899739e-05,1.05148825899739e-05,1.05148825899739e-05,1.05148825899739e-05,0.0,0.0,0.0,-1.0,0.12400609711516739,0.0
1733897520.0,1.05148825899739e-05,1.05148825899739e-05,1.05148825899739e-05,1.05148825899739e-05,0.0,0.0,0.0,0.0,0.12400609711516739,0.0
1733897580.0,1.05148825899739e-05,1.05148825899739e-05,1.01482475497786e-05,1.01482475497786e-05,200.3131819457,0.0020695486736259597,-0.034868201052942964,0.0,0.12400609711516739,0.034868201052942964
1733897640.0,1.01482475497786e-05,1.01482475497786e-05,1.01482475497786e-05,1.01482475497786e-05,0.0,0.0,0.0,-1.0,0.11968222758916497,0.0
1733897700.0,1.01482475497786e-05,1.01482475497786e-05,1.01482475497786e-05,1.01482475497786e-05,0.0,0.0,0.0,0.0,0.11968222758916497,0.0
1733897760.0,1.01482475497786e-05,1.01482475497786e-05,1.01482475497786e-05,1.01482475497786e-05,0.0,0.0,0.0,0.0,0.11968222758916497,0.0
1733897820.0,1.01482475497786e-05,1.01482475497786e-05,1.01482475497786e-05,1.01482475497786e-05,0.0,0.0,0.0,0.0,0.11968222758916497,0.0
1733897880.0,1.01482475497786e-05,1.01482475497786e-05,1.01482475497786e-05,1.01482475497786e-05,0.0,0.0,0.0,0.0,0.11968222758916497,0.0
1733897940.0,1.01482475497786e-05,1.01482475497786e-05,9.82090236718428e-06,9.82090236718428e-06,3.40841078018,3.403153292400342e-05,-0.03225632612809708,0.0,0.11968222758916497,0.03225632612809708
1733898000.0,9.82090236718428e-06,9.82090236718428e-06,9.82090236718428e-06,9.82090236718428e-06,0.0,0.0,0.0,-1.0,0.11582171862431172,0.0
1733898060.0,9.82090236718428e-06,9.82090236718428e-06,9.82090236718428e-06,9.82090236718428e-06,0.0,0.0,0.0,0.0,0.11582171862431172,0.0
1733898120.0,9.82090236718428e-06,9.82090236718428e-06,9.49000086583065e-06,9.49000086583065e-06,201.2362989383,0.001943027347883788,-0.033693594435813656,0.0,0.11582171862431172,0.033693594435813656
1733898180.0,9.49000086583065e-06,9.49000086583065e-06,9.22915615892002e-06,9.22915615892002e-06,2.169288,2.0303621351953666e-05,-0.02748626797810092,-0.9895505220891168,0.11191926861012523,0.02748626797810092
1733898240.0,9.22915615892002e-06,9.22915615892002e-06,9.19004531533306e-06,9.19004531533306e-06,0.65801709116,6.060074687788998e-06,-0.004237748599492378,-0.7015273983522214,0.10884302560119427,0.004237748599492378
1733898300.0,9.19004531533306e-06,9.19004531533306e-06,9.18807041923135e-06,9.18807041923135e-06,1.4046541084,1.2907447885603288e-05,-0.00021489514294502338,1.129915644705121,0.1083817762218883,0.00021489514294502338
1733898360.0,9.18807041923135e-06,9.18807041923135e-06,9.18807041923135e-06,9.18807041923135e-06,0.0,0.0,0.0,-1.0,0.10835848550459447,0.0
1733898420.0,9.18807041923135e-06,9.18807041923135e-06,9.17342626114369e-06,9.17342626114369e-06,4.73633045382,4.3483057952487566e-05,-0.0015938230139168506,0.0,0.10835848550459447,0.0015938230139168506
1733898480.0,9.17342626114369e-06,9.17342626114369e-06,9.17342626114369e-06,9.17342626114369e-06,0.0,0.0,0.0,-1.0,0.10818578125664406,0.0
1733898540.0,9.17342626114369e-06,9.17342626114369e-06,9.12549219850682e-06,9.12549219850682e-06,26.16848958195,0.00023942752853615845,-0.005225317266669088,0.0,0.10818578125664406,0.005225317266669088
1733898600.0,9.12549219850682e-06,9.12549219850682e-06,9.12549219850682e-06,9.12549219850682e-06,0.0,0.0,0.0,-1.0,0.10762047622583563,0.0
1733898660.0,9.12549219850682e-06,9.12549219850682e-06,9.12549219850682e-06,9.12549219850682e-06,0.0,0.0,0.0,0.0,0.10762047622583563,0.0
1733898720.0,9.12549219850682e-06,9.12549219850682e-06,9.12549219850682e-06,9.12549219850682e-06,0.0,0.0,0.0,0.0,0.10762047622583563,0.0
1733898780.0,9.12549219850682e-06,9.12549219850682e-06,9.12549219850682e-06,9.12549219850682e-06,0.0,0.0,0.0,0.0,0.10762047622583563,0.0
1733898840.0,9.12549219850682e-06,9.12549219850682e-06,9.12549219850682e-06,9.12549219850682e-06,0.0,0.0,0.0,0.0,0.10762047622583563,0.0
1733898900.0,9.12549219850682e-06,9.12549219850682e-06,9.12549219850682e-06,9.12549219850682e-06,0.0,0.0,0.0,0.0,0.10762047622583563,0.0
1733898960.0,9.12549219850682e-06,9.12549219850682e-06,9.12549219850682e-06,9.12549219850682e-06,0.0,0.0,0.0,0.0,0.10762047622583563,0.0
1733899020.0,9.12549219850682e-06,9.12549219850682e-06,9.12549219850682e-06,9.12549219850682e-06,0.0,0.0,0.0,0.0,0.10762047622583563,0.0
1733899080.0,9.12549219850682e-06,9.12549219850682e-06,9.12549219850682e-06,9.12549219850682e-06,0.0,0.0,0.0,0.0,0.10762047622583563,0.0
1733899140.0,9.12549219850682e-06,9.12549219850682e-06,9.0772829340541e-06,9.0772829340541e-06,10.32077875872,9.393340746894568e-05,-0.005282922104805394,0.0,0.10762047622583563,0.005282922104805394
1733899200.0,9.0772829340541e-06,9.0772829340541e-06,9.0772829340541e-06,9.0772829340541e-06,0.0,0.0,0.0,-1.0,0.10705192563305249,0.0
1733899260.0,9.0772829340541e-06,9.0772829340541e-06,9.07032745714239e-06,9.07032745714239e-06,0.24068513294,2.1839300097742265e-06,-0.0007662509764475674,0.0,0.10705192563305249,0.0007662509764475674
1733899320.0,9.07032745714239e-06,9.07032745714239e-06,9.07032745714239e-06,9.07032745714239e-06,0.0,0.0,0.0,-1.0,0.10696989699050558,0.0
1733899380.0,9.07032745714239e-06,9.07032745714239e-06,9.07032745714239e-06,9.07032745714239e-06,0.0,0.0,0.0,0.0,0.10696989699050558,0.0
1733899440.0,9.07032745714239e-06,9.07032745714239e-06,9.07032745714239e-06,9.07032745714239e-06,0.0,0.0,0.0,0.0,0.10696989699050558,0.0
1733899500.0,9.07032745714239e-06,9.07032745714239e-06,9.07032745714239e-06,9.07032745714239e-06,0.0,0.0,0.0,0.0,0.10696989699050558,0.0
1733899560.0,9.07032745714239e-06,9.07032745714239e-06,9.07032745714239e-06,9.07032745714239e-06,0.0,0.0,0.0,0.0,0.10696989699050558,0.0
1733899620.0,9.07032745714239e-06,9.07032745714239e-06,9.05334192109191e-06,9.05334192109191e-06,9.89133959616,8.963368427432072e-05,-0.001872648604004329,0.0,0.10696989699050558,0.001872648604004329
1733899680.0,9.05334192109191e-06,9.05334192109191e-06,9.05334192109191e-06,9.05334192109191e-06,0.0,0.0,0.0,-1.0,0.10676957996223581,0.0
1733899740.0,9.05334192109191e-06,9.05334192109191e-06,9.05334192109191e-06,9.05334192109191e-06,0.0,0.0,0.0,0.0,0.10676957996223581,0.0
1733899800.0,9.05334192109191e-06,9.05334192109191e-06,9.05334192109191e-06,9.05334192109191e-06,0.0,0.0,0.0,0.0,0.10676957996223581,0.0
1733899860.0,9.05334192109191e-06,9.05334192109191e-06,9.05334192109191e-06,9.05334192109191e-06,0.0,0.0,0.0,0.0,0.10676957996223581,0.0
1733899920.0,9.05334192109191e-06,9.05334192109191e-06,9.05334192109191e-06,9.05334192109191e-06,0.0,0.0,0.0,0.0,0.10676957996223581,0.0
1733899980.0,9.05334192109191e-06,9.05334192109191e-06,9.05334192109191e-06,9.05334192109191e-06,0.0,0.0,0.0,0.0,0.10676957996223581,0.0
1733900040.0,9.05334192109191e-06,9.05334192109191e-06,9.05334192109191e-06,9.05334192109191e-06,0.0,0.0,0.0,0.0,0.10676957996223581,0.0
1733900100.0,9.05334192109191e-06,9.05334192109191e-06,9.05334192109191e-06,9.05334192109191e-06,0.0,0.0,0.0,0.0,0.10676957996223581,0.0
1733900160.0,9.05334192109191e-06,9.05806608147868e-06,9.05334192109191e-06,9.05806608147868e-06,0.56907109048,5.153339351075522e-06,0.0005218139807317038,0.0,0.10676957996223581,0.0005218139807317038
1733900220.0,9.05806608147868e-06,9.05806608147868e-06,9.05806608147868e-06,9.05806608147868e-06,0.0,0.0,0.0,-1.0,0.10682529382177695,0.0
1733900280.0,9.05806608147868e-06,9.10136703101597e-06,9.05806608147868e-06,9.10136703101597e-06,0.24223718784,2.1994450049696412e-06,0.004780374656995361,0.0,0.10682529382177695,0.004780374656995361
1733900340.0,9.10136703101597e-06,9.10136703101597e-06,9.10136703101597e-06,9.10136703101597e-06,0.0,0.0,0.0,-1.0,0.10733595874908866,0.0
1733900400.0,9.10136703101597e-06,9.10136703101597e-06,8.98122750591147e-06,8.98122750591147e-06,46.5243840828,0.00042064078672477664,-0.013200162645356938,0.0,0.10733595874908866,0.013200162645356938
1733900460.0,8.98122750591147e-06,8.98122750591147e-06,8.98122750591147e-06,8.98122750591147e-06,0.0,0.0,0.0,-1.0,0.10591910663590537,0.0
1733900520.0,8.98122750591147e-06,8.98122750591147e-06,8.98122750591147e-06,8.98122750591147e-06,0.0,0.0,0.0,0.0,0.10591910663590537,0.0
1733900580.0,8.98122750591147e-06,8.98122750591147e-06,8.83809291942315e-06,8.83809291942315e-06,47.67897476762,0.00042480346446783254,-0.015937085035882707,0.0,0.10591910663590537,0.015937085035882707
1733900640.0,8.83809291942315e-06,8.83809291942315e-06,8.83809291942315e-06,8.83809291942315e-06,0.0,0.0,0.0,-1.0,0.10423106482652422,0.0
1733900700.0,8.83809291942315e-06,8.83809291942315e-06,8.75829449149443e-06,8.75829449149443e-06,8.39856945152,7.389224088322175e-05,-0.009028919321876636,0.0,0.10423106482652422,0.009028919321876636
1733900760.0,8.75829449149443e-06,8.75829449149443e-06,8.75829449149443e-06,8.75829449149443e-06,0.0,0.0,0.0,-1.0,0.10328997095137224,0.0
1733900820.0,8.75829449149443e-06,8.75829449149443e-06,8.75829449149443e-06,8.75829449149443e-06,0.0,0.0,0.0,0.0,0.10328997095137224,0.0
1733900880.0,8.75829449149443e-06,8.75829449149443e-06,8.74643504868933e-06,8.74643504868933e-06,0.13712200136,1.2001417739077546e-06,-0.0013540813016297696,0.0,0.10328997095137224,0.0013540813016297696
1733900940.0,8.74643504868933e-06,8.74643504868933e-06,8.74643504868933e-06,8.74643504868933e-06,0.0,0.0,0.0,-1.0,0.1031501079330611,0.0
1733901000.0,8.74643504868933e-06,8.74643504868933e-06,8.74643504868933e-06,8.74643504868933e-06,0.0,0.0,0.0,0.0,0.1031501079330611,0.0
1733901060.0,8.74643504868933e-06,8.74643504868933e-06,8.74643504868933e-06,8.74643504868933e-06,0.0,0.0,0.0,0.0,0.1031501079330611,0.0
1733901120.0,8.74643504868933e-06,8.74643504868933e-06,8.71943287290351e-06,8.71943287290351e-06,10.81029560571,9.440559762135316e-05,-0.00308722075171262,0.0,0.1031501079330611,0.00308722075171262
1733901180.0,8.71943287290351e-06,8.71943287290351e-06,8.71943287290351e-06,8.71943287290351e-06,0.0,0.0,0.0,-1.0,0.10283166077930876,0.0
1733901240.0,8.71943287290351e-06,8.71943287290351e-06,8.71943287290351e-06,8.71943287290351e-06,0.0,0.0,0.0,0.0,0.10283166077930876,0.0
1733901300.0,8.71943287290351e-06,8.71943287290351e-06,8.65006225238788e-06,8.65006225238788e-06,31.384679312,0.00027256801715930875,-0.007955863818988261,0.0,0.10283166077930876,0.007955863818988261
1733901360.0,8.65006225238788e-06,8.65006225238788e-06,8.50841115380994e-06,8.50841115380994e-06,62.1725383216,0.0005333929226934942,-0.016375731693588302,0.9569167661433303,0.10201354608986818,0.016375731693588302
1733901420.0,8.50841115380994e-06,8.50841115380994e-06,8.40820938693454e-06,8.40820938693454e-06,6.17738531344,5.2250241640716195e-05,-0.011776789469151424,-0.9020417418047727,0.100342999629989,0.011776789469151424
1733901480.0,8.40820938693454e-06,8.45642360508822e-06,8.40820938693454e-06,8.45642360508822e-06,10.9915,9.268380676590909e-05,0.005734183811906472,0.7738445575663117,0.09916128124864348,0.005734183811906472
1733901540.0,8.45642360508822e-06,8.45642360508822e-06,8.45642360508822e-06,8.45642360508822e-06,0.0,0.0,0.0,-1.0,0.09972989026234735,0.0
1733901600.0,8.45642360508822e-06,8.45642360508822e-06,8.45642360508822e-06,8.45642360508822e-06,0.0,0.0,0.0,0.0,0.09972989026234735,0.0
1733901660.0,8.45642360508822e-06,8.45642360508822e-06,8.45642360508822e-06,8.45642360508822e-06,0.0,0.0,0.0,0.0,0.09972989026234735,0.0
1733901720.0,8.45642360508822e-06,8.45642360508822e-06,8.45642360508822e-06,8.45642360508822e-06,0.0,0.0,0.0,0.0,0.09972989026234735,0.0
1733901780.0,8.45642360508822e-06,8.45642360508822e-06,8.42315927418927e-06,8.42315927418927e-06,0.1385862508,1.1696390531534683e-06,-0.003933616910928538,0.0,0.09972989026234735,0.003933616910928538
1733901840.0,8.42315927418927e-06,8.42315927418927e-06,8.42315927418927e-06,8.42315927418927e-06,0.0,0.0,0.0,-1.0,0.09933759107948634,0.0
1733901900.0,8.42315927418927e-06,8.42315927418927e-06,8.42315927418927e-06,8.42315927418927e-06,0.0,0.0,0.0,0.0,0.09933759107948634,0.0
1733901960.0,8.42315927418927e-06,8.42315927418927e-06,8.42315927418927e-06,8.42315927418927e-06,0.0,0.0,0.0,0.0,0.09933759107948634,0.0
1733902020.0,8.42315927418927e-06,8.42315927418927e-06,8.41087754157313e-06,8.41087754157313e-06,8.3192345247,7.002315013388071e-05,-0.0014580909865700715,0.0,0.09933759107948634,0.0014580909865700715
1733902080.0,8.41087754157313e-06,8.41087754157313e-06,8.41087754157313e-06,8.41087754157313e-06,0.0,0.0,0.0,-1.0,0.09919274783330576,0.0
1733902140.0,8.41087754157313e-06,8.41087754157313e-06,8.41087754157313e-06,8.41087754157313e-06,0.0,0.0,0.0,0.0,0.09919274783330576,0.0
1733902200.0,8.41087754157313e-06,8.41087754157313e-06,8.39631272147218e-06,8.39631272147218e-06,0.00036815016,3.0937848922452868e-09,-0.0017316647435370684,0.0,0.09919274783330576,0.0017316647435370684
1733902260.0,8.39631272147218e-06,8.39631272147218e-06,8.39631272147218e-06,8.39631272147218e-06,0.0,0.0,0.0,-1.0,0.09902097924906826,0.0
1733902320.0,8.39631272147218e-06,8.39631272147218e-06,8.39631272147218e-06,8.39631272147218e-06,0.0,0.0,0.0,0.0,0.09902097924906826,0.0
1733902380.0,8.39631272147218e-06,8.39631272147218e-06,8.39631272147218e-06,8.39631272147218e-06,0.0,0.0,0.0,0.0,0.09902097924906826,0.0
1733902440.0,8.39631272147218e-06,8.39912871379143e-06,8.39631272147218e-06,8.39912871379143e-06,5.14258098543,4.31859588834449e-05,0.0003353844017800338,0.0,0.09902097924906826,0.0003353844017800338
1733902500.0,8.39912871379143e-06,8.39912871379143e-06,8.39912871379143e-06,8.39912871379143e-06,0.0,0.0,0.0,-1.0,0.09905418934095737,0.0
1733902560.0,8.39912871379143e-06,8.39912871379143e-06,8.39912871379143e-06,8.39912871379143e-06,0.0,0.0,0.0,0.0,0.09905418934095737,0.0
1733902620.0,8.39912871379143e-06,8.44786527227476e-06,8.39912871379143e-06,8.44786527227476e-06,13.40586139164,0.000112924233121498,0.005802573117293068,0.0,0.09905418934095737,0.005802573117293068
1733902680.0,8.44786527227476e-06,8.44786527227476e-06,8.44786527227476e-06,8.44786527227476e-06,0.0,0.0,0.0,-1.0,0.09962895851718248,0.0
1733902740.0,8.44786527227476e-06,8.44786527227476e-06,8.44786527227476e-06,8.44786527227476e-06,0.0,0.0,0.0,0.0,0.09962895851718248,0.0
1733902800.0,8.44786527227476e-06,8.44786527227476e-06,8.44786527227476e-06,8.44786527227476e-06,0.0,0.0,0.0,0.0,0.09962895851718248,0.0
1733902860.0,8.44786527227476e-06,8.44786527227476e-06,8.36826525647109e-06,8.36826525647109e-06,31.73288058772,0.0002668121310081024,-0.009422500624496323,0.0,0.09962895851718248,0.009422500624496323
1733902920.0,8.36826525647109e-06,8.36826525647109e-06,8.36826525647109e-06,8.36826525647109e-06,0.0,0.0,0.0,-1.0,0.09869020459333641,0.0
1733902980.0,8.36826525647109e-06,8.36826525647109e-06,8.29501074735671e-06,8.29501074735671e-06,13.56731357254,0.00011303794534485651,-0.008753846450760251,0.0,0.09869020459333641,0.008753846450760251
1733903040.0,8.29501074735671e-06,8.29501074735671e-06,8.29501074735671e-06,8.29501074735671e-06,0.0,0.0,0.0,-1.0,0.09782628569613222,0.0
1733903100.0,8.29501074735671e-06,8.29501074735671e-06,8.29501074735671e-06,8.29501074735671e-06,0.0,0.0,0.0,0.0,0.09782628569613222,0.0
1733903160.0,8.29501074735671e-06,8.29501074735671e-06,8.27673218597404e-06,8.27673218597404e-06,0.482954101,4.001695605184928e-06,-0.0022035609041851385,0.0,0.09782628569613222,0.0022035609041851385
1733903220.0,8.27673218597404e-06,8.27673218597404e-06,8.27673218597404e-06,8.27673218597404e-06,0.0,0.0,0.0,-1.0,0.09761071951757058,0.0
1733903280.0,8.27673218597404e-06,8.27673218597404e-06,8.27673218597404e-06,8.27673218597404e-06,0.0,0.0,0.0,0.0,0.09761071951757058,0.0
1733903340.0,8.27673218597404e-06,8.27673218597404e-06,8.27673218597404e-06,8.27673218597404e-06,0.0,0.0,0.0,0.0,0.09761071951757058,0.0
1733903400.0,8.27673218597404e-06,8.27673218597404e-06,8.27673218597404e-06,8.27673218597404e-06,0.0,0.0,0.0,0.0,0.09761071951757058,0.0
1733903460.0,8.27673218597404e-06,8.27673218597404e-06,8.27673218597404e-06,8.27673218597404e-06,0.0,0.0,0.0,0.0,0.09761071951757058,0.0
1733903520.0,8.27673218597404e-06,8.27673218597404e-06,8.25142670759487e-06,8.25142670759487e-06,1.05993452444,8.75938311836186e-06,-0.0030574238492401076,0.0,0.09761071951757058,0.0030574238492401076
1733903580.0,8.25142670759487e-06,8.25142670759487e-06,8.25142670759487e-06,8.25142670759487e-06,0.0,0.0,0.0,-1.0,0.09731228217577607,0.0
1733903640.0,8.25142670759487e-06,8.25142670759487e-06,8.25142670759487e-06,8.25142670759487e-06,0.0,0.0,0.0,0.0,0.09731228217577607,0.0
1733903700.0,8.25142670759487e-06,8.25142670759487e-06,8.25142670759487e-06,8.25142670759487e-06,0.0,0.0,0.0,0.0,0.09731228217577607,0.0
1733903760.0,8.25142670759487e-06,8.25142670759487e-06,8.21959730496748e-06,8.21959730496748e-06,20.11935435612,0.0001656931843584517,-0.003857442325469855,0.0,0.09731228217577607,0.003857442325469855
1733903820.0,8.21959730496748e-06,8.21959730496748e-06,8.21959730496748e-06,8.21959730496748e-06,0.0,0.0,0.0,-1.0,0.09693690565972317,0.0
1733903880.0,8.21959730496748e-06,8.21959730496748e-06,8.18024323164995e-06,8.18024323164995e-06,13.26179164296,0.00010874563408719484,-0.004787834714694323,0.0,0.09693690565972317,0.004787834714694323
1733903940.0,8.18024323164995e-06,8.18024323164995e-06,8.18024323164995e-06,8.18024323164995e-06,0.0,0.0,0.0,-1.0,0.0964727877776705,0.0
1733904000.0,8.18024323164995e-06,8.18024323164995e-06,8.18024323164995e-06,8.18024323164995e-06,0.0,0.0,0.0,0.0,0.0964727877776705,0.0
1733904060.0,8.18024323164995e-06,8.18024323164995e-06,8.13608245812329e-06,8.13608245812329e-06,9.80950750788,8.002755967742293e-05,-0.005398467047507674,0.0,0.0964727877776705,0.005398467047507674
1733904120.0,8.13608245812329e-06,8.13608245812329e-06,8.04584611405519e-06,8.04584611405519e-06,51.160813375,0.00041394031386440166,-0.011090883669450206,4.172472027548041,0.09595198261187154,0.011090883669450206
1733904180.0,8.04584611405519e-06,8.04584611405519e-06,8.04584611405519e-06,8.04584611405519e-06,0.0,0.0,0.0,-1.0,0.09488779033487017,0.0
1733904240.0,8.04584611405519e-06,8.04584611405519e-06,8.04584611405519e-06,8.04584611405519e-06,0.0,0.0,0.0,0.0,0.09488779033487017,0.0
1733904300.0,8.04584611405519e-06,8.04584611405519e-06,8.04584611405519e-06,8.04584611405519e-06,0.0,0.0,0.0,0.0,0.09488779033487017,0.0
1733904360.0,8.04584611405519e-06,8.04584611405519e-06,8.04584611405519e-06,8.04584611405519e-06,0.0,0.0,0.0,0.0,0.09488779033487017,0.0
1733904420.0,8.04584611405519e-06,8.04584611405519e-06,8.04584611405519e-06,8.04584611405519e-06,0.0,0.0,0.0,0.0,0.09488779033487017,0.0
1733904480.0,8.04584611405519e-06,8.04584611405519e-06,8.04584611405519e-06,8.04584611405519e-06,0.0,0.0,0.0,0.0,0.09488779033487017,0.0
1733904540.0,8.04584611405519e-06,8.04584611405519e-06,8.04584611405519e-06,8.04584611405519e-06,0.0,0.0,0.0,0.0,0.09488779033487017,0.0
1733904600.0,8.04584611405519e-06,8.04584611405519e-06,8.04584611405519e-06,8.04584611405519e-06,0.0,0.0,0.0,0.0,0.09488779033487017,0.0
1733904660.0,8.04584611405519e-06,8.04584611405519e-06,8.04584611405519e-06,8.04584611405519e-06,0.0,0.0,0.0,0.0,0.09488779033487017,0.0
1733904720.0,8.04584611405519e-06,8.04584611405519e-06,8.04584611405519e-06,8.04584611405519e-06,0.0,0.0,0.0,0.0,0.09488779033487017,0.0
1733904780.0,8.04584611405519e-06,8.04584611405519e-06,8.04584611405519e-06,8.04584611405519e-06,0.0,0.0,0.0,0.0,0.09488779033487017,0.0
1733904840.0,8.04584611405519e-06,8.04584611405519e-06,7.97405680931887e-06,7.97405680931887e-06,28.35165019861,0.00022709534194959553,-0.00892253017503181,0.0,0.09488779033487017,0.00892253017503181
1733904900.0,7.97405680931887e-06,7.97405680931887e-06,7.97405680931887e-06,7.97405680931887e-06,0.0,0.0,0.0,-1.0,0.0940411511623652,0.0
1733904960.0,7.97405680931887e-06,7.97405680931887e-06,7.97405680931887e-06,7.97405680931887e-06,0.0,0.0,0.0,0.0,0.0940411511623652,0.0
1733905020.0,7.97405680931887e-06,7.97405680931887e-06,7.97405680931887e-06,7.97405680931887e-06,0.0,0.0,0.0,0.0,0.0940411511623652,0.0
1733905080.0,7.97405680931887e-06,7.97405680931887e-06,7.97405680931887e-06,7.97405680931887e-06,0.0,0.0,0.0,0.0,0.0940411511623652,0.0
1733905140.0,7.97405680931887e-06,7.97405680931887e-06,7.94023796392634e-06,7.94023796392634e-06,0.5781756168,4.600628598229033e-06,-0.004241109162027437,0.0,0.0940411511623652,0.004241109162027437
1733905200.0,7.94023796392634e-06,7.94023796392634e-06,7.94023796392634e-06,7.94023796392634e-06,0.0,0.0,0.0,-1.0,0.09364231237456289,0.0
1733905260.0,7.94023796392634e-06,7.94023796392634e-06,7.94023796392634e-06,7.94023796392634e-06,0.0,0.0,0.0,0.0,0.09364231237456289,0.0
1733905320.0,7.94023796392634e-06,7.95288967749536e-06,7.94023796392634e-06,7.95288967749536e-06,4.86282109203,3.864271815651523e-05,0.001593367053544083,0.0,0.09364231237456289,0.001593367053544083
1733905380.0,7.95288967749536e-06,7.95288967749536e-06,7.92972365416174e-06,7.92972365416174e-06,12.58362589311,9.993043218524719e-05,-0.0029129064117630193,1.5860093945901357,0.09379151894991819,0.0029129064117630193
1733905440.0,7.92972365416174e-06,7.92972365416174e-06,7.92972365416174e-06,7.92972365416174e-06,0.0,0.0,0.0,-1.0,0.09351831303299998,0.0
1733905500.0,7.92972365416174e-06,7.92972365416174e-06,7.92972365416174e-06,7.92972365416174e-06,0.0,0.0,0.0,0.0,0.09351831303299998,0.0
1733905560.0,7.92972365416174e-06,7.92972365416174e-06,7.92972365416174e-06,7.92972365416174e-06,0.0,0.0,0.0,0.0,0.09351831303299998,0.0
1733905620.0,7.92972365416174e-06,7.92972365416174e-06,7.92972365416174e-06,7.92972365416174e-06,0.0,0.0,0.0,0.0,0.09351831303299998,0.0
1733905680.0,7.92972365416174e-06,7.96151355694025e-06,7.92972365416174e-06,7.96151355694025e-06,4.1493972519,3.296952800651881e-05,0.004008954683033087,0.0,0.09351831303299998,0.004008954683033087
1733905740.0,7.96151355694025e-06,7.96151355694025e-06,7.96151355694025e-06,7.96151355694025e-06,0.0,0.0,0.0,-1.0,0.09389322371198298,0.0
1733905800.0,7.96151355694025e-06,7.96151355694025e-06,7.96151355694025e-06,7.96151355694025e-06,0.0,0.0,0.0,0.0,0.09389322371198298,0.0
1733905860.0,7.96151355694025e-06,7.96151355694025e-06,7.96151355694025e-06,7.96151355694025e-06,0.0,0.0,0.0,0.0,0.09389322371198298,0.0
1733905920.0,7.96151355694025e-06,7.96151355694025e-06,7.93833332435432e-06,7.93833332435432e-06,0.87828001392,6.982258870114631e-06,-0.0029115359058483935,0.0,0.09389322371198298,0.0029115359058483935
1733905980.0,7.93833332435432e-06,7.93833332435432e-06,7.93833332435432e-06,7.93833332435432e-06,0.0,0.0,0.0,-1.0,0.09361985021982969,0.0
1733906040.0,7.93833332435432e-06,7.93833332435432e-06,7.79243284553249e-06,7.79243284553249e-06,104.3287584942,0.0008205856523334264,-0.018379233128724356,0.0,0.09361985021982969,0.018379233128724356
1733906100.0,7.79243284553249e-06,7.79243284553249e-06,7.79243284553249e-06,7.79243284553249e-06,0.0,0.0,0.0,-1.0,0.09189918916716318,0.0
1733906160.0,7.79243284553249e-06,7.79243284553249e-06,7.64533292089644e-06,7.64533292089644e-06,2.12155694955,1.637604962364619e-05,-0.018877278451027654,0.0,0.09189918916716318,0.018877278451027654
1733906220.0,7.64533292089644e-06,7.64533292089644e-06,7.64533292089644e-06,7.64533292089644e-06,0.0,0.0,0.0,-1.0,0.09016438258383098,0.0
1733906280.0,7.64533292089644e-06,7.64533292089644e-06,7.64533292089644e-06,7.64533292089644e-06,0.0,0.0,0.0,0.0,0.09016438258383098,0.0
1733906340.0,7.64533292089644e-06,7.64533292089644e-06,7.64533292089644e-06,7.64533292089644e-06,0.0,0.0,0.0,0.0,0.09016438258383098,0.0
1733906400.0,7.64533292089644e-06,7.64533292089644e-06,7.64533292089644e-06,7.64533292089644e-06,0.0,0.0,0.0,0.0,0.09016438258383098,0.0
1733906460.0,7.64533292089644e-06,7.64533292089644e-06,7.64533292089644e-06,7.64533292089644e-06,0.0,0.0,0.0,0.0,0.09016438258383098,0.0
1733906520.0,7.64533292089644e-06,7.64533292089644e-06,7.64533292089644e-06,7.64533292089644e-06,0.0,0.0,0.0,0.0,0.09016438258383098,0.0
1733906580.0,7.64533292089644e-06,7.64533292089644e-06,7.64533292089644e-06,7.64533292089644e-06,0.0,0.0,0.0,0.0,0.09016438258383098,0.0
1733906640.0,7.64533292089644e-06,7.64533292089644e-06,7.64533292089644e-06,7.64533292089644e-06,0.0,0.0,0.0,0.0,0.09016438258383098,0.0
1733906700.0,7.64533292089644e-06,7.64533292089644e-06,7.64533292089644e-06,7.64533292089644e-06,0.0,0.0,0.0,0.0,0.09016438258383098,0.0
1733906760.0,7.64533292089644e-06,7.64533292089644e-06,7.64533292089644e-06,7.64533292089644e-06,0.0,0.0,0.0,0.0,0.09016438258383098,0.0
1733906820.0,7.64533292089644e-06,7.66578483822586e-06,7.64533292089644e-06,7.66578483822586e-06,7.51534937438,5.753419963603915e-05,0.002675085250181826,0.0,0.09016438258383098,0.002675085250181826
1733906880.0,7.66578483822586e-06,7.66578483822586e-06,7.66578483822586e-06,7.66578483822586e-06,0.0,0.0,0.0,-1.0,0.09040557999377273,0.0
1733906940.0,7.66578483822586e-06,7.66578483822586e-06,7.66578483822586e-06,7.66578483822586e-06,0.0,0.0,0.0,0.0,0.09040557999377273,0.0
1733907000.0,7.66578483822586e-06,7.66578483822586e-06,7.66578483822586e-06,7.66578483822586e-06,0.0,0.0,0.0,0.0,0.09040557999377273,0.0
1733907060.0,7.66578483822586e-06,7.66578483822586e-06,7.66578483822586e-06,7.66578483822586e-06,0.0,0.0,0.0,0.0,0.09040557999377273,0.0
1733907120.0,7.66578483822586e-06,7.66578483822586e-06,7.66578483822586e-06,7.66578483822586e-06,0.0,0.0,0.0,0.0,0.09040557999377273,0.0
1733907180.0,7.66578483822586e-06,7.66578483822586e-06,7.66578483822586e-06,7.66578483822586e-06,0.0,0.0,0.0,0.0,0.09040557999377273,0.0
1733907240.0,7.66578483822586e-06,7.66578483822586e-06,7.66578483822586e-06,7.66578483822586e-06,0.0,0.0,0.0,0.0,0.09040557999377273,0.0
1733907300.0,7.66578483822586e-06,7.66578483822586e-06,7.17496651715138e-06,7.17496651715138e-06,325.26353546082,0.0024135776273724787,-0.06402714548248033,0.0,0.09040557999377273,0.06402714548248033
1733907360.0,7.17496651715138e-06,7.17496651715138e-06,6.73913401944465e-06,6.73913401944465e-06,1.08763105131,7.5667038973254885e-06,-0.06074348872080385,-0.9968649428087536,0.08461716877108344,0.06074348872080385
1733907420.0,6.73913401944465e-06,6.73913401944465e-06,6.73913401944465e-06,6.73913401944465e-06,0.0,0.0,0.0,-1.0,0.07947722673425077,0.0
1733907480.0,6.73913401944465e-06,6.73913401944465e-06,6.73913401944465e-06,6.73913401944465e-06,0.0,0.0,0.0,0.0,0.07947722673425077,0.0
1733907540.0,6.73913401944465e-06,6.73913401944465e-06,6.73913401944465e-06,6.73913401944465e-06,0.0,0.0,0.0,0.0,0.07947722673425077,0.0
1733907600.0,6.73913401944465e-06,6.73913401944465e-06,6.73913401944465e-06,6.73913401944465e-06,0.0,0.0,0.0,0.0,0.07947722673425077,0.0
1733907660.0,6.73913401944465e-06,6.73913401944465e-06,6.73913401944465e-06,6.73913401944465e-06,0.0,0.0,0.0,0.0,0.07947722673425077,0.0
1733907720.0,6.73913401944465e-06,6.73913401944465e-06,6.73913401944465e-06,6.73913401944465e-06,0.0,0.0,0.0,0.0,0.07947722673425077,0.0
1733907780.0,6.73913401944465e-06,6.73913401944465e-06,6.73913401944465e-06,6.73913401944465e-06,0.0,0.0,0.0,0.0,0.07947722673425077,0.0
1733907840.0,6.73913401944465e-06,6.73913401944465e-06,6.73913401944465e-06,6.73913401944465e-06,0.0,0.0,0.0,0.0,0.07947722673425077,0.0
1733907900.0,6.73913401944465e-06,6.73913401944465e-06,6.73913401944465e-06,6.73913401944465e-06,0.0,0.0,0.0,0.0,0.07947722673425077,0.0
1733907960.0,6.73913401944465e-06,6.73913401944465e-06,6.73913401944465e-06,6.73913401944465e-06,0.0,0.0,0.0,0.0,0.07947722673425077,0.0
1733908020.0,6.73913401944465e-06,6.73913401944465e-06,6.73913401944465e-06,6.73913401944465e-06,0.0,0.0,0.0,0.0,0.07947722673425077,0.0
1733908080.0,6.73913401944465e-06,6.73913401944465e-06,6.73913401944465e-06,6.73913401944465e-06,0.0,0.0,0.0,0.0,0.07947722673425077,0.0
1733908140.0,6.73913401944465e-06,6.73913401944465e-06,6.73913401944465e-06,6.73913401944465e-06,0.0,0.0,0.0,0.0,0.07947722673425077,0.0
1733908200.0,6.73913401944465e-06,6.73913401944465e-06,6.73913401944465e-06,6.73913401944465e-06,0.0,0.0,0.0,0.0,0.07947722673425077,0.0
1733908260.0,6.73913401944465e-06,6.73913401944465e-06,6.73913401944465e-06,6.73913401944465e-06,0.0,0.0,0.0,0.0,0.07947722673425077,0.0
1733908320.0,6.73913401944465e-06,6.73913401944465e-06,6.73913401944465e-06,6.73913401944465e-06,0.0,0.0,0.0,0.0,0.07947722673425077,0.0
1733908380.0,6.73913401944465e-06,6.73913401944465e-06,6.73913401944465e-06,6.73913401944465e-06,0.0,0.0,0.0,0.0,0.07947722673425077,0.0
1733908440.0,6.73913401944465e-06,6.73913401944465e-06,6.7046200271405e-06,6.7046200271405e-06,11.38189775104,7.650771697418122e-05,-0.00512142839192185,0.0,0.07947722673425077,0.00512142839192185
1733908500.0,6.7046200271405e-06,6.7046200271405e-06,6.7046200271405e-06,6.7046200271405e-06,0.0,0.0,0.0,-1.0,0.07907018980874277,0.0
1733908560.0,6.7046200271405e-06,6.7046200271405e-06,6.67259294681204e-06,6.67259294681204e-06,5.64376941765,3.774895273789208e-05,-0.004776867324145614,0.0,0.07907018980874277,0.004776867324145614
1733908620.0,6.67259294681204e-06,6.67259294681204e-06,6.67259294681204e-06,6.67259294681204e-06,0.0,0.0,0.0,-1.0,0.07869248200273139,0.0
1733908680.0,6.67259294681204e-06,6.67259294681204e-06,6.67259294681204e-06,6.67259294681204e-06,0.0,0.0,0.0,0.0,0.07869248200273139,0.0
1733908740.0,6.67259294681204e-06,6.67259294681204e-06,6.67259294681204e-06,6.67259294681204e-06,0.0,0.0,0.0,0.0,0.07869248200273139,0.0
1733908800.0,6.67259294681204e-06,6.67259294681204e-06,6.67259294681204e-06,6.67259294681204e-06,0.0,0.0,0.0,0.0,0.07869248200273139,0.0
1733908860.0,6.67259294681204e-06,6.67259294681204e-06,6.67259294681204e-06,6.67259294681204e-06,0.0,0.0,0.0,0.0,0.07869248200273139,0.0
1733908920.0,6.67259294681204e-06,6.67259294681204e-06,6.67259294681204e-06,6.67259294681204e-06,0.0,0.0,0.0,0.0,0.07869248200273139,0.0
1733908980.0,6.67259294681204e-06,6.67259294681204e-06,6.67259294681204e-06,6.67259294681204e-06,0.0,0.0,0.0,0.0,0.07869248200273139,0.0
1733909040.0,6.67259294681204e-06,6.67259294681204e-06,6.67259294681204e-06,6.67259294681204e-06,0.0,0.0,0.0,0.0,0.07869248200273139,0.0
1733909100.0,6.67259294681204e-06,6.67259294681204e-06,6.66264757109419e-06,6.66264757109419e-06,0.24452684536,1.6304121479802316e-06,-0.0014904814061228618,0.0,0.07869248200273139,0.0014904814061228618
1733909160.0,6.66264757109419e-06,6.66264757109419e-06,6.66264757109419e-06,6.66264757109419e-06,0.0,0.0,0.0,-1.0,0.07857519232150467,0.0
1733909220.0,6.66264757109419e-06,6.66264757109419e-06,6.66264757109419e-06,6.66264757109419e-06,0.0,0.0,0.0,0.0,0.07857519232150467,0.0
1733909280.0,6.66264757109419e-06,6.66264757109419e-06,6.64701217939241e-06,6.64701217939241e-06,6.88476052653,4.581691003584764e-05,-0.0023467235111780385,0.0,0.07857519232150467,0.0023467235111780385
1733909340.0,6.64701217939241e-06,6.64701217939241e-06,6.64701217939241e-06,6.64701217939241e-06,0.0,0.0,0.0,-1.0,0.07839079807028845,0.0
1733909400.0,6.64701217939241e-06,6.64701217939241e-06,6.64701217939241e-06,6.64701217939241e-06,0.0,0.0,0.0,0.0,0.07839079807028845,0.0
1733909460.0,6.64701217939241e-06,6.64701217939241e-06,6.64701217939241e-06,6.64701217939241e-06,0.0,0.0,0.0,0.0,0.07839079807028845,0.0
1733909520.0,6.64701217939241e-06,6.64701217939241e-06,6.64701217939241e-06,6.64701217939241e-06,0.0,0.0,0.0,0.0,0.07839079807028845,0.0
1733909580.0,6.64701217939241e-06,6.64701217939241e-06,6.64701217939241e-06,6.64701217939241e-06,0.0,0.0,0.0,0.0,0.07839079807028845,0.0
1733909640.0,6.64701217939241e-06,6.64701217939241e-06,6.64701217939241e-06,6.64701217939241e-06,0.0,0.0,0.0,0.0,0.07839079807028845,0.0
1733909700.0,6.64701217939241e-06,6.64701217939241e-06,6.64701217939241e-06,6.64701217939241e-06,0.0,0.0,0.0,0.0,0.07839079807028845,0.0
1733909760.0,6.64701217939241e-06,6.65192345791043e-06,6.64701217939241e-06,6.65192345791043e-06,1.52933356069,1.0169254295791744e-05,0.0007388700946337396,0.0,0.07839079807028845,0.0007388700946337396
1733909820.0,6.65192345791043e-06,6.65192345791043e-06,6.65192345791043e-06,6.65192345791043e-06,0.0,0.0,0.0,-1.0,0.07844871868667706,0.0
1733909880.0,6.65192345791043e-06,6.65192345791043e-06,6.65082031940757e-06,6.65082031940757e-06,0.65960809115,4.387298715007133e-06,-0.00016583752200995767,0.0,0.07844871868667706,0.00016583752200995767
1733909940.0,6.65082031940757e-06,6.65082031940757e-06,6.65082031940757e-06,6.65082031940757e-06,0.0,0.0,0.0,-1.0,0.07843570894556522,0.0
1733910000.0,6.65082031940757e-06,6.65082031940757e-06,6.65082031940757e-06,6.65082031940757e-06,0.0,0.0,0.0,0.0,0.07843570894556522,0.0
1733910060.0,6.65082031940757e-06,6.65082031940757e-06,6.65082031940757e-06,6.65082031940757e-06,0.0,0.0,0.0,0.0,0.07843570894556522,0.0
1733910120.0,6.65082031940757e-06,6.65082031940757e-06,6.65082031940757e-06,6.65082031940757e-06,0.0,0.0,0.0,0.0,0.07843570894556522,0.0
1733910180.0,6.65082031940757e-06,6.65082031940757e-06,6.65082031940757e-06,6.65082031940757e-06,0.0,0.0,0.0,0.0,0.07843570894556522,0.0
1733910240.0,6.65082031940757e-06,6.65082031940757e-06,6.65082031940757e-06,6.65082031940757e-06,0.0,0.0,0.0,0.0,0.07843570894556522,0.0
1733910300.0,6.65082031940757e-06,6.65082031940757e-06,6.65082031940757e-06,6.65082031940757e-06,0.0,0.0,0.0,0.0,0.07843570894556522,0.0
1733910360.0,6.65082031940757e-06,6.65082031940757e-06,6.65082031940757e-06,6.65082031940757e-06,0.0,0.0,0.0,0.0,0.07843570894556522,0.0
1733910420.0,6.65082031940757e-06,6.65082031940757e-06,6.64066730322279e-06,6.64066730322279e-06,1.10918401899,7.371352829812491e-06,-0.0015265810377033228,0.0,0.07843570894556522,0.0015265810377033228
1733910480.0,6.64066730322279e-06,6.64066730322279e-06,6.63424423474259e-06,6.63424423474259e-06,6.2299344742,4.1350914516162934e-05,-0.000967232385980767,4.609677825883528,0.0783159704796101,0.000967232385980767
1733910540.0,6.63424423474259e-06,6.63424423474259e-06,6.63424423474259e-06,6.63424423474259e-06,0.0,0.0,0.0,-1.0,0.0782402207366227,0.0
1733910600.0,6.63424423474259e-06,6.63424423474259e-06,6.63424423474259e-06,6.63424423474259e-06,0.0,0.0,0.0,0.0,0.0782402207366227,0.0
1733910660.0,6.63424423474259e-06,6.63424423474259e-06,6.63424423474259e-06,6.63424423474259e-06,0.0,0.0,0.0,0.0,0.0782402207366227,0.0
1733910720.0,6.63424423474259e-06,6.63424423474259e-06,6.63424423474259e-06,6.63424423474259e-06,0.0,0.0,0.0,0.0,0.0782402207366227,0.0
1733910780.0,6.63424423474259e-06,6.63424423474259e-06,6.63424423474259e-06,6.63424423474259e-06,0.0,0.0,0.0,0.0,0.0782402207366227,0.0
1733910840.0,6.63424423474259e-06,6.63865763818739e-06,6.63424423474259e-06,6.63865763818739e-06,3.31882863906,2.2025243429656563e-05,0.0006652458499625748,0.0,0.0782402207366227,0.0006652458499625748
1733910900.0,6.63865763818739e-06,6.63865763818739e-06,6.63865763818739e-06,6.63865763818739e-06,0.0,0.0,0.0,-1.0,0.07829226971876789,0.0
1733910960.0,6.63865763818739e-06,6.63865763818739e-06,6.63865763818739e-06,6.63865763818739e-06,0.0,0.0,0.0,0.0,0.07829226971876789,0.0
1733911020.0,6.63865763818739e-06,6.63891123479243e-06,6.63865763818739e-06,6.63891123479243e-06,0.55192770205,3.66412903843718e-06,3.81999824152293e-05,0.0,0.07829226971876789,3.81999824152293e-05
1733911080.0,6.63891123479243e-06,6.63891123479243e-06,6.63891123479243e-06,6.63891123479243e-06,0.0,0.0,0.0,-1.0,0.0782952604820944,0.0
1733911140.0,6.63891123479243e-06,6.63891123479243e-06,6.63891123479243e-06,6.63891123479243e-06,0.0,0.0,0.0,0.0,0.0782952604820944,0.0
1733911200.0,6.63891123479243e-06,6.63891123479243e-06,6.63891123479243e-06,6.63891123479243e-06,0.0,0.0,0.0,0.0,0.0782952604820944,0.0
1733911260.0,6.63891123479243e-06,6.63891123479243e-06,6.63891123479243e-06,6.63891123479243e-06,0.0,0.0,0.0,0.0,0.0782952604820944,0.0
1733911320.0,6.63891123479243e-06,6.63891123479243e-06,6.63891123479243e-06,6.63891123479243e-06,0.0,0.0,0.0,0.0,0.0782952604820944,0.0
1733911380.0,6.63891123479243e-06,6.63891123479243e-06,6.63891123479243e-06,6.63891123479243e-06,0.0,0.0,0.0,0.0,0.0782952604820944,0.0
1733911440.0,6.63891123479243e-06,6.63891123479243e-06,6.63891123479243e-06,6.63891123479243e-06,0.0,0.0,0.0,0.0,0.0782952604820944,0.0
1733911500.0,6.63891123479243e-06,6.63891123479243e-06,6.63891123479243e-06,6.63891123479243e-06,0.0,0.0,0.0,0.0,0.0782952604820944,0.0
1733911560.0,6.63891123479243e-06,6.63891123479243e-06,6.63891123479243e-06,6.63891123479243e-06,0.0,0.0,0.0,0.0,0.0782952604820944,0.0
1733911620.0,6.63891123479243e-06,6.63891123479243e-06,6.63891123479243e-06,6.63891123479243e-06,0.0,0.0,0.0,0.0,0.0782952604820944,0.0
1733911680.0,6.63891123479243e-06,6.63891123479243e-06,6.63891123479243e-06,6.63891123479243e-06,0.0,0.0,0.0,0.0,0.0782952604820944,0.0
1733911740.0,6.63891123479243e-06,6.70923156841723e-06,6.63891123479243e-06,6.70923156841723e-06,5.5765,3.7217959171049335e-05,0.010592148492101185,0.0,0.0782952604820944,0.010592148492101185
1733911800.0,6.70923156841723e-06,6.72628740417908e-06,6.70923156841723e-06,6.72628740417908e-06,2.95292306175,1.9837026910379656e-05,0.002542144444996885,-0.4670039047758898,0.07912457550734849,0.002542144444996885
1733911860.0,6.72628740417908e-06,6.72628740417908e-06,6.72628740417908e-06,6.72628740417908e-06,0.0,0.0,0.0,-1.0,0.07932572160743723,0.0
1733911920.0,6.72628740417908e-06,6.72628740417908e-06,6.72628740417908e-06,6.72628740417908e-06,0.0,0.0,0.0,0.0,0.07932572160743723,0.0
1733911980.0,6.72628740417908e-06,6.72628740417908e-06,6.72628740417908e-06,6.72628740417908e-06,0.0,0.0,0.0,0.0,0.07932572160743723,0.0
1733912040.0,6.72628740417908e-06,6.72628740417908e-06,6.72628740417908e-06,6.72628740417908e-06,0.0,0.0,0.0,0.0,0.07932572160743723,0.0
1733912100.0,6.72628740417908e-06,6.72628740417908e-06,6.72628740417908e-06,6.72628740417908e-06,0.0,0.0,0.0,0.0,0.07932572160743723,0.0
1733912160.0,6.72628740417908e-06,6.76590815816413e-06,6.72628740417908e-06,6.76590815816413e-06,22.345,0.00015074155492027949,0.0058904342922417195,0.0,0.07932572160743723,0.0058904342922417195
1733912220.0,6.76590815816413e-06,6.76590815816413e-06,6.76590815816413e-06,6.76590815816413e-06,0.0,0.0,0.0,-1.0,0.0797929845582505,0.0
1733912280.0,6.76590815816413e-06,6.76590815816413e-06,6.76590815816413e-06,6.76590815816413e-06,0.0,0.0,0.0,0.0,0.0797929845582505,0.0
1733912340.0,6.76590815816413e-06,6.76590815816413e-06,6.76590815816413e-06,6.76590815816413e-06,0.0,0.0,0.0,0.0,0.0797929845582505,0.0
1733912400.0,6.76590815816413e-06,6.76590815816413e-06,6.76590815816413e-06,6.76590815816413e-06,0.0,0.0,0.0,0.0,0.0797929845582505,0.0
1733912460.0,6.76590815816413e-06,6.76590815816413e-06,6.76590815816413e-06,6.76590815816413e-06,0.0,0.0,0.0,0.0,0.0797929845582505,0.0
1733912520.0,6.76590815816413e-06,6.76590815816413e-06,6.76590815816413e-06,6.76590815816413e-06,0.0,0.0,0.0,0.0,0.0797929845582505,0.0
1733912580.0,6.76590815816413e-06,6.76590815816413e-06,6.76590815816413e-06,6.76590815816413e-06,0.0,0.0,0.0,0.0,0.0797929845582505,0.0
1733912640.0,6.76590815816413e-06,6.76590815816413e-06,6.76590815816413e-06,6.76590815816413e-06,0.0,0.0,0.0,0.0,0.0797929845582505,0.0
1733912700.0,6.76590815816413e-06,6.76590815816413e-06,6.76590815816413e-06,6.76590815816413e-06,0.0,0.0,0.0,0.0,0.0797929845582505,0.0
1733912760.0,6.76590815816413e-06,6.76590815816413e-06,6.76590815816413e-06,6.76590815816413e-06,0.0,0.0,0.0,0.0,0.0797929845582505,0.0
1733912820.0,6.76590815816413e-06,6.76590815816413e-06,6.76590815816413e-06,6.76590815816413e-06,0.0,0.0,0.0,0.0,0.0797929845582505,0.0
1733912880.0,6.76590815816413e-06,6.76590815816413e-06,6.76590815816413e-06,6.76590815816413e-06,0.0,0.0,0.0,0.0,0.0797929845582505,0.0
1733912940.0,6.76590815816413e-06,6.76590815816413e-06,6.74434416971996e-06,6.74434416971996e-06,12.4717490058,8.424823801919776e-05,-0.003187153585309831,0.0,0.0797929845582505,0.003187153585309831
1733913000.0,6.74434416971996e-06,6.74434416971996e-06,6.74434416971996e-06,6.74434416971996e-06,0.0,0.0,0.0,-1.0,0.0795386720614331,0.0
1733913060.0,6.74434416971996e-06,6.74434416971996e-06,6.74434416971996e-06,6.74434416971996e-06,0.0,0.0,0.0,0.0,0.0795386720614331,0.0
1733913120.0,6.74434416971996e-06,6.74434416971996e-06,6.74434416971996e-06,6.74434416971996e-06,0.0,0.0,0.0,0.0,0.0795386720614331,0.0
1733913180.0,6.74434416971996e-06,6.74434416971996e-06,6.74434416971996e-06,6.74434416971996e-06,0.0,0.0,0.0,0.0,0.0795386720614331,0.0
1733913240.0,6.74434416971996e-06,6.74434416971996e-06,6.74434416971996e-06,6.74434416971996e-06,0.0,0.0,0.0,0.0,0.0795386720614331,0.0
1733913300.0,6.74434416971996e-06,6.74434416971996e-06,6.74434416971996e-06,6.74434416971996e-06,0.0,0.0,0.0,0.0,0.0795386720614331,0.0
1733913360.0,6.74434416971996e-06,6.74434416971996e-06,6.74434416971996e-06,6.74434416971996e-06,0.0,0.0,0.0,0.0,0.0795386720614331,0.0
1733913420.0,6.74434416971996e-06,6.74434416971996e-06,6.74434416971996e-06,6.74434416971996e-06,0.0,0.0,0.0,0.0,0.0795386720614331,0.0
1733913480.0,6.74434416971996e-06,6.74434416971996e-06,6.74434416971996e-06,6.74434416971996e-06,0.0,0.0,0.0,0.0,0.0795386720614331,0.0
1733913540.0,6.74434416971996e-06,6.74434416971996e-06,6.74434416971996e-06,6.74434416971996e-06,0.0,0.0,0.0,0.0,0.0795386720614331,0.0
1733913600.0,6.74434416971996e-06,6.74434416971996e-06,6.74434416971996e-06,6.74434416971996e-06,0.0,0.0,0.0,0.0,0.0795386720614331,0.0
1733913660.0,6.74434416971996e-06,6.74434416971996e-06,6.74434416971996e-06,6.74434416971996e-06,0.0,0.0,0.0,0.0,0.0795386720614331,0.0
1733913720.0,6.74434416971996e-06,6.74434416971996e-06,6.74434416971996e-06,6.74434416971996e-06,0.0,0.0,0.0,0.0,0.0795386720614331,0.0
1733913780.0,6.74434416971996e-06,6.74434416971996e-06,6.74434416971996e-06,6.74434416971996e-06,0.0,0.0,0.0,0.0,0.0795386720614331,0.0
1733913840.0,6.74434416971996e-06,6.74434416971996e-06,6.74434416971996e-06,6.74434416971996e-06,0.0,0.0,0.0,0.0,0.0795386720614331,0.0
1733913900.0,6.74434416971996e-06,6.74434416971996e-06,6.74434416971996e-06,6.74434416971996e-06,0.0,0.0,0.0,0.0,0.0795386720614331,0.0
1733913960.0,6.74434416971996e-06,6.74434416971996e-06,6.74434416971996e-06,6.74434416971996e-06,0.0,0.0,0.0,0.0,0.0795386720614331,0.0
1733914020.0,6.74434416971996e-06,6.74434416971996e-06,6.70470606951537e-06,6.70470606951537e-06,10.38063511286,6.980484157401223e-05,-0.0058772356817958496,0.0,0.0795386720614331,0.0058772356817958496
1733914080.0,6.70470606951537e-06,6.70470606951537e-06,6.70470606951537e-06,6.70470606951537e-06,0.0,0.0,0.0,-1.0,0.07907120453991098,0.0
1733914140.0,6.70470606951537e-06,6.70470606951537e-06,6.70149703296778e-06,6.70149703296778e-06,2.20799279916,1.4800399957179623e-05,-0.0004786244936493355,0.0,0.07907120453991098,0.0004786244936493355
1733914200.0,6.70149703296778e-06,6.70149703296778e-06,6.70149703296778e-06,6.70149703296778e-06,0.0,0.0,0.0,-1.0,0.07903335912467582,0.0
1733914260.0,6.70149703296778e-06,6.70149703296778e-06,6.70149703296778e-06,6.70149703296778e-06,0.0,0.0,0.0,0.0,0.07903335912467582,0.0
1733914320.0,6.70149703296778e-06,6.70149703296778e-06,6.70149703296778e-06,6.70149703296778e-06,0.0,0.0,0.0,0.0,0.07903335912467582,0.0
1733914380.0,6.70149703296778e-06,6.70149703296778e-06,6.70149703296778e-06,6.70149703296778e-06,0.0,0.0,0.0,0.0,0.07903335912467582,0.0
1733914440.0,6.70149703296778e-06,6.70149703296778e-06,6.70149703296778e-06,6.70149703296778e-06,0.0,0.0,0.0,0.0,0.07903335912467582,0.0
1733914500.0,6.70149703296778e-06,6.70149703296778e-06,6.70149703296778e-06,6.70149703296778e-06,0.0,0.0,0.0,0.0,0.07903335912467582,0.0
1733914560.0,6.70149703296778e-06,6.70149703296778e-06,6.70149703296778e-06,6.70149703296778e-06,0.0,0.0,0.0,0.0,0.07903335912467582,0.0
1733914620.0,6.70149703296778e-06,6.70149703296778e-06,6.70149703296778e-06,6.70149703296778e-06,0.0,0.0,0.0,0.0,0.07903335912467582,0.0
1733914680.0,6.70149703296778e-06,6.70290807188127e-06,6.70149703296778e-06,6.70290807188127e-06,1.0216438425,6.8472639688723e-06,0.00021055577679853095,0.0,0.07903335912467582,0.00021055577679853095
1733914740.0,6.70290807188127e-06,6.70290807188127e-06,6.70126006494142e-06,6.70126006494142e-06,0.22117217625,1.482314518820991e-06,-0.00024586446989529096,-0.7835172522105763,0.07905000005499932,0.00024586446989529096
1733914800.0,6.70126006494142e-06,6.70126006494142e-06,6.70126006494142e-06,6.70126006494142e-06,0.0,0.0,0.0,-1.0,0.07903056446864057,0.0
1733914860.0,6.70126006494142e-06,6.70126006494142e-06,6.70126006494142e-06,6.70126006494142e-06,0.0,0.0,0.0,0.0,0.07903056446864057,0.0
1733914920.0,6.70126006494142e-06,6.70126006494142e-06,6.6982823917683e-06,6.6982823917683e-06,4.97215092,3.3312273676854144e-05,-0.00044434526406437195,0.0,0.07903056446864057,0.00044434526406437195
1733914980.0,6.6982823917683e-06,6.6982823917683e-06,6.6982823917683e-06,6.6982823917683e-06,0.0,0.0,0.0,-1.0,0.0789954476116026,0.0
1733915040.0,6.6982823917683e-06,6.6982823917683e-06,6.6982823917683e-06,6.6982823917683e-06,0.0,0.0,0.0,0.0,0.0789954476116026,0.0
1733915100.0,6.6982823917683e-06,6.6982823917683e-06,6.62382312057888e-06,6.62382312057888e-06,54.9666826866,0.00036613597320729607,-0.011116173794184088,0.0,0.0789954476116026,0.011116173794184088
1733915160.0,6.62382312057888e-06,6.62382312057888e-06,6.62382312057888e-06,6.62382312057888e-06,0.0,0.0,0.0,-1.0,0.07811732048700266,0.0
1733915220.0,6.62382312057888e-06,6.62382312057888e-06,6.62382312057888e-06,6.62382312057888e-06,0.0,0.0,0.0,0.0,0.07811732048700266,0.0
1733915280.0,6.62382312057888e-06,6.62382312057888e-06,6.62382312057888e-06,6.62382312057888e-06,0.0,0.0,0.0,0.0,0.07811732048700266,0.0
1733915340.0,6.62382312057888e-06,6.62382312057888e-06,6.62382312057888e-06,6.62382312057888e-06,0.0,0.0,0.0,0.0,0.07811732048700266,0.0
1733915400.0,6.62382312057888e-06,6.62382312057888e-06,6.62382312057888e-06,6.62382312057888e-06,0.0,0.0,0.0,0.0,0.07811732048700266,0.0
1733915460.0,6.62382312057888e-06,7.25232056241874e-06,6.62382312057888e-06,7.25232056241874e-06,346.89,0.0024067477410975218,0.0948843938611895,0.0,0.07811732048700266,0.0948843938611895
1733915520.0,7.25232056241874e-06,8.08073270118977e-06,7.25232056241874e-06,8.08073270118977e-06,642.8951024353,0.004928772424276752,0.11422718171943916,1.0478973928647546,0.08552943509147219,0.11422718171943916
1733915580.0,8.08073270118977e-06,8.08073270118977e-06,8.04020068622855e-06,8.04020068622855e-06,21.3532756494,0.00017211736717357955,-0.00501588364075612,-0.9650790597825512,0.09529922141602676,0.00501588364075612
1733915640.0,8.04020068622855e-06,8.04020068622855e-06,8.04020068622855e-06,8.04020068622855e-06,0.0,0.0,0.0,-1.0,0.09482121161034932,0.0
1733915700.0,8.04020068622855e-06,8.04020068622855e-06,8.04020068622855e-06,8.04020068622855e-06,0.0,0.0,0.0,0.0,0.09482121161034932,0.0
1733915760.0,8.04020068622855e-06,8.04020068622855e-06,8.04020068622855e-06,8.04020068622855e-06,0.0,0.0,0.0,0.0,0.09482121161034932,0.0
1733915820.0,8.04020068622855e-06,8.14713318433392e-06,8.04020068622855e-06,8.14713318433392e-06,67.143,0.0005434330790355879,0.013299729979193969,0.0,0.09482121161034932,0.013299729979193969
1733915880.0,8.14713318433392e-06,8.14713318433392e-06,8.14713318433392e-06,8.14713318433392e-06,0.0,0.0,0.0,-1.0,0.09608230812106697,0.0
1733915940.0,8.14713318433392e-06,8.14713318433392e-06,8.14713318433392e-06,8.14713318433392e-06,0.0,0.0,0.0,0.0,0.09608230812106697,0.0
1733916000.0,8.14713318433392e-06,8.14713318433392e-06,8.14713318433392e-06,8.14713318433392e-06,0.0,0.0,0.0,0.0,0.09608230812106697,0.0
1733916060.0,8.14713318433392e-06,8.14713318433392e-06,8.14713318433392e-06,8.14713318433392e-06,0.0,0.0,0.0,0.0,0.09608230812106697,0.0
1733916120.0,8.14713318433392e-06,8.14713318433392e-06,8.1023075949829e-06,8.1023075949829e-06,75.2330331154,0.0006112473581285368,-0.005502007680102129,0.0,0.09608230812106697,0.005502007680102129
1733916180.0,8.1023075949829e-06,8.69091517900541e-06,8.0991054040188e-06,8.69091517900541e-06,335.4757235,0.002816859280000203,0.0726469067142042,3.6083786580683372,0.09555366252386292,0.07304212633855932
1733916240.0,8.69091517900541e-06,1.05108304288203e-05,8.69091517900541e-06,1.05108304288203e-05,485.8380918175,0.004664469722835553,0.20940432766059533,0.655911516756782,0.10249534053143454,0.20940432766059533
1733916300.0,1.05108304288203e-05,1.05108304288203e-05,1.05108304288203e-05,1.05108304288203e-05,0.0,0.0,0.0,-1.0,0.12395830840376336,0.0
1733916360.0,1.05108304288203e-05,1.05964941380687e-05,1.05108304288203e-05,1.05964941380687e-05,4.95661450768,5.231043558327625e-05,0.008150041980842154,0.0,0.12395830840376336,0.008150041980842154
1733916420.0,1.05964941380687e-05,1.05964941380687e-05,1.05964941380687e-05,1.05964941380687e-05,0.0,0.0,0.0,-1.0,0.1249685738211282,0.0
1733916480.0,1.05964941380687e-05,1.05964941380687e-05,1.05964941380687e-05,1.05964941380687e-05,0.0,0.0,0.0,0.0,0.1249685738211282,0.0
1733916540.0,1.05964941380687e-05,1.05964941380687e-05,1.05964941380687e-05,1.05964941380687e-05,0.0,0.0,0.0,0.0,0.1249685738211282,0.0
1733916600.0,1.05964941380687e-05,1.05964941380687e-05,1.01462164616436e-05,1.01462164616436e-05,261.54401775696,0.002712565934709318,-0.042493080311104305,0.0,0.1249685738211282,0.042493080311104305
1733916660.0,1.01462164616436e-05,1.01462164616436e-05,9.66143863680043e-06,9.66143863680043e-06,45.02230404749,0.00044589313515498133,-0.047779172332446045,-0.8356194297622618,0.11965827417738284,0.047779172332446045
1733916720.0,9.66143863680043e-06,9.66143863680043e-06,9.66143863680043e-06,9.66143863680043e-06,0.0,0.0,0.0,-1.0,0.11394110087445859,0.0
1733916780.0,9.66143863680043e-06,9.66143863680043e-06,9.66143863680043e-06,9.66143863680043e-06,0.0,0.0,0.0,0.0,0.11394110087445859,0.0
1733916840.0,9.66143863680043e-06,9.66143863680043e-06,7.8830753265442e-06,7.8830753265442e-06,654.1423572684,0.005738304860555307,-0.18406816801407208,0.0,0.11394110087445859,0.18406816801407208
1733916900.0,7.8830753265442e-06,7.8830753265442e-06,7.62436349347398e-06,7.62436349347398e-06,3.829601328,2.9693654149510186e-05,-0.032818642769919484,-0.9948253613443192,0.09296817117499041,0.032818642769919484
1733916960.0,7.62436349347398e-06,7.62436349347398e-06,7.62436349347398e-06,7.62436349347398e-06,0.0,0.0,0.0,-1.0,0.08991708197622568,0.0
1733917020.0,7.62436349347398e-06,7.62436349347398e-06,7.62436349347398e-06,7.62436349347398e-06,0.0,0.0,0.0,0.0,0.08991708197622568,0.0
1733917080.0,7.62436349347398e-06,7.62436349347398e-06,7.62436349347398e-06,7.62436349347398e-06,0.0,0.0,0.0,0.0,0.08991708197622568,0.0
1733917140.0,7.62436349347398e-06,7.62436349347398e-06,7.62436349347398e-06,7.62436349347398e-06,0.0,0.0,0.0,0.0,0.08991708197622568,0.0
1733917200.0,7.62436349347398e-06,7.62436349347398e-06,7.62436349347398e-06,7.62436349347398e-06,0.0,0.0,0.0,0.0,0.08991708197622568,0.0
1733917260.0,7.62436349347398e-06,7.62436349347398e-06,7.62436349347398e-06,7.62436349347398e-06,0.0,0.0,0.0,0.0,0.08991708197622568,0.0
1733917320.0,7.62436349347398e-06,7.62436349347398e-06,7.62436349347398e-06,7.62436349347398e-06,0.0,0.0,0.0,0.0,0.08991708197622568,0.0
1733917380.0,7.62436349347398e-06,7.62436349347398e-06,7.62436349347398e-06,7.62436349347398e-06,0.0,0.0,0.0,0.0,0.08991708197622568,0.0
1733917440.0,7.62436349347398e-06,7.62436349347398e-06,7.62436349347398e-06,7.62436349347398e-06,0.0,0.0,0.0,0.0,0.08991708197622568,0.0
1733917500.0,7.62436349347398e-06,7.62436349347398e-06,7.62436349347398e-06,7.62436349347398e-06,0.0,0.0,0.0,0.0,0.08991708197622568,0.0
1733917560.0,7.62436349347398e-06,7.62436349347398e-06,7.62436349347398e-06,7.62436349347398e-06,0.0,0.0,0.0,0.0,0.08991708197622568,0.0
1733917620.0,7.62436349347398e-06,7.62436349347398e-06,7.62436349347398e-06,7.62436349347398e-06,0.0,0.0,0.0,0.0,0.08991708197622568,0.0
1733917680.0,7.62436349347398e-06,7.62436349347398e-06,7.62436349347398e-06,7.62436349347398e-06,0.0,0.0,0.0,0.0,0.08991708197622568,0.0
1733917740.0,7.62436349347398e-06,7.62970365333333e-06,7.62436349347398e-06,7.62970365333333e-06,0.06866733288,5.237280532718447e-07,0.000700407301399101,0.0,0.08991708197622568,0.000700407301399101
1733917800.0,7.62970365333333e-06,7.62970365333333e-06,7.62970365333333e-06,7.62970365333333e-06,0.0,0.0,0.0,-1.0,0.08998006055696232,0.0
1733917860.0,7.62970365333333e-06,7.62970365333333e-06,7.62970365333333e-06,7.62970365333333e-06,0.0,0.0,0.0,0.0,0.08998006055696232,0.0
1733917920.0,7.62970365333333e-06,7.62970365333333e-06,7.62970365333333e-06,7.62970365333333e-06,0.0,0.0,0.0,0.0,0.08998006055696232,0.0
1733917980.0,7.62970365333333e-06,7.62970365333333e-06,7.62970365333333e-06,7.62970365333333e-06,0.0,0.0,0.0,0.0,0.08998006055696232,0.0
1733918040.0,7.62970365333333e-06,7.62970365333333e-06,7.62970365333333e-06,7.62970365333333e-06,0.0,0.0,0.0,0.0,0.08998006055696232,0.0
1733918100.0,7.62970365333333e-06,7.62970365333333e-06,7.62970365333333e-06,7.62970365333333e-06,0.0,0.0,0.0,0.0,0.08998006055696232,0.0
1733918160.0,7.62970365333333e-06,7.62970365333333e-06,7.62970365333333e-06,7.62970365333333e-06,0.0,0.0,0.0,0.0,0.08998006055696232,0.0
1733918220.0,7.62970365333333e-06,7.62970365333333e-06,7.62970365333333e-06,7.62970365333333e-06,0.0,0.0,0.0,0.0,0.08998006055696232,0.0
1733918280.0,7.62970365333333e-06,7.62970365333333e-06,7.62970365333333e-06,7.62970365333333e-06,0.0,0.0,0.0,0.0,0.08998006055696232,0.0
1733918340.0,7.62970365333333e-06,7.62970365333333e-06,7.62970365333333e-06,7.62970365333333e-06,0.0,0.0,0.0,0.0,0.08998006055696232,0.0
1733918400.0,7.62970365333333e-06,7.62970365333333e-06,7.62970365333333e-06,7.62970365333333e-06,0.0,0.0,0.0,0.0,0.08998006055696232,0.0
1733918460.0,7.62970365333333e-06,7.62970365333333e-06,7.62970365333333e-06,7.62970365333333e-06,0.0,0.0,0.0,0.0,0.08998006055696232,0.0
1733918520.0,7.62970365333333e-06,7.64102751125297e-06,7.62970365333333e-06,7.64102751125297e-06,0.33481588173,2.556441659766376e-06,0.0014841805703283346,0.0,0.08998006055696232,0.0014841805703283346
1733918580.0,7.64102751125297e-06,7.64102751125297e-06,7.64102751125297e-06,7.64102751125297e-06,0.0,0.0,0.0,-1.0,0.09011360721455794,0.0
1733918640.0,7.64102751125297e-06,7.64102751125297e-06,7.64102751125297e-06,7.64102751125297e-06,0.0,0.0,0.0,0.0,0.09011360721455794,0.0
1733918700.0,7.64102751125297e-06,7.6518901568e-06,7.64102751125297e-06,7.6518901568e-06,0.38259450784,2.9254931543231834e-06,0.0014216210491366198,0.0,0.09011360721455794,0.0014216210491366198
1733918760.0,7.6518901568e-06,7.65296972432558e-06,7.6518901568e-06,7.65296972432558e-06,1.98296098527,1.5174470014648039e-05,0.0001410850787789082,4.186978473090521,0.09024171461538778,0.0001410850787789082
1733918820.0,7.65296972432558e-06,7.65296972432558e-06,7.64838146157778e-06,7.64838146157778e-06,1.99680438956,1.527690260710547e-05,-0.0005995401671609118,0.006750324219465426,0.09025444637480344,0.0005995401671609118
1733918880.0,7.64838146157778e-06,7.64838146157778e-06,7.64838146157778e-06,7.64838146157778e-06,0.0,0.0,0.0,-1.0,0.09020033520893687,0.0
1733918940.0,7.64838146157778e-06,7.64838146157778e-06,7.64838146157778e-06,7.64838146157778e-06,0.0,0.0,0.0,0.0,0.09020033520893687,0.0
1733919000.0,7.64838146157778e-06,7.64838146157778e-06,7.64838146157778e-06,7.64838146157778e-06,0.0,0.0,0.0,0.0,0.09020033520893687,0.0
1733919060.0,7.64838146157778e-06,7.64838146157778e-06,7.64838146157778e-06,7.64838146157778e-06,0.0,0.0,0.0,0.0,0.09020033520893687,0.0
1733919120.0,7.64838146157778e-06,7.64838146157778e-06,7.64838146157778e-06,7.64838146157778e-06,0.0,0.0,0.0,0.0,0.09020033520893687,0.0
1733919180.0,7.64838146157778e-06,7.64838146157778e-06,7.64838146157778e-06,7.64838146157778e-06,0.0,0.0,0.0,0.0,0.09020033520893687,0.0
1733919240.0,7.64838146157778e-06,7.64838146157778e-06,7.64838146157778e-06,7.64838146157778e-06,0.0,0.0,0.0,0.0,0.09020033520893687,0.0
1733919300.0,7.64838146157778e-06,7.64838146157778e-06,7.64838146157778e-06,7.64838146157778e-06,0.0,0.0,0.0,0.0,0.09020033520893687,0.0
1733919360.0,7.64838146157778e-06,7.64838146157778e-06,7.60253847890788e-06,7.60253847890788e-06,12.776755275,9.742863589910142e-05,-0.005993814887528205,0.0,0.09020033520893687,0.005993814887528205
1733919420.0,7.60253847890788e-06,7.60253847890788e-06,7.57357255221216e-06,7.57357255221216e-06,2.79383218728,2.119975373823912e-05,-0.003810033553408753,-0.7824073636811061,0.08965969109690151,0.003810033553408753
1733919480.0,7.57357255221216e-06,7.57357255221216e-06,7.57357255221216e-06,7.57357255221216e-06,0.0,0.0,0.0,-1.0,0.08931808466543405,0.0
1733919540.0,7.57357255221216e-06,7.57357255221216e-06,7.57357255221216e-06,7.57357255221216e-06,0.0,0.0,0.0,0.0,0.08931808466543405,0.0
1733919600.0,7.57357255221216e-06,7.57357255221216e-06,7.57357255221216e-06,7.57357255221216e-06,0.0,0.0,0.0,0.0,0.08931808466543405,0.0
1733919660.0,7.57357255221216e-06,7.57357255221216e-06,7.57357255221216e-06,7.57357255221216e-06,0.0,0.0,0.0,0.0,0.08931808466543405,0.0
1733919720.0,7.57357255221216e-06,7.57357255221216e-06,7.57357255221216e-06,7.57357255221216e-06,0.0,0.0,0.0,0.0,0.08931808466543405,0.0
1733919780.0,7.57357255221216e-06,7.57357255221216e-06,7.57357255221216e-06,7.57357255221216e-06,0.0,0.0,0.0,0.0,0.08931808466543405,0.0
1733919840.0,7.57357255221216e-06,7.57357255221216e-06,7.57357255221216e-06,7.57357255221216e-06,0.0,0.0,0.0,0.0,0.08931808466543405,0.0
1733919900.0,7.57357255221216e-06,7.57357255221216e-06,7.54883402806723e-06,7.54883402806723e-06,17.9662249868,0.00013584627948158215,-0.003266427300244767,0.0,0.08931808466543405,0.003266427300244767
1733919960.0,7.54883402806723e-06,7.54883402806723e-06,7.4386699426604e-06,7.4386699426604e-06,61.30433916564,0.00045939951333393144,-0.014593523317273847,2.381759994363454,0.0890263336352773,0.014593523317273847
1733920020.0,7.4386699426604e-06,7.4386699426604e-06,7.35414072973088e-06,7.35414072973088e-06,0.67724874476,5.0092062296746625e-06,-0.01136348481396518,-0.9890961873395945,0.08772712575951948,0.01136348481396518
1733920080.0,7.35414072973088e-06,7.35414072973088e-06,7.35414072973088e-06,7.35414072973088e-06,0.0,0.0,0.0,-1.0,0.08673023989817837,0.0
1733920140.0,7.35414072973088e-06,7.35414072973088e-06,7.35414072973088e-06,7.35414072973088e-06,0.0,0.0,0.0,0.0,0.08673023989817837,0.0
1733920200.0,7.35414072973088e-06,7.35414072973088e-06,7.35414072973088e-06,7.35414072973088e-06,0.0,0.0,0.0,0.0,0.08673023989817837,0.0
1733920260.0,7.35414072973088e-06,7.35735738762215e-06,7.35414072973088e-06,7.35735738762215e-06,0.05646771795,4.1536236315632345e-07,0.0004373941170674057,0.0,0.08673023989817837,0.0004373941170674057
1733920320.0,7.35735738762215e-06,7.35735738762215e-06,7.35735738762215e-06,7.35735738762215e-06,0.0,0.0,0.0,-1.0,0.08676817519488168,0.0
1733920380.0,7.35735738762215e-06,7.35735738762215e-06,7.35735738762215e-06,7.35735738762215e-06,0.0,0.0,0.0,0.0,0.08676817519488168,0.0
1733920440.0,7.35735738762215e-06,7.35735738762215e-06,7.35735738762215e-06,7.35735738762215e-06,0.0,0.0,0.0,0.0,0.08676817519488168,0.0
1733920500.0,7.35735738762215e-06,7.35963214395489e-06,7.35735738762215e-06,7.35963214395489e-06,1.14924823742,8.45673713964675e-06,0.00030918116558633436,0.0,0.08676817519488168,0.00030918116558633436
1733920560.0,7.35963214395489e-06,7.35963214395489e-06,7.35963214395489e-06,7.35963214395489e-06,0.0,0.0,0.0,-1.0,0.08679500228042424,0.0
1733920620.0,7.35963214395489e-06,7.35963214395489e-06,7.35963214395489e-06,7.35963214395489e-06,0.0,0.0,0.0,0.0,0.08679500228042424,0.0
1733920680.0,7.35963214395489e-06,7.35963214395489e-06,7.35963214395489e-06,7.35963214395489e-06,0.0,0.0,0.0,0.0,0.08679500228042424,0.0
1733920740.0,7.35963214395489e-06,7.35963214395489e-06,7.35963214395489e-06,7.35963214395489e-06,0.0,0.0,0.0,0.0,0.08679500228042424,0.0
1733920800.0,7.35963214395489e-06,7.35963214395489e-06,7.35963214395489e-06,7.35963214395489e-06,0.0,0.0,0.0,0.0,0.08679500228042424,0.0
1733920860.0,7.35963214395489e-06,7.35963214395489e-06,7.35963214395489e-06,7.35963214395489e-06,0.0,0.0,0.0,0.0,0.08679500228042424,0.0
1733920920.0,7.35963214395489e-06,7.35963214395489e-06,7.35963214395489e-06,7.35963214395489e-06,0.0,0.0,0.0,0.0,0.08679500228042424,0.0
1733920980.0,7.35963214395489e-06,7.35963214395489e-06,7.35963214395489e-06,7.35963214395489e-06,0.0,0.0,0.0,0.0,0.08679500228042424,0.0
1733921040.0,7.35963214395489e-06,7.35963214395489e-06,7.35963214395489e-06,7.35963214395489e-06,0.0,0.0,0.0,0.0,0.08679500228042424,0.0
1733921100.0,7.35963214395489e-06,7.35963214395489e-06,7.35131021506867e-06,7.35131021506867e-06,16.22967709858,0.00011937692215138758,-0.0011307533750929515,0.0,0.08679500228042424,0.0011307533750929515
1733921160.0,7.35131021506867e-06,7.35131021506867e-06,7.35131021506867e-06,7.35131021506867e-06,0.0,0.0,0.0,-1.0,0.08669685853865444,0.0
1733921220.0,7.35131021506867e-06,7.35131021506867e-06,7.35131021506867e-06,7.35131021506867e-06,0.0,0.0,0.0,0.0,0.08669685853865444,0.0
1733921280.0,7.35131021506867e-06,7.35131021506867e-06,7.35131021506867e-06,7.35131021506867e-06,0.0,0.0,0.0,0.0,0.08669685853865444,0.0
1733921340.0,7.35131021506867e-06,7.35131021506867e-06,7.35131021506867e-06,7.35131021506867e-06,0.0,0.0,0.0,0.0,0.08669685853865444,0.0
1733921400.0,7.35131021506867e-06,7.35131021506867e-06,7.35131021506867e-06,7.35131021506867e-06,0.0,0.0,0.0,0.0,0.08669685853865444,0.0
1733921460.0,7.35131021506867e-06,7.35131021506867e-06,7.35131021506867e-06,7.35131021506867e-06,0.0,0.0,0.0,0.0,0.08669685853865444,0.0
1733921520.0,7.35131021506867e-06,7.35131021506867e-06,7.30634155088664e-06,7.30634155088664e-06,4.12887936748,3.0259837976079832e-05,-0.006117095166226788,0.0,0.08669685853865444,0.006117095166226788
1733921580.0,7.30634155088664e-06,7.30634155088664e-06,7.30634155088664e-06,7.30634155088664e-06,0.0,0.0,0.0,-1.0,0.08616652560436058,0.0
1733921640.0,7.30634155088664e-06,7.30634155088664e-06,7.30634155088664e-06,7.30634155088664e-06,0.0,0.0,0.0,0.0,0.08616652560436058,0.0
1733921700.0,7.30634155088664e-06,7.30634155088664e-06,7.30634155088664e-06,7.30634155088664e-06,0.0,0.0,0.0,0.0,0.08616652560436058,0.0
