0,1,2,3,4,5
1737408300.0,8.15691363338041e-05,0.0001220582084222,7.99126515982811e-05,0.0001084353540409,29840.55224459622
1737408360.0,0.0001084353540409,0.0002078007993222,9.09223463591091e-05,0.0001271965288873,92198.61099487288
1737408420.0,0.0001271965288873,0.0001469576821802,4.36751268140926e-05,8.11174722281041e-05,46139.50274601836
1737408480.0,8.11174722281041e-05,0.0001425355369056,5.38382442470248e-05,5.45219036236552e-05,35207.20037959714
1737408540.0,5.45219036236552e-05,7.11062131603234e-05,2.33143746655065e-05,2.38888216187754e-05,28843.86196230373
1737408600.0,2.38888216187754e-05,5.40768301908217e-05,1.93359888194028e-05,4.13581686585449e-05,18160.53453319443
1737408660.0,4.13581686585449e-05,4.28969071241807e-05,2.78595955999844e-05,2.96747960515993e-05,6214.36738736236
1737408720.0,2.96747960515993e-05,3.4010233433822e-05,2.24973503996221e-05,2.83488758990452e-05,8300.95060826366
1737408780.0,2.83488758990452e-05,2.87368299654019e-05,1.95068779884356e-05,2.00984090973382e-05,4017.26641574357
1737408840.0,2.00984090973382e-05,2.07664520856958e-05,1.57582603503729e-05,1.57582603503729e-05,1793.06712074532
1737408900.0,1.57582603503729e-05,1.57582603503729e-05,8.27742707405269e-06,8.27742707405269e-06,3119.05798214019
1737408960.0,8.27742707405269e-06,1.33734140572188e-05,8.21365395615836e-06,1.20778129737001e-05,2447.7779186587
1737409020.0,1.20778129737001e-05,1.20778129737001e-05,9.08999375243044e-06,9.6022236898797e-06,1284.79184875901
1737409080.0,9.6022236898797e-06,1.04237517109263e-05,9.4630298254997e-06,1.04237517109263e-05,507.79834252801
1737409140.0,1.04237517109263e-05,1.12534007402012e-05,1.04237517109263e-05,1.10970096807445e-05,585.69182458335
1737409200.0,1.10970096807445e-05,1.37169411384256e-05,1.10970096807445e-05,1.35268217998063e-05,848.20576052686
1737409260.0,1.35268217998063e-05,1.35268217998063e-05,1.33295935147509e-05,1.33295935147509e-05,94.32688174606
1737409320.0,1.33295935147509e-05,1.33295935147509e-05,1.24125876294953e-05,1.24125876294953e-05,265.32775758327
1737409380.0,1.24125876294953e-05,1.36725941226563e-05,1.22869550840292e-05,1.36618029826813e-05,1544.90698339458
1737409440.0,1.36618029826813e-05,1.6445531058312e-05,1.36618029826813e-05,1.6445531058312e-05,581.96190174456
1737409500.0,1.6445531058312e-05,1.81438266551254e-05,1.6445531058312e-05,1.81438266551254e-05,324.9842266206
1737409560.0,1.81438266551254e-05,2.14391146138223e-05,1.81438266551254e-05,2.14391146138223e-05,845.66209860531
1737409620.0,2.14391146138223e-05,2.19394052292714e-05,2.14391146138223e-05,2.15295276286413e-05,234.96116899875
1737409680.0,2.15295276286413e-05,2.22405906812049e-05,2.10012923973853e-05,2.10813297010551e-05,854.74468565198
1737409740.0,2.10813297010551e-05,2.44855961937071e-05,1.89657696902224e-05,2.44855961937071e-05,1689.06108272934
1737409800.0,2.44855961937071e-05,2.44855961937071e-05,1.88688190881863e-05,1.9639781916074e-05,1618.28920121606
1737409860.0,1.9639781916074e-05,2.15081570124221e-05,1.89973599655269e-05,1.97760608547298e-05,2042.56321994917
1737409920.0,1.97760608547298e-05,2.50014118693405e-05,1.96345275195846e-05,2.18178674263944e-05,2564.16221024339
1737409980.0,2.18178674263944e-05,2.18178674263944e-05,1.27635259524711e-05,1.38885148100368e-05,4832.24381310687
1737410040.0,1.38885148100368e-05,1.38977191889294e-05,9.46374363237581e-06,9.52789308742657e-06,1330.25274575265
1737410100.0,9.52789308742657e-06,1.06341087495638e-05,9.52789308742657e-06,1.0243966401229e-05,497.24406757036
1737410160.0,1.0243966401229e-05,1.0243966401229e-05,9.50327599201112e-06,9.60713800964182e-06,533.05256236947
1737410220.0,9.60713800964182e-06,9.60713800964182e-06,9.60713800964182e-06,9.60713800964182e-06,0.0
1737410280.0,9.60713800964182e-06,9.62202972061695e-06,9.28346272149161e-06,9.28346272149161e-06,202.2644385124
1737410340.0,9.28346272149161e-06,9.28346272149161e-06,8.10982581762757e-06,8.10982581762757e-06,338.74369118306
1737410400.0,8.10982581762757e-06,8.10982581762757e-06,8.07691029980282e-06,8.07691029980282e-06,3.97903039633
1737410460.0,8.07691029980282e-06,8.07691029980282e-06,8.07691029980282e-06,8.07691029980282e-06,0.0
1737410520.0,8.07691029980282e-06,8.08920623655534e-06,8.04493131988482e-06,8.06293686532838e-06,18.03528404006
1737410580.0,8.06293686532838e-06,8.06293686532838e-06,7.79570812216028e-06,7.79570812216028e-06,91.73075020481
1737410640.0,7.79570812216028e-06,7.79570812216028e-06,7.77137005386924e-06,7.77137005386924e-06,8.30811299292
1737410700.0,7.77137005386924e-06,7.77137005386924e-06,7.64797068432573e-06,7.64797068432573e-06,79.75697130342
1737410760.0,7.64797068432573e-06,7.64797068432573e-06,7.53718603927565e-06,7.53718603927565e-06,5.69227347303
1737410820.0,7.53718603927565e-06,7.54397962676723e-06,7.34974810471977e-06,7.34974810471977e-06,145.03751129
1737410880.0,7.34974810471977e-06,7.34974810471977e-06,7.15063732511792e-06,7.15063732511792e-06,8.55485694945
1737410940.0,7.15063732511792e-06,7.16847028554245e-06,7.140190950752e-06,7.140190950752e-06,21.03172686991
1737411000.0,7.140190950752e-06,7.140190950752e-06,7.11276089080599e-06,7.11276089080599e-06,0.1447214608
1737411060.0,7.11276089080599e-06,7.11276089080599e-06,7.11276089080599e-06,7.11276089080599e-06,0.0
1737411120.0,7.11276089080599e-06,7.11276089080599e-06,7.11276089080599e-06,7.11276089080599e-06,0.0
1737411180.0,7.11276089080599e-06,7.11276089080599e-06,7.07126380843305e-06,7.07126380843305e-06,1.0815099402
1737411240.0,7.07126380843305e-06,7.07126380843305e-06,7.06415673783064e-06,7.06415673783064e-06,1.2732976048
1737411300.0,7.06415673783064e-06,7.10359641753871e-06,7.06415673783064e-06,7.10359641753871e-06,5.24901
1737411360.0,7.10359641753871e-06,7.10359641753871e-06,7.05279085110746e-06,7.05279085110746e-06,11.5023582327
1737411420.0,7.05279085110746e-06,7.05279085110746e-06,7.05279085110746e-06,7.05279085110746e-06,0.0
1737411480.0,7.05279085110746e-06,7.07052030332517e-06,7.05279085110746e-06,7.06192210959803e-06,6.641805564
1737411540.0,7.06192210959803e-06,7.06192210959803e-06,6.76992257179088e-06,6.76992257179088e-06,232.39554873315
1737411600.0,6.76992257179088e-06,6.76992257179088e-06,6.76992257179088e-06,6.76992257179088e-06,0.0
1737411660.0,6.76992257179088e-06,6.76992257179088e-06,6.52183850618609e-06,6.52183850618609e-06,12.279
1737411720.0,6.52183850618609e-06,6.52183850618609e-06,6.52183850618609e-06,6.52183850618609e-06,0.0
1737411780.0,6.52183850618609e-06,6.52183850618609e-06,6.44823351416661e-06,6.44823351416661e-06,31.02952489024
1737411840.0,6.44823351416661e-06,6.44823351416661e-06,6.44823351416661e-06,6.44823351416661e-06,0.0
1737411900.0,6.44823351416661e-06,6.44823351416661e-06,6.44823351416661e-06,6.44823351416661e-06,0.0
1737411960.0,6.44823351416661e-06,6.44823351416661e-06,6.44823351416661e-06,6.44823351416661e-06,0.0
1737412020.0,6.44823351416661e-06,6.44823351416661e-06,6.39307040082521e-06,6.39307040082521e-06,2.88320110663
1737412080.0,6.39307040082521e-06,6.39307040082521e-06,6.39307040082521e-06,6.39307040082521e-06,0.0
1737412140.0,6.39307040082521e-06,6.39307040082521e-06,6.39307040082521e-06,6.39307040082521e-06,0.0
1737412200.0,6.39307040082521e-06,6.39307040082521e-06,6.39307040082521e-06,6.39307040082521e-06,0.0
1737412260.0,6.39307040082521e-06,6.41362620204064e-06,6.39307040082521e-06,6.41362620204064e-06,0.23466804651
1737412320.0,6.41362620204064e-06,6.41362620204064e-06,6.41362620204064e-06,6.41362620204064e-06,0.0
1737412380.0,6.41362620204064e-06,6.422680575e-06,6.41362620204064e-06,6.422680575e-06,0.06422680575
1737412440.0,6.422680575e-06,6.422680575e-06,6.422680575e-06,6.422680575e-06,0.0
1737412500.0,6.422680575e-06,6.422680575e-06,6.422680575e-06,6.422680575e-06,0.0
1737412560.0,6.422680575e-06,6.422680575e-06,6.422680575e-06,6.422680575e-06,0.0
1737412620.0,6.422680575e-06,6.422680575e-06,6.422680575e-06,6.422680575e-06,0.0
1737412680.0,6.422680575e-06,6.4260889909094e-06,6.422680575e-06,6.4260889909094e-06,2.26986976818
1737412740.0,6.4260889909094e-06,6.4260889909094e-06,6.41896209964388e-06,6.41896209964388e-06,5.6165524317
1737412800.0,6.41896209964388e-06,6.42198785117912e-06,6.41896209964388e-06,6.42198785117912e-06,3.98339829016
1737412860.0,6.42198785117912e-06,6.42198785117912e-06,6.42198785117912e-06,6.42198785117912e-06,0.0
1737412920.0,6.42198785117912e-06,6.42198785117912e-06,6.42198785117912e-06,6.42198785117912e-06,0.0
1737412980.0,6.42198785117912e-06,6.42198785117912e-06,6.39635374975123e-06,6.39635374975123e-06,17.86646673507
1737413040.0,6.39635374975123e-06,6.39635374975123e-06,6.39635374975123e-06,6.39635374975123e-06,0.0
1737413100.0,6.39635374975123e-06,6.4045888666998e-06,6.39635374975123e-06,6.4045888666998e-06,1.31318437008
1737413160.0,6.4045888666998e-06,6.4045888666998e-06,6.4045888666998e-06,6.4045888666998e-06,0.0
1737413220.0,6.4045888666998e-06,6.4045888666998e-06,6.4045888666998e-06,6.4045888666998e-06,0.0
1737413280.0,6.4045888666998e-06,6.4045888666998e-06,6.4045888666998e-06,6.4045888666998e-06,0.0
1737413340.0,6.4045888666998e-06,6.41858334499487e-06,6.4045888666998e-06,6.41858334499487e-06,0.77436981216
1737413400.0,6.41858334499487e-06,6.41858334499487e-06,6.41858334499487e-06,6.41858334499487e-06,0.0
1737413460.0,6.41858334499487e-06,6.41858334499487e-06,6.41858334499487e-06,6.41858334499487e-06,0.0
1737413520.0,6.41858334499487e-06,6.41858334499487e-06,6.41858334499487e-06,6.41858334499487e-06,0.0
1737413580.0,6.41858334499487e-06,6.42629023920743e-06,6.41858334499487e-06,6.42629023920743e-06,14.40126812
1737413640.0,6.42629023920743e-06,6.42629023920743e-06,6.42629023920743e-06,6.42629023920743e-06,0.0
1737413700.0,6.42629023920743e-06,6.42629023920743e-06,6.42629023920743e-06,6.42629023920743e-06,0.0
1737413760.0,6.42629023920743e-06,6.42629023920743e-06,6.42629023920743e-06,6.42629023920743e-06,0.0
1737413820.0,6.42629023920743e-06,6.42629023920743e-06,6.4212635770815e-06,6.4212635770815e-06,0.97399068084
1737413880.0,6.4212635770815e-06,6.4212635770815e-06,6.4212635770815e-06,6.4212635770815e-06,0.0
1737413940.0,6.4212635770815e-06,6.4212635770815e-06,6.4212635770815e-06,6.4212635770815e-06,0.0
1737414000.0,6.4212635770815e-06,6.4212635770815e-06,6.4212635770815e-06,6.4212635770815e-06,0.0
1737414060.0,6.4212635770815e-06,6.4212635770815e-06,6.39772803808592e-06,6.39772803808592e-06,13.38116923654
1737414120.0,6.39772803808592e-06,6.39772803808592e-06,6.39772803808592e-06,6.39772803808592e-06,0.0
1737414180.0,6.39772803808592e-06,6.39772803808592e-06,6.39772803808592e-06,6.39772803808592e-06,0.0
1737414240.0,6.39772803808592e-06,6.39772803808592e-06,6.39772803808592e-06,6.39772803808592e-06,0.0
1737414300.0,6.39772803808592e-06,6.39772803808592e-06,6.36737976854048e-06,6.36737976854048e-06,1.1340521388
1737414360.0,6.36737976854048e-06,6.36737976854048e-06,6.36737976854048e-06,6.36737976854048e-06,0.0
1737414420.0,6.36737976854048e-06,6.36737976854048e-06,6.36737976854048e-06,6.36737976854048e-06,0.0
1737414480.0,6.36737976854048e-06,6.36737976854048e-06,6.36737976854048e-06,6.36737976854048e-06,0.0
1737414540.0,6.36737976854048e-06,6.36737976854048e-06,6.36737976854048e-06,6.36737976854048e-06,0.0
1737414600.0,6.36737976854048e-06,6.36737976854048e-06,6.36737976854048e-06,6.36737976854048e-06,0.0
1737414660.0,6.36737976854048e-06,6.36737976854048e-06,6.35735191531887e-06,6.35735191531887e-06,1.20595894944
1737414720.0,6.35735191531887e-06,6.35735191531887e-06,6.35735191531887e-06,6.35735191531887e-06,0.0
1737414780.0,6.35735191531887e-06,6.35735191531887e-06,6.35735191531887e-06,6.35735191531887e-06,0.0
1737414840.0,6.35735191531887e-06,6.35735191531887e-06,6.35735191531887e-06,6.35735191531887e-06,0.0
1737414900.0,6.35735191531887e-06,6.35735191531887e-06,6.35735191531887e-06,6.35735191531887e-06,0.0
1737414960.0,6.35735191531887e-06,6.35735191531887e-06,6.35735191531887e-06,6.35735191531887e-06,0.0
1737415020.0,6.35735191531887e-06,6.35735191531887e-06,6.35735191531887e-06,6.35735191531887e-06,0.0
1737415080.0,6.35735191531887e-06,6.35735191531887e-06,6.35735191531887e-06,6.35735191531887e-06,0.0
1737415140.0,6.35735191531887e-06,6.35735191531887e-06,6.35735191531887e-06,6.35735191531887e-06,0.0
1737415200.0,6.35735191531887e-06,6.35735191531887e-06,6.35735191531887e-06,6.35735191531887e-06,0.0
1737415260.0,6.35735191531887e-06,6.35735191531887e-06,6.35735191531887e-06,6.35735191531887e-06,0.0
1737415320.0,6.35735191531887e-06,6.35735191531887e-06,6.35735191531887e-06,6.35735191531887e-06,0.0
1737415380.0,6.35735191531887e-06,6.47293585342768e-06,6.35735191531887e-06,6.47293585342768e-06,123.04
1737415440.0,6.47293585342768e-06,6.47293585342768e-06,6.47293585342768e-06,6.47293585342768e-06,0.0
1737415500.0,6.47293585342768e-06,6.47293585342768e-06,6.47293585342768e-06,6.47293585342768e-06,0.0
1737415560.0,6.47293585342768e-06,6.47293585342768e-06,6.47293585342768e-06,6.47293585342768e-06,0.0
1737415620.0,6.47293585342768e-06,6.47293585342768e-06,6.47293585342768e-06,6.47293585342768e-06,0.0
1737415680.0,6.47293585342768e-06,8.67763090603339e-06,6.47293585342768e-06,7.21682101223903e-06,1520.07889616535
1737415740.0,7.21682101223903e-06,7.21682101223903e-06,7.21682101223903e-06,7.21682101223903e-06,0.0
1737415800.0,7.21682101223903e-06,7.21682101223903e-06,7.21682101223903e-06,7.21682101223903e-06,0.0
1737415860.0,7.21682101223903e-06,7.21682101223903e-06,7.21682101223903e-06,7.21682101223903e-06,0.0
1737415920.0,7.21682101223903e-06,7.21682101223903e-06,7.21682101223903e-06,7.21682101223903e-06,0.0
1737415980.0,7.21682101223903e-06,7.21682101223903e-06,7.21682101223903e-06,7.21682101223903e-06,0.0
1737416040.0,7.21682101223903e-06,7.21682101223903e-06,7.21682101223903e-06,7.21682101223903e-06,0.0
1737416100.0,7.21682101223903e-06,7.21682101223903e-06,7.21682101223903e-06,7.21682101223903e-06,0.0
1737416160.0,7.21682101223903e-06,7.21682101223903e-06,7.20010292026778e-06,7.20010292026778e-06,1.10134214289
1737416220.0,7.20010292026778e-06,7.20010292026778e-06,7.20010292026778e-06,7.20010292026778e-06,0.0
1737416280.0,7.20010292026778e-06,7.20010292026778e-06,7.20010292026778e-06,7.20010292026778e-06,0.0
1737416340.0,7.20010292026778e-06,7.20010292026778e-06,7.20010292026778e-06,7.20010292026778e-06,0.0
1737416400.0,7.20010292026778e-06,7.20010292026778e-06,7.20010292026778e-06,7.20010292026778e-06,0.0
1737416460.0,7.20010292026778e-06,7.20010292026778e-06,7.20010292026778e-06,7.20010292026778e-06,0.0
1737416520.0,7.20010292026778e-06,7.20010292026778e-06,7.20010292026778e-06,7.20010292026778e-06,0.0
1737416580.0,7.20010292026778e-06,7.20010292026778e-06,7.20010292026778e-06,7.20010292026778e-06,0.0
1737416640.0,7.20010292026778e-06,7.20010292026778e-06,7.20010292026778e-06,7.20010292026778e-06,0.0
1737416700.0,7.20010292026778e-06,7.20010292026778e-06,7.20010292026778e-06,7.20010292026778e-06,0.0
1737416760.0,7.20010292026778e-06,7.20010292026778e-06,7.20010292026778e-06,7.20010292026778e-06,0.0
1737416820.0,7.20010292026778e-06,7.20010292026778e-06,7.20010292026778e-06,7.20010292026778e-06,0.0
1737416880.0,7.20010292026778e-06,7.20010292026778e-06,7.20010292026778e-06,7.20010292026778e-06,0.0
1737416940.0,7.20010292026778e-06,7.20010292026778e-06,7.19564778904037e-06,7.19564778904037e-06,5.43117765867
1737417000.0,7.19564778904037e-06,7.19564778904037e-06,7.19564778904037e-06,7.19564778904037e-06,0.0
1737417060.0,7.19564778904037e-06,7.19564778904037e-06,7.19564778904037e-06,7.19564778904037e-06,0.0
1737417120.0,7.19564778904037e-06,7.19564778904037e-06,7.11808332805835e-06,7.11808332805835e-06,5.19986274079
1737417180.0,7.11808332805835e-06,7.11808332805835e-06,7.03948507557823e-06,7.03948507557823e-06,49.39075777692
1737417240.0,7.03948507557823e-06,7.03948507557823e-06,7.03948507557823e-06,7.03948507557823e-06,0.0
1737417300.0,7.03948507557823e-06,7.03948507557823e-06,6.71548396959039e-06,6.71548396959039e-06,188.90853175356
1737417360.0,6.71548396959039e-06,6.71548396959039e-06,6.71548396959039e-06,6.71548396959039e-06,0.0
1737417420.0,6.71548396959039e-06,6.71548396959039e-06,6.43368793731078e-06,6.43368793731078e-06,17.5410921966
1737417480.0,6.43368793731078e-06,6.43368793731078e-06,6.43368793731078e-06,6.43368793731078e-06,0.0
1737417540.0,6.43368793731078e-06,6.43368793731078e-06,6.43368793731078e-06,6.43368793731078e-06,0.0
1737417600.0,6.43368793731078e-06,6.43368793731078e-06,6.43368793731078e-06,6.43368793731078e-06,0.0
1737417660.0,6.43368793731078e-06,6.43368793731078e-06,6.43368793731078e-06,6.43368793731078e-06,0.0
1737417720.0,6.43368793731078e-06,6.43368793731078e-06,6.43368793731078e-06,6.43368793731078e-06,0.0
1737417780.0,6.43368793731078e-06,6.43368793731078e-06,6.43368793731078e-06,6.43368793731078e-06,0.0
1737417840.0,6.43368793731078e-06,6.43368793731078e-06,6.43368793731078e-06,6.43368793731078e-06,0.0
1737417900.0,6.43368793731078e-06,6.43368793731078e-06,6.43368793731078e-06,6.43368793731078e-06,0.0
1737417960.0,6.43368793731078e-06,6.43368793731078e-06,6.43368793731078e-06,6.43368793731078e-06,0.0
1737418020.0,6.43368793731078e-06,6.43368793731078e-06,6.43368793731078e-06,6.43368793731078e-06,0.0
1737418080.0,6.43368793731078e-06,6.43368793731078e-06,6.43368793731078e-06,6.43368793731078e-06,0.0
1737418140.0,6.43368793731078e-06,6.43368793731078e-06,6.43368793731078e-06,6.43368793731078e-06,0.0
1737418200.0,6.43368793731078e-06,6.43368793731078e-06,6.43368793731078e-06,6.43368793731078e-06,0.0
1737418260.0,6.43368793731078e-06,6.43368793731078e-06,6.43368793731078e-06,6.43368793731078e-06,0.0
1737418320.0,6.43368793731078e-06,6.43368793731078e-06,6.43368793731078e-06,6.43368793731078e-06,0.0
1737418380.0,6.43368793731078e-06,6.43368793731078e-06,6.43368793731078e-06,6.43368793731078e-06,0.0
1737418440.0,6.43368793731078e-06,6.43368793731078e-06,6.43368793731078e-06,6.43368793731078e-06,0.0
1737418500.0,6.43368793731078e-06,6.43368793731078e-06,6.43368793731078e-06,6.43368793731078e-06,0.0
1737418560.0,6.43368793731078e-06,6.43368793731078e-06,6.43368793731078e-06,6.43368793731078e-06,0.0
1737418620.0,6.43368793731078e-06,6.43368793731078e-06,6.43368793731078e-06,6.43368793731078e-06,0.0
1737418680.0,6.43368793731078e-06,6.43368793731078e-06,6.43368793731078e-06,6.43368793731078e-06,0.0
1737418740.0,6.43368793731078e-06,6.43368793731078e-06,6.43368793731078e-06,6.43368793731078e-06,0.0
1737418800.0,6.43368793731078e-06,6.43368793731078e-06,6.43368793731078e-06,6.43368793731078e-06,0.0
1737418860.0,6.43368793731078e-06,6.43368793731078e-06,6.43368793731078e-06,6.43368793731078e-06,0.0
1737418920.0,6.43368793731078e-06,6.43368793731078e-06,6.43368793731078e-06,6.43368793731078e-06,0.0
1737418980.0,6.43368793731078e-06,6.43368793731078e-06,6.43368793731078e-06,6.43368793731078e-06,0.0
1737419040.0,6.43368793731078e-06,6.43368793731078e-06,6.43368793731078e-06,6.43368793731078e-06,0.0
1737419100.0,6.43368793731078e-06,6.43368793731078e-06,6.43368793731078e-06,6.43368793731078e-06,0.0
1737419160.0,6.43368793731078e-06,6.43368793731078e-06,6.43368793731078e-06,6.43368793731078e-06,0.0
1737419220.0,6.43368793731078e-06,6.43368793731078e-06,6.43368793731078e-06,6.43368793731078e-06,0.0
1737419280.0,6.43368793731078e-06,6.43368793731078e-06,6.43368793731078e-06,6.43368793731078e-06,0.0
1737419340.0,6.43368793731078e-06,6.43368793731078e-06,6.43368793731078e-06,6.43368793731078e-06,0.0
1737419400.0,6.43368793731078e-06,6.43368793731078e-06,6.43368793731078e-06,6.43368793731078e-06,0.0
1737419460.0,6.43368793731078e-06,6.43368793731078e-06,6.43368793731078e-06,6.43368793731078e-06,0.0
1737419520.0,6.43368793731078e-06,6.43368793731078e-06,6.43368793731078e-06,6.43368793731078e-06,0.0
1737419580.0,6.43368793731078e-06,6.43368793731078e-06,6.43368793731078e-06,6.43368793731078e-06,0.0
1737419640.0,6.43368793731078e-06,6.43368793731078e-06,6.43368793731078e-06,6.43368793731078e-06,0.0
1737419700.0,6.43368793731078e-06,6.43368793731078e-06,6.43368793731078e-06,6.43368793731078e-06,0.0
1737419760.0,6.43368793731078e-06,6.43368793731078e-06,6.43368793731078e-06,6.43368793731078e-06,0.0
1737419820.0,6.43368793731078e-06,6.43368793731078e-06,6.43368793731078e-06,6.43368793731078e-06,0.0
1737419880.0,6.43368793731078e-06,6.43368793731078e-06,6.43368793731078e-06,6.43368793731078e-06,0.0
1737419940.0,6.43368793731078e-06,6.43368793731078e-06,6.43368793731078e-06,6.43368793731078e-06,0.0
1737420000.0,6.43368793731078e-06,6.43368793731078e-06,6.43368793731078e-06,6.43368793731078e-06,0.0
1737420060.0,6.43368793731078e-06,6.43368793731078e-06,6.43368793731078e-06,6.43368793731078e-06,0.0
1737420120.0,6.43368793731078e-06,6.43368793731078e-06,6.43368793731078e-06,6.43368793731078e-06,0.0
1737420180.0,6.43368793731078e-06,6.43368793731078e-06,6.43368793731078e-06,6.43368793731078e-06,0.0
1737420240.0,6.43368793731078e-06,6.43368793731078e-06,6.43368793731078e-06,6.43368793731078e-06,0.0
1737420300.0,6.43368793731078e-06,6.43368793731078e-06,6.43368793731078e-06,6.43368793731078e-06,0.0
1737420360.0,6.43368793731078e-06,6.43368793731078e-06,6.43368793731078e-06,6.43368793731078e-06,0.0
1737420420.0,6.43368793731078e-06,6.43368793731078e-06,6.43368793731078e-06,6.43368793731078e-06,0.0
1737420480.0,6.43368793731078e-06,6.43368793731078e-06,6.43368793731078e-06,6.43368793731078e-06,0.0
1737420540.0,6.43368793731078e-06,6.43368793731078e-06,6.43368793731078e-06,6.43368793731078e-06,0.0
1737420600.0,6.43368793731078e-06,6.43368793731078e-06,6.43368793731078e-06,6.43368793731078e-06,0.0
1737420660.0,6.43368793731078e-06,6.43368793731078e-06,6.43368793731078e-06,6.43368793731078e-06,0.0
1737420720.0,6.43368793731078e-06,6.43368793731078e-06,6.43368793731078e-06,6.43368793731078e-06,0.0
1737420780.0,6.43368793731078e-06,6.43368793731078e-06,6.43368793731078e-06,6.43368793731078e-06,0.0
1737420840.0,6.43368793731078e-06,6.43368793731078e-06,6.43368793731078e-06,6.43368793731078e-06,0.0
1737420900.0,6.43368793731078e-06,6.43368793731078e-06,6.43368793731078e-06,6.43368793731078e-06,0.0
1737420960.0,6.43368793731078e-06,6.43368793731078e-06,6.43368793731078e-06,6.43368793731078e-06,0.0
1737421020.0,6.43368793731078e-06,6.43368793731078e-06,6.43368793731078e-06,6.43368793731078e-06,0.0
1737421080.0,6.43368793731078e-06,6.43368793731078e-06,6.27680150896662e-06,6.27680150896662e-06,0.05741003946
1737421140.0,6.27680150896662e-06,6.27680150896662e-06,6.27680150896662e-06,6.27680150896662e-06,0.0
1737421200.0,6.27680150896662e-06,6.27680150896662e-06,6.27680150896662e-06,6.27680150896662e-06,0.0
1737421260.0,6.27680150896662e-06,6.27680150896662e-06,6.27680150896662e-06,6.27680150896662e-06,0.0
1737421320.0,6.27680150896662e-06,6.27680150896662e-06,6.27680150896662e-06,6.27680150896662e-06,0.0
1737421380.0,6.27680150896662e-06,6.27680150896662e-06,6.27680150896662e-06,6.27680150896662e-06,0.0
1737421440.0,6.27680150896662e-06,6.27680150896662e-06,6.27680150896662e-06,6.27680150896662e-06,0.0
1737421500.0,6.27680150896662e-06,6.27680150896662e-06,6.27680150896662e-06,6.27680150896662e-06,0.0
1737421560.0,6.27680150896662e-06,6.27680150896662e-06,6.27680150896662e-06,6.27680150896662e-06,0.0
1737421620.0,6.27680150896662e-06,6.29241227040104e-06,6.27680150896662e-06,6.29241227040104e-06,8.02740403575
1737421680.0,6.29241227040104e-06,6.29241227040104e-06,6.29241227040104e-06,6.29241227040104e-06,0.0
1737421740.0,6.29241227040104e-06,6.29241227040104e-06,6.29241227040104e-06,6.29241227040104e-06,0.0
1737421800.0,6.29241227040104e-06,6.29241227040104e-06,6.29241227040104e-06,6.29241227040104e-06,0.0
1737421860.0,6.29241227040104e-06,6.29241227040104e-06,6.29241227040104e-06,6.29241227040104e-06,0.0
1737421920.0,6.29241227040104e-06,6.29241227040104e-06,6.29241227040104e-06,6.29241227040104e-06,0.0
1737421980.0,6.29241227040104e-06,6.29241227040104e-06,6.29241227040104e-06,6.29241227040104e-06,0.0
1737422040.0,6.29241227040104e-06,6.29241227040104e-06,6.29241227040104e-06,6.29241227040104e-06,0.0
1737422100.0,6.29241227040104e-06,6.29241227040104e-06,6.29241227040104e-06,6.29241227040104e-06,0.0
1737422160.0,6.29241227040104e-06,6.29241227040104e-06,6.29241227040104e-06,6.29241227040104e-06,0.0
1737422220.0,6.29241227040104e-06,6.29241227040104e-06,6.29241227040104e-06,6.29241227040104e-06,0.0
1737422280.0,6.29241227040104e-06,6.29241227040104e-06,6.29241227040104e-06,6.29241227040104e-06,0.0
1737422340.0,6.29241227040104e-06,6.29241227040104e-06,6.29241227040104e-06,6.29241227040104e-06,0.0
1737422400.0,6.29241227040104e-06,6.29241227040104e-06,6.29241227040104e-06,6.29241227040104e-06,0.0
1737422460.0,6.29241227040104e-06,6.29241227040104e-06,6.29241227040104e-06,6.29241227040104e-06,0.0
1737422520.0,6.29241227040104e-06,6.29241227040104e-06,6.29241227040104e-06,6.29241227040104e-06,0.0
1737422580.0,6.29241227040104e-06,6.29241227040104e-06,6.29241227040104e-06,6.29241227040104e-06,0.0
1737422640.0,6.29241227040104e-06,6.29241227040104e-06,6.29241227040104e-06,6.29241227040104e-06,0.0
1737422700.0,6.29241227040104e-06,6.29241227040104e-06,6.29241227040104e-06,6.29241227040104e-06,0.0
1737422760.0,6.29241227040104e-06,6.29241227040104e-06,6.29241227040104e-06,6.29241227040104e-06,0.0
1737422820.0,6.29241227040104e-06,6.29241227040104e-06,6.29241227040104e-06,6.29241227040104e-06,0.0
1737422880.0,6.29241227040104e-06,6.29241227040104e-06,6.29241227040104e-06,6.29241227040104e-06,0.0
1737422940.0,6.29241227040104e-06,6.29241227040104e-06,6.29241227040104e-06,6.29241227040104e-06,0.0
1737423000.0,6.29241227040104e-06,6.29241227040104e-06,6.29241227040104e-06,6.29241227040104e-06,0.0
1737423060.0,6.29241227040104e-06,6.29241227040104e-06,6.29241227040104e-06,6.29241227040104e-06,0.0
1737423120.0,6.29241227040104e-06,6.29241227040104e-06,6.29241227040104e-06,6.29241227040104e-06,0.0
1737423180.0,6.29241227040104e-06,6.29241227040104e-06,6.29241227040104e-06,6.29241227040104e-06,0.0
1737423240.0,6.29241227040104e-06,6.29241227040104e-06,6.29241227040104e-06,6.29241227040104e-06,0.0
1737423300.0,6.29241227040104e-06,6.29241227040104e-06,6.29241227040104e-06,6.29241227040104e-06,0.0
1737423360.0,6.29241227040104e-06,6.29241227040104e-06,6.29241227040104e-06,6.29241227040104e-06,0.0
1737423420.0,6.29241227040104e-06,6.29241227040104e-06,6.29241227040104e-06,6.29241227040104e-06,0.0
1737423480.0,6.29241227040104e-06,6.29241227040104e-06,6.29241227040104e-06,6.29241227040104e-06,0.0
1737423540.0,6.29241227040104e-06,6.29241227040104e-06,6.29241227040104e-06,6.29241227040104e-06,0.0
1737423600.0,6.29241227040104e-06,6.29241227040104e-06,6.29241227040104e-06,6.29241227040104e-06,0.0
1737423660.0,6.29241227040104e-06,6.29241227040104e-06,6.29241227040104e-06,6.29241227040104e-06,0.0
1737423720.0,6.29241227040104e-06,6.29241227040104e-06,6.29241227040104e-06,6.29241227040104e-06,0.0
1737423780.0,6.29241227040104e-06,6.29241227040104e-06,6.29241227040104e-06,6.29241227040104e-06,0.0
1737423840.0,6.29241227040104e-06,6.29241227040104e-06,6.29241227040104e-06,6.29241227040104e-06,0.0
1737423900.0,6.29241227040104e-06,6.29241227040104e-06,6.29241227040104e-06,6.29241227040104e-06,0.0
1737423960.0,6.29241227040104e-06,6.29241227040104e-06,6.29241227040104e-06,6.29241227040104e-06,0.0
1737424020.0,6.29241227040104e-06,6.29241227040104e-06,6.29241227040104e-06,6.29241227040104e-06,0.0
1737424080.0,6.29241227040104e-06,6.29241227040104e-06,6.29241227040104e-06,6.29241227040104e-06,0.0
1737424140.0,6.29241227040104e-06,6.29241227040104e-06,6.29241227040104e-06,6.29241227040104e-06,0.0
1737424200.0,6.29241227040104e-06,6.29241227040104e-06,6.29241227040104e-06,6.29241227040104e-06,0.0
1737424260.0,6.29241227040104e-06,6.29241227040104e-06,6.29241227040104e-06,6.29241227040104e-06,0.0
1737424320.0,6.29241227040104e-06,6.29241227040104e-06,6.29241227040104e-06,6.29241227040104e-06,0.0
1737424380.0,6.29241227040104e-06,6.29241227040104e-06,6.29241227040104e-06,6.29241227040104e-06,0.0
1737424440.0,6.29241227040104e-06,6.29241227040104e-06,6.29241227040104e-06,6.29241227040104e-06,0.0
1737424500.0,6.29241227040104e-06,6.29241227040104e-06,6.29241227040104e-06,6.29241227040104e-06,0.0
1737424560.0,6.29241227040104e-06,6.29241227040104e-06,6.29241227040104e-06,6.29241227040104e-06,0.0
1737424620.0,6.29241227040104e-06,6.29241227040104e-06,6.29241227040104e-06,6.29241227040104e-06,0.0
1737424680.0,6.29241227040104e-06,6.29241227040104e-06,6.29241227040104e-06,6.29241227040104e-06,0.0
1737424740.0,6.29241227040104e-06,6.29241227040104e-06,6.29241227040104e-06,6.29241227040104e-06,0.0
1737424800.0,6.29241227040104e-06,6.29241227040104e-06,6.29241227040104e-06,6.29241227040104e-06,0.0
1737424860.0,6.29241227040104e-06,6.29241227040104e-06,6.29241227040104e-06,6.29241227040104e-06,0.0
1737424920.0,6.29241227040104e-06,6.29241227040104e-06,6.29241227040104e-06,6.29241227040104e-06,0.0
1737424980.0,6.29241227040104e-06,6.29241227040104e-06,6.29241227040104e-06,6.29241227040104e-06,0.0
1737425040.0,6.29241227040104e-06,6.29241227040104e-06,6.29241227040104e-06,6.29241227040104e-06,0.0
1737425100.0,6.29241227040104e-06,6.29241227040104e-06,6.29241227040104e-06,6.29241227040104e-06,0.0
1737425160.0,6.29241227040104e-06,6.29241227040104e-06,6.15202112657261e-06,6.15202112657261e-06,0.09218967588
1737425220.0,6.15202112657261e-06,6.15202112657261e-06,6.15202112657261e-06,6.15202112657261e-06,0.0
1737425280.0,6.15202112657261e-06,6.15202112657261e-06,6.15202112657261e-06,6.15202112657261e-06,0.0
1737425340.0,6.15202112657261e-06,6.15202112657261e-06,6.15202112657261e-06,6.15202112657261e-06,0.0
1737425400.0,6.15202112657261e-06,6.15202112657261e-06,6.15202112657261e-06,6.15202112657261e-06,0.0
1737425460.0,6.15202112657261e-06,6.15202112657261e-06,6.15202112657261e-06,6.15202112657261e-06,0.0
1737425520.0,6.15202112657261e-06,6.15202112657261e-06,6.15202112657261e-06,6.15202112657261e-06,0.0
1737425580.0,6.15202112657261e-06,6.15202112657261e-06,6.15202112657261e-06,6.15202112657261e-06,0.0
1737425640.0,6.15202112657261e-06,6.15202112657261e-06,6.15202112657261e-06,6.15202112657261e-06,0.0
1737425700.0,6.15202112657261e-06,6.15202112657261e-06,6.15202112657261e-06,6.15202112657261e-06,0.0
1737425760.0,6.15202112657261e-06,6.15202112657261e-06,6.15202112657261e-06,6.15202112657261e-06,0.0
1737425820.0,6.15202112657261e-06,6.15202112657261e-06,6.15202112657261e-06,6.15202112657261e-06,0.0
1737425880.0,6.15202112657261e-06,6.15202112657261e-06,6.15202112657261e-06,6.15202112657261e-06,0.0
1737425940.0,6.15202112657261e-06,6.15202112657261e-06,6.15202112657261e-06,6.15202112657261e-06,0.0
1737426000.0,6.15202112657261e-06,6.15202112657261e-06,6.15202112657261e-06,6.15202112657261e-06,0.0
1737426060.0,6.15202112657261e-06,6.15202112657261e-06,6.15202112657261e-06,6.15202112657261e-06,0.0
1737426120.0,6.15202112657261e-06,6.15202112657261e-06,6.15202112657261e-06,6.15202112657261e-06,0.0
1737426180.0,6.15202112657261e-06,6.15202112657261e-06,6.15202112657261e-06,6.15202112657261e-06,0.0
1737426240.0,6.15202112657261e-06,6.15202112657261e-06,6.15202112657261e-06,6.15202112657261e-06,0.0
1737426300.0,6.15202112657261e-06,6.15202112657261e-06,6.15202112657261e-06,6.15202112657261e-06,0.0
1737426360.0,6.15202112657261e-06,6.15202112657261e-06,6.15202112657261e-06,6.15202112657261e-06,0.0
1737426420.0,6.15202112657261e-06,6.15202112657261e-06,6.15202112657261e-06,6.15202112657261e-06,0.0
1737426480.0,6.15202112657261e-06,6.15202112657261e-06,6.15202112657261e-06,6.15202112657261e-06,0.0
1737426540.0,6.15202112657261e-06,6.15202112657261e-06,6.15202112657261e-06,6.15202112657261e-06,0.0
1737426600.0,6.15202112657261e-06,6.15202112657261e-06,6.15202112657261e-06,6.15202112657261e-06,0.0
1737426660.0,6.15202112657261e-06,6.15202112657261e-06,6.15202112657261e-06,6.15202112657261e-06,0.0
1737426720.0,6.15202112657261e-06,6.15202112657261e-06,6.15202112657261e-06,6.15202112657261e-06,0.0
1737426780.0,6.15202112657261e-06,6.15202112657261e-06,6.15202112657261e-06,6.15202112657261e-06,0.0
1737426840.0,6.15202112657261e-06,6.15202112657261e-06,6.15202112657261e-06,6.15202112657261e-06,0.0
1737426900.0,6.15202112657261e-06,6.15202112657261e-06,6.15202112657261e-06,6.15202112657261e-06,0.0
1737426960.0,6.15202112657261e-06,6.15202112657261e-06,6.15202112657261e-06,6.15202112657261e-06,0.0
1737427020.0,6.15202112657261e-06,6.15202112657261e-06,6.15202112657261e-06,6.15202112657261e-06,0.0
1737427080.0,6.15202112657261e-06,6.15202112657261e-06,6.15202112657261e-06,6.15202112657261e-06,0.0
1737427140.0,6.15202112657261e-06,6.15202112657261e-06,6.15202112657261e-06,6.15202112657261e-06,0.0
1737427200.0,6.15202112657261e-06,6.15202112657261e-06,6.15202112657261e-06,6.15202112657261e-06,0.0
1737427260.0,6.15202112657261e-06,6.15202112657261e-06,6.15202112657261e-06,6.15202112657261e-06,0.0
1737427320.0,6.15202112657261e-06,6.15202112657261e-06,6.15202112657261e-06,6.15202112657261e-06,0.0
1737427380.0,6.15202112657261e-06,6.15202112657261e-06,6.15202112657261e-06,6.15202112657261e-06,0.0
1737427440.0,6.15202112657261e-06,6.15202112657261e-06,6.15202112657261e-06,6.15202112657261e-06,0.0
1737427500.0,6.15202112657261e-06,6.15202112657261e-06,6.15202112657261e-06,6.15202112657261e-06,0.0
1737427560.0,6.15202112657261e-06,6.15202112657261e-06,6.15202112657261e-06,6.15202112657261e-06,0.0
1737427620.0,6.15202112657261e-06,6.15202112657261e-06,6.15202112657261e-06,6.15202112657261e-06,0.0
1737427680.0,6.15202112657261e-06,6.15202112657261e-06,6.15202112657261e-06,6.15202112657261e-06,0.0
1737427740.0,6.15202112657261e-06,6.15202112657261e-06,6.15202112657261e-06,6.15202112657261e-06,0.0
1737427800.0,6.15202112657261e-06,6.15202112657261e-06,6.15202112657261e-06,6.15202112657261e-06,0.0
1737427860.0,6.15202112657261e-06,6.15202112657261e-06,6.15202112657261e-06,6.15202112657261e-06,0.0
1737427920.0,6.15202112657261e-06,6.15202112657261e-06,6.15202112657261e-06,6.15202112657261e-06,0.0
1737427980.0,6.15202112657261e-06,6.15202112657261e-06,6.15202112657261e-06,6.15202112657261e-06,0.0
1737428040.0,6.15202112657261e-06,6.15202112657261e-06,6.15202112657261e-06,6.15202112657261e-06,0.0
1737428100.0,6.15202112657261e-06,6.15202112657261e-06,6.15202112657261e-06,6.15202112657261e-06,0.0
1737428160.0,6.15202112657261e-06,6.15202112657261e-06,6.15202112657261e-06,6.15202112657261e-06,0.0
1737428220.0,6.15202112657261e-06,6.15202112657261e-06,6.15202112657261e-06,6.15202112657261e-06,0.0
1737428280.0,6.15202112657261e-06,6.15202112657261e-06,6.15202112657261e-06,6.15202112657261e-06,0.0
1737428340.0,6.15202112657261e-06,6.15202112657261e-06,6.15202112657261e-06,6.15202112657261e-06,0.0
1737428400.0,6.15202112657261e-06,6.15202112657261e-06,6.15202112657261e-06,6.15202112657261e-06,0.0
1737428460.0,6.15202112657261e-06,6.15202112657261e-06,6.15202112657261e-06,6.15202112657261e-06,0.0
1737428520.0,6.15202112657261e-06,6.15202112657261e-06,6.15202112657261e-06,6.15202112657261e-06,0.0
1737428580.0,6.15202112657261e-06,6.15202112657261e-06,6.15202112657261e-06,6.15202112657261e-06,0.0
1737428640.0,6.15202112657261e-06,6.27772585851314e-06,6.15202112657261e-06,6.27772585851314e-06,5.0715780475
1737428700.0,6.27772585851314e-06,6.27772585851314e-06,6.27772585851314e-06,6.27772585851314e-06,0.0
1737428760.0,6.27772585851314e-06,6.27772585851314e-06,6.27772585851314e-06,6.27772585851314e-06,0.0
1737428820.0,6.27772585851314e-06,6.27772585851314e-06,6.27772585851314e-06,6.27772585851314e-06,0.0
1737428880.0,6.27772585851314e-06,6.27772585851314e-06,6.27772585851314e-06,6.27772585851314e-06,0.0
1737428940.0,6.27772585851314e-06,6.27772585851314e-06,6.27772585851314e-06,6.27772585851314e-06,0.0
1737429000.0,6.27772585851314e-06,6.27772585851314e-06,6.27772585851314e-06,6.27772585851314e-06,0.0
1737429060.0,6.27772585851314e-06,6.27772585851314e-06,6.27772585851314e-06,6.27772585851314e-06,0.0
1737429120.0,6.27772585851314e-06,6.27772585851314e-06,6.27772585851314e-06,6.27772585851314e-06,0.0
1737429180.0,6.27772585851314e-06,6.27772585851314e-06,6.27772585851314e-06,6.27772585851314e-06,0.0
1737429240.0,6.27772585851314e-06,6.27772585851314e-06,6.27772585851314e-06,6.27772585851314e-06,0.0
1737429300.0,6.27772585851314e-06,6.30508872222883e-06,6.27772585851314e-06,6.30508872222883e-06,0.4349161696
1737429360.0,6.30508872222883e-06,6.30508872222883e-06,6.30508872222883e-06,6.30508872222883e-06,0.0
1737429420.0,6.30508872222883e-06,6.30508872222883e-06,6.30508872222883e-06,6.30508872222883e-06,0.0
1737429480.0,6.30508872222883e-06,6.30508872222883e-06,6.30508872222883e-06,6.30508872222883e-06,0.0
1737429540.0,6.30508872222883e-06,6.30508872222883e-06,6.30508872222883e-06,6.30508872222883e-06,0.0
1737429600.0,6.30508872222883e-06,6.30508872222883e-06,6.30508872222883e-06,6.30508872222883e-06,0.0
1737429660.0,6.30508872222883e-06,6.30508872222883e-06,6.25612051632374e-06,6.25612051632374e-06,16.1080217376
1737429720.0,6.25612051632374e-06,6.25612051632374e-06,6.25612051632374e-06,6.25612051632374e-06,0.0
1737429780.0,6.25612051632374e-06,6.25612051632374e-06,6.25612051632374e-06,6.25612051632374e-06,0.0
1737429840.0,6.25612051632374e-06,6.25612051632374e-06,6.25612051632374e-06,6.25612051632374e-06,0.0
1737429900.0,6.25612051632374e-06,6.25612051632374e-06,6.25612051632374e-06,6.25612051632374e-06,0.0
1737429960.0,6.25612051632374e-06,6.25612051632374e-06,6.25612051632374e-06,6.25612051632374e-06,0.0
1737430020.0,6.25612051632374e-06,6.25612051632374e-06,6.25612051632374e-06,6.25612051632374e-06,0.0
1737430080.0,6.25612051632374e-06,6.25612051632374e-06,6.25612051632374e-06,6.25612051632374e-06,0.0
1737430140.0,6.25612051632374e-06,6.25612051632374e-06,6.25612051632374e-06,6.25612051632374e-06,0.0
1737430200.0,6.25612051632374e-06,6.25612051632374e-06,6.25612051632374e-06,6.25612051632374e-06,0.0
1737430260.0,6.25612051632374e-06,6.25612051632374e-06,6.25612051632374e-06,6.25612051632374e-06,0.0
1737430320.0,6.25612051632374e-06,6.25612051632374e-06,6.25612051632374e-06,6.25612051632374e-06,0.0
1737430380.0,6.25612051632374e-06,6.25612051632374e-06,6.25612051632374e-06,6.25612051632374e-06,0.0
1737430440.0,6.25612051632374e-06,6.25612051632374e-06,6.25612051632374e-06,6.25612051632374e-06,0.0
1737430500.0,6.25612051632374e-06,6.25612051632374e-06,6.25612051632374e-06,6.25612051632374e-06,0.0
1737430560.0,6.25612051632374e-06,6.25612051632374e-06,6.25612051632374e-06,6.25612051632374e-06,0.0
1737430620.0,6.25612051632374e-06,6.25612051632374e-06,6.25612051632374e-06,6.25612051632374e-06,0.0
1737430680.0,6.25612051632374e-06,6.25612051632374e-06,6.25612051632374e-06,6.25612051632374e-06,0.0
1737430740.0,6.25612051632374e-06,6.25612051632374e-06,6.25612051632374e-06,6.25612051632374e-06,0.0
1737430800.0,6.25612051632374e-06,6.25612051632374e-06,6.25612051632374e-06,6.25612051632374e-06,0.0
1737430860.0,6.25612051632374e-06,6.25612051632374e-06,6.25612051632374e-06,6.25612051632374e-06,0.0
1737430920.0,6.25612051632374e-06,6.25612051632374e-06,6.25612051632374e-06,6.25612051632374e-06,0.0
1737430980.0,6.25612051632374e-06,6.25612051632374e-06,6.25612051632374e-06,6.25612051632374e-06,0.0
1737431040.0,6.25612051632374e-06,6.25612051632374e-06,6.25612051632374e-06,6.25612051632374e-06,0.0
1737431100.0,6.25612051632374e-06,6.25612051632374e-06,6.25612051632374e-06,6.25612051632374e-06,0.0
1737431160.0,6.25612051632374e-06,6.25612051632374e-06,6.25612051632374e-06,6.25612051632374e-06,0.0
1737431220.0,6.25612051632374e-06,6.25612051632374e-06,6.25612051632374e-06,6.25612051632374e-06,0.0
1737431280.0,6.25612051632374e-06,6.25612051632374e-06,6.25612051632374e-06,6.25612051632374e-06,0.0
1737431340.0,6.25612051632374e-06,6.25612051632374e-06,6.25612051632374e-06,6.25612051632374e-06,0.0
1737431400.0,6.25612051632374e-06,6.25612051632374e-06,6.25612051632374e-06,6.25612051632374e-06,0.0
1737431460.0,6.25612051632374e-06,6.25612051632374e-06,6.25612051632374e-06,6.25612051632374e-06,0.0
1737431520.0,6.25612051632374e-06,6.25612051632374e-06,6.25612051632374e-06,6.25612051632374e-06,0.0
1737431580.0,6.25612051632374e-06,6.25612051632374e-06,6.25612051632374e-06,6.25612051632374e-06,0.0
1737431640.0,6.25612051632374e-06,6.25612051632374e-06,6.25612051632374e-06,6.25612051632374e-06,0.0
1737431700.0,6.25612051632374e-06,6.25612051632374e-06,6.25612051632374e-06,6.25612051632374e-06,0.0
1737431760.0,6.25612051632374e-06,6.25612051632374e-06,6.25612051632374e-06,6.25612051632374e-06,0.0
1737431820.0,6.25612051632374e-06,6.25612051632374e-06,6.25612051632374e-06,6.25612051632374e-06,0.0
1737431880.0,6.25612051632374e-06,6.25612051632374e-06,6.25612051632374e-06,6.25612051632374e-06,0.0
1737431940.0,6.25612051632374e-06,6.25612051632374e-06,6.25612051632374e-06,6.25612051632374e-06,0.0
1737432000.0,6.25612051632374e-06,6.25612051632374e-06,6.25612051632374e-06,6.25612051632374e-06,0.0
1737432060.0,6.25612051632374e-06,6.25612051632374e-06,6.25612051632374e-06,6.25612051632374e-06,0.0
1737432120.0,6.25612051632374e-06,6.25612051632374e-06,6.25612051632374e-06,6.25612051632374e-06,0.0
1737432180.0,6.25612051632374e-06,6.25612051632374e-06,6.25612051632374e-06,6.25612051632374e-06,0.0
1737432240.0,6.25612051632374e-06,6.25612051632374e-06,6.25612051632374e-06,6.25612051632374e-06,0.0
1737432300.0,6.25612051632374e-06,6.25612051632374e-06,6.25612051632374e-06,6.25612051632374e-06,0.0
1737432360.0,6.25612051632374e-06,6.25612051632374e-06,6.25612051632374e-06,6.25612051632374e-06,0.0
1737432420.0,6.25612051632374e-06,6.25612051632374e-06,6.25612051632374e-06,6.25612051632374e-06,0.0
1737432480.0,6.25612051632374e-06,6.25612051632374e-06,6.25612051632374e-06,6.25612051632374e-06,0.0
1737432540.0,6.25612051632374e-06,6.25612051632374e-06,6.25612051632374e-06,6.25612051632374e-06,0.0
1737432600.0,6.25612051632374e-06,6.25612051632374e-06,6.25612051632374e-06,6.25612051632374e-06,0.0
1737432660.0,6.25612051632374e-06,6.25612051632374e-06,6.25612051632374e-06,6.25612051632374e-06,0.0
1737432720.0,6.25612051632374e-06,6.25612051632374e-06,6.25612051632374e-06,6.25612051632374e-06,0.0
1737432780.0,6.25612051632374e-06,6.25612051632374e-06,6.25612051632374e-06,6.25612051632374e-06,0.0
1737432840.0,6.25612051632374e-06,6.25612051632374e-06,6.25612051632374e-06,6.25612051632374e-06,0.0
1737432900.0,6.25612051632374e-06,6.25612051632374e-06,6.25612051632374e-06,6.25612051632374e-06,0.0
1737432960.0,6.25612051632374e-06,6.25612051632374e-06,6.25612051632374e-06,6.25612051632374e-06,0.0
1737433020.0,6.25612051632374e-06,6.25612051632374e-06,6.25612051632374e-06,6.25612051632374e-06,0.0
1737433080.0,6.25612051632374e-06,6.25612051632374e-06,6.25612051632374e-06,6.25612051632374e-06,0.0
1737433140.0,6.25612051632374e-06,6.25612051632374e-06,6.25612051632374e-06,6.25612051632374e-06,0.0
1737433200.0,6.25612051632374e-06,6.25612051632374e-06,6.25612051632374e-06,6.25612051632374e-06,0.0
1737433260.0,6.25612051632374e-06,6.25612051632374e-06,6.25612051632374e-06,6.25612051632374e-06,0.0
1737433320.0,6.25612051632374e-06,6.25612051632374e-06,6.15747106026815e-06,6.15747106026815e-06,3.89285213408
1737433380.0,6.15747106026815e-06,6.15747106026815e-06,6.15747106026815e-06,6.15747106026815e-06,0.0
1737433440.0,6.15747106026815e-06,6.15747106026815e-06,6.15747106026815e-06,6.15747106026815e-06,0.0
1737433500.0,6.15747106026815e-06,6.15747106026815e-06,6.15747106026815e-06,6.15747106026815e-06,0.0
1737433560.0,6.15747106026815e-06,6.15747106026815e-06,6.15747106026815e-06,6.15747106026815e-06,0.0
1737433620.0,6.15747106026815e-06,6.15747106026815e-06,6.15747106026815e-06,6.15747106026815e-06,0.0
1737433680.0,6.15747106026815e-06,6.15747106026815e-06,6.15747106026815e-06,6.15747106026815e-06,0.0
1737433740.0,6.15747106026815e-06,6.15747106026815e-06,6.15747106026815e-06,6.15747106026815e-06,0.0
1737433800.0,6.15747106026815e-06,6.15747106026815e-06,6.15747106026815e-06,6.15747106026815e-06,0.0
1737433860.0,6.15747106026815e-06,6.15747106026815e-06,6.15747106026815e-06,6.15747106026815e-06,0.0
1737433920.0,6.15747106026815e-06,6.15747106026815e-06,6.15747106026815e-06,6.15747106026815e-06,0.0
1737433980.0,6.15747106026815e-06,6.15747106026815e-06,6.15747106026815e-06,6.15747106026815e-06,0.0
1737434040.0,6.15747106026815e-06,6.15747106026815e-06,6.15747106026815e-06,6.15747106026815e-06,0.0
1737434100.0,6.15747106026815e-06,6.15747106026815e-06,6.15747106026815e-06,6.15747106026815e-06,0.0
1737434160.0,6.15747106026815e-06,6.15747106026815e-06,6.15747106026815e-06,6.15747106026815e-06,0.0
1737434220.0,6.15747106026815e-06,6.15747106026815e-06,6.15747106026815e-06,6.15747106026815e-06,0.0
1737434280.0,6.15747106026815e-06,6.15747106026815e-06,6.15747106026815e-06,6.15747106026815e-06,0.0
1737434340.0,6.15747106026815e-06,6.15747106026815e-06,6.15747106026815e-06,6.15747106026815e-06,0.0
1737434400.0,6.15747106026815e-06,6.15747106026815e-06,6.15747106026815e-06,6.15747106026815e-06,0.0
1737434460.0,6.15747106026815e-06,6.15747106026815e-06,6.15747106026815e-06,6.15747106026815e-06,0.0
1737434520.0,6.15747106026815e-06,6.15747106026815e-06,6.15747106026815e-06,6.15747106026815e-06,0.0
1737434580.0,6.15747106026815e-06,6.15747106026815e-06,6.15747106026815e-06,6.15747106026815e-06,0.0
1737434640.0,6.15747106026815e-06,6.15747106026815e-06,6.15747106026815e-06,6.15747106026815e-06,0.0
1737434700.0,6.15747106026815e-06,6.15747106026815e-06,6.15747106026815e-06,6.15747106026815e-06,0.0
1737434760.0,6.15747106026815e-06,6.15747106026815e-06,6.15747106026815e-06,6.15747106026815e-06,0.0
1737434820.0,6.15747106026815e-06,6.15747106026815e-06,6.15747106026815e-06,6.15747106026815e-06,0.0
1737434880.0,6.15747106026815e-06,6.15747106026815e-06,6.15747106026815e-06,6.15747106026815e-06,0.0
1737434940.0,6.15747106026815e-06,6.15747106026815e-06,6.15747106026815e-06,6.15747106026815e-06,0.0
1737435000.0,6.15747106026815e-06,6.15747106026815e-06,6.15747106026815e-06,6.15747106026815e-06,0.0
1737435060.0,6.15747106026815e-06,6.15747106026815e-06,6.15747106026815e-06,6.15747106026815e-06,0.0
1737435120.0,6.15747106026815e-06,6.15747106026815e-06,6.15747106026815e-06,6.15747106026815e-06,0.0
1737435180.0,6.15747106026815e-06,6.15747106026815e-06,6.15747106026815e-06,6.15747106026815e-06,0.0
1737435240.0,6.15747106026815e-06,6.15747106026815e-06,6.15747106026815e-06,6.15747106026815e-06,0.0
1737435300.0,6.15747106026815e-06,6.15747106026815e-06,6.15747106026815e-06,6.15747106026815e-06,0.0
1737435360.0,6.15747106026815e-06,6.15747106026815e-06,6.15747106026815e-06,6.15747106026815e-06,0.0
1737435420.0,6.15747106026815e-06,6.15747106026815e-06,6.15747106026815e-06,6.15747106026815e-06,0.0
1737435480.0,6.15747106026815e-06,6.15747106026815e-06,6.15747106026815e-06,6.15747106026815e-06,0.0
1737435540.0,6.15747106026815e-06,6.15747106026815e-06,6.15747106026815e-06,6.15747106026815e-06,0.0
1737435600.0,6.15747106026815e-06,6.15747106026815e-06,6.15747106026815e-06,6.15747106026815e-06,0.0
1737435660.0,6.15747106026815e-06,6.15747106026815e-06,6.15747106026815e-06,6.15747106026815e-06,0.0
1737435720.0,6.15747106026815e-06,6.15747106026815e-06,6.15747106026815e-06,6.15747106026815e-06,0.0
1737435780.0,6.15747106026815e-06,6.15747106026815e-06,6.15747106026815e-06,6.15747106026815e-06,0.0
1737435840.0,6.15747106026815e-06,6.15747106026815e-06,6.15747106026815e-06,6.15747106026815e-06,0.0
1737435900.0,6.15747106026815e-06,6.15747106026815e-06,6.15747106026815e-06,6.15747106026815e-06,0.0
1737435960.0,6.15747106026815e-06,6.15747106026815e-06,6.15747106026815e-06,6.15747106026815e-06,0.0
1737436020.0,6.15747106026815e-06,6.15747106026815e-06,6.15747106026815e-06,6.15747106026815e-06,0.0
1737436080.0,6.15747106026815e-06,6.15747106026815e-06,6.15747106026815e-06,6.15747106026815e-06,0.0
1737436140.0,6.15747106026815e-06,6.15747106026815e-06,6.15747106026815e-06,6.15747106026815e-06,0.0
1737436200.0,6.15747106026815e-06,6.15747106026815e-06,6.15747106026815e-06,6.15747106026815e-06,0.0
1737436260.0,6.15747106026815e-06,6.15747106026815e-06,6.15747106026815e-06,6.15747106026815e-06,0.0
1737436320.0,6.15747106026815e-06,6.15747106026815e-06,6.15747106026815e-06,6.15747106026815e-06,0.0
1737436380.0,6.15747106026815e-06,6.15747106026815e-06,6.15747106026815e-06,6.15747106026815e-06,0.0
1737436440.0,6.15747106026815e-06,6.15747106026815e-06,6.15747106026815e-06,6.15747106026815e-06,0.0
1737436500.0,6.15747106026815e-06,6.15747106026815e-06,6.15747106026815e-06,6.15747106026815e-06,0.0
1737436560.0,6.15747106026815e-06,6.15747106026815e-06,6.15747106026815e-06,6.15747106026815e-06,0.0
1737436620.0,6.15747106026815e-06,6.15747106026815e-06,6.15747106026815e-06,6.15747106026815e-06,0.0
1737436680.0,6.15747106026815e-06,6.15747106026815e-06,6.15747106026815e-06,6.15747106026815e-06,0.0
1737436740.0,6.15747106026815e-06,6.15747106026815e-06,6.15747106026815e-06,6.15747106026815e-06,0.0
1737436800.0,6.15747106026815e-06,6.15747106026815e-06,6.15747106026815e-06,6.15747106026815e-06,0.0
1737436860.0,6.15747106026815e-06,6.15747106026815e-06,6.15747106026815e-06,6.15747106026815e-06,0.0
1737436920.0,6.15747106026815e-06,6.15747106026815e-06,6.15747106026815e-06,6.15747106026815e-06,0.0
1737436980.0,6.15747106026815e-06,6.15747106026815e-06,6.15747106026815e-06,6.15747106026815e-06,0.0
1737437040.0,6.15747106026815e-06,6.15747106026815e-06,6.15747106026815e-06,6.15747106026815e-06,0.0
1737437100.0,6.15747106026815e-06,6.15747106026815e-06,6.15747106026815e-06,6.15747106026815e-06,0.0
1737437160.0,6.15747106026815e-06,6.15747106026815e-06,6.15747106026815e-06,6.15747106026815e-06,0.0
1737437220.0,6.15747106026815e-06,6.15747106026815e-06,6.15747106026815e-06,6.15747106026815e-06,0.0
1737437280.0,6.15747106026815e-06,6.15747106026815e-06,6.15747106026815e-06,6.15747106026815e-06,0.0
1737437340.0,6.15747106026815e-06,6.15747106026815e-06,6.15747106026815e-06,6.15747106026815e-06,0.0
1737437400.0,6.15747106026815e-06,6.15747106026815e-06,6.15747106026815e-06,6.15747106026815e-06,0.0
1737437460.0,6.15747106026815e-06,6.15747106026815e-06,6.15747106026815e-06,6.15747106026815e-06,0.0
1737437520.0,6.15747106026815e-06,6.15747106026815e-06,6.15747106026815e-06,6.15747106026815e-06,0.0
1737437580.0,6.15747106026815e-06,6.15747106026815e-06,6.15747106026815e-06,6.15747106026815e-06,0.0
1737437640.0,6.15747106026815e-06,6.15747106026815e-06,6.15747106026815e-06,6.15747106026815e-06,0.0
1737437700.0,6.15747106026815e-06,6.15747106026815e-06,6.15747106026815e-06,6.15747106026815e-06,0.0
1737437760.0,6.15747106026815e-06,6.15747106026815e-06,6.15747106026815e-06,6.15747106026815e-06,0.0
1737437820.0,6.15747106026815e-06,6.15747106026815e-06,6.15747106026815e-06,6.15747106026815e-06,0.0
1737437880.0,6.15747106026815e-06,6.15747106026815e-06,6.15747106026815e-06,6.15747106026815e-06,0.0
1737437940.0,6.15747106026815e-06,6.15747106026815e-06,6.15747106026815e-06,6.15747106026815e-06,0.0
1737438000.0,6.15747106026815e-06,6.15747106026815e-06,6.15747106026815e-06,6.15747106026815e-06,0.0
1737438060.0,6.15747106026815e-06,6.15747106026815e-06,6.15747106026815e-06,6.15747106026815e-06,0.0
1737438120.0,6.15747106026815e-06,6.15747106026815e-06,6.15747106026815e-06,6.15747106026815e-06,0.0
1737438180.0,6.15747106026815e-06,6.15747106026815e-06,6.15747106026815e-06,6.15747106026815e-06,0.0
1737438240.0,6.15747106026815e-06,6.15747106026815e-06,6.15747106026815e-06,6.15747106026815e-06,0.0
1737438300.0,6.15747106026815e-06,6.15747106026815e-06,6.15747106026815e-06,6.15747106026815e-06,0.0
1737438360.0,6.15747106026815e-06,6.15747106026815e-06,6.15747106026815e-06,6.15747106026815e-06,0.0
1737438420.0,6.15747106026815e-06,6.15747106026815e-06,6.15747106026815e-06,6.15747106026815e-06,0.0
1737438480.0,6.15747106026815e-06,6.15747106026815e-06,6.15747106026815e-06,6.15747106026815e-06,0.0
1737438540.0,6.15747106026815e-06,6.15747106026815e-06,6.15747106026815e-06,6.15747106026815e-06,0.0
1737438600.0,6.15747106026815e-06,6.15747106026815e-06,6.15747106026815e-06,6.15747106026815e-06,0.0
1737438660.0,6.15747106026815e-06,6.15747106026815e-06,6.15747106026815e-06,6.15747106026815e-06,0.0
1737438720.0,6.15747106026815e-06,6.15747106026815e-06,6.15747106026815e-06,6.15747106026815e-06,0.0
1737438780.0,6.15747106026815e-06,6.15747106026815e-06,6.15747106026815e-06,6.15747106026815e-06,0.0
1737438840.0,6.15747106026815e-06,6.15747106026815e-06,6.08877884188694e-06,6.08877884188694e-06,0.34850723472
1737438900.0,6.08877884188694e-06,6.08877884188694e-06,6.08877884188694e-06,6.08877884188694e-06,0.0
1737438960.0,6.08877884188694e-06,6.08877884188694e-06,6.08877884188694e-06,6.08877884188694e-06,0.0
1737439020.0,6.08877884188694e-06,6.08877884188694e-06,6.08877884188694e-06,6.08877884188694e-06,0.0
1737439080.0,6.08877884188694e-06,6.08877884188694e-06,6.08877884188694e-06,6.08877884188694e-06,0.0
1737439140.0,6.08877884188694e-06,6.08877884188694e-06,6.08877884188694e-06,6.08877884188694e-06,0.0
1737439200.0,6.08877884188694e-06,6.08877884188694e-06,5.99968101041277e-06,5.99968101041277e-06,54.42530161536
1737439260.0,5.99968101041277e-06,5.99968101041277e-06,5.92136334729128e-06,5.92136334729128e-06,4.71408081298
1737439320.0,5.92136334729128e-06,5.92136334729128e-06,5.92136334729128e-06,5.92136334729128e-06,0.0
1737439380.0,5.92136334729128e-06,5.92136334729128e-06,5.92136334729128e-06,5.92136334729128e-06,0.0
1737439440.0,5.92136334729128e-06,5.92136334729128e-06,5.92136334729128e-06,5.92136334729128e-06,0.0
1737439500.0,5.92136334729128e-06,5.92136334729128e-06,5.92136334729128e-06,5.92136334729128e-06,0.0
1737439560.0,5.92136334729128e-06,5.92136334729128e-06,5.92136334729128e-06,5.92136334729128e-06,0.0
1737439620.0,5.92136334729128e-06,5.92136334729128e-06,5.92136334729128e-06,5.92136334729128e-06,0.0
1737439680.0,5.92136334729128e-06,5.92136334729128e-06,5.92136334729128e-06,5.92136334729128e-06,0.0
1737439740.0,5.92136334729128e-06,5.92136334729128e-06,5.92136334729128e-06,5.92136334729128e-06,0.0
1737439800.0,5.92136334729128e-06,5.92136334729128e-06,5.92136334729128e-06,5.92136334729128e-06,0.0
1737439860.0,5.92136334729128e-06,5.92136334729128e-06,5.92136334729128e-06,5.92136334729128e-06,0.0
1737439920.0,5.92136334729128e-06,5.92136334729128e-06,5.92136334729128e-06,5.92136334729128e-06,0.0
1737439980.0,5.92136334729128e-06,5.92136334729128e-06,5.92136334729128e-06,5.92136334729128e-06,0.0
1737440040.0,5.92136334729128e-06,5.92136334729128e-06,5.92136334729128e-06,5.92136334729128e-06,0.0
1737440100.0,5.92136334729128e-06,5.92136334729128e-06,5.92136334729128e-06,5.92136334729128e-06,0.0
1737440160.0,5.92136334729128e-06,5.92136334729128e-06,5.92136334729128e-06,5.92136334729128e-06,0.0
1737440220.0,5.92136334729128e-06,5.92136334729128e-06,5.92136334729128e-06,5.92136334729128e-06,0.0
1737440280.0,5.92136334729128e-06,5.92136334729128e-06,5.92136334729128e-06,5.92136334729128e-06,0.0
1737440340.0,5.92136334729128e-06,5.92136334729128e-06,5.92136334729128e-06,5.92136334729128e-06,0.0
1737440400.0,5.92136334729128e-06,5.92136334729128e-06,5.92136334729128e-06,5.92136334729128e-06,0.0
1737440460.0,5.92136334729128e-06,5.92136334729128e-06,5.92136334729128e-06,5.92136334729128e-06,0.0
1737440520.0,5.92136334729128e-06,5.92136334729128e-06,5.92136334729128e-06,5.92136334729128e-06,0.0
1737440580.0,5.92136334729128e-06,5.92136334729128e-06,5.92136334729128e-06,5.92136334729128e-06,0.0
1737440640.0,5.92136334729128e-06,5.92136334729128e-06,5.92136334729128e-06,5.92136334729128e-06,0.0
1737440700.0,5.92136334729128e-06,5.92136334729128e-06,5.92136334729128e-06,5.92136334729128e-06,0.0
1737440760.0,5.92136334729128e-06,5.92136334729128e-06,5.92136334729128e-06,5.92136334729128e-06,0.0
1737440820.0,5.92136334729128e-06,5.92136334729128e-06,5.92136334729128e-06,5.92136334729128e-06,0.0
1737440880.0,5.92136334729128e-06,5.92136334729128e-06,5.92136334729128e-06,5.92136334729128e-06,0.0
1737440940.0,5.92136334729128e-06,5.92136334729128e-06,5.92136334729128e-06,5.92136334729128e-06,0.0
1737441000.0,5.92136334729128e-06,5.92136334729128e-06,5.92136334729128e-06,5.92136334729128e-06,0.0
1737441060.0,5.92136334729128e-06,5.92136334729128e-06,5.92136334729128e-06,5.92136334729128e-06,0.0
1737441120.0,5.92136334729128e-06,5.92136334729128e-06,5.92136334729128e-06,5.92136334729128e-06,0.0
1737441180.0,5.92136334729128e-06,5.92136334729128e-06,5.92136334729128e-06,5.92136334729128e-06,0.0
1737441240.0,5.92136334729128e-06,5.92136334729128e-06,5.92136334729128e-06,5.92136334729128e-06,0.0
1737441300.0,5.92136334729128e-06,5.92136334729128e-06,5.92136334729128e-06,5.92136334729128e-06,0.0
1737441360.0,5.92136334729128e-06,5.92136334729128e-06,5.92136334729128e-06,5.92136334729128e-06,0.0
1737441420.0,5.92136334729128e-06,5.92136334729128e-06,5.92136334729128e-06,5.92136334729128e-06,0.0
1737441480.0,5.92136334729128e-06,5.92136334729128e-06,5.92136334729128e-06,5.92136334729128e-06,0.0
1737441540.0,5.92136334729128e-06,5.92136334729128e-06,5.92136334729128e-06,5.92136334729128e-06,0.0
1737441600.0,5.92136334729128e-06,5.92136334729128e-06,5.92136334729128e-06,5.92136334729128e-06,0.0
1737441660.0,5.92136334729128e-06,5.92136334729128e-06,5.92136334729128e-06,5.92136334729128e-06,0.0
1737441720.0,5.92136334729128e-06,5.92136334729128e-06,5.92136334729128e-06,5.92136334729128e-06,0.0
1737441780.0,5.92136334729128e-06,5.92136334729128e-06,5.92136334729128e-06,5.92136334729128e-06,0.0
1737441840.0,5.92136334729128e-06,5.92136334729128e-06,5.92136334729128e-06,5.92136334729128e-06,0.0
1737441900.0,5.92136334729128e-06,5.92136334729128e-06,5.92136334729128e-06,5.92136334729128e-06,0.0
1737441960.0,5.92136334729128e-06,5.92136334729128e-06,5.92136334729128e-06,5.92136334729128e-06,0.0
1737442020.0,5.92136334729128e-06,5.92136334729128e-06,5.92136334729128e-06,5.92136334729128e-06,0.0
1737442080.0,5.92136334729128e-06,5.92136334729128e-06,5.92136334729128e-06,5.92136334729128e-06,0.0
1737442140.0,5.92136334729128e-06,5.92136334729128e-06,5.92136334729128e-06,5.92136334729128e-06,0.0
1737442200.0,5.92136334729128e-06,5.92136334729128e-06,5.92136334729128e-06,5.92136334729128e-06,0.0
1737442260.0,5.92136334729128e-06,5.92136334729128e-06,5.92136334729128e-06,5.92136334729128e-06,0.0
1737442320.0,5.92136334729128e-06,5.92136334729128e-06,5.92136334729128e-06,5.92136334729128e-06,0.0
1737442380.0,5.92136334729128e-06,5.92136334729128e-06,5.92136334729128e-06,5.92136334729128e-06,0.0
1737442440.0,5.92136334729128e-06,5.92136334729128e-06,5.92136334729128e-06,5.92136334729128e-06,0.0
1737442500.0,5.92136334729128e-06,5.92136334729128e-06,5.92136334729128e-06,5.92136334729128e-06,0.0
1737442560.0,5.92136334729128e-06,5.92136334729128e-06,5.92136334729128e-06,5.92136334729128e-06,0.0
1737442620.0,5.92136334729128e-06,5.92136334729128e-06,5.92136334729128e-06,5.92136334729128e-06,0.0
1737442680.0,5.92136334729128e-06,5.92136334729128e-06,5.92136334729128e-06,5.92136334729128e-06,0.0
1737442740.0,5.92136334729128e-06,5.92136334729128e-06,5.92136334729128e-06,5.92136334729128e-06,0.0
1737442800.0,5.92136334729128e-06,5.92136334729128e-06,5.92136334729128e-06,5.92136334729128e-06,0.0
1737442860.0,5.92136334729128e-06,5.92136334729128e-06,5.92136334729128e-06,5.92136334729128e-06,0.0
1737442920.0,5.92136334729128e-06,5.92136334729128e-06,5.92136334729128e-06,5.92136334729128e-06,0.0
1737442980.0,5.92136334729128e-06,6.01434565565975e-06,5.92136334729128e-06,6.01434565565975e-06,8.83750290347
1737443040.0,6.01434565565975e-06,6.01434565565975e-06,6.01434565565975e-06,6.01434565565975e-06,0.0
1737443100.0,6.01434565565975e-06,6.01434565565975e-06,6.01434565565975e-06,6.01434565565975e-06,0.0
1737443160.0,6.01434565565975e-06,6.01434565565975e-06,6.01434565565975e-06,6.01434565565975e-06,0.0
1737443220.0,6.01434565565975e-06,6.01434565565975e-06,5.98500300998998e-06,5.98500300998998e-06,13.13243696374
1737443280.0,5.98500300998998e-06,5.98500300998998e-06,5.98500300998998e-06,5.98500300998998e-06,0.0
1737443340.0,5.98500300998998e-06,5.98500300998998e-06,5.98500300998998e-06,5.98500300998998e-06,0.0
1737443400.0,5.98500300998998e-06,5.98500300998998e-06,5.96328902722452e-06,5.96328902722452e-06,2.2052165943
1737443460.0,5.96328902722452e-06,5.96328902722452e-06,5.96328902722452e-06,5.96328902722452e-06,0.0
1737443520.0,5.96328902722452e-06,5.96328902722452e-06,5.96328902722452e-06,5.96328902722452e-06,0.0
1737443580.0,5.96328902722452e-06,5.96328902722452e-06,5.96328902722452e-06,5.96328902722452e-06,0.0
1737443640.0,5.96328902722452e-06,5.96328902722452e-06,5.96328902722452e-06,5.96328902722452e-06,0.0
1737443700.0,5.96328902722452e-06,5.96328902722452e-06,5.96328902722452e-06,5.96328902722452e-06,0.0
1737443760.0,5.96328902722452e-06,5.96328902722452e-06,5.96328902722452e-06,5.96328902722452e-06,0.0
1737443820.0,5.96328902722452e-06,5.96328902722452e-06,5.96328902722452e-06,5.96328902722452e-06,0.0
1737443880.0,5.96328902722452e-06,5.96328902722452e-06,5.96328902722452e-06,5.96328902722452e-06,0.0
1737443940.0,5.96328902722452e-06,5.96328902722452e-06,5.96328902722452e-06,5.96328902722452e-06,0.0
1737444000.0,5.96328902722452e-06,5.96328902722452e-06,5.96328902722452e-06,5.96328902722452e-06,0.0
1737444060.0,5.96328902722452e-06,5.96328902722452e-06,5.96328902722452e-06,5.96328902722452e-06,0.0
1737444120.0,5.96328902722452e-06,5.96328902722452e-06,5.96328902722452e-06,5.96328902722452e-06,0.0
1737444180.0,5.96328902722452e-06,5.96328902722452e-06,5.96328902722452e-06,5.96328902722452e-06,0.0
1737444240.0,5.96328902722452e-06,5.96328902722452e-06,5.96328902722452e-06,5.96328902722452e-06,0.0
