0,1,2,3,4,5
1736629860.0,0.0001099248239352,0.0001369177420655,8.65710867619435e-05,0.0001049411715562,12941.57216230686
1736629920.0,0.0001049411715562,0.0001192588252465,0.0001049411715562,0.0001051292944281,2487.0779934918
1736629980.0,0.0001051292944281,0.0001109522517247,3.33728962848831e-06,3.33728962848831e-06,16345.97496257174
1736630040.0,3.33728962848831e-06,1.33922992050688e-05,3.22107637056859e-06,3.89674160946248e-06,7011.80906925623
1736630100.0,3.89674160946248e-06,3.99019113757867e-06,3.8963381152225e-06,3.93454761098313e-06,69.47868874027
1736630160.0,3.93454761098313e-06,3.93454761098313e-06,3.29924138275321e-06,3.30844365681271e-06,321.86045613196
1736630220.0,3.30844365681271e-06,3.30844365681271e-06,3.30671039397637e-06,3.30671039397637e-06,1.09777576765
1736630280.0,3.30671039397637e-06,3.30671039397637e-06,3.2959460064158e-06,3.2959460064158e-06,10.2928393692
1736630340.0,3.2959460064158e-06,3.2959460064158e-06,3.2959460064158e-06,3.2959460064158e-06,0.0
1736630400.0,3.2959460064158e-06,3.31042125263527e-06,3.2959460064158e-06,3.31042125263527e-06,5.4910853727
1736630460.0,3.31042125263527e-06,3.31819924203473e-06,3.31042125263527e-06,3.31819924203473e-06,1.9096
1736630520.0,3.31819924203473e-06,3.33863619564972e-06,3.31819924203473e-06,3.33863619564972e-06,15.2896
1736630580.0,3.33863619564972e-06,3.33863619564972e-06,3.33863619564972e-06,3.33863619564972e-06,0.0
1736630640.0,3.33863619564972e-06,3.33863619564972e-06,3.33863619564972e-06,3.33863619564972e-06,0.0
1736630700.0,3.33863619564972e-06,3.33863619564972e-06,3.33863619564972e-06,3.33863619564972e-06,0.0
1736630760.0,3.33863619564972e-06,3.34017202263469e-06,3.33863619564972e-06,3.34017202263469e-06,1.32108521724
1736630820.0,3.34017202263469e-06,3.35789066473097e-06,3.34017202263469e-06,3.35789066473097e-06,1.9136
1736630880.0,3.35789066473097e-06,3.35789066473097e-06,3.35789066473097e-06,3.35789066473097e-06,0.0
1736630940.0,3.35789066473097e-06,3.35789066473097e-06,3.35789066473097e-06,3.35789066473097e-06,0.0
1736631000.0,3.35789066473097e-06,3.35789066473097e-06,3.35789066473097e-06,3.35789066473097e-06,0.0
1736631060.0,3.35789066473097e-06,3.35789066473097e-06,3.33727410280167e-06,3.33727410280167e-06,0.04916290771
1736631120.0,3.33727410280167e-06,3.33727410280167e-06,3.33727410280167e-06,3.33727410280167e-06,0.0
1736631180.0,3.33727410280167e-06,3.33727410280167e-06,3.33170007645352e-06,3.33170007645352e-06,1.80374074314
1736631240.0,3.33170007645352e-06,3.33170007645352e-06,3.33170007645352e-06,3.33170007645352e-06,0.0
1736631300.0,3.33170007645352e-06,3.33170007645352e-06,3.33170007645352e-06,3.33170007645352e-06,0.0
1736631360.0,3.33170007645352e-06,3.33170007645352e-06,3.33170007645352e-06,3.33170007645352e-06,0.0
1736631420.0,3.33170007645352e-06,3.33170007645352e-06,3.33170007645352e-06,3.33170007645352e-06,0.0
1736631480.0,3.33170007645352e-06,3.33170007645352e-06,3.33170007645352e-06,3.33170007645352e-06,0.0
1736631540.0,3.33170007645352e-06,3.33170007645352e-06,3.32922986465403e-06,3.32922986465403e-06,0.59450276312
1736631600.0,3.32922986465403e-06,3.32922986465403e-06,3.32922986465403e-06,3.32922986465403e-06,0.0
1736631660.0,3.32922986465403e-06,3.32922986465403e-06,3.32922986465403e-06,3.32922986465403e-06,0.0
1736631720.0,3.32922986465403e-06,3.32922986465403e-06,3.32922986465403e-06,3.32922986465403e-06,0.0
1736631780.0,3.32922986465403e-06,3.32922986465403e-06,3.32922986465403e-06,3.32922986465403e-06,0.0
1736631840.0,3.32922986465403e-06,3.32922986465403e-06,3.32922986465403e-06,3.32922986465403e-06,0.0
1736631900.0,3.32922986465403e-06,3.32922986465403e-06,3.32922986465403e-06,3.32922986465403e-06,0.0
1736631960.0,3.32922986465403e-06,3.35253260073786e-06,3.32922986465403e-06,3.35253260073786e-06,0.19122
1736632020.0,3.35253260073786e-06,3.35253260073786e-06,3.35253260073786e-06,3.35253260073786e-06,0.0
1736632080.0,3.35253260073786e-06,3.35253260073786e-06,3.35253260073786e-06,3.35253260073786e-06,0.0
1736632140.0,3.35253260073786e-06,3.35253260073786e-06,3.35253260073786e-06,3.35253260073786e-06,0.0
1736632200.0,3.35253260073786e-06,3.35253260073786e-06,3.35253260073786e-06,3.35253260073786e-06,0.0
1736632260.0,3.35253260073786e-06,3.35996383609619e-06,3.35253260073786e-06,3.35996383609619e-06,1.9152
1736632320.0,3.35996383609619e-06,3.35996383609619e-06,3.35996383609619e-06,3.35996383609619e-06,0.0
1736632380.0,3.35996383609619e-06,3.35996383609619e-06,3.35996383609619e-06,3.35996383609619e-06,0.0
1736632440.0,3.35996383609619e-06,3.36620570943802e-06,3.35996383609619e-06,3.36620570943802e-06,4.30359567561
1736632500.0,3.36620570943802e-06,3.37391009801859e-06,3.36620570943802e-06,3.37391009801859e-06,3.8294
1736632560.0,3.37391009801859e-06,3.50118920414605e-06,3.37391009801859e-06,3.50118920414605e-06,58.8628025
1736632620.0,3.50118920414605e-06,3.52263763006797e-06,3.50118920414605e-06,3.52263763006797e-06,19.156
1736632680.0,3.52263763006797e-06,3.52263763006797e-06,3.52263763006797e-06,3.52263763006797e-06,0.0
1736632740.0,3.52263763006797e-06,3.53724600784684e-06,3.52263763006797e-06,3.53724600784684e-06,0.18961446
1736632800.0,3.53724600784684e-06,3.53866689607518e-06,3.51191163456924e-06,3.51191163456924e-06,10.68647336071
1736632860.0,3.51191163456924e-06,3.51191163456924e-06,3.4389890810817e-06,3.4389890810817e-06,58.2798309263
1736632920.0,3.4389890810817e-06,3.4389890810817e-06,3.4389890810817e-06,3.4389890810817e-06,0.0
1736632980.0,3.4389890810817e-06,3.4389890810817e-06,3.37550567459187e-06,3.37550567459187e-06,1.90808486212
1736633040.0,3.37550567459187e-06,3.37550567459187e-06,3.3640491394113e-06,3.3640491394113e-06,7.80118056639
1736633100.0,3.3640491394113e-06,3.3640491394113e-06,3.3640491394113e-06,3.3640491394113e-06,0.0
1736633160.0,3.3640491394113e-06,3.3640491394113e-06,3.3640491394113e-06,3.3640491394113e-06,0.0
1736633220.0,3.3640491394113e-06,3.3640491394113e-06,3.3640491394113e-06,3.3640491394113e-06,0.0
1736633280.0,3.3640491394113e-06,3.3640491394113e-06,3.3640491394113e-06,3.3640491394113e-06,0.0
1736633340.0,3.3640491394113e-06,3.3640491394113e-06,3.3640491394113e-06,3.3640491394113e-06,0.0
1736633400.0,3.3640491394113e-06,3.3640491394113e-06,3.3640491394113e-06,3.3640491394113e-06,0.0
1736633460.0,3.3640491394113e-06,3.3640491394113e-06,3.3640491394113e-06,3.3640491394113e-06,0.0
1736633520.0,3.3640491394113e-06,3.3640491394113e-06,3.33996221930706e-06,3.33996221930706e-06,1.90379895572
1736633580.0,3.33996221930706e-06,3.33996221930706e-06,3.33996221930706e-06,3.33996221930706e-06,0.0
1736633640.0,3.33996221930706e-06,3.33996221930706e-06,3.33289992196619e-06,3.33289992196619e-06,4.26101519916
1736633700.0,3.33289992196619e-06,3.33289992196619e-06,3.33289992196619e-06,3.33289992196619e-06,0.0
1736633760.0,3.33289992196619e-06,3.33289992196619e-06,3.33289992196619e-06,3.33289992196619e-06,0.0
1736633820.0,3.33289992196619e-06,3.33289992196619e-06,3.33289992196619e-06,3.33289992196619e-06,0.0
1736633880.0,3.33289992196619e-06,3.33289992196619e-06,3.33289992196619e-06,3.33289992196619e-06,0.0
1736633940.0,3.33289992196619e-06,3.33289992196619e-06,3.33289992196619e-06,3.33289992196619e-06,0.0
1736634000.0,3.33289992196619e-06,3.33289992196619e-06,3.33289992196619e-06,3.33289992196619e-06,0.0
1736634060.0,3.33289992196619e-06,3.33289992196619e-06,3.33289992196619e-06,3.33289992196619e-06,0.0
1736634120.0,3.33289992196619e-06,3.33289992196619e-06,3.33289992196619e-06,3.33289992196619e-06,0.0
1736634180.0,3.33289992196619e-06,3.33289992196619e-06,3.33289992196619e-06,3.33289992196619e-06,0.0
1736634240.0,3.33289992196619e-06,3.3442172681938e-06,3.33289992196619e-06,3.3442172681938e-06,5.6877066
1736634300.0,3.3442172681938e-06,3.3442172681938e-06,3.3442172681938e-06,3.3442172681938e-06,0.0
1736634360.0,3.3442172681938e-06,3.3442172681938e-06,3.3442172681938e-06,3.3442172681938e-06,0.0
1736634420.0,3.3442172681938e-06,3.3442172681938e-06,3.3442172681938e-06,3.3442172681938e-06,0.0
1736634480.0,3.3442172681938e-06,3.3442172681938e-06,3.3442172681938e-06,3.3442172681938e-06,0.0
1736634540.0,3.3442172681938e-06,3.3442172681938e-06,3.3442172681938e-06,3.3442172681938e-06,0.0
1736634600.0,3.3442172681938e-06,3.3442172681938e-06,3.3442172681938e-06,3.3442172681938e-06,0.0
1736634660.0,3.3442172681938e-06,3.3442172681938e-06,3.3442172681938e-06,3.3442172681938e-06,0.0
1736634720.0,3.3442172681938e-06,3.3442172681938e-06,3.3442172681938e-06,3.3442172681938e-06,0.0
1736634780.0,3.3442172681938e-06,3.3442172681938e-06,3.3442172681938e-06,3.3442172681938e-06,0.0
1736634840.0,3.3442172681938e-06,3.3442172681938e-06,3.3442172681938e-06,3.3442172681938e-06,0.0
1736634900.0,3.3442172681938e-06,3.3442172681938e-06,3.3442172681938e-06,3.3442172681938e-06,0.0
1736634960.0,3.3442172681938e-06,3.3442172681938e-06,3.3442172681938e-06,3.3442172681938e-06,0.0
1736635020.0,3.3442172681938e-06,3.3442172681938e-06,3.3442172681938e-06,3.3442172681938e-06,0.0
1736635080.0,3.3442172681938e-06,3.3442172681938e-06,3.3442172681938e-06,3.3442172681938e-06,0.0
1736635140.0,3.3442172681938e-06,3.3442172681938e-06,3.3442172681938e-06,3.3442172681938e-06,0.0
1736635200.0,3.3442172681938e-06,3.3442172681938e-06,3.3442172681938e-06,3.3442172681938e-06,0.0
1736635260.0,3.3442172681938e-06,3.3442172681938e-06,3.3442172681938e-06,3.3442172681938e-06,0.0
1736635320.0,3.3442172681938e-06,3.3442172681938e-06,3.3442172681938e-06,3.3442172681938e-06,0.0
1736635380.0,3.3442172681938e-06,3.3442172681938e-06,3.3442172681938e-06,3.3442172681938e-06,0.0
1736635440.0,3.3442172681938e-06,3.3442172681938e-06,3.3442172681938e-06,3.3442172681938e-06,0.0
1736635500.0,3.3442172681938e-06,3.3442172681938e-06,3.3442172681938e-06,3.3442172681938e-06,0.0
1736635560.0,3.3442172681938e-06,3.3442172681938e-06,3.3442172681938e-06,3.3442172681938e-06,0.0
1736635620.0,3.3442172681938e-06,3.3442172681938e-06,3.3442172681938e-06,3.3442172681938e-06,0.0
1736635680.0,3.3442172681938e-06,3.3442172681938e-06,3.3442172681938e-06,3.3442172681938e-06,0.0
1736635740.0,3.3442172681938e-06,3.3442172681938e-06,3.3442172681938e-06,3.3442172681938e-06,0.0
1736635800.0,3.3442172681938e-06,3.3442172681938e-06,3.3442172681938e-06,3.3442172681938e-06,0.0
1736635860.0,3.3442172681938e-06,3.3442172681938e-06,3.3442172681938e-06,3.3442172681938e-06,0.0
1736635920.0,3.3442172681938e-06,3.3442172681938e-06,3.3442172681938e-06,3.3442172681938e-06,0.0
1736635980.0,3.3442172681938e-06,3.3442172681938e-06,3.3442172681938e-06,3.3442172681938e-06,0.0
1736636040.0,3.3442172681938e-06,3.3442172681938e-06,3.3442172681938e-06,3.3442172681938e-06,0.0
1736636100.0,3.3442172681938e-06,3.3442172681938e-06,3.3442172681938e-06,3.3442172681938e-06,0.0
1736636160.0,3.3442172681938e-06,3.3442172681938e-06,3.3442172681938e-06,3.3442172681938e-06,0.0
1736636220.0,3.3442172681938e-06,3.3442172681938e-06,3.3442172681938e-06,3.3442172681938e-06,0.0
1736636280.0,3.3442172681938e-06,3.3442172681938e-06,3.3442172681938e-06,3.3442172681938e-06,0.0
1736636340.0,3.3442172681938e-06,3.3442172681938e-06,3.3442172681938e-06,3.3442172681938e-06,0.0
1736636400.0,3.3442172681938e-06,3.3442172681938e-06,3.3442172681938e-06,3.3442172681938e-06,0.0
1736636460.0,3.3442172681938e-06,3.3442172681938e-06,3.3442172681938e-06,3.3442172681938e-06,0.0
1736636520.0,3.3442172681938e-06,3.3442172681938e-06,3.3442172681938e-06,3.3442172681938e-06,0.0
1736636580.0,3.3442172681938e-06,3.3442172681938e-06,3.3442172681938e-06,3.3442172681938e-06,0.0
1736636640.0,3.3442172681938e-06,3.3442172681938e-06,3.3442172681938e-06,3.3442172681938e-06,0.0
1736636700.0,3.3442172681938e-06,3.3442172681938e-06,3.3442172681938e-06,3.3442172681938e-06,0.0
1736636760.0,3.3442172681938e-06,3.3442172681938e-06,3.3442172681938e-06,3.3442172681938e-06,0.0
1736636820.0,3.3442172681938e-06,3.3442172681938e-06,3.3442172681938e-06,3.3442172681938e-06,0.0
1736636880.0,3.3442172681938e-06,3.3442172681938e-06,3.3442172681938e-06,3.3442172681938e-06,0.0
1736636940.0,3.3442172681938e-06,3.3442172681938e-06,3.3442172681938e-06,3.3442172681938e-06,0.0
1736637000.0,3.3442172681938e-06,3.3442172681938e-06,3.3442172681938e-06,3.3442172681938e-06,0.0
1736637060.0,3.3442172681938e-06,3.3442172681938e-06,3.3442172681938e-06,3.3442172681938e-06,0.0
1736637120.0,3.3442172681938e-06,3.3442172681938e-06,3.3442172681938e-06,3.3442172681938e-06,0.0
1736637180.0,3.3442172681938e-06,3.3442172681938e-06,3.3442172681938e-06,3.3442172681938e-06,0.0
1736637240.0,3.3442172681938e-06,3.3442172681938e-06,3.3442172681938e-06,3.3442172681938e-06,0.0
1736637300.0,3.3442172681938e-06,3.3442172681938e-06,3.3442172681938e-06,3.3442172681938e-06,0.0
1736637360.0,3.3442172681938e-06,3.3442172681938e-06,3.3442172681938e-06,3.3442172681938e-06,0.0
1736637420.0,3.3442172681938e-06,3.3442172681938e-06,3.3442172681938e-06,3.3442172681938e-06,0.0
1736637480.0,3.3442172681938e-06,3.3442172681938e-06,3.3442172681938e-06,3.3442172681938e-06,0.0
1736637540.0,3.3442172681938e-06,3.3442172681938e-06,3.3442172681938e-06,3.3442172681938e-06,0.0
1736637600.0,3.3442172681938e-06,3.3442172681938e-06,3.3442172681938e-06,3.3442172681938e-06,0.0
1736637660.0,3.3442172681938e-06,3.3442172681938e-06,3.3442172681938e-06,3.3442172681938e-06,0.0
1736637720.0,3.3442172681938e-06,3.3442172681938e-06,3.3442172681938e-06,3.3442172681938e-06,0.0
1736637780.0,3.3442172681938e-06,3.3442172681938e-06,3.3442172681938e-06,3.3442172681938e-06,0.0
1736637840.0,3.3442172681938e-06,3.3442172681938e-06,3.3442172681938e-06,3.3442172681938e-06,0.0
1736637900.0,3.3442172681938e-06,3.3442172681938e-06,3.3442172681938e-06,3.3442172681938e-06,0.0
1736637960.0,3.3442172681938e-06,3.3442172681938e-06,3.3442172681938e-06,3.3442172681938e-06,0.0
1736638020.0,3.3442172681938e-06,3.3442172681938e-06,3.3442172681938e-06,3.3442172681938e-06,0.0
1736638080.0,3.3442172681938e-06,3.3442172681938e-06,3.3442172681938e-06,3.3442172681938e-06,0.0
1736638140.0,3.3442172681938e-06,3.3442172681938e-06,3.3442172681938e-06,3.3442172681938e-06,0.0
1736638200.0,3.3442172681938e-06,3.3442172681938e-06,3.3442172681938e-06,3.3442172681938e-06,0.0
1736638260.0,3.3442172681938e-06,3.3442172681938e-06,3.3442172681938e-06,3.3442172681938e-06,0.0
1736638320.0,3.3442172681938e-06,3.3442172681938e-06,3.3442172681938e-06,3.3442172681938e-06,0.0
1736638380.0,3.3442172681938e-06,3.3442172681938e-06,3.3442172681938e-06,3.3442172681938e-06,0.0
1736638440.0,3.3442172681938e-06,3.3442172681938e-06,3.32700627902495e-06,3.32700627902495e-06,0.18846
1736638500.0,3.32700627902495e-06,3.32700627902495e-06,3.32700627902495e-06,3.32700627902495e-06,0.0
1736638560.0,3.32700627902495e-06,3.32700627902495e-06,3.32700627902495e-06,3.32700627902495e-06,0.0
1736638620.0,3.32700627902495e-06,3.32700627902495e-06,3.31126948389271e-06,3.31126948389271e-06,0.18756858106
1736638680.0,3.31126948389271e-06,3.31126948389271e-06,3.31126948389271e-06,3.31126948389271e-06,0.0
1736638740.0,3.31126948389271e-06,3.31126948389271e-06,3.31126948389271e-06,3.31126948389271e-06,0.0
1736638800.0,3.31126948389271e-06,3.31126948389271e-06,3.31126948389271e-06,3.31126948389271e-06,0.0
1736638860.0,3.31126948389271e-06,3.31126948389271e-06,3.31126948389271e-06,3.31126948389271e-06,0.0
1736638920.0,3.31126948389271e-06,3.31126948389271e-06,3.31126948389271e-06,3.31126948389271e-06,0.0
1736638980.0,3.31126948389271e-06,3.31126948389271e-06,3.31126948389271e-06,3.31126948389271e-06,0.0
1736639040.0,3.31126948389271e-06,3.31126948389271e-06,3.31126948389271e-06,3.31126948389271e-06,0.0
1736639100.0,3.31126948389271e-06,3.31126948389271e-06,3.31126948389271e-06,3.31126948389271e-06,0.0
1736639160.0,3.31126948389271e-06,3.31126948389271e-06,3.31126948389271e-06,3.31126948389271e-06,0.0
1736639220.0,3.31126948389271e-06,3.31126948389271e-06,3.31126948389271e-06,3.31126948389271e-06,0.0
1736639280.0,3.31126948389271e-06,3.31126948389271e-06,3.31126948389271e-06,3.31126948389271e-06,0.0
1736639340.0,3.31126948389271e-06,3.31126948389271e-06,3.31126948389271e-06,3.31126948389271e-06,0.0
1736639400.0,3.31126948389271e-06,3.31126948389271e-06,3.31126948389271e-06,3.31126948389271e-06,0.0
1736639460.0,3.31126948389271e-06,3.31126948389271e-06,3.31126948389271e-06,3.31126948389271e-06,0.0
1736639520.0,3.31126948389271e-06,3.31126948389271e-06,3.31126948389271e-06,3.31126948389271e-06,0.0
1736639580.0,3.31126948389271e-06,3.31126948389271e-06,3.31126948389271e-06,3.31126948389271e-06,0.0
1736639640.0,3.31126948389271e-06,3.31126948389271e-06,3.31126948389271e-06,3.31126948389271e-06,0.0
1736639700.0,3.31126948389271e-06,3.31126948389271e-06,3.31126948389271e-06,3.31126948389271e-06,0.0
1736639760.0,3.31126948389271e-06,3.31126948389271e-06,3.28658518524138e-06,3.28658518524138e-06,16.0835240219
1736639820.0,3.28658518524138e-06,3.28658518524138e-06,3.28658518524138e-06,3.28658518524138e-06,0.0
1736639880.0,3.28658518524138e-06,3.28658518524138e-06,3.28658518524138e-06,3.28658518524138e-06,0.0
1736639940.0,3.28658518524138e-06,3.28658518524138e-06,3.28658518524138e-06,3.28658518524138e-06,0.0
1736640000.0,3.28658518524138e-06,3.28658518524138e-06,3.28658518524138e-06,3.28658518524138e-06,0.0
1736640060.0,3.28658518524138e-06,3.28658518524138e-06,3.28658518524138e-06,3.28658518524138e-06,0.0
1736640120.0,3.28658518524138e-06,3.28658518524138e-06,3.28658518524138e-06,3.28658518524138e-06,0.0
1736640180.0,3.28658518524138e-06,3.28658518524138e-06,3.28658518524138e-06,3.28658518524138e-06,0.0
1736640240.0,3.28658518524138e-06,3.28658518524138e-06,3.28658518524138e-06,3.28658518524138e-06,0.0
1736640300.0,3.28658518524138e-06,3.28658518524138e-06,3.28658518524138e-06,3.28658518524138e-06,0.0
1736640360.0,3.28658518524138e-06,3.28658518524138e-06,3.28658518524138e-06,3.28658518524138e-06,0.0
1736640420.0,3.28658518524138e-06,3.28658518524138e-06,3.28658518524138e-06,3.28658518524138e-06,0.0
1736640480.0,3.28658518524138e-06,3.28658518524138e-06,3.28658518524138e-06,3.28658518524138e-06,0.0
1736640540.0,3.28658518524138e-06,3.28658518524138e-06,3.28658518524138e-06,3.28658518524138e-06,0.0
1736640600.0,3.28658518524138e-06,3.28658518524138e-06,3.28658518524138e-06,3.28658518524138e-06,0.0
1736640660.0,3.28658518524138e-06,3.28658518524138e-06,3.28658518524138e-06,3.28658518524138e-06,0.0
1736640720.0,3.28658518524138e-06,3.28658518524138e-06,3.28658518524138e-06,3.28658518524138e-06,0.0
1736640780.0,3.28658518524138e-06,3.28658518524138e-06,3.28658518524138e-06,3.28658518524138e-06,0.0
1736640840.0,3.28658518524138e-06,3.28658518524138e-06,3.28658518524138e-06,3.28658518524138e-06,0.0
1736640900.0,3.28658518524138e-06,3.28658518524138e-06,3.28658518524138e-06,3.28658518524138e-06,0.0
1736640960.0,3.28658518524138e-06,3.28658518524138e-06,3.28658518524138e-06,3.28658518524138e-06,0.0
1736641020.0,3.28658518524138e-06,3.28658518524138e-06,3.25076289096227e-06,3.25076289096227e-06,14.88717589608
1736641080.0,3.25076289096227e-06,3.25076289096227e-06,3.25076289096227e-06,3.25076289096227e-06,0.0
1736641140.0,3.25076289096227e-06,3.25076289096227e-06,3.25076289096227e-06,3.25076289096227e-06,0.0
1736641200.0,3.25076289096227e-06,3.25076289096227e-06,3.25076289096227e-06,3.25076289096227e-06,0.0
1736641260.0,3.25076289096227e-06,3.25076289096227e-06,3.25076289096227e-06,3.25076289096227e-06,0.0
1736641320.0,3.25076289096227e-06,3.25076289096227e-06,3.25076289096227e-06,3.25076289096227e-06,0.0
1736641380.0,3.25076289096227e-06,3.25076289096227e-06,3.25076289096227e-06,3.25076289096227e-06,0.0
1736641440.0,3.25076289096227e-06,3.25076289096227e-06,3.25076289096227e-06,3.25076289096227e-06,0.0
1736641500.0,3.25076289096227e-06,3.25092462558143e-06,3.25076289096227e-06,3.25092462558143e-06,3.7512
1736641560.0,3.25092462558143e-06,3.25092462558143e-06,3.25092462558143e-06,3.25092462558143e-06,0.0
1736641620.0,3.25092462558143e-06,3.25092462558143e-06,3.25092462558143e-06,3.25092462558143e-06,0.0
1736641680.0,3.25092462558143e-06,3.25092462558143e-06,3.25092462558143e-06,3.25092462558143e-06,0.0
1736641740.0,3.25092462558143e-06,3.25092462558143e-06,3.25092462558143e-06,3.25092462558143e-06,0.0
1736641800.0,3.25092462558143e-06,3.25092462558143e-06,3.25092462558143e-06,3.25092462558143e-06,0.0
1736641860.0,3.25092462558143e-06,3.25092462558143e-06,3.25092462558143e-06,3.25092462558143e-06,0.0
1736641920.0,3.25092462558143e-06,3.25092462558143e-06,3.25092462558143e-06,3.25092462558143e-06,0.0
1736641980.0,3.25092462558143e-06,3.25092462558143e-06,3.25092462558143e-06,3.25092462558143e-06,0.0
1736642040.0,3.25092462558143e-06,3.25933116082256e-06,3.25092462558143e-06,3.25933116082256e-06,5.6247
1736642100.0,3.25933116082256e-06,3.25933116082256e-06,3.25933116082256e-06,3.25933116082256e-06,0.0
1736642160.0,3.25933116082256e-06,3.25933116082256e-06,3.25933116082256e-06,3.25933116082256e-06,0.0
1736642220.0,3.25933116082256e-06,3.25933116082256e-06,3.25933116082256e-06,3.25933116082256e-06,0.0
1736642280.0,3.25933116082256e-06,3.25933116082256e-06,3.25933116082256e-06,3.25933116082256e-06,0.0
1736642340.0,3.25933116082256e-06,3.25933116082256e-06,3.25933116082256e-06,3.25933116082256e-06,0.0
1736642400.0,3.25933116082256e-06,3.25933116082256e-06,3.25933116082256e-06,3.25933116082256e-06,0.0
1736642460.0,3.25933116082256e-06,3.25933116082256e-06,3.25933116082256e-06,3.25933116082256e-06,0.0
1736642520.0,3.25933116082256e-06,3.25933116082256e-06,3.25933116082256e-06,3.25933116082256e-06,0.0
1736642580.0,3.25933116082256e-06,3.25933116082256e-06,3.25933116082256e-06,3.25933116082256e-06,0.0
1736642640.0,3.25933116082256e-06,3.25933116082256e-06,3.25933116082256e-06,3.25933116082256e-06,0.0
1736642700.0,3.25933116082256e-06,3.25933116082256e-06,3.25933116082256e-06,3.25933116082256e-06,0.0
1736642760.0,3.25933116082256e-06,3.25933116082256e-06,3.25933116082256e-06,3.25933116082256e-06,0.0
1736642820.0,3.25933116082256e-06,3.25933116082256e-06,3.25933116082256e-06,3.25933116082256e-06,0.0
1736642880.0,3.25933116082256e-06,3.25933116082256e-06,3.25933116082256e-06,3.25933116082256e-06,0.0
1736642940.0,3.25933116082256e-06,3.28315018466634e-06,3.25933116082256e-06,3.28315018466634e-06,18.742
1736643000.0,3.28315018466634e-06,3.28315018466634e-06,3.28315018466634e-06,3.28315018466634e-06,0.0
1736643060.0,3.28315018466634e-06,3.28315018466634e-06,3.26841957914796e-06,3.26841957914796e-06,18.65790972295
1736643120.0,3.26841957914796e-06,3.26841957914796e-06,3.26841957914796e-06,3.26841957914796e-06,0.0
1736643180.0,3.26841957914796e-06,3.26841957914796e-06,3.26841957914796e-06,3.26841957914796e-06,0.0
1736643240.0,3.26841957914796e-06,3.26841957914796e-06,3.26841957914796e-06,3.26841957914796e-06,0.0
1736643300.0,3.26841957914796e-06,3.26841957914796e-06,3.26841957914796e-06,3.26841957914796e-06,0.0
1736643360.0,3.26841957914796e-06,3.26841957914796e-06,3.26841957914796e-06,3.26841957914796e-06,0.0
1736643420.0,3.26841957914796e-06,3.26841957914796e-06,3.26841957914796e-06,3.26841957914796e-06,0.0
1736643480.0,3.26841957914796e-06,3.26841957914796e-06,3.26841957914796e-06,3.26841957914796e-06,0.0
1736643540.0,3.26841957914796e-06,3.26841957914796e-06,3.26841957914796e-06,3.26841957914796e-06,0.0
1736643600.0,3.26841957914796e-06,3.26841957914796e-06,3.26841957914796e-06,3.26841957914796e-06,0.0
1736643660.0,3.26841957914796e-06,3.26841957914796e-06,3.26841957914796e-06,3.26841957914796e-06,0.0
1736643720.0,3.26841957914796e-06,3.26841957914796e-06,3.26841957914796e-06,3.26841957914796e-06,0.0
1736643780.0,3.26841957914796e-06,3.26841957914796e-06,3.26841957914796e-06,3.26841957914796e-06,0.0
1736643840.0,3.26841957914796e-06,3.26841957914796e-06,3.26841957914796e-06,3.26841957914796e-06,0.0
1736643900.0,3.26841957914796e-06,3.26841957914796e-06,3.26841957914796e-06,3.26841957914796e-06,0.0
1736643960.0,3.26841957914796e-06,3.26841957914796e-06,3.26841957914796e-06,3.26841957914796e-06,0.0
1736644020.0,3.26841957914796e-06,3.26841957914796e-06,3.26841957914796e-06,3.26841957914796e-06,0.0
1736644080.0,3.26841957914796e-06,3.26841957914796e-06,3.26841957914796e-06,3.26841957914796e-06,0.0
1736644140.0,3.26841957914796e-06,3.26841957914796e-06,3.26841957914796e-06,3.26841957914796e-06,0.0
1736644200.0,3.26841957914796e-06,3.26841957914796e-06,3.26841957914796e-06,3.26841957914796e-06,0.0
1736644260.0,3.26841957914796e-06,3.26841957914796e-06,3.26841957914796e-06,3.26841957914796e-06,0.0
1736644320.0,3.26841957914796e-06,3.26841957914796e-06,3.26841957914796e-06,3.26841957914796e-06,0.0
1736644380.0,3.26841957914796e-06,3.26841957914796e-06,3.26841957914796e-06,3.26841957914796e-06,0.0
1736644440.0,3.26841957914796e-06,3.26841957914796e-06,3.26841957914796e-06,3.26841957914796e-06,0.0
1736644500.0,3.26841957914796e-06,3.26841957914796e-06,3.26841957914796e-06,3.26841957914796e-06,0.0
1736644560.0,3.26841957914796e-06,3.26841957914796e-06,3.26841957914796e-06,3.26841957914796e-06,0.0
1736644620.0,3.26841957914796e-06,3.26841957914796e-06,3.26841957914796e-06,3.26841957914796e-06,0.0
1736644680.0,3.26841957914796e-06,3.26841957914796e-06,3.26841957914796e-06,3.26841957914796e-06,0.0
1736644740.0,3.26841957914796e-06,3.26841957914796e-06,3.26841957914796e-06,3.26841957914796e-06,0.0
1736644800.0,3.26841957914796e-06,3.26841957914796e-06,3.26841957914796e-06,3.26841957914796e-06,0.0
1736644860.0,3.26841957914796e-06,3.26841957914796e-06,3.26841957914796e-06,3.26841957914796e-06,0.0
1736644920.0,3.26841957914796e-06,3.26841957914796e-06,3.26841957914796e-06,3.26841957914796e-06,0.0
1736644980.0,3.26841957914796e-06,3.26841957914796e-06,3.26841957914796e-06,3.26841957914796e-06,0.0
1736645040.0,3.26841957914796e-06,3.26841957914796e-06,3.26841957914796e-06,3.26841957914796e-06,0.0
1736645100.0,3.26841957914796e-06,3.26841957914796e-06,3.26841957914796e-06,3.26841957914796e-06,0.0
1736645160.0,3.26841957914796e-06,3.26841957914796e-06,3.26841957914796e-06,3.26841957914796e-06,0.0
1736645220.0,3.26841957914796e-06,3.26841957914796e-06,3.26841957914796e-06,3.26841957914796e-06,0.0
1736645280.0,3.26841957914796e-06,3.26841957914796e-06,3.26841957914796e-06,3.26841957914796e-06,0.0
1736645340.0,3.26841957914796e-06,3.26841957914796e-06,3.25250566295493e-06,3.25250566295493e-06,1.8665
1736645400.0,3.25250566295493e-06,3.25250566295493e-06,3.23626731753633e-06,3.23626731753633e-06,1.86244876175
1736645460.0,3.23626731753633e-06,3.23626731753633e-06,3.23626731753633e-06,3.23626731753633e-06,0.0
1736645520.0,3.23626731753633e-06,3.23626731753633e-06,3.23626731753633e-06,3.23626731753633e-06,0.0
1736645580.0,3.23626731753633e-06,3.23626731753633e-06,3.23626731753633e-06,3.23626731753633e-06,0.0
1736645640.0,3.23626731753633e-06,3.23626731753633e-06,3.23626731753633e-06,3.23626731753633e-06,0.0
1736645700.0,3.23626731753633e-06,3.23626731753633e-06,3.23626731753633e-06,3.23626731753633e-06,0.0
1736645760.0,3.23626731753633e-06,3.23626731753633e-06,3.23626731753633e-06,3.23626731753633e-06,0.0
1736645820.0,3.23626731753633e-06,3.23626731753633e-06,3.23626731753633e-06,3.23626731753633e-06,0.0
1736645880.0,3.23626731753633e-06,3.23626731753633e-06,3.23626731753633e-06,3.23626731753633e-06,0.0
1736645940.0,3.23626731753633e-06,3.23626731753633e-06,3.23626731753633e-06,3.23626731753633e-06,0.0
1736646000.0,3.23626731753633e-06,3.23626731753633e-06,3.23626731753633e-06,3.23626731753633e-06,0.0
1736646060.0,3.23626731753633e-06,3.23626731753633e-06,3.23626731753633e-06,3.23626731753633e-06,0.0
1736646120.0,3.23626731753633e-06,3.23626731753633e-06,3.23626731753633e-06,3.23626731753633e-06,0.0
1736646180.0,3.23626731753633e-06,3.23626731753633e-06,3.23626731753633e-06,3.23626731753633e-06,0.0
1736646240.0,3.23626731753633e-06,3.23626731753633e-06,3.23626731753633e-06,3.23626731753633e-06,0.0
1736646300.0,3.23626731753633e-06,3.23626731753633e-06,3.23626731753633e-06,3.23626731753633e-06,0.0
1736646360.0,3.23626731753633e-06,3.23626731753633e-06,3.23626731753633e-06,3.23626731753633e-06,0.0
1736646420.0,3.23626731753633e-06,3.23626731753633e-06,3.23626731753633e-06,3.23626731753633e-06,0.0
1736646480.0,3.23626731753633e-06,3.23626731753633e-06,3.23626731753633e-06,3.23626731753633e-06,0.0
1736646540.0,3.23626731753633e-06,3.23626731753633e-06,3.23626731753633e-06,3.23626731753633e-06,0.0
1736646600.0,3.23626731753633e-06,3.23626731753633e-06,3.23626731753633e-06,3.23626731753633e-06,0.0
1736646660.0,3.23626731753633e-06,3.23626731753633e-06,3.23626731753633e-06,3.23626731753633e-06,0.0
1736646720.0,3.23626731753633e-06,3.23626731753633e-06,3.23626731753633e-06,3.23626731753633e-06,0.0
1736646780.0,3.23626731753633e-06,3.23626731753633e-06,3.23626731753633e-06,3.23626731753633e-06,0.0
1736646840.0,3.23626731753633e-06,3.23626731753633e-06,3.23626731753633e-06,3.23626731753633e-06,0.0
1736646900.0,3.23626731753633e-06,3.23626731753633e-06,3.23626731753633e-06,3.23626731753633e-06,0.0
1736646960.0,3.23626731753633e-06,3.23626731753633e-06,3.23626731753633e-06,3.23626731753633e-06,0.0
1736647020.0,3.23626731753633e-06,3.23626731753633e-06,3.23626731753633e-06,3.23626731753633e-06,0.0
1736647080.0,3.23626731753633e-06,3.23626731753633e-06,3.23626731753633e-06,3.23626731753633e-06,0.0
1736647140.0,3.23626731753633e-06,3.23626731753633e-06,3.23626731753633e-06,3.23626731753633e-06,0.0
1736647200.0,3.23626731753633e-06,3.23626731753633e-06,3.23626731753633e-06,3.23626731753633e-06,0.0
1736647260.0,3.23626731753633e-06,3.23626731753633e-06,3.23626731753633e-06,3.23626731753633e-06,0.0
1736647320.0,3.23626731753633e-06,3.23626731753633e-06,3.23626731753633e-06,3.23626731753633e-06,0.0
1736647380.0,3.23626731753633e-06,3.23626731753633e-06,3.23626731753633e-06,3.23626731753633e-06,0.0
1736647440.0,3.23626731753633e-06,3.23626731753633e-06,3.23626731753633e-06,3.23626731753633e-06,0.0
1736647500.0,3.23626731753633e-06,3.23626731753633e-06,3.23626731753633e-06,3.23626731753633e-06,0.0
1736647560.0,3.23626731753633e-06,3.23626731753633e-06,3.23626731753633e-06,3.23626731753633e-06,0.0
1736647620.0,3.23626731753633e-06,3.23626731753633e-06,3.23626731753633e-06,3.23626731753633e-06,0.0
1736647680.0,3.23626731753633e-06,3.23626731753633e-06,3.23626731753633e-06,3.23626731753633e-06,0.0
1736647740.0,3.23626731753633e-06,3.23626731753633e-06,3.23626731753633e-06,3.23626731753633e-06,0.0
1736647800.0,3.23626731753633e-06,3.23626731753633e-06,3.23626731753633e-06,3.23626731753633e-06,0.0
1736647860.0,3.23626731753633e-06,3.23626731753633e-06,3.23626731753633e-06,3.23626731753633e-06,0.0
1736647920.0,3.23626731753633e-06,3.23626731753633e-06,3.23626731753633e-06,3.23626731753633e-06,0.0
1736647980.0,3.23626731753633e-06,3.23626731753633e-06,3.23626731753633e-06,3.23626731753633e-06,0.0
1736648040.0,3.23626731753633e-06,3.23626731753633e-06,3.23626731753633e-06,3.23626731753633e-06,0.0
1736648100.0,3.23626731753633e-06,3.23626731753633e-06,3.23626731753633e-06,3.23626731753633e-06,0.0
1736648160.0,3.23626731753633e-06,3.23626731753633e-06,3.23626731753633e-06,3.23626731753633e-06,0.0
1736648220.0,3.23626731753633e-06,3.24299801339204e-06,3.23626731753633e-06,3.24299801339204e-06,3.74205358442
1736648280.0,3.24299801339204e-06,3.24299801339204e-06,3.24299801339204e-06,3.24299801339204e-06,0.0
1736648340.0,3.24299801339204e-06,3.24299801339204e-06,3.24299801339204e-06,3.24299801339204e-06,0.0
1736648400.0,3.24299801339204e-06,3.24299801339204e-06,3.24299801339204e-06,3.24299801339204e-06,0.0
1736648460.0,3.24299801339204e-06,3.24299801339204e-06,3.24299801339204e-06,3.24299801339204e-06,0.0
1736648520.0,3.24299801339204e-06,3.24299801339204e-06,3.24299801339204e-06,3.24299801339204e-06,0.0
1736648580.0,3.24299801339204e-06,3.24299801339204e-06,3.24299801339204e-06,3.24299801339204e-06,0.0
1736648640.0,3.24299801339204e-06,3.24299801339204e-06,3.24299801339204e-06,3.24299801339204e-06,0.0
1736648700.0,3.24299801339204e-06,3.24299801339204e-06,3.24299801339204e-06,3.24299801339204e-06,0.0
1736648760.0,3.24299801339204e-06,3.24299801339204e-06,3.24299801339204e-06,3.24299801339204e-06,0.0
1736648820.0,3.24299801339204e-06,3.24299801339204e-06,3.24299801339204e-06,3.24299801339204e-06,0.0
1736648880.0,3.24299801339204e-06,3.24299801339204e-06,3.24299801339204e-06,3.24299801339204e-06,0.0
1736648940.0,3.24299801339204e-06,3.24299801339204e-06,3.24299801339204e-06,3.24299801339204e-06,0.0
1736649000.0,3.24299801339204e-06,3.24299801339204e-06,3.24299801339204e-06,3.24299801339204e-06,0.0
1736649060.0,3.24299801339204e-06,3.24299801339204e-06,3.24299801339204e-06,3.24299801339204e-06,0.0
1736649120.0,3.24299801339204e-06,3.24299801339204e-06,3.24299801339204e-06,3.24299801339204e-06,0.0
1736649180.0,3.24299801339204e-06,3.24299801339204e-06,3.24299801339204e-06,3.24299801339204e-06,0.0
1736649240.0,3.24299801339204e-06,3.24299801339204e-06,3.24299801339204e-06,3.24299801339204e-06,0.0
1736649300.0,3.24299801339204e-06,3.24299801339204e-06,3.24299801339204e-06,3.24299801339204e-06,0.0
1736649360.0,3.24299801339204e-06,3.24299801339204e-06,3.24299801339204e-06,3.24299801339204e-06,0.0
1736649420.0,3.24299801339204e-06,3.24299801339204e-06,3.24299801339204e-06,3.24299801339204e-06,0.0
1736649480.0,3.24299801339204e-06,3.24299801339204e-06,3.24299801339204e-06,3.24299801339204e-06,0.0
1736649540.0,3.24299801339204e-06,3.24299801339204e-06,3.24299801339204e-06,3.24299801339204e-06,0.0
1736649600.0,3.24299801339204e-06,3.24299801339204e-06,3.24299801339204e-06,3.24299801339204e-06,0.0
1736649660.0,3.24299801339204e-06,3.24299801339204e-06,3.24299801339204e-06,3.24299801339204e-06,0.0
1736649720.0,3.24299801339204e-06,3.24299801339204e-06,3.24299801339204e-06,3.24299801339204e-06,0.0
1736649780.0,3.24299801339204e-06,3.24299801339204e-06,3.24299801339204e-06,3.24299801339204e-06,0.0
1736649840.0,3.24299801339204e-06,3.24299801339204e-06,3.24299801339204e-06,3.24299801339204e-06,0.0
1736649900.0,3.24299801339204e-06,3.24299801339204e-06,3.24299801339204e-06,3.24299801339204e-06,0.0
1736649960.0,3.24299801339204e-06,3.24299801339204e-06,3.24299801339204e-06,3.24299801339204e-06,0.0
1736650020.0,3.24299801339204e-06,3.24299801339204e-06,3.24299801339204e-06,3.24299801339204e-06,0.0
1736650080.0,3.24299801339204e-06,3.24299801339204e-06,3.24299801339204e-06,3.24299801339204e-06,0.0
1736650140.0,3.24299801339204e-06,3.24299801339204e-06,3.24299801339204e-06,3.24299801339204e-06,0.0
1736650200.0,3.24299801339204e-06,3.24299801339204e-06,3.24299801339204e-06,3.24299801339204e-06,0.0
1736650260.0,3.24299801339204e-06,3.24299801339204e-06,3.24299801339204e-06,3.24299801339204e-06,0.0
1736650320.0,3.24299801339204e-06,3.24299801339204e-06,3.24299801339204e-06,3.24299801339204e-06,0.0
1736650380.0,3.24299801339204e-06,3.24299801339204e-06,3.24299801339204e-06,3.24299801339204e-06,0.0
1736650440.0,3.24299801339204e-06,3.24299801339204e-06,3.24299801339204e-06,3.24299801339204e-06,0.0
1736650500.0,3.24299801339204e-06,3.24299801339204e-06,3.24299801339204e-06,3.24299801339204e-06,0.0
1736650560.0,3.24299801339204e-06,3.24299801339204e-06,3.24299801339204e-06,3.24299801339204e-06,0.0
1736650620.0,3.24299801339204e-06,3.24299801339204e-06,3.24299801339204e-06,3.24299801339204e-06,0.0
1736650680.0,3.24299801339204e-06,3.24299801339204e-06,3.24299801339204e-06,3.24299801339204e-06,0.0
1736650740.0,3.24299801339204e-06,3.24299801339204e-06,3.24299801339204e-06,3.24299801339204e-06,0.0
1736650800.0,3.24299801339204e-06,3.24299801339204e-06,3.24299801339204e-06,3.24299801339204e-06,0.0
1736650860.0,3.24299801339204e-06,3.24299801339204e-06,3.24299801339204e-06,3.24299801339204e-06,0.0
1736650920.0,3.24299801339204e-06,3.24299801339204e-06,3.24299801339204e-06,3.24299801339204e-06,0.0
1736650980.0,3.24299801339204e-06,3.24299801339204e-06,3.24299801339204e-06,3.24299801339204e-06,0.0
1736651040.0,3.24299801339204e-06,3.24299801339204e-06,3.24299801339204e-06,3.24299801339204e-06,0.0
1736651100.0,3.24299801339204e-06,3.24299801339204e-06,3.24299801339204e-06,3.24299801339204e-06,0.0
1736651160.0,3.24299801339204e-06,3.24299801339204e-06,3.24299801339204e-06,3.24299801339204e-06,0.0
1736651220.0,3.24299801339204e-06,3.24299801339204e-06,3.24299801339204e-06,3.24299801339204e-06,0.0
1736651280.0,3.24299801339204e-06,3.24299801339204e-06,3.24299801339204e-06,3.24299801339204e-06,0.0
1736651340.0,3.24299801339204e-06,3.24299801339204e-06,3.24299801339204e-06,3.24299801339204e-06,0.0
1736651400.0,3.24299801339204e-06,3.24299801339204e-06,3.24299801339204e-06,3.24299801339204e-06,0.0
1736651460.0,3.24299801339204e-06,3.24299801339204e-06,3.24299801339204e-06,3.24299801339204e-06,0.0
1736651520.0,3.24299801339204e-06,3.24299801339204e-06,3.24299801339204e-06,3.24299801339204e-06,0.0
1736651580.0,3.24299801339204e-06,3.25116901126908e-06,3.24299801339204e-06,3.25116901126908e-06,0.00498423114
1736651640.0,3.25116901126908e-06,3.25116901126908e-06,3.25116901126908e-06,3.25116901126908e-06,0.0
1736651700.0,3.25116901126908e-06,3.25116901126908e-06,3.25116901126908e-06,3.25116901126908e-06,0.0
1736651760.0,3.25116901126908e-06,3.25116901126908e-06,3.25116901126908e-06,3.25116901126908e-06,0.0
1736651820.0,3.25116901126908e-06,3.25116901126908e-06,3.25116901126908e-06,3.25116901126908e-06,0.0
1736651880.0,3.25116901126908e-06,3.25116901126908e-06,3.25116901126908e-06,3.25116901126908e-06,0.0
1736651940.0,3.25116901126908e-06,3.25116901126908e-06,3.25116901126908e-06,3.25116901126908e-06,0.0
1736652000.0,3.25116901126908e-06,3.25116901126908e-06,3.25116901126908e-06,3.25116901126908e-06,0.0
1736652060.0,3.25116901126908e-06,3.25116901126908e-06,3.25116901126908e-06,3.25116901126908e-06,0.0
1736652120.0,3.25116901126908e-06,3.25116901126908e-06,3.25116901126908e-06,3.25116901126908e-06,0.0
1736652180.0,3.25116901126908e-06,3.25116901126908e-06,3.25116901126908e-06,3.25116901126908e-06,0.0
1736652240.0,3.25116901126908e-06,3.25116901126908e-06,3.25116901126908e-06,3.25116901126908e-06,0.0
1736652300.0,3.25116901126908e-06,3.25116901126908e-06,3.25116901126908e-06,3.25116901126908e-06,0.0
1736652360.0,3.25116901126908e-06,3.25116901126908e-06,3.25116901126908e-06,3.25116901126908e-06,0.0
1736652420.0,3.25116901126908e-06,3.25116901126908e-06,3.25116901126908e-06,3.25116901126908e-06,0.0
1736652480.0,3.25116901126908e-06,3.25116901126908e-06,3.25116901126908e-06,3.25116901126908e-06,0.0
1736652540.0,3.25116901126908e-06,3.25116901126908e-06,3.25116901126908e-06,3.25116901126908e-06,0.0
1736652600.0,3.25116901126908e-06,3.25116901126908e-06,3.25116901126908e-06,3.25116901126908e-06,0.0
1736652660.0,3.25116901126908e-06,3.25116901126908e-06,3.25116901126908e-06,3.25116901126908e-06,0.0
1736652720.0,3.25116901126908e-06,3.25116901126908e-06,3.25116901126908e-06,3.25116901126908e-06,0.0
1736652780.0,3.25116901126908e-06,3.25116901126908e-06,3.25116901126908e-06,3.25116901126908e-06,0.0
1736652840.0,3.25116901126908e-06,3.25116901126908e-06,3.25116901126908e-06,3.25116901126908e-06,0.0
1736652900.0,3.25116901126908e-06,3.25116901126908e-06,3.25116901126908e-06,3.25116901126908e-06,0.0
1736652960.0,3.25116901126908e-06,3.25116901126908e-06,3.25116901126908e-06,3.25116901126908e-06,0.0
1736653020.0,3.25116901126908e-06,3.25116901126908e-06,3.25116901126908e-06,3.25116901126908e-06,0.0
1736653080.0,3.25116901126908e-06,3.25116901126908e-06,3.25116901126908e-06,3.25116901126908e-06,0.0
1736653140.0,3.25116901126908e-06,3.25116901126908e-06,3.25116901126908e-06,3.25116901126908e-06,0.0
1736653200.0,3.25116901126908e-06,3.25116901126908e-06,3.25116901126908e-06,3.25116901126908e-06,0.0
1736653260.0,3.25116901126908e-06,3.25116901126908e-06,3.25116901126908e-06,3.25116901126908e-06,0.0
1736653320.0,3.25116901126908e-06,3.25116901126908e-06,3.25116901126908e-06,3.25116901126908e-06,0.0
1736653380.0,3.25116901126908e-06,3.25116901126908e-06,3.25116901126908e-06,3.25116901126908e-06,0.0
1736653440.0,3.25116901126908e-06,3.25116901126908e-06,3.25116901126908e-06,3.25116901126908e-06,0.0
1736653500.0,3.25116901126908e-06,3.25116901126908e-06,3.25116901126908e-06,3.25116901126908e-06,0.0
1736653560.0,3.25116901126908e-06,3.25116901126908e-06,3.25116901126908e-06,3.25116901126908e-06,0.0
1736653620.0,3.25116901126908e-06,3.25116901126908e-06,3.25116901126908e-06,3.25116901126908e-06,0.0
1736653680.0,3.25116901126908e-06,3.25116901126908e-06,3.25116901126908e-06,3.25116901126908e-06,0.0
1736653740.0,3.25116901126908e-06,3.25116901126908e-06,3.25116901126908e-06,3.25116901126908e-06,0.0
1736653800.0,3.25116901126908e-06,3.25116901126908e-06,3.25116901126908e-06,3.25116901126908e-06,0.0
1736653860.0,3.25116901126908e-06,3.25116901126908e-06,3.25116901126908e-06,3.25116901126908e-06,0.0
1736653920.0,3.25116901126908e-06,3.25116901126908e-06,3.25116901126908e-06,3.25116901126908e-06,0.0
1736653980.0,3.25116901126908e-06,3.25116901126908e-06,3.25116901126908e-06,3.25116901126908e-06,0.0
1736654040.0,3.25116901126908e-06,3.25116901126908e-06,3.25116901126908e-06,3.25116901126908e-06,0.0
1736654100.0,3.25116901126908e-06,3.25116901126908e-06,3.25116901126908e-06,3.25116901126908e-06,0.0
1736654160.0,3.25116901126908e-06,3.25116901126908e-06,3.25116901126908e-06,3.25116901126908e-06,0.0
1736654220.0,3.25116901126908e-06,3.25116901126908e-06,3.25116901126908e-06,3.25116901126908e-06,0.0
1736654280.0,3.25116901126908e-06,3.25116901126908e-06,3.25116901126908e-06,3.25116901126908e-06,0.0
1736654340.0,3.25116901126908e-06,3.25116901126908e-06,3.25116901126908e-06,3.25116901126908e-06,0.0
1736654400.0,3.25116901126908e-06,3.27270309357013e-06,3.25116901126908e-06,3.27270309357013e-06,18.726
1736654460.0,3.27270309357013e-06,3.27270309357013e-06,3.25645571178678e-06,3.25645571178678e-06,18.63303252588
1736654520.0,3.25645571178678e-06,3.25645571178678e-06,3.25645571178678e-06,3.25645571178678e-06,0.0
1736654580.0,3.25645571178678e-06,3.25645571178678e-06,3.25645571178678e-06,3.25645571178678e-06,0.0
1736654640.0,3.25645571178678e-06,3.25645571178678e-06,3.25645571178678e-06,3.25645571178678e-06,0.0
1736654700.0,3.25645571178678e-06,3.25645571178678e-06,3.25645571178678e-06,3.25645571178678e-06,0.0
1736654760.0,3.25645571178678e-06,3.25645571178678e-06,3.25645571178678e-06,3.25645571178678e-06,0.0
1736654820.0,3.25645571178678e-06,3.25645571178678e-06,3.25645571178678e-06,3.25645571178678e-06,0.0
1736654880.0,3.25645571178678e-06,3.25645571178678e-06,3.25645571178678e-06,3.25645571178678e-06,0.0
1736654940.0,3.25645571178678e-06,3.25645571178678e-06,3.25645571178678e-06,3.25645571178678e-06,0.0
1736655000.0,3.25645571178678e-06,3.25645571178678e-06,3.25645571178678e-06,3.25645571178678e-06,0.0
1736655060.0,3.25645571178678e-06,3.25645571178678e-06,3.25645571178678e-06,3.25645571178678e-06,0.0
1736655120.0,3.25645571178678e-06,3.25645571178678e-06,3.25645571178678e-06,3.25645571178678e-06,0.0
1736655180.0,3.25645571178678e-06,3.25645571178678e-06,3.25645571178678e-06,3.25645571178678e-06,0.0
1736655240.0,3.25645571178678e-06,3.26718678471863e-06,3.25645571178678e-06,3.26718678471863e-06,18.675306
1736655300.0,3.26718678471863e-06,3.26718678471863e-06,3.26718678471863e-06,3.26718678471863e-06,0.0
1736655360.0,3.26718678471863e-06,3.26718678471863e-06,3.26718678471863e-06,3.26718678471863e-06,0.0
1736655420.0,3.26718678471863e-06,3.26718678471863e-06,3.26718678471863e-06,3.26718678471863e-06,0.0
1736655480.0,3.26718678471863e-06,3.26718678471863e-06,3.26718678471863e-06,3.26718678471863e-06,0.0
1736655540.0,3.26718678471863e-06,3.26718678471863e-06,3.26718678471863e-06,3.26718678471863e-06,0.0
1736655600.0,3.26718678471863e-06,3.26718678471863e-06,3.26718678471863e-06,3.26718678471863e-06,0.0
1736655660.0,3.26718678471863e-06,3.26718678471863e-06,3.26718678471863e-06,3.26718678471863e-06,0.0
1736655720.0,3.26718678471863e-06,3.26718678471863e-06,3.26718678471863e-06,3.26718678471863e-06,0.0
1736655780.0,3.26718678471863e-06,3.26718678471863e-06,3.26718678471863e-06,3.26718678471863e-06,0.0
1736655840.0,3.26718678471863e-06,3.26718678471863e-06,3.26718678471863e-06,3.26718678471863e-06,0.0
1736655900.0,3.26718678471863e-06,3.26718678471863e-06,3.26718678471863e-06,3.26718678471863e-06,0.0
1736655960.0,3.26718678471863e-06,3.26718678471863e-06,3.26718678471863e-06,3.26718678471863e-06,0.0
1736656020.0,3.26718678471863e-06,3.26718678471863e-06,3.26718678471863e-06,3.26718678471863e-06,0.0
1736656080.0,3.26718678471863e-06,3.26718678471863e-06,3.26718678471863e-06,3.26718678471863e-06,0.0
1736656140.0,3.26718678471863e-06,3.26718678471863e-06,3.26718678471863e-06,3.26718678471863e-06,0.0
1736656200.0,3.26718678471863e-06,3.26718678471863e-06,3.26718678471863e-06,3.26718678471863e-06,0.0
1736656260.0,3.26718678471863e-06,3.26718678471863e-06,3.26718678471863e-06,3.26718678471863e-06,0.0
1736656320.0,3.26718678471863e-06,3.26718678471863e-06,3.26718678471863e-06,3.26718678471863e-06,0.0
1736656380.0,3.26718678471863e-06,3.26718678471863e-06,3.26718678471863e-06,3.26718678471863e-06,0.0
1736656440.0,3.26718678471863e-06,3.26718678471863e-06,3.26718678471863e-06,3.26718678471863e-06,0.0
1736656500.0,3.26718678471863e-06,3.26718678471863e-06,3.26718678471863e-06,3.26718678471863e-06,0.0
1736656560.0,3.26718678471863e-06,3.26718678471863e-06,3.26718678471863e-06,3.26718678471863e-06,0.0
1736656620.0,3.26718678471863e-06,3.26718678471863e-06,3.26718678471863e-06,3.26718678471863e-06,0.0
1736656680.0,3.26718678471863e-06,3.26718678471863e-06,3.26718678471863e-06,3.26718678471863e-06,0.0
1736656740.0,3.26718678471863e-06,3.26718678471863e-06,3.26718678471863e-06,3.26718678471863e-06,0.0
1736656800.0,3.26718678471863e-06,3.26718678471863e-06,3.26718678471863e-06,3.26718678471863e-06,0.0
1736656860.0,3.26718678471863e-06,3.26718678471863e-06,3.26718678471863e-06,3.26718678471863e-06,0.0
1736656920.0,3.26718678471863e-06,3.26718678471863e-06,3.26718678471863e-06,3.26718678471863e-06,0.0
1736656980.0,3.26718678471863e-06,3.26718678471863e-06,3.26718678471863e-06,3.26718678471863e-06,0.0
1736657040.0,3.26718678471863e-06,3.26718678471863e-06,3.26718678471863e-06,3.26718678471863e-06,0.0
1736657100.0,3.26718678471863e-06,3.26718678471863e-06,3.26718678471863e-06,3.26718678471863e-06,0.0
1736657160.0,3.26718678471863e-06,3.26718678471863e-06,3.26718678471863e-06,3.26718678471863e-06,0.0
1736657220.0,3.26718678471863e-06,3.26718678471863e-06,3.26718678471863e-06,3.26718678471863e-06,0.0
1736657280.0,3.26718678471863e-06,3.26718678471863e-06,3.26718678471863e-06,3.26718678471863e-06,0.0
1736657340.0,3.26718678471863e-06,3.26718678471863e-06,3.26718678471863e-06,3.26718678471863e-06,0.0
1736657400.0,3.26718678471863e-06,3.26718678471863e-06,3.26718678471863e-06,3.26718678471863e-06,0.0
1736657460.0,3.26718678471863e-06,3.30720702279431e-06,3.26718678471863e-06,3.30720702279431e-06,18.702
1736657520.0,3.30720702279431e-06,3.30720702279431e-06,3.29043584562263e-06,3.29043584562263e-06,18.607158053
1736657580.0,3.29043584562263e-06,3.29043584562263e-06,3.29043584562263e-06,3.29043584562263e-06,0.0
1736657640.0,3.29043584562263e-06,3.29043584562263e-06,3.29043584562263e-06,3.29043584562263e-06,0.0
1736657700.0,3.29043584562263e-06,3.29043584562263e-06,3.29043584562263e-06,3.29043584562263e-06,0.0
1736657760.0,3.29043584562263e-06,3.29043584562263e-06,3.29043584562263e-06,3.29043584562263e-06,0.0
1736657820.0,3.29043584562263e-06,3.29043584562263e-06,3.29043584562263e-06,3.29043584562263e-06,0.0
1736657880.0,3.29043584562263e-06,3.29043584562263e-06,3.29043584562263e-06,3.29043584562263e-06,0.0
1736657940.0,3.29043584562263e-06,3.29043584562263e-06,3.29043584562263e-06,3.29043584562263e-06,0.0
1736658000.0,3.29043584562263e-06,3.29043584562263e-06,3.29043584562263e-06,3.29043584562263e-06,0.0
1736658060.0,3.29043584562263e-06,3.29043584562263e-06,3.29043584562263e-06,3.29043584562263e-06,0.0
1736658120.0,3.29043584562263e-06,3.29043584562263e-06,3.29043584562263e-06,3.29043584562263e-06,0.0
1736658180.0,3.29043584562263e-06,3.29043584562263e-06,3.29043584562263e-06,3.29043584562263e-06,0.0
1736658240.0,3.29043584562263e-06,3.29043584562263e-06,3.29043584562263e-06,3.29043584562263e-06,0.0
1736658300.0,3.29043584562263e-06,3.29043584562263e-06,3.29043584562263e-06,3.29043584562263e-06,0.0
1736658360.0,3.29043584562263e-06,3.29043584562263e-06,3.29043584562263e-06,3.29043584562263e-06,0.0
1736658420.0,3.29043584562263e-06,3.29043584562263e-06,3.29043584562263e-06,3.29043584562263e-06,0.0
1736658480.0,3.29043584562263e-06,3.29043584562263e-06,3.29043584562263e-06,3.29043584562263e-06,0.0
1736658540.0,3.29043584562263e-06,3.29043584562263e-06,3.29043584562263e-06,3.29043584562263e-06,0.0
1736658600.0,3.29043584562263e-06,3.29043584562263e-06,3.29043584562263e-06,3.29043584562263e-06,0.0
1736658660.0,3.29043584562263e-06,3.29043584562263e-06,3.29043584562263e-06,3.29043584562263e-06,0.0
1736658720.0,3.29043584562263e-06,3.29043584562263e-06,3.29043584562263e-06,3.29043584562263e-06,0.0
1736658780.0,3.29043584562263e-06,3.29043584562263e-06,3.29043584562263e-06,3.29043584562263e-06,0.0
1736658840.0,3.29043584562263e-06,3.29043584562263e-06,3.29043584562263e-06,3.29043584562263e-06,0.0
1736658900.0,3.29043584562263e-06,3.29043584562263e-06,3.29043584562263e-06,3.29043584562263e-06,0.0
1736658960.0,3.29043584562263e-06,3.29043584562263e-06,3.29043584562263e-06,3.29043584562263e-06,0.0
1736659020.0,3.29043584562263e-06,3.29043584562263e-06,3.29043584562263e-06,3.29043584562263e-06,0.0
1736659080.0,3.29043584562263e-06,3.29043584562263e-06,3.29043584562263e-06,3.29043584562263e-06,0.0
1736659140.0,3.29043584562263e-06,3.29043584562263e-06,3.29043584562263e-06,3.29043584562263e-06,0.0
1736659200.0,3.29043584562263e-06,3.29043584562263e-06,3.29043584562263e-06,3.29043584562263e-06,0.0
1736659260.0,3.29043584562263e-06,3.29043584562263e-06,3.29043584562263e-06,3.29043584562263e-06,0.0
1736659320.0,3.29043584562263e-06,3.29043584562263e-06,3.29043584562263e-06,3.29043584562263e-06,0.0
1736659380.0,3.29043584562263e-06,3.29043584562263e-06,3.29043584562263e-06,3.29043584562263e-06,0.0
1736659440.0,3.29043584562263e-06,3.29043584562263e-06,3.29043584562263e-06,3.29043584562263e-06,0.0
1736659500.0,3.29043584562263e-06,3.29043584562263e-06,3.29043584562263e-06,3.29043584562263e-06,0.0
1736659560.0,3.29043584562263e-06,3.29043584562263e-06,3.29043584562263e-06,3.29043584562263e-06,0.0
1736659620.0,3.29043584562263e-06,3.29043584562263e-06,3.29043584562263e-06,3.29043584562263e-06,0.0
1736659680.0,3.29043584562263e-06,3.29043584562263e-06,3.29043584562263e-06,3.29043584562263e-06,0.0
1736659740.0,3.29043584562263e-06,3.29043584562263e-06,3.29043584562263e-06,3.29043584562263e-06,0.0
1736659800.0,3.29043584562263e-06,3.29043584562263e-06,3.29043584562263e-06,3.29043584562263e-06,0.0
1736659860.0,3.29043584562263e-06,3.29043584562263e-06,3.29043584562263e-06,3.29043584562263e-06,0.0
1736659920.0,3.29043584562263e-06,3.29043584562263e-06,3.29043584562263e-06,3.29043584562263e-06,0.0
1736659980.0,3.29043584562263e-06,3.29043584562263e-06,3.29043584562263e-06,3.29043584562263e-06,0.0
1736660040.0,3.29043584562263e-06,3.29043584562263e-06,3.29043584562263e-06,3.29043584562263e-06,0.0
1736660100.0,3.29043584562263e-06,3.29043584562263e-06,3.29043584562263e-06,3.29043584562263e-06,0.0
1736660160.0,3.29043584562263e-06,3.29043584562263e-06,3.29043584562263e-06,3.29043584562263e-06,0.0
1736660220.0,3.29043584562263e-06,3.29043584562263e-06,3.29043584562263e-06,3.29043584562263e-06,0.0
1736660280.0,3.29043584562263e-06,3.29043584562263e-06,3.29043584562263e-06,3.29043584562263e-06,0.0
1736660340.0,3.29043584562263e-06,3.29043584562263e-06,3.29043584562263e-06,3.29043584562263e-06,0.0
1736660400.0,3.29043584562263e-06,3.29043584562263e-06,3.29043584562263e-06,3.29043584562263e-06,0.0
1736660460.0,3.29043584562263e-06,3.29043584562263e-06,3.29043584562263e-06,3.29043584562263e-06,0.0
1736660520.0,3.29043584562263e-06,3.29043584562263e-06,3.29043584562263e-06,3.29043584562263e-06,0.0
1736660580.0,3.29043584562263e-06,3.29043584562263e-06,3.29043584562263e-06,3.29043584562263e-06,0.0
1736660640.0,3.29043584562263e-06,3.29043584562263e-06,3.29043584562263e-06,3.29043584562263e-06,0.0
1736660700.0,3.29043584562263e-06,3.29043584562263e-06,3.29043584562263e-06,3.29043584562263e-06,0.0
1736660760.0,3.29043584562263e-06,3.29043584562263e-06,3.29043584562263e-06,3.29043584562263e-06,0.0
1736660820.0,3.29043584562263e-06,3.29043584562263e-06,3.29043584562263e-06,3.29043584562263e-06,0.0
1736660880.0,3.29043584562263e-06,3.29043584562263e-06,3.29043584562263e-06,3.29043584562263e-06,0.0
1736660940.0,3.29043584562263e-06,3.29043584562263e-06,3.29043584562263e-06,3.29043584562263e-06,0.0
1736661000.0,3.29043584562263e-06,3.29043584562263e-06,3.29043584562263e-06,3.29043584562263e-06,0.0
1736661060.0,3.29043584562263e-06,3.29043584562263e-06,3.29043584562263e-06,3.29043584562263e-06,0.0
1736661120.0,3.29043584562263e-06,3.31071776316614e-06,3.29043584562263e-06,3.31071776316614e-06,29.8496
1736661180.0,3.31071776316614e-06,3.34382635298047e-06,3.31071776316614e-06,3.34382635298047e-06,1.8656
1736661240.0,3.34382635298047e-06,3.34382635298047e-06,3.34382635298047e-06,3.34382635298047e-06,0.0
1736661300.0,3.34382635298047e-06,3.34382635298047e-06,3.34382635298047e-06,3.34382635298047e-06,0.0
1736661360.0,3.34382635298047e-06,3.34382635298047e-06,3.34382635298047e-06,3.34382635298047e-06,0.0
1736661420.0,3.34382635298047e-06,3.34382635298047e-06,3.34382635298047e-06,3.34382635298047e-06,0.0
1736661480.0,3.34382635298047e-06,3.34382635298047e-06,3.34382635298047e-06,3.34382635298047e-06,0.0
1736661540.0,3.34382635298047e-06,3.34382635298047e-06,3.34382635298047e-06,3.34382635298047e-06,0.0
1736661600.0,3.34382635298047e-06,3.34382635298047e-06,3.34382635298047e-06,3.34382635298047e-06,0.0
1736661660.0,3.34382635298047e-06,3.34382635298047e-06,3.34382635298047e-06,3.34382635298047e-06,0.0
1736661720.0,3.34382635298047e-06,3.34382635298047e-06,3.34382635298047e-06,3.34382635298047e-06,0.0
1736661780.0,3.34382635298047e-06,3.34382635298047e-06,3.34382635298047e-06,3.34382635298047e-06,0.0
1736661840.0,3.34382635298047e-06,3.34382635298047e-06,3.34382635298047e-06,3.34382635298047e-06,0.0
1736661900.0,3.34382635298047e-06,3.34382635298047e-06,3.34382635298047e-06,3.34382635298047e-06,0.0
1736661960.0,3.34382635298047e-06,3.34382635298047e-06,3.34382635298047e-06,3.34382635298047e-06,0.0
1736662020.0,3.34382635298047e-06,3.34382635298047e-06,3.34382635298047e-06,3.34382635298047e-06,0.0
1736662080.0,3.34382635298047e-06,3.34382635298047e-06,3.34382635298047e-06,3.34382635298047e-06,0.0
1736662140.0,3.34382635298047e-06,3.34382635298047e-06,3.34382635298047e-06,3.34382635298047e-06,0.0
1736662200.0,3.34382635298047e-06,3.34382635298047e-06,3.34382635298047e-06,3.34382635298047e-06,0.0
1736662260.0,3.34382635298047e-06,3.34382635298047e-06,3.34382635298047e-06,3.34382635298047e-06,0.0
1736662320.0,3.34382635298047e-06,3.34382635298047e-06,3.34382635298047e-06,3.34382635298047e-06,0.0
1736662380.0,3.34382635298047e-06,3.34382635298047e-06,3.34382635298047e-06,3.34382635298047e-06,0.0
1736662440.0,3.34382635298047e-06,3.34382635298047e-06,3.34382635298047e-06,3.34382635298047e-06,0.0
1736662500.0,3.34382635298047e-06,3.34382635298047e-06,3.343482765534e-06,3.343482765534e-06,0.037286
1736662560.0,3.343482765534e-06,3.343482765534e-06,3.343482765534e-06,3.343482765534e-06,0.0
1736662620.0,3.343482765534e-06,3.343482765534e-06,3.343482765534e-06,3.343482765534e-06,0.0
1736662680.0,3.343482765534e-06,3.343482765534e-06,3.343482765534e-06,3.343482765534e-06,0.0
1736662740.0,3.343482765534e-06,3.343482765534e-06,3.343482765534e-06,3.343482765534e-06,0.0
1736662800.0,3.343482765534e-06,3.343482765534e-06,3.343482765534e-06,3.343482765534e-06,0.0
1736662860.0,3.343482765534e-06,3.343482765534e-06,3.343482765534e-06,3.343482765534e-06,0.0
1736662920.0,3.343482765534e-06,3.343482765534e-06,3.343482765534e-06,3.343482765534e-06,0.0
1736662980.0,3.343482765534e-06,3.343482765534e-06,3.343482765534e-06,3.343482765534e-06,0.0
1736663040.0,3.343482765534e-06,3.343482765534e-06,3.343482765534e-06,3.343482765534e-06,0.0
1736663100.0,3.343482765534e-06,3.3483786644424e-06,3.343482765534e-06,3.3483786644424e-06,4.66075
1736663160.0,3.3483786644424e-06,3.3483786644424e-06,3.3483786644424e-06,3.3483786644424e-06,0.0
1736663220.0,3.3483786644424e-06,3.3483786644424e-06,3.3483786644424e-06,3.3483786644424e-06,0.0
1736663280.0,3.3483786644424e-06,3.3483786644424e-06,3.3483786644424e-06,3.3483786644424e-06,0.0
1736663340.0,3.3483786644424e-06,3.3483786644424e-06,3.3483786644424e-06,3.3483786644424e-06,0.0
1736663400.0,3.3483786644424e-06,3.3483786644424e-06,3.3483786644424e-06,3.3483786644424e-06,0.0
1736663460.0,3.3483786644424e-06,3.3483786644424e-06,3.3483786644424e-06,3.3483786644424e-06,0.0
1736663520.0,3.3483786644424e-06,3.3483786644424e-06,3.3483786644424e-06,3.3483786644424e-06,0.0
1736663580.0,3.3483786644424e-06,3.3483786644424e-06,3.3483786644424e-06,3.3483786644424e-06,0.0
1736663640.0,3.3483786644424e-06,3.3483786644424e-06,3.3483786644424e-06,3.3483786644424e-06,0.0
1736663700.0,3.3483786644424e-06,3.3483786644424e-06,3.3483786644424e-06,3.3483786644424e-06,0.0
1736663760.0,3.3483786644424e-06,3.3483786644424e-06,3.3483786644424e-06,3.3483786644424e-06,0.0
1736663820.0,3.3483786644424e-06,3.3483786644424e-06,3.3483786644424e-06,3.3483786644424e-06,0.0
1736663880.0,3.3483786644424e-06,3.3483786644424e-06,3.3483786644424e-06,3.3483786644424e-06,0.0
1736663940.0,3.3483786644424e-06,3.3483786644424e-06,3.3483786644424e-06,3.3483786644424e-06,0.0
1736664000.0,3.3483786644424e-06,3.3483786644424e-06,3.3483786644424e-06,3.3483786644424e-06,0.0
1736664060.0,3.3483786644424e-06,3.3483786644424e-06,3.3483786644424e-06,3.3483786644424e-06,0.0
1736664120.0,3.3483786644424e-06,3.3483786644424e-06,3.3483786644424e-06,3.3483786644424e-06,0.0
1736664180.0,3.3483786644424e-06,3.3483786644424e-06,3.3483786644424e-06,3.3483786644424e-06,0.0
1736664240.0,3.3483786644424e-06,3.3483786644424e-06,3.3483786644424e-06,3.3483786644424e-06,0.0
1736664300.0,3.3483786644424e-06,3.3483786644424e-06,3.3483786644424e-06,3.3483786644424e-06,0.0
1736664360.0,3.3483786644424e-06,3.3483786644424e-06,3.3483786644424e-06,3.3483786644424e-06,0.0
1736664420.0,3.3483786644424e-06,3.3483786644424e-06,3.3483786644424e-06,3.3483786644424e-06,0.0
1736664480.0,3.3483786644424e-06,3.3483786644424e-06,3.3483786644424e-06,3.3483786644424e-06,0.0
1736664540.0,3.3483786644424e-06,3.3483786644424e-06,3.3483786644424e-06,3.3483786644424e-06,0.0
1736664600.0,3.3483786644424e-06,3.3483786644424e-06,3.3483786644424e-06,3.3483786644424e-06,0.0
1736664660.0,3.3483786644424e-06,3.3483786644424e-06,3.3483786644424e-06,3.3483786644424e-06,0.0
1736664720.0,3.3483786644424e-06,3.3483786644424e-06,3.3483786644424e-06,3.3483786644424e-06,0.0
1736664780.0,3.3483786644424e-06,3.3483786644424e-06,3.3483786644424e-06,3.3483786644424e-06,0.0
1736664840.0,3.3483786644424e-06,3.3483786644424e-06,3.3483786644424e-06,3.3483786644424e-06,0.0
1736664900.0,3.3483786644424e-06,3.3483786644424e-06,3.3483786644424e-06,3.3483786644424e-06,0.0
1736664960.0,3.3483786644424e-06,3.3483786644424e-06,3.3483786644424e-06,3.3483786644424e-06,0.0
1736665020.0,3.3483786644424e-06,3.3483786644424e-06,3.3483786644424e-06,3.3483786644424e-06,0.0
1736665080.0,3.3483786644424e-06,3.3483786644424e-06,3.3483786644424e-06,3.3483786644424e-06,0.0
1736665140.0,3.3483786644424e-06,3.3483786644424e-06,3.3483786644424e-06,3.3483786644424e-06,0.0
1736665200.0,3.3483786644424e-06,3.3483786644424e-06,3.3483786644424e-06,3.3483786644424e-06,0.0
1736665260.0,3.3483786644424e-06,3.3483786644424e-06,3.3483786644424e-06,3.3483786644424e-06,0.0
1736665320.0,3.3483786644424e-06,3.3483786644424e-06,3.3483786644424e-06,3.3483786644424e-06,0.0
1736665380.0,3.3483786644424e-06,3.40463537720258e-06,3.3483786644424e-06,3.40463537720258e-06,55.26576
1736665440.0,3.40463537720258e-06,3.40463537720258e-06,3.40463537720258e-06,3.40463537720258e-06,0.0
1736665500.0,3.40463537720258e-06,3.40463537720258e-06,3.40463537720258e-06,3.40463537720258e-06,0.0
1736665560.0,3.40463537720258e-06,3.40463537720258e-06,3.40463537720258e-06,3.40463537720258e-06,0.0
1736665620.0,3.40463537720258e-06,3.40463537720258e-06,3.40463537720258e-06,3.40463537720258e-06,0.0
1736665680.0,3.40463537720258e-06,3.40463537720258e-06,3.40463537720258e-06,3.40463537720258e-06,0.0
1736665740.0,3.40463537720258e-06,3.40463537720258e-06,3.40463537720258e-06,3.40463537720258e-06,0.0
1736665800.0,3.40463537720258e-06,3.40463537720258e-06,3.40463537720258e-06,3.40463537720258e-06,0.0
