time,open,high,low,close,volume,usd_vol,price_change,vol_change,norm_open,mov_in_min
1733749020.0,8.03365910669213e-05,9.4684312515725e-05,5.74959416518309e-05,5.9253984019011e-05,10171.01339746044,0.7098888046791125,-0.2624284497004391,0.0,1.0,0.4629070062596477
1733749080.0,5.9253984019011e-05,8.85571214252435e-05,3.95652175260622e-05,4.84179313369922e-05,30308.34374062634,1.6316787109106843,-0.1828746684533848,1.298499004570503,0.7375715502995609,0.8268119808359685
1733749140.0,4.84179313369922e-05,7.72812738293921e-05,4.84179313369922e-05,6.76886785786268e-05,20071.7878703669,1.1652336222868713,0.39800847969957326,-0.2858682199533493,0.6026883975778796,0.5961291962580765
1733749200.0,6.76886785786268e-05,9.42287273678113e-05,6.63104712109502e-05,6.70940496110823e-05,12054.20421915594,0.8123492654068698,-0.008784762533867172,-0.3028442967406275,0.8425634904304236,0.41245089641440424
1733749260.0,6.70940496110823e-05,7.90992806845072e-05,5.27575357497627e-05,5.27575357497627e-05,14846.31420215203,0.8896771469465747,-0.2136778737372793,0.09519043696183417,0.835161770247286,0.39260925652032014
1733749320.0,5.27575357497627e-05,5.97659603446394e-05,3.89347090292159e-05,4.80378991596954e-05,14601.40396949367,0.7358774316969011,-0.08945900378010985,-0.17287137899127056,0.6567061789541837,0.39484883096567297
1733749380.0,4.80378991596954e-05,5.45937192104614e-05,4.13511099054319e-05,4.84440327596154e-05,5095.51007460264,0.24581232805598713,0.00845444132704194,-0.6659602299677072,0.5979578984087,0.27567003421623965
1733749440.0,4.84440327596154e-05,5.02357150040076e-05,2.94846745043024e-05,4.0459028384224e-05,12487.50956976037,0.555088913407343,-0.16482947270335369,1.2581817510833464,0.6030132983768376,0.42835080643831075
1733749500.0,4.0459028384224e-05,4.21777003226488e-05,3.54851958424721e-05,3.68349376025952e-05,3477.07819975417,0.13437858205265468,-0.08957434042192486,-0.7579152117670865,0.5036189343722733,0.16541436478949853
1733749560.0,3.68349376025952e-05,3.87255707371163e-05,3.11183471416012e-05,3.80111513001004e-05,3457.53533302348,0.1293914984598433,0.0319320127590586,-0.03711219092085118,0.4585076005018843,0.20652196231707837
1733749620.0,3.80111513001004e-05,4.77182427206399e-05,3.80111513001004e-05,4.60702434298705e-05,2786.9467687086,0.11716518567560233,0.21201915369895186,-0.09449085086556447,0.4731486710512358,0.25537483313518744
1733749680.0,4.60702434298705e-05,5.08381614095665e-05,4.44916935761512e-05,4.99885836254971e-05,3024.97287348874,0.1452876730508166,0.08505143241952302,0.24002426329163673,0.5734652518613026,0.13775633382697627
1733749740.0,4.99885836254971e-05,5.88624887534208e-05,4.76206330885261e-05,5.37629052184713e-05,3504.18392985567,0.18178214995281697,0.07550367142327016,0.25118770323505596,0.622239292974929,0.22488846151585482
1733749800.0,5.37629052184713e-05,7.63760564536284e-05,4.86412679779087e-05,5.87898581710234e-05,10846.81796605922,0.6104196680313917,0.0935022564745068,2.3579736414704695,0.6692206440983559,0.5158722052503752
1733749860.0,5.87898581710234e-05,5.87898581710234e-05,4.67684164837283e-05,5.19307777907815e-05,4221.43298150157,0.233699872190996,-0.11667115032474486,-0.6171488495043419,0.731794284400875,0.20448155619501532
1733749920.0,5.19307777907815e-05,5.33971834347957e-05,4.74075968167253e-05,4.74075968167253e-05,1357.03893921291,0.06740302125025285,-0.08710019696371914,-0.7115829776955703,0.6464150034387515,0.11533789542304215
1733749980.0,4.74075968167253e-05,5.05217149571831e-05,3.57181704493225e-05,3.80456309329827e-05,4677.55844178267,0.19985623341911188,-0.1974781788652008,1.9650931028312346,0.590112129318933,0.3122610193697467
1733750040.0,3.80456309329827e-05,4.35601440040084e-05,3.80456309329827e-05,4.34011878654609e-05,1438.16878117914,0.05856713606113795,0.14076667415273003,-0.7069536683485936,0.4735778606947642,0.14494471338218853
1733750100.0,4.34011878654609e-05,5.07453828569962e-05,3.72294278531335e-05,3.85649281691238e-05,3520.24967860376,0.14427059681357265,-0.11143150531568385,1.4633370609580307,0.5402418410971311,0.3114190110593454
1733750160.0,3.85649281691238e-05,3.87700972869265e-05,2.76017582701058e-05,2.96480406085158e-05,2686.93673604887,0.09164196584179721,-0.23121753323391692,-0.36479110875088766,0.4800418795091613,0.28959833576877747
1733750220.0,2.96480406085158e-05,2.96480406085158e-05,2.47282165225961e-05,2.47282165225961e-05,1221.87961718446,0.033220620123643387,-0.16594095208121704,-0.6374955532818599,0.36904778028007984,0.16594095208121704
1733750280.0,2.47282165225961e-05,2.67126751808164e-05,2.31058952743677e-05,2.4792063686921e-05,2311.06570999605,0.057222310770805494,0.002581955891018561,0.7224937571252593,0.3078076402569436,0.1458568555946161
1733750340.0,2.4792063686921e-05,2.79181392474339e-05,1.86316433384815e-05,1.93123976566092e-05,2995.21480132365,0.06605116771027421,-0.22102500620803853,0.15429046503961089,0.3086023860070055,0.374575349040083
1733750400.0,1.93123976566092e-05,1.9648097558238e-05,1.85157830623562e-05,1.9648097558238e-05,534.68477116575,0.010415791734227438,0.01738261129445594,-0.8423072279370578,0.24039354172399163,0.05863148201561043
1733750460.0,1.9648097558238e-05,2.11775487797407e-05,1.96122427558161e-05,2.11775487797407e-05,922.1740717145,0.018824176256934992,0.07784220416095375,0.8072727198525559,0.24457220921747735,0.07966705271515209
1733750520.0,2.11775487797407e-05,2.20366783877729e-05,2.11775487797407e-05,2.19231516754321e-05,213.28571720245,0.004596381904254747,0.0352072330677228,-0.7558256020599361,0.2636102490594797,0.04056794376760357
1733750580.0,2.19231516754321e-05,2.19231516754321e-05,1.97159077030182e-05,2.0106562209954e-05,624.64005086306,0.013126721309563714,-0.08286169308009834,1.8558813394971954,0.2728912365371573,0.10068096070727901
1733750640.0,2.0106562209954e-05,2.01888140244364e-05,1.5771404111169e-05,1.59446328333227e-05,1390.50330744232,0.02506465297246221,-0.20699358414293648,0.9094374277757308,0.25027900665096686,0.21969991026514257
1733750700.0,1.59446328333227e-05,1.59446328333227e-05,1.44593733073109e-05,1.44593733073109e-05,447.31509916554,0.006800085510913603,-0.09315106478386596,-0.7286981982800776,0.1984728580285494,0.09315106478386596
1733750760.0,1.44593733073109e-05,1.55206043528679e-05,1.42540039781483e-05,1.55206043528679e-05,440.36564531498,0.006601076104426661,0.07339398624008305,-0.029265721168880557,0.17998489997249295,0.08759718334951533
1733750820.0,1.55206043528679e-05,1.65765380622842e-05,1.55206043528679e-05,1.63786566659151e-05,577.10532435427,0.009204616688453144,0.05528472303906437,0.3944115387914642,0.1931947092444968,0.06803431653878754
1733750880.0,1.63786566659151e-05,1.67470101725195e-05,1.63786566659151e-05,1.64860704621677e-05,142.89504005519,0.002348103249685141,0.006558156657385407,-0.7448993989471879,0.2038754252376914,0.022489848472797266
1733750940.0,1.64860704621677e-05,1.64860704621677e-05,1.37891172744117e-05,1.37891172744117e-05,806.10990516652,0.012202564357616304,-0.16358981322717137,4.196775039280132,0.20521247221499123,0.16358981322717137
1733751000.0,1.37891172744117e-05,1.52374776467707e-05,1.37703330785805e-05,1.52374776467707e-05,483.95946093165,0.007023847615368403,0.1050364822878623,-0.4243957737469808,0.17164180221345474,0.10639873017200047
1733751060.0,1.52374776467707e-05,1.57484258509704e-05,1.48364671138366e-05,1.56078584932132e-05,466.72360620918,0.007198123258993816,0.024307228205909387,0.024811990972596343,0.18967045333150503,0.05984971779939382
1733751120.0,1.56078584932132e-05,1.56078584932132e-05,1.46286863587705e-05,1.46286863587705e-05,297.952452577,0.004504526348051503,-0.0627358413627645,-0.3742082226192435,0.1942808163245522,0.0627358413627645
1733751180.0,1.46286863587705e-05,1.46286863587705e-05,1.40528744966099e-05,1.42434591430115e-05,380.87855336842,0.005498390505680632,-0.0263336848101907,0.22063677306694812,0.18209244585178672,0.03936182976644215
1733751240.0,1.42434591430115e-05,1.42730093691888e-05,1.41648024836501e-05,1.41648024836501e-05,36.68694632963,0.0005211061848077108,-0.005522300346541437,-0.9052256866315092,0.17729728077640905,0.0075969527101702634
1733751300.0,1.41648024836501e-05,1.41648024836501e-05,1.24980934082431e-05,1.24980934082431e-05,694.39084497015,0.009257235403861431,-0.11766553591769596,16.764585556161396,0.17631819194133663,0.11766553591769596
1733751360.0,1.24980934082431e-05,1.24980934082431e-05,1.13001473749619e-05,1.13001473749619e-05,476.56602778735,0.005670716539189459,-0.09585030245422047,-0.38742872015288093,0.15557161739452008,0.09585030245422047
1733751420.0,1.13001473749619e-05,1.13001473749619e-05,1.09896158829409e-05,1.09896158829409e-05,106.89117224276,0.0011912894618254157,-0.0274803046116951,-0.7899225867502642,0.14066003081396306,0.0274803046116951
1733751480.0,1.09896158829409e-05,1.09896158829409e-05,1.09746746786908e-05,1.09746746786908e-05,6.45494935156,7.088919155913997e-05,-0.0013595747484944948,-0.9404937306752329,0.13679465032050495,0.0013595747484944948
1733751540.0,1.09746746786908e-05,1.10398967360189e-05,1.09746746786908e-05,1.09971894921056e-05,15.06645293425,0.00016551902870351893,0.002051524448238755,1.3348979592387242,0.13660866776820005,0.005942960428224826
1733751600.0,1.09971894921056e-05,1.10811778043588e-05,1.07936292605447e-05,1.10811778043588e-05,253.51759449168,0.0027986272836517155,0.00763725243740597,15.908190590368156,0.13688892378996784,0.02614745740450475
1733751660.0,1.10811778043588e-05,1.2690409897249e-05,1.10811778043588e-05,1.2690409897249e-05,476.9066,0.005668413533687795,0.14522211639427055,1.0254263819980751,0.13793437905683664,0.14522211639427055
1733751720.0,1.2690409897249e-05,1.28359803806668e-05,1.15624349387117e-05,1.15624349387117e-05,373.88321121519,0.0045338657541863624,-0.08888404453994982,-0.20015261285344346,0.157965501507,0.10035494930949213
1733751780.0,1.15624349387117e-05,1.15624349387117e-05,1.11216625395345e-05,1.12786881679156e-05,321.88613622701,0.0036761204319388707,-0.024540399344959756,-0.18918630783355006,0.1439248888352763,0.038121070649355035
1733751840.0,1.12786881679156e-05,1.12786881679156e-05,1.09349117365592e-05,1.09349117365592e-05,54.6142138938,0.0006065891482671409,-0.030480178744043844,-0.8349920358982331,0.1403929145875797,0.030480178744043844
1733751900.0,1.09349117365592e-05,1.09349117365592e-05,1.05979916237772e-05,1.08949473186747e-05,299.43860070451,0.003268351224537958,-0.003654754500750592,4.388080604268544,0.136113713456553,0.030811415848521116
1733751960.0,1.08949473186747e-05,1.13241324334841e-05,1.08949473186747e-05,1.11434603051267e-05,111.91466310573,0.0012332104823022426,0.022809930069696845,-0.6226811631982485,0.13561625124968377,0.039393041770266014
1733752020.0,1.11434603051267e-05,1.11434603051267e-05,1.0990325192e-05,1.0990325192e-05,53.9741808872,0.0005973264710702002,-0.01374215090587697,-0.515632992386612,0.13870964845700348,0.01374215090587697
1733752080.0,1.0990325192e-05,1.0990325192e-05,1.08928592157697e-05,1.08928592157697e-05,26.03026333395,0.000284812526359817,-0.00886834324986546,-0.5231878375496527,0.1368034795358062,0.00886834324986546
1733752140.0,1.08928592157697e-05,1.08928592157697e-05,1.08928592157697e-05,1.08928592157697e-05,0.0,0.0,0.0,-1.0,0.13559025932150673,0.0
1733752200.0,1.08928592157697e-05,1.28470451256845e-05,1.08928592157697e-05,1.28470451256845e-05,583.37498741532,0.006924633198218372,0.17940063955712426,0.0,0.13559025932150673,0.17940063955712426
1733752260.0,1.28470451256845e-05,1.29369658012358e-05,1.28261353920042e-05,1.28974886520356e-05,41.8366793022,0.0005385329017215656,0.003926469149723138,-0.9222293966617432,0.15991523856150136,0.008626918341714347
1733752320.0,1.28974886520356e-05,1.29753047847918e-05,1.28974886520356e-05,1.29753047847918e-05,15.77113823556,0.00020402170091614723,0.0060334329306750084,-0.6211527647355679,0.1605431408122837,0.0060334329306750084
1733752380.0,1.29753047847918e-05,1.29753047847918e-05,1.29753047847918e-05,1.29753047847918e-05,0.0,0.0,0.0,-1.0,0.16151176708485454,0.0
1733752440.0,1.29753047847918e-05,1.33659115504942e-05,1.29753047847918e-05,1.33659115504942e-05,115.750071,0.0015244988305178572,0.030103860539771425,0.0,0.16151176708485454,0.030103860539771425
1733752500.0,1.33659115504942e-05,1.33698967634424e-05,1.32940483381217e-05,1.33698967634424e-05,47.52714725141,0.0006353383493109682,0.0002981624510339827,-0.5832477292913698,0.16637389479670905,0.005674766366226244
1733752560.0,1.33698967634424e-05,2.10279832748434e-05,1.33698967634424e-05,1.65347973024432e-05,3154.2509466518,0.04716345478332606,0.23671839768087483,73.23360298410346,0.1664235012449697,0.5727857624406401
1733752620.0,1.65347973024432e-05,1.99107862753549e-05,1.58556582932654e-05,1.95343454161912e-05,1665.02921326445,0.030028088161965498,0.18140821800729218,-0.3633187326942494,0.20581900579612,0.2452481217589713
1733752680.0,1.95343454161912e-05,1.99766009696236e-05,1.71036297459458e-05,1.71036297459458e-05,689.71272292431,0.012634838805755375,-0.12443292152654799,-0.5792326591821103,0.2431562648696267,0.147072817771335
1733752740.0,1.71036297459458e-05,1.8217527093e-05,1.71036297459458e-05,1.8217527093e-05,274.0387466784,0.004839682775687952,0.0651263716298721,-0.6169572995673361,0.2128996204444159,0.0651263716298721
1733752800.0,1.8217527093e-05,1.86022914065121e-05,1.8217527093e-05,1.86022914065121e-05,82.3905309708,0.001516802198211643,0.02112055667862537,-0.6865905745245808,0.22676500024533766,0.02112055667862537
1733752860.0,1.86022914065121e-05,1.87040498802841e-05,1.73476863588512e-05,1.73476863588512e-05,373.20244005171,0.006708309710919152,-0.06744357564583155,3.422666131963981,0.2315544032857478,0.0729137874357822
1733752920.0,1.73476863588512e-05,1.73476863588512e-05,1.73476863588512e-05,1.73476863588512e-05,0.0,0.0,0.0,-1.0,0.21593754637162008,0.0
1733752980.0,1.73476863588512e-05,1.73476863588512e-05,1.73476863588512e-05,1.73476863588512e-05,0.0,0.0,0.0,0.0,0.21593754637162008,0.0
1733753040.0,1.73476863588512e-05,1.73476863588512e-05,1.71351508208863e-05,1.71351508208863e-05,3.41309811736,5.884665332969673e-05,-0.012251520667853164,0.0,0.21593754637162008,0.012251520667853164
1733753100.0,1.71351508208863e-05,1.78324284161553e-05,1.71351508208863e-05,1.78324284161553e-05,306.87576156842,0.005365351254285606,0.040692819255438224,90.17512977714236,0.21329198305928268,0.040692819255438224
1733753160.0,1.78324284161553e-05,1.78324284161553e-05,1.78324284161553e-05,1.78324284161553e-05,0.0,0.0,0.0,-1.0,0.22197143517454807,0.0
1733753220.0,1.78324284161553e-05,1.78324284161553e-05,1.78324284161553e-05,1.78324284161553e-05,0.0,0.0,0.0,0.0,0.22197143517454807,0.0
1733753280.0,1.78324284161553e-05,1.84724074165354e-05,1.77014650794112e-05,1.77014650794112e-05,232.7894515893,0.00413595778983276,-0.007344111171390024,0.0,0.22197143517454807,0.04323260518044554
1733753340.0,1.77014650794112e-05,1.77014650794112e-05,1.75817427270412e-05,1.75817427270412e-05,225.76103241164,0.003982786710589565,-0.006763414883056837,-0.03703400446197218,0.2203412522777532,0.006763414883056837
1733753400.0,1.75817427270412e-05,1.75817427270412e-05,1.59744713926523e-05,1.59744713926523e-05,394.5415849641,0.006619660952089292,-0.091417065949718,0.6620676508959716,0.21885099297274646,0.091417065949718
1733753460.0,1.59744713926523e-05,1.59744713926523e-05,1.54089769516862e-05,1.54089769516862e-05,36.25884113329,0.0005689637338660913,-0.03539988441972519,-0.9140494146174487,0.19884427731499563,0.03539988441972519
1733753520.0,1.54089769516862e-05,1.54332137410773e-05,1.53461816518612e-05,1.54332137410773e-05,5.77345699584,8.90330308110834e-05,0.0015729006193656915,-0.8435172129406093,0.191805212880521,0.005648141955756157
1733753580.0,1.54332137410773e-05,1.54890030214495e-05,1.51717991729673e-05,1.54024079157345e-05,300.15810136548,0.004627780825466453,-0.00199607326507798,50.97824653735541,0.19210690341865833,0.020553324395289275
1733753640.0,1.54024079157345e-05,1.54966809194462e-05,1.5249001939388e-05,1.5249001939388e-05,93.11624745426,0.0014270721324457652,-0.00995986972853686,-0.6916292741020369,0.19172344396470742,0.01608053632998379
1733753700.0,1.5249001939388e-05,1.53215875474756e-05,1.52466070826037e-05,1.52466070826037e-05,19.80576747723,0.0003019944706830425,-0.00015705006752704957,-0.7883817756531522,0.1898139034389125,0.0049170736006154715
1733753760.0,1.52466070826037e-05,1.52466070826037e-05,1.52466070826037e-05,1.52466070826037e-05,0.0,0.0,0.0,-1.0,0.18978409315255984,0.0
1733753820.0,1.52466070826037e-05,1.52466070826037e-05,1.5058260385632e-05,1.5058260385632e-05,87.9074364669,0.001332011605800877,-0.012353351532656877,0.0,0.18978409315255984,0.012353351532656877
1733753880.0,1.5058260385632e-05,1.5058260385632e-05,1.49679384903641e-05,1.49679384903641e-05,7.3479024489,0.00011031479012604509,-0.005998162666524302,-0.917181810094126,0.18743962353453977,0.005998162666524302
1733753940.0,1.49679384903641e-05,1.49679384903641e-05,1.49679384903641e-05,1.49679384903641e-05,0.0,0.0,0.0,-1.0,0.18631533018242752,0.0
1733754000.0,1.49679384903641e-05,1.49679384903641e-05,1.48554403858138e-05,1.48554403858138e-05,31.29822775462,0.0004667094522394695,-0.0075159384589082385,0.0,0.18631533018242752,0.0075159384589082385
1733754060.0,1.48554403858138e-05,1.48843705387928e-05,1.48554403858138e-05,1.48843705387928e-05,11.36606025,0.0001690122413963434,0.0019474449917100155,-0.6378641131321615,0.18491499562682523,0.0019474449917100155
1733754120.0,1.48843705387928e-05,1.48843705387928e-05,1.46914434979882e-05,1.46914434979882e-05,70.49152988026,0.0010424221894533806,-0.012961719832342112,5.167731880490483,0.18527510740895078,0.012961719832342112
1733754180.0,1.46914434979882e-05,1.47318647715652e-05,1.46914434979882e-05,1.47318647715652e-05,57.2775,0.0008426467697046725,0.0027513479926281515,-0.19164540218916987,0.18287362337480886,0.0027513479926281515
1733754240.0,1.47318647715652e-05,1.47318647715652e-05,1.47318647715652e-05,1.47318647715652e-05,0.0,0.0,0.0,-1.0,0.18337677235138578,0.0
1733754300.0,1.47318647715652e-05,1.47318647715652e-05,1.4587201597947e-05,1.4587201597947e-05,66.52200190974,0.0009751814945122421,-0.009819746234531244,0.0,0.18337677235138578,0.009819746234531244
1733754360.0,1.4587201597947e-05,1.4587201597947e-05,1.44532598446689e-05,1.44532598446689e-05,11.1585009237,0.00016202400791605188,-0.009182141782214841,-0.8338524584112502,0.18157605898158777,0.009182141782214841
1733754420.0,1.44532598446689e-05,1.44532598446689e-05,1.44532598446689e-05,1.44532598446689e-05,0.0,0.0,0.0,-1.0,0.179908801863763,0.0
1733754480.0,1.44532598446689e-05,1.44532598446689e-05,1.44112930472053e-05,1.44112930472053e-05,14.51570631456,0.00020949468633976468,-0.0029036215991839905,0.0,0.179908801863763,0.0029036215991839905
1733754540.0,1.44112930472053e-05,1.44112930472053e-05,1.43868153422788e-05,1.43868153422788e-05,1.113288735,1.603030482966082e-05,-0.001698508582562444,-0.9234810910494292,0.1793864147807881,0.001698508582562444
1733754600.0,1.43868153422788e-05,1.43868153422788e-05,1.43868153422788e-05,1.43868153422788e-05,0.0,0.0,0.0,-1.0,0.17908172541568781,0.0
1733754660.0,1.43868153422788e-05,1.43885737482121e-05,1.43868153422788e-05,1.43885737482121e-05,1.23791670305,1.781076739594072e-05,0.00012222343106974788,0.0,0.17908172541568781,0.00012222343106974788
1733754720.0,1.43885737482121e-05,1.43885737482121e-05,1.43669745288887e-05,1.43669745288887e-05,10.97096431992,0.00015773804707390495,-0.0015011369230451003,7.856330755846899,0.17910361339861,0.0015011369230451003
1733754780.0,1.43669745288887e-05,1.43669745288887e-05,1.40047721559396e-05,1.40047721559396e-05,124.61991856126,0.0017678423806520005,-0.025210761821898922,10.207457005117567,0.17883475435148655,0.025210761821898922
1733754840.0,1.40047721559396e-05,1.40047721559396e-05,1.38840313867449e-05,1.38840313867449e-05,1.05544747638,1.4717583659191978e-05,-0.008621401894317204,-0.9916748326546149,0.17432619395405344,0.008621401894317204
1733754900.0,1.38840313867449e-05,1.38840313867449e-05,1.38840313867449e-05,1.38840313867449e-05,0.0,0.0,0.0,-1.0,0.17282325777526886,0.0
1733754960.0,1.38840313867449e-05,1.38840313867449e-05,1.38333386441534e-05,1.38333386441534e-05,22.904,0.00031741932159384735,-0.003651154421899162,0.0,0.17282325777526886,0.003651154421899162
1733755020.0,1.38333386441534e-05,1.3898299732319e-05,1.38333386441534e-05,1.3898299732319e-05,22.897,0.00031748566195304425,0.0046959804741753515,0.0002089991209853819,0.17219225337343566,0.0046959804741753515
1733755080.0,1.3898299732319e-05,1.3898299732319e-05,1.3898299732319e-05,1.3898299732319e-05,0.0,0.0,0.0,-1.0,0.17300086483308155,0.0
1733755140.0,1.3898299732319e-05,1.3898299732319e-05,1.38647000670442e-05,1.38647000670442e-05,16.12667208735,0.0002238623969627471,-0.0024175378227501484,0.0,0.17300086483308155,0.0024175378227501484
1733755200.0,1.38647000670442e-05,1.38647000670442e-05,1.38647000670442e-05,1.38647000670442e-05,0.0,0.0,0.0,-1.0,0.1725826286989791,0.0
1733755260.0,1.38647000670442e-05,1.38647000670442e-05,1.38647000670442e-05,1.38647000670442e-05,0.0,0.0,0.0,0.0,0.1725826286989791,0.0
1733755320.0,1.38647000670442e-05,1.38647000670442e-05,1.38006775360833e-05,1.38006775360833e-05,38.62842318,0.0005343349567440516,-0.004617664331093551,0.0,0.1725826286989791,0.004617664331093551
1733755380.0,1.38006775360833e-05,1.38006775360833e-05,1.38006775360833e-05,1.38006775360833e-05,0.0,0.0,0.0,-1.0,0.17178570005026947,0.0
1733755440.0,1.38006775360833e-05,1.38006775360833e-05,1.38006775360833e-05,1.38006775360833e-05,0.0,0.0,0.0,0.0,0.17178570005026947,0.0
1733755500.0,1.38006775360833e-05,1.38006775360833e-05,1.38006775360833e-05,1.38006775360833e-05,0.0,0.0,0.0,0.0,0.17178570005026947,0.0
1733755560.0,1.38006775360833e-05,1.38006775360833e-05,1.38006775360833e-05,1.38006775360833e-05,0.0,0.0,0.0,0.0,0.17178570005026947,0.0
1733755620.0,1.38006775360833e-05,1.38006775360833e-05,1.38006775360833e-05,1.38006775360833e-05,0.0,0.0,0.0,0.0,0.17178570005026947,0.0
1733755680.0,1.38006775360833e-05,1.38006775360833e-05,1.3708306741459e-05,1.3708306741459e-05,23.37200416644,0.0003214700475746255,-0.0066932072271660165,0.0,0.17178570005026947,0.0066932072271660165
1733755740.0,1.3708306741459e-05,1.38379656280096e-05,1.3708306741459e-05,1.38379656280096e-05,46.142,0.0006355200498360101,0.009458417366636803,0.9769183929600207,0.17063590276116922,0.009458417366636803
1733755800.0,1.38379656280096e-05,1.38379656280096e-05,1.38379656280096e-05,1.38379656280096e-05,0.0,0.0,0.0,-1.0,0.1722498483472172,0.0
1733755860.0,1.38379656280096e-05,1.43760891238434e-05,1.38379656280096e-05,1.43760891238434e-05,230.97,0.0032583001130177436,0.03888747163416697,0.0,0.1722498483472172,0.03888747163416697
1733755920.0,1.43760891238434e-05,1.43760891238434e-05,1.43760891238434e-05,1.43760891238434e-05,0.0,0.0,0.0,-1.0,0.17894820943880918,0.0
1733755980.0,1.43760891238434e-05,2.01890876236489e-05,1.43760891238434e-05,2.01890876236489e-05,1273.21946046772,0.022004527844706762,0.4043518685596053,0.0,0.17894820943880918,0.4043518685596053
1733756040.0,2.01890876236489e-05,2.01890876236489e-05,1.48623355570164e-05,1.48623355570164e-05,1361.08739885228,0.023854025201521124,-0.2638431298100316,0.08405076309143629,0.2513062523007873,0.2638431298100316
1733756100.0,1.48623355570164e-05,1.48623355570164e-05,1.48623355570164e-05,1.48623355570164e-05,0.0,0.0,0.0,-1.0,0.1850008241529181,0.0
1733756160.0,1.48623355570164e-05,1.48623355570164e-05,1.48431878324678e-05,1.48431878324678e-05,0.06551040132,9.730103793328781e-07,-0.0012883388667375565,0.0,0.1850008241529181,0.0012883388667375565
1733756220.0,1.48431878324678e-05,1.48431878324678e-05,1.48431878324678e-05,1.48431878324678e-05,0.0,0.0,0.0,-1.0,0.18476248040078344,0.0
1733756280.0,1.48431878324678e-05,1.48431878324678e-05,1.48431878324678e-05,1.48431878324678e-05,0.0,0.0,0.0,0.0,0.18476248040078344,0.0
1733756340.0,1.48431878324678e-05,1.48431878324678e-05,1.48431878324678e-05,1.48431878324678e-05,0.0,0.0,0.0,0.0,0.18476248040078344,0.0
1733756400.0,1.48431878324678e-05,1.48431878324678e-05,1.48431878324678e-05,1.48431878324678e-05,0.0,0.0,0.0,0.0,0.18476248040078344,0.0
1733756460.0,1.48431878324678e-05,1.48431878324678e-05,1.48431878324678e-05,1.48431878324678e-05,0.0,0.0,0.0,0.0,0.18476248040078344,0.0
1733756520.0,1.48431878324678e-05,1.48431878324678e-05,1.48431878324678e-05,1.48431878324678e-05,0.0,0.0,0.0,0.0,0.18476248040078344,0.0
1733756580.0,1.48431878324678e-05,1.48431878324678e-05,1.48431878324678e-05,1.48431878324678e-05,0.0,0.0,0.0,0.0,0.18476248040078344,0.0
1733756640.0,1.48431878324678e-05,1.48431878324678e-05,1.48431878324678e-05,1.48431878324678e-05,0.0,0.0,0.0,0.0,0.18476248040078344,0.0
1733756700.0,1.48431878324678e-05,1.48431878324678e-05,1.48431878324678e-05,1.48431878324678e-05,0.0,0.0,0.0,0.0,0.18476248040078344,0.0
1733756760.0,1.48431878324678e-05,1.48431878324678e-05,1.48431878324678e-05,1.48431878324678e-05,0.0,0.0,0.0,0.0,0.18476248040078344,0.0
1733756820.0,1.48431878324678e-05,1.48431878324678e-05,1.42787138923145e-05,1.42787138923145e-05,241.27465713115,0.003513188426826948,-0.03802915832666197,0.0,0.18476248040078344,0.03802915832666197
1733756880.0,1.42787138923145e-05,1.42787138923145e-05,1.42787138923145e-05,1.42787138923145e-05,0.0,0.0,0.0,-1.0,0.17773611878079526,0.0
1733756940.0,1.42787138923145e-05,1.42787138923145e-05,1.42787138923145e-05,1.42787138923145e-05,0.0,0.0,0.0,0.0,0.17773611878079526,0.0
1733757000.0,1.42787138923145e-05,1.42787138923145e-05,1.42787138923145e-05,1.42787138923145e-05,0.0,0.0,0.0,0.0,0.17773611878079526,0.0
1733757060.0,1.42787138923145e-05,1.42787138923145e-05,1.28233365582035e-05,1.28233365582035e-05,282.6928065525,0.00383077735259219,-0.10192636011107106,0.0,0.17773611878079526,0.10192636011107106
1733757120.0,1.28233365582035e-05,1.28233365582035e-05,1.28233365582035e-05,1.28233365582035e-05,0.0,0.0,0.0,-1.0,0.15962012313319981,0.0
1733757180.0,1.28233365582035e-05,1.28233365582035e-05,1.28233365582035e-05,1.28233365582035e-05,0.0,0.0,0.0,0.0,0.15962012313319981,0.0
1733757240.0,1.28233365582035e-05,1.28233365582035e-05,1.28233365582035e-05,1.28233365582035e-05,0.0,0.0,0.0,0.0,0.15962012313319981,0.0
1733757300.0,1.28233365582035e-05,1.28233365582035e-05,1.28233365582035e-05,1.28233365582035e-05,0.0,0.0,0.0,0.0,0.15962012313319981,0.0
1733757360.0,1.28233365582035e-05,1.28233365582035e-05,1.28233365582035e-05,1.28233365582035e-05,0.0,0.0,0.0,0.0,0.15962012313319981,0.0
1733757420.0,1.28233365582035e-05,1.28233365582035e-05,1.26224867976874e-05,1.26224867976874e-05,30.05760129598,0.0003824202065396522,-0.015662831557486465,0.0,0.15962012313319981,0.015662831557486465
1733757480.0,1.26224867976874e-05,1.26224867976874e-05,1.26224867976874e-05,1.26224867976874e-05,0.0,0.0,0.0,-1.0,0.15712002003137926,0.0
1733757540.0,1.26224867976874e-05,1.26224867976874e-05,1.26224867976874e-05,1.26224867976874e-05,0.0,0.0,0.0,0.0,0.15712002003137926,0.0
1733757600.0,1.26224867976874e-05,1.26224867976874e-05,1.26224867976874e-05,1.26224867976874e-05,0.0,0.0,0.0,0.0,0.15712002003137926,0.0
1733757660.0,1.26224867976874e-05,1.26224867976874e-05,1.26224867976874e-05,1.26224867976874e-05,0.0,0.0,0.0,0.0,0.15712002003137926,0.0
1733757720.0,1.26224867976874e-05,1.26224867976874e-05,1.26224867976874e-05,1.26224867976874e-05,0.0,0.0,0.0,0.0,0.15712002003137926,0.0
1733757780.0,1.26224867976874e-05,1.26224867976874e-05,1.25011669953682e-05,1.25745297489725e-05,8.72795552308,0.00010995921986677921,-0.0037993344325530725,0.0,0.15712002003137926,0.009611402591558035
1733757840.0,1.25745297489725e-05,1.25745297489725e-05,1.25745297489725e-05,1.25745297489725e-05,0.0,0.0,0.0,-1.0,0.15652306852923062,0.0
1733757900.0,1.25745297489725e-05,1.25745297489725e-05,1.24921374725087e-05,1.24921374725087e-05,8.37087739264,0.00010491499897656355,-0.006552314727358448,0.0,0.15652306852923062,0.006552314727358448
1733757960.0,1.24921374725087e-05,1.24921374725087e-05,1.24921374725087e-05,1.24921374725087e-05,0.0,0.0,0.0,-1.0,0.1554974801221352,0.0
1733758020.0,1.24921374725087e-05,1.24921374725087e-05,1.20563263984991e-05,1.20563263984991e-05,232.79178650308,0.00285734038021911,-0.03488682981344745,0.0,0.1554974801221352,0.03488682981344745
1733758080.0,1.20563263984991e-05,1.20563263984991e-05,1.20563263984991e-05,1.20563263984991e-05,0.0,0.0,0.0,-1.0,0.15007266599669433,0.0
1733758140.0,1.20563263984991e-05,1.20563263984991e-05,1.20563263984991e-05,1.20563263984991e-05,0.0,0.0,0.0,0.0,0.15007266599669433,0.0
1733758200.0,1.20563263984991e-05,1.20563263984991e-05,1.20563263984991e-05,1.20563263984991e-05,0.0,0.0,0.0,0.0,0.15007266599669433,0.0
1733758260.0,1.20563263984991e-05,1.20563263984991e-05,1.16033982340914e-05,1.16033982340914e-05,5.10043734144,6.033747150212618e-05,-0.037567676043017945,0.0,0.15007266599669433,0.037567676043017945
1733758320.0,1.16033982340914e-05,1.16033982340914e-05,1.16033982340914e-05,1.16033982340914e-05,0.0,0.0,0.0,-1.0,0.1444347846976185,0.0
1733758380.0,1.16033982340914e-05,1.16033982340914e-05,1.16033982340914e-05,1.16033982340914e-05,0.0,0.0,0.0,0.0,0.1444347846976185,0.0
1733758440.0,1.16033982340914e-05,1.16033982340914e-05,1.16033982340914e-05,1.16033982340914e-05,0.0,0.0,0.0,0.0,0.1444347846976185,0.0
1733758500.0,1.16033982340914e-05,1.16033982340914e-05,1.16033982340914e-05,1.16033982340914e-05,0.0,0.0,0.0,0.0,0.1444347846976185,0.0
1733758560.0,1.16033982340914e-05,1.16033982340914e-05,1.16033982340914e-05,1.16033982340914e-05,0.0,0.0,0.0,0.0,0.1444347846976185,0.0
1733758620.0,1.16033982340914e-05,1.16033982340914e-05,1.16033982340914e-05,1.16033982340914e-05,0.0,0.0,0.0,0.0,0.1444347846976185,0.0
1733758680.0,1.16033982340914e-05,1.16033982340914e-05,1.16033982340914e-05,1.16033982340914e-05,0.0,0.0,0.0,0.0,0.1444347846976185,0.0
1733758740.0,1.16033982340914e-05,1.16033982340914e-05,1.16033982340914e-05,1.16033982340914e-05,0.0,0.0,0.0,0.0,0.1444347846976185,0.0
1733758800.0,1.16033982340914e-05,1.16033982340914e-05,1.16033982340914e-05,1.16033982340914e-05,0.0,0.0,0.0,0.0,0.1444347846976185,0.0
1733758860.0,1.16033982340914e-05,1.16033982340914e-05,1.16033982340914e-05,1.16033982340914e-05,0.0,0.0,0.0,0.0,0.1444347846976185,0.0
1733758920.0,1.16033982340914e-05,1.16033982340914e-05,1.16033982340914e-05,1.16033982340914e-05,0.0,0.0,0.0,0.0,0.1444347846976185,0.0
1733758980.0,1.16033982340914e-05,1.16033982340914e-05,1.15297396991781e-05,1.15297396991781e-05,12.12447619383,0.0001402385900802559,-0.006348014040997625,0.0,0.1444347846976185,0.006348014040997625
1733759040.0,1.15297396991781e-05,1.15297396991781e-05,1.15297396991781e-05,1.15297396991781e-05,0.0,0.0,0.0,-1.0,0.14351791065634956,0.0
1733759100.0,1.15297396991781e-05,1.15297396991781e-05,1.15297396991781e-05,1.15297396991781e-05,0.0,0.0,0.0,0.0,0.14351791065634956,0.0
1733759160.0,1.15297396991781e-05,1.15297396991781e-05,1.15297396991781e-05,1.15297396991781e-05,0.0,0.0,0.0,0.0,0.14351791065634956,0.0
1733759220.0,1.15297396991781e-05,1.15297396991781e-05,1.15297396991781e-05,1.15297396991781e-05,0.0,0.0,0.0,0.0,0.14351791065634956,0.0
1733759280.0,1.15297396991781e-05,1.15297396991781e-05,1.15297396991781e-05,1.15297396991781e-05,0.0,0.0,0.0,0.0,0.14351791065634956,0.0
1733759340.0,1.15297396991781e-05,1.15297396991781e-05,1.15297396991781e-05,1.15297396991781e-05,0.0,0.0,0.0,0.0,0.14351791065634956,0.0
1733759400.0,1.15297396991781e-05,1.15297396991781e-05,1.15297396991781e-05,1.15297396991781e-05,0.0,0.0,0.0,0.0,0.14351791065634956,0.0
1733759460.0,1.15297396991781e-05,1.15297396991781e-05,1.15297396991781e-05,1.15297396991781e-05,0.0,0.0,0.0,0.0,0.14351791065634956,0.0
1733759520.0,1.15297396991781e-05,1.15297396991781e-05,1.15297396991781e-05,1.15297396991781e-05,0.0,0.0,0.0,0.0,0.14351791065634956,0.0
1733759580.0,1.15297396991781e-05,1.15297396991781e-05,1.15297396991781e-05,1.15297396991781e-05,0.0,0.0,0.0,0.0,0.14351791065634956,0.0
1733759640.0,1.15297396991781e-05,1.15297396991781e-05,1.13807578763609e-05,1.13807578763609e-05,32.97407340092,0.00037772621435371137,-0.012921525264600863,0.0,0.14351791065634956,0.012921525264600863
1733759700.0,1.13807578763609e-05,1.13807578763609e-05,1.1313601674943e-05,1.1313601674943e-05,2.02651189424,2.299519478143825e-05,-0.005900854947225409,-0.9391220574383936,0.14166344034788078,0.005900854947225409
1733759760.0,1.1313601674943e-05,1.1313601674943e-05,1.1313601674943e-05,1.1313601674943e-05,0.0,0.0,0.0,-1.0,0.14082750493506302,0.0
1733759820.0,1.1313601674943e-05,1.1313601674943e-05,1.1313601674943e-05,1.1313601674943e-05,0.0,0.0,0.0,0.0,0.14082750493506302,0.0
1733759880.0,1.1313601674943e-05,1.1313601674943e-05,1.1313601674943e-05,1.1313601674943e-05,0.0,0.0,0.0,0.0,0.14082750493506302,0.0
1733759940.0,1.1313601674943e-05,1.1313601674943e-05,1.1313601674943e-05,1.1313601674943e-05,0.0,0.0,0.0,0.0,0.14082750493506302,0.0
1733760000.0,1.1313601674943e-05,1.1313601674943e-05,1.1313601674943e-05,1.1313601674943e-05,0.0,0.0,0.0,0.0,0.14082750493506302,0.0
1733760060.0,1.1313601674943e-05,1.1313601674943e-05,1.1313601674943e-05,1.1313601674943e-05,0.0,0.0,0.0,0.0,0.14082750493506302,0.0
1733760120.0,1.1313601674943e-05,1.1313601674943e-05,1.1313601674943e-05,1.1313601674943e-05,0.0,0.0,0.0,0.0,0.14082750493506302,0.0
1733760180.0,1.1313601674943e-05,1.1313601674943e-05,1.1313601674943e-05,1.1313601674943e-05,0.0,0.0,0.0,0.0,0.14082750493506302,0.0
1733760240.0,1.1313601674943e-05,1.1313601674943e-05,1.1313601674943e-05,1.1313601674943e-05,0.0,0.0,0.0,0.0,0.14082750493506302,0.0
1733760300.0,1.1313601674943e-05,1.1313601674943e-05,1.1313601674943e-05,1.1313601674943e-05,0.0,0.0,0.0,0.0,0.14082750493506302,0.0
1733760360.0,1.1313601674943e-05,1.1313601674943e-05,1.12293564982094e-05,1.12293564982094e-05,51.4835651603,0.0005802959280067046,-0.007446362277380143,0.0,0.14082750493506302,0.007446362277380143
1733760420.0,1.12293564982094e-05,1.12293564982094e-05,1.12293564982094e-05,1.12293564982094e-05,0.0,0.0,0.0,-1.0,0.139778852314697,0.0
1733760480.0,1.12293564982094e-05,1.12293564982094e-05,1.12293564982094e-05,1.12293564982094e-05,0.0,0.0,0.0,0.0,0.139778852314697,0.0
1733760540.0,1.12293564982094e-05,1.12293564982094e-05,1.12293564982094e-05,1.12293564982094e-05,0.0,0.0,0.0,0.0,0.139778852314697,0.0
1733760600.0,1.12293564982094e-05,1.12293564982094e-05,1.11794109816192e-05,1.11794109816192e-05,1.15671419505,1.2960269718746277e-05,-0.004447763021697964,0.0,0.139778852314697,0.004447763021697964
1733760660.0,1.11794109816192e-05,1.11794109816192e-05,1.11794109816192e-05,1.11794109816192e-05,0.0,0.0,0.0,-1.0,0.13915714910415633,0.0
1733760720.0,1.11794109816192e-05,1.11794109816192e-05,1.11794109816192e-05,1.11794109816192e-05,0.0,0.0,0.0,0.0,0.13915714910415633,0.0
1733760780.0,1.11794109816192e-05,1.11794109816192e-05,1.11794109816192e-05,1.11794109816192e-05,0.0,0.0,0.0,0.0,0.13915714910415633,0.0
1733760840.0,1.11794109816192e-05,1.11794109816192e-05,1.11794109816192e-05,1.11794109816192e-05,0.0,0.0,0.0,0.0,0.13915714910415633,0.0
1733760900.0,1.11794109816192e-05,1.11794109816192e-05,1.11794109816192e-05,1.11794109816192e-05,0.0,0.0,0.0,0.0,0.13915714910415633,0.0
1733760960.0,1.11794109816192e-05,1.11794109816192e-05,1.11794109816192e-05,1.11794109816192e-05,0.0,0.0,0.0,0.0,0.13915714910415633,0.0
1733761020.0,1.11794109816192e-05,1.11794109816192e-05,1.11794109816192e-05,1.11794109816192e-05,0.0,0.0,0.0,0.0,0.13915714910415633,0.0
1733761080.0,1.11794109816192e-05,1.11794109816192e-05,1.11794109816192e-05,1.11794109816192e-05,0.0,0.0,0.0,0.0,0.13915714910415633,0.0
1733761140.0,1.11794109816192e-05,1.12060310226831e-05,1.11794109816192e-05,1.12060310226831e-05,6.01153901138,6.72854789479239e-05,0.0023811666918470004,0.0,0.13915714910415633,0.0023811666918470004
1733761200.0,1.12060310226831e-05,1.12060310226831e-05,1.12060310226831e-05,1.12060310226831e-05,0.0,0.0,0.0,-1.0,0.13948850547253552,0.0
1733761260.0,1.12060310226831e-05,1.12060310226831e-05,1.12060310226831e-05,1.12060310226831e-05,0.0,0.0,0.0,0.0,0.13948850547253552,0.0
1733761320.0,1.12060310226831e-05,1.12060310226831e-05,1.12060310226831e-05,1.12060310226831e-05,0.0,0.0,0.0,0.0,0.13948850547253552,0.0
1733761380.0,1.12060310226831e-05,1.12060310226831e-05,1.12060310226831e-05,1.12060310226831e-05,0.0,0.0,0.0,0.0,0.13948850547253552,0.0
1733761440.0,1.12060310226831e-05,1.12060310226831e-05,1.12060310226831e-05,1.12060310226831e-05,0.0,0.0,0.0,0.0,0.13948850547253552,0.0
1733761500.0,1.12060310226831e-05,1.12060310226831e-05,1.12060310226831e-05,1.12060310226831e-05,0.0,0.0,0.0,0.0,0.13948850547253552,0.0
1733761560.0,1.12060310226831e-05,1.12060310226831e-05,1.12060310226831e-05,1.12060310226831e-05,0.0,0.0,0.0,0.0,0.13948850547253552,0.0
1733761620.0,1.12060310226831e-05,1.12060310226831e-05,1.12060310226831e-05,1.12060310226831e-05,0.0,0.0,0.0,0.0,0.13948850547253552,0.0
1733761680.0,1.12060310226831e-05,1.12060310226831e-05,1.12060310226831e-05,1.12060310226831e-05,0.0,0.0,0.0,0.0,0.13948850547253552,0.0
1733761740.0,1.12060310226831e-05,1.12060310226831e-05,1.12060310226831e-05,1.12060310226831e-05,0.0,0.0,0.0,0.0,0.13948850547253552,0.0
1733761800.0,1.12060310226831e-05,1.12060310226831e-05,1.12060310226831e-05,1.12060310226831e-05,0.0,0.0,0.0,0.0,0.13948850547253552,0.0
1733761860.0,1.12060310226831e-05,1.12060310226831e-05,1.12060310226831e-05,1.12060310226831e-05,0.0,0.0,0.0,0.0,0.13948850547253552,0.0
1733761920.0,1.12060310226831e-05,1.12060310226831e-05,1.12060310226831e-05,1.12060310226831e-05,0.0,0.0,0.0,0.0,0.13948850547253552,0.0
1733761980.0,1.12060310226831e-05,1.12060310226831e-05,1.12060310226831e-05,1.12060310226831e-05,0.0,0.0,0.0,0.0,0.13948850547253552,0.0
1733762040.0,1.12060310226831e-05,1.12060310226831e-05,1.12060310226831e-05,1.12060310226831e-05,0.0,0.0,0.0,0.0,0.13948850547253552,0.0
1733762100.0,1.12060310226831e-05,1.12060310226831e-05,1.12060310226831e-05,1.12060310226831e-05,0.0,0.0,0.0,0.0,0.13948850547253552,0.0
1733762160.0,1.12060310226831e-05,1.12062577803331e-05,1.12060310226831e-05,1.12062577803331e-05,6.0639607273,6.795361955519787e-05,2.0235322349159042e-05,0.0,0.13948850547253552,2.0235322349159042e-05
1733762220.0,1.12062577803331e-05,1.12062577803331e-05,1.12062577803331e-05,1.12062577803331e-05,0.0,0.0,0.0,-1.0,0.13949132806740777,0.0
1733762280.0,1.12062577803331e-05,1.12062577803331e-05,1.12062577803331e-05,1.12062577803331e-05,0.0,0.0,0.0,0.0,0.13949132806740777,0.0
1733762340.0,1.12062577803331e-05,1.12062577803331e-05,1.12062577803331e-05,1.12062577803331e-05,0.0,0.0,0.0,0.0,0.13949132806740777,0.0
1733762400.0,1.12062577803331e-05,1.12062577803331e-05,1.12062577803331e-05,1.12062577803331e-05,0.0,0.0,0.0,0.0,0.13949132806740777,0.0
1733762460.0,1.12062577803331e-05,1.12062577803331e-05,1.12062577803331e-05,1.12062577803331e-05,0.0,0.0,0.0,0.0,0.13949132806740777,0.0
1733762520.0,1.12062577803331e-05,1.12062577803331e-05,1.12062577803331e-05,1.12062577803331e-05,0.0,0.0,0.0,0.0,0.13949132806740777,0.0
1733762580.0,1.12062577803331e-05,1.12062577803331e-05,1.12062577803331e-05,1.12062577803331e-05,0.0,0.0,0.0,0.0,0.13949132806740777,0.0
1733762640.0,1.12062577803331e-05,1.12062577803331e-05,1.12062577803331e-05,1.12062577803331e-05,0.0,0.0,0.0,0.0,0.13949132806740777,0.0
1733762700.0,1.12062577803331e-05,1.12062577803331e-05,1.12062577803331e-05,1.12062577803331e-05,0.0,0.0,0.0,0.0,0.13949132806740777,0.0
1733762760.0,1.12062577803331e-05,1.12062577803331e-05,1.12062577803331e-05,1.12062577803331e-05,0.0,0.0,0.0,0.0,0.13949132806740777,0.0
1733762820.0,1.12062577803331e-05,1.12062577803331e-05,1.12062577803331e-05,1.12062577803331e-05,0.0,0.0,0.0,0.0,0.13949132806740777,0.0
1733762880.0,1.12062577803331e-05,1.12062577803331e-05,1.12062577803331e-05,1.12062577803331e-05,0.0,0.0,0.0,0.0,0.13949132806740777,0.0
1733762940.0,1.12062577803331e-05,1.12062577803331e-05,1.12062577803331e-05,1.12062577803331e-05,0.0,0.0,0.0,0.0,0.13949132806740777,0.0
1733763000.0,1.12062577803331e-05,1.12062577803331e-05,1.12062577803331e-05,1.12062577803331e-05,0.0,0.0,0.0,0.0,0.13949132806740777,0.0
1733763060.0,1.12062577803331e-05,1.12062577803331e-05,1.12062577803331e-05,1.12062577803331e-05,0.0,0.0,0.0,0.0,0.13949132806740777,0.0
1733763120.0,1.12062577803331e-05,1.12062577803331e-05,1.12062577803331e-05,1.12062577803331e-05,0.0,0.0,0.0,0.0,0.13949132806740777,0.0
1733763180.0,1.12062577803331e-05,1.12062577803331e-05,1.12062577803331e-05,1.12062577803331e-05,0.0,0.0,0.0,0.0,0.13949132806740777,0.0
1733763240.0,1.12062577803331e-05,1.12062577803331e-05,1.12062577803331e-05,1.12062577803331e-05,0.0,0.0,0.0,0.0,0.13949132806740777,0.0
1733763300.0,1.12062577803331e-05,1.12062577803331e-05,1.12062577803331e-05,1.12062577803331e-05,0.0,0.0,0.0,0.0,0.13949132806740777,0.0
1733763360.0,1.12062577803331e-05,1.12062577803331e-05,1.1193384495251e-05,1.1193384495251e-05,4.0715241768,4.560034253835601e-05,-0.0011487586074177916,0.0,0.13949132806740777,0.0011487586074177916
1733763420.0,1.1193384495251e-05,1.1193384495251e-05,1.1193384495251e-05,1.1193384495251e-05,0.0,0.0,0.0,-1.0,0.1393310862036302,0.0
1733763480.0,1.1193384495251e-05,1.1193384495251e-05,1.1193384495251e-05,1.1193384495251e-05,0.0,0.0,0.0,0.0,0.1393310862036302,0.0
1733763540.0,1.1193384495251e-05,1.1193384495251e-05,1.1193384495251e-05,1.1193384495251e-05,0.0,0.0,0.0,0.0,0.1393310862036302,0.0
1733763600.0,1.1193384495251e-05,1.1193384495251e-05,1.11313749232149e-05,1.11313749232149e-05,19.15548390732,0.00021382078488760707,-0.005539841150137244,0.0,0.1393310862036302,0.005539841150137244
1733763660.0,1.11313749232149e-05,1.11313749232149e-05,1.11313749232149e-05,1.11313749232149e-05,0.0,0.0,0.0,-1.0,0.138559214118786,0.0
1733763720.0,1.11313749232149e-05,1.11313749232149e-05,1.11313749232149e-05,1.11313749232149e-05,0.0,0.0,0.0,0.0,0.138559214118786,0.0
1733763780.0,1.11313749232149e-05,1.11313749232149e-05,1.11313749232149e-05,1.11313749232149e-05,0.0,0.0,0.0,0.0,0.138559214118786,0.0
1733763840.0,1.11313749232149e-05,1.11313749232149e-05,1.11313749232149e-05,1.11313749232149e-05,0.0,0.0,0.0,0.0,0.138559214118786,0.0
1733763900.0,1.11313749232149e-05,1.11313749232149e-05,1.11313749232149e-05,1.11313749232149e-05,0.0,0.0,0.0,0.0,0.138559214118786,0.0
1733763960.0,1.11313749232149e-05,1.11313749232149e-05,1.11313749232149e-05,1.11313749232149e-05,0.0,0.0,0.0,0.0,0.138559214118786,0.0
1733764020.0,1.11313749232149e-05,1.11313749232149e-05,1.10002031033579e-05,1.10002031033579e-05,65.94968657016,0.0007297853170777581,-0.011783972848083331,0.0,0.138559214118786,0.011783972848083331
1733764080.0,1.10002031033579e-05,1.10002031033579e-05,1.09815915425201e-05,1.09815915425201e-05,22.30272,0.0002451269055422581,-0.0016919288364882848,-0.664110938099156,0.13692643610175848,0.0016919288364882848
1733764140.0,1.09815915425201e-05,1.09815915425201e-05,1.07180516249593e-05,1.07180516249593e-05,150.02460436681,0.0016277401905510245,-0.02399833544531214,5.640397907158396,0.13669476631604033,0.02399833544531214
1733764200.0,1.07180516249593e-05,1.07180516249593e-05,1.03821881622035e-05,1.03821881622035e-05,52.62794223804,0.0005552311003637986,-0.03133624230486719,-0.6588945191702608,0.13341431946036944,0.03133624230486719
1733764260.0,1.03821881622035e-05,1.03821881622035e-05,1.03821881622035e-05,1.03821881622035e-05,0.0,0.0,0.0,-1.0,0.12923361601882033,0.0
1733764320.0,1.03821881622035e-05,1.03821881622035e-05,1.0295545829569e-05,1.0295545829569e-05,0.40643248103,4.202051364177231e-06,-0.00834528630004252,0.0,0.12923361601882033,0.00834528630004252
1733764380.0,1.0295545829569e-05,1.0295545829569e-05,1.0295545829569e-05,1.0295545829569e-05,0.0,0.0,0.0,-1.0,0.1281551244935535,0.0
1733764440.0,1.0295545829569e-05,1.0295545829569e-05,1.0295545829569e-05,1.0295545829569e-05,0.0,0.0,0.0,0.0,0.1281551244935535,0.0
1733764500.0,1.0295545829569e-05,1.0295545829569e-05,1.0295545829569e-05,1.0295545829569e-05,0.0,0.0,0.0,0.0,0.1281551244935535,0.0
1733764560.0,1.0295545829569e-05,1.0295545829569e-05,1.0295545829569e-05,1.0295545829569e-05,0.0,0.0,0.0,0.0,0.1281551244935535,0.0
1733764620.0,1.0295545829569e-05,1.0295545829569e-05,1.0295545829569e-05,1.0295545829569e-05,0.0,0.0,0.0,0.0,0.1281551244935535,0.0
1733764680.0,1.0295545829569e-05,1.0295545829569e-05,1.02671584696422e-05,1.02671584696422e-05,4.37673369742,4.499874040822038e-05,-0.0027572467158826944,0.0,0.1281551244935535,0.0027572467158826944
1733764740.0,1.02671584696422e-05,1.02671584696422e-05,1.02671584696422e-05,1.02671584696422e-05,0.0,0.0,0.0,-1.0,0.12780176919742015,0.0
1733764800.0,1.02671584696422e-05,1.02671584696422e-05,1.02415438339353e-05,1.02415438339353e-05,0.6721453718,6.892414667486808e-06,-0.002494812540649659,0.0,0.12780176919742015,0.002494812540649659
1733764860.0,1.02415438339353e-05,1.02415438339353e-05,1.02415438339353e-05,1.02415438339353e-05,0.0,0.0,0.0,-1.0,0.1274829277409092,0.0
1733764920.0,1.02415438339353e-05,1.02415438339353e-05,1.02415438339353e-05,1.02415438339353e-05,0.0,0.0,0.0,0.0,0.1274829277409092,0.0
1733764980.0,1.02415438339353e-05,1.02415438339353e-05,1.02415438339353e-05,1.02415438339353e-05,0.0,0.0,0.0,0.0,0.1274829277409092,0.0
1733765040.0,1.02415438339353e-05,1.02415438339353e-05,1.02415438339353e-05,1.02415438339353e-05,0.0,0.0,0.0,0.0,0.1274829277409092,0.0
1733765100.0,1.02415438339353e-05,1.02415438339353e-05,1.02415438339353e-05,1.02415438339353e-05,0.0,0.0,0.0,0.0,0.1274829277409092,0.0
1733765160.0,1.02415438339353e-05,1.02415438339353e-05,1.02415438339353e-05,1.02415438339353e-05,0.0,0.0,0.0,0.0,0.1274829277409092,0.0
1733765220.0,1.02415438339353e-05,1.02415438339353e-05,1.02415438339353e-05,1.02415438339353e-05,0.0,0.0,0.0,0.0,0.1274829277409092,0.0
1733765280.0,1.02415438339353e-05,1.02415438339353e-05,1.02415438339353e-05,1.02415438339353e-05,0.0,0.0,0.0,0.0,0.1274829277409092,0.0
1733765340.0,1.02415438339353e-05,1.02415438339353e-05,1.02415438339353e-05,1.02415438339353e-05,0.0,0.0,0.0,0.0,0.1274829277409092,0.0
1733765400.0,1.02415438339353e-05,1.02415438339353e-05,1.02181016472434e-05,1.02181016472434e-05,0.00065995648,6.751237806903301e-09,-0.002288930953380695,0.0,0.1274829277409092,0.002288930953380695
1733765460.0,1.02181016472434e-05,1.02181016472434e-05,1.02181016472434e-05,1.02181016472434e-05,0.0,0.0,0.0,-1.0,0.12719112812157543,0.0
1733765520.0,1.02181016472434e-05,1.02181016472434e-05,1.02181016472434e-05,1.02181016472434e-05,0.0,0.0,0.0,0.0,0.12719112812157543,0.0
1733765580.0,1.02181016472434e-05,1.02181016472434e-05,1.02181016472434e-05,1.02181016472434e-05,0.0,0.0,0.0,0.0,0.12719112812157543,0.0
1733765640.0,1.02181016472434e-05,1.02181016472434e-05,1.02181016472434e-05,1.02181016472434e-05,0.0,0.0,0.0,0.0,0.12719112812157543,0.0
1733765700.0,1.02181016472434e-05,1.02181016472434e-05,1.02181016472434e-05,1.02181016472434e-05,0.0,0.0,0.0,0.0,0.12719112812157543,0.0
1733765760.0,1.02181016472434e-05,1.02181016472434e-05,1.02181016472434e-05,1.02181016472434e-05,0.0,0.0,0.0,0.0,0.12719112812157543,0.0
1733765820.0,1.02181016472434e-05,1.02181016472434e-05,9.97303629475601e-06,9.97303629475601e-06,148.32884567744,0.001497464091925367,-0.02398345220547921,0.0,0.12719112812157543,0.02398345220547921
1733765880.0,9.97303629475601e-06,9.97303629475601e-06,9.97303629475601e-06,9.97303629475601e-06,0.0,0.0,0.0,-1.0,0.12414064577931065,0.0
1733765940.0,9.97303629475601e-06,9.97303629475601e-06,9.97303629475601e-06,9.97303629475601e-06,0.0,0.0,0.0,0.0,0.12414064577931065,0.0
1733766000.0,9.97303629475601e-06,9.97303629475601e-06,9.97303629475601e-06,9.97303629475601e-06,0.0,0.0,0.0,0.0,0.12414064577931065,0.0
1733766060.0,9.97303629475601e-06,9.97303629475601e-06,9.97303629475601e-06,9.97303629475601e-06,0.0,0.0,0.0,0.0,0.12414064577931065,0.0
1733766120.0,9.97303629475601e-06,9.97303629475601e-06,9.97303629475601e-06,9.97303629475601e-06,0.0,0.0,0.0,0.0,0.12414064577931065,0.0
1733766180.0,9.97303629475601e-06,9.97303629475601e-06,9.97303629475601e-06,9.97303629475601e-06,0.0,0.0,0.0,0.0,0.12414064577931065,0.0
1733766240.0,9.97303629475601e-06,9.97303629475601e-06,9.71439915229034e-06,9.71439915229034e-06,1.47645266956,1.4533783311290878e-05,-0.02593364095161935,0.0,0.12414064577931065,0.02593364095161935
1733766300.0,9.71439915229034e-06,9.71439915229034e-06,9.71439915229034e-06,9.71439915229034e-06,0.0,0.0,0.0,-1.0,0.12092122684416785,0.0
1733766360.0,9.71439915229034e-06,9.71439915229034e-06,9.71439915229034e-06,9.71439915229034e-06,0.0,0.0,0.0,0.0,0.12092122684416785,0.0
1733766420.0,9.71439915229034e-06,9.71439915229034e-06,9.71439915229034e-06,9.71439915229034e-06,0.0,0.0,0.0,0.0,0.12092122684416785,0.0
1733766480.0,9.71439915229034e-06,9.71439915229034e-06,9.71439915229034e-06,9.71439915229034e-06,0.0,0.0,0.0,0.0,0.12092122684416785,0.0
1733766540.0,9.71439915229034e-06,9.71439915229034e-06,9.71439915229034e-06,9.71439915229034e-06,0.0,0.0,0.0,0.0,0.12092122684416785,0.0
1733766600.0,9.71439915229034e-06,9.71439915229034e-06,9.70524536416281e-06,9.70524536416281e-06,6.42518251614,6.23873802083844e-05,-0.0009422907154655532,0.0,0.12092122684416785,0.0009422907154655532
1733766660.0,9.70524536416281e-06,9.70524536416281e-06,9.70524536416281e-06,9.70524536416281e-06,0.0,0.0,0.0,-1.0,0.12080728389480988,0.0
1733766720.0,9.70524536416281e-06,9.70524536416281e-06,9.70524536416281e-06,9.70524536416281e-06,0.0,0.0,0.0,0.0,0.12080728389480988,0.0
1733766780.0,9.70524536416281e-06,9.70524536416281e-06,9.70524536416281e-06,9.70524536416281e-06,0.0,0.0,0.0,0.0,0.12080728389480988,0.0
1733766840.0,9.70524536416281e-06,9.70524536416281e-06,9.70524536416281e-06,9.70524536416281e-06,0.0,0.0,0.0,0.0,0.12080728389480988,0.0
1733766900.0,9.70524536416281e-06,9.70524536416281e-06,9.70524536416281e-06,9.70524536416281e-06,0.0,0.0,0.0,0.0,0.12080728389480988,0.0
1733766960.0,9.70524536416281e-06,9.70524536416281e-06,9.70247366093006e-06,9.70247366093006e-06,1.54132594622,1.495681044516158e-05,-0.0002855881668880488,0.0,0.12080728389480988,0.0002855881668880488
1733767020.0,9.70247366093006e-06,9.70247366093006e-06,9.70247366093006e-06,9.70247366093006e-06,0.0,0.0,0.0,-1.0,0.12077278276405565,0.0
1733767080.0,9.70247366093006e-06,9.70247366093006e-06,9.70247366093006e-06,9.70247366093006e-06,0.0,0.0,0.0,0.0,0.12077278276405565,0.0
1733767140.0,9.70247366093006e-06,9.70247366093006e-06,9.70247366093006e-06,9.70247366093006e-06,0.0,0.0,0.0,0.0,0.12077278276405565,0.0
1733767200.0,9.70247366093006e-06,9.70247366093006e-06,9.70247366093006e-06,9.70247366093006e-06,0.0,0.0,0.0,0.0,0.12077278276405565,0.0
1733767260.0,9.70247366093006e-06,9.70247366093006e-06,9.70247366093006e-06,9.70247366093006e-06,0.0,0.0,0.0,0.0,0.12077278276405565,0.0
1733767320.0,9.70247366093006e-06,9.70247366093006e-06,9.70247366093006e-06,9.70247366093006e-06,0.0,0.0,0.0,0.0,0.12077278276405565,0.0
1733767380.0,9.70247366093006e-06,9.70247366093006e-06,9.70247366093006e-06,9.70247366093006e-06,0.0,0.0,0.0,0.0,0.12077278276405565,0.0
1733767440.0,9.70247366093006e-06,9.70247366093006e-06,9.70247366093006e-06,9.70247366093006e-06,0.0,0.0,0.0,0.0,0.12077278276405565,0.0
1733767500.0,9.70247366093006e-06,9.70247366093006e-06,9.70247366093006e-06,9.70247366093006e-06,0.0,0.0,0.0,0.0,0.12077278276405565,0.0
1733767560.0,9.70247366093006e-06,9.70247366093006e-06,9.70247366093006e-06,9.70247366093006e-06,0.0,0.0,0.0,0.0,0.12077278276405565,0.0
1733767620.0,9.70247366093006e-06,9.70247366093006e-06,9.66684322287561e-06,9.66684322287561e-06,6.39975907164,6.197948071930258e-05,-0.003672304537957813,0.0,0.12077278276405565,0.003672304537957813
1733767680.0,9.66684322287561e-06,9.66684322287561e-06,9.66684322287561e-06,9.66684322287561e-06,0.0,0.0,0.0,-1.0,0.1203292683258494,0.0
1733767740.0,9.66684322287561e-06,9.66684322287561e-06,9.66684322287561e-06,9.66684322287561e-06,0.0,0.0,0.0,0.0,0.1203292683258494,0.0
1733767800.0,9.66684322287561e-06,9.66684322287561e-06,9.66684322287561e-06,9.66684322287561e-06,0.0,0.0,0.0,0.0,0.1203292683258494,0.0
1733767860.0,9.66684322287561e-06,9.66684322287561e-06,9.66684322287561e-06,9.66684322287561e-06,0.0,0.0,0.0,0.0,0.1203292683258494,0.0
1733767920.0,9.66684322287561e-06,9.66684322287561e-06,9.66684322287561e-06,9.66684322287561e-06,0.0,0.0,0.0,0.0,0.1203292683258494,0.0
1733767980.0,9.66684322287561e-06,9.66684322287561e-06,9.66684322287561e-06,9.66684322287561e-06,0.0,0.0,0.0,0.0,0.1203292683258494,0.0
1733768040.0,9.66684322287561e-06,9.66684322287561e-06,9.66684322287561e-06,9.66684322287561e-06,0.0,0.0,0.0,0.0,0.1203292683258494,0.0
1733768100.0,9.66684322287561e-06,9.66684322287561e-06,8.98700888332446e-06,8.98915222297814e-06,225.97646170718,0.0021079079202396466,-0.07010468508414239,0.0,0.1203292683258494,0.07032640582629822
1733768160.0,8.98915222297814e-06,8.98915222297814e-06,8.98587759658728e-06,8.98587759658728e-06,1.66349286839,1.4950666956972333e-05,-0.0003642864543430666,-0.9929073434311719,0.11189362286346047,0.0003642864543430666
1733768220.0,8.98587759658728e-06,8.98587759658728e-06,8.97091387265762e-06,8.97091387265762e-06,7.3048411283,6.558575442842337e-05,-0.0016652490275789753,3.3868112785320963,0.11185286153232393,0.0016652490275789753
1733768280.0,8.97091387265762e-06,8.97091387265762e-06,8.97091387265762e-06,8.97091387265762e-06,0.0,0.0,0.0,-1.0,0.1116665986634253,0.0
1733768340.0,8.97091387265762e-06,8.97091387265762e-06,8.97091387265762e-06,8.97091387265762e-06,0.0,0.0,0.0,0.0,0.1116665986634253,0.0
1733768400.0,8.97091387265762e-06,8.97091387265762e-06,8.97091387265762e-06,8.97091387265762e-06,0.0,0.0,0.0,0.0,0.1116665986634253,0.0
1733768460.0,8.97091387265762e-06,8.97091387265762e-06,8.97091387265762e-06,8.97091387265762e-06,0.0,0.0,0.0,0.0,0.1116665986634253,0.0
1733768520.0,8.97091387265762e-06,8.97091387265762e-06,8.97091387265762e-06,8.97091387265762e-06,0.0,0.0,0.0,0.0,0.1116665986634253,0.0
1733768580.0,8.97091387265762e-06,8.97091387265762e-06,8.97091387265762e-06,8.97091387265762e-06,0.0,0.0,0.0,0.0,0.1116665986634253,0.0
1733768640.0,8.97091387265762e-06,8.97091387265762e-06,8.97091387265762e-06,8.97091387265762e-06,0.0,0.0,0.0,0.0,0.1116665986634253,0.0
1733768700.0,8.97091387265762e-06,8.97091387265762e-06,8.97091387265762e-06,8.97091387265762e-06,0.0,0.0,0.0,0.0,0.1116665986634253,0.0
1733768760.0,8.97091387265762e-06,8.97091387265762e-06,8.97091387265762e-06,8.97091387265762e-06,0.0,0.0,0.0,0.0,0.1116665986634253,0.0
1733768820.0,8.97091387265762e-06,8.97091387265762e-06,8.97091387265762e-06,8.97091387265762e-06,0.0,0.0,0.0,0.0,0.1116665986634253,0.0
1733768880.0,8.97091387265762e-06,8.97091387265762e-06,8.97091387265762e-06,8.97091387265762e-06,0.0,0.0,0.0,0.0,0.1116665986634253,0.0
1733768940.0,8.97091387265762e-06,8.97091387265762e-06,8.97091387265762e-06,8.97091387265762e-06,0.0,0.0,0.0,0.0,0.1116665986634253,0.0
1733769000.0,8.97091387265762e-06,8.97091387265762e-06,8.97091387265762e-06,8.97091387265762e-06,0.0,0.0,0.0,0.0,0.1116665986634253,0.0
1733769060.0,8.97091387265762e-06,8.97091387265762e-06,8.97091387265762e-06,8.97091387265762e-06,0.0,0.0,0.0,0.0,0.1116665986634253,0.0
1733769120.0,8.97091387265762e-06,8.97091387265762e-06,8.97091387265762e-06,8.97091387265762e-06,0.0,0.0,0.0,0.0,0.1116665986634253,0.0
1733769180.0,8.97091387265762e-06,8.97091387265762e-06,8.97091387265762e-06,8.97091387265762e-06,0.0,0.0,0.0,0.0,0.1116665986634253,0.0
1733769240.0,8.97091387265762e-06,8.97091387265762e-06,8.97091387265762e-06,8.97091387265762e-06,0.0,0.0,0.0,0.0,0.1116665986634253,0.0
1733769300.0,8.97091387265762e-06,8.97091387265762e-06,8.97091387265762e-06,8.97091387265762e-06,0.0,0.0,0.0,0.0,0.1116665986634253,0.0
1733769360.0,8.97091387265762e-06,8.97091387265762e-06,8.97091387265762e-06,8.97091387265762e-06,0.0,0.0,0.0,0.0,0.1116665986634253,0.0
1733769420.0,8.97091387265762e-06,8.97091387265762e-06,8.97091387265762e-06,8.97091387265762e-06,0.0,0.0,0.0,0.0,0.1116665986634253,0.0
1733769480.0,8.97091387265762e-06,8.97091387265762e-06,8.97091387265762e-06,8.97091387265762e-06,0.0,0.0,0.0,0.0,0.1116665986634253,0.0
1733769540.0,8.97091387265762e-06,8.97091387265762e-06,8.97091387265762e-06,8.97091387265762e-06,0.0,0.0,0.0,0.0,0.1116665986634253,0.0
1733769600.0,8.97091387265762e-06,8.97091387265762e-06,8.97091387265762e-06,8.97091387265762e-06,0.0,0.0,0.0,0.0,0.1116665986634253,0.0
1733769660.0,8.97091387265762e-06,9.72860958651783e-06,8.97091387265762e-06,9.72860958651783e-06,472.6994036895,0.0044196267942150265,0.08446137423853613,0.0,0.1116665986634253,0.08446137423853613
1733769720.0,9.72860958651783e-06,9.72860958651783e-06,9.72860958651783e-06,9.72860958651783e-06,0.0,0.0,0.0,-1.0,0.12109811304308128,0.0
1733769780.0,9.72860958651783e-06,9.72860958651783e-06,9.72860958651783e-06,9.72860958651783e-06,0.0,0.0,0.0,0.0,0.12109811304308128,0.0
1733769840.0,9.72860958651783e-06,9.72860958651783e-06,9.72860958651783e-06,9.72860958651783e-06,0.0,0.0,0.0,0.0,0.12109811304308128,0.0
1733769900.0,9.72860958651783e-06,9.72860958651783e-06,9.72860958651783e-06,9.72860958651783e-06,0.0,0.0,0.0,0.0,0.12109811304308128,0.0
1733769960.0,9.72860958651783e-06,9.72860958651783e-06,9.72860958651783e-06,9.72860958651783e-06,0.0,0.0,0.0,0.0,0.12109811304308128,0.0
1733770020.0,9.72860958651783e-06,1.04614625245142e-05,9.72860958651783e-06,1.04614625245142e-05,4.8900927108,4.9365662230342055e-05,0.07532966879583455,0.0,0.12109811304308128,0.07532966879583455
1733770080.0,1.04614625245142e-05,1.04614625245142e-05,1.04614625245142e-05,1.04614625245142e-05,0.0,0.0,0.0,-1.0,0.13022039379041714,0.0
1733770140.0,1.04614625245142e-05,1.04614625245142e-05,1.04614625245142e-05,1.04614625245142e-05,0.0,0.0,0.0,0.0,0.13022039379041714,0.0
1733770200.0,1.04614625245142e-05,1.04614625245142e-05,1.04574836293878e-05,1.04574836293878e-05,0.59870373563,6.262125603891974e-06,-0.00038033832430936943,0.0,0.13022039379041714,0.00038033832430936943
1733770260.0,1.04574836293878e-05,1.04574836293878e-05,1.04574836293878e-05,1.04574836293878e-05,0.0,0.0,0.0,-1.0,0.13017086598405198,0.0
1733770320.0,1.04574836293878e-05,1.04574836293878e-05,1.04574836293878e-05,1.04574836293878e-05,0.0,0.0,0.0,0.0,0.13017086598405198,0.0
1733770380.0,1.04574836293878e-05,1.04574836293878e-05,1.04574836293878e-05,1.04574836293878e-05,0.0,0.0,0.0,0.0,0.13017086598405198,0.0
1733770440.0,1.04574836293878e-05,1.04574836293878e-05,1.04574836293878e-05,1.04574836293878e-05,0.0,0.0,0.0,0.0,0.13017086598405198,0.0
1733770500.0,1.04574836293878e-05,1.04574836293878e-05,1.04574836293878e-05,1.04574836293878e-05,0.0,0.0,0.0,0.0,0.13017086598405198,0.0
1733770560.0,1.04574836293878e-05,1.04574836293878e-05,1.04574836293878e-05,1.04574836293878e-05,0.0,0.0,0.0,0.0,0.13017086598405198,0.0
1733770620.0,1.04574836293878e-05,1.04574836293878e-05,1.04574836293878e-05,1.04574836293878e-05,0.0,0.0,0.0,0.0,0.13017086598405198,0.0
1733770680.0,1.04574836293878e-05,1.04574836293878e-05,1.04574836293878e-05,1.04574836293878e-05,0.0,0.0,0.0,0.0,0.13017086598405198,0.0
1733770740.0,1.04574836293878e-05,1.04574836293878e-05,1.04574836293878e-05,1.04574836293878e-05,0.0,0.0,0.0,0.0,0.13017086598405198,0.0
1733770800.0,1.04574836293878e-05,1.04574836293878e-05,1.04574836293878e-05,1.04574836293878e-05,0.0,0.0,0.0,0.0,0.13017086598405198,0.0
1733770860.0,1.04574836293878e-05,1.04574836293878e-05,1.04574836293878e-05,1.04574836293878e-05,0.0,0.0,0.0,0.0,0.13017086598405198,0.0
1733770920.0,1.04574836293878e-05,1.04574836293878e-05,1.04574836293878e-05,1.04574836293878e-05,0.0,0.0,0.0,0.0,0.13017086598405198,0.0
1733770980.0,1.04574836293878e-05,1.04574836293878e-05,9.64121341920148e-06,9.64121341920148e-06,464.4703658475,0.004667624585608166,-0.0780560830037949,0.0,0.13017086598405198,0.0780560830037949
1733771040.0,9.64121341920148e-06,9.64121341920148e-06,8.91502506884719e-06,8.91502506884719e-06,1.18077844144,1.0955403180453525e-05,-0.07532126079773423,-0.9976528953904664,0.12001023806412496,0.07532126079773423
1733771100.0,8.91502506884719e-06,8.91502506884719e-06,8.91502506884719e-06,8.91502506884719e-06,0.0,0.0,0.0,-1.0,0.11097091562449883,0.0
1733771160.0,8.91502506884719e-06,8.91502506884719e-06,8.91502506884719e-06,8.91502506884719e-06,0.0,0.0,0.0,0.0,0.11097091562449883,0.0
1733771220.0,8.91502506884719e-06,8.91502506884719e-06,8.91502506884719e-06,8.91502506884719e-06,0.0,0.0,0.0,0.0,0.11097091562449883,0.0
1733771280.0,8.91502506884719e-06,8.91502506884719e-06,8.91502506884719e-06,8.91502506884719e-06,0.0,0.0,0.0,0.0,0.11097091562449883,0.0
1733771340.0,8.91502506884719e-06,8.91502506884719e-06,8.91502506884719e-06,8.91502506884719e-06,0.0,0.0,0.0,0.0,0.11097091562449883,0.0
1733771400.0,8.91502506884719e-06,8.91502506884719e-06,8.91502506884719e-06,8.91502506884719e-06,0.0,0.0,0.0,0.0,0.11097091562449883,0.0
1733771460.0,8.91502506884719e-06,8.91502506884719e-06,8.91502506884719e-06,8.91502506884719e-06,0.0,0.0,0.0,0.0,0.11097091562449883,0.0
1733771520.0,8.91502506884719e-06,8.91502506884719e-06,8.91502506884719e-06,8.91502506884719e-06,0.0,0.0,0.0,0.0,0.11097091562449883,0.0
1733771580.0,8.91502506884719e-06,8.91502506884719e-06,8.91502506884719e-06,8.91502506884719e-06,0.0,0.0,0.0,0.0,0.11097091562449883,0.0
1733771640.0,8.91502506884719e-06,8.91502506884719e-06,8.91502506884719e-06,8.91502506884719e-06,0.0,0.0,0.0,0.0,0.11097091562449883,0.0
1733771700.0,8.91502506884719e-06,8.91502506884719e-06,8.91502506884719e-06,8.91502506884719e-06,0.0,0.0,0.0,0.0,0.11097091562449883,0.0
1733771760.0,8.91502506884719e-06,8.91502506884719e-06,8.91502506884719e-06,8.91502506884719e-06,0.0,0.0,0.0,0.0,0.11097091562449883,0.0
1733771820.0,8.91502506884719e-06,8.91502506884719e-06,8.91502506884719e-06,8.91502506884719e-06,0.0,0.0,0.0,0.0,0.11097091562449883,0.0
1733771880.0,8.91502506884719e-06,8.91502506884719e-06,8.91502506884719e-06,8.91502506884719e-06,0.0,0.0,0.0,0.0,0.11097091562449883,0.0
1733771940.0,8.91502506884719e-06,8.91502506884719e-06,8.90706329079779e-06,8.90706329079779e-06,5.84097902577,5.2049222152052995e-05,-0.0008930741066811162,0.0,0.11097091562449883,0.0008930741066811162
1733772000.0,8.90706329079779e-06,8.90706329079779e-06,8.90706329079779e-06,8.90706329079779e-06,0.0,0.0,0.0,-1.0,0.1108718103731599,0.0
1733772060.0,8.90706329079779e-06,8.90706329079779e-06,8.90706329079779e-06,8.90706329079779e-06,0.0,0.0,0.0,0.0,0.1108718103731599,0.0
1733772120.0,8.90706329079779e-06,8.90706329079779e-06,8.90706329079779e-06,8.90706329079779e-06,0.0,0.0,0.0,0.0,0.1108718103731599,0.0
1733772180.0,8.90706329079779e-06,8.90706329079779e-06,8.90706329079779e-06,8.90706329079779e-06,0.0,0.0,0.0,0.0,0.1108718103731599,0.0
1733772240.0,8.90706329079779e-06,8.90706329079779e-06,8.90706329079779e-06,8.90706329079779e-06,0.0,0.0,0.0,0.0,0.1108718103731599,0.0
1733772300.0,8.90706329079779e-06,8.90706329079779e-06,8.90706329079779e-06,8.90706329079779e-06,0.0,0.0,0.0,0.0,0.1108718103731599,0.0
1733772360.0,8.90706329079779e-06,8.91891311962252e-06,8.90706329079779e-06,8.91891311962252e-06,0.2015644583,1.7965416394174742e-06,0.0013303856094715957,0.0,0.1108718103731599,0.0013303856094715957
1733772420.0,8.91891311962252e-06,8.91891311962252e-06,8.91891311962252e-06,8.91891311962252e-06,0.0,0.0,0.0,-1.0,0.11101931263417641,0.0
1733772480.0,8.91891311962252e-06,8.91891311962252e-06,8.91891311962252e-06,8.91891311962252e-06,0.0,0.0,0.0,0.0,0.11101931263417641,0.0
1733772540.0,8.91891311962252e-06,8.91891311962252e-06,8.91891311962252e-06,8.91891311962252e-06,0.0,0.0,0.0,0.0,0.11101931263417641,0.0
1733772600.0,8.91891311962252e-06,8.91891311962252e-06,8.91891311962252e-06,8.91891311962252e-06,0.0,0.0,0.0,0.0,0.11101931263417641,0.0
1733772660.0,8.91891311962252e-06,8.91891311962252e-06,8.91891311962252e-06,8.91891311962252e-06,0.0,0.0,0.0,0.0,0.11101931263417641,0.0
1733772720.0,8.91891311962252e-06,8.91891311962252e-06,8.91891311962252e-06,8.91891311962252e-06,0.0,0.0,0.0,0.0,0.11101931263417641,0.0
1733772780.0,8.91891311962252e-06,8.91891311962252e-06,8.91891311962252e-06,8.91891311962252e-06,0.0,0.0,0.0,0.0,0.11101931263417641,0.0
1733772840.0,8.91891311962252e-06,8.91891311962252e-06,8.91891311962252e-06,8.91891311962252e-06,0.0,0.0,0.0,0.0,0.11101931263417641,0.0
1733772900.0,8.91891311962252e-06,8.91891311962252e-06,8.91891311962252e-06,8.91891311962252e-06,0.0,0.0,0.0,0.0,0.11101931263417641,0.0
1733772960.0,8.91891311962252e-06,8.91891311962252e-06,8.88071609412e-06,8.88071609412e-06,8.88071609412,7.903672681392586e-05,-0.004282699583482019,0.0,0.11101931263417641,0.004282699583482019
1733773020.0,8.88071609412e-06,8.88071609412e-06,8.88071609412e-06,8.88071609412e-06,0.0,0.0,0.0,-1.0,0.11054385027019957,0.0
1733773080.0,8.88071609412e-06,8.88071609412e-06,8.88071609412e-06,8.88071609412e-06,0.0,0.0,0.0,0.0,0.11054385027019957,0.0
1733773140.0,8.88071609412e-06,8.88071609412e-06,8.88071609412e-06,8.88071609412e-06,0.0,0.0,0.0,0.0,0.11054385027019957,0.0
1733773200.0,8.88071609412e-06,8.88071609412e-06,8.88071609412e-06,8.88071609412e-06,0.0,0.0,0.0,0.0,0.11054385027019957,0.0
1733773260.0,8.88071609412e-06,8.88071609412e-06,8.88071609412e-06,8.88071609412e-06,0.0,0.0,0.0,0.0,0.11054385027019957,0.0
1733773320.0,8.88071609412e-06,8.88071609412e-06,8.88071609412e-06,8.88071609412e-06,0.0,0.0,0.0,0.0,0.11054385027019957,0.0
1733773380.0,8.88071609412e-06,8.88071609412e-06,8.88071609412e-06,8.88071609412e-06,0.0,0.0,0.0,0.0,0.11054385027019957,0.0
1733773440.0,8.88071609412e-06,8.88071609412e-06,8.88071609412e-06,8.88071609412e-06,0.0,0.0,0.0,0.0,0.11054385027019957,0.0
1733773500.0,8.88071609412e-06,8.88071609412e-06,8.88071609412e-06,8.88071609412e-06,0.0,0.0,0.0,0.0,0.11054385027019957,0.0
1733773560.0,8.88071609412e-06,8.88071609412e-06,8.88071609412e-06,8.88071609412e-06,0.0,0.0,0.0,0.0,0.11054385027019957,0.0
1733773620.0,8.88071609412e-06,8.88071609412e-06,8.88071609412e-06,8.88071609412e-06,0.0,0.0,0.0,0.0,0.11054385027019957,0.0
1733773680.0,8.88071609412e-06,8.88071609412e-06,8.88071609412e-06,8.88071609412e-06,0.0,0.0,0.0,0.0,0.11054385027019957,0.0
1733773740.0,8.88071609412e-06,8.88071609412e-06,8.88071609412e-06,8.88071609412e-06,0.0,0.0,0.0,0.0,0.11054385027019957,0.0
1733773800.0,8.88071609412e-06,8.88071609412e-06,8.88071609412e-06,8.88071609412e-06,0.0,0.0,0.0,0.0,0.11054385027019957,0.0
1733773860.0,8.88071609412e-06,8.88071609412e-06,8.88071609412e-06,8.88071609412e-06,0.0,0.0,0.0,0.0,0.11054385027019957,0.0
1733773920.0,8.88071609412e-06,8.88071609412e-06,8.88071609412e-06,8.88071609412e-06,0.0,0.0,0.0,0.0,0.11054385027019957,0.0
1733773980.0,8.88071609412e-06,8.88071609412e-06,8.88071609412e-06,8.88071609412e-06,0.0,0.0,0.0,0.0,0.11054385027019957,0.0
1733774040.0,8.88071609412e-06,8.88071609412e-06,8.88071609412e-06,8.88071609412e-06,0.0,0.0,0.0,0.0,0.11054385027019957,0.0
1733774100.0,8.88071609412e-06,8.88071609412e-06,8.81260184165952e-06,8.81260184165952e-06,13.84455050775,0.00012247801690578927,-0.007669905415125238,0.0,0.11054385027019957,0.007669905415125238
1733774160.0,8.81260184165952e-06,8.81260184165952e-06,8.81260184165952e-06,8.81260184165952e-06,0.0,0.0,0.0,-1.0,0.10969598939440336,0.0
1733774220.0,8.81260184165952e-06,8.81260184165952e-06,8.81260184165952e-06,8.81260184165952e-06,0.0,0.0,0.0,0.0,0.10969598939440336,0.0
1733774280.0,8.81260184165952e-06,8.81260184165952e-06,8.77103267940139e-06,8.77103267940139e-06,8.73133421738,7.676429487982165e-05,-0.004717013545491282,0.0,0.10969598939440336,0.004717013545491282
1733774340.0,8.77103267940139e-06,8.77103267940139e-06,8.77103267940139e-06,8.77103267940139e-06,0.0,0.0,0.0,-1.0,0.1091785519265439,0.0
1733774400.0,8.77103267940139e-06,8.77103267940139e-06,8.77103267940139e-06,8.77103267940139e-06,0.0,0.0,0.0,0.0,0.1091785519265439,0.0
1733774460.0,8.77103267940139e-06,8.77103267940139e-06,8.77103267940139e-06,8.77103267940139e-06,0.0,0.0,0.0,0.0,0.1091785519265439,0.0
1733774520.0,8.77103267940139e-06,8.77103267940139e-06,8.77103267940139e-06,8.77103267940139e-06,0.0,0.0,0.0,0.0,0.1091785519265439,0.0
1733774580.0,8.77103267940139e-06,8.77103267940139e-06,8.77103267940139e-06,8.77103267940139e-06,0.0,0.0,0.0,0.0,0.1091785519265439,0.0
1733774640.0,8.77103267940139e-06,8.77103267940139e-06,8.77103267940139e-06,8.77103267940139e-06,0.0,0.0,0.0,0.0,0.1091785519265439,0.0
1733774700.0,8.77103267940139e-06,8.77103267940139e-06,8.77103267940139e-06,8.77103267940139e-06,0.0,0.0,0.0,0.0,0.1091785519265439,0.0
1733774760.0,8.77103267940139e-06,8.77103267940139e-06,8.77103267940139e-06,8.77103267940139e-06,0.0,0.0,0.0,0.0,0.1091785519265439,0.0
1733774820.0,8.77103267940139e-06,8.77103267940139e-06,8.77103267940139e-06,8.77103267940139e-06,0.0,0.0,0.0,0.0,0.1091785519265439,0.0
1733774880.0,8.77103267940139e-06,8.77103267940139e-06,8.77103267940139e-06,8.77103267940139e-06,0.0,0.0,0.0,0.0,0.1091785519265439,0.0
1733774940.0,8.77103267940139e-06,8.77103267940139e-06,8.77103267940139e-06,8.77103267940139e-06,0.0,0.0,0.0,0.0,0.1091785519265439,0.0
1733775000.0,8.77103267940139e-06,8.77103267940139e-06,8.77103267940139e-06,8.77103267940139e-06,0.0,0.0,0.0,0.0,0.1091785519265439,0.0
1733775060.0,8.77103267940139e-06,8.77103267940139e-06,8.77103267940139e-06,8.77103267940139e-06,0.0,0.0,0.0,0.0,0.1091785519265439,0.0
1733775120.0,8.77103267940139e-06,8.77103267940139e-06,8.69494434568457e-06,8.69494434568457e-06,21.05044327372,0.0001838332792933344,-0.008674957271053413,0.0,0.1091785519265439,0.008674957271053413
1733775180.0,8.69494434568457e-06,8.69494434568457e-06,8.69494434568457e-06,8.69494434568457e-06,0.0,0.0,0.0,-1.0,0.10823143265366565,0.0
1733775240.0,8.69494434568457e-06,8.69494434568457e-06,8.69494434568457e-06,8.69494434568457e-06,0.0,0.0,0.0,0.0,0.10823143265366565,0.0
1733775300.0,8.69494434568457e-06,8.69494434568457e-06,8.69494434568457e-06,8.69494434568457e-06,0.0,0.0,0.0,0.0,0.10823143265366565,0.0
1733775360.0,8.69494434568457e-06,8.69494434568457e-06,8.69494434568457e-06,8.69494434568457e-06,0.0,0.0,0.0,0.0,0.10823143265366565,0.0
1733775420.0,8.69494434568457e-06,8.69494434568457e-06,8.69494434568457e-06,8.69494434568457e-06,0.0,0.0,0.0,0.0,0.10823143265366565,0.0
1733775480.0,8.69494434568457e-06,8.69494434568457e-06,8.69494434568457e-06,8.69494434568457e-06,0.0,0.0,0.0,0.0,0.10823143265366565,0.0
1733775540.0,8.69494434568457e-06,8.69494434568457e-06,8.69494434568457e-06,8.69494434568457e-06,0.0,0.0,0.0,0.0,0.10823143265366565,0.0
1733775600.0,8.69494434568457e-06,8.69494434568457e-06,8.69494434568457e-06,8.69494434568457e-06,0.0,0.0,0.0,0.0,0.10823143265366565,0.0
1733775660.0,8.69494434568457e-06,8.69494434568457e-06,8.69494434568457e-06,8.69494434568457e-06,0.0,0.0,0.0,0.0,0.10823143265366565,0.0
1733775720.0,8.69494434568457e-06,8.69494434568457e-06,8.69494434568457e-06,8.69494434568457e-06,0.0,0.0,0.0,0.0,0.10823143265366565,0.0
1733775780.0,8.69494434568457e-06,8.69494434568457e-06,8.69494434568457e-06,8.69494434568457e-06,0.0,0.0,0.0,0.0,0.10823143265366565,0.0
1733775840.0,8.69494434568457e-06,8.69494434568457e-06,8.69494434568457e-06,8.69494434568457e-06,0.0,0.0,0.0,0.0,0.10823143265366565,0.0
1733775900.0,8.69494434568457e-06,8.69494434568457e-06,8.69494434568457e-06,8.69494434568457e-06,0.0,0.0,0.0,0.0,0.10823143265366565,0.0
1733775960.0,8.69494434568457e-06,8.69494434568457e-06,8.69494434568457e-06,8.69494434568457e-06,0.0,0.0,0.0,0.0,0.10823143265366565,0.0
1733776020.0,8.69494434568457e-06,8.69494434568457e-06,8.69494434568457e-06,8.69494434568457e-06,0.0,0.0,0.0,0.0,0.10823143265366565,0.0
1733776080.0,8.69494434568457e-06,8.69494434568457e-06,8.69494434568457e-06,8.69494434568457e-06,0.0,0.0,0.0,0.0,0.10823143265366565,0.0
1733776140.0,8.69494434568457e-06,8.69494434568457e-06,8.69494434568457e-06,8.69494434568457e-06,0.0,0.0,0.0,0.0,0.10823143265366565,0.0
1733776200.0,8.69494434568457e-06,8.69494434568457e-06,8.69494434568457e-06,8.69494434568457e-06,0.0,0.0,0.0,0.0,0.10823143265366565,0.0
1733776260.0,8.69494434568457e-06,8.69494434568457e-06,8.69494434568457e-06,8.69494434568457e-06,0.0,0.0,0.0,0.0,0.10823143265366565,0.0
1733776320.0,8.69494434568457e-06,8.69494434568457e-06,8.69494434568457e-06,8.69494434568457e-06,0.0,0.0,0.0,0.0,0.10823143265366565,0.0
1733776380.0,8.69494434568457e-06,8.69494434568457e-06,8.69494434568457e-06,8.69494434568457e-06,0.0,0.0,0.0,0.0,0.10823143265366565,0.0
1733776440.0,8.69494434568457e-06,8.69494434568457e-06,8.69494434568457e-06,8.69494434568457e-06,0.0,0.0,0.0,0.0,0.10823143265366565,0.0
1733776500.0,8.69494434568457e-06,8.69494434568457e-06,8.69494434568457e-06,8.69494434568457e-06,0.0,0.0,0.0,0.0,0.10823143265366565,0.0
1733776560.0,8.69494434568457e-06,8.69494434568457e-06,8.69494434568457e-06,8.69494434568457e-06,0.0,0.0,0.0,0.0,0.10823143265366565,0.0
1733776620.0,8.69494434568457e-06,8.69494434568457e-06,8.69494434568457e-06,8.69494434568457e-06,0.0,0.0,0.0,0.0,0.10823143265366565,0.0
1733776680.0,8.69494434568457e-06,8.69494434568457e-06,8.69494434568457e-06,8.69494434568457e-06,0.0,0.0,0.0,0.0,0.10823143265366565,0.0
1733776740.0,8.69494434568457e-06,8.69494434568457e-06,8.69494434568457e-06,8.69494434568457e-06,0.0,0.0,0.0,0.0,0.10823143265366565,0.0
1733776800.0,8.69494434568457e-06,8.69494434568457e-06,8.69099115863299e-06,8.69099115863299e-06,1.12153704351,9.74948535208393e-06,-0.0004546535198401926,0.0,0.10823143265366565,0.0004546535198401926
1733776860.0,8.69099115863299e-06,8.69099115863299e-06,8.60687319723458e-06,8.60687319723458e-06,44.05664280028,0.0003810429155670765,-0.009678753534900773,38.083387666778684,0.1081822248518523,0.009678753534900773
1733776920.0,8.60687319723458e-06,8.60687319723458e-06,8.60687319723458e-06,8.60687319723458e-06,0.0,0.0,0.0,-1.0,0.10713515576065401,0.0
1733776980.0,8.60687319723458e-06,8.60687319723458e-06,8.60687319723458e-06,8.60687319723458e-06,0.0,0.0,0.0,0.0,0.10713515576065401,0.0
1733777040.0,8.60687319723458e-06,8.60687319723458e-06,8.60687319723458e-06,8.60687319723458e-06,0.0,0.0,0.0,0.0,0.10713515576065401,0.0
1733777100.0,8.60687319723458e-06,8.60687319723458e-06,8.60687319723458e-06,8.60687319723458e-06,0.0,0.0,0.0,0.0,0.10713515576065401,0.0
1733777160.0,8.60687319723458e-06,8.60687319723458e-06,8.60687319723458e-06,8.60687319723458e-06,0.0,0.0,0.0,0.0,0.10713515576065401,0.0
1733777220.0,8.60687319723458e-06,8.60687319723458e-06,8.60687319723458e-06,8.60687319723458e-06,0.0,0.0,0.0,0.0,0.10713515576065401,0.0
1733777280.0,8.60687319723458e-06,8.60687319723458e-06,8.50764322909909e-06,8.50764322909909e-06,1.84268224294,1.5768307757654998e-05,-0.011529154184282851,0.0,0.10713515576065401,0.011529154184282851
1733777340.0,8.50764322909909e-06,8.50764322909909e-06,8.50764322909909e-06,8.50764322909909e-06,0.0,0.0,0.0,-1.0,0.10589997803133228,0.0
1733777400.0,8.50764322909909e-06,8.50764322909909e-06,8.50764322909909e-06,8.50764322909909e-06,0.0,0.0,0.0,0.0,0.10589997803133228,0.0
1733777460.0,8.50764322909909e-06,8.50764322909909e-06,8.50764322909909e-06,8.50764322909909e-06,0.0,0.0,0.0,0.0,0.10589997803133228,0.0
1733777520.0,8.50764322909909e-06,8.50764322909909e-06,8.50764322909909e-06,8.50764322909909e-06,0.0,0.0,0.0,0.0,0.10589997803133228,0.0
1733777580.0,8.50764322909909e-06,8.50764322909909e-06,8.50764322909909e-06,8.50764322909909e-06,0.0,0.0,0.0,0.0,0.10589997803133228,0.0
1733777640.0,8.50764322909909e-06,8.50764322909909e-06,8.50764322909909e-06,8.50764322909909e-06,0.0,0.0,0.0,0.0,0.10589997803133228,0.0
1733777700.0,8.50764322909909e-06,8.50764322909909e-06,8.50764322909909e-06,8.50764322909909e-06,0.0,0.0,0.0,0.0,0.10589997803133228,0.0
1733777760.0,8.50764322909909e-06,8.50764322909909e-06,8.50764322909909e-06,8.50764322909909e-06,0.0,0.0,0.0,0.0,0.10589997803133228,0.0
1733777820.0,8.50764322909909e-06,8.50764322909909e-06,8.50764322909909e-06,8.50764322909909e-06,0.0,0.0,0.0,0.0,0.10589997803133228,0.0
1733777880.0,8.50764322909909e-06,8.50764322909909e-06,8.50764322909909e-06,8.50764322909909e-06,0.0,0.0,0.0,0.0,0.10589997803133228,0.0
1733777940.0,8.50764322909909e-06,8.50764322909909e-06,8.50764322909909e-06,8.50764322909909e-06,0.0,0.0,0.0,0.0,0.10589997803133228,0.0
1733778000.0,8.50764322909909e-06,8.50764322909909e-06,8.50764322909909e-06,8.50764322909909e-06,0.0,0.0,0.0,0.0,0.10589997803133228,0.0
1733778060.0,8.50764322909909e-06,8.50764322909909e-06,8.50764322909909e-06,8.50764322909909e-06,0.0,0.0,0.0,0.0,0.10589997803133228,0.0
1733778120.0,8.50764322909909e-06,8.50764322909909e-06,8.50764322909909e-06,8.50764322909909e-06,0.0,0.0,0.0,0.0,0.10589997803133228,0.0
1733778180.0,8.50764322909909e-06,8.50764322909909e-06,8.32546805100496e-06,8.32546805100496e-06,14.37358898059,0.00012097611140237441,-0.021413119143387175,0.0,0.10589997803133228,0.021413119143387175
1733778240.0,8.32546805100496e-06,8.32546805100496e-06,8.32546805100496e-06,8.32546805100496e-06,0.0,0.0,0.0,-1.0,0.10363232918446527,0.0
1733778300.0,8.32546805100496e-06,8.32546805100496e-06,8.32546805100496e-06,8.32546805100496e-06,0.0,0.0,0.0,0.0,0.10363232918446527,0.0
1733778360.0,8.32546805100496e-06,8.32546805100496e-06,8.32546805100496e-06,8.32546805100496e-06,0.0,0.0,0.0,0.0,0.10363232918446527,0.0
1733778420.0,8.32546805100496e-06,8.32546805100496e-06,8.32546805100496e-06,8.32546805100496e-06,0.0,0.0,0.0,0.0,0.10363232918446527,0.0
1733778480.0,8.32546805100496e-06,8.32546805100496e-06,8.24711011254495e-06,8.24711011254495e-06,19.97474922742,0.00016551654643436305,-0.009411835824720131,0.0,0.10363232918446527,0.009411835824720131
1733778540.0,8.24711011254495e-06,8.24711011254495e-06,8.24711011254495e-06,8.24711011254495e-06,0.0,0.0,0.0,-1.0,0.10265695871604773,0.0
1733778600.0,8.24711011254495e-06,8.24711011254495e-06,8.24711011254495e-06,8.24711011254495e-06,0.0,0.0,0.0,0.0,0.10265695871604773,0.0
1733778660.0,8.24711011254495e-06,8.24711011254495e-06,8.24711011254495e-06,8.24711011254495e-06,0.0,0.0,0.0,0.0,0.10265695871604773,0.0
1733778720.0,8.24711011254495e-06,8.24711011254495e-06,8.24711011254495e-06,8.24711011254495e-06,0.0,0.0,0.0,0.0,0.10265695871604773,0.0
1733778780.0,8.24711011254495e-06,8.24711011254495e-06,8.24711011254495e-06,8.24711011254495e-06,0.0,0.0,0.0,0.0,0.10265695871604773,0.0
1733778840.0,8.24711011254495e-06,8.24711011254495e-06,8.24711011254495e-06,8.24711011254495e-06,0.0,0.0,0.0,0.0,0.10265695871604773,0.0
1733778900.0,8.24711011254495e-06,8.24711011254495e-06,8.24711011254495e-06,8.24711011254495e-06,0.0,0.0,0.0,0.0,0.10265695871604773,0.0
1733778960.0,8.24711011254495e-06,8.24711011254495e-06,8.24711011254495e-06,8.24711011254495e-06,0.0,0.0,0.0,0.0,0.10265695871604773,0.0
1733779020.0,8.24711011254495e-06,8.24711011254495e-06,8.24711011254495e-06,8.24711011254495e-06,0.0,0.0,0.0,0.0,0.10265695871604773,0.0
1733779080.0,8.24711011254495e-06,8.24711011254495e-06,8.24711011254495e-06,8.24711011254495e-06,0.0,0.0,0.0,0.0,0.10265695871604773,0.0
1733779140.0,8.24711011254495e-06,8.24711011254495e-06,8.24711011254495e-06,8.24711011254495e-06,0.0,0.0,0.0,0.0,0.10265695871604773,0.0
1733779200.0,8.24711011254495e-06,8.24711011254495e-06,8.24711011254495e-06,8.24711011254495e-06,0.0,0.0,0.0,0.0,0.10265695871604773,0.0
1733779260.0,8.24711011254495e-06,8.24711011254495e-06,8.24711011254495e-06,8.24711011254495e-06,0.0,0.0,0.0,0.0,0.10265695871604773,0.0
1733779320.0,8.24711011254495e-06,8.24711011254495e-06,8.24711011254495e-06,8.24711011254495e-06,0.0,0.0,0.0,0.0,0.10265695871604773,0.0
1733779380.0,8.24711011254495e-06,8.24711011254495e-06,8.24711011254495e-06,8.24711011254495e-06,0.0,0.0,0.0,0.0,0.10265695871604773,0.0
1733779440.0,8.24711011254495e-06,8.24711011254495e-06,8.24711011254495e-06,8.24711011254495e-06,0.0,0.0,0.0,0.0,0.10265695871604773,0.0
1733779500.0,8.24711011254495e-06,8.24711011254495e-06,8.24711011254495e-06,8.24711011254495e-06,0.0,0.0,0.0,0.0,0.10265695871604773,0.0
1733779560.0,8.24711011254495e-06,8.24711011254495e-06,8.24711011254495e-06,8.24711011254495e-06,0.0,0.0,0.0,0.0,0.10265695871604773,0.0
1733779620.0,8.24711011254495e-06,8.24711011254495e-06,8.24711011254495e-06,8.24711011254495e-06,0.0,0.0,0.0,0.0,0.10265695871604773,0.0
1733779680.0,8.24711011254495e-06,8.24711011254495e-06,8.24711011254495e-06,8.24711011254495e-06,0.0,0.0,0.0,0.0,0.10265695871604773,0.0
1733779740.0,8.24711011254495e-06,8.24711011254495e-06,8.24711011254495e-06,8.24711011254495e-06,0.0,0.0,0.0,0.0,0.10265695871604773,0.0
1733779800.0,8.24711011254495e-06,8.24711011254495e-06,8.24711011254495e-06,8.24711011254495e-06,0.0,0.0,0.0,0.0,0.10265695871604773,0.0
1733779860.0,8.24711011254495e-06,8.24711011254495e-06,8.24711011254495e-06,8.24711011254495e-06,0.0,0.0,0.0,0.0,0.10265695871604773,0.0
1733779920.0,8.24711011254495e-06,8.24711011254495e-06,8.24711011254495e-06,8.24711011254495e-06,0.0,0.0,0.0,0.0,0.10265695871604773,0.0
1733779980.0,8.24711011254495e-06,8.24711011254495e-06,8.24711011254495e-06,8.24711011254495e-06,0.0,0.0,0.0,0.0,0.10265695871604773,0.0
1733780040.0,8.24711011254495e-06,8.24711011254495e-06,8.24711011254495e-06,8.24711011254495e-06,0.0,0.0,0.0,0.0,0.10265695871604773,0.0
1733780100.0,8.24711011254495e-06,8.24711011254495e-06,8.24711011254495e-06,8.24711011254495e-06,0.0,0.0,0.0,0.0,0.10265695871604773,0.0
1733780160.0,8.24711011254495e-06,8.24711011254495e-06,8.24711011254495e-06,8.24711011254495e-06,0.0,0.0,0.0,0.0,0.10265695871604773,0.0
1733780220.0,8.24711011254495e-06,8.24711011254495e-06,8.24711011254495e-06,8.24711011254495e-06,0.0,0.0,0.0,0.0,0.10265695871604773,0.0
1733780280.0,8.24711011254495e-06,8.24711011254495e-06,8.24711011254495e-06,8.24711011254495e-06,0.0,0.0,0.0,0.0,0.10265695871604773,0.0
1733780340.0,8.24711011254495e-06,8.24711011254495e-06,8.24711011254495e-06,8.24711011254495e-06,0.0,0.0,0.0,0.0,0.10265695871604773,0.0
1733780400.0,8.24711011254495e-06,8.36417171574345e-06,8.24711011254495e-06,8.36417171574345e-06,2.62181014528,2.1775813611755917e-05,0.014194257333903434,0.0,0.10265695871604773,0.014194257333903434
1733780460.0,8.36417171574345e-06,8.36417171574345e-06,8.36417171574345e-06,8.36417171574345e-06,0.0,0.0,0.0,-1.0,0.10411409800517922,0.0
1733780520.0,8.36417171574345e-06,8.36417171574345e-06,8.36417171574345e-06,8.36417171574345e-06,0.0,0.0,0.0,0.0,0.10411409800517922,0.0
1733780580.0,8.36417171574345e-06,8.36417171574345e-06,8.36417171574345e-06,8.36417171574345e-06,0.0,0.0,0.0,0.0,0.10411409800517922,0.0
1733780640.0,8.36417171574345e-06,8.36417171574345e-06,8.36417171574345e-06,8.36417171574345e-06,0.0,0.0,0.0,0.0,0.10411409800517922,0.0
1733780700.0,8.36417171574345e-06,8.36417171574345e-06,8.36417171574345e-06,8.36417171574345e-06,0.0,0.0,0.0,0.0,0.10411409800517922,0.0
1733780760.0,8.36417171574345e-06,8.36417171574345e-06,8.36417171574345e-06,8.36417171574345e-06,0.0,0.0,0.0,0.0,0.10411409800517922,0.0
1733780820.0,8.36417171574345e-06,8.36417171574345e-06,8.36417171574345e-06,8.36417171574345e-06,0.0,0.0,0.0,0.0,0.10411409800517922,0.0
1733780880.0,8.36417171574345e-06,8.36417171574345e-06,8.36417171574345e-06,8.36417171574345e-06,0.0,0.0,0.0,0.0,0.10411409800517922,0.0
1733780940.0,8.36417171574345e-06,8.36417171574345e-06,8.36417171574345e-06,8.36417171574345e-06,0.0,0.0,0.0,0.0,0.10411409800517922,0.0
1733781000.0,8.36417171574345e-06,8.36417171574345e-06,8.36417171574345e-06,8.36417171574345e-06,0.0,0.0,0.0,0.0,0.10411409800517922,0.0
1733781060.0,8.36417171574345e-06,8.36417171574345e-06,8.36417171574345e-06,8.36417171574345e-06,0.0,0.0,0.0,0.0,0.10411409800517922,0.0
1733781120.0,8.36417171574345e-06,8.36417171574345e-06,8.36417171574345e-06,8.36417171574345e-06,0.0,0.0,0.0,0.0,0.10411409800517922,0.0
1733781180.0,8.36417171574345e-06,8.36417171574345e-06,8.36417171574345e-06,8.36417171574345e-06,0.0,0.0,0.0,0.0,0.10411409800517922,0.0
1733781240.0,8.36417171574345e-06,8.36417171574345e-06,8.36417171574345e-06,8.36417171574345e-06,0.0,0.0,0.0,0.0,0.10411409800517922,0.0
1733781300.0,8.36417171574345e-06,8.36417171574345e-06,8.36417171574345e-06,8.36417171574345e-06,0.0,0.0,0.0,0.0,0.10411409800517922,0.0
1733781360.0,8.36417171574345e-06,8.36417171574345e-06,8.36417171574345e-06,8.36417171574345e-06,0.0,0.0,0.0,0.0,0.10411409800517922,0.0
1733781420.0,8.36417171574345e-06,8.36417171574345e-06,8.36417171574345e-06,8.36417171574345e-06,0.0,0.0,0.0,0.0,0.10411409800517922,0.0
1733781480.0,8.36417171574345e-06,8.36417171574345e-06,8.36417171574345e-06,8.36417171574345e-06,0.0,0.0,0.0,0.0,0.10411409800517922,0.0
1733781540.0,8.36417171574345e-06,8.36417171574345e-06,8.36417171574345e-06,8.36417171574345e-06,0.0,0.0,0.0,0.0,0.10411409800517922,0.0
1733781600.0,8.36417171574345e-06,8.36417171574345e-06,8.36417171574345e-06,8.36417171574345e-06,0.0,0.0,0.0,0.0,0.10411409800517922,0.0
1733781660.0,8.36417171574345e-06,8.36417171574345e-06,8.36417171574345e-06,8.36417171574345e-06,0.0,0.0,0.0,0.0,0.10411409800517922,0.0
1733781720.0,8.36417171574345e-06,8.36417171574345e-06,8.36417171574345e-06,8.36417171574345e-06,0.0,0.0,0.0,0.0,0.10411409800517922,0.0
1733781780.0,8.36417171574345e-06,8.36417171574345e-06,8.36417171574345e-06,8.36417171574345e-06,0.0,0.0,0.0,0.0,0.10411409800517922,0.0
1733781840.0,8.36417171574345e-06,8.36417171574345e-06,8.36417171574345e-06,8.36417171574345e-06,0.0,0.0,0.0,0.0,0.10411409800517922,0.0
1733781900.0,8.36417171574345e-06,8.36417171574345e-06,8.36417171574345e-06,8.36417171574345e-06,0.0,0.0,0.0,0.0,0.10411409800517922,0.0
1733781960.0,8.36417171574345e-06,8.36417171574345e-06,8.20402463566233e-06,8.20402463566233e-06,35.70193365925,0.0002957583234956585,-0.019146794867886674,0.0,0.10411409800517922,0.019146794867886674
1733782020.0,8.20402463566233e-06,8.20402463566233e-06,8.20402463566233e-06,8.20402463566233e-06,0.0,0.0,0.0,-1.0,0.102120646727819,0.0
1733782080.0,8.20402463566233e-06,8.20402463566233e-06,8.20402463566233e-06,8.20402463566233e-06,0.0,0.0,0.0,0.0,0.102120646727819,0.0
1733782140.0,8.20402463566233e-06,8.20402463566233e-06,8.20402463566233e-06,8.20402463566233e-06,0.0,0.0,0.0,0.0,0.102120646727819,0.0
1733782200.0,8.20402463566233e-06,8.20402463566233e-06,8.20402463566233e-06,8.20402463566233e-06,0.0,0.0,0.0,0.0,0.102120646727819,0.0
1733782260.0,8.20402463566233e-06,8.20402463566233e-06,8.20402463566233e-06,8.20402463566233e-06,0.0,0.0,0.0,0.0,0.102120646727819,0.0
1733782320.0,8.20402463566233e-06,8.20402463566233e-06,8.20402463566233e-06,8.20402463566233e-06,0.0,0.0,0.0,0.0,0.102120646727819,0.0
1733782380.0,8.20402463566233e-06,8.20402463566233e-06,8.20402463566233e-06,8.20402463566233e-06,0.0,0.0,0.0,0.0,0.102120646727819,0.0
1733782440.0,8.20402463566233e-06,8.20402463566233e-06,8.20402463566233e-06,8.20402463566233e-06,0.0,0.0,0.0,0.0,0.102120646727819,0.0
1733782500.0,8.20402463566233e-06,8.20402463566233e-06,8.20402463566233e-06,8.20402463566233e-06,0.0,0.0,0.0,0.0,0.102120646727819,0.0
1733782560.0,8.20402463566233e-06,8.20402463566233e-06,8.20402463566233e-06,8.20402463566233e-06,0.0,0.0,0.0,0.0,0.102120646727819,0.0
1733782620.0,8.20402463566233e-06,8.20402463566233e-06,8.20402463566233e-06,8.20402463566233e-06,0.0,0.0,0.0,0.0,0.102120646727819,0.0
1733782680.0,8.20402463566233e-06,8.20402463566233e-06,8.20402463566233e-06,8.20402463566233e-06,0.0,0.0,0.0,0.0,0.102120646727819,0.0
1733782740.0,8.20402463566233e-06,8.20402463566233e-06,8.20402463566233e-06,8.20402463566233e-06,0.0,0.0,0.0,0.0,0.102120646727819,0.0
1733782800.0,8.20402463566233e-06,8.20402463566233e-06,8.20402463566233e-06,8.20402463566233e-06,0.0,0.0,0.0,0.0,0.102120646727819,0.0
1733782860.0,8.20402463566233e-06,8.20402463566233e-06,8.20402463566233e-06,8.20402463566233e-06,0.0,0.0,0.0,0.0,0.102120646727819,0.0
1733782920.0,8.20402463566233e-06,8.20402463566233e-06,8.20402463566233e-06,8.20402463566233e-06,0.0,0.0,0.0,0.0,0.102120646727819,0.0
1733782980.0,8.20402463566233e-06,8.20402463566233e-06,8.15691988932634e-06,8.15691988932634e-06,63.6572745,0.0005207465683532379,-0.005741663199209541,0.0,0.102120646727819,0.005741663199209541
1733783040.0,8.15691988932634e-06,8.28156598600501e-06,8.15691988932634e-06,8.28156598600501e-06,97.6867179501,0.0008029108666150981,0.015281024991035654,0.5418457180700224,0.1015343043686224,0.015281024991035654
1733783100.0,8.28156598600501e-06,8.28156598600501e-06,8.28156598600501e-06,8.28156598600501e-06,0.0,0.0,0.0,-1.0,0.10308585261112674,0.0
1733783160.0,8.28156598600501e-06,8.28156598600501e-06,8.28156598600501e-06,8.28156598600501e-06,0.0,0.0,0.0,0.0,0.10308585261112674,0.0
1733783220.0,8.28156598600501e-06,8.28156598600501e-06,8.28156598600501e-06,8.28156598600501e-06,0.0,0.0,0.0,0.0,0.10308585261112674,0.0
1733783280.0,8.28156598600501e-06,8.28156598600501e-06,8.28156598600501e-06,8.28156598600501e-06,0.0,0.0,0.0,0.0,0.10308585261112674,0.0
1733783340.0,8.28156598600501e-06,8.28156598600501e-06,8.28156598600501e-06,8.28156598600501e-06,0.0,0.0,0.0,0.0,0.10308585261112674,0.0
1733783400.0,8.28156598600501e-06,8.28156598600501e-06,8.28156598600501e-06,8.28156598600501e-06,0.0,0.0,0.0,0.0,0.10308585261112674,0.0
1733783460.0,8.28156598600501e-06,8.28156598600501e-06,8.28156598600501e-06,8.28156598600501e-06,0.0,0.0,0.0,0.0,0.10308585261112674,0.0
1733783520.0,8.28156598600501e-06,8.28156598600501e-06,8.28156598600501e-06,8.28156598600501e-06,0.0,0.0,0.0,0.0,0.10308585261112674,0.0
1733783580.0,8.28156598600501e-06,8.28156598600501e-06,8.28156598600501e-06,8.28156598600501e-06,0.0,0.0,0.0,0.0,0.10308585261112674,0.0
1733783640.0,8.28156598600501e-06,8.28156598600501e-06,8.28156598600501e-06,8.28156598600501e-06,0.0,0.0,0.0,0.0,0.10308585261112674,0.0
1733783700.0,8.28156598600501e-06,8.28156598600501e-06,8.28156598600501e-06,8.28156598600501e-06,0.0,0.0,0.0,0.0,0.10308585261112674,0.0
1733783760.0,8.28156598600501e-06,8.28156598600501e-06,8.28156598600501e-06,8.28156598600501e-06,0.0,0.0,0.0,0.0,0.10308585261112674,0.0
1733783820.0,8.28156598600501e-06,8.28156598600501e-06,8.28156598600501e-06,8.28156598600501e-06,0.0,0.0,0.0,0.0,0.10308585261112674,0.0
1733783880.0,8.28156598600501e-06,8.57649677519891e-06,8.28156598600501e-06,8.57649677519891e-06,10.62181889735,8.953164480483407e-05,0.035612925102849045,0.0,0.10308585261112674,0.035612925102849045
1733783940.0,8.57649677519891e-06,8.57649677519891e-06,8.57649677519891e-06,8.57649677519891e-06,0.0,0.0,0.0,-1.0,0.10675704135933013,0.0
1733784000.0,8.57649677519891e-06,8.57649677519891e-06,8.57649677519891e-06,8.57649677519891e-06,0.0,0.0,0.0,0.0,0.10675704135933013,0.0
1733784060.0,8.57649677519891e-06,8.57649677519891e-06,8.57649677519891e-06,8.57649677519891e-06,0.0,0.0,0.0,0.0,0.10675704135933013,0.0
1733784120.0,8.57649677519891e-06,8.57649677519891e-06,8.57649677519891e-06,8.57649677519891e-06,0.0,0.0,0.0,0.0,0.10675704135933013,0.0
1733784180.0,8.57649677519891e-06,8.57649677519891e-06,8.57649677519891e-06,8.57649677519891e-06,0.0,0.0,0.0,0.0,0.10675704135933013,0.0
1733784240.0,8.57649677519891e-06,8.57649677519891e-06,8.57649677519891e-06,8.57649677519891e-06,0.0,0.0,0.0,0.0,0.10675704135933013,0.0
1733784300.0,8.57649677519891e-06,8.57649677519891e-06,8.57649677519891e-06,8.57649677519891e-06,0.0,0.0,0.0,0.0,0.10675704135933013,0.0
1733784360.0,8.57649677519891e-06,8.57649677519891e-06,8.57649677519891e-06,8.57649677519891e-06,0.0,0.0,0.0,0.0,0.10675704135933013,0.0
1733784420.0,8.57649677519891e-06,8.57649677519891e-06,8.57649677519891e-06,8.57649677519891e-06,0.0,0.0,0.0,0.0,0.10675704135933013,0.0
1733784480.0,8.57649677519891e-06,8.57649677519891e-06,8.57649677519891e-06,8.57649677519891e-06,0.0,0.0,0.0,0.0,0.10675704135933013,0.0
1733784540.0,8.57649677519891e-06,8.57649677519891e-06,8.57649677519891e-06,8.57649677519891e-06,0.0,0.0,0.0,0.0,0.10675704135933013,0.0
1733784600.0,8.57649677519891e-06,8.57649677519891e-06,8.57649677519891e-06,8.57649677519891e-06,0.0,0.0,0.0,0.0,0.10675704135933013,0.0
1733784660.0,8.57649677519891e-06,8.57649677519891e-06,8.57649677519891e-06,8.57649677519891e-06,0.0,0.0,0.0,0.0,0.10675704135933013,0.0
1733784720.0,8.57649677519891e-06,8.59234687897922e-06,8.57649677519891e-06,8.59234687897922e-06,5.97524768192,5.1294046622937384e-05,0.0018480860187746002,0.0,0.10675704135933013,0.0018480860187746002
1733784780.0,8.59234687897922e-06,8.59234687897922e-06,8.59234687897922e-06,8.59234687897922e-06,0.0,0.0,0.0,-1.0,0.10695433755487206,0.0
1733784840.0,8.59234687897922e-06,8.59234687897922e-06,8.59234687897922e-06,8.59234687897922e-06,0.0,0.0,0.0,0.0,0.10695433755487206,0.0
1733784900.0,8.59234687897922e-06,8.59234687897922e-06,8.59234687897922e-06,8.59234687897922e-06,0.0,0.0,0.0,0.0,0.10695433755487206,0.0
1733784960.0,8.59234687897922e-06,8.59234687897922e-06,8.59234687897922e-06,8.59234687897922e-06,0.0,0.0,0.0,0.0,0.10695433755487206,0.0
