time,open,high,low,close,volume,usd_vol,price_change,vol_change,norm_open,mov_in_min
1739051580.0,0.0001138016565741,0.0001408255416676,0.0001014650259181,0.0001390030624796,3688.39700639724,0.46622208448038127,0.22145025533165721,0.0,1.0,0.3458694445618292
1739051640.0,0.0001390030624796,0.0004070861208676,0.0001390030624796,0.0002794377631835,129663.398107677,27.1282296812298,1.0102993286533533,57.187354448181146,1.2214502553316573,1.9286126046851932
1739051700.0,0.0002794377631835,0.0003422839677934,0.0001808428999426,0.0003322405377402,69329.73371111788,21.203746859954578,0.1889607687777893,-0.21838811049931547,2.4554806282766974,0.5777353282948573
1739051760.0,0.0003322405377402,0.0004090654696639,0.0001691614900934,0.0003549131728205,116234.37331546815,39.935440459210774,0.06824162769092662,0.8834143193169739,2.9194701355148314,0.7220791935934566
1739051820.0,0.0003549131728205,0.0004564715867837,0.0003420289046093,0.0004326370071217,61707.24059400277,24.298774216771754,0.21899394064054495,-0.39154861102408484,3.1186995295574134,0.3224526192277463
1739051880.0,0.0004326370071217,0.0004342697038944,0.0002384290328744,0.0002422078746921,66592.13979117242,22.4696823535509,-0.4401591387119425,-0.07527506724838647,3.801675829209005,0.45266740430485264
1739051940.0,0.0002422078746921,0.0003050936225931,0.0001737001922717,0.000219523980348,41942.38534218108,9.683067694425985,-0.09365465252909831,-0.5690607663220587,2.1283334705623598,0.5424820744925417
1739052000.0,0.000219523980348,0.0002673730111549,0.0001724807391891,0.0001768115853211,21198.9162249212,4.200942226788002,-0.19456824242704718,-0.5661558548014431,1.9290051389107918,0.43226380924476765
1739052060.0,0.0001768115853211,0.0001880572164161,0.0001262091568545,0.0001262091568545,13745.73263520731,2.0826210524339426,-0.28619407701538946,-0.504249061281118,1.5536819994001771,0.34979642000992406
1739052120.0,0.0001262091568545,0.0001534407307515,0.0001066499737311,0.0001460243714651,9873.2866027529,1.3439198239890293,0.15700298698171272,-0.3546978590183745,1.1090274136064184,0.37073979564210735
1739052180.0,0.0001460243714651,0.0002141269073371,0.0001457915306692,0.0001782022125282,18569.32842548482,3.0103349612223136,0.22035938754778722,1.2399661851010002,1.2831480301872296,0.467972407497965
1739052240.0,0.0001782022125282,0.0001865365908416,0.00017666784302,0.0001778935961946,4206.55598884593,0.7489684783929146,-0.0017318322215060871,-0.7512009500468333,1.565901744252437,0.05537949098156275
1739052300.0,0.0001778935961946,0.0001778935961946,0.0001385032607109,0.0001390931996267,4299.12255553108,0.6813825418604381,-0.2181101366091658,-0.0902386929253655,1.563189865156028,0.22142638254729768
1739052360.0,0.0001390931996267,0.0001588700781058,0.0001390931996267,0.0001577643523405,2753.38519169068,0.40868159381401753,0.13423483508834258,-0.40021710462648696,1.2222423101207833,0.14218436654112063
1739052420.0,0.0001577643523405,0.0001585985775441,0.0001542682561181,0.0001549094301017,970.98744021528,0.15180115781799056,-0.018096117382957792,-0.6285588582512182,1.3863098050578415,0.02744803475409923
1739052480.0,0.0001549094301017,0.000161964166387,0.0001547291211773,0.0001548527680076,2041.48726341772,0.31618779106420625,-0.0003657756281382779,1.0829076379200948,1.3612229800963696,0.04670500178685115
1739052540.0,0.0001548527680076,0.0001561647758406,0.0001140715654742,0.0001156951584516,5998.30016749039,0.8114138362971985,-0.2528699361323538,1.5662402509792983,1.3607250779057884,0.27182730349601564
1739052600.0,0.0001156951584516,0.0001156951584516,0.0001021219251821,0.0001127231560061,2663.55014990256,0.30420181785714845,-0.025688217945120845,-0.6250965854300177,1.0166386143620596,0.11731893928109556
1739052660.0,0.0001127231560061,0.0001136580920018,0.0001119360894347,0.0001122725066992,323.760743262,0.03642238149409709,-0.00399784146281017,-0.8802690209063745,0.9905229800649014,0.015276387107249058
1739052720.0,0.0001122725066992,0.0001177093342812,0.000111997405173,0.0001175551920824,710.70910597438,0.08167031916461003,0.047052350913953954,1.242311343036319,0.9865630262253317,0.05087558188669804
1739052780.0,0.0001175551920824,0.0001512233596366,0.0001175551920824,0.0001510322852798,3074.86448503126,0.4129350476325831,0.28477766574473645,4.056121389709459,1.0329831359340182,0.2864030670002257
1739052840.0,0.0001510322852798,0.0001510322852798,0.0001341643806022,0.000141498735302,2118.54769453371,0.3098704596165828,-0.0631225963385133,-0.2495903135538739,1.327153662138986,0.11168409884251432
1739052900.0,0.000141498735302,0.000142223231254,0.0001186776086207,0.0001186776086207,1978.06654050468,0.2573230602721655,-0.16128148871855988,-0.16957860200496902,1.243380277244607,0.16640164721646947
1739052960.0,0.0001186776086207,0.0001200152062411,0.0001183176965912,0.0001187165108985,353.8087255395,0.04199605543882995,0.0003277979582849224,-0.8367963780843756,1.042846055087301,0.014303537707145132
1739053020.0,0.0001187165108985,0.0001187963275763,0.0001172522467898,0.0001172522467898,178.2065829731,0.02102559299801968,-0.012334123515067838,-0.4993436221969738,1.043187897894964,0.013006453565840952
1739053080.0,0.0001172522467898,0.0001194214274573,0.0001168032745323,0.0001169913255137,602.99665909308,0.07062404575651941,-0.0022252987319531944,2.3589561903519782,1.0303210895129036,0.02232923459192739
1739053140.0,0.0001169913255137,0.0001189173993024,0.0001169913255137,0.0001189173993024,149.54555866032,0.017639551022733686,0.01646338974486147,-0.7502330709918958,1.028028317298906,0.01646338974486147
1739053200.0,0.0001189173993024,0.0001189173993024,0.0001062648217102,0.0001062648217102,1129.38363440399,0.12715855758518638,-0.1063980348243677,6.208718488430099,1.044953148155352,0.1063980348243677
1739053260.0,0.0001062648217102,0.0001062648217102,0.0001042496060418,0.0001042496060418,140.29758315344,0.014767332716267529,-0.018964090241414062,-0.8838667802096248,0.9337721867080861,0.018964090241414062
1739053320.0,0.0001042496060418,0.000104350307265,0.0001019914703905,0.000104350307265,442.23394290206,0.04612498107534703,0.0009659626258887543,2.123447000319582,0.9160640466944314,0.02262681811530494
1739053380.0,0.000104350307265,0.0001135922768301,0.0001042608788918,0.0001135922768301,897.54719899562,0.09780687794821218,0.08856676906211505,1.1204751886714202,0.9169489303264587,0.08942377059420341
1739053440.0,0.0001135922768301,0.0001143968087842,0.0001135504322336,0.0001141027339061,93.37632805843,0.010630662009885576,0.004493765687639883,-0.8913096682677633,0.9981601344804356,0.007451004365956477
1739053500.0,0.0001141027339061,0.0001504182416785,0.0001141027339061,0.0001273436544946,6658.6205880598,0.8038499463587919,0.11604385044267683,74.61617005707477,1.0026456322435338,0.318270268636031
1739053560.0,0.0001273436544946,0.0001292518395678,0.0001261597563428,0.0001292518395678,233.54038353323,0.02996270504811577,0.014984532058335968,-0.962725997328434,1.1189964920386055,0.02428140795292726
1739053620.0,0.0001292518395678,0.000129740020957,0.0001285763228079,0.000129690728595,152.64949667344,0.019763726348689673,0.003395611456421585,-0.3403891165049355,1.1357641308467235,0.009003339163227845
1739053680.0,0.000129690728595,0.000129690728595,0.0001254146096573,0.0001272393964943,527.8064436356,0.06780468779311663,-0.01890136733177776,2.4307643506515184,1.1396207445412194,0.03297166253922063
1739053740.0,0.0001272393964943,0.0001272393964943,0.0001010418773351,0.0001015939363004,3586.28575811707,0.41033086119204826,-0.20155282798004193,5.0516591779617945,1.1180803542297317,0.2058915703861703
1739053800.0,0.0001015939363004,0.0001022579673422,0.0001007640318667,0.0001017482514579,214.20302248527,0.021778255608297565,0.0015189406289338018,-0.9469251336713262,0.8927280969258022,0.01470496694884056
1739053860.0,0.0001017482514579,0.0001017482514579,9.81603551197095e-05,9.81603551197095e-05,541.6026132985,0.05413551187164751,-0.03526248644847767,1.4857597800910074,0.8940840979028136,0.03526248644847767
1739053920.0,9.81603551197095e-05,9.81603551197095e-05,9.57658142385968e-05,9.58169330057207e-05,245.37787222901,0.023798867110485837,-0.023873407050442344,-0.5603834472478673,0.8625564695167163,0.02439417500265243
1739053980.0,9.58169330057207e-05,9.6281896219075e-05,9.22039298466196e-05,9.22039298466196e-05,360.39100735785,0.033880514083823546,-0.03770735553480297,0.4236187767482306,0.8419643078159512,0.0425599760348406
1739054040.0,9.22039298466196e-05,9.22039298466196e-05,7.84852729278593e-05,7.84852729278593e-05,1468.27906374367,0.12530969142043263,-0.14878603267324025,2.698577037833747,0.8102160603135209,0.14878603267324025
1739054100.0,7.84852729278593e-05,7.88930829570937e-05,7.78496356578939e-05,7.88930829570937e-05,165.09780245326,0.012991410355156408,0.005196007021715326,-0.8963255738012449,0.6896672270913294,0.013294816470331993
1739054160.0,7.88930829570937e-05,7.88930829570937e-05,7.51280950169982e-05,7.51280950169982e-05,403.09244946115,0.031042386949234217,-0.04772266210135428,1.3894547320578798,0.6932507428459429,0.04772266210135428
1739054220.0,7.51280950169982e-05,7.55917960116084e-05,7.36918377536914e-05,7.36918377536914e-05,190.55543482009,0.01417922349950766,-0.01911744551731063,-0.5432302444172242,0.6601669718935931,0.02528958384326279
1739054280.0,7.36918377536914e-05,7.38679349066271e-05,7.32023947171948e-05,7.34143707458915e-05,85.81518635746,0.006311973348365537,-0.003765233928991033,-0.5548435111002583,0.6475462657760894,0.009031396281048393
1739054340.0,7.34143707458915e-05,7.34143707458915e-05,7.27469464524659e-05,7.29196577744204e-05,87.53041010388,0.006404338764267887,-0.006738639403223181,0.014633365954605498,0.6451081026055978,0.009091194089720542
1739054400.0,7.29196577744204e-05,7.32833441720914e-05,7.27803701160512e-05,7.3005517495994e-05,34.33696167637,0.0025053135754388974,0.0011774564526783927,-0.608809954055375,0.6407609517260412,0.00689764696367844
1739054460.0,7.3005517495994e-05,7.3005517495994e-05,7.24683967422096e-05,7.24683967422096e-05,20.93843726242,0.001522998213297647,-0.007357262467372705,-0.3920927790323261,0.6415154198432753,0.007357262467372705
1739054520.0,7.24683967422096e-05,7.24683967422096e-05,7.16070807902001e-05,7.16070807902001e-05,91.79785436339,0.006612909851928007,-0.01188540095723992,3.342033886966625,0.6367956225226216,0.01188540095723992
1739054580.0,7.16070807902001e-05,7.16070807902001e-05,7.0116153441876e-05,7.02245480468671e-05,195.06379331414,0.013833107766440748,-0.019307207165498816,1.091833712568708,0.629227051221125,0.020820948597141228
1739054640.0,7.02245480468671e-05,7.06198387380876e-05,7.01216396125886e-05,7.04258814179827e-05,57.87476147057,0.004070055028005706,0.002866994188146817,-0.7057743569467667,0.6170784341890628,0.007094372827668604
1739054700.0,7.04258814179827e-05,7.04258814179827e-05,6.91561997296902e-05,6.91561997296902e-05,171.34617237455,0.011958427668363796,-0.01802862332324745,1.9381488913734244,0.6188475944735136,0.01802862332324745
1739054760.0,6.91561997296902e-05,6.91561997296902e-05,6.91561997296902e-05,6.91561997296902e-05,0.0,0.0,0.0,-1.0,0.6076906242982528,0.0
1739054820.0,6.91561997296902e-05,6.91561997296902e-05,6.76907040005082e-05,6.76907040005082e-05,160.6491722506,0.01099217090465696,-0.021191096892399567,inf,0.6076906242982528,0.021191096892399567
1739054880.0,6.76907040005082e-05,6.76907040005082e-05,6.73674310183678e-05,6.73674310183678e-05,0.97045077219,6.553363570980474e-05,-0.00477573674131042,-0.9940381534932248,0.5948129933981458,0.00477573674131042
1739054940.0,6.73674310183678e-05,6.73674310183678e-05,6.66512425930617e-05,6.66512425930617e-05,142.37397550108,0.00954038567672045,-0.010631078170560408,144.57998458939576,0.5919723231313654,0.010631078170560408
1739055000.0,6.66512425930617e-05,6.66512425930617e-05,6.58775476646342e-05,6.58775476646342e-05,24.84940365723,0.001646630702658928,-0.011608109591463701,-0.8274041785672374,0.5856790190893476,0.011608109591463701
1739055060.0,6.58775476646342e-05,6.58775476646342e-05,6.53487931544187e-05,6.53487931544187e-05,40.83096730803,0.0026790492159675756,-0.008026323519315806,0.6269884993894078,0.5788803928503375,0.008026323519315806
1739055120.0,6.53487931544187e-05,6.53487931544187e-05,6.50305217669862e-05,6.50305217669862e-05,49.37773383465,0.003218917554866571,-0.0048703483579325664,0.20151490151106258,0.5742341115383321,0.0048703483579325664
1739055180.0,6.50305217669862e-05,6.50305217669862e-05,6.47437260640304e-05,6.47437260640304e-05,49.67705081212,0.0032234009518030326,-0.0044101707192728615,0.001392827514231694,0.5714373913761325,0.0044101707192728615
1739055240.0,6.47437260640304e-05,6.47437260640304e-05,6.45317008259451e-05,6.45327777215789e-05,1.30504918886,8.435609820203307e-05,-0.003258205161730823,-0.9738300945295534,0.5689172549247878,0.0032748383662011995
1739055300.0,6.45327777215789e-05,6.45327777215789e-05,6.45327777215789e-05,6.45327777215789e-05,0.0,0.0,0.0,-1.0,0.5670636057881941,0.0
1739055360.0,6.45327777215789e-05,6.48595511452874e-05,6.45253773240658e-05,6.48595511452874e-05,4.80043923924,0.00031057000637457576,0.005063681360786087,inf,0.5670636057881941,0.0051783579294133
1739055420.0,6.48595511452874e-05,6.49741442130823e-05,6.45440497783906e-05,6.47325317658889e-05,26.68816532493,0.0017292874667677544,-0.001958375862237834,4.568108417662445,0.569935035199204,0.006631165758891617
1739055480.0,6.47325317658889e-05,6.59158453332597e-05,6.47325317658889e-05,6.59158453332597e-05,108.4104145,0.007081822357535504,0.018280044594121022,3.0952256311510076,0.5688188881832262,0.018280044594121022
1739055540.0,6.59158453332597e-05,6.62476291926655e-05,6.56387337278488e-05,6.62476291926655e-05,47.61304225056,0.0031463525482918436,0.005033446172591117,-0.5557142795393721,0.5792169228251939,0.009237467284811922
1739055600.0,6.62476291926655e-05,6.62476291926655e-05,6.60180053614872e-05,6.60180053614872e-05,0.8090857044,5.350711705057982e-05,-0.0034661441318977852,-0.9829939219368062,0.5821323800284884,0.0034661441318977852
1739055660.0,6.60180053614872e-05,6.64725776031035e-05,6.60180053614872e-05,6.62598505571777e-05,31.93612360596,0.002112220978474925,0.0036633217614838592,38.4755145652542,0.580114625295465,0.006885579761570282
1739055720.0,6.62598505571777e-05,6.62598505571777e-05,6.6049099957233e-05,6.6049099957233e-05,24.54252711072,0.0016235980024954177,-0.003180668205142265,-0.23133137155578531,0.5822397718264649,0.003180668205142265
1739055780.0,6.6049099957233e-05,6.61154666876671e-05,6.6049099957233e-05,6.61154666876671e-05,0.77819305093,5.1424773671118064e-05,0.0010048090053772283,-0.9683266586974856,0.5803878602964472,0.0010048090053772283
1739055840.0,6.61154666876671e-05,6.61154666876671e-05,6.61154666876671e-05,6.61154666876671e-05,0.0,0.0,0.0,-1.0,0.5809710392450846,0.0
1739055900.0,6.61154666876671e-05,6.62219458998373e-05,6.61154666876671e-05,6.62219458998373e-05,0.76385740717,5.054345642533881e-05,0.00161050382769313,inf,0.5809710392450846,0.00161050382769313
1739055960.0,6.62219458998373e-05,6.62552464262755e-05,6.62219458998373e-05,6.62552464262755e-05,0.74895669187,4.96098398563956e-05,0.000502862396833925,-0.018471561602090163,0.5819066953275677,0.000502862396833925
1739056020.0,6.62552464262755e-05,6.62628915051271e-05,6.62552464262755e-05,6.62628915051271e-05,0.53623232619,3.553025468266165e-05,0.00011538827887546279,-0.2838063016226173,0.5821993143231139,0.00011538827887546279
1739056080.0,6.62628915051271e-05,6.62869365398308e-05,6.62628915051271e-05,6.62869365398308e-05,1.52897057683,0.00010133239352230828,0.00036287330898994414,1.8520030162282315,0.5822664932999561,0.00036287330898994414
1739056140.0,6.62869365398308e-05,6.64004008158576e-05,6.62869365398308e-05,6.64004008158576e-05,0.720873871,4.7825417256139e-05,0.0017117139809080585,-0.5280342682756205,0.5824777822690937,0.0017117139809080585
1739056200.0,6.64004008158576e-05,6.68185078305344e-05,6.49211385625112e-05,6.49211385625112e-05,208.19704905842,0.01367037848819274,-0.02227791150611743,284.83918912778483,0.5834748176325721,0.028574665886204755
1739056260.0,6.49211385625112e-05,6.49211385625112e-05,6.48831194597823e-05,6.48831194597823e-05,7.88666074008,0.0005118610728198183,-0.0005856197776366366,-0.9625569201860856,0.5704762172793056,0.0005856197776366366
1739056320.0,6.48831194597823e-05,6.48831194597823e-05,6.47587583452853e-05,6.47587583452853e-05,11.74991854299,0.0007616407519849038,-0.0019166944427523676,0.48798334631907275,0.5701421351237955,0.0019166944427523676
1739056380.0,6.47587583452853e-05,6.47587583452853e-05,6.47279814173888e-05,6.47279814173888e-05,7.14948094168,0.0004628814890667581,-0.00047525506484237306,-0.3922574548953064,0.5690493468618248,0.00047525506484237306
1739056440.0,6.47279814173888e-05,6.47279814173888e-05,6.46288660583081e-05,6.46288660583081e-05,8.13784704733,0.0005263431196410086,-0.001531259849454743,0.13710124961401904,0.5687789032775835,0.001531259849454743
1739056500.0,6.46288660583081e-05,6.46288660583081e-05,6.40338305783488e-05,6.40338305783488e-05,68.1627626462,0.0043850024261322396,-0.009206961474806818,7.331071999426958,0.5679079549797776,0.009206961474806818
1739056560.0,6.40338305783488e-05,6.40338305783488e-05,6.40338305783488e-05,6.40338305783488e-05,0.0,0.0,0.0,-1.0,0.5626792483170425,0.0
1739056620.0,6.40338305783488e-05,6.40411623683749e-05,6.40338305783488e-05,6.40411623683749e-05,0.62846076206,4.024505383406355e-05,0.00011449869482853152,inf,0.5626792483170425,0.00011449869482853152
1739056680.0,6.40411623683749e-05,6.44657171137163e-05,6.40411623683749e-05,6.42275222873551e-05,20.56968379248,0.0013192231419228485,0.002910002131257838,31.77975841111321,0.5627436743565819,0.0066294041151110684
1739056740.0,6.42275222873551e-05,6.42275222873551e-05,6.4147802297844e-05,6.4147802297844e-05,19.27633043314,0.0012373025880829495,-0.0012412122820872249,-0.062097571848606835,0.5643812596483114,0.0012412122820872249
1739056800.0,6.4147802297844e-05,6.4147802297844e-05,6.40840732668018e-05,6.40840732668018e-05,0.60397814151,3.872462494293817e-05,-0.0009934717754834818,-0.9687023810376594,0.563680742697056,0.0009934717754834818
1739056860.0,6.40840732668018e-05,6.40840732668018e-05,6.40774130316088e-05,6.40774130316088e-05,0.76367210407,4.893667595112285e-05,-0.00010392964824929622,0.26370948778025416,0.563120741788803,0.00010392964824929622
1739056920.0,6.40774130316088e-05,6.40774130316088e-05,6.40713790450774e-05,6.40713790450774e-05,0.80303342532,5.14538817259809e-05,-9.416713699744485e-05,0.05143802119645799,0.563062216848187,9.416713699744485e-05
1739056980.0,6.40713790450774e-05,6.40713790450774e-05,6.406217030394e-05,6.406217030394e-05,0.5798623512,3.714991059656123e-05,-0.00014372628269677379,-0.27799595773154445,0.563009194891275,0.00014372628269677379
1739057040.0,6.406217030394e-05,6.44838479102834e-05,6.406217030394e-05,6.41283414086568e-05,48.40760383438,0.0031026977531549175,0.001032920121233128,82.51831009364847,0.5629282756725691,0.006582318462561639
1739057100.0,6.41283414086568e-05,6.41283414086568e-05,6.41283414086568e-05,6.41283414086568e-05,0.0,0.0,0.0,-1.0,0.5635097356153224,0.0
1739057160.0,6.41283414086568e-05,6.41283414086568e-05,6.41283414086568e-05,6.41283414086568e-05,0.0,0.0,0.0,0.0,0.5635097356153224,0.0
1739057220.0,6.41283414086568e-05,6.41283414086568e-05,6.41283414086568e-05,6.41283414086568e-05,0.0,0.0,0.0,0.0,0.5635097356153224,0.0
1739057280.0,6.41283414086568e-05,6.41283414086568e-05,6.28624971825488e-05,6.28624971825488e-05,272.34286671516,0.017292524514245552,-0.0197392322692619,inf,0.5635097356153224,0.0197392322692619
1739057340.0,6.28624971825488e-05,6.28624971825488e-05,6.28624971825488e-05,6.28624971825488e-05,0.0,0.0,0.0,-1.0,0.5523864860580212,0.0
1739057400.0,6.28624971825488e-05,6.28624971825488e-05,6.28624971825488e-05,6.28624971825488e-05,0.0,0.0,0.0,0.0,0.5523864860580212,0.0
1739057460.0,6.28624971825488e-05,6.28624971825488e-05,6.28624971825488e-05,6.28624971825488e-05,0.0,0.0,0.0,0.0,0.5523864860580212,0.0
1739057520.0,6.28624971825488e-05,6.28624971825488e-05,6.17685506098621e-05,6.17685506098621e-05,7.97678880768,0.0004970777735599673,-0.01740221311141914,inf,0.5523864860580212,0.01740221311141914
1739057580.0,6.17685506098621e-05,6.17685506098621e-05,6.17431428051616e-05,6.17431428051616e-05,2.00099548152,0.000123573170219173,-0.00041133885204759483,-0.7514007328588287,0.5427737387077716,0.00041133885204759483
1739057640.0,6.17431428051616e-05,6.17431428051616e-05,6.17431428051616e-05,6.17431428051616e-05,0.0,0.0,0.0,-1.0,0.5425504747811699,0.0
1739057700.0,6.17431428051616e-05,6.17431428051616e-05,6.16930188925073e-05,6.16930188925073e-05,18.54838153452,0.0011447705111625336,-0.0008118134318569975,inf,0.5425504747811699,0.0008118134318569975
1739057760.0,6.16930188925073e-05,6.16930188925073e-05,6.16930188925073e-05,6.16930188925073e-05,0.0,0.0,0.0,-1.0,0.5421100250182822,0.0
1739057820.0,6.16930188925073e-05,6.16930188925073e-05,6.16930188925073e-05,6.16930188925073e-05,0.0,0.0,0.0,0.0,0.5421100250182822,0.0
1739057880.0,6.16930188925073e-05,6.35424361401561e-05,6.16930188925073e-05,6.35424361401561e-05,271.74907338502,0.01701630943003881,0.029977739472778743,inf,0.5421100250182822,0.029977739472778743
1739057940.0,6.35424361401561e-05,6.35424361401561e-05,6.35424361401561e-05,6.35424361401561e-05,0.0,0.0,0.0,-1.0,0.5583612581138618,0.0
1739058000.0,6.35424361401561e-05,6.35424361401561e-05,6.3279325424712e-05,6.3279325424712e-05,170.973179656,0.010841559912160296,-0.004140708657498716,inf,0.5583612581138618,0.004140708657498716
1739058060.0,6.3279325424712e-05,6.3279325424712e-05,6.25597256764385e-05,6.25597256764385e-05,7.56627085552,0.0004760661724164635,-0.011371798663208825,-0.9560887753908467,0.5560492468183779,0.011371798663208825
1739058120.0,6.25597256764385e-05,6.25597256764385e-05,6.25110613350723e-05,6.25110613350723e-05,3.83075496076,0.0002395577688952512,-0.0007778861054777937,-0.496797330339015,0.5497259667367304,0.0007778861054777937
1739058180.0,6.25110613350723e-05,6.25110613350723e-05,6.25110613350723e-05,6.25110613350723e-05,0.0,0.0,0.0,-1.0,0.5492983425453855,0.0
1739058240.0,6.25110613350723e-05,6.25274619737672e-05,6.25110613350723e-05,6.25274619737672e-05,1.8206320553,0.00011382457184172472,0.00026236378561854797,inf,0.5492983425453855,0.00026236378561854797
1739058300.0,6.25274619737672e-05,6.25274619737672e-05,6.25274619737672e-05,6.25274619737672e-05,0.0,0.0,0.0,-1.0,0.5494424585379697,0.0
1739058360.0,6.25274619737672e-05,6.25274619737672e-05,6.25274619737672e-05,6.25274619737672e-05,0.0,0.0,0.0,0.0,0.5494424585379697,0.0
1739058420.0,6.25274619737672e-05,6.25274619737672e-05,6.24076656516811e-05,6.24076656516811e-05,2.21238523049,0.0001382023155639625,-0.0019158993233462961,inf,0.5494424585379697,0.0019158993233462961
1739058480.0,6.24076656516811e-05,6.24076656516811e-05,6.24076656516811e-05,6.24076656516811e-05,0.0,0.0,0.0,-1.0,0.548389782103439,0.0
1739058540.0,6.24076656516811e-05,6.24076656516811e-05,6.24076656516811e-05,6.24076656516811e-05,0.0,0.0,0.0,0.0,0.548389782103439,0.0
1739058600.0,6.24076656516811e-05,6.24076656516811e-05,6.24076656516811e-05,6.24076656516811e-05,0.0,0.0,0.0,0.0,0.548389782103439,0.0
1739058660.0,6.24076656516811e-05,6.24076656516811e-05,6.24076656516811e-05,6.24076656516811e-05,0.0,0.0,0.0,0.0,0.548389782103439,0.0
1739058720.0,6.24076656516811e-05,6.24076656516811e-05,6.24076656516811e-05,6.24076656516811e-05,0.0,0.0,0.0,0.0,0.548389782103439,0.0
1739058780.0,6.24076656516811e-05,6.24076656516811e-05,6.21979597440916e-05,6.21979597440916e-05,9.63862107142,0.0006005132032785809,-0.003360258798333238,inf,0.548389782103439,0.003360258798333238
1739058840.0,6.21979597440916e-05,6.21979597440916e-05,6.21979597440916e-05,6.21979597440916e-05,0.0,0.0,0.0,-1.0,0.54654705051321,0.0
1739058900.0,6.21979597440916e-05,6.21979597440916e-05,6.21979597440916e-05,6.21979597440916e-05,0.0,0.0,0.0,0.0,0.54654705051321,0.0
1739058960.0,6.21979597440916e-05,6.21979597440916e-05,6.21979597440916e-05,6.21979597440916e-05,0.0,0.0,0.0,0.0,0.54654705051321,0.0
1739059020.0,6.21979597440916e-05,6.21979597440916e-05,6.21979597440916e-05,6.21979597440916e-05,0.0,0.0,0.0,0.0,0.54654705051321,0.0
1739059080.0,6.21979597440916e-05,6.21979597440916e-05,6.21979597440916e-05,6.21979597440916e-05,0.0,0.0,0.0,0.0,0.54654705051321,0.0
1739059140.0,6.21979597440916e-05,6.21979597440916e-05,6.21979597440916e-05,6.21979597440916e-05,0.0,0.0,0.0,0.0,0.54654705051321,0.0
1739059200.0,6.21979597440916e-05,6.21979597440916e-05,6.21979597440916e-05,6.21979597440916e-05,0.0,0.0,0.0,0.0,0.54654705051321,0.0
1739059260.0,6.21979597440916e-05,6.21979597440916e-05,6.21979597440916e-05,6.21979597440916e-05,0.0,0.0,0.0,0.0,0.54654705051321,0.0
1739059320.0,6.21979597440916e-05,6.21979597440916e-05,6.21979597440916e-05,6.21979597440916e-05,0.0,0.0,0.0,0.0,0.54654705051321,0.0
1739059380.0,6.21979597440916e-05,6.21979597440916e-05,6.21979597440916e-05,6.21979597440916e-05,0.0,0.0,0.0,0.0,0.54654705051321,0.0
1739059440.0,6.21979597440916e-05,6.21979597440916e-05,6.21979597440916e-05,6.21979597440916e-05,0.0,0.0,0.0,0.0,0.54654705051321,0.0
1739059500.0,6.21979597440916e-05,6.21979597440916e-05,6.21979597440916e-05,6.21979597440916e-05,0.0,0.0,0.0,0.0,0.54654705051321,0.0
1739059560.0,6.21979597440916e-05,6.21979597440916e-05,6.19513884626291e-05,6.19513884626291e-05,30.02455944439,0.0018637647426074796,-0.0039642985473638094,inf,0.54654705051321,0.0039642985473638094
1739059620.0,6.19513884626291e-05,6.19513884626291e-05,6.19513884626291e-05,6.19513884626291e-05,0.0,0.0,0.0,-1.0,0.5443803748347944,0.0
1739059680.0,6.19513884626291e-05,6.19513884626291e-05,6.19513884626291e-05,6.19513884626291e-05,0.0,0.0,0.0,0.0,0.5443803748347944,0.0
1739059740.0,6.19513884626291e-05,6.2178081545983e-05,6.19513884626291e-05,6.2178081545983e-05,1.9968,0.00012393086285659833,0.0036592090827899347,inf,0.5443803748347944,0.0036592090827899347
1739059800.0,6.2178081545983e-05,6.2178081545983e-05,6.2178081545983e-05,6.2178081545983e-05,0.0,0.0,0.0,-1.0,0.5463723764468825,0.0
1739059860.0,6.2178081545983e-05,6.2178081545983e-05,6.2178081545983e-05,6.2178081545983e-05,0.0,0.0,0.0,0.0,0.5463723764468825,0.0
1739059920.0,6.2178081545983e-05,6.2178081545983e-05,6.2178081545983e-05,6.2178081545983e-05,0.0,0.0,0.0,0.0,0.5463723764468825,0.0
1739059980.0,6.2178081545983e-05,6.2178081545983e-05,6.2178081545983e-05,6.2178081545983e-05,0.0,0.0,0.0,0.0,0.5463723764468825,0.0
1739060040.0,6.2178081545983e-05,6.2178081545983e-05,6.2178081545983e-05,6.2178081545983e-05,0.0,0.0,0.0,0.0,0.5463723764468825,0.0
1739060100.0,6.2178081545983e-05,6.2178081545983e-05,6.18673270682411e-05,6.18673270682411e-05,2.05558459392,0.00012749291544695513,-0.004997813860051208,inf,0.5463723764468825,0.004997813860051208
1739060160.0,6.18673270682411e-05,6.18673270682411e-05,6.18673270682411e-05,6.18673270682411e-05,0.0,0.0,0.0,-1.0,0.5436417090111272,0.0
1739060220.0,6.18673270682411e-05,6.18673270682411e-05,6.18673270682411e-05,6.18673270682411e-05,0.0,0.0,0.0,0.0,0.5436417090111272,0.0
1739060280.0,6.18673270682411e-05,6.18673270682411e-05,6.14042072498187e-05,6.14042072498187e-05,109.14631962318,0.006727317142559378,-0.007485693020349216,inf,0.5436417090111272,0.007485693020349216
1739060340.0,6.14042072498187e-05,6.14042072498187e-05,6.14042072498187e-05,6.14042072498187e-05,0.0,0.0,0.0,-1.0,0.5395721740644118,0.0
1739060400.0,6.14042072498187e-05,6.14271990217888e-05,6.14042072498187e-05,6.14271990217888e-05,49.47832875,0.0030387463501657043,0.0003744331699708835,inf,0.5395721740644118,0.0003744331699708835
1739060460.0,6.14271990217888e-05,6.14271990217888e-05,6.14271990217888e-05,6.14271990217888e-05,0.0,0.0,0.0,-1.0,0.5397742077839749,0.0
1739060520.0,6.14271990217888e-05,6.14271990217888e-05,6.14271990217888e-05,6.14271990217888e-05,0.0,0.0,0.0,0.0,0.5397742077839749,0.0
1739060580.0,6.14271990217888e-05,6.14271990217888e-05,6.14271990217888e-05,6.14271990217888e-05,0.0,0.0,0.0,0.0,0.5397742077839749,0.0
1739060640.0,6.14271990217888e-05,6.14271990217888e-05,6.14271990217888e-05,6.14271990217888e-05,0.0,0.0,0.0,0.0,0.5397742077839749,0.0
1739060700.0,6.14271990217888e-05,6.14271990217888e-05,6.14271990217888e-05,6.14271990217888e-05,0.0,0.0,0.0,0.0,0.5397742077839749,0.0
1739060760.0,6.14271990217888e-05,6.14271990217888e-05,6.14271990217888e-05,6.14271990217888e-05,0.0,0.0,0.0,0.0,0.5397742077839749,0.0
1739060820.0,6.14271990217888e-05,6.14271990217888e-05,6.14271990217888e-05,6.14271990217888e-05,0.0,0.0,0.0,0.0,0.5397742077839749,0.0
1739060880.0,6.14271990217888e-05,6.14271990217888e-05,6.14271990217888e-05,6.14271990217888e-05,0.0,0.0,0.0,0.0,0.5397742077839749,0.0
1739060940.0,6.14271990217888e-05,6.14271990217888e-05,6.14271990217888e-05,6.14271990217888e-05,0.0,0.0,0.0,0.0,0.5397742077839749,0.0
1739061000.0,6.14271990217888e-05,6.14271990217888e-05,6.14271990217888e-05,6.14271990217888e-05,0.0,0.0,0.0,0.0,0.5397742077839749,0.0
1739061060.0,6.14271990217888e-05,6.14271990217888e-05,6.14271990217888e-05,6.14271990217888e-05,0.0,0.0,0.0,0.0,0.5397742077839749,0.0
1739061120.0,6.14271990217888e-05,6.14271990217888e-05,6.14271990217888e-05,6.14271990217888e-05,0.0,0.0,0.0,0.0,0.5397742077839749,0.0
1739061180.0,6.14271990217888e-05,6.14271990217888e-05,6.14271990217888e-05,6.14271990217888e-05,0.0,0.0,0.0,0.0,0.5397742077839749,0.0
1739061240.0,6.14271990217888e-05,6.14271990217888e-05,6.14271990217888e-05,6.14271990217888e-05,0.0,0.0,0.0,0.0,0.5397742077839749,0.0
1739061300.0,6.14271990217888e-05,6.14271990217888e-05,6.14271990217888e-05,6.14271990217888e-05,0.0,0.0,0.0,0.0,0.5397742077839749,0.0
1739061360.0,6.14271990217888e-05,6.14271990217888e-05,6.14271990217888e-05,6.14271990217888e-05,0.0,0.0,0.0,0.0,0.5397742077839749,0.0
1739061420.0,6.14271990217888e-05,6.14271990217888e-05,6.14271990217888e-05,6.14271990217888e-05,0.0,0.0,0.0,0.0,0.5397742077839749,0.0
1739061480.0,6.14271990217888e-05,6.14271990217888e-05,6.14271990217888e-05,6.14271990217888e-05,0.0,0.0,0.0,0.0,0.5397742077839749,0.0
1739061540.0,6.14271990217888e-05,6.14271990217888e-05,6.14271990217888e-05,6.14271990217888e-05,0.0,0.0,0.0,0.0,0.5397742077839749,0.0
1739061600.0,6.14271990217888e-05,6.14271990217888e-05,6.14271990217888e-05,6.14271990217888e-05,0.0,0.0,0.0,0.0,0.5397742077839749,0.0
1739061660.0,6.14271990217888e-05,6.14271990217888e-05,6.14271990217888e-05,6.14271990217888e-05,0.0,0.0,0.0,0.0,0.5397742077839749,0.0
1739061720.0,6.14271990217888e-05,6.14271990217888e-05,6.14271990217888e-05,6.14271990217888e-05,0.0,0.0,0.0,0.0,0.5397742077839749,0.0
1739061780.0,6.14271990217888e-05,6.14271990217888e-05,6.14271990217888e-05,6.14271990217888e-05,0.0,0.0,0.0,0.0,0.5397742077839749,0.0
1739061840.0,6.14271990217888e-05,6.14271990217888e-05,6.14271990217888e-05,6.14271990217888e-05,0.0,0.0,0.0,0.0,0.5397742077839749,0.0
1739061900.0,6.14271990217888e-05,6.14271990217888e-05,6.14271990217888e-05,6.14271990217888e-05,0.0,0.0,0.0,0.0,0.5397742077839749,0.0
1739061960.0,6.14271990217888e-05,6.14271990217888e-05,6.12103217026698e-05,6.12103217026698e-05,1.36117620008,8.34656372234754e-05,-0.00353063988872544,inf,0.5397742077839749,0.00353063988872544
1739062020.0,6.12103217026698e-05,6.12103217026698e-05,6.12103217026698e-05,6.12103217026698e-05,0.0,0.0,0.0,-1.0,0.5378684594350676,0.0
1739062080.0,6.12103217026698e-05,6.12103217026698e-05,6.09873676546421e-05,6.09873676546421e-05,49.89018806576,0.003048232851618805,-0.003642425686156357,inf,0.5378684594350676,0.003642425686156357
1739062140.0,6.09873676546421e-05,6.09873676546421e-05,6.09873676546421e-05,6.09873676546421e-05,0.0,0.0,0.0,-1.0,0.5359093135426479,0.0
1739062200.0,6.09873676546421e-05,6.09873676546421e-05,6.09873676546421e-05,6.09873676546421e-05,0.0,0.0,0.0,0.0,0.5359093135426479,0.0
1739062260.0,6.09873676546421e-05,6.09873676546421e-05,6.09873676546421e-05,6.09873676546421e-05,0.0,0.0,0.0,0.0,0.5359093135426479,0.0
1739062320.0,6.09873676546421e-05,6.09873676546421e-05,6.09873676546421e-05,6.09873676546421e-05,0.0,0.0,0.0,0.0,0.5359093135426479,0.0
1739062380.0,6.09873676546421e-05,6.09873676546421e-05,6.09873676546421e-05,6.09873676546421e-05,0.0,0.0,0.0,0.0,0.5359093135426479,0.0
1739062440.0,6.09873676546421e-05,6.09873676546421e-05,6.09873676546421e-05,6.09873676546421e-05,0.0,0.0,0.0,0.0,0.5359093135426479,0.0
1739062500.0,6.09873676546421e-05,6.09873676546421e-05,6.09873676546421e-05,6.09873676546421e-05,0.0,0.0,0.0,0.0,0.5359093135426479,0.0
1739062560.0,6.09873676546421e-05,6.09873676546421e-05,6.09873676546421e-05,6.09873676546421e-05,0.0,0.0,0.0,0.0,0.5359093135426479,0.0
1739062620.0,6.09873676546421e-05,6.09873676546421e-05,6.09873676546421e-05,6.09873676546421e-05,0.0,0.0,0.0,0.0,0.5359093135426479,0.0
1739062680.0,6.09873676546421e-05,6.09873676546421e-05,6.05630200569957e-05,6.05630200569957e-05,99.8579830315,0.006068888276790487,-0.006957958901413595,inf,0.5359093135426479,0.006957958901413595
1739062740.0,6.05630200569957e-05,6.05630200569957e-05,6.01672414235415e-05,6.01672414235415e-05,2.33666702751,0.00014105321061211594,-0.006534988398559609,-0.9767579819929209,0.5321804785641334,0.006534988398559609
1739062800.0,6.01672414235415e-05,6.01672414235415e-05,6.01672414235415e-05,6.01672414235415e-05,0.0,0.0,0.0,-1.0,0.5287026853107769,0.0
1739062860.0,6.01672414235415e-05,6.01672414235415e-05,6.01672414235415e-05,6.01672414235415e-05,0.0,0.0,0.0,0.0,0.5287026853107769,0.0
1739062920.0,6.01672414235415e-05,6.01672414235415e-05,5.98659028323513e-05,5.98659028323513e-05,76.1176524063,0.004568320575852656,-0.0050083497940175276,inf,0.5287026853107769,0.0050083497940175276
1739062980.0,5.98659028323513e-05,5.98659028323513e-05,5.98659028323513e-05,5.98659028323513e-05,0.0,0.0,0.0,-1.0,0.5260547573257042,0.0
1739063040.0,5.98659028323513e-05,5.98659028323513e-05,5.98659028323513e-05,5.98659028323513e-05,0.0,0.0,0.0,0.0,0.5260547573257042,0.0
1739063100.0,5.98659028323513e-05,5.98659028323513e-05,5.98659028323513e-05,5.98659028323513e-05,0.0,0.0,0.0,0.0,0.5260547573257042,0.0
1739063160.0,5.98659028323513e-05,5.98659028323513e-05,5.98659028323513e-05,5.98659028323513e-05,0.0,0.0,0.0,0.0,0.5260547573257042,0.0
1739063220.0,5.98659028323513e-05,5.98659028323513e-05,5.98659028323513e-05,5.98659028323513e-05,0.0,0.0,0.0,0.0,0.5260547573257042,0.0
1739063280.0,5.98659028323513e-05,5.98659028323513e-05,5.95438061514839e-05,5.95438061514839e-05,0.33902129096,2.024121684642886e-05,-0.005380302737092297,inf,0.5260547573257042,0.005380302737092297
1739063340.0,5.95438061514839e-05,5.95438061514839e-05,5.95438061514839e-05,5.95438061514839e-05,0.0,0.0,0.0,-1.0,0.5232244234750043,0.0
1739063400.0,5.95438061514839e-05,5.95438061514839e-05,5.95438061514839e-05,5.95438061514839e-05,0.0,0.0,0.0,0.0,0.5232244234750043,0.0
1739063460.0,5.95438061514839e-05,5.95438061514839e-05,5.95438061514839e-05,5.95438061514839e-05,0.0,0.0,0.0,0.0,0.5232244234750043,0.0
1739063520.0,5.95438061514839e-05,5.95438061514839e-05,5.95438061514839e-05,5.95438061514839e-05,0.0,0.0,0.0,0.0,0.5232244234750043,0.0
1739063580.0,5.95438061514839e-05,5.9602971075378e-05,5.95438061514839e-05,5.9602971075378e-05,23.33135447748,0.0013899278471646284,0.0009936369157118015,inf,0.5232244234750043,0.0009936369157118015
1739063640.0,5.9602971075378e-05,5.9602971075378e-05,5.9602971075378e-05,5.9602971075378e-05,0.0,0.0,0.0,-1.0,0.523744318577371,0.0
1739063700.0,5.9602971075378e-05,6.6913137557557e-05,5.86812733671783e-05,6.23837602815555e-05,2260.77253845417,0.13789212615377072,0.04665521124208257,inf,0.523744318577371,0.13811164178322774
1739063760.0,6.23837602815555e-05,6.23837602815555e-05,6.23837602815555e-05,6.23837602815555e-05,0.0,0.0,0.0,-1.0,0.5481797203974389,0.0
1739063820.0,6.23837602815555e-05,6.23837602815555e-05,6.23837602815555e-05,6.23837602815555e-05,0.0,0.0,0.0,0.0,0.5481797203974389,0.0
1739063880.0,6.23837602815555e-05,6.23837602815555e-05,5.81203851341154e-05,5.81203851341154e-05,16.35521463816,0.000985435581530671,-0.06834110557296139,inf,0.5481797203974389,0.06834110557296139
1739063940.0,5.81203851341154e-05,5.81203851341154e-05,5.79862376759393e-05,5.79862376759393e-05,16.31636567336,0.0009472190574338668,-0.0023080965115174806,-0.03878135193519474,0.5107165122528011,0.0023080965115174806
1739064000.0,5.79862376759393e-05,5.79862376759393e-05,5.78884071355006e-05,5.78884071355006e-05,10.85585139654,0.0006289589623499232,-0.0016871337813884882,-0.33599418485745997,0.509537729252496,0.0016871337813884882
1739064060.0,5.78884071355006e-05,5.78884071355006e-05,5.78884071355006e-05,5.78884071355006e-05,0.0,0.0,0.0,-1.0,0.5086780709365821,0.0
1739064120.0,5.78884071355006e-05,5.78884071355006e-05,5.78884071355006e-05,5.78884071355006e-05,0.0,0.0,0.0,0.0,0.5086780709365821,0.0
1739064180.0,5.78884071355006e-05,5.78884071355006e-05,5.78884071355006e-05,5.78884071355006e-05,0.0,0.0,0.0,0.0,0.5086780709365821,0.0
1739064240.0,5.78884071355006e-05,5.78884071355006e-05,5.78884071355006e-05,5.78884071355006e-05,0.0,0.0,0.0,0.0,0.5086780709365821,0.0
1739064300.0,5.78884071355006e-05,5.78884071355006e-05,5.78884071355006e-05,5.78884071355006e-05,0.0,0.0,0.0,0.0,0.5086780709365821,0.0
1739064360.0,5.78884071355006e-05,5.78884071355006e-05,5.78884071355006e-05,5.78884071355006e-05,0.0,0.0,0.0,0.0,0.5086780709365821,0.0
1739064420.0,5.78884071355006e-05,5.78884071355006e-05,5.78884071355006e-05,5.78884071355006e-05,0.0,0.0,0.0,0.0,0.5086780709365821,0.0
1739064480.0,5.78884071355006e-05,5.78884071355006e-05,5.78884071355006e-05,5.78884071355006e-05,0.0,0.0,0.0,0.0,0.5086780709365821,0.0
1739064540.0,5.78884071355006e-05,5.78884071355006e-05,5.78884071355006e-05,5.78884071355006e-05,0.0,0.0,0.0,0.0,0.5086780709365821,0.0
1739064600.0,5.78884071355006e-05,5.78884071355006e-05,5.78884071355006e-05,5.78884071355006e-05,0.0,0.0,0.0,0.0,0.5086780709365821,0.0
1739064660.0,5.78884071355006e-05,5.78884071355006e-05,5.78884071355006e-05,5.78884071355006e-05,0.0,0.0,0.0,0.0,0.5086780709365821,0.0
1739064720.0,5.78884071355006e-05,5.78884071355006e-05,5.78884071355006e-05,5.78884071355006e-05,0.0,0.0,0.0,0.0,0.5086780709365821,0.0
1739064780.0,5.78884071355006e-05,5.78884071355006e-05,5.78884071355006e-05,5.78884071355006e-05,0.0,0.0,0.0,0.0,0.5086780709365821,0.0
1739064840.0,5.78884071355006e-05,5.78884071355006e-05,5.78884071355006e-05,5.78884071355006e-05,0.0,0.0,0.0,0.0,0.5086780709365821,0.0
1739064900.0,5.78884071355006e-05,5.81038370645062e-05,5.78884071355006e-05,5.81038370645062e-05,1.10487424331,6.407842152015563e-05,0.003721469283156129,inf,0.5086780709365821,0.003721469283156129
1739064960.0,5.81038370645062e-05,5.81038370645062e-05,5.81038370645062e-05,5.81038370645062e-05,0.0,0.0,0.0,-1.0,0.5105711007525877,0.0
1739065020.0,5.81038370645062e-05,5.81038370645062e-05,5.81038370645062e-05,5.81038370645062e-05,0.0,0.0,0.0,0.0,0.5105711007525877,0.0
1739065080.0,5.81038370645062e-05,5.81038370645062e-05,5.81038370645062e-05,5.81038370645062e-05,0.0,0.0,0.0,0.0,0.5105711007525877,0.0
1739065140.0,5.81038370645062e-05,5.81038370645062e-05,5.81038370645062e-05,5.81038370645062e-05,0.0,0.0,0.0,0.0,0.5105711007525877,0.0
1739065200.0,5.81038370645062e-05,5.81038370645062e-05,5.81038370645062e-05,5.81038370645062e-05,0.0,0.0,0.0,0.0,0.5105711007525877,0.0
1739065260.0,5.81038370645062e-05,5.81038370645062e-05,5.81038370645062e-05,5.81038370645062e-05,0.0,0.0,0.0,0.0,0.5105711007525877,0.0
1739065320.0,5.81038370645062e-05,5.81038370645062e-05,5.81038370645062e-05,5.81038370645062e-05,0.0,0.0,0.0,0.0,0.5105711007525877,0.0
1739065380.0,5.81038370645062e-05,5.81038370645062e-05,5.81038370645062e-05,5.81038370645062e-05,0.0,0.0,0.0,0.0,0.5105711007525877,0.0
1739065440.0,5.81038370645062e-05,5.81038370645062e-05,5.81038370645062e-05,5.81038370645062e-05,0.0,0.0,0.0,0.0,0.5105711007525877,0.0
1739065500.0,5.81038370645062e-05,5.81038370645062e-05,5.81038370645062e-05,5.81038370645062e-05,0.0,0.0,0.0,0.0,0.5105711007525877,0.0
1739065560.0,5.81038370645062e-05,5.81038370645062e-05,5.81038370645062e-05,5.81038370645062e-05,0.0,0.0,0.0,0.0,0.5105711007525877,0.0
1739065620.0,5.81038370645062e-05,5.81038370645062e-05,5.81038370645062e-05,5.81038370645062e-05,0.0,0.0,0.0,0.0,0.5105711007525877,0.0
1739065680.0,5.81038370645062e-05,5.81038370645062e-05,5.81038370645062e-05,5.81038370645062e-05,0.0,0.0,0.0,0.0,0.5105711007525877,0.0
1739065740.0,5.81038370645062e-05,5.81038370645062e-05,5.79867837934806e-05,5.79867837934806e-05,0.71816662554,4.168620471921196e-05,-0.0020145532023237273,inf,0.5105711007525877,0.0020145532023237273
1739065800.0,5.79867837934806e-05,5.79867837934806e-05,5.79867837934806e-05,5.79867837934806e-05,0.0,0.0,0.0,-1.0,0.5095425281065527,0.0
1739065860.0,5.79867837934806e-05,5.79867837934806e-05,5.79867837934806e-05,5.79867837934806e-05,0.0,0.0,0.0,0.0,0.5095425281065527,0.0
1739065920.0,5.79867837934806e-05,5.79867837934806e-05,5.79867837934806e-05,5.79867837934806e-05,0.0,0.0,0.0,0.0,0.5095425281065527,0.0
1739065980.0,5.79867837934806e-05,5.79867837934806e-05,5.79847112807625e-05,5.79847112807625e-05,7.52744743124,0.00043648466634683676,-3.57411220716321e-05,inf,0.5095425281065527,3.57411220716321e-05
1739066040.0,5.79847112807625e-05,5.79847112807625e-05,5.79847112807625e-05,5.79847112807625e-05,0.0,0.0,0.0,-1.0,0.509524316484855,0.0
1739066100.0,5.79847112807625e-05,5.79847112807625e-05,5.79847112807625e-05,5.79847112807625e-05,0.0,0.0,0.0,0.0,0.509524316484855,0.0
1739066160.0,5.79847112807625e-05,5.83649595971806e-05,5.79847112807625e-05,5.83649595971806e-05,20.135,0.0011713503115636922,0.006557734065052673,inf,0.509524316484855,0.006557734065052673
1739066220.0,5.83649595971806e-05,5.83649595971806e-05,5.83649595971806e-05,5.83649595971806e-05,0.0,0.0,0.0,-1.0,0.5128656414520404,0.0
1739066280.0,5.83649595971806e-05,5.83649595971806e-05,5.83649595971806e-05,5.83649595971806e-05,0.0,0.0,0.0,0.0,0.5128656414520404,0.0
1739066340.0,5.83649595971806e-05,5.83649595971806e-05,5.83649595971806e-05,5.83649595971806e-05,0.0,0.0,0.0,0.0,0.5128656414520404,0.0
1739066400.0,5.83649595971806e-05,5.83649595971806e-05,5.83649595971806e-05,5.83649595971806e-05,0.0,0.0,0.0,0.0,0.5128656414520404,0.0
1739066460.0,5.83649595971806e-05,5.83649595971806e-05,5.83649595971806e-05,5.83649595971806e-05,0.0,0.0,0.0,0.0,0.5128656414520404,0.0
1739066520.0,5.83649595971806e-05,5.83649595971806e-05,5.83649595971806e-05,5.83649595971806e-05,0.0,0.0,0.0,0.0,0.5128656414520404,0.0
1739066580.0,5.83649595971806e-05,5.83649595971806e-05,5.83649595971806e-05,5.83649595971806e-05,0.0,0.0,0.0,0.0,0.5128656414520404,0.0
1739066640.0,5.83649595971806e-05,5.83649595971806e-05,5.83649595971806e-05,5.83649595971806e-05,0.0,0.0,0.0,0.0,0.5128656414520404,0.0
1739066700.0,5.83649595971806e-05,5.83649595971806e-05,5.80520278661038e-05,5.80520278661038e-05,78.89807825037,0.0045925382932752775,-0.005361637071910459,inf,0.5128656414520404,0.005361637071910459
1739066760.0,5.80520278661038e-05,5.80520278661038e-05,5.80520278661038e-05,5.80520278661038e-05,0.0,0.0,0.0,-1.0,0.510115842015922,0.0
1739066820.0,5.80520278661038e-05,5.80520278661038e-05,5.80520278661038e-05,5.80520278661038e-05,0.0,0.0,0.0,0.0,0.510115842015922,0.0
1739066880.0,5.80520278661038e-05,5.80520278661038e-05,5.80520278661038e-05,5.80520278661038e-05,0.0,0.0,0.0,0.0,0.510115842015922,0.0
1739066940.0,5.80520278661038e-05,5.80520278661038e-05,5.80520278661038e-05,5.80520278661038e-05,0.0,0.0,0.0,0.0,0.510115842015922,0.0
1739067000.0,5.80520278661038e-05,5.80520278661038e-05,5.80520278661038e-05,5.80520278661038e-05,0.0,0.0,0.0,0.0,0.510115842015922,0.0
1739067060.0,5.80520278661038e-05,5.80520278661038e-05,5.80520278661038e-05,5.80520278661038e-05,0.0,0.0,0.0,0.0,0.510115842015922,0.0
1739067120.0,5.80520278661038e-05,5.80520278661038e-05,5.80520278661038e-05,5.80520278661038e-05,0.0,0.0,0.0,0.0,0.510115842015922,0.0
1739067180.0,5.80520278661038e-05,5.80520278661038e-05,5.80520278661038e-05,5.80520278661038e-05,0.0,0.0,0.0,0.0,0.510115842015922,0.0
1739067240.0,5.80520278661038e-05,5.80520278661038e-05,5.80520278661038e-05,5.80520278661038e-05,0.0,0.0,0.0,0.0,0.510115842015922,0.0
1739067300.0,5.80520278661038e-05,5.80520278661038e-05,5.80520278661038e-05,5.80520278661038e-05,0.0,0.0,0.0,0.0,0.510115842015922,0.0
1739067360.0,5.80520278661038e-05,5.80520278661038e-05,5.7548285329173e-05,5.7548285329173e-05,25.5159507648,0.0014748259499430714,-0.00867743221809019,inf,0.510115842015922,0.00867743221809019
1739067420.0,5.7548285329173e-05,5.7828449258374e-05,5.7548285329173e-05,5.7828449258374e-05,20.0173935,0.0011547707484919944,0.00486832800662051,-0.21701218470113795,0.5056893463734548,0.00486832800662051
1739067480.0,5.7828449258374e-05,5.7828449258374e-05,5.7828449258374e-05,5.7828449258374e-05,0.0,0.0,0.0,-1.0,0.5081512079810543,0.0
1739067540.0,5.7828449258374e-05,5.7828449258374e-05,5.7828449258374e-05,5.7828449258374e-05,0.0,0.0,0.0,0.0,0.5081512079810543,0.0
1739067600.0,5.7828449258374e-05,5.7828449258374e-05,5.7828449258374e-05,5.7828449258374e-05,0.0,0.0,0.0,0.0,0.5081512079810543,0.0
1739067660.0,5.7828449258374e-05,5.7828449258374e-05,5.7828449258374e-05,5.7828449258374e-05,0.0,0.0,0.0,0.0,0.5081512079810543,0.0
1739067720.0,5.7828449258374e-05,5.7828449258374e-05,5.7828449258374e-05,5.7828449258374e-05,0.0,0.0,0.0,0.0,0.5081512079810543,0.0
1739067780.0,5.7828449258374e-05,5.7828449258374e-05,5.7828449258374e-05,5.7828449258374e-05,0.0,0.0,0.0,0.0,0.5081512079810543,0.0
1739067840.0,5.7828449258374e-05,5.7828449258374e-05,5.74982110627817e-05,5.74982110627817e-05,0.78002636225,4.497891766037625e-05,-0.005710652798535546,inf,0.5081512079810543,0.005710652798535546
1739067900.0,5.74982110627817e-05,5.86044799257825e-05,5.74982110627817e-05,5.86044799257825e-05,199.4751,0.011579797947606472,0.019240057082695692,256.449457433423,0.505249332863118,0.019240057082695692
1739067960.0,5.86044799257825e-05,5.86044799257825e-05,5.86044799257825e-05,5.86044799257825e-05,0.0,0.0,0.0,-1.0,0.5149703588683984,0.0
1739068020.0,5.86044799257825e-05,5.86044799257825e-05,5.86044799257825e-05,5.86044799257825e-05,0.0,0.0,0.0,0.0,0.5149703588683984,0.0
1739068080.0,5.86044799257825e-05,5.88550589151926e-05,5.86044799257825e-05,5.88550589151926e-05,62.3818290678,0.003663670437180162,0.0042757650904407946,inf,0.5149703588683984,0.0042757650904407946
1739068140.0,5.88550589151926e-05,5.88550589151926e-05,5.88550589151926e-05,5.88550589151926e-05,0.0,0.0,0.0,-1.0,0.5171722511514596,0.0
1739068200.0,5.88550589151926e-05,5.88550589151926e-05,5.72600262834865e-05,5.72600262834865e-05,197.69710774359,0.011477808254589699,-0.027101028545472517,inf,0.5171722511514596,0.027101028545472517
1739068260.0,5.72600262834865e-05,5.72600262834865e-05,5.47087290749744e-05,5.47087290749744e-05,303.44650177182,0.016988263560634844,-0.04455634015745952,0.4800964769420718,0.5031563512100776,0.04455634015745952
1739068320.0,5.47087290749744e-05,5.47087290749744e-05,5.47087290749744e-05,5.47087290749744e-05,0.0,0.0,0.0,-1.0,0.4807375456731753,0.0
1739068380.0,5.47087290749744e-05,5.47087290749744e-05,5.47087290749744e-05,5.47087290749744e-05,0.0,0.0,0.0,0.0,0.4807375456731753,0.0
1739068440.0,5.47087290749744e-05,5.47087290749744e-05,5.47087290749744e-05,5.47087290749744e-05,0.0,0.0,0.0,0.0,0.4807375456731753,0.0
1739068500.0,5.47087290749744e-05,5.47087290749744e-05,5.44709982953971e-05,5.44709982953971e-05,18.85519053095,0.0010293022808427657,-0.004345390280434258,inf,0.4807375456731753,0.004345390280434258
1739068560.0,5.44709982953971e-05,5.44709982953971e-05,5.44709982953971e-05,5.44709982953971e-05,0.0,0.0,0.0,-1.0,0.4786485534147672,0.0
1739068620.0,5.44709982953971e-05,5.48664110473561e-05,5.44709982953971e-05,5.48664110473561e-05,49.65006535134,0.0027143047596069544,0.007259142742614532,inf,0.4786485534147672,0.007259142742614532
1739068680.0,5.48664110473561e-05,5.48664110473561e-05,5.48664110473561e-05,5.48664110473561e-05,0.0,0.0,0.0,-1.0,0.482123131587551,0.0
1739068740.0,5.48664110473561e-05,5.48664110473561e-05,5.48664110473561e-05,5.48664110473561e-05,0.0,0.0,0.0,0.0,0.482123131587551,0.0
1739068800.0,5.48664110473561e-05,5.48664110473561e-05,5.47868664566066e-05,5.47868664566066e-05,4.20377966148,0.00023047910889289038,-0.0014497866587417985,inf,0.482123131587551,0.0014497866587417985
1739068860.0,5.47868664566066e-05,5.47868664566066e-05,5.47868664566066e-05,5.47868664566066e-05,0.0,0.0,0.0,-1.0,0.4814241559035045,0.0
1739068920.0,5.47868664566066e-05,5.47868664566066e-05,5.47868664566066e-05,5.47868664566066e-05,0.0,0.0,0.0,0.0,0.4814241559035045,0.0
1739068980.0,5.47868664566066e-05,5.47868664566066e-05,5.47868664566066e-05,5.47868664566066e-05,0.0,0.0,0.0,0.0,0.4814241559035045,0.0
1739069040.0,5.47868664566066e-05,5.47868664566066e-05,5.47868664566066e-05,5.47868664566066e-05,0.0,0.0,0.0,0.0,0.4814241559035045,0.0
1739069100.0,5.47868664566066e-05,5.47868664566066e-05,5.47868664566066e-05,5.47868664566066e-05,0.0,0.0,0.0,0.0,0.4814241559035045,0.0
1739069160.0,5.47868664566066e-05,5.5859594414584e-05,5.47868664566066e-05,5.5859594414584e-05,201.52,0.011148737397381165,0.019580020310653267,inf,0.4814241559035045,0.019580020310653267
1739069220.0,5.5859594414584e-05,7.61526164305769e-05,5.5859594414584e-05,7.61526164305769e-05,2273.5060088,0.15006527729572292,0.3632862398781529,12.460293479598255,0.49085045065413424,0.3632862398781529
1739069280.0,7.61526164305769e-05,8.65269443401184e-05,7.61526164305769e-05,8.27782562645398e-05,2074.0292644928,0.16481364050052585,0.08700475629754674,0.0982796518327114,0.6691696652147715,0.1362307481450629
1739069340.0,8.27782562645398e-05,8.3161032398382e-05,7.98542782349894e-05,8.26905330138187e-05,606.48363281872,0.050177056219827064,-0.00105973784275842,-0.6955527705871712,0.7273906088584936,0.03994713482276073
1739069400.0,8.26905330138187e-05,8.26905330138187e-05,7.23978905799515e-05,7.26166172549171e-05,1658.44485041994,0.12878417179829035,-0.1218267121003818,1.5665948044875997,0.7266197655038192,0.12447183563500748
1739069460.0,7.26166172549171e-05,7.31518825063503e-05,6.78978017541626e-05,6.78978017541626e-05,704.76238476611,0.04951463851743172,-0.06498258496659687,-0.6155223283573654,0.6380980685253385,0.07235369741533812
1739069520.0,6.78978017541626e-05,7.57288176836818e-05,6.78978017541626e-05,7.55012229767904e-05,873.20580647505,0.06260843051896374,0.11198331943289541,0.2644428474807975,0.5966328065703693,0.11533533821717722
1739069580.0,7.55012229767904e-05,7.57057442783789e-05,7.51833013463734e-05,7.57057442783789e-05,136.06223184422,0.010286778717567115,0.0027088475328587705,-0.835696588585601,0.6634457287326839,0.006919661846618141
1739069640.0,7.57057442783789e-05,7.57057442783789e-05,7.48027033489863e-05,7.48027033489863e-05,108.23959152576,0.008145486446181125,-0.01192830131980483,-0.20815965135219883,0.6652429020581472,0.01192830131980483
1739069700.0,7.48027033489863e-05,7.59876789857368e-05,7.48027033489863e-05,7.59876789857368e-05,201.36,0.015181575693459924,0.015841347754800884,0.8638022165732718,0.6573076842715362,0.015841347754800884
1739069760.0,7.59876789857368e-05,7.59876789857368e-05,7.46322740004272e-05,7.46322740004272e-05,212.5393786028,0.016006335606431124,-0.01783716785933171,0.05432637096599258,0.6677203238799844,0.01783716785933171
1739069820.0,7.46322740004272e-05,7.46322740004272e-05,7.42559351306193e-05,7.42559351306193e-05,78.2251353065,0.00582340015240929,-0.005042575411888824,-0.6361815536299559,0.6558100843798498,0.005042575411888824
1739069880.0,7.42559351306193e-05,7.42559351306193e-05,6.8123950664876e-05,6.8123950664876e-05,1175.22838857231,0.08366444187427474,-0.08257904846201024,13.366940221283027,0.6525031125734873,0.08257904846201024
1739069940.0,6.8123950664876e-05,6.8123950664876e-05,6.28018939645292e-05,6.28018939645292e-05,164.7547555356,0.010785327762604801,-0.07812313655336485,-0.871088272138213,0.5986200264186687,0.07812313655336485
1739070000.0,6.28018939645292e-05,6.28018939645292e-05,3.94034374683784e-06,1.65681686313134e-05,14855.09759141444,0.5895250128489574,-0.7361836150885643,53.659907035275786,0.5518539523511842,0.9372575650494973
1739070060.0,1.65681686313134e-05,1.70522302359818e-05,7.51761435162356e-06,8.1770870564765e-06,12323.4396470168,0.152473332509239,-0.5064580015788817,-0.7413624033145065,0.14558811470837704,0.5754779599682532
1739070120.0,8.1770870564765e-06,8.23549532303034e-06,6.49153822651332e-06,6.76831321283357e-06,1036.27703451512,0.007743787535361058,-0.17228309224458344,-0.9492121841378929,0.07185384907953542,0.21327363698980722
1739070180.0,6.76831321283357e-06,9.452890010312e-06,6.76831321283357e-06,8.46970038193464e-06,1564.78485443554,0.011922106442388076,0.2513753597979222,0.5395704476584922,0.059474645770437436,0.396638972379135
1739070240.0,8.46970038193464e-06,8.46970038193464e-06,7.73503035312282e-06,7.73503035312282e-06,204.08944685984,0.0016536072661152627,-0.08674097024480665,-0.8612990687420808,0.07442510624983512,0.08674097024480665
1739070300.0,7.73503035312282e-06,7.73503035312282e-06,6.70241336546655e-06,6.70241336546655e-06,476.7694217168,0.00344166584639035,-0.13349876348440928,1.0813078878612359,0.0679694003231516,0.13349876348440928
1739070360.0,6.70241336546655e-06,6.70241336546655e-06,5.72111844136394e-06,5.72111844136394e-06,230.07169888704,0.001429151534487334,-0.146409191823146,-0.584750060501591,0.05889556942523405,0.146409191823146
1739070420.0,5.72111844136394e-06,5.72111844136394e-06,5.53135612594424e-06,5.53135612594424e-06,0.2875070834,1.6175830719397258e-06,-0.033168744427262656,-0.9988681514640644,0.05027271670372155,0.033168744427262656
1739070480.0,5.53135612594424e-06,5.53135612594424e-06,5.33084568971145e-06,5.33084568971145e-06,80.45674886949,0.0004369687218259641,-0.03624977883675168,269.13680435093374,0.04860523381171163,0.03624977883675168
1739070540.0,5.33084568971145e-06,5.33084568971145e-06,5.33084568971145e-06,5.33084568971145e-06,0.0,0.0,0.0,-1.0,0.04684330483572848,0.0
1739070600.0,5.33084568971145e-06,5.33084568971145e-06,5.33084568971145e-06,5.33084568971145e-06,0.0,0.0,0.0,0.0,0.04684330483572848,0.0
1739070660.0,5.33084568971145e-06,5.33084568971145e-06,5.32944530864568e-06,5.32944530864568e-06,3.86922855872,2.0623551187554578e-05,-0.00026269397901958,inf,0.04684330483572848,0.00026269397901958
1739070720.0,5.32944530864568e-06,5.32944530864568e-06,5.32944530864568e-06,5.32944530864568e-06,0.0,0.0,0.0,-1.0,0.04683099938159076,0.0
1739070780.0,5.32944530864568e-06,5.32944530864568e-06,5.32944530864568e-06,5.32944530864568e-06,0.0,0.0,0.0,0.0,0.04683099938159076,0.0
1739070840.0,5.32944530864568e-06,5.32944530864568e-06,5.321965958461e-06,5.321965958461e-06,1.11790005886,5.953606641220313e-06,-0.0014034012456319092,inf,0.04683099938159076,0.0014034012456319092
1739070900.0,5.321965958461e-06,5.321965958461e-06,5.321965958461e-06,5.321965958461e-06,0.0,0.0,0.0,-1.0,0.04676527669872444,0.0
1739070960.0,5.321965958461e-06,5.321965958461e-06,5.321965958461e-06,5.321965958461e-06,0.0,0.0,0.0,0.0,0.04676527669872444,0.0
1739071020.0,5.321965958461e-06,5.321965958461e-06,4.90156233416348e-06,4.90156233416348e-06,287.71921965309,0.0014707527912276015,-0.07899404610605439,inf,0.04676527669872444,0.07899404610605439
1739071080.0,4.90156233416348e-06,4.90156233416348e-06,4.90156233416348e-06,4.90156233416348e-06,0.0,0.0,0.0,-1.0,0.04307109827502301,0.0
1739071140.0,4.90156233416348e-06,4.90156233416348e-06,4.8921378464612e-06,4.8921378464612e-06,201.97,0.0009890168127403831,-0.0019227517798951694,inf,0.04307109827502301,0.0019227517798951694
1739071200.0,4.8921378464612e-06,5.88959744319818e-06,4.8921378464612e-06,5.88959744319818e-06,400.0788,0.0021567718583022887,0.20389032934926546,1.1807231490092385,0.04298828324415267,0.20389032934926546
1739071260.0,5.88959744319818e-06,6.22221700905985e-06,5.88959744319818e-06,6.22221700905985e-06,50.81092272864,0.00030770623411865397,0.05647577259220123,-0.8573301886640592,0.05175317847296247,0.05647577259220123
1739071320.0,6.22221700905985e-06,6.22221700905985e-06,6.22221700905985e-06,6.22221700905985e-06,0.0,0.0,0.0,-1.0,0.0546759792113251,0.0
1739071380.0,6.22221700905985e-06,6.22221700905985e-06,6.22221700905985e-06,6.22221700905985e-06,0.0,0.0,0.0,0.0,0.0546759792113251,0.0
1739071440.0,6.22221700905985e-06,6.22221700905985e-06,6.22221700905985e-06,6.22221700905985e-06,0.0,0.0,0.0,0.0,0.0546759792113251,0.0
1739071500.0,6.22221700905985e-06,6.26907689782374e-06,6.22221700905985e-06,6.26907689782374e-06,0.25432988152,1.5884546496846009e-06,0.007531059861084771,inf,0.0546759792113251,0.007531059861084771
1739071560.0,6.26907689782374e-06,6.26907689782374e-06,6.26907689782374e-06,6.26907689782374e-06,0.0,0.0,0.0,-1.0,0.05508774728372902,0.0
1739071620.0,6.26907689782374e-06,6.26907689782374e-06,6.26907689782374e-06,6.26907689782374e-06,0.0,0.0,0.0,0.0,0.05508774728372902,0.0
1739071680.0,6.26907689782374e-06,6.26907689782374e-06,6.26907689782374e-06,6.26907689782374e-06,0.0,0.0,0.0,0.0,0.05508774728372902,0.0
1739071740.0,6.26907689782374e-06,6.26907689782374e-06,6.26907689782374e-06,6.26907689782374e-06,0.0,0.0,0.0,0.0,0.05508774728372902,0.0
1739071800.0,6.26907689782374e-06,6.26907689782374e-06,6.26907689782374e-06,6.26907689782374e-06,0.0,0.0,0.0,0.0,0.05508774728372902,0.0
1739071860.0,6.26907689782374e-06,6.26907689782374e-06,6.26907689782374e-06,6.26907689782374e-06,0.0,0.0,0.0,0.0,0.05508774728372902,0.0
1739071920.0,6.26907689782374e-06,6.26907689782374e-06,6.26907689782374e-06,6.26907689782374e-06,0.0,0.0,0.0,0.0,0.05508774728372902,0.0
1739071980.0,6.26907689782374e-06,6.26907689782374e-06,6.26907689782374e-06,6.26907689782374e-06,0.0,0.0,0.0,0.0,0.05508774728372902,0.0
1739072040.0,6.26907689782374e-06,6.26907689782374e-06,6.26907689782374e-06,6.26907689782374e-06,0.0,0.0,0.0,0.0,0.05508774728372902,0.0
1739072100.0,6.26907689782374e-06,6.26907689782374e-06,6.26907689782374e-06,6.26907689782374e-06,0.0,0.0,0.0,0.0,0.05508774728372902,0.0
1739072160.0,6.26907689782374e-06,6.26907689782374e-06,6.26907689782374e-06,6.26907689782374e-06,0.0,0.0,0.0,0.0,0.05508774728372902,0.0
1739072220.0,6.26907689782374e-06,6.26907689782374e-06,6.26907689782374e-06,6.26907689782374e-06,0.0,0.0,0.0,0.0,0.05508774728372902,0.0
1739072280.0,6.26907689782374e-06,6.3693390972266e-06,6.26907689782374e-06,6.3693390972266e-06,14.00113154606,8.84760624402643e-05,0.01599313599705013,inf,0.05508774728372902,0.01599313599705013
1739072340.0,6.3693390972266e-06,6.3693390972266e-06,6.3693390972266e-06,6.3693390972266e-06,0.0,0.0,0.0,-1.0,0.055968773117808825,0.0
1739072400.0,6.3693390972266e-06,6.42544812369553e-06,6.3693390972266e-06,6.42544812369553e-06,24.95456246654,0.0001596441584752945,0.008809238386029938,inf,0.055968773117808825,0.008809238386029938
1739072460.0,6.42544812369553e-06,6.42544812369553e-06,6.42544812369553e-06,6.42544812369553e-06,0.0,0.0,0.0,-1.0,0.056461815382377226,0.0
1739072520.0,6.42544812369553e-06,6.42544812369553e-06,6.42544812369553e-06,6.42544812369553e-06,0.0,0.0,0.0,0.0,0.056461815382377226,0.0
1739072580.0,6.42544812369553e-06,6.42544812369553e-06,6.42544812369553e-06,6.42544812369553e-06,0.0,0.0,0.0,0.0,0.056461815382377226,0.0
1739072640.0,6.42544812369553e-06,6.42544812369553e-06,6.42544812369553e-06,6.42544812369553e-06,0.0,0.0,0.0,0.0,0.056461815382377226,0.0
1739072700.0,6.42544812369553e-06,6.42544812369553e-06,6.42544812369553e-06,6.42544812369553e-06,0.0,0.0,0.0,0.0,0.056461815382377226,0.0
1739072760.0,6.42544812369553e-06,6.42544812369553e-06,6.42544812369553e-06,6.42544812369553e-06,0.0,0.0,0.0,0.0,0.056461815382377226,0.0
1739072820.0,6.42544812369553e-06,6.62678002613325e-06,6.42544812369553e-06,6.62678002613325e-06,102.59,0.0006695140429454672,0.03133351924440196,inf,0.056461815382377226,0.03133351924440196
1739072880.0,6.62678002613325e-06,6.62678002613325e-06,6.62678002613325e-06,6.62678002613325e-06,0.0,0.0,0.0,-1.0,0.058230962761234815,0.0
1739072940.0,6.62678002613325e-06,7.06752581309542e-06,6.62678002613325e-06,7.06752581309542e-06,204.66155,0.001401348929615295,0.06650979589243233,inf,0.058230962761234815,0.06650979589243233
1739073000.0,7.06752581309542e-06,7.06752581309542e-06,7.06752581309542e-06,7.06752581309542e-06,0.0,0.0,0.0,-1.0,0.062103892209104374,0.0
1739073060.0,7.06752581309542e-06,7.31933305511182e-06,7.06752581309542e-06,7.31933305511182e-06,5.4573934032,3.925737434006181e-05,0.03562876863496221,inf,0.062103892209104374,0.03562876863496221
1739073120.0,7.31933305511182e-06,7.31933305511182e-06,7.31933305511182e-06,7.31933305511182e-06,0.0,0.0,0.0,-1.0,0.06431657741595319,0.0
1739073180.0,7.31933305511182e-06,7.31933305511182e-06,7.31933305511182e-06,7.31933305511182e-06,0.0,0.0,0.0,0.0,0.06431657741595319,0.0
1739073240.0,7.31933305511182e-06,7.31933305511182e-06,7.30990951240303e-06,7.30990951240303e-06,0.3674268594,2.687588325991387e-06,-0.0012874865288728036,inf,0.06431657741595319,0.0012874865288728036
1739073300.0,7.30990951240303e-06,7.93822270774428e-06,7.30990951240303e-06,7.93822270774428e-06,411.16113189486,0.003134719651459126,0.085953621488086,1165.3689788884624,0.06423377068894694,0.085953621488086
1739073360.0,7.93822270774428e-06,7.93822270774428e-06,7.93822270774428e-06,7.93822270774428e-06,0.0,0.0,0.0,-1.0,0.0697548959014972,0.0
1739073420.0,7.93822270774428e-06,7.93822270774428e-06,7.93822270774428e-06,7.93822270774428e-06,0.0,0.0,0.0,0.0,0.0697548959014972,0.0
1739073480.0,7.93822270774428e-06,7.93822270774428e-06,7.93822270774428e-06,7.93822270774428e-06,0.0,0.0,0.0,0.0,0.0697548959014972,0.0
1739073540.0,7.93822270774428e-06,7.93822270774428e-06,7.93822270774428e-06,7.93822270774428e-06,0.0,0.0,0.0,0.0,0.0697548959014972,0.0
1739073600.0,7.93822270774428e-06,7.93822270774428e-06,7.93822270774428e-06,7.93822270774428e-06,0.0,0.0,0.0,0.0,0.0697548959014972,0.0
1739073660.0,7.93822270774428e-06,9.43618977742398e-06,7.93822270774428e-06,9.39552135609331e-06,1077.94047026857,0.00934237211384406,0.18357996518884956,inf,0.0697548959014972,0.18870307937044042
1739073720.0,9.39552135609331e-06,9.39552135609331e-06,8.13406522856526e-06,8.13406522856526e-06,276.27245216262,0.0024214709355702946,-0.13426142943200842,-0.7408076978670095,0.08256049726284588,0.13426142943200842
1739073780.0,8.13406522856526e-06,8.13406522856526e-06,7.71247811576181e-06,7.71247811576181e-06,4.56380412492,3.616025994028172e-05,-0.05182981706649178,-0.9850668205803735,0.07147580688571877,0.05182981706649178
1739073840.0,7.71247811576181e-06,7.71247811576181e-06,7.71247811576181e-06,7.71247811576181e-06,0.0,0.0,0.0,-1.0,0.06777122889015207,0.0
1739073900.0,7.71247811576181e-06,7.71247811576181e-06,7.61815654399738e-06,7.61815654399738e-06,61.25671282822,0.00046955214241361257,-0.012229736065204153,inf,0.06777122889015207,0.012229736065204153
1739073960.0,7.61815654399738e-06,7.61815654399738e-06,7.61815654399738e-06,7.61815654399738e-06,0.0,0.0,0.0,-1.0,0.06694240464801098,0.0
1739074020.0,7.61815654399738e-06,7.61815654399738e-06,7.61815654399738e-06,7.61815654399738e-06,0.0,0.0,0.0,0.0,0.06694240464801098,0.0
1739074080.0,7.61815654399738e-06,7.61815654399738e-06,7.61815654399738e-06,7.61815654399738e-06,0.0,0.0,0.0,0.0,0.06694240464801098,0.0
1739074140.0,7.61815654399738e-06,7.61815654399738e-06,7.55595716544538e-06,7.55595716544538e-06,2.058,1.56141630070166e-05,-0.008164623317042439,inf,0.06694240464801098,0.008164623317042439
1739074200.0,7.55595716544538e-06,7.55595716544538e-06,7.55595716544538e-06,7.55595716544538e-06,0.0,0.0,0.0,-1.0,0.06639584513012294,0.0
1739074260.0,7.55595716544538e-06,7.55595716544538e-06,7.55595716544538e-06,7.55595716544538e-06,0.0,0.0,0.0,0.0,0.06639584513012294,0.0
1739074320.0,7.55595716544538e-06,7.55595716544538e-06,7.55595716544538e-06,7.55595716544538e-06,0.0,0.0,0.0,0.0,0.06639584513012294,0.0
1739074380.0,7.55595716544538e-06,7.55595716544538e-06,7.55595716544538e-06,7.55595716544538e-06,0.0,0.0,0.0,0.0,0.06639584513012294,0.0
1739074440.0,7.55595716544538e-06,7.55595716544538e-06,7.55595716544538e-06,7.55595716544538e-06,0.0,0.0,0.0,0.0,0.06639584513012294,0.0
1739074500.0,7.55595716544538e-06,8.30757391138955e-06,7.55595716544538e-06,8.10118232423187e-06,516.37168838497,0.004042451776781815,0.07215831784752474,inf,0.06639584513012294,0.09947339952923968
1739074560.0,8.10118232423187e-06,8.10118232423187e-06,7.84348434422686e-06,7.84348434422686e-06,9.926523375,7.913755319551947e-05,-0.03180992226704937,-0.9804233773053143,0.07118685762677737,0.03180992226704937
1739074620.0,7.84348434422686e-06,7.87035247488756e-06,7.82522456420801e-06,7.87035247488756e-06,11.26419974727,8.850189836325534e-05,0.003425535065991042,0.11832998102177925,0.06892240921923408,0.005753553994503176
1739074680.0,7.87035247488756e-06,7.87035247488756e-06,7.87035247488756e-06,7.87035247488756e-06,0.0,0.0,0.0,-1.0,0.06915850534884714,0.0
1739074740.0,7.87035247488756e-06,7.87035247488756e-06,7.59661520564356e-06,7.59661520564356e-06,159.8396182096,0.0012361171044581584,-0.03478081447018182,inf,0.06915850534884714,0.03478081447018182
1739074800.0,7.59661520564356e-06,7.59661520564356e-06,7.41495357202675e-06,7.41495357202675e-06,8.134266,6.105404675743258e-05,-0.023913496827093796,-0.950608201652387,0.06675311620527381,0.023913496827093796
1739074860.0,7.41495357202675e-06,7.41495357202675e-06,7.38297139544016e-06,7.38297139544016e-06,6.13079689548,4.536153622504605e-05,-0.00431319984352221,-0.25702654231475913,0.06515681577270037,0.00431319984352221
1739074920.0,7.38297139544016e-06,7.38297139544016e-06,7.36522844023137e-06,7.36594109519617e-06,5.2903470248,3.9013432656936733e-05,-0.0023067000170836293,-0.1399446336344371,0.06487578140510517,0.002403226866048605
1739074980.0,7.36594109519617e-06,7.36594109519617e-06,7.36594109519617e-06,7.36594109519617e-06,0.0,0.0,0.0,-1.0,0.0647261324390297,0.0
1739075040.0,7.36594109519617e-06,7.36594109519617e-06,7.36594109519617e-06,7.36594109519617e-06,0.0,0.0,0.0,0.0,0.0647261324390297,0.0
1739075100.0,7.36594109519617e-06,7.36594109519617e-06,7.36594109519617e-06,7.36594109519617e-06,0.0,0.0,0.0,0.0,0.0647261324390297,0.0
1739075160.0,7.36594109519617e-06,7.36594109519617e-06,7.36594109519617e-06,7.36594109519617e-06,0.0,0.0,0.0,0.0,0.0647261324390297,0.0
1739075220.0,7.36594109519617e-06,7.36594109519617e-06,7.36594109519617e-06,7.36594109519617e-06,0.0,0.0,0.0,0.0,0.0647261324390297,0.0
1739075280.0,7.36594109519617e-06,7.36594109519617e-06,7.36594109519617e-06,7.36594109519617e-06,0.0,0.0,0.0,0.0,0.0647261324390297,0.0
1739075340.0,7.36594109519617e-06,7.36594109519617e-06,7.36594109519617e-06,7.36594109519617e-06,0.0,0.0,0.0,0.0,0.0647261324390297,0.0
1739075400.0,7.36594109519617e-06,7.40670824002445e-06,7.36104155082917e-06,7.36104155082917e-06,10.11146676246,7.445569776830523e-05,-0.0006651620347867013,inf,0.0647261324390297,0.006199708714078853
1739075460.0,7.36104155082917e-06,7.36104155082917e-06,7.36104155082917e-06,7.36104155082917e-06,0.0,0.0,0.0,-1.0,0.06468307907307266,0.0
1739075520.0,7.36104155082917e-06,7.36104155082917e-06,6.68140909971763e-06,6.68140909971763e-06,282.42110810391,0.0019829422366109497,-0.09232829979542559,inf,0.06468307907307266,0.09232829979542559
1739075580.0,6.68140909971763e-06,7.00514310476728e-06,6.68140909971763e-06,7.00514310476728e-06,210.20685524976,0.0014385035490582217,0.04845295359377586,-0.27456104242513346,0.058711000356722796,0.04845295359377586
1739075640.0,7.00514310476728e-06,1.01734825486881e-05,7.00514310476728e-06,1.01734825486881e-05,1028.74563137765,0.008836218047032125,0.45228761162132974,5.1426459829154645,0.061555721732451246,0.45228761162132974
1739075700.0,1.01734825486881e-05,1.86946598099178e-05,1.01734825486881e-05,1.86946598099178e-05,2227.1280138716,0.03214652427764229,0.8375870524620432,2.6380410834745684,0.0893966120964488,0.8375870524620432
1739075760.0,1.86946598099178e-05,1.86946598099178e-05,1.42739903425915e-05,1.52649704707026e-05,1306.57995895075,0.022185486169017825,-0.18345823749067086,-0.3098636114621046,0.164274056922406,0.23646696501966127
1739075820.0,1.52649704707026e-05,1.53116549098892e-05,1.26032622572552e-05,1.26032622572552e-05,729.73056601425,0.010168150621194746,-0.17436707254402506,-0.5416755556434624,0.13413662797397924,0.17742534502979238
1739075880.0,1.26032622572552e-05,1.3010587514635e-05,1.26032622572552e-05,1.3010587514635e-05,205.35,0.0026299020253288258,0.0323190336807693,-0.7413588642317126,0.1107476168332295,0.0323190336807693
1739075940.0,1.3010587514635e-05,1.34144745855588e-05,1.3010587514635e-05,1.33398719815339e-05,11.07694003414,0.00014594122985554892,0.025308962145522182,-0.9445069708110889,0.11432687279172758,0.031042954091772348
1739076000.0,1.33398719815339e-05,1.33398719815339e-05,8.17130457124473e-06,8.184989264395e-06,1845.5742965679,0.019862865326338443,-0.3864267006665951,135.10180855676288,0.11722036728742935,0.38745254957798
1739076060.0,8.184989264395e-06,8.184989264395e-06,7.48720654631648e-06,7.48720654631648e-06,234.40688361357,0.0018368352896852627,-0.08525151292670603,-0.9075241532625409,0.07192328750562155,0.08525151292670603
1739076120.0,7.48720654631648e-06,7.48720654631648e-06,7.42362336140072e-06,7.42362336140072e-06,21.48100867212,0.00016014983327808973,-0.008492244006149582,-0.9128120881728427,0.06579171843110486,0.008492244006149582
1739076180.0,7.42362336140072e-06,7.42362336140072e-06,7.42362336140072e-06,7.42362336140072e-06,0.0,0.0,0.0,-1.0,0.06523299910460403,0.0
1739076240.0,7.42362336140072e-06,7.42362336140072e-06,5.86021626594449e-06,5.86021626594449e-06,585.42948124596,0.003888375670995617,-0.21059892445314463,inf,0.06523299910460403,0.21059892445314463
1739076300.0,5.86021626594449e-06,5.90382293637905e-06,5.86021626594449e-06,5.90382293637905e-06,41.064,0.00024153925290210695,0.007441136718446983,-0.9378817086260955,0.05149499965432147,0.007441136718446983
1739076360.0,5.90382293637905e-06,6.00161531872933e-06,5.90382293637905e-06,6.00161531872933e-06,30.8235,0.0001834836380281666,0.016564247167320783,-0.24035685370555332,0.05187818098706566,0.016564247167320783
1739076420.0,6.00161531872933e-06,6.00161531872933e-06,6.00161531872933e-06,6.00161531872933e-06,0.0,0.0,0.0,-1.0,0.05273750399952642,0.0
1739076480.0,6.00161531872933e-06,6.01668507747066e-06,6.00161531872933e-06,6.01668507747066e-06,1.6963026399,1.019333734459263e-05,0.002510950459337413,inf,0.05273750399952642,0.002510950459337413
1739076540.0,6.01668507747066e-06,6.01668507747066e-06,6.01668507747066e-06,6.01668507747066e-06,0.0,0.0,0.0,-1.0,0.05286992525941833,0.0
1739076600.0,6.01668507747066e-06,6.01668507747066e-06,6.01668507747066e-06,6.01668507747066e-06,0.0,0.0,0.0,0.0,0.05286992525941833,0.0
1739076660.0,6.01668507747066e-06,6.01668507747066e-06,5.9581942310634e-06,5.9581942310634e-06,41.4421791678,0.00024813254690852474,-0.00972144056970464,inf,0.05286992525941833,0.00972144056970464
1739076720.0,5.9581942310634e-06,5.9581942310634e-06,5.86428543227238e-06,5.86428543227238e-06,32.44854768219,0.0001918111475387363,-0.015761285239984497,-0.22698110373465671,0.052355953423084176,0.015761285239984497
1739076780.0,5.86428543227238e-06,5.92802870487017e-06,5.86428543227238e-06,5.92802870487017e-06,57.1314198,0.0003368558246912829,0.01086974250042432,0.7561848151878386,0.051530756307171605,0.01086974250042432
1739076840.0,5.92802870487017e-06,5.92802870487017e-06,5.92802870487017e-06,5.92802870487017e-06,0.0,0.0,0.0,-1.0,0.05209088235908267,0.0
1739076900.0,5.92802870487017e-06,5.92802870487017e-06,5.92802870487017e-06,5.92802870487017e-06,0.0,0.0,0.0,0.0,0.05209088235908267,0.0
1739076960.0,5.92802870487017e-06,5.92802870487017e-06,5.92802870487017e-06,5.92802870487017e-06,0.0,0.0,0.0,0.0,0.05209088235908267,0.0
1739077020.0,5.92802870487017e-06,5.92802870487017e-06,5.92802870487017e-06,5.92802870487017e-06,0.0,0.0,0.0,0.0,0.05209088235908267,0.0
1739077080.0,5.92802870487017e-06,5.92802870487017e-06,5.90939484703328e-06,5.90939484703328e-06,56.95183585944,0.0003370815015633373,-0.0031433481119248845,inf,0.05209088235908267,0.0031433481119248845
1739077140.0,5.90939484703328e-06,5.90939484703328e-06,5.90939484703328e-06,5.90939484703328e-06,0.0,0.0,0.0,-1.0,0.05192714258237075,0.0
1739077200.0,5.90939484703328e-06,5.90939484703328e-06,5.90939484703328e-06,5.90939484703328e-06,0.0,0.0,0.0,0.0,0.05192714258237075,0.0
1739077260.0,5.90939484703328e-06,5.90939484703328e-06,5.90939484703328e-06,5.90939484703328e-06,0.0,0.0,0.0,0.0,0.05192714258237075,0.0
1739077320.0,5.90939484703328e-06,5.91200558983418e-06,5.90939484703328e-06,5.91200558983418e-06,41.186,0.0002434380991964116,0.00044179528843140586,inf,0.05192714258237075,0.00044179528843140586
1739077380.0,5.91200558983418e-06,5.91200558983418e-06,5.91200558983418e-06,5.91200558983418e-06,0.0,0.0,0.0,-1.0,0.05195008374930535,0.0
1739077440.0,5.91200558983418e-06,5.91200558983418e-06,5.91200558983418e-06,5.91200558983418e-06,0.0,0.0,0.0,0.0,0.05195008374930535,0.0
1739077500.0,5.91200558983418e-06,6.21576070942622e-06,5.91200558983418e-06,6.21576070942622e-06,208.23914083869,0.0012627378172252021,0.05137936948408048,inf,0.05195008374930535,0.05137936948408048
1739077560.0,6.21576070942622e-06,6.39892756338161e-06,6.21576070942622e-06,6.39892756338161e-06,44.57814300423,0.0002811696888895053,0.029468131499595464,-0.7773332792809196,0.05461924629698983,0.029468131499595464
1739077620.0,6.39892756338161e-06,6.39892756338161e-06,6.07487334699007e-06,6.07487334699007e-06,199.23038499406,0.001242580078856303,-0.050641957293901405,3.4193244434132977,0.05622877342927832,0.050641957293901405
1739077680.0,6.07487334699007e-06,6.07487334699007e-06,5.81749309495226e-06,5.81749309495226e-06,2.46592237638,1.4662826258648098e-05,-0.04236800297496487,-0.9881996931158401,0.05338123828658435,0.04236800297496487
1739077740.0,5.81749309495226e-06,5.81749309495226e-06,5.81749309495226e-06,5.81749309495226e-06,0.0,0.0,0.0,-1.0,0.05111958182405103,0.0
1739077800.0,5.81749309495226e-06,5.81749309495226e-06,5.81749309495226e-06,5.81749309495226e-06,0.0,0.0,0.0,0.0,0.05111958182405103,0.0
1739077860.0,5.81749309495226e-06,5.81749309495226e-06,5.81749309495226e-06,5.81749309495226e-06,0.0,0.0,0.0,0.0,0.05111958182405103,0.0
1739077920.0,5.81749309495226e-06,5.81749309495226e-06,5.81308786380772e-06,5.81308786380772e-06,0.09512962149,5.532063821578191e-07,-0.0007572387405776108,inf,0.05111958182405103,0.0007572387405776108
1739077980.0,5.81308786380772e-06,5.81308786380772e-06,5.78435735059679e-06,5.78435735059679e-06,22.27380288052,0.00012915960431163803,-0.004942384131126838,232.47453767225574,0.05108087209629174,0.004942384131126838
1739078040.0,5.78435735059679e-06,5.78435735059679e-06,5.78435735059679e-06,5.78435735059679e-06,0.0,0.0,0.0,-1.0,0.0508284108046389,0.0
1739078100.0,5.78435735059679e-06,5.78435735059679e-06,5.78435735059679e-06,5.78435735059679e-06,0.0,0.0,0.0,0.0,0.0508284108046389,0.0
1739078160.0,5.78435735059679e-06,5.78435735059679e-06,5.78435735059679e-06,5.78435735059679e-06,0.0,0.0,0.0,0.0,0.0508284108046389,0.0
1739078220.0,5.78435735059679e-06,5.78435735059679e-06,5.78435735059679e-06,5.78435735059679e-06,0.0,0.0,0.0,0.0,0.0508284108046389,0.0
1739078280.0,5.78435735059679e-06,5.78435735059679e-06,5.78435735059679e-06,5.78435735059679e-06,0.0,0.0,0.0,0.0,0.0508284108046389,0.0
1739078340.0,5.78435735059679e-06,5.78435735059679e-06,5.75157568391977e-06,5.75157568391977e-06,0.027113896,1.5639204428042322e-07,-0.005667296242276217,inf,0.0508284108046389,0.005667296242276217
1739078400.0,5.75157568391977e-06,5.75157568391977e-06,5.75157568391977e-06,5.75157568391977e-06,0.0,0.0,0.0,-1.0,0.0505403511430849,0.0
1739078460.0,5.75157568391977e-06,5.7938720983914e-06,5.75157568391977e-06,5.7938720983914e-06,6.1776,3.5661579110002746e-05,0.007353882969823747,inf,0.0505403511430849,0.007353882969823747
1739078520.0,5.7938720983914e-06,5.7938720983914e-06,5.7938720983914e-06,5.7938720983914e-06,0.0,0.0,0.0,-1.0,0.05091201897064495,0.0
1739078580.0,5.7938720983914e-06,5.7938720983914e-06,5.7938720983914e-06,5.7938720983914e-06,0.0,0.0,0.0,0.0,0.05091201897064495,0.0
1739078640.0,5.7938720983914e-06,5.7938720983914e-06,5.7938720983914e-06,5.7938720983914e-06,0.0,0.0,0.0,0.0,0.05091201897064495,0.0
1739078700.0,5.7938720983914e-06,5.7938720983914e-06,5.76883327161066e-06,5.76883327161066e-06,10.84551137773,6.270172632384857e-05,-0.004321605026057147,inf,0.05091201897064495,0.004321605026057147
1739078760.0,5.76883327161066e-06,5.76883327161066e-06,5.76883327161066e-06,5.76883327161066e-06,0.0,0.0,0.0,-1.0,0.05069199733357469,0.0
1739078820.0,5.76883327161066e-06,5.76883327161066e-06,5.76883327161066e-06,5.76883327161066e-06,0.0,0.0,0.0,0.0,0.05069199733357469,0.0
1739078880.0,5.76883327161066e-06,5.76883327161066e-06,5.76883327161066e-06,5.76883327161066e-06,0.0,0.0,0.0,0.0,0.05069199733357469,0.0
1739078940.0,5.76883327161066e-06,5.76883327161066e-06,5.76883327161066e-06,5.76883327161066e-06,0.0,0.0,0.0,0.0,0.05069199733357469,0.0
1739079000.0,5.76883327161066e-06,5.76883327161066e-06,5.76883327161066e-06,5.76883327161066e-06,0.0,0.0,0.0,0.0,0.05069199733357469,0.0
1739079060.0,5.76883327161066e-06,5.76883327161066e-06,5.76883327161066e-06,5.76883327161066e-06,0.0,0.0,0.0,0.0,0.05069199733357469,0.0
1739079120.0,5.76883327161066e-06,5.76883327161066e-06,5.76883327161066e-06,5.76883327161066e-06,0.0,0.0,0.0,0.0,0.05069199733357469,0.0
1739079180.0,5.76883327161066e-06,5.76883327161066e-06,5.74899309001107e-06,5.74899309001107e-06,1.65341923185,9.521897807707142e-06,-0.0034392017701787396,inf,0.05069199733357469,0.0034392017701787396
1739079240.0,5.74899309001107e-06,5.74899309001107e-06,5.74899309001107e-06,5.74899309001107e-06,0.0,0.0,0.0,-1.0,0.05051765732661116,0.0
1739079300.0,5.74899309001107e-06,5.74899309001107e-06,5.74899309001107e-06,5.74899309001107e-06,0.0,0.0,0.0,0.0,0.05051765732661116,0.0
1739079360.0,5.74899309001107e-06,5.74899309001107e-06,5.74899309001107e-06,5.74899309001107e-06,0.0,0.0,0.0,0.0,0.05051765732661116,0.0
1739079420.0,5.74899309001107e-06,5.74899309001107e-06,5.74899309001107e-06,5.74899309001107e-06,0.0,0.0,0.0,0.0,0.05051765732661116,0.0
1739079480.0,5.74899309001107e-06,5.74899309001107e-06,5.74899309001107e-06,5.74899309001107e-06,0.0,0.0,0.0,0.0,0.05051765732661116,0.0
1739079540.0,5.74899309001107e-06,5.74899309001107e-06,5.74899309001107e-06,5.74899309001107e-06,0.0,0.0,0.0,0.0,0.05051765732661116,0.0
1739079600.0,5.74899309001107e-06,5.74899309001107e-06,5.74899309001107e-06,5.74899309001107e-06,0.0,0.0,0.0,0.0,0.05051765732661116,0.0
1739079660.0,5.74899309001107e-06,5.74899309001107e-06,5.74899309001107e-06,5.74899309001107e-06,0.0,0.0,0.0,0.0,0.05051765732661116,0.0
1739079720.0,5.74899309001107e-06,5.74899309001107e-06,5.74899309001107e-06,5.74899309001107e-06,0.0,0.0,0.0,0.0,0.05051765732661116,0.0
1739079780.0,5.74899309001107e-06,5.80675786305697e-06,5.50289326532861e-06,5.50289326532861e-06,237.43542164163,0.0013357981905218904,-0.04280746572996607,inf,0.05051765732661116,0.05285527273572964
1739079840.0,5.50289326532861e-06,5.50289326532861e-06,5.50289326532861e-06,5.50289326532861e-06,0.0,0.0,0.0,-1.0,0.04835512444184409,0.0
1739079900.0,5.50289326532861e-06,5.50289326532861e-06,5.50289326532861e-06,5.50289326532861e-06,0.0,0.0,0.0,0.0,0.04835512444184409,0.0
1739079960.0,5.50289326532861e-06,5.50289326532861e-06,5.50289326532861e-06,5.50289326532861e-06,0.0,0.0,0.0,0.0,0.04835512444184409,0.0
1739080020.0,5.50289326532861e-06,5.50289326532861e-06,5.50289326532861e-06,5.50289326532861e-06,0.0,0.0,0.0,0.0,0.04835512444184409,0.0
1739080080.0,5.50289326532861e-06,5.50289326532861e-06,5.05719118842356e-06,5.05719118842356e-06,146.44624082608,0.0007732423355289667,-0.08099413443346776,inf,0.04835512444184409,0.08099413443346776
1739080140.0,5.05719118842356e-06,5.05719118842356e-06,4.79940855003468e-06,4.79940855003468e-06,74.99299775622,0.00036958798103507875,-0.05097348088776459,-0.522028264551439,0.04443864299225431,0.05097348088776459
1739080200.0,4.79940855003468e-06,4.79940855003468e-06,4.79940855003468e-06,4.79940855003468e-06,0.0,0.0,0.0,-1.0,0.04217345067301044,0.0
1739080260.0,4.79940855003468e-06,4.79940855003468e-06,4.79940855003468e-06,4.79940855003468e-06,0.0,0.0,0.0,0.0,0.04217345067301044,0.0
1739080320.0,4.79940855003468e-06,4.79940855003468e-06,4.79940855003468e-06,4.79940855003468e-06,0.0,0.0,0.0,0.0,0.04217345067301044,0.0
1739080380.0,4.79940855003468e-06,4.79940855003468e-06,4.62690313033585e-06,4.62690313033585e-06,71.62965878892,0.00033760174465147604,-0.03594305796233653,inf,0.04217345067301044,0.03594305796233653
1739080440.0,4.62690313033585e-06,4.62690313033585e-06,4.62690313033585e-06,4.62690313033585e-06,0.0,0.0,0.0,-1.0,0.04065760789099868,0.0
1739080500.0,4.62690313033585e-06,4.62690313033585e-06,4.62690313033585e-06,4.62690313033585e-06,0.0,0.0,0.0,0.0,0.04065760789099868,0.0
1739080560.0,4.62690313033585e-06,4.62690313033585e-06,4.62690313033585e-06,4.62690313033585e-06,0.0,0.0,0.0,0.0,0.04065760789099868,0.0
1739080620.0,4.62690313033585e-06,4.62690313033585e-06,4.62690313033585e-06,4.62690313033585e-06,0.0,0.0,0.0,0.0,0.04065760789099868,0.0
1739080680.0,4.62690313033585e-06,4.62690313033585e-06,4.53766920216833e-06,4.53766920216833e-06,0.23818707922,1.0914413580897967e-06,-0.019285886402606242,inf,0.04065760789099868,0.019285886402606242
1739080740.0,4.53766920216833e-06,4.53766920216833e-06,4.53766920216833e-06,4.53766920216833e-06,0.0,0.0,0.0,-1.0,0.039873489883811175,0.0
1739080800.0,4.53766920216833e-06,4.53766920216833e-06,4.53766920216833e-06,4.53766920216833e-06,0.0,0.0,0.0,0.0,0.039873489883811175,0.0
1739080860.0,4.53766920216833e-06,4.53766920216833e-06,4.53766920216833e-06,4.53766920216833e-06,0.0,0.0,0.0,0.0,0.039873489883811175,0.0
1739080920.0,4.53766920216833e-06,4.53766920216833e-06,4.53766920216833e-06,4.53766920216833e-06,0.0,0.0,0.0,0.0,0.039873489883811175,0.0
1739080980.0,4.53766920216833e-06,4.53766920216833e-06,4.53766920216833e-06,4.53766920216833e-06,0.0,0.0,0.0,0.0,0.039873489883811175,0.0
1739081040.0,4.53766920216833e-06,4.53766920216833e-06,4.53766920216833e-06,4.53766920216833e-06,0.0,0.0,0.0,0.0,0.039873489883811175,0.0
1739081100.0,4.53766920216833e-06,4.53766920216833e-06,4.53766920216833e-06,4.53766920216833e-06,0.0,0.0,0.0,0.0,0.039873489883811175,0.0
1739081160.0,4.53766920216833e-06,4.53766920216833e-06,4.53766920216833e-06,4.53766920216833e-06,0.0,0.0,0.0,0.0,0.039873489883811175,0.0
1739081220.0,4.53766920216833e-06,4.53766920216833e-06,4.53766920216833e-06,4.53766920216833e-06,0.0,0.0,0.0,0.0,0.039873489883811175,0.0
1739081280.0,4.53766920216833e-06,4.53766920216833e-06,4.53766920216833e-06,4.53766920216833e-06,0.0,0.0,0.0,0.0,0.039873489883811175,0.0
1739081340.0,4.53766920216833e-06,4.53766920216833e-06,4.53766920216833e-06,4.53766920216833e-06,0.0,0.0,0.0,0.0,0.039873489883811175,0.0
1739081400.0,4.53766920216833e-06,4.53766920216833e-06,4.53766920216833e-06,4.53766920216833e-06,0.0,0.0,0.0,0.0,0.039873489883811175,0.0
1739081460.0,4.53766920216833e-06,4.53766920216833e-06,4.53766920216833e-06,4.53766920216833e-06,0.0,0.0,0.0,0.0,0.039873489883811175,0.0
1739081520.0,4.53766920216833e-06,4.53766920216833e-06,4.53766920216833e-06,4.53766920216833e-06,0.0,0.0,0.0,0.0,0.039873489883811175,0.0
1739081580.0,4.53766920216833e-06,4.53766920216833e-06,4.53766920216833e-06,4.53766920216833e-06,0.0,0.0,0.0,0.0,0.039873489883811175,0.0
1739081640.0,4.53766920216833e-06,4.53766920216833e-06,4.53766920216833e-06,4.53766920216833e-06,0.0,0.0,0.0,0.0,0.039873489883811175,0.0
1739081700.0,4.53766920216833e-06,4.53766920216833e-06,4.53766920216833e-06,4.53766920216833e-06,0.0,0.0,0.0,0.0,0.039873489883811175,0.0
1739081760.0,4.53766920216833e-06,4.53766920216833e-06,4.53766920216833e-06,4.53766920216833e-06,0.0,0.0,0.0,0.0,0.039873489883811175,0.0
1739081820.0,4.53766920216833e-06,4.53766920216833e-06,4.53766920216833e-06,4.53766920216833e-06,0.0,0.0,0.0,0.0,0.039873489883811175,0.0
1739081880.0,4.53766920216833e-06,4.53766920216833e-06,4.53766920216833e-06,4.53766920216833e-06,0.0,0.0,0.0,0.0,0.039873489883811175,0.0
1739081940.0,4.53766920216833e-06,4.53766920216833e-06,4.53766920216833e-06,4.53766920216833e-06,0.0,0.0,0.0,0.0,0.039873489883811175,0.0
1739082000.0,4.53766920216833e-06,4.53766920216833e-06,4.53766920216833e-06,4.53766920216833e-06,0.0,0.0,0.0,0.0,0.039873489883811175,0.0
1739082060.0,4.53766920216833e-06,4.53766920216833e-06,4.53766920216833e-06,4.53766920216833e-06,0.0,0.0,0.0,0.0,0.039873489883811175,0.0
1739082120.0,4.53766920216833e-06,4.53766920216833e-06,4.53766920216833e-06,4.53766920216833e-06,0.0,0.0,0.0,0.0,0.039873489883811175,0.0
1739082180.0,4.53766920216833e-06,4.53766920216833e-06,4.53766920216833e-06,4.53766920216833e-06,0.0,0.0,0.0,0.0,0.039873489883811175,0.0
1739082240.0,4.53766920216833e-06,4.53766920216833e-06,4.53766920216833e-06,4.53766920216833e-06,0.0,0.0,0.0,0.0,0.039873489883811175,0.0
1739082300.0,4.53766920216833e-06,4.53766920216833e-06,4.53766920216833e-06,4.53766920216833e-06,0.0,0.0,0.0,0.0,0.039873489883811175,0.0
1739082360.0,4.53766920216833e-06,4.53766920216833e-06,4.53766920216833e-06,4.53766920216833e-06,0.0,0.0,0.0,0.0,0.039873489883811175,0.0
1739082420.0,4.53766920216833e-06,4.53766920216833e-06,4.53766920216833e-06,4.53766920216833e-06,0.0,0.0,0.0,0.0,0.039873489883811175,0.0
1739082480.0,4.53766920216833e-06,4.53766920216833e-06,4.53766920216833e-06,4.53766920216833e-06,0.0,0.0,0.0,0.0,0.039873489883811175,0.0
1739082540.0,4.53766920216833e-06,4.53766920216833e-06,4.53766920216833e-06,4.53766920216833e-06,0.0,0.0,0.0,0.0,0.039873489883811175,0.0
1739082600.0,4.53766920216833e-06,4.53766920216833e-06,4.53766920216833e-06,4.53766920216833e-06,0.0,0.0,0.0,0.0,0.039873489883811175,0.0
1739082660.0,4.53766920216833e-06,4.53766920216833e-06,4.53766920216833e-06,4.53766920216833e-06,0.0,0.0,0.0,0.0,0.039873489883811175,0.0
1739082720.0,4.53766920216833e-06,4.53766920216833e-06,4.53766920216833e-06,4.53766920216833e-06,0.0,0.0,0.0,0.0,0.039873489883811175,0.0
1739082780.0,4.53766920216833e-06,4.53766920216833e-06,4.53766920216833e-06,4.53766920216833e-06,0.0,0.0,0.0,0.0,0.039873489883811175,0.0
1739082840.0,4.53766920216833e-06,4.53766920216833e-06,4.53766920216833e-06,4.53766920216833e-06,0.0,0.0,0.0,0.0,0.039873489883811175,0.0
1739082900.0,4.53766920216833e-06,4.53766920216833e-06,4.53766920216833e-06,4.53766920216833e-06,0.0,0.0,0.0,0.0,0.039873489883811175,0.0
1739082960.0,4.53766920216833e-06,4.53766920216833e-06,4.53766920216833e-06,4.53766920216833e-06,0.0,0.0,0.0,0.0,0.039873489883811175,0.0
1739083020.0,4.53766920216833e-06,4.53766920216833e-06,4.53766920216833e-06,4.53766920216833e-06,0.0,0.0,0.0,0.0,0.039873489883811175,0.0
1739083080.0,4.53766920216833e-06,4.53766920216833e-06,4.53766920216833e-06,4.53766920216833e-06,0.0,0.0,0.0,0.0,0.039873489883811175,0.0
1739083140.0,4.53766920216833e-06,4.53766920216833e-06,4.53766920216833e-06,4.53766920216833e-06,0.0,0.0,0.0,0.0,0.039873489883811175,0.0
1739083200.0,4.53766920216833e-06,4.53766920216833e-06,4.53766920216833e-06,4.53766920216833e-06,0.0,0.0,0.0,0.0,0.039873489883811175,0.0
1739083260.0,4.53766920216833e-06,4.53766920216833e-06,4.53766920216833e-06,4.53766920216833e-06,0.0,0.0,0.0,0.0,0.039873489883811175,0.0
1739083320.0,4.53766920216833e-06,4.53766920216833e-06,4.53766920216833e-06,4.53766920216833e-06,0.0,0.0,0.0,0.0,0.039873489883811175,0.0
1739083380.0,4.53766920216833e-06,4.53766920216833e-06,4.53766920216833e-06,4.53766920216833e-06,0.0,0.0,0.0,0.0,0.039873489883811175,0.0
1739083440.0,4.53766920216833e-06,4.53766920216833e-06,4.53766920216833e-06,4.53766920216833e-06,0.0,0.0,0.0,0.0,0.039873489883811175,0.0
1739083500.0,4.53766920216833e-06,4.53766920216833e-06,4.53766920216833e-06,4.53766920216833e-06,0.0,0.0,0.0,0.0,0.039873489883811175,0.0
1739083560.0,4.53766920216833e-06,4.53766920216833e-06,4.53766920216833e-06,4.53766920216833e-06,0.0,0.0,0.0,0.0,0.039873489883811175,0.0
1739083620.0,4.53766920216833e-06,4.53766920216833e-06,4.53766920216833e-06,4.53766920216833e-06,0.0,0.0,0.0,0.0,0.039873489883811175,0.0
1739083680.0,4.53766920216833e-06,4.53766920216833e-06,4.53766920216833e-06,4.53766920216833e-06,0.0,0.0,0.0,0.0,0.039873489883811175,0.0
1739083740.0,4.53766920216833e-06,4.53766920216833e-06,4.53766920216833e-06,4.53766920216833e-06,0.0,0.0,0.0,0.0,0.039873489883811175,0.0
1739083800.0,4.53766920216833e-06,4.53766920216833e-06,4.53766920216833e-06,4.53766920216833e-06,0.0,0.0,0.0,0.0,0.039873489883811175,0.0
1739083860.0,4.53766920216833e-06,4.53766920216833e-06,4.53766920216833e-06,4.53766920216833e-06,0.0,0.0,0.0,0.0,0.039873489883811175,0.0
1739083920.0,4.53766920216833e-06,4.53766920216833e-06,4.53766920216833e-06,4.53766920216833e-06,0.0,0.0,0.0,0.0,0.039873489883811175,0.0
1739083980.0,4.53766920216833e-06,4.53766920216833e-06,4.53766920216833e-06,4.53766920216833e-06,0.0,0.0,0.0,0.0,0.039873489883811175,0.0
1739084040.0,4.53766920216833e-06,4.53766920216833e-06,4.53766920216833e-06,4.53766920216833e-06,0.0,0.0,0.0,0.0,0.039873489883811175,0.0
1739084100.0,4.53766920216833e-06,4.53766920216833e-06,4.53766920216833e-06,4.53766920216833e-06,0.0,0.0,0.0,0.0,0.039873489883811175,0.0
1739084160.0,4.53766920216833e-06,4.53766920216833e-06,4.53766920216833e-06,4.53766920216833e-06,0.0,0.0,0.0,0.0,0.039873489883811175,0.0
1739084220.0,4.53766920216833e-06,4.53766920216833e-06,4.53766920216833e-06,4.53766920216833e-06,0.0,0.0,0.0,0.0,0.039873489883811175,0.0
1739084280.0,4.53766920216833e-06,4.53766920216833e-06,4.53766920216833e-06,4.53766920216833e-06,0.0,0.0,0.0,0.0,0.039873489883811175,0.0
1739084340.0,4.53766920216833e-06,4.53766920216833e-06,4.53766920216833e-06,4.53766920216833e-06,0.0,0.0,0.0,0.0,0.039873489883811175,0.0
1739084400.0,4.53766920216833e-06,4.53766920216833e-06,4.53766920216833e-06,4.53766920216833e-06,0.0,0.0,0.0,0.0,0.039873489883811175,0.0
1739084460.0,4.53766920216833e-06,4.53766920216833e-06,4.53766920216833e-06,4.53766920216833e-06,0.0,0.0,0.0,0.0,0.039873489883811175,0.0
1739084520.0,4.53766920216833e-06,4.53766920216833e-06,4.53766920216833e-06,4.53766920216833e-06,0.0,0.0,0.0,0.0,0.039873489883811175,0.0
1739084580.0,4.53766920216833e-06,4.53766920216833e-06,4.53766920216833e-06,4.53766920216833e-06,0.0,0.0,0.0,0.0,0.039873489883811175,0.0
1739084640.0,4.53766920216833e-06,4.53766920216833e-06,4.53766920216833e-06,4.53766920216833e-06,0.0,0.0,0.0,0.0,0.039873489883811175,0.0
1739084700.0,4.53766920216833e-06,4.53766920216833e-06,4.53766920216833e-06,4.53766920216833e-06,0.0,0.0,0.0,0.0,0.039873489883811175,0.0
1739084760.0,4.53766920216833e-06,4.53766920216833e-06,4.53766920216833e-06,4.53766920216833e-06,0.0,0.0,0.0,0.0,0.039873489883811175,0.0
1739084820.0,4.53766920216833e-06,4.53766920216833e-06,4.53766920216833e-06,4.53766920216833e-06,0.0,0.0,0.0,0.0,0.039873489883811175,0.0
1739084880.0,4.53766920216833e-06,4.53766920216833e-06,4.53766920216833e-06,4.53766920216833e-06,0.0,0.0,0.0,0.0,0.039873489883811175,0.0
1739084940.0,4.53766920216833e-06,4.53766920216833e-06,4.53766920216833e-06,4.53766920216833e-06,0.0,0.0,0.0,0.0,0.039873489883811175,0.0
1739085000.0,4.53766920216833e-06,4.53766920216833e-06,4.53766920216833e-06,4.53766920216833e-06,0.0,0.0,0.0,0.0,0.039873489883811175,0.0
1739085060.0,4.53766920216833e-06,4.53766920216833e-06,4.53766920216833e-06,4.53766920216833e-06,0.0,0.0,0.0,0.0,0.039873489883811175,0.0
1739085120.0,4.53766920216833e-06,4.53766920216833e-06,4.53766920216833e-06,4.53766920216833e-06,0.0,0.0,0.0,0.0,0.039873489883811175,0.0
1739085180.0,4.53766920216833e-06,4.53766920216833e-06,4.53766920216833e-06,4.53766920216833e-06,0.0,0.0,0.0,0.0,0.039873489883811175,0.0
1739085240.0,4.53766920216833e-06,4.53766920216833e-06,4.53766920216833e-06,4.53766920216833e-06,0.0,0.0,0.0,0.0,0.039873489883811175,0.0
1739085300.0,4.53766920216833e-06,4.53766920216833e-06,4.53766920216833e-06,4.53766920216833e-06,0.0,0.0,0.0,0.0,0.039873489883811175,0.0
1739085360.0,4.53766920216833e-06,4.53766920216833e-06,4.53766920216833e-06,4.53766920216833e-06,0.0,0.0,0.0,0.0,0.039873489883811175,0.0
1739085420.0,4.53766920216833e-06,4.53766920216833e-06,4.53766920216833e-06,4.53766920216833e-06,0.0,0.0,0.0,0.0,0.039873489883811175,0.0
1739085480.0,4.53766920216833e-06,4.53766920216833e-06,4.53766920216833e-06,4.53766920216833e-06,0.0,0.0,0.0,0.0,0.039873489883811175,0.0
1739085540.0,4.53766920216833e-06,4.53766920216833e-06,4.53766920216833e-06,4.53766920216833e-06,0.0,0.0,0.0,0.0,0.039873489883811175,0.0
1739085600.0,4.53766920216833e-06,4.53766920216833e-06,4.53766920216833e-06,4.53766920216833e-06,0.0,0.0,0.0,0.0,0.039873489883811175,0.0
1739085660.0,4.53766920216833e-06,4.53766920216833e-06,4.53766920216833e-06,4.53766920216833e-06,0.0,0.0,0.0,0.0,0.039873489883811175,0.0
1739085720.0,4.53766920216833e-06,4.53766920216833e-06,4.53766920216833e-06,4.53766920216833e-06,0.0,0.0,0.0,0.0,0.039873489883811175,0.0
1739085780.0,4.53766920216833e-06,4.53766920216833e-06,4.53766920216833e-06,4.53766920216833e-06,0.0,0.0,0.0,0.0,0.039873489883811175,0.0
1739085840.0,4.53766920216833e-06,4.53766920216833e-06,4.53766920216833e-06,4.53766920216833e-06,0.0,0.0,0.0,0.0,0.039873489883811175,0.0
1739085900.0,4.53766920216833e-06,4.53766920216833e-06,4.53766920216833e-06,4.53766920216833e-06,0.0,0.0,0.0,0.0,0.039873489883811175,0.0
1739085960.0,4.53766920216833e-06,4.53766920216833e-06,4.49578262287686e-06,4.49578262287686e-06,0.253351369,1.1443186933353735e-06,-0.009230857831473155,inf,0.039873489883811175,0.009230857831473155
1739086020.0,4.49578262287686e-06,4.49578262287686e-06,4.49578262287686e-06,4.49578262287686e-06,0.0,0.0,0.0,-1.0,0.03950542336744903,0.0
1739086080.0,4.49578262287686e-06,4.49578262287686e-06,4.49578262287686e-06,4.49578262287686e-06,0.0,0.0,0.0,0.0,0.03950542336744903,0.0
1739086140.0,4.49578262287686e-06,4.49578262287686e-06,4.49578262287686e-06,4.49578262287686e-06,0.0,0.0,0.0,0.0,0.03950542336744903,0.0
1739086200.0,4.49578262287686e-06,4.49578262287686e-06,4.49578262287686e-06,4.49578262287686e-06,0.0,0.0,0.0,0.0,0.03950542336744903,0.0
1739086260.0,4.49578262287686e-06,4.49578262287686e-06,4.49578262287686e-06,4.49578262287686e-06,0.0,0.0,0.0,0.0,0.03950542336744903,0.0
1739086320.0,4.49578262287686e-06,4.49578262287686e-06,4.49578262287686e-06,4.49578262287686e-06,0.0,0.0,0.0,0.0,0.03950542336744903,0.0
1739086380.0,4.49578262287686e-06,4.49709626404936e-06,4.49578262287686e-06,4.49709626404936e-06,0.14137521358,6.356850866691335e-07,0.00029219410338382577,inf,0.03950542336744903,0.00029219410338382577
1739086440.0,4.49709626404936e-06,4.49709626404936e-06,4.49709626404936e-06,4.49709626404936e-06,0.0,0.0,0.0,-1.0,0.03951696661920868,0.0
1739086500.0,4.49709626404936e-06,4.49709626404936e-06,4.49709626404936e-06,4.49709626404936e-06,0.0,0.0,0.0,0.0,0.03951696661920868,0.0
1739086560.0,4.49709626404936e-06,4.49709626404936e-06,4.49709626404936e-06,4.49709626404936e-06,0.0,0.0,0.0,0.0,0.03951696661920868,0.0
1739086620.0,4.49709626404936e-06,4.49709626404936e-06,4.49709626404936e-06,4.49709626404936e-06,0.0,0.0,0.0,0.0,0.03951696661920868,0.0
1739086680.0,4.49709626404936e-06,4.49709626404936e-06,4.49709626404936e-06,4.49709626404936e-06,0.0,0.0,0.0,0.0,0.03951696661920868,0.0
1739086740.0,4.49709626404936e-06,4.49709626404936e-06,4.49709626404936e-06,4.49709626404936e-06,0.0,0.0,0.0,0.0,0.03951696661920868,0.0
1739086800.0,4.49709626404936e-06,4.49709626404936e-06,4.49709626404936e-06,4.49709626404936e-06,0.0,0.0,0.0,0.0,0.03951696661920868,0.0
1739086860.0,4.49709626404936e-06,4.49709626404936e-06,4.49709626404936e-06,4.49709626404936e-06,0.0,0.0,0.0,0.0,0.03951696661920868,0.0
1739086920.0,4.49709626404936e-06,4.49709626404936e-06,4.49709626404936e-06,4.49709626404936e-06,0.0,0.0,0.0,0.0,0.03951696661920868,0.0
1739086980.0,4.49709626404936e-06,4.49709626404936e-06,4.49709626404936e-06,4.49709626404936e-06,0.0,0.0,0.0,0.0,0.03951696661920868,0.0
1739087040.0,4.49709626404936e-06,4.49709626404936e-06,4.49709626404936e-06,4.49709626404936e-06,0.0,0.0,0.0,0.0,0.03951696661920868,0.0
1739087100.0,4.49709626404936e-06,4.49709626404936e-06,4.49709626404936e-06,4.49709626404936e-06,0.0,0.0,0.0,0.0,0.03951696661920868,0.0
1739087160.0,4.49709626404936e-06,4.49709626404936e-06,4.49709626404936e-06,4.49709626404936e-06,0.0,0.0,0.0,0.0,0.03951696661920868,0.0
1739087220.0,4.49709626404936e-06,4.49709626404936e-06,4.49709626404936e-06,4.49709626404936e-06,0.0,0.0,0.0,0.0,0.03951696661920868,0.0
1739087280.0,4.49709626404936e-06,4.49709626404936e-06,4.49709626404936e-06,4.49709626404936e-06,0.0,0.0,0.0,0.0,0.03951696661920868,0.0
1739087340.0,4.49709626404936e-06,4.49709626404936e-06,4.49127256315523e-06,4.49127256315523e-06,1.525790812,6.85718528570799e-06,-0.0012949913793674937,inf,0.03951696661920868,0.0012949913793674937
1739087400.0,4.49127256315523e-06,4.49127256315523e-06,4.49127256315523e-06,4.49127256315523e-06,0.0,0.0,0.0,-1.0,0.039465792488098055,0.0
1739087460.0,4.49127256315523e-06,4.49127256315523e-06,4.49127256315523e-06,4.49127256315523e-06,0.0,0.0,0.0,0.0,0.039465792488098055,0.0
1739087520.0,4.49127256315523e-06,4.49127256315523e-06,4.49127256315523e-06,4.49127256315523e-06,0.0,0.0,0.0,0.0,0.039465792488098055,0.0
