0,1,2,3,4,5
1731781800.0,0.0001047215351198,0.0001179930845496,6.410649560047945e-05,6.439700109642227e-05,20228.036396489515
1731781860.0,6.439700109642227e-05,8.604220360448902e-05,6.051898730487325e-05,8.604220360448902e-05,4082.709554082576
1731781920.0,8.604220360448902e-05,0.0001253871228607,8.540642050449807e-05,0.0001253871228607,4859.106465017369
1731781980.0,0.0001253871228607,0.0001403363439614,0.0001058647628497,0.000113364384726,12342.82247401794
1731782040.0,0.000113364384726,0.000113364384726,9.644574815704396e-05,9.992631431248136e-05,2843.6085952694234
1731782100.0,9.992631431248136e-05,0.0001886673421892,9.544547156571218e-05,0.0001478627459124,19725.75011716511
1731782160.0,0.0001478627459124,0.0003451071360942,0.0001478627459124,0.0002541969051596,39091.02270330793
1731782220.0,0.0002541969051596,0.0002654499615104,0.0002005517734525,0.0002384560968768,23296.774614837283
1731782280.0,0.0002384560968768,0.0002416337656656,0.0001535678539807,0.0001537931707383,12720.619799042584
1731782340.0,0.0001537931707383,0.0002199572788672,0.0001204511726885,0.0001267889546091,17160.344659615497
1731782400.0,0.0001267889546091,0.0002285178667209,0.0001263415469417,0.000169245362954,27761.82491103884
1731782460.0,0.000169245362954,0.0001743270990624,0.0001304338382194,0.0001321160681741,6277.44780308329
1731782520.0,0.0001321160681741,0.0001508161233096,0.0001258261964784,0.0001508161233096,6572.722626664808
1731782580.0,0.0001508161233096,0.0001594411123283,0.0001470005197471,0.0001574011631305,2252.594211517048
1731782640.0,0.0001574011631305,0.0001581657121594,0.0001397787800794,0.0001576122729109,5015.348081126604
1731782700.0,0.0001576122729109,0.0001742769251014,0.0001576122729109,0.0001706892450921,3900.754117512337
1731782760.0,0.0001706892450921,0.000172089160139,0.0001626981756607,0.0001685728427372,3478.5748816994005
1731782820.0,0.0001685728427372,0.0001984569906465,0.0001685728427372,0.0001805639839002,11384.419007188468
1731782880.0,0.0001805639839002,0.0002371292846135,0.0001588639843571,0.0001624051121996,12718.196832118483
1731782940.0,0.0001624051121996,0.0001641505714145,0.000162390432486,0.0001629020348961,349.0250194173966
1731783000.0,0.0001629020348961,0.0001629020348961,0.0001269524247418,0.0001292685695053,3641.934952748983
1731783060.0,0.0001292685695053,0.0001526245253965,0.0001204361792027,0.0001204361792027,5336.947919735717
1731783120.0,0.0001204361792027,0.0001204361792027,8.046475451986897e-05,8.220409797250274e-05,7548.457230850019
1731783180.0,8.220409797250274e-05,8.712455276039689e-05,7.686257435213621e-05,7.686257435213621e-05,2430.835082845326
1731783240.0,7.686257435213621e-05,7.904010548593279e-05,4.925739056177661e-05,5.014008150124118e-05,4869.786926818905
1731783300.0,5.014008150124118e-05,6.291157693587313e-05,5.014008150124118e-05,6.291157693587313e-05,1754.9340868368477
1731783360.0,6.291157693587313e-05,6.708367938693607e-05,6.216715044292358e-05,6.613755432517412e-05,1073.557041415179
1731783420.0,6.613755432517412e-05,6.854203988958543e-05,6.613755432517412e-05,6.818889047915026e-05,705.9795411767694
1731783480.0,6.818889047915026e-05,7.088426721139237e-05,6.791867073279805e-05,7.055839346785079e-05,373.4290190057454
1731783540.0,7.055839346785079e-05,8.20736995763267e-05,7.055839346785079e-05,8.144823564833381e-05,1476.278890300472
1731783600.0,8.144823564833381e-05,8.660493491414e-05,8.13590829600161e-05,8.660493491414e-05,884.6794728382876
1731783660.0,8.660493491414e-05,0.0001055097405818,8.660493491414e-05,9.762614153863112e-05,2635.3674494561233
1731783720.0,9.762614153863112e-05,0.0001171222835054,9.588484139408858e-05,0.0001171222835054,2817.4846801382805
1731783780.0,0.0001171222835054,0.0001213591734713,0.0001171222835054,0.0001206515165217,406.7512761034091
1731783840.0,0.0001206515165217,0.0001206515165217,0.0001153862359738,0.0001193598061548,1260.7751146418482
1731783900.0,0.0001193598061548,0.0001201178850704,0.0001147482142244,0.00011720342179,1275.9601062692695
1731783960.0,0.00011720342179,0.0001529367913263,0.00011720342179,0.000130196693122,8077.050132864708
1731784020.0,0.000130196693122,0.0001923984707935,0.000130196693122,0.0001915525415534,5017.724570510855
1731784080.0,0.0001915525415534,0.0001963656599084,0.000190006854457,0.0001926204751818,1873.9312424377924
1731784140.0,0.0001926204751818,0.0002027469356778,0.0001871575526163,0.0001871575526163,2588.9971757894705
1731784200.0,0.0001871575526163,0.0002206703558485,0.0001716539908469,0.0001924778507414,7686.582594544786
1731784260.0,0.0001924778507414,0.0001924778507414,0.0001874354063726,0.0001874354063726,443.9975524562272
1731784320.0,0.0001874354063726,0.0001948572364952,0.0001768100807167,0.0001791139263681,4932.639644840209
1731784380.0,0.0001791139263681,0.000183741484915,0.0001037702230397,0.0001051570767106,7120.356680399304
1731784440.0,0.0001051570767106,0.0002667295583861,0.0001051570767106,0.0001197101607349,23415.339138200456
1731784500.0,0.0001197101607349,0.0001203944389656,0.0001140604232636,0.0001142234401857,1531.2430695997475
1731784560.0,0.0001142234401857,0.0001145725095405,0.0001128184117463,0.0001132474600278,311.805686608038
1731784620.0,0.0001132474600278,0.0001132474600278,0.0001047716569724,0.0001047716569724,1909.1049385175504
1731784680.0,0.0001047716569724,0.0001047716569724,9.954178764586604e-05,0.0001012460844803,959.96330771923
1731784740.0,0.0001012460844803,0.0001412504100872,0.0001007633520108,0.0001130642368372,6674.919454807745
1731784800.0,0.0001130642368372,0.0001136685347452,0.0001130642368372,0.0001136156801568,124.19584301777029
1731784860.0,0.0001136156801568,0.0001136156801568,0.0001111770146349,0.0001111770146349,220.70609402517152
1731784920.0,0.0001111770146349,0.0001111770146349,0.0001041973159222,0.0001041973159222,1270.9255977510009
1731784980.0,0.0001041973159222,0.0001050777881581,0.0001041973159222,0.0001050777881581,128.85171555522038
1731785040.0,0.0001050777881581,0.000105277947249,0.0001041413869129,0.0001049770038458,268.0810756184746
1731785100.0,0.0001049770038458,0.0001049770038458,0.0001015149934159,0.0001015149934159,401.5333986256765
1731785160.0,0.0001015149934159,0.0001015149934159,8.853133362240125e-05,8.853133362240125e-05,1282.679600190337
1731785220.0,8.853133362240125e-05,8.853133362240125e-05,8.583948651151947e-05,8.752735077822215e-05,627.0848287562327
1731785280.0,8.752735077822215e-05,0.000108057626685,8.752735077822215e-05,0.0001008547260958,3129.880853785596
1731785340.0,0.0001008547260958,0.0001230563563158,0.0001008547260958,0.0001230563563158,2057.674165798615
1731785400.0,0.0001230563563158,0.0001243273465202,0.0001226346590716,0.0001243273465202,114.40257096332428
1731785460.0,0.0001243273465202,0.0001246913396864,0.0001208275581599,0.0001216424952616,630.3985263736029
1731785520.0,0.0001216424952616,0.000146039526569,0.0001211046739944,0.0001345718579945,3804.453304238385
1731785580.0,0.0001345718579945,0.0001364086442928,0.0001270090626528,0.0001357934222746,976.0114254258882
1731785640.0,0.0001357934222746,0.000141842056416,0.0001344221893815,0.0001389388457817,1590.996131455293
1731785700.0,0.0001389388457817,0.0001389388457817,0.0001363836513059,0.0001363836513059,239.12830818300952
1731785760.0,0.0001363836513059,0.0001376907208277,0.0001363836513059,0.00013763046724,114.08702254804084
1731785820.0,0.00013763046724,0.0001424625532375,0.00013763046724,0.0001424625532375,399.5825199023217
1731785880.0,0.0001424625532375,0.0001444118096511,0.0001424625532375,0.0001444118096511,276.5899072178652
1731785940.0,0.0001444118096511,0.0001458131187621,0.0001444118096511,0.0001451854606818,182.95151611901963
1731786000.0,0.0001451854606818,0.0001933076233578,0.0001451854606818,0.0001536003136991,6707.616500093639
1731786060.0,0.0001536003136991,0.0001605655215841,0.0001536003136991,0.0001605655215841,742.1405096870512
1731786120.0,0.0001605655215841,0.0001688802215138,0.0001601214340685,0.0001615749002496,1276.0879182922022
1731786180.0,0.0001615749002496,0.0001739725755113,0.0001615749002496,0.0001719249513811,1202.6423377058131
1731786240.0,0.0001719249513811,0.0001727138390572,0.0001719249513811,0.0001727138390572,21.63171125746181
1731786300.0,0.0001727138390572,0.0002162187871338,0.0001718499344325,0.0001741858182568,6191.66417085613
1731786360.0,0.0001741858182568,0.0001855795314363,0.0001741858182568,0.0001855795314363,829.5232387306409
1731786420.0,0.0001855795314363,0.0001920730936288,0.0001855795314363,0.0001901365778889,937.265659016303
1731786480.0,0.0001901365778889,0.0002327007397964,0.0001901365778889,0.0002310209170758,5789.401529082852
1731786540.0,0.0002310209170758,0.0003620223320089,0.0002250449992052,0.0003350068734768,40365.75192904228
1731786600.0,0.0003350068734768,0.0004344625644524,0.0003341488615917,0.0004321859551897,8477.6182618145
1731786660.0,0.0004321859551897,0.0004852949897757,0.0003419624571387,0.0003462772205979,21846.331915372004
1731786720.0,0.0003462772205979,0.0003974881969476,0.0003321936212355,0.0003373229309231,12938.648108059217
1731786780.0,0.0003373229309231,0.0003504932423022,0.0003166026064799,0.0003166026064799,4449.6838144031035
1731786840.0,0.0003166026064799,0.0003528828979677,0.0003108276046026,0.0003528828979677,3892.817975546669
1731786900.0,0.0003528828979677,0.0003877110069595,0.0003386564386154,0.0003877110069595,3861.223557147514
1731786960.0,0.0003877110069595,0.0005395019780004,0.0003877110069595,0.0005094996663176,14340.29903862744
1731787020.0,0.0005094996663176,0.0007072423892458,0.0005075743906049,0.0005886615621069,18314.961764331256
1731787080.0,0.0005886615621069,0.0005928110245898,0.0005477551118655,0.0005477551118655,2970.340097737376
1731787140.0,0.0005477551118655,0.0005477551118655,0.0004862403418403,0.0004862403418403,2525.9700533961827
1731787200.0,0.0004862403418403,0.0005274241932883,0.0004855543747174,0.0005200029164663,3605.999083782408
1731787260.0,0.0005200029164663,0.0005365861068299,0.0005200029164663,0.0005365861068299,427.5731552062478
1731787320.0,0.0005365861068299,0.0005651654516389,0.0005365861068299,0.0005501119091539,2001.6514314359565
1731787380.0,0.0005501119091539,0.0005530328373703,0.0004120803567726,0.0004146133933628,6922.639010520723
1731787440.0,0.0004146133933628,0.0004563449198534,0.0003835291219502,0.0004038821027291,10430.149967262429
1731787500.0,0.0004038821027291,0.0004147143588836,0.0003896119126052,0.0003896119126052,2559.7076274752435
1731787560.0,0.0003896119126052,0.0003985782915322,0.0003755086564732,0.0003894203213261,3239.9468856046537
1731787620.0,0.0003894203213261,0.0003894203213261,0.0003809455526293,0.0003884294154099,807.3331622594756
1731787680.0,0.0003884294154099,0.0003933020990672,0.0003754824476702,0.0003933020990672,2599.8254114959605
1731787740.0,0.0003933020990672,0.0003933020990672,0.0003684317977826,0.0003684317977826,503.8393083807942
1731787800.0,0.0003684317977826,0.0003684317977826,0.0003643535384661,0.0003673366914857,909.2394629115536
1731787860.0,0.0003673366914857,0.0003694942793898,0.0003570064304243,0.0003585337181988,678.9492141932428
1731787920.0,0.0003585337181988,0.0003777362471179,0.0003162730652501,0.0003777362471179,9638.154060546152
1731787980.0,0.0003777362471179,0.0004483045155361,0.0003777362471179,0.0004204110616879,5821.251588921187
1731788040.0,0.0004204110616879,0.0004301864660194,0.0004151104820006,0.0004301864660194,1407.207732218987
1731788100.0,0.0004301864660194,0.0004655391965984,0.0004289396507343,0.0004655391965984,2385.672698794193
1731788160.0,0.0004655391965984,0.000488611920085,0.0004655391965984,0.0004744248983062,2583.298158029989
1731788220.0,0.0004744248983062,0.0004744248983062,0.0004497546469859,0.0004558039861359,3107.8018161662426
1731788280.0,0.0004558039861359,0.0004743839587836,0.0004537226248503,0.0004731110800363,1787.7759351109555
1731788340.0,0.0004731110800363,0.0004731110800363,0.0004298489231886,0.0004298489231886,2136.41350376355
1731788400.0,0.0004298489231886,0.0004388330648051,0.0004279033780677,0.0004340589853215,1060.020367695116
1731788460.0,0.0004340589853215,0.0004390454371347,0.0004259739042674,0.0004259739042674,1215.8515426824847
1731788520.0,0.0004259739042674,0.0004259739042674,0.0004248330869177,0.0004248330869177,14.016360367099404
1731788580.0,0.0004248330869177,0.0004321128757309,0.0003818638288246,0.0003819336496652,8370.707856135998
1731788640.0,0.0003819336496652,0.0003875419038702,0.0003819336496652,0.0003835893331555,775.883226787074
1731788700.0,0.0003835893331555,0.0003835893331555,0.0003580632376578,0.0003580632376578,1247.9227787896764
1731788760.0,0.0003580632376578,0.0003580632376578,0.0003411293723146,0.0003418343502768,1091.9221183390528
1731788820.0,0.0003418343502768,0.0003467776905884,0.0003418343502768,0.0003444370282758,306.1327275544889
1731788880.0,0.0003444370282758,0.0003487192015607,0.0003437575266618,0.0003487192015607,178.9181436624525
1731788940.0,0.0003487192015607,0.0003938311890197,0.0003469670062794,0.0003923122591885,4628.750408078436
1731789000.0,0.0003923122591885,0.0004059901549024,0.0003893721535444,0.0003956259420691,2102.9289804258588
1731789060.0,0.0003956259420691,0.000490745857709,0.0003704014118587,0.0004068334701752,12705.095935372194
1731789120.0,0.0004068334701752,0.0004082969460262,0.0003993106270488,0.0003993106270488,595.2632115965171
1731789180.0,0.0003993106270488,0.000399774915923,0.0003848240714621,0.0003848240714621,751.1409006089103
1731789240.0,0.0003848240714621,0.0003907067450293,0.0003848240714621,0.0003907067450293,260.07557192256314
1731789300.0,0.0003907067450293,0.0003909811214302,0.0003829960661764,0.0003874577697826,823.2701581990754
1731789360.0,0.0003874577697826,0.0003953514740781,0.0003874577697826,0.0003953514740781,253.03893611289308
1731789420.0,0.0003953514740781,0.0003961892036612,0.0003933782186622,0.0003947436394889,103.90654099798536
1731789480.0,0.0003947436394889,0.0003949829841993,0.0003927466611905,0.0003949829841993,74.29546636569215
1731789540.0,0.0003949829841993,0.0003956310884608,0.0003833543742802,0.0003833543742802,937.1152833600712
1731789600.0,0.0003833543742802,0.0003833543742802,0.0003802996372071,0.0003802996372071,153.62154947711053
1731789660.0,0.0003802996372071,0.0003802996372071,0.000379667364426,0.000379667364426,23.820079283793472
1731789720.0,0.000379667364426,0.0003870684393323,0.000379667364426,0.0003870684393323,416.29544662884905
1731789780.0,0.0003870684393323,0.0003870684393323,0.0003853813641804,0.0003853813641804,163.96859715506326
1731789840.0,0.0003853813641804,0.0003853813641804,0.0003784211250753,0.0003784211250753,345.8979636977552
1731789900.0,0.0003784211250753,0.0003784211250753,0.0003784211250753,0.0003784211250753,0.0
1731789960.0,0.0003784211250753,0.0003784211250753,0.0003753305357069,0.0003765268514942,119.2016419260126
1731790020.0,0.0003765268514942,0.0003765268514942,0.0003746456411253,0.0003746456411253,33.93996074188327
1731790080.0,0.0003746456411253,0.0003746456411253,0.0003666351986938,0.0003677876964861,645.514334951645
1731790140.0,0.0003677876964861,0.0003677876964861,0.0003507865792471,0.0003507865792471,1486.7068177858816
1731790200.0,0.0003507865792471,0.0003507865792471,0.0003417085476651,0.0003454633894414,219.21832447176524
1731790260.0,0.0003454633894414,0.0003454633894414,0.0003082707411008,0.0003082707411008,2723.224912630049
1731790320.0,0.0003082707411008,0.0003084692836871,0.0003055012251511,0.0003077648181829,308.56254993627175
1731790380.0,0.0003077648181829,0.0003077648181829,0.0002920086557063,0.0002920086557063,958.2669130394688
1731790440.0,0.0002920086557063,0.0002920086557063,0.0002746821621115,0.0002746821621115,1283.7779038339015
1731790500.0,0.0002746821621115,0.0002746821621115,0.0002276820692146,0.0002331678552442,3786.466762373604
1731790560.0,0.0002331678552442,0.0002476993884748,0.0002331678552442,0.0002471620962467,1949.5845986148663
1731790620.0,0.0002471620962467,0.0002488293522783,0.0002465578217346,0.0002465578217346,172.80581960380175
1731790680.0,0.0002465578217346,0.0002657260873557,0.000237331764718,0.0002604143709087,5515.970177966527
1731790740.0,0.0002604143709087,0.0002604143709087,0.0002351330194584,0.0002389360129726,3555.5891658753576
1731790800.0,0.0002389360129726,0.0002389360129726,0.0002289401464715,0.0002315242947594,312.5802561240958
1731790860.0,0.0002315242947594,0.0002317897430164,0.0002292930544401,0.0002292930544401,102.5003630484981
1731790920.0,0.0002292930544401,0.0002343113301439,0.0002292930544401,0.0002343113301439,292.2115802545375
1731790980.0,0.0002343113301439,0.0002539114747927,0.0002343113301439,0.0002401594025362,3012.104688318085
1731791040.0,0.0002401594025362,0.0002401594025362,0.0002289563146096,0.0002289563146096,1017.4333055549174
1731791100.0,0.0002289563146096,0.0002289563146096,0.0002234346867129,0.0002234346867129,278.94067540292235
1731791160.0,0.0002234346867129,0.0002611396056507,0.0002234346867129,0.0002611396056507,2544.894499846953
1731791220.0,0.0002611396056507,0.0002691172043862,0.0002611396056507,0.0002691172043862,547.6810504232252
1731791280.0,0.0002691172043862,0.0002811027515019,0.0002655157832672,0.0002805351915395,1206.4931517479768
1731791340.0,0.0002805351915395,0.0002834746481759,0.0002805351915395,0.000282832935599,306.7861405770764
1731791400.0,0.000282832935599,0.0002866494393851,0.000282832935599,0.0002858978345398,773.5114346146466
1731791460.0,0.0002858978345398,0.0002958941382626,0.0002858978345398,0.0002958941382626,758.5727942968473
1731791520.0,0.0002958941382626,0.0003801715342086,0.0002958941382626,0.000308089572302,8652.242793229732
1731791580.0,0.000308089572302,0.0003229286656552,0.0003070490270864,0.0003229286656552,872.859217741163
1731791640.0,0.0003229286656552,0.0003565756288047,0.0003229286656552,0.0003565756288047,4321.680140808391
1731791700.0,0.0003565756288047,0.000505608795208,0.0003565756288047,0.0004023597881768,12116.292575744772
1731791760.0,0.0004023597881768,0.0004101507688705,0.0003900930222686,0.0004101507688705,2390.816437878953
1731791820.0,0.0004101507688705,0.0004181516869215,0.0004101507688705,0.0004181516869215,283.18489047802836
1731791880.0,0.0004181516869215,0.0004181516869215,0.000393681171827,0.000393681171827,1362.862181527163
1731791940.0,0.000393681171827,0.000393681171827,0.0003853070512213,0.0003853070512213,361.39504313348647
1731792000.0,0.0003853070512213,0.0003853070512213,0.0003569305014177,0.0003569305014177,1411.2904170103757
1731792060.0,0.0003569305014177,0.0003610366430429,0.0003471552333138,0.0003610366430429,1416.7756418532713
1731792120.0,0.0003610366430429,0.0004044345163803,0.0003602278585164,0.0004044345163803,4340.482235433086
1731792180.0,0.0004044345163803,0.0004044345163803,0.0003654943962128,0.0003930187275935,4198.48171009952
1731792240.0,0.0003930187275935,0.0003932134442254,0.0003823347717735,0.0003932134442254,1008.3784281158088
1731792300.0,0.0003932134442254,0.0003932134442254,0.0003901394492158,0.0003901394492158,25.41799290733172
1731792360.0,0.0003901394492158,0.0003901394492158,0.0003169796321495,0.0003274863892007,7881.387223631944
1731792420.0,0.0003274863892007,0.0003274863892007,0.0003268991715155,0.0003268991715155,104.1934993877078
1731792480.0,0.0003268991715155,0.0003415114948207,0.0003268991715155,0.0003415114948207,1116.7325488644435
1731792540.0,0.0003415114948207,0.0003696974615741,0.0003415114948207,0.0003696974615741,1514.1348484359778
1731792600.0,0.0003696974615741,0.0003839877483904,0.0003696974615741,0.0003815930400587,670.2281269531261
1731792660.0,0.0003815930400587,0.0003884424439857,0.0003815930400587,0.0003862993609583,467.8179350675572
1731792720.0,0.0003862993609583,0.0003862993609583,0.0003564991492986,0.0003567340333567,1527.0597137046566
1731792780.0,0.0003567340333567,0.0003572090111225,0.0003541863936359,0.0003541863936359,106.84634579711457
1731792840.0,0.0003541863936359,0.0003541863936359,0.0003515155869852,0.0003515155869852,258.1184397745142
1731792900.0,0.0003515155869852,0.0003515155869852,0.0003515155869852,0.0003515155869852,0.0
1731792960.0,0.0003515155869852,0.0003515155869852,0.000348001449895,0.000348001449895,93.33686400997551
1731793020.0,0.000348001449895,0.000348001449895,0.0003472282218819,0.0003472282218819,14.63501790321616
1731793080.0,0.0003472282218819,0.0003472282218819,0.0003469087712033,0.0003469087712033,21.00036996789559
1731793140.0,0.0003469087712033,0.0003469087712033,0.0003469087712033,0.0003469087712033,0.0
1731793200.0,0.0003469087712033,0.0003650598470998,0.0003469087712033,0.0003650598470998,879.7115825425557
1731793260.0,0.0003650598470998,0.0003683276149187,0.0003639590607119,0.0003683276149187,316.1480177301391
1731793320.0,0.0003683276149187,0.0003740688240879,0.0003683276149187,0.0003740688240879,294.5702707235261
1731793380.0,0.0003740688240879,0.0003872091734569,0.0003740688240879,0.0003853890456354,696.1889693606321
1731793440.0,0.0003853890456354,0.0003873598977869,0.000380611509191,0.000380611509191,348.8936916904879
1731793500.0,0.000380611509191,0.0003822026578732,0.0003755844018768,0.0003755844018768,725.3018445434017
1731793560.0,0.0003755844018768,0.0003780150179832,0.0003747381082001,0.0003774733834476,371.17015011650335
1731793620.0,0.0003774733834476,0.000395345148867,0.0003774733834476,0.0003936987905176,2063.205709409629
1731793680.0,0.0003936987905176,0.0003988524802985,0.0003936987905176,0.0003988524802985,217.16588516343373
1731793740.0,0.0003988524802985,0.0004248534792278,0.000398253231715,0.0004248534792278,1387.4276382552844
1731793800.0,0.0004248534792278,0.0004484339927705,0.0004248534792278,0.0004444028980311,1385.1377131345782
1731793860.0,0.0004444028980311,0.0004633682984265,0.0004423638764837,0.0004633682984265,932.1208874563964
1731793920.0,0.0004633682984265,0.0004922432078229,0.0004606983108789,0.0004825379730927,2298.309033940304
1731793980.0,0.0004825379730927,0.0004988690091952,0.0004825379730927,0.0004988690091952,866.2789153306014
1731794040.0,0.0004988690091952,0.000511697284657,0.0004969529837252,0.0005070911763351,1349.012255824898
1731794100.0,0.0005070911763351,0.0005798273302506,0.0005070911763351,0.0005622413774301,4053.224093428053
1731794160.0,0.0005622413774301,0.0005999555775808,0.000541773344394,0.0005952058744264,7408.61540890386
1731794220.0,0.0005952058744264,0.0005952058744264,0.0005687644633497,0.0005779396341449,1401.9629384059251
1731794280.0,0.0005779396341449,0.0006061590847053,0.0005779396341449,0.0005962891775145,3130.883792873222
1731794340.0,0.0005962891775145,0.0006238312882606,0.0005937336464245,0.0006172718950724,1611.6244553561926
1731794400.0,0.0006172718950724,0.0006259685633053,0.0006025210832817,0.0006235702988711,2674.063145008735
1731794460.0,0.0006235702988711,0.000646152106462,0.0006190037382675,0.000646152106462,1792.138566078576
1731794520.0,0.000646152106462,0.0006782066090697,0.000646152106462,0.0006754739205964,1205.9997773622736
1731794580.0,0.0006754739205964,0.0006841865321019,0.0006256686269677,0.0006256686269677,3183.932120375404
1731794640.0,0.0006256686269677,0.0006361098078058,0.0006240539183993,0.0006339605078769,426.7477301783648
1731794700.0,0.0006339605078769,0.0006637790608793,0.000632936901469,0.0006615061662554,2988.6992227384058
1731794760.0,0.0006615061662554,0.0006971589889851,0.0006585930258699,0.0006971589889851,2243.342136847721
1731794820.0,0.0006971589889851,0.0007075588011675,0.0006971589889851,0.0006981935918215,828.6805171921197
1731794880.0,0.0006981935918215,0.0006990998950141,0.0006827672154114,0.0006827672154114,1628.477879516784
1731794940.0,0.0006827672154114,0.000683556280815,0.0006415736714082,0.0006415736714082,3100.7758180183487
1731795000.0,0.0006415736714082,0.0006415736714082,0.0005991714170814,0.0005992823575007,2226.395902527573
1731795060.0,0.0005992823575007,0.0006047039965105,0.0005910725996961,0.0005910725996961,690.3079741635113
1731795120.0,0.0005910725996961,0.0005910725996961,0.0005901590798018,0.0005901590798018,6.20090665146529
1731795180.0,0.0005901590798018,0.0005901590798018,0.0005375776579534,0.0005607623249409,4307.498260675479
1731795240.0,0.0005607623249409,0.0005607623249409,0.0005499991096423,0.0005542522374571,618.6504277705587
1731795300.0,0.0005542522374571,0.0005542522374571,0.0005502309818866,0.0005525107924721,141.6307522981055
1731795360.0,0.0005525107924721,0.0005525107924721,0.0005179435285928,0.0005179435285928,1587.3103838755892
1731795420.0,0.0005179435285928,0.0005179435285928,0.0005179435285928,0.0005179435285928,0.0
1731795480.0,0.0005179435285928,0.0005196962856802,0.00051590961121,0.0005177601639437,225.4977711852288
1731795540.0,0.0005177601639437,0.0005593070823231,0.0005177601639437,0.0005345026778571,3353.6944195671495
1731795600.0,0.0005345026778571,0.00055396262171,0.0005345026778571,0.0005448192975349,979.5339417321048
1731795660.0,0.0005448192975349,0.0005448192975349,0.0005224102171763,0.0005224102171763,1047.5480768324408
1731795720.0,0.0005224102171763,0.0005224102171763,0.0005151880413389,0.0005151880413389,313.1718291099974
1731795780.0,0.0005151880413389,0.0005151880413389,0.0005119036895629,0.0005119036895629,195.42112196378972
1731795840.0,0.0005119036895629,0.0005119036895629,0.0005056649869556,0.0005094055375561,390.83980393762766
1731795900.0,0.0005094055375561,0.0005279421453536,0.0005094055375561,0.0005279421453536,895.8533286043273
1731795960.0,0.0005279421453536,0.0005279421453536,0.0005165781903256,0.0005177927226217,1690.7629349521706
1731796020.0,0.0005177927226217,0.0005199341404739,0.0005070232471771,0.0005070232471771,677.1335097141307
1731796080.0,0.0005070232471771,0.0005070232471771,0.0004920421655138,0.0004920421655138,817.6530618032347
1731796140.0,0.0004920421655138,0.0004937278295712,0.0004890511232868,0.0004937278295712,321.01538643417285
1731796200.0,0.0004937278295712,0.0004937278295712,0.0004937278295712,0.0004937278295712,0.0
1731796260.0,0.0004937278295712,0.0004937278295712,0.0004918539094296,0.0004918539094296,53.6532727921595
1731796320.0,0.0004918539094296,0.0005510632641357,0.0004918539094296,0.0005008132590385,5117.517252183914
1731796380.0,0.0005008132590385,0.0005102805784649,0.0004873155822028,0.0004873155822028,1383.111490532685
1731796440.0,0.0004873155822028,0.0004873155822028,0.0004759982559252,0.0004759982559252,560.8866444507104
1731796500.0,0.0004759982559252,0.0004770729800899,0.0004734088181389,0.0004770729800899,317.61070802939133
1731796560.0,0.0004770729800899,0.0004777947070867,0.0004719827309894,0.0004719827309894,279.4703333343955
1731796620.0,0.0004719827309894,0.0004719827309894,0.0004584478778861,0.0004584478778861,565.3581125057027
1731796680.0,0.0004584478778861,0.0004612925641634,0.0004582254393599,0.0004612925641634,79.1888987320398
1731796740.0,0.0004612925641634,0.000462235885069,0.0004599427385443,0.0004599427385443,20.57598455491999
1731796800.0,0.0004599427385443,0.0004775252237377,0.0004599427385443,0.0004775252237377,700.5056909287982
1731796860.0,0.0004775252237377,0.0004839027531306,0.000474912976769,0.0004839027531306,357.7053854965313
1731796920.0,0.0004839027531306,0.0004844496627351,0.0004629197108609,0.0004632281189618,1128.988457390554
1731796980.0,0.0004632281189618,0.0004692006648518,0.0004632281189618,0.0004692006648518,921.7646193676372
1731797040.0,0.0004692006648518,0.000471424187145,0.0004686783249331,0.0004686783249331,167.056482138169
1731797100.0,0.0004686783249331,0.0004686783249331,0.0004329622788325,0.0004329622788325,1877.210322614049
1731797160.0,0.0004329622788325,0.0004340369716764,0.0004091879419916,0.0004109639805911,2699.791394935902
1731797220.0,0.0004109639805911,0.0004156763857739,0.000408666825899,0.0004096007808221,1141.2895817915844
1731797280.0,0.0004096007808221,0.0004197454635108,0.0004052808972094,0.0004197454635108,1162.736995949865
1731797340.0,0.0004197454635108,0.0004419946267176,0.0004197454635108,0.0004419946267176,948.1951911970446
1731797400.0,0.0004419946267176,0.0004468334650996,0.0004419946267176,0.0004468334650996,268.0927885178034
1731797460.0,0.0004468334650996,0.0004533190178526,0.0004446987286847,0.0004533190178526,497.161970802485
1731797520.0,0.0004533190178526,0.0004533190178526,0.0004502382845003,0.0004502382845003,78.62839870576082
1731797580.0,0.0004502382845003,0.0004502382845003,0.0004414260164833,0.0004414260164833,455.5047542378281
1731797640.0,0.0004414260164833,0.0004414260164833,0.0004356417915646,0.0004356417915646,229.91404834218216
1731797700.0,0.0004356417915646,0.0004356417915646,0.0004356417915646,0.0004356417915646,0.0
1731797760.0,0.0004356417915646,0.0004368371163153,0.0004356417915646,0.0004368371163153,12.457147269206668
1731797820.0,0.0004368371163153,0.0004368371163153,0.0004336107579015,0.0004359649183889,22.02405234216805
1731797880.0,0.0004359649183889,0.0004426360864917,0.0004359649183889,0.0004426360864917,386.8450247914186
1731797940.0,0.0004426360864917,0.0004426360864917,0.0004426360864917,0.0004426360864917,0.0
1731798000.0,0.0004426360864917,0.0004445374063077,0.000442040244559,0.0004445374063077,36.20751326718447
1731798060.0,0.0004445374063077,0.0004462581678447,0.0004445374063077,0.0004462581678447,117.22466976135917
1731798120.0,0.0004462581678447,0.0004462581678447,0.0004462581678447,0.0004462581678447,0.0
1731798180.0,0.0004462581678447,0.0004474416922681,0.0004462581678447,0.0004474416922681,1.299708397071971
1731798240.0,0.0004474416922681,0.0004595011188888,0.0004473814901552,0.0004595011188888,892.9911085525918
1731798300.0,0.0004595011188888,0.0004732070989129,0.0004595011188888,0.0004732070989129,344.9688754654817
1731798360.0,0.0004732070989129,0.0004845046099807,0.0004732070989129,0.0004819223851441,548.674082186662
1731798420.0,0.0004819223851441,0.0004819223851441,0.0004819223851441,0.0004819223851441,0.0
1731798480.0,0.0004819223851441,0.0004819361636372,0.0004708284586006,0.0004708284586006,756.90964413553
1731798540.0,0.0004708284586006,0.0004708284586006,0.0004684297359128,0.0004684297359128,33.19111436964829
1731798600.0,0.0004684297359128,0.0004692137031817,0.0004669486293806,0.0004692137031817,115.540619481667
1731798660.0,0.0004692137031817,0.00051496814246,0.0004673469821416,0.0004794408013291,4297.768792090791
1731798720.0,0.0004794408013291,0.0004826058373561,0.0004794408013291,0.0004819823603689,194.40751609394664
1731798780.0,0.0004819823603689,0.0004819823603689,0.0004791630913385,0.0004791630913385,129.59834831384967
1731798840.0,0.0004791630913385,0.0004791630913385,0.0004701299840579,0.0004701299840579,582.9803557338421
1731798900.0,0.0004701299840579,0.0004701299840579,0.0004676353213524,0.0004676353213524,57.053808533735456
1731798960.0,0.0004676353213524,0.0004717407835379,0.0004676353213524,0.0004717407835379,215.49025222352716
1731799020.0,0.0004717407835379,0.0004741996436919,0.0004717407835379,0.0004741996436919,3.4972811800971733
1731799080.0,0.0004741996436919,0.0004741996436919,0.0004669647270877,0.0004692580857092,234.0720186247212
1731799140.0,0.0004692580857092,0.0004692580857092,0.0004692580857092,0.0004692580857092,0.0
1731799200.0,0.0004692580857092,0.0004692580857092,0.0004669423283355,0.0004669423283355,5.654471193368287
1731799260.0,0.0004669423283355,0.0004759609498386,0.0004669423283355,0.0004745889930114,696.3414024976972
1731799320.0,0.0004745889930114,0.0004745889930114,0.0004745889930114,0.0004745889930114,0.0
1731799380.0,0.0004745889930114,0.0004781806715342,0.0004745889930114,0.0004781806715342,215.46438836134897
1731799440.0,0.0004781806715342,0.0004806395408085,0.0004768609139811,0.0004768609139811,118.46737442510148
1731799500.0,0.0004768609139811,0.0004978483047035,0.0004768609139811,0.0004817812668434,1751.5716287689363
1731799560.0,0.0004817812668434,0.0004826008282759,0.0004790150158728,0.0004790150158728,114.28781512173327
1731799620.0,0.0004790150158728,0.0004905746210905,0.0004754863484885,0.0004905746210905,937.4241253730848
1731799680.0,0.0004905746210905,0.0004911634498953,0.0004905746210905,0.0004911634498953,1.077517706468576
1731799740.0,0.0004911634498953,0.0004929555695068,0.0004881560887872,0.0004929555695068,286.00160624824645
1731799800.0,0.0004929555695068,0.0004929555695068,0.0004920426514938,0.0004920426514938,87.2830888131184
1731799860.0,0.0004920426514938,0.0004920426514938,0.0004920426514938,0.0004920426514938,0.0
1731799920.0,0.0004920426514938,0.0004920426514938,0.0004846654433191,0.0004846654433191,402.28738698053945
1731799980.0,0.0004846654433191,0.0004865108564214,0.0004846654433191,0.0004865108564214,64.73531959397485
1731800040.0,0.0004865108564214,0.0004865108564214,0.0004833081337971,0.0004833081337971,73.13060038830007
1731800100.0,0.0004833081337971,0.0004833081337971,0.000481617137428,0.000481617137428,77.51198087509499
1731800160.0,0.000481617137428,0.000481617137428,0.000481617137428,0.000481617137428,0.0
1731800220.0,0.000481617137428,0.000481617137428,0.000481617137428,0.000481617137428,0.0
1731800280.0,0.000481617137428,0.000481617137428,0.000481617137428,0.000481617137428,0.0
1731800340.0,0.000481617137428,0.000481617137428,0.0004485760126808,0.0004485760126808,2096.883243122771
1731800400.0,0.0004485760126808,0.0004485760126808,0.0004334002476474,0.0004334002476474,86.91902807110567
1731800460.0,0.0004334002476474,0.0004358245141202,0.0004285299030197,0.0004285299030197,513.4084960764714
1731800520.0,0.0004285299030197,0.0004285299030197,0.0003747731631837,0.0003818781246362,4896.07796443506
1731800580.0,0.0003818781246362,0.0003874396482557,0.0003811374170371,0.0003874396482557,430.040700893444
1731800640.0,0.0003874396482557,0.0003874396482557,0.0003851350970279,0.0003851350970279,119.51888740555282
1731800700.0,0.0003851350970279,0.0003956824320978,0.0003851350970279,0.0003956824320978,561.788301640948
1731800760.0,0.0003956824320978,0.0003956824320978,0.0003813202642169,0.0003813202642169,795.7462550710272
1731800820.0,0.0003813202642169,0.0003813202642169,0.0003492881901925,0.0003492881901925,2432.1315721483943
1731800880.0,0.0003492881901925,0.0003492881901925,0.0003178295868803,0.0003178295868803,1199.1925199014745
1731800940.0,0.0003178295868803,0.0003319553367623,0.0002944614296666,0.0003111673485243,5122.837245720366
1731801000.0,0.0003111673485243,0.0003111673485243,0.0003027085125271,0.0003027085125271,53.368427072034144
1731801060.0,0.0003027085125271,0.0003027085125271,0.0003014406774227,0.0003014406774227,31.89199319770559
1731801120.0,0.0003014406774227,0.0003014406774227,0.0003011187760666,0.0003011187760666,8.864759045596069
1731801180.0,0.0003011187760666,0.0003011187760666,0.0003009388425582,0.0003009388425582,15.091331005630654
1731801240.0,0.0003009388425582,0.0003009388425582,0.0002995856658168,0.0002995856658168,136.85013664761263
1731801300.0,0.0002995856658168,0.0003005162343507,0.0002995856658168,0.0003000273903754,54.8589412988342
1731801360.0,0.0003000273903754,0.0003000273903754,0.000299061719547,0.000299061719547,16.818735349350167
1731801420.0,0.000299061719547,0.000299061719547,0.000299061719547,0.000299061719547,0.0
1731801480.0,0.000299061719547,0.000299061719547,0.000299061719547,0.000299061719547,0.0
1731801540.0,0.000299061719547,0.0003178051198368,0.000299061719547,0.0003178051198368,1011.8576656590028
1731801600.0,0.0003178051198368,0.0003178051198368,0.0003152440772054,0.0003152440772054,105.1584947378552
1731801660.0,0.0003152440772054,0.0003182361336736,0.0003152440772054,0.0003162908353697,497.1818757369705
1731801720.0,0.0003162908353697,0.0003167599986209,0.0003125667420248,0.0003125667420248,199.65933420646215
1731801780.0,0.0003125667420248,0.0003125667420248,0.0003125667420248,0.0003125667420248,0.0
1731801840.0,0.0003125667420248,0.0003141337888348,0.0003125667420248,0.0003141337888348,43.150091562110354
1731801900.0,0.0003141337888348,0.0003141337888348,0.0003141337888348,0.0003141337888348,0.0
1731801960.0,0.0003141337888348,0.0003141337888348,0.0003141337888348,0.0003141337888348,0.0
1731802020.0,0.0003141337888348,0.0003141337888348,0.0003111562832175,0.0003111562832175,136.96150831423387
1731802080.0,0.0003111562832175,0.0003111562832175,0.0003078519983849,0.0003078519983849,306.5402474631518
1731802140.0,0.0003078519983849,0.0003113354884466,0.0003074420223685,0.0003074420223685,588.1920314522139
1731802200.0,0.0003074420223685,0.0003074420223685,0.0003074420223685,0.0003074420223685,0.0
1731802260.0,0.0003074420223685,0.0003074420223685,0.0003037386465725,0.0003044934874754,126.15033805419785
1731802320.0,0.0003044934874754,0.0003044934874754,0.0003029929099044,0.0003029929099044,23.28563097558748
1731802380.0,0.0003029929099044,0.0003029929099044,0.0003029929099044,0.0003029929099044,0.0
1731802440.0,0.0003029929099044,0.0003029929099044,0.0003029929099044,0.0003029929099044,0.0
1731802500.0,0.0003029929099044,0.0003029929099044,0.0003011195384639,0.0003011195384639,188.2376782740677
1731802560.0,0.0003011195384639,0.0003011195384639,0.0002514642747605,0.0002514642747605,3630.85648516107
1731802620.0,0.0002514642747605,0.0002514642747605,0.0002022961734924,0.0002022961734924,2441.4820885381187
1731802680.0,0.0002022961734924,0.0002122415357205,0.0001933865209443,0.0002102995971172,2176.3444655394783
1731802740.0,0.0002102995971172,0.0002289603051685,0.0002102995971172,0.0002289603051685,1336.8845127355653
1731802800.0,0.0002289603051685,0.0002488707560524,0.0002283786726771,0.0002488707560524,1635.684708500092
1731802860.0,0.0002488707560524,0.0002495983013926,0.0002476208478924,0.0002476208478924,136.53385798701768
1731802920.0,0.0002476208478924,0.0002476208478924,0.0002476208478924,0.0002476208478924,0.0
1731802980.0,0.0002476208478924,0.0002476208478924,0.0002467286272251,0.0002467286272251,5.104592274348358
1731803040.0,0.0002467286272251,0.0002496778605754,0.0002393832901833,0.0002393832901833,1499.3269017751763
1731803100.0,0.0002393832901833,0.0002393832901833,0.0002204560229186,0.0002204560229186,660.5479037495899
1731803160.0,0.0002204560229186,0.0002204560229186,0.000194819640641,0.0001992697834183,2187.3430404162236
1731803220.0,0.0001992697834183,0.0002075388824575,0.0001949826776932,0.0002032143280934,3526.3019960179304
1731803280.0,0.0002032143280934,0.0002032143280934,0.0001975677060239,0.0001975677060239,662.2580458210084
1731803340.0,0.0001975677060239,0.0001975677060239,0.000193134685002,0.000193134685002,4.722079895382396
1731803400.0,0.000193134685002,0.0001936890535009,0.0001924338338822,0.0001927027292725,155.3525217655055
1731803460.0,0.0001927027292725,0.0001927027292725,0.0001927027292725,0.0001927027292725,0.0
1731803520.0,0.0001927027292725,0.0002111927442437,0.0001927027292725,0.0002111927442437,1241.0091308441283
1731803580.0,0.0002111927442437,0.0002145433275007,0.0002111927442437,0.0002128516054336,356.2606259837368
1731803640.0,0.0002128516054336,0.0002145180013527,0.0002115337422604,0.0002145180013527,314.7480447748093
1731803700.0,0.0002145180013527,0.0002227658586471,0.0002144713647218,0.0002218911937408,1091.9110307484625
1731803760.0,0.0002218911937408,0.0002272306694488,0.0002213784920581,0.0002255845908108,768.4834820706773
1731803820.0,0.0002255845908108,0.0002616729093347,0.0002255845908108,0.0002511131981204,6010.757931591296
1731803880.0,0.0002511131981204,0.0002534099276182,0.0002502428123884,0.0002515533829331,535.3656860407858
1731803940.0,0.0002515533829331,0.0002550709135314,0.0002485772015095,0.0002500664659644,834.7719825626461
1731804000.0,0.0002500664659644,0.0003811299441325,0.0002500664659644,0.0003064555687133,12897.428219228106
1731804060.0,0.0003064555687133,0.000409522975405,0.0003064555687133,0.000409522975405,6812.370071248591
1731804120.0,0.000409522975405,0.0005690601171667,0.0004076211829296,0.0005411243678842,10763.652054674603
1731804180.0,0.0005411243678842,0.0005411243678842,0.0004226631698831,0.000425345370371,7450.009430112334
1731804240.0,0.000425345370371,0.000425345370371,0.0004117109909687,0.0004147317848592,1689.0454745919697
1731804300.0,0.0004147317848592,0.0004396517246012,0.0003940683701923,0.0004035725990934,5264.081584623655
1731804360.0,0.0004035725990934,0.0004060420688254,0.000391222023659,0.000397936189404,2265.152879255895
1731804420.0,0.000397936189404,0.0004235449786716,0.000397936189404,0.0004216608969281,2106.4781833510706
1731804480.0,0.0004216608969281,0.0005503064486344,0.0004132851985256,0.0005293136017804,12076.263897044364
1731804540.0,0.0005293136017804,0.0013874966569222,0.0005293136017804,0.0013716789183859,52876.98573392544
1731804600.0,0.0013716789183859,0.0015418965789511,0.0011978235191728,0.0014176190477835,28914.2200576716
1731804660.0,0.0014176190477835,0.0015132659662006,0.001175784413096,0.0014959939946292,29045.786399365497
1731804720.0,0.0014959939946292,0.0015561859957751,0.0013537749720078,0.0013537749720078,16059.102980199586
1731804780.0,0.0013537749720078,0.0014373427538124,0.0012245576997389,0.0012378368187699,17623.18787214073
1731804840.0,0.0012378368187699,0.0013219586221665,0.0012260786822616,0.0012260786822616,6215.553820893306
1731804900.0,0.0012260786822616,0.0012610314808237,0.0010518275386813,0.0011169586344637,20633.04113497574
1731804960.0,0.0011169586344637,0.0042178653024569,0.0010900489278308,0.0015547852727902,134239.2596298562
1731805020.0,0.0015547852727902,0.0022731746011011,0.0015509407722687,0.0021706261966698,35861.73177387019
1731805080.0,0.0021706261966698,0.0022379369662111,0.0018569533503432,0.0019574934215704,26651.007431692375
1731805140.0,0.0019574934215704,0.0025823849241456,0.0018531118944614,0.0021736006446885,35293.86242070962
1731805200.0,0.0021736006446885,0.003136583535363,0.0021249603227616,0.0021911969806086,55411.6836042885
1731805260.0,0.0021911969806086,0.0026643106668682,0.0019994140043465,0.0026004902733758,30300.8010704598
1731805320.0,0.0026004902733758,0.0032541911251504,0.0022962813562756,0.0027550913640104,84446.06245021425
1731805380.0,0.0027550913640104,0.0046364987364706,0.0026420112299904,0.0036094311553583,167508.99222775295
1731805440.0,0.0036094311553583,0.0043509551416061,0.0036094311553583,0.0037070647656057,77662.56806123818
1731805500.0,0.0037070647656057,0.0045945796270665,0.0037070647656057,0.0039260397474761,107709.06164483725
1731805560.0,0.0039260397474761,0.0040521302465807,0.0031616227751673,0.0032771673575397,43198.93785672901
1731805620.0,0.0032771673575397,0.0041649323079848,0.0026379405727019,0.00395957770408,92146.75402837564
1731805680.0,0.00395957770408,0.00395957770408,0.0031963775858848,0.0031963775858848,58537.904906927
1731805740.0,0.0031963775858848,0.0047955685568081,0.0031963775858848,0.0040119855302868,88625.30918453127
1731805800.0,0.0040119855302868,0.0041293244862012,0.0036235250857571,0.0036280609199174,46471.57221104469
1731805860.0,0.0036280609199174,0.0040894562595723,0.0033507485972739,0.0038212639367016,57121.09139671035
1731805920.0,0.0038212639367016,0.0041446676873022,0.0035520926504118,0.0040044849117013,21194.29893342127
1731805980.0,0.0040044849117013,0.0043843597924186,0.0039359420746045,0.0041733324397218,37883.292300028785
1731806040.0,0.0041733324397218,0.0047801710331573,0.0039411307022961,0.0043924330625004,66718.13270688656
1731806100.0,0.0043924330625004,0.005147689018729,0.0043763778579136,0.0047028012258499,54978.110184830046
1731806160.0,0.0047028012258499,0.0063025538987977,0.0047028012258499,0.0053889498830701,61740.97564591161
1731806220.0,0.0053889498830701,0.0064989906308955,0.0052227803988768,0.0062048961319632,89303.70522000759
1731806280.0,0.0062048961319632,0.010463296815427,0.0049651119528766,0.0049765746156193,263559.2456977626
1731806340.0,0.0049765746156193,0.0055637209774074,0.0046799725419042,0.005335474217802,55742.78880426031
1731806400.0,0.005335474217802,0.0070311577439374,0.0049921542231973,0.0064628986945758,131397.25713947872
1731806460.0,0.0064628986945758,0.0064628986945758,0.0055285786046973,0.0056412263934826,64884.46462329957
1731806520.0,0.0056412263934826,0.0060730204552587,0.0054729586092914,0.0058727516387508,67667.45411439742
1731806580.0,0.0058727516387508,0.0058727516387508,0.0045512963068992,0.0052018320855839,109702.3155755475
1731806640.0,0.0052018320855839,0.0055152151801836,0.0041107534659121,0.0043219459187627,115266.8666065799
1731806700.0,0.0043219459187627,0.0051254595042444,0.0037579605021031,0.0038599424545044,88741.56315249449
1731806760.0,0.0038599424545044,0.0039467751497663,0.003161793745125,0.0034383882518097,64609.79185333885
1731806820.0,0.0034383882518097,0.0039231358661363,0.0027878714550503,0.0034246317752137,194219.5489950099
1731806880.0,0.0034246317752137,0.0044390159522853,0.0033824703068405,0.0036776493853367,65817.02624799381
1731806940.0,0.0036776493853367,0.0044383118133291,0.003395367134506,0.0035777213052137,79632.91307523836
1731807000.0,0.0035777213052137,0.0056106036925103,0.0035777213052137,0.0044705868779665,91781.25980773164
1731807060.0,0.0044705868779665,0.0044705868779665,0.0036794223271751,0.0039847659316985,31798.406961037912
1731807120.0,0.0039847659316985,0.0057894056925584,0.0039847659316985,0.0054238738574998,56480.07367468531
1731807180.0,0.0054238738574998,0.0060751737227516,0.0053715855146408,0.0056136602014479,49129.83735195984
1731807240.0,0.0056136602014479,0.0056182040756525,0.0048091489158063,0.0050246447916599,41816.144935926226
1731807300.0,0.0050246447916599,0.0066349987613892,0.0050246447916599,0.0065928110396153,61123.908742750085
1731807360.0,0.0065928110396153,0.0065928110396153,0.0057944619261801,0.0057944619261801,20775.638696767484
1731807420.0,0.0057944619261801,0.0063752884702726,0.0055744370666508,0.0056298190476451,44934.38385465085
1731807480.0,0.0056298190476451,0.0056478300603246,0.0053369812535227,0.0053834642472246,11445.44609428159
1731807540.0,0.0053834642472246,0.0056559917272091,0.0053685038395784,0.0054151305976779,15756.482126122006
1731807600.0,0.0054151305976779,0.0054170658452679,0.0048527761360097,0.0048527761360097,19514.20961582129
1731807660.0,0.0048527761360097,0.0052108867160387,0.0048039146808916,0.0051702239684851,11892.41511029242
1731807720.0,0.0051702239684851,0.0052906540124524,0.0045270163648502,0.0045270163648502,31932.505884169004
1731807780.0,0.0045270163648502,0.005104046550247,0.004273665842547,0.0050944842277698,32623.697182667212
1731807840.0,0.0050944842277698,0.0054363978033538,0.0050944842277698,0.0053287848476074,11709.411442696692
1731807900.0,0.0053287848476074,0.0053287848476074,0.0050794909671241,0.0050794909671241,7743.327135505416
1731807960.0,0.0050794909671241,0.0057986236878271,0.0049754913529229,0.005264989535323,25445.67682619666
1731808020.0,0.005264989535323,0.0057988240653894,0.005264989535323,0.0057882680674313,13639.981791420509
1731808080.0,0.0057882680674313,0.0065376502514184,0.0057078957389826,0.0058113120515531,31859.995398331383
1731808140.0,0.0058113120515531,0.0081666891946717,0.0058113120515531,0.0072447228630559,92858.76895266995
1731808200.0,0.0072447228630559,0.0085666352759814,0.0067234131591422,0.0067509027508035,54338.80766856595
1731808260.0,0.0067509027508035,0.0087179955211725,0.0067398926119012,0.007823191271069,90525.1020081453
1731808320.0,0.007823191271069,0.0098050690989579,0.0078162975918415,0.0087120878445509,117365.79683837376
1731808380.0,0.0087120878445509,0.0090390075092516,0.0083147107773592,0.0085881632619121,39876.851632259495
1731808440.0,0.0085881632619121,0.0119229610481765,0.0081312501405781,0.0085533925857647,169821.10736204695
1731808500.0,0.0085533925857647,0.0087704027973332,0.0075668244164015,0.007691503046926,51069.71209049531
1731808560.0,0.007691503046926,0.007691503046926,0.0070157412476689,0.0073798582733576,25172.76525157399
1731808620.0,0.0073798582733576,0.0075973250275208,0.0068470810910438,0.0070311501194038,25485.22991762904
1731808680.0,0.0070311501194038,0.0071113342567376,0.0067028426811623,0.0071113342567376,25674.94931328724
1731808740.0,0.0071113342567376,0.0079024601581893,0.0070266398501704,0.0078954704146465,23407.16629797833
1731808800.0,0.0078954704146465,0.0078954704146465,0.0069442112321265,0.0070033149724576,21608.639932637707
1731808860.0,0.0070033149724576,0.007087782465603,0.0066763373728132,0.0067082803768228,9523.734835283356
1731808920.0,0.0067082803768228,0.0067972571381118,0.0058480643589632,0.0061058904995632,41557.10781015698
1731808980.0,0.0061058904995632,0.0070241016765438,0.005848372576823,0.0067850967409521,63452.524128459154
1731809040.0,0.0067850967409521,0.0067850967409521,0.0058427798806514,0.0060509430599707,31943.752610290732
1731809100.0,0.0060509430599707,0.0063012915120066,0.0046378038010933,0.0055520367526804,64062.89133105692
1731809160.0,0.0055520367526804,0.0056036717978759,0.0051643734129701,0.0054989142337711,28592.20174945496
1731809220.0,0.0054989142337711,0.0055153893653905,0.0042281955045193,0.004578179789247,61668.15856965328
1731809280.0,0.004578179789247,0.0062137406353407,0.004578179789247,0.0060964907284681,108319.8961202273
1731809340.0,0.0060964907284681,0.0060964907284681,0.0046583006415547,0.0047831623654788,25648.40948441478
1731809400.0,0.0047831623654788,0.0049054837027962,0.004124144374294,0.0046683866031052,36020.48843211992
1731809460.0,0.0046683866031052,0.0048436332265958,0.0039196288380141,0.0039446887833476,84612.27540277182
1731809520.0,0.0039446887833476,0.0044869742075665,0.003762841045108,0.0039257646720681,40880.97341554816
1731809580.0,0.0039257646720681,0.0041606221540845,0.00355336615675,0.0040790956063231,37985.61362583521
1731809640.0,0.0040790956063231,0.0041623771526743,0.0038015944035536,0.0038959311986161,22777.155051235262
1731809700.0,0.0038959311986161,0.0046294729844853,0.0036136358738224,0.0037363989225817,61978.951768083985
1731809760.0,0.0037363989225817,0.0040267230080092,0.0033970975827653,0.0038878199063204,33351.59349687322
1731809820.0,0.0038878199063204,0.0041665037602119,0.0033359794321554,0.0041254707242665,68534.09453590095
1731809880.0,0.0041254707242665,0.0041254707242665,0.0034361163371693,0.0037969349339571,28230.467344107383
1731809940.0,0.0037969349339571,0.0042897075000406,0.003643722562982,0.0040861597345353,36425.228922724906
1731810000.0,0.0040861597345353,0.0042822889297911,0.0038578413321672,0.0040011466707515,16772.27707297871
1731810060.0,0.0040011466707515,0.0040288445999237,0.0035683392398729,0.0039160748211118,20098.18584111721
1731810120.0,0.0039160748211118,0.0044252530536507,0.0035846733301644,0.00366340887631,32335.695067502715
1731810180.0,0.00366340887631,0.003867885393456,0.0034459440012544,0.0035673563243121,21007.12486309935
1731810240.0,0.0035673563243121,0.0036479871628461,0.0034350344631637,0.0035266152774267,9202.03441900382
1731810300.0,0.0035266152774267,0.0036908406788797,0.0035266152774267,0.0036517687948091,10876.77267647125
1731810360.0,0.0036517687948091,0.0037238237023341,0.0035751536852116,0.0036495619873533,10019.41222330821
1731810420.0,0.0036495619873533,0.0036495619873533,0.0034361789267805,0.0034361789267805,6275.711918953437
1731810480.0,0.0034361789267805,0.0034494071239581,0.0030450681193266,0.0031759634916791,20411.694340069636
1731810540.0,0.0031759634916791,0.0031759634916791,0.0028998347005906,0.0028998347005906,17736.715128369313
1731810600.0,0.0028998347005906,0.0032231478524943,0.0028879313775906,0.0030430578373754,22651.247582291933
1731810660.0,0.0030430578373754,0.0030762785153111,0.0029262245175437,0.0029587116964282,9419.53987761932
1731810720.0,0.0029587116964282,0.0029865121342497,0.0027818412481664,0.0027818412481664,14740.60665765672
1731810780.0,0.0027818412481664,0.0029643404468915,0.0027797848341592,0.0028437626765193,15906.77153727776
1731810840.0,0.0028437626765193,0.0028577562880667,0.0025682911070596,0.002595311785875,12326.919773236066
1731810900.0,0.002595311785875,0.0026737391111849,0.0024213829367326,0.0024421427914435,17076.123151712836
1731810960.0,0.0024421427914435,0.0026561918915618,0.0024401381964294,0.0025494966537429,14358.616404215434
1731811020.0,0.0025494966537429,0.0031410251836824,0.0024783122557901,0.0031221738255194,25698.76961503692
1731811080.0,0.0031221738255194,0.0034145442591574,0.0031221738255194,0.0033692880794169,11757.025821826095
1731811140.0,0.0033692880794169,0.0033692880794169,0.0031063082579078,0.0031296587925793,7809.277621155804
1731811200.0,0.0031296587925793,0.0031386311111547,0.0030697026273697,0.0030754592019405,5629.893760978736
1731811260.0,0.0030754592019405,0.0030754592019405,0.0026293594579324,0.0027887912247029,28920.64568146254
1731811320.0,0.0027887912247029,0.002804470520228,0.002386970757622,0.002437048765632,15251.51854023788
1731811380.0,0.002437048765632,0.0025829714640059,0.0021124986056707,0.0025579004883982,24016.87082434417
1731811440.0,0.0025579004883982,0.0026217037831126,0.0021661895633007,0.0024129504777007,28861.211796861506
1731811500.0,0.0024129504777007,0.0024644487941289,0.0023269103799506,0.0024517782582295,14118.798284321314
1731811560.0,0.0024517782582295,0.0025055355609215,0.0021468896509583,0.0022887039871008,21425.383174110066
1731811620.0,0.0022887039871008,0.002340743623776,0.0022767124228853,0.0023189893517512,7111.654976452155
1731811680.0,0.0023189893517512,0.0025155171556834,0.0022899791782203,0.0025155171556834,15477.390901117356
1731811740.0,0.0025155171556834,0.0028776872950409,0.0025155171556834,0.0027863333957206,31646.343156961026
1731811800.0,0.0027863333957206,0.0034605187720154,0.002705781468128,0.0027701540293739,33861.63485017238
1731811860.0,0.0027701540293739,0.0027730464017784,0.0022918709321096,0.0025255294541013,21938.412861225937
1731811920.0,0.0025255294541013,0.0026657886323643,0.0024970060685614,0.0025872596821225,8507.900413658965
1731811980.0,0.0025872596821225,0.0026125116930449,0.0024538462805148,0.002551614325755,8192.335460270224
1731812040.0,0.002551614325755,0.002580144584425,0.0018474386603214,0.0020611940330029,43097.940573741325
1731812100.0,0.0020611940330029,0.0021124172631949,0.0019370522016208,0.0019832405070088,21938.112050316115
1731812160.0,0.0019832405070088,0.0019887614119071,0.0018745711220587,0.0019219682833886,11479.294148508128
1731812220.0,0.0019219682833886,0.0020669371499087,0.0018816625681606,0.0019143737518978,19229.5260435477
1731812280.0,0.0019143737518978,0.0020138367247462,0.0018904284271851,0.0019043891921586,14279.856542744576
1731812340.0,0.0019043891921586,0.0020171369319868,0.0018928133159517,0.0020019456744409,14044.876075328144
1731812400.0,0.0020019456744409,0.0020622678032718,0.0019890525807134,0.0019958553711992,8593.418761533903
1731812460.0,0.0019958553711992,0.0020568793682635,0.0019550134264358,0.0020125967082137,13924.059603293115
1731812520.0,0.0020125967082137,0.0020227437623923,0.0018932790627598,0.0019185417359613,7498.061050973106
1731812580.0,0.0019185417359613,0.001952915600303,0.0018900183635814,0.0018958628849136,4235.75519239262
1731812640.0,0.0018958628849136,0.0019153991551362,0.0016222508035755,0.0017488524986174,28446.091638365295
1731812700.0,0.0017488524986174,0.001783735280388,0.0016546965071119,0.0017048170160382,12697.197674284109
1731812760.0,0.0017048170160382,0.0017677252838529,0.0017048170160382,0.0017567377594627,6277.327503474933
1731812820.0,0.0017567377594627,0.0019089446680662,0.0017388785381511,0.0018393321171629,14101.234368758773
1731812880.0,0.0018393321171629,0.0044910357984798,0.0018353467388879,0.0044910357984798,96207.29802108236
1731812940.0,0.0044910357984798,0.0062546683041228,0.0039828385082023,0.0047160393282552,266708.745016552
1731813000.0,0.0047160393282552,0.0054628828352726,0.003843415294047,0.0048520743898872,153272.25322092327
1731813060.0,0.0048520743898872,0.0069621650189255,0.0047516454525049,0.0055267797242837,153930.9653899634
1731813120.0,0.0055267797242837,0.0072566649569857,0.005009171938079,0.0057598894756716,134047.97712794764
1731813180.0,0.0057598894756716,0.0069174166225242,0.0056857168484347,0.0058895298603668,108590.49134103244
1731813240.0,0.0058895298603668,0.0058895298603668,0.0044693228429752,0.0046491710993026,64518.49668508243
1731813300.0,0.0046491710993026,0.0069937022618096,0.0046297258202608,0.0061160904376805,77834.75428989608
1731813360.0,0.0061160904376805,0.006215001594227,0.0042911563495104,0.0049331648356704,85251.74868515732
1731813420.0,0.0049331648356704,0.0054690102377003,0.0048470167430663,0.0051139401124962,32792.72899634549
1731813480.0,0.0051139401124962,0.0055828439648657,0.0050261960047458,0.0051447632670973,42809.297770883575
1731813540.0,0.0051447632670973,0.0056138428234802,0.0043348133734953,0.0053178602387146,47914.27158698744
1731813600.0,0.0053178602387146,0.0056389296199926,0.0051064470804485,0.0052515949808445,34984.55485480079
1731813660.0,0.0052515949808445,0.0056958914370173,0.0051093016961666,0.0056105009795499,49140.933827536275
1731813720.0,0.0056105009795499,0.006838356262171,0.0055748976092783,0.0062274541662274,60160.680922193395
1731813780.0,0.0062274541662274,0.0063597174804814,0.0059892431012698,0.0059981245143472,15514.095014945771
1731813840.0,0.0059981245143472,0.0060985914140093,0.0057708751052509,0.0057836778557791,15310.395820891175
1731813900.0,0.0057836778557791,0.0058998364611797,0.0055825246970189,0.0055825246970189,12339.675076795587
1731813960.0,0.0055825246970189,0.0055859391415579,0.004969764992605,0.0051309577354695,44131.46546394174
1731814020.0,0.0051309577354695,0.005150785395492,0.0045716804193193,0.0045958631329748,15021.941760990205
1731814080.0,0.0045958631329748,0.0048820506595117,0.0044828476722853,0.0045443199356819,21077.602831593747
1731814140.0,0.0045443199356819,0.0046594467216883,0.0045104549791181,0.0046217989549024,5178.771817125711
1731814200.0,0.0046217989549024,0.0049138918469788,0.0034695138680658,0.0038632086189825,76346.38223576367
1731814260.0,0.0038632086189825,0.0041393020865736,0.0038632086189825,0.0039933816897827,11141.251545717583
1731814320.0,0.0039933816897827,0.0042886311056802,0.0039848265511331,0.0041595878675109,12665.506316198893
1731814380.0,0.0041595878675109,0.0041595878675109,0.003822284346842,0.0038722140488053,14605.961278343308
1731814440.0,0.0038722140488053,0.0039322960046811,0.0036633946829859,0.0037259005257446,16081.655926442538
1731814500.0,0.0037259005257446,0.0042472603007531,0.0037259005257446,0.0042264831170909,18280.181878571853
1731814560.0,0.0042264831170909,0.0044556045366288,0.0039392719706893,0.0043890622109957,18044.09887867577
1731814620.0,0.0043890622109957,0.0050437220796537,0.0043798485170986,0.0050149983581879,23345.26136208888
1731814680.0,0.0050149983581879,0.0051242497453965,0.0049352924211972,0.0049352924211972,10271.044886387444
1731814740.0,0.0049352924211972,0.0051751392780732,0.0049352924211972,0.0050435460726257,9522.401189727265
1731814800.0,0.0050435460726257,0.0057457418503773,0.0049264007511167,0.0057457418503773,29565.05711620441
1731814860.0,0.0057457418503773,0.0057457418503773,0.0052633900122419,0.005351092719837,10731.06503886392
1731814920.0,0.005351092719837,0.0053863732186069,0.0051708520275242,0.0052779033331499,10041.881730188088
1731814980.0,0.0052779033331499,0.0052779033331499,0.0051224461611864,0.0051224461611864,3702.408135986722
1731815040.0,0.0051224461611864,0.0051390605198421,0.0050532442722444,0.005060349287936,2769.435234210318
1731815100.0,0.005060349287936,0.0054691354615424,0.0049908721864731,0.0054210111396352,17748.73255535552
1731815160.0,0.0054210111396352,0.005778803542253,0.0053637795431628,0.0054740452715334,18077.58102603011
1731815220.0,0.0054740452715334,0.0057225959544098,0.0054101561565718,0.0054982136153805,15400.343688411878
1731815280.0,0.0054982136153805,0.0056712652954707,0.0053123872352072,0.0056348161649413,14051.610189095623
1731815340.0,0.0056348161649413,0.0056348161649413,0.0052877131537394,0.0052877131537394,11500.898799092844
1731815400.0,0.0052877131537394,0.0052877131537394,0.0050641373267324,0.0050897182749689,8417.280674190006
1731815460.0,0.0050897182749689,0.0050977599182575,0.0049811272920805,0.0050065601515631,2342.3175162874345
1731815520.0,0.0050065601515631,0.0050065601515631,0.0046400777760332,0.0046572021591871,12245.831560107878
1731815580.0,0.0046572021591871,0.0046572021591871,0.0043128226146978,0.0043128226146978,13469.55649679189
1731815640.0,0.0043128226146978,0.0043197538113513,0.0042426858339348,0.0042426858339348,2360.3085195326253
1731815700.0,0.0042426858339348,0.0055075624328581,0.0042425711684999,0.0053013843185638,31529.155397817907
1731815760.0,0.0053013843185638,0.005639425934583,0.0051792332194162,0.0055655091620093,16334.911092416767
1731815820.0,0.0055655091620093,0.0079037837031054,0.004810042087387,0.00529026095409,147797.8056626637
1731815880.0,0.00529026095409,0.0072002162120495,0.00529026095409,0.0065736377926684,84585.71701493247
1731815940.0,0.0065736377926684,0.0067518057289449,0.0059640352611948,0.0061380383503483,29665.6828767749
1731816000.0,0.0061380383503483,0.0061800851453103,0.0042948949532854,0.0053528875474255,55916.368513348854
1731816060.0,0.0053528875474255,0.0053528875474255,0.0048748227161735,0.0048748227161735,19576.452809246945
1731816120.0,0.0048748227161735,0.0049697561842907,0.0047682780078862,0.0049303516455258,4420.563932634769
1731816180.0,0.0049303516455258,0.0049352591250186,0.0046961564415769,0.004724705095561,4993.497364538157
1731816240.0,0.004724705095561,0.0051980778331059,0.0041973303965927,0.004344195629702,29540.29142318086
1731816300.0,0.004344195629702,0.0048985572331943,0.0043333951561607,0.0048812660995734,13170.130928973898
1731816360.0,0.0048812660995734,0.0054627366959874,0.0046013497748169,0.0046340330750445,22734.83144301004
1731816420.0,0.0046340330750445,0.0046340330750445,0.0038750300418732,0.0039365902768342,17308.365993433443
1731816480.0,0.0039365902768342,0.0043460842677088,0.0039298787855514,0.0043392782460233,7121.868487460922
1731816540.0,0.0043392782460233,0.0044344881634878,0.0042491670039266,0.004375597480883,5991.552647863074
1731816600.0,0.004375597480883,0.0047168543178179,0.0043166034213817,0.0044524793091744,14911.097488681044
1731816660.0,0.0044524793091744,0.0046410904452886,0.0042901195884904,0.0045802638359529,10699.214974847264
1731816720.0,0.0045802638359529,0.0045872078860666,0.0042100979557789,0.0042100979557789,9395.79325479706
1731816780.0,0.0042100979557789,0.004226367004937,0.0040948530563677,0.0040948530563677,3094.3700165739983
1731816840.0,0.0040948530563677,0.0040987755087899,0.0040656652817962,0.0040913407262656,989.9291363359524
1731816900.0,0.0040913407262656,0.004108471331703,0.0040635696017563,0.0040635696017563,2925.919008730538
1731816960.0,0.0040635696017563,0.0041089785674588,0.0040535175270601,0.0041089785674588,1929.6525060426727
1731817020.0,0.0041089785674588,0.0045651767762608,0.0041089785674588,0.0045104809491402,7928.948445982632
1731817080.0,0.0045104809491402,0.0047503967191026,0.0042440584742692,0.0046461612066204,20937.511229366803
1731817140.0,0.0046461612066204,0.0046461612066204,0.0045730404406344,0.0045730404406344,728.7329733602768
1731817200.0,0.0045730404406344,0.0045730404406344,0.00411471893047,0.0041519868988307,10035.4865903456
1731817260.0,0.0041519868988307,0.0041566058253846,0.0041323786802645,0.0041331867301384,140.73203890887615
1731817320.0,0.0041331867301384,0.0041519840631545,0.0041201053540476,0.0041519840631545,633.1102110148272
1731817380.0,0.0041519840631545,0.0042727064980571,0.0040834996957372,0.0040834996957372,5041.60395267708
1731817440.0,0.0040834996957372,0.0040896659293636,0.0040546456976621,0.0040745450128794,625.4873311555915
1731817500.0,0.0040745450128794,0.0040755996976856,0.0034574373777393,0.0035241011410305,17487.58303181982
1731817560.0,0.0035241011410305,0.003749060793642,0.0035113903751205,0.0037278369531602,9940.979327584324
1731817620.0,0.0037278369531602,0.0037343949777385,0.0035346731384493,0.003709508018498,7339.889830867931
1731817680.0,0.003709508018498,0.0037829167221845,0.0037051131442503,0.0037460758746326,2659.7799468678095
1731817740.0,0.0037460758746326,0.0038034704998359,0.0037152182037342,0.0038034704998359,6124.160289613857
