time,open,high,low,close,volume,usd_vol,price_change,vol_change,norm_open,mov_in_min
1737879120.0,8.61467074258847e-05,8.80872852433787e-05,6.15747916053714e-05,8.48408741332737e-05,30798.37602088323,2.6330699158802,-0.015158249591076554,0.0,1.0,0.3077598022050582
1737879180.0,8.48408741332737e-05,0.0001516951907176,6.71747074441443e-05,0.0001328668585397,104297.08391981995,11.353140832293434,0.5660713058069616,3.3117506161997343,0.9848417504089234,0.9962236261343241
1737879240.0,0.0001328668585397,0.0002435736159798,0.000100660468071,0.0001062016400457,164981.17705899398,19.720901147172867,-0.2006912693433823,0.7370436462020944,1.5423324060761165,1.0756117024178622
1737879300.0,0.0001062016400457,0.0002317966234422,9.55933105531464e-05,0.0001621424325223,68938.51643523136,9.249621128512992,0.5267413238865984,-0.5309737085803002,1.2327997577512677,1.282497264924002
1737879360.0,0.0001621424325223,0.000397903626552,0.0001621424325223,0.0002582839526794,238105.0265097043,50.05281779691496,0.5929448489301362,4.411337080890973,1.8821663342362485,1.4540376036191203
1737879420.0,0.0002582839526794,0.0004074873232521,0.0001955278363375,0.0003419627771068,172860.50587490498,51.879476680299966,0.32397995910829186,0.036494626352436756,2.998187166951349,0.8206452035279903
1737879480.0,0.0003419627771068,0.0003588711612201,0.0001545496043315,0.0002123768407233,142946.5090437606,39.62045659673259,-0.3789474909517079,-0.23629806752122576,3.9695397226992526,0.5974964837321678
1737879540.0,0.0002123768407233,0.0002140941749329,0.0001074262951308,0.0001597285356443,127370.08674248212,23.697547032642586,-0.24790040618220718,-0.4018860692636018,2.4652926045492323,0.5022575881570565
1737879600.0,0.0001597285356443,0.0002193147211118,0.0001284336032649,0.0001790419033064,72142.03892672414,12.219795097002413,0.12091369637989424,-0.48434346052061633,1.8541455665234863,0.5689723347197236
1737879660.0,0.0001790419033064,0.0002621974368081,0.0001740303555467,0.0002578139410753,60218.10512953495,13.153315581714487,0.4399642559322828,0.0763941193204682,2.078337160598234,0.49243824843906453
1737879720.0,0.0002578139410753,0.0002578139410753,0.0001412712466423,0.0001568038275807,63809.35004659984,13.228245167855427,-0.3917946138727148,0.005696631064269847,2.992731223037249,0.4520418637833136
1737879780.0,0.0001568038275807,0.0001653806020525,0.0001049138808796,0.0001597003763596,52338.15047745807,8.282622326287749,0.018472436697435143,-0.37386839893060936,1.8201952490825526,0.38562018610024323
1737879840.0,0.0001597003763596,0.0001809832288945,0.0001060695851171,0.0001324756139358,57028.27556978887,8.331146444721016,-0.17047400290715387,0.00585854534007415,1.8538186905982024,0.46908871153011994
1737879900.0,0.0001324756139358,0.0001910295557159,0.0001166271511563,0.0001640104606083,37081.03952062553,5.497005923742449,0.23804265355420323,-0.3401861364199646,1.5377907977478282,0.5616309473806759
1737879960.0,0.0001640104606083,0.0001640857401501,0.0001027365828141,0.0001087103422445,65372.77053802935,8.914257232921619,-0.3371743372873709,0.6216568358457671,1.9038505998549562,0.37405636877343984
1737880020.0,0.0001087103422445,0.0001747249530185,0.0001087103422445,0.0001368094758308,27688.71032841321,3.399063561285846,0.25847709616351267,-0.6186935745209796,1.261921035554698,0.6072523497858814
1737880080.0,0.0001368094758308,0.0001839897245447,0.000116661677978,0.0001642374949734,48780.48779334952,7.342609042269563,0.20048332892176102,1.1601858599819466,1.588098720412529,0.4921299943431433
1737880140.0,0.0001642374949734,0.000166645959018,0.0001361680891093,0.0001567284537401,15564.25464601571,2.4977978792384663,-0.045720626916016624,-0.6598214796866797,1.9064860385372218,0.18557193601641464
1737880200.0,0.0001567284537401,0.0001567284537401,0.0001187469255789,0.0001294267703379,12862.15532294776,1.8402864692820786,-0.17419736334203811,-0.2632364353503459,1.819320301648667,0.24233971084908487
1737880260.0,0.0001294267703379,0.000143761799074,0.0001081407187673,0.0001265863138404,16427.68850435853,2.102851599960616,-0.021946437279430703,0.14267622734897778,1.5023995020268277,0.2752218896732302
1737880320.0,0.0001265863138404,0.0001465144574669,0.0001178910584376,0.0001357784763299,12720.03967244814,1.668645269809874,0.07261576872433054,-0.2064845327929343,1.469427185586948,0.22611764385041153
1737880380.0,0.0001357784763299,0.0001510988308836,7.35684812998182e-05,8.14489483861855e-05,52412.90836790861,5.692760553320478,-0.4001335809050503,2.4116062031381382,1.5761307702527738,0.571006183597221
1737880440.0,8.14489483861855e-05,0.0001100668777046,5.4134628966626e-05,8.09371247591314e-05,53032.99805191474,4.305910150386838,-0.006283980790363528,-0.24361650028029316,0.9454679211768963,0.6867154192436526
1737880500.0,8.09371247591314e-05,0.0001525521685793,8.09371247591314e-05,0.0001010480624883,49330.97774447321,4.488753610963414,0.24847605828621516,0.042463371085471824,0.9395266189223157,0.8848231764260802
1737880560.0,0.0001010480624883,0.0001013250960533,7.83530037107979e-05,8.94824939915197e-05,16973.26704397116,1.6169630075842045,-0.11445611337792293,-0.6397746127934256,1.1729764898471076,0.22733827623030325
1737880620.0,8.94824939915197e-05,9.24162947662511e-05,7.42108703794017e-05,7.45307935360819e-05,5493.26979752775,0.4504846193843043,-0.16709078824797588,-0.7214007882237561,1.038722159735529,0.20345235782738394
1737880680.0,7.45307935360819e-05,7.47736330814939e-05,5.74674441896025e-05,6.35107159929289e-05,10997.31279949041,0.7590428298021841,-0.14785938831870812,0.6849472704297849,0.8651612552946796,0.2322018600742941
1737880740.0,6.35107159929289e-05,6.64331455995966e-05,3.66512918050167e-05,3.82062333729445e-05,21306.45125887777,1.0836136119328599,-0.39842855216435813,0.42760535952268064,0.7372390412897626,0.46892643751482377
1737880800.0,3.82062333729445e-05,5.31863668623334e-05,3.49185133718949e-05,4.09600075342733e-05,8991.95979607215,0.3559298277219324,0.0720765675707481,-0.6715343699983112,0.443501957469643,0.47813803868388566
1737880860.0,4.09600075342733e-05,4.3317909230227e-05,3.64255393226833e-05,3.7444282438462e-05,7030.72608313569,0.275619543270522,-0.08583311643362175,-0.225635162316748,0.4754680562749628,0.16827071874380176
1737880920.0,3.7444282438462e-05,4.13542714768816e-05,3.16314400366787e-05,3.27417397576612e-05,4314.22127865965,0.1513990152114966,-0.12558773661984893,-0.4506956458348903,0.43465715124024606,0.2596613102729886
1737880980.0,3.27417397576612e-05,3.27417397576612e-05,2.82228896516288e-05,3.21481857995029e-05,2804.84969320637,0.09100324389559795,-0.01812835733688882,-0.39891786106751664,0.3800695434103522,0.13801496620151465
1737881040.0,3.21481857995029e-05,3.42888874825357e-05,2.91879396096096e-05,3.1014664587608e-05,3217.31652421421,0.1016074411334609,-0.03525925907496851,0.11652548616869578,0.3731795069145412,0.15866985169051037
1737881100.0,3.1014664587608e-05,3.14869312615359e-05,3.05389118996138e-05,3.1192509790576e-05,369.10643830815,0.011480534285972753,0.005734229447029342,-0.8870108905617146,0.3600214739987724,0.030566810072835095
1737881160.0,3.1192509790576e-05,3.12243597158877e-05,2.93634169457574e-05,2.93634169457574e-05,506.9875620954,0.015350550833240661,-0.058638848143319745,0.33709376679414704,0.36208591973653903,0.05965992421336159
1737881220.0,2.93634169457574e-05,2.949881873205e-05,2.38455111194555e-05,2.38455111194555e-05,1570.14589266874,0.04177288992745024,-0.18791770169306404,1.7212632550614178,0.34085361847427387,0.19252894249459354
1737881280.0,2.38455111194555e-05,2.52111654376344e-05,2.23482556613766e-05,2.52111654376344e-05,1147.28542113748,0.028141004911703012,0.05727091825952377,-0.32633329988474896,0.2768011898768238,0.12006074275010852
1737881340.0,2.52111654376344e-05,2.52837642039275e-05,2.49131346319312e-05,2.51226890076502e-05,168.21659689896,0.004233494851796683,-0.0035094145172727413,-0.8495613477528623,0.2926538481963983,0.014701009079216787
1737881400.0,2.51226890076502e-05,2.56407046125533e-05,2.28321644363997e-05,2.28321644363997e-05,932.62836152011,0.02236202819723063,-0.09117354318851005,4.2821673298457545,0.2916268045330021,0.11179297627329474
1737881460.0,2.28321644363997e-05,2.28321644363997e-05,1.87717640221994e-05,1.9312951248888e-05,1419.83889625774,0.029919637268626825,-0.15413401551634182,0.3379661721530316,0.26503815547498527,0.17783685929167065
1737881520.0,1.9312951248888e-05,1.97305974202469e-05,1.90910837503915e-05,1.90910837503915e-05,168.433126301,0.0032342558387508337,-0.011488016286960495,-0.8919019034317567,0.22418676030658127,0.03311320272152727
1737881580.0,1.90910837503915e-05,1.90910837503915e-05,1.82162789700137e-05,1.82162789700137e-05,230.99319914062,0.00430887353314295,-0.04582268831961214,0.3322611901992163,0.22161129915285838,0.04582268831961214
1737881640.0,1.82162789700137e-05,1.84359789389889e-05,1.77482926724219e-05,1.77482926724219e-05,215.99060851547,0.003884004857023941,-0.025690553946948295,-0.09860319010316938,0.21145647366367262,0.03775119318819274
1737881700.0,1.77482926724219e-05,1.77482926724219e-05,1.60409992928926e-05,1.60409992928926e-05,467.72993084801,0.007902131597169884,-0.09619479524259653,1.034531852574657,0.20602403971958458,0.09619479524259653
1737881760.0,1.60409992928926e-05,1.60409992928926e-05,1.57007147516015e-05,1.57007147516015e-05,93.81592369611,0.001488939111391001,-0.021213425365704728,-0.81157753536726,0.18620559940370657,0.021213425365704728
1737881820.0,1.57007147516015e-05,1.57007147516015e-05,1.56686386947343e-05,1.56686386947343e-05,9.4539945756,0.00014828284866086892,-0.0020429679396556525,-0.9004104012538566,0.18225554081807974,0.0020429679396556525
1737881880.0,1.56686386947343e-05,1.57674548980811e-05,1.56484993726627e-05,1.57326008702854e-05,44.1928892184,0.0006938557507086772,0.004082178215813663,3.6792717901958016,0.1818831985913638,0.007591950247622779
1737881940.0,1.57326008702854e-05,1.57326008702854e-05,1.55066987535846e-05,1.56665732120702e-05,115.7054850817,0.0018165283341818488,-0.0041968685762510975,1.6180201465888515,0.18262567822247597,0.014358853857881071
1737882000.0,1.56665732120702e-05,1.56766016221952e-05,1.56157609744868e-05,1.56157609744868e-05,30.92100906475,0.00048364066947453383,-0.003243353661045146,-0.7337555047318532,0.1818592222523275,0.0038834687640260917
1737882060.0,1.56157609744868e-05,1.56157609744868e-05,1.54334627708176e-05,1.54334627708176e-05,48.85235878209,0.0007584139091554992,-0.011673987836202122,0.5681350991005393,0.1812693884780406,0.011673987836202122
1737882120.0,1.54334627708176e-05,1.55685201221409e-05,1.54334627708176e-05,1.55685201221409e-05,44.79564524866,0.0006943769138389976,0.008750942891356429,-0.08443541784170001,0.17915325184187217,0.008750942891356429
1737882180.0,1.55685201221409e-05,1.55685201221409e-05,1.52398782978423e-05,1.52398782978423e-05,71.53538661223,0.0011019453459385569,-0.02110938109211936,0.586955620177863,0.18072101171754118,0.02110938109211936
1737882240.0,1.52398782978423e-05,1.70868196134046e-05,1.32537880286797e-05,1.32537880286797e-05,2188.40284185033,0.031177810181847898,-0.1303219245158799,27.293426980530427,0.17690610300984222,0.25151326735119606
1737882300.0,1.32537880286797e-05,1.32537880286797e-05,1.12485681915596e-05,1.12485681915596e-05,147.00251305032,0.0018009539700146583,-0.15129409288733384,-0.9422360339128886,0.1538513592069951,0.15129409288733384
1737882360.0,1.12485681915596e-05,1.12983134331142e-05,1.09569464469546e-05,1.09569464469546e-05,102.85175313528,0.0011419380549211543,-0.02592523240636256,-0.3659260181358995,0.13057455737628942,0.030347594497915353
1737882420.0,1.09569464469546e-05,1.09569464469546e-05,1.03174448714703e-05,1.03174448714703e-05,214.72228398676,0.0022840429471601463,-0.058364944884990735,1.0001461001471303,0.1271893816299512,0.058364944884990735
1737882480.0,1.03174448714703e-05,1.04697006356896e-05,1.03174448714703e-05,1.03533435904541e-05,108.44821816593,0.001120855088390283,0.003479419510451406,-0.5092670697002906,0.11976598038116304,0.014757119239892105
1737882540.0,1.03533435904541e-05,1.03533435904541e-05,1.02784837084538e-05,1.02784837084538e-05,31.77264744512,0.0003277638874584016,-0.007230503010575383,-0.7075769286740536,0.1201826964699896,0.007230503010575383
1737882600.0,1.02784837084538e-05,1.02784837084538e-05,1.01625270628553e-05,1.01625270628553e-05,33.35415348879,0.0003408963053661267,-0.011281493349367169,0.04006670170273655,0.11931371512134427,0.011281493349367169
1737882660.0,1.01625270628553e-05,1.01625270628553e-05,1.01495069189697e-05,1.01495069189697e-05,3.10049590748,3.1488689116621555e-05,-0.0012811915584647385,-0.9076297143120917,0.11796767823771453,0.0012811915584647385
1737882720.0,1.01495069189697e-05,1.02575630670918e-05,1.01495069189697e-05,1.02575630670918e-05,38.0468295,0.0003882121561771246,0.0106464431213047,11.328622342433547,0.1178165390441847,0.0106464431213047
1737882780.0,1.02575630670918e-05,1.03491358694418e-05,1.02575630670918e-05,1.03239024116837e-05,31.12747921126,0.0003203245694139248,0.006467359172738513,-0.17487238790179874,0.11907086612586758,0.008927344804126346
1737882840.0,1.03239024116837e-05,1.03239024116837e-05,9.93012021422604e-06,9.93012021422604e-06,251.60172047823,0.0025479734696419436,-0.038142766345021915,6.954349159990414,0.11984094018411262,0.038142766345021915
1737882900.0,9.93012021422604e-06,9.93012021422604e-06,9.34916647715699e-06,9.34916647715699e-06,89.95353543358,0.0008671199992637354,-0.05850419980180768,-0.6596824850827083,0.11526987520410227,0.05850419980180768
1737882960.0,9.34916647715699e-06,9.4791986404271e-06,9.34916647715699e-06,9.43086686684559e-06,35.7514628557,0.0003357068322634578,0.008738788627651452,-0.6128484724738171,0.10852610339403203,0.013908423129251155
1737883020.0,9.43086686684559e-06,9.8371922282506e-06,9.43086686684559e-06,9.8371922282506e-06,262.68506553387,0.0025307156830529113,0.04308462489630246,6.538469401977625,0.10947449007217512,0.04308462489630246
1737883080.0,9.8371922282506e-06,1.03578230852032e-05,9.8371922282506e-06,1.03578230852032e-05,80.51269120741,0.000812977515930511,0.052924741620626804,-0.6787558865760135,0.11419115741264878,0.052924741620626804
1737883140.0,1.03578230852032e-05,1.45948984329328e-05,1.03578230852032e-05,1.33749875889249e-05,1750.84289567728,0.020776211481625555,0.2912933035158622,24.55570243273665,0.12023469491407354,0.4090700635524975
1737883200.0,1.33749875889249e-05,1.45149362251027e-05,1.21376737689629e-05,1.21606953932e-05,1081.24967898896,0.0138052245135932,-0.09078828579477632,-0.33552733972685456,0.15525825639281585,0.17773941398706652
1737883260.0,1.21606953932e-05,1.23262948028324e-05,1.21606953932e-05,1.23262948028324e-05,56.59106747325,0.0006928724572002404,0.013617593754136648,-0.9498108519337727,0.14116262543942623,0.013617593754136648
1737883320.0,1.23262948028324e-05,1.23504008649882e-05,1.22882742994176e-05,1.22882742994176e-05,4.40634021106,5.42300828065796e-05,-0.00308450382073151,-0.9217315073748024,0.14308492072592768,0.00504016548073513
1737883380.0,1.22882742994176e-05,1.22882742994176e-05,1.18304157393673e-05,1.21914822764898e-05,540.16927762586,0.006611606213032398,-0.007876779161121691,120.91768610447757,0.1426435747412595,0.03725979327072803
1737883440.0,1.21914822764898e-05,1.21914822764898e-05,1.04003236971439e-05,1.04003236971439e-05,604.77005705412,0.006831423893815031,-0.1469188519266432,0.03324724336264036,0.14152000280426966,0.1469188519266432
1737883500.0,1.04003236971439e-05,1.04065856269508e-05,1.03643034754054e-05,1.04065856269508e-05,12.93572249154,0.00013457620246156256,0.0006020898953961408,-0.9803004169330783,0.12072804646761102,0.004065464958269572
1737883560.0,1.04065856269508e-05,1.11526586667583e-05,1.04065856269508e-05,1.11471830489445e-05,293.8477149897,0.003166762837414203,0.07116622574802194,22.531373151346642,0.12080073560448008,0.07169239427342361
1737883620.0,1.11471830489445e-05,1.15931759478409e-05,1.11335745604707e-05,1.15931759478409e-05,162.84231898128,0.0018515463967516742,0.04000947117654361,-0.41531889446336284,0.12939766802503563,0.04123027184107461
1737883680.0,1.15931759478409e-05,1.16402194557056e-05,1.15931759478409e-05,1.16402194557056e-05,2.554,2.9669045930328876e-05,0.004057861976420787,-0.9839760721187544,0.13457480029419525,0.004057861976420787
1737883740.0,1.16402194557056e-05,1.16402194557056e-05,1.1583605574616e-05,1.1583605574616e-05,1.27334797944,1.4786005338614052e-05,-0.004863643791685583,-0.5016352944636076,0.1351208862592935,0.004863643791685583
1737883800.0,1.1583605574616e-05,1.16385564959501e-05,1.15166926931501e-05,1.15166926931501e-05,44.72766861262,0.0005166112428866609,-0.0057765158727893845,33.93920305422295,0.13446370639971142,0.010520368810472094
1737883860.0,1.15166926931501e-05,1.15166926931501e-05,1.14536299400378e-05,1.14536299400378e-05,1.0454036304,1.2006629336096958e-05,-0.005475769371688478,-0.9767588694566388,0.1336869746653794,0.005475769371688478
1737883920.0,1.14536299400378e-05,1.14536299400378e-05,1.05450175454884e-05,1.05450175454884e-05,468.60406100996,0.005154327774222061,-0.07932964477691178,428.29015545820107,0.132954935624113,0.07932964477691178
1737883980.0,1.05450175454884e-05,1.05450175454884e-05,1.05450175454884e-05,1.05450175454884e-05,0.0,0.0,0.0,-1.0,0.12240766780971496,0.0
1737884040.0,1.05450175454884e-05,1.05450175454884e-05,1.03535660545051e-05,1.04411389818637e-05,28.26428192088,0.00029657932226239786,-0.00985096166759272,0.0,0.12240766780971496,0.01815563512885857
1737884100.0,1.04411389818637e-05,1.04811762855598e-05,1.04411389818637e-05,1.04811762855598e-05,10.1944,0.00010664522538111108,0.003834572431766787,-0.6404158436684371,0.12120183456630203,0.003834572431766787
1737884160.0,1.04811762855598e-05,1.04811762855598e-05,1.04372421909215e-05,1.04372421909215e-05,1.08016969142,1.1297720815367617e-05,-0.004191714120754773,-0.8940625726562657,0.12166659177980954,0.004191714120754773
1737884220.0,1.04372421909215e-05,1.04372421909215e-05,1.04372421909215e-05,1.04372421909215e-05,0.0,0.0,0.0,-1.0,0.121156600209022,0.0
1737884280.0,1.04372421909215e-05,1.04372421909215e-05,1.03420287137202e-05,1.03420287137202e-05,47.22451022831,0.0004906454456865382,-0.009122474640295067,0.0,0.121156600209022,0.009122474640295067
1737884340.0,1.03420287137202e-05,1.03420287137202e-05,1.03037194138868e-05,1.03037194138868e-05,1.0450241464,1.0787652656920953e-05,-0.0037042345263050796,-0.9780133439497716,0.12005135219611082,0.0037042345263050796
1737884400.0,1.03037194138868e-05,1.03037194138868e-05,1.02836016996395e-05,1.02946435928824e-05,7.5984573538,7.825789143251364e-05,-0.0008808295955893688,6.2543948087081125,0.11960665383237638,0.0019524710873033587
1737884460.0,1.02946435928824e-05,1.02946435928824e-05,1.02497419123146e-05,1.02497419123146e-05,8.92226905869,9.165126756140925e-05,-0.004361654695733624,0.17114409657261848,0.11950130075185142,0.004361654695733624
1737884520.0,1.02497419123146e-05,1.03317380918787e-05,1.02497419123146e-05,1.03317380918787e-05,25.465,0.0002620536941533912,0.00799982870452423,1.8592478983207397,0.11898007734228083,0.00799982870452423
1737884580.0,1.03317380918787e-05,1.03317380918787e-05,1.03052406414423e-05,1.03052406414423e-05,3.48442769066,3.595403007497261e-05,-0.002564665325501019,-0.862798995484005,0.11993189758027012,0.002564665325501019
1737884640.0,1.03052406414423e-05,1.03052406414423e-05,1.03052406414423e-05,1.03052406414423e-05,0.0,0.0,0.0,-1.0,0.11962431240112446,0.0
1737884700.0,1.03052406414423e-05,1.03052406414423e-05,1.03052406414423e-05,1.03052406414423e-05,0.0,0.0,0.0,0.0,0.11962431240112446,0.0
1737884760.0,1.03052406414423e-05,1.03136827758092e-05,1.03052406414423e-05,1.03136827758092e-05,0.98451944505,1.0149865520140448e-05,0.0008192078827300364,0.0,0.11962431240112446,0.0008192078827300364
1737884820.0,1.03136827758092e-05,1.03136827758092e-05,1.03136827758092e-05,1.03136827758092e-05,0.0,0.0,0.0,-1.0,0.11972230958080962,0.0
1737884880.0,1.03136827758092e-05,1.03204827905381e-05,1.02834341553111e-05,1.02834341553111e-05,13.31885724156,0.00013716502999665484,-0.002932863183367128,0.0,0.11972230958080962,0.003592182931386807
1737884940.0,1.02834341553111e-05,1.02834341553111e-05,1.02743917604594e-05,1.02743917604594e-05,5.82836602852,5.990926709385242e-05,-0.0008793166480314819,-0.5632322094391444,0.11937118042681238,0.0008793166480314819
1737885000.0,1.02743917604594e-05,1.05773493338098e-05,1.02743917604594e-05,1.0526953391364e-05,90.37497807337,0.0009399605559963207,0.024581662524936355,14.689735521614729,0.11926621536056792,0.02948666747518037
1737885060.0,1.0526953391364e-05,1.0526953391364e-05,1.05257637825228e-05,1.05257637825228e-05,0.96716957515,1.0180773762410602e-05,-0.00011300599489457804,-0.9891689351244963,0.12219797721718778,0.00011300599489457804
1737885120.0,1.05257637825228e-05,1.05257637825228e-05,1.05257637825228e-05,1.05257637825228e-05,0.0,0.0,0.0,-1.0,0.12218416811319824,0.0
1737885180.0,1.05257637825228e-05,1.05257637825228e-05,1.0513128095091e-05,1.0513128095091e-05,1.35321130204,1.4235033135592276e-05,-0.0012004532585826295,0.0,0.12218416811319824,0.0012004532585826295
1737885240.0,1.0513128095091e-05,1.05146298525344e-05,1.0513128095091e-05,1.05146298525344e-05,1.10004829617,1.1565774651280248e-05,0.00014284591891362906,-0.1875133312923594,0.12203749173043954,0.00014284591891362906
1737885300.0,1.05146298525344e-05,1.05151589507959e-05,1.05134897068258e-05,1.05134897068258e-05,1.1436610458,1.202452060323266e-05,-0.00010843422208772481,0.03966409218440309,0.1220549242880877,0.00015875442060363104
1737885360.0,1.05134897068258e-05,1.05134897068258e-05,1.04947365004712e-05,1.04947365004712e-05,6.92348076108,7.272502498531872e-05,-0.001783728036792917,5.048060241650499,0.12204168935732054,0.001783728036792917
1737885420.0,1.04947365004712e-05,1.04947365004712e-05,1.04020146135457e-05,1.04020146135457e-05,28.46222556756,0.0002973840219181549,-0.008835084799064568,3.0891566826988224,0.12182400017435632,0.008835084799064568
1737885480.0,1.04020146135457e-05,1.04020146135457e-05,1.04020146135457e-05,1.04020146135457e-05,0.0,0.0,0.0,-1.0,0.12074767480225462,0.0
1737885540.0,1.04020146135457e-05,1.04020146135457e-05,8.09403353156842e-06,8.09403353156842e-06,846.41388362118,0.007827655971075183,-0.22187827721101086,0.0,0.12074767480225462,0.22187827721101086
1737885600.0,8.09403353156842e-06,8.09403353156842e-06,8.0755585835024e-06,8.0755585835024e-06,0.68287239218,5.5208840240966384e-06,-0.002282539106610452,-0.9992946951112187,0.09395638873989498,0.002282539106610452
1737885660.0,8.0755585835024e-06,8.26629373205652e-06,8.0755585835024e-06,8.26629373205652e-06,78.84237846969,0.0006442152525795382,0.02361881801511228,115.68697436276045,0.09374192960828027,0.02361881801511228
1737885720.0,8.26629373205652e-06,8.26629373205652e-06,8.25061608649802e-06,8.25061608649802e-06,8.36714727891,6.909970852216024e-05,-0.00189657494237152,-0.8927381674906419,0.09595600318408372,0.00189657494237152
1737885780.0,8.25061608649802e-06,8.25061608649802e-06,8.19630386947008e-06,8.19630386947008e-06,24.73760854159,0.0002034287337928017,-0.006582807448381908,1.9439883053567761,0.09577401543287466,0.006582807448381908
1737885840.0,8.19630386947008e-06,8.19630386947008e-06,8.18105356101044e-06,8.18105356101044e-06,0.66439808242,5.440542435959098e-06,-0.0018606323902223712,-0.9732557818429894,0.09514355353072168,0.0018606323902223712
1737885900.0,8.18105356101044e-06,8.18105356101044e-06,8.17272459525463e-06,8.17272459525463e-06,6.02560173285,4.927067699851764e-05,-0.001018079846769965,8.056206725429549,0.09496652635330156,0.001018079846769965
1737885960.0,8.17272459525463e-06,8.17272459525463e-06,8.17272459525463e-06,8.17272459525463e-06,0.0,0.0,0.0,-1.0,0.09486984284670352,0.0
1737886020.0,8.17272459525463e-06,8.17272459525463e-06,8.14692729391347e-06,8.14692729391347e-06,8.6475030061,7.056211938504333e-05,-0.003156511765505658,0.0,0.09486984284670352,0.003156511765505658
1737886080.0,8.14692729391347e-06,8.14775934530976e-06,8.14692729391347e-06,8.14775934530976e-06,0.18666470732,1.5208214561908596e-06,0.00010213070109407449,-0.9784470553117596,0.09457038507156623,0.00010213070109407449
1737886140.0,8.14775934530976e-06,8.14775934530976e-06,8.14766071999438e-06,8.14766071999438e-06,0.6354834166,5.177734609015835e-06,-1.2104593569834648e-05,2.4045644134876287,0.09458004361129632,1.2104593569834648e-05
1737886200.0,8.14766071999438e-06,8.14766071999438e-06,8.14766071999438e-06,8.14766071999438e-06,0.0,0.0,0.0,-1.0,0.09457889875830859,0.0
1737886260.0,8.14766071999438e-06,8.14766071999438e-06,8.14380243085437e-06,8.14380243085437e-06,0.62247883648,5.070545513348563e-06,-0.0004735456313912005,0.0,0.09457889875830859,0.0004735456313912005
1737886320.0,8.14380243085437e-06,8.34168814152258e-06,8.14380243085437e-06,8.34168814152258e-06,127.53129646998,0.0010512079928194325,0.024298933127169537,206.31654810159077,0.0945341113339798,0.024298933127169537
1737886380.0,8.34168814152258e-06,8.46564498606774e-06,8.34168814152258e-06,8.46564498606774e-06,0.63413757738,5.329080755874373e-06,0.014859923128525639,-0.9949305172789057,0.09683118938352059,0.014859923128525639
1737886440.0,8.46564498606774e-06,8.46564498606774e-06,8.46564498606774e-06,8.46564498606774e-06,0.0,0.0,0.0,-1.0,0.09827009341420341,0.0
1737886500.0,8.46564498606774e-06,8.46564498606774e-06,8.46564498606774e-06,8.46564498606774e-06,0.0,0.0,0.0,0.0,0.09827009341420341,0.0
1737886560.0,8.46564498606774e-06,8.52544818461739e-06,8.46564498606774e-06,8.49316648482235e-06,13.22562384861,0.00011214543071674243,0.003250963015801384,0.0,0.09827009341420341,0.007064222353768699
1737886620.0,8.49316648482235e-06,8.49316648482235e-06,8.49316648482235e-06,8.49316648482235e-06,0.0,0.0,0.0,-1.0,0.09858956585345233,0.0
1737886680.0,8.49316648482235e-06,8.49316648482235e-06,8.49052755399985e-06,8.49052755399985e-06,0.6108158025,5.1869543518688235e-06,-0.00031071224462834106,0.0,0.09858956585345233,0.00031071224462834106
1737886740.0,8.49052755399985e-06,8.49052755399985e-06,8.49052755399985e-06,8.49052755399985e-06,0.0,0.0,0.0,-1.0,0.09855893286814907,0.0
1737886800.0,8.49052755399985e-06,8.49052755399985e-06,8.44582102328621e-06,8.44582102328621e-06,13.93449153922,0.00011799970297773664,-0.005265459705454713,0.0,0.09855893286814907,0.005265459705454713
1737886860.0,8.44582102328621e-06,8.44582102328621e-06,8.44357647369383e-06,8.44357647369383e-06,0.85925718,7.256168032577063e-06,-0.0002657586025314837,-0.9385068957847622,0.09803997477851921,0.0002657586025314837
1737886920.0,8.44357647369383e-06,8.44357647369383e-06,8.43704243439138e-06,8.43704243439138e-06,0.58293210304,4.92012734035345e-06,-0.0007738473528140655,-0.3219386157729257,0.09801391981182986,0.0007738473528140655
1737886980.0,8.43704243439138e-06,8.43704243439138e-06,8.43704243439138e-06,8.43704243439138e-06,0.0,0.0,0.0,-1.0,0.09793807199944454,0.0
1737887040.0,8.43704243439138e-06,8.43704243439138e-06,8.43704243439138e-06,8.43704243439138e-06,0.0,0.0,0.0,0.0,0.09793807199944454,0.0
1737887100.0,8.43704243439138e-06,8.43704243439138e-06,8.42505985623365e-06,8.42505985623365e-06,6.45528842836,5.44248668972472e-05,-0.0014202344305967807,0.0,0.09793807199944454,0.0014202344305967807
1737887160.0,8.42505985623365e-06,8.42505985623365e-06,8.42505985623365e-06,8.42505985623365e-06,0.0,0.0,0.0,-1.0,0.09779897697752465,0.0
1737887220.0,8.42505985623365e-06,8.42505985623365e-06,8.36545969042659e-06,8.36545969042659e-06,19.03358622208,0.00015979190075243865,-0.00707415339761209,0.0,0.09779897697752465,0.00707415339761209
1737887280.0,8.36545969042659e-06,8.36545969042659e-06,8.20004488523088e-06,8.20004488523088e-06,125.3657937798,0.0010383738152451038,-0.01977354638203686,5.498288150748197,0.09710713201225613,0.01977354638203686
1737887340.0,8.20004488523088e-06,8.20004488523088e-06,8.03784798328019e-06,8.03784798328019e-06,0.52269188223,4.243707393445572e-06,-0.019780001722042164,-0.9959131217186521,0.0951869796333852,0.019780001722042164
1737887400.0,8.03784798328019e-06,8.03784798328019e-06,8.03784798328019e-06,8.03784798328019e-06,0.0,0.0,0.0,-1.0,0.09330418101232084,0.0
1737887460.0,8.03784798328019e-06,8.03784798328019e-06,8.03651850748527e-06,8.03651850748527e-06,0.51215331941,4.116270077829201e-06,-0.00016540195804725231,0.0,0.09330418101232084,0.00016540195804725231
1737887520.0,8.03651850748527e-06,8.03651850748527e-06,7.99885559892927e-06,7.99885559892927e-06,21.26614601839,0.00017050530360326083,-0.004686470705059754,40.42228288703065,0.09328874831808741,0.004686470705059754
1737887580.0,7.99885559892927e-06,7.99885559892927e-06,7.99885559892927e-06,7.99885559892927e-06,0.0,0.0,0.0,-1.0,0.092851553331983,0.0
1737887640.0,7.99885559892927e-06,7.99885559892927e-06,7.94709971955338e-06,7.94709971955338e-06,24.81628597857,0.00019785969369248235,-0.006470410515076353,0.0,0.092851553331983,0.006470410515076353
1737887700.0,7.94709971955338e-06,7.94709971955338e-06,7.91245514536663e-06,7.91245514536663e-06,0.12627907992,1.0013649981414294e-06,-0.00435939844840618,-0.9949390147156613,0.09225076566496257,0.00435939844840618
1737887760.0,7.91245514536663e-06,7.91245514536663e-06,7.88953153901589e-06,7.88953153901589e-06,17.16025433775,0.00013558305527287145,-0.002897154666862601,134.39823693110768,0.09184860782025844,0.002897154666862601
1737887820.0,7.88953153901589e-06,7.88953153901589e-06,7.86672638774759e-06,7.86672638774759e-06,0.02293168074,1.8065873821681723e-07,-0.002890558350077222,-0.9986675419147826,0.09158250819746715,0.002890558350077222
1737887880.0,7.86672638774759e-06,7.86672638774759e-06,7.84245271508205e-06,7.84245271508205e-06,9.02906930621,7.091963343155733e-05,-0.0030856129308560127,391.5613238062322,0.09131778361367594,0.0030856129308560127
1737887940.0,7.84245271508205e-06,7.84245271508205e-06,7.80608386757246e-06,7.80608386757246e-06,21.215618489,0.00016599669102437895,-0.004637432807168686,1.340630978931638,0.09103601227974048,0.004637432807168686
1737888000.0,7.80608386757246e-06,7.80608386757246e-06,7.80608386757246e-06,7.80608386757246e-06,0.0,0.0,0.0,-1.0,0.0906138388897606,0.0
1737888060.0,7.80608386757246e-06,7.80608386757246e-06,7.80608386757246e-06,7.80608386757246e-06,0.0,0.0,0.0,0.0,0.0906138388897606,0.0
1737888120.0,7.80608386757246e-06,7.80608386757246e-06,7.80608386757246e-06,7.80608386757246e-06,0.0,0.0,0.0,0.0,0.0906138388897606,0.0
1737888180.0,7.80608386757246e-06,7.80608386757246e-06,7.80608386757246e-06,7.80608386757246e-06,0.0,0.0,0.0,0.0,0.0906138388897606,0.0
1737888240.0,7.80608386757246e-06,7.80608386757246e-06,7.75942715853832e-06,7.75942715853832e-06,3.54785959591,2.7612123829615018e-05,-0.005976967430231993,0.0,0.0906138388897606,0.005976967430231993
1737888300.0,7.75942715853832e-06,7.75942715853832e-06,7.75942715853832e-06,7.75942715853832e-06,0.0,0.0,0.0,-1.0,0.09007224292598821,0.0
1737888360.0,7.75942715853832e-06,7.75942715853832e-06,7.75942715853832e-06,7.75942715853832e-06,0.0,0.0,0.0,0.0,0.09007224292598821,0.0
1737888420.0,7.75942715853832e-06,7.75942715853832e-06,7.75942715853832e-06,7.75942715853832e-06,0.0,0.0,0.0,0.0,0.09007224292598821,0.0
1737888480.0,7.75942715853832e-06,7.75942715853832e-06,7.74812015524335e-06,7.74812015524335e-06,1.03978806323,8.062281293422317e-06,-0.0014571956233298128,0.0,0.09007224292598821,0.0014571956233298128
1737888540.0,7.74812015524335e-06,7.74812015524335e-06,7.74812015524335e-06,7.74812015524335e-06,0.0,0.0,0.0,-1.0,0.08994099004781296,0.0
1737888600.0,7.74812015524335e-06,7.74812015524335e-06,7.72756748657045e-06,7.72756748657045e-06,14.75524908003,0.00011417381291985236,-0.0026526006645615,0.0,0.08994099004781296,0.0026526006645615
1737888660.0,7.72756748657045e-06,7.72756748657045e-06,7.72756748657045e-06,7.72756748657045e-06,0.0,0.0,0.0,-1.0,0.08970241251784081,0.0
1737888720.0,7.72756748657045e-06,7.72756748657045e-06,7.72756748657045e-06,7.72756748657045e-06,0.0,0.0,0.0,0.0,0.08970241251784081,0.0
1737888780.0,7.72756748657045e-06,7.72756748657045e-06,7.72756748657045e-06,7.72756748657045e-06,0.0,0.0,0.0,0.0,0.08970241251784081,0.0
1737888840.0,7.72756748657045e-06,7.72756748657045e-06,7.72756748657045e-06,7.72756748657045e-06,0.0,0.0,0.0,0.0,0.08970241251784081,0.0
1737888900.0,7.72756748657045e-06,7.72756748657045e-06,7.72756748657045e-06,7.72756748657045e-06,0.0,0.0,0.0,0.0,0.08970241251784081,0.0
1737888960.0,7.72756748657045e-06,7.72756748657045e-06,7.72756748657045e-06,7.72756748657045e-06,0.0,0.0,0.0,0.0,0.08970241251784081,0.0
1737889020.0,7.72756748657045e-06,7.72756748657045e-06,7.72756748657045e-06,7.72756748657045e-06,0.0,0.0,0.0,0.0,0.08970241251784081,0.0
1737889080.0,7.72756748657045e-06,7.72756748657045e-06,7.72756748657045e-06,7.72756748657045e-06,0.0,0.0,0.0,0.0,0.08970241251784081,0.0
1737889140.0,7.72756748657045e-06,7.72756748657045e-06,7.70748621731405e-06,7.70748621731405e-06,0.67140951012,5.181620923000492e-06,-0.0025986533655382167,0.0,0.08970241251784081,0.0025986533655382167
1737889200.0,7.70748621731405e-06,7.70748621731405e-06,7.70748621731405e-06,7.70748621731405e-06,0.0,0.0,0.0,-1.0,0.08946930704165443,0.0
1737889260.0,7.70748621731405e-06,7.70748621731405e-06,7.70748621731405e-06,7.70748621731405e-06,0.0,0.0,0.0,0.0,0.08946930704165443,0.0
1737889320.0,7.70748621731405e-06,7.71028571021611e-06,7.70748621731405e-06,7.71028571021611e-06,2.1760875832,1.677521102605396e-05,0.00036321737374908527,0.0,0.08946930704165443,0.00036321737374908527
1737889380.0,7.71028571021611e-06,7.71028571021611e-06,7.71028571021611e-06,7.71028571021611e-06,0.0,0.0,0.0,-1.0,0.08950180384838925,0.0
1737889440.0,7.71028571021611e-06,7.71028571021611e-06,7.71028571021611e-06,7.71028571021611e-06,0.0,0.0,0.0,0.0,0.08950180384838925,0.0
1737889500.0,7.71028571021611e-06,7.71028571021611e-06,7.71028571021611e-06,7.71028571021611e-06,0.0,0.0,0.0,0.0,0.08950180384838925,0.0
1737889560.0,7.71028571021611e-06,7.71028571021611e-06,7.71028571021611e-06,7.71028571021611e-06,0.0,0.0,0.0,0.0,0.08950180384838925,0.0
1737889620.0,7.71028571021611e-06,7.71028571021611e-06,7.66406233260279e-06,7.66406233260279e-06,43.71820650846,0.0003360694613344473,-0.005995027856370332,0.0,0.08950180384838925,0.005995027856370332
1737889680.0,7.66406233260279e-06,7.66406233260279e-06,7.66406233260279e-06,7.66406233260279e-06,0.0,0.0,0.0,-1.0,0.08896523804112276,0.0
1737889740.0,7.66406233260279e-06,7.66406233260279e-06,7.66406233260279e-06,7.66406233260279e-06,0.0,0.0,0.0,0.0,0.08896523804112276,0.0
1737889800.0,7.66406233260279e-06,7.66406233260279e-06,7.61871698777227e-06,7.61871698777227e-06,0.36830140578,2.814334553959823e-06,-0.005916620045954233,0.0,0.08896523804112276,0.005916620045954233
1737889860.0,7.61871698777227e-06,7.61871698777227e-06,7.61871698777227e-06,7.61871698777227e-06,0.0,0.0,0.0,-1.0,0.08843886453033556,0.0
1737889920.0,7.61871698777227e-06,7.61871698777227e-06,7.61871698777227e-06,7.61871698777227e-06,0.0,0.0,0.0,0.0,0.08843886453033556,0.0
1737889980.0,7.61871698777227e-06,7.61871698777227e-06,7.61871698777227e-06,7.61871698777227e-06,0.0,0.0,0.0,0.0,0.08843886453033556,0.0
1737890040.0,7.61871698777227e-06,7.62005548372747e-06,7.61871698777227e-06,7.62005548372747e-06,2.6358516716,2.0083571946067324e-05,0.00017568521804235606,0.0,0.08843886453033556,0.00017568521804235606
1737890100.0,7.62005548372747e-06,7.62005548372747e-06,7.62005548372747e-06,7.62005548372747e-06,0.0,0.0,0.0,-1.0,0.08845440193153399,0.0
1737890160.0,7.62005548372747e-06,7.62005548372747e-06,7.61626737384908e-06,7.61626737384908e-06,1.34835635088,1.0271996344535725e-05,-0.0004971236609076387,0.0,0.08845440193153399,0.0004971236609076387
1737890220.0,7.61626737384908e-06,7.61626737384908e-06,7.61626737384908e-06,7.61626737384908e-06,0.0,0.0,0.0,-1.0,0.0884104291554224,0.0
1737890280.0,7.61626737384908e-06,7.61626737384908e-06,7.61466251812466e-06,7.61466251812466e-06,0.6527863476,4.9712715473666e-06,-0.0002107142049568589,0.0,0.0884104291554224,0.0002107142049568589
1737890340.0,7.61466251812466e-06,7.61466251812466e-06,7.61466251812466e-06,7.61466251812466e-06,0.0,0.0,0.0,-1.0,0.08839179982213302,0.0
1737890400.0,7.61466251812466e-06,7.61466251812466e-06,7.61466251812466e-06,7.61466251812466e-06,0.0,0.0,0.0,0.0,0.08839179982213302,0.0
1737890460.0,7.61466251812466e-06,7.61466251812466e-06,7.61466251812466e-06,7.61466251812466e-06,0.0,0.0,0.0,0.0,0.08839179982213302,0.0
1737890520.0,7.61466251812466e-06,7.61466251812466e-06,7.61466251812466e-06,7.61466251812466e-06,0.0,0.0,0.0,0.0,0.08839179982213302,0.0
1737890580.0,7.61466251812466e-06,7.61466251812466e-06,7.60800601673622e-06,7.60800601673622e-06,12.34209351298,9.393979928717561e-05,-0.0008741689303492989,0.0,0.08839179982213302,0.0008741689303492989
1737890640.0,7.60800601673622e-06,7.60800601673622e-06,7.60800601673622e-06,7.60800601673622e-06,0.0,0.0,0.0,-1.0,0.08831453045703085,0.0
1737890700.0,7.60800601673622e-06,7.60800601673622e-06,7.60800601673622e-06,7.60800601673622e-06,0.0,0.0,0.0,0.0,0.08831453045703085,0.0
1737890760.0,7.60800601673622e-06,7.60800601673622e-06,7.60800601673622e-06,7.60800601673622e-06,0.0,0.0,0.0,0.0,0.08831453045703085,0.0
1737890820.0,7.60800601673622e-06,7.60800601673622e-06,7.60800601673622e-06,7.60800601673622e-06,0.0,0.0,0.0,0.0,0.08831453045703085,0.0
1737890880.0,7.60800601673622e-06,7.60800601673622e-06,7.57381562199871e-06,7.57381562199871e-06,7.17537900222,5.446766210101392e-05,-0.004494002063391828,0.0,0.08831453045703085,0.004494002063391828
1737890940.0,7.57381562199871e-06,7.57381562199871e-06,7.57381562199871e-06,7.57381562199871e-06,0.0,0.0,0.0,-1.0,0.08791764477492947,0.0
1737891000.0,7.57381562199871e-06,7.57381562199871e-06,7.57381562199871e-06,7.57381562199871e-06,0.0,0.0,0.0,0.0,0.08791764477492947,0.0
1737891060.0,7.57381562199871e-06,7.57381562199871e-06,7.57381562199871e-06,7.57381562199871e-06,0.0,0.0,0.0,0.0,0.08791764477492947,0.0
1737891120.0,7.57381562199871e-06,7.57381562199871e-06,7.57381562199871e-06,7.57381562199871e-06,0.0,0.0,0.0,0.0,0.08791764477492947,0.0
1737891180.0,7.57381562199871e-06,7.57381562199871e-06,7.57381562199871e-06,7.57381562199871e-06,0.0,0.0,0.0,0.0,0.08791764477492947,0.0
1737891240.0,7.57381562199871e-06,7.57381562199871e-06,7.56118785423874e-06,7.56118785423874e-06,0.08579245936,6.492345853242802e-07,-0.001667292734627928,0.0,0.08791764477492947,0.001667292734627928
1737891300.0,7.56118785423874e-06,7.56118785423874e-06,7.56118785423874e-06,7.56118785423874e-06,0.0,0.0,0.0,-1.0,0.08777106032455063,0.0
1737891360.0,7.56118785423874e-06,7.56118785423874e-06,7.56118785423874e-06,7.56118785423874e-06,0.0,0.0,0.0,0.0,0.08777106032455063,0.0
1737891420.0,7.56118785423874e-06,7.56118785423874e-06,7.56118785423874e-06,7.56118785423874e-06,0.0,0.0,0.0,0.0,0.08777106032455063,0.0
1737891480.0,7.56118785423874e-06,7.5635230727492e-06,7.56118785423874e-06,7.5635230727492e-06,4.7246689539,3.572962607672601e-05,0.00030884281087536613,0.0,0.08777106032455063,0.00030884281087536613
1737891540.0,7.5635230727492e-06,7.5635230727492e-06,7.56040937911499e-06,7.56040937911499e-06,1.58410858058,1.197897558455519e-05,-0.0004116723918551727,-0.6647326910493978,0.08779816778553479,0.0004116723918551727
1737891600.0,7.56040937911499e-06,7.56040937911499e-06,7.56040937911499e-06,7.56040937911499e-06,0.0,0.0,0.0,-1.0,0.08776202370380201,0.0
1737891660.0,7.56040937911499e-06,7.56040937911499e-06,7.56040937911499e-06,7.56040937911499e-06,0.0,0.0,0.0,0.0,0.08776202370380201,0.0
1737891720.0,7.56040937911499e-06,7.56040937911499e-06,7.56040937911499e-06,7.56040937911499e-06,0.0,0.0,0.0,0.0,0.08776202370380201,0.0
1737891780.0,7.56040937911499e-06,7.56040937911499e-06,7.56040937911499e-06,7.56040937911499e-06,0.0,0.0,0.0,0.0,0.08776202370380201,0.0
1737891840.0,7.56040937911499e-06,7.56040937911499e-06,7.55963798997405e-06,7.55963798997405e-06,1.41729026008,1.0714747934079062e-05,-0.00010203007565579166,0.0,0.08776202370380201,0.00010203007565579166
1737891900.0,7.55963798997405e-06,7.55963798997405e-06,7.5489238222147e-06,7.5489238222147e-06,6.24544848372,4.717987223056206e-05,-0.0014172858242100248,3.4032647824129323,0.08775306933788381,0.0014172858242100248
1737891960.0,7.5489238222147e-06,7.5489238222147e-06,7.53925843364486e-06,7.53925843364486e-06,0.56834773632,4.287667115150686e-06,-0.001280366420097801,-0.9091208408916963,0.0876286981566803,0.001280366420097801
1737892020.0,7.53925843364486e-06,7.53925843364486e-06,7.53925843364486e-06,7.53925843364486e-06,0.0,0.0,0.0,-1.0,0.0875165013141236,0.0
1737892080.0,7.53925843364486e-06,7.53925843364486e-06,7.53925843364486e-06,7.53925843364486e-06,0.0,0.0,0.0,0.0,0.0875165013141236,0.0
1737892140.0,7.53925843364486e-06,7.53925843364486e-06,7.53482410828969e-06,7.53482410828969e-06,2.287798644,1.724323279949097e-05,-0.0005881646575982715,0.0,0.0875165013141236,0.0005881646575982715
1737892200.0,7.53482410828969e-06,7.53482410828969e-06,7.53482410828969e-06,7.53482410828969e-06,0.0,0.0,0.0,-1.0,0.08746502720109398,0.0
1737892260.0,7.53482410828969e-06,7.53482410828969e-06,7.51899211967224e-06,7.51899211967224e-06,5.22374183427,3.931862479770868e-05,-0.0021011756067446864,0.0,0.08746502720109398,0.0021011756067446864
1737892320.0,7.51899211967224e-06,7.51899211967224e-06,7.51899211967224e-06,7.51899211967224e-06,0.0,0.0,0.0,-1.0,0.08728124781949578,0.0
1737892380.0,7.51899211967224e-06,7.51899211967224e-06,7.51899211967224e-06,7.51899211967224e-06,0.0,0.0,0.0,0.0,0.08728124781949578,0.0
1737892440.0,7.51899211967224e-06,7.57021009470361e-06,7.51398178421056e-06,7.57021009470361e-06,13.2079832569,9.964896510372731e-05,0.006811813899547301,0.0,0.08728124781949578,0.007478171222701225
1737892500.0,7.57021009470361e-06,7.66566256064586e-06,7.57021009470361e-06,7.66566256064586e-06,63.37372264668,0.00048277698397012665,0.012608958634983253,3.8447766965526533,0.08787579143656246,0.012608958634983253
1737892560.0,7.66566256064586e-06,7.66566256064586e-06,7.66566256064586e-06,7.66566256064586e-06,0.0,0.0,0.0,-1.0,0.08898381365580249,0.0
1737892620.0,7.66566256064586e-06,7.66566256064586e-06,7.66566256064586e-06,7.66566256064586e-06,0.0,0.0,0.0,0.0,0.08898381365580249,0.0
1737892680.0,7.66566256064586e-06,7.82210582338083e-06,7.66566256064586e-06,7.82210582338083e-06,50.616075,0.0003919650230542619,0.02040831584971163,0.0,0.08898381365580249,0.02040831584971163
1737892740.0,7.82210582338083e-06,7.82210582338083e-06,7.82210582338083e-06,7.82210582338083e-06,0.0,0.0,0.0,-1.0,0.090799823430402,0.0
1737892800.0,7.82210582338083e-06,8.03959441970359e-06,7.82210582338083e-06,8.03959441970359e-06,117.4748,0.0009316750318581468,0.027804353614428363,0.0,0.090799823430402,0.027804353614428363
1737892860.0,8.03959441970359e-06,8.03959441970359e-06,7.99956279548837e-06,7.99956279548837e-06,116.88985155456,0.0009374073529720191,-0.004979308920996142,0.006152704449361139,0.09332445382918854,0.004979308920996142
1737892920.0,7.99956279548837e-06,7.99956279548837e-06,7.99956279548837e-06,7.99956279548837e-06,0.0,0.0,0.0,-1.0,0.09285976254368977,0.0
1737892980.0,7.99956279548837e-06,7.99956279548837e-06,7.85292799165217e-06,7.85292799165217e-06,0.07949206782,6.300736363836504e-07,-0.018330352243612475,0.0,0.09285976254368977,0.018330352243612475
1737893040.0,7.85292799165217e-06,7.85292799165217e-06,7.85292799165217e-06,7.85292799165217e-06,0.0,0.0,0.0,-1.0,0.09115761038700573,0.0
1737893100.0,7.85292799165217e-06,7.85292799165217e-06,7.85292799165217e-06,7.85292799165217e-06,0.0,0.0,0.0,0.0,0.09115761038700573,0.0
1737893160.0,7.85292799165217e-06,7.85292799165217e-06,7.85292799165217e-06,7.85292799165217e-06,0.0,0.0,0.0,0.0,0.09115761038700573,0.0
1737893220.0,7.85292799165217e-06,7.85292799165217e-06,7.85292799165217e-06,7.85292799165217e-06,0.0,0.0,0.0,0.0,0.09115761038700573,0.0
1737893280.0,7.85292799165217e-06,7.85292799165217e-06,7.78890205849947e-06,7.78890205849947e-06,28.3225489895,0.00022150824894042652,-0.00815312877193857,0.0,0.09115761038700573,0.00815312877193857
1737893340.0,7.78890205849947e-06,7.78890205849947e-06,7.78890205849947e-06,7.78890205849947e-06,0.0,0.0,0.0,-1.0,0.09041439065097827,0.0
1737893400.0,7.78890205849947e-06,7.78890205849947e-06,7.78890205849947e-06,7.78890205849947e-06,0.0,0.0,0.0,0.0,0.09041439065097827,0.0
1737893460.0,7.78890205849947e-06,7.78890205849947e-06,7.78890205849947e-06,7.78890205849947e-06,0.0,0.0,0.0,0.0,0.09041439065097827,0.0
1737893520.0,7.78890205849947e-06,7.78890205849947e-06,7.78890205849947e-06,7.78890205849947e-06,0.0,0.0,0.0,0.0,0.09041439065097827,0.0
1737893580.0,7.78890205849947e-06,7.78890205849947e-06,7.78890205849947e-06,7.78890205849947e-06,0.0,0.0,0.0,0.0,0.09041439065097827,0.0
1737893640.0,7.78890205849947e-06,7.78890205849947e-06,7.78890205849947e-06,7.78890205849947e-06,0.0,0.0,0.0,0.0,0.09041439065097827,0.0
1737893700.0,7.78890205849947e-06,7.78890205849947e-06,7.78890205849947e-06,7.78890205849947e-06,0.0,0.0,0.0,0.0,0.09041439065097827,0.0
1737893760.0,7.78890205849947e-06,7.78890205849947e-06,7.78890205849947e-06,7.78890205849947e-06,0.0,0.0,0.0,0.0,0.09041439065097827,0.0
1737893820.0,7.78890205849947e-06,7.78890205849947e-06,7.78890205849947e-06,7.78890205849947e-06,0.0,0.0,0.0,0.0,0.09041439065097827,0.0
1737893880.0,7.78890205849947e-06,7.78890205849947e-06,7.78890205849947e-06,7.78890205849947e-06,0.0,0.0,0.0,0.0,0.09041439065097827,0.0
1737893940.0,7.78890205849947e-06,7.78890205849947e-06,7.78890205849947e-06,7.78890205849947e-06,0.0,0.0,0.0,0.0,0.09041439065097827,0.0
1737894000.0,7.78890205849947e-06,7.78890205849947e-06,7.78890205849947e-06,7.78890205849947e-06,0.0,0.0,0.0,0.0,0.09041439065097827,0.0
1737894060.0,7.78890205849947e-06,7.78890205849947e-06,7.78890205849947e-06,7.78890205849947e-06,0.0,0.0,0.0,0.0,0.09041439065097827,0.0
1737894120.0,7.78890205849947e-06,7.78890205849947e-06,7.78890205849947e-06,7.78890205849947e-06,0.0,0.0,0.0,0.0,0.09041439065097827,0.0
1737894180.0,7.78890205849947e-06,7.78890205849947e-06,7.78890205849947e-06,7.78890205849947e-06,0.0,0.0,0.0,0.0,0.09041439065097827,0.0
1737894240.0,7.78890205849947e-06,7.78890205849947e-06,7.78890205849947e-06,7.78890205849947e-06,0.0,0.0,0.0,0.0,0.09041439065097827,0.0
1737894300.0,7.78890205849947e-06,7.78890205849947e-06,7.78890205849947e-06,7.78890205849947e-06,0.0,0.0,0.0,0.0,0.09041439065097827,0.0
1737894360.0,7.78890205849947e-06,7.78890205849947e-06,7.78890205849947e-06,7.78890205849947e-06,0.0,0.0,0.0,0.0,0.09041439065097827,0.0
1737894420.0,7.78890205849947e-06,7.78890205849947e-06,7.78890205849947e-06,7.78890205849947e-06,0.0,0.0,0.0,0.0,0.09041439065097827,0.0
1737894480.0,7.78890205849947e-06,7.78890205849947e-06,7.78890205849947e-06,7.78890205849947e-06,0.0,0.0,0.0,0.0,0.09041439065097827,0.0
1737894540.0,7.78890205849947e-06,7.78890205849947e-06,7.76845658278603e-06,7.76957197299505e-06,1.28925111105,1.0029389965673441e-05,-0.00248174715245332,0.0,0.09041439065097827,0.002624949647573089
1737894600.0,7.76957197299505e-06,7.76957197299505e-06,7.76957197299505e-06,7.76957197299505e-06,0.0,0.0,0.0,-1.0,0.0901900049944394,0.0
1737894660.0,7.76957197299505e-06,7.76957197299505e-06,7.76957197299505e-06,7.76957197299505e-06,0.0,0.0,0.0,0.0,0.0901900049944394,0.0
1737894720.0,7.76957197299505e-06,7.76957197299505e-06,7.76957197299505e-06,7.76957197299505e-06,0.0,0.0,0.0,0.0,0.0901900049944394,0.0
1737894780.0,7.76957197299505e-06,7.76957197299505e-06,7.76836390658826e-06,7.76836390658826e-06,2.54225017005,1.9750660066048334e-05,-0.00015548686735771477,0.0,0.0901900049944394,0.00015548686735771477
1737894840.0,7.76836390658826e-06,7.76836390658826e-06,7.76836390658826e-06,7.76836390658826e-06,0.0,0.0,0.0,-1.0,0.09017598163309584,0.0
1737894900.0,7.76836390658826e-06,7.76836390658826e-06,7.76836390658826e-06,7.76836390658826e-06,0.0,0.0,0.0,0.0,0.09017598163309584,0.0
1737894960.0,7.76836390658826e-06,7.76836390658826e-06,7.76836390658826e-06,7.76836390658826e-06,0.0,0.0,0.0,0.0,0.09017598163309584,0.0
1737895020.0,7.76836390658826e-06,7.76836390658826e-06,7.76836390658826e-06,7.76836390658826e-06,0.0,0.0,0.0,0.0,0.09017598163309584,0.0
1737895080.0,7.76836390658826e-06,7.76836390658826e-06,7.76836390658826e-06,7.76836390658826e-06,0.0,0.0,0.0,0.0,0.09017598163309584,0.0
1737895140.0,7.76836390658826e-06,7.76836390658826e-06,7.76836390658826e-06,7.76836390658826e-06,0.0,0.0,0.0,0.0,0.09017598163309584,0.0
1737895200.0,7.76836390658826e-06,7.76836390658826e-06,7.76836390658826e-06,7.76836390658826e-06,0.0,0.0,0.0,0.0,0.09017598163309584,0.0
1737895260.0,7.76836390658826e-06,7.76836390658826e-06,7.76836390658826e-06,7.76836390658826e-06,0.0,0.0,0.0,0.0,0.09017598163309584,0.0
1737895320.0,7.76836390658826e-06,7.76836390658826e-06,7.76836390658826e-06,7.76836390658826e-06,0.0,0.0,0.0,0.0,0.09017598163309584,0.0
1737895380.0,7.76836390658826e-06,7.76836390658826e-06,7.76836390658826e-06,7.76836390658826e-06,0.0,0.0,0.0,0.0,0.09017598163309584,0.0
1737895440.0,7.76836390658826e-06,7.77073666097527e-06,7.76836390658826e-06,7.77073666097527e-06,1.36635734625,1.0615982107303986e-05,0.0003054381096898639,0.0,0.09017598163309584,0.0003054381096898639
1737895500.0,7.77073666097527e-06,7.77073666097527e-06,7.77073666097527e-06,7.77073666097527e-06,0.0,0.0,0.0,-1.0,0.09020352481446528,0.0
1737895560.0,7.77073666097527e-06,7.77073666097527e-06,7.77073666097527e-06,7.77073666097527e-06,0.0,0.0,0.0,0.0,0.09020352481446528,0.0
1737895620.0,7.77073666097527e-06,7.77073666097527e-06,7.77073666097527e-06,7.77073666097527e-06,0.0,0.0,0.0,0.0,0.09020352481446528,0.0
1737895680.0,7.77073666097527e-06,7.77073666097527e-06,7.77073666097527e-06,7.77073666097527e-06,0.0,0.0,0.0,0.0,0.09020352481446528,0.0
1737895740.0,7.77073666097527e-06,7.77073666097527e-06,7.77073666097527e-06,7.77073666097527e-06,0.0,0.0,0.0,0.0,0.09020352481446528,0.0
1737895800.0,7.77073666097527e-06,7.7768043296844e-06,7.77073666097527e-06,7.7768043296844e-06,2.50741355079,1.949205748072152e-05,0.0007808357140194712,0.0,0.09020352481446528,0.0007808357140194712
1737895860.0,7.7768043296844e-06,7.7768043296844e-06,7.7768043296844e-06,7.7768043296844e-06,0.0,0.0,0.0,-1.0,0.09027395894817085,0.0
1737895920.0,7.7768043296844e-06,7.7768043296844e-06,7.7768043296844e-06,7.7768043296844e-06,0.0,0.0,0.0,0.0,0.09027395894817085,0.0
1737895980.0,7.7768043296844e-06,7.7798682198215e-06,7.7768043296844e-06,7.7798682198215e-06,0.60366217948,4.69548742834571e-06,0.0003939780412635776,0.0,0.09027395894817085,0.0003939780412635776
1737896040.0,7.7798682198215e-06,7.7798682198215e-06,7.7798682198215e-06,7.7798682198215e-06,0.0,0.0,0.0,-1.0,0.09030952490569435,0.0
1737896100.0,7.7798682198215e-06,7.7798682198215e-06,7.7798682198215e-06,7.7798682198215e-06,0.0,0.0,0.0,0.0,0.09030952490569435,0.0
1737896160.0,7.7798682198215e-06,7.7798682198215e-06,7.7798682198215e-06,7.7798682198215e-06,0.0,0.0,0.0,0.0,0.09030952490569435,0.0
1737896220.0,7.7798682198215e-06,7.7798682198215e-06,7.7798682198215e-06,7.7798682198215e-06,0.0,0.0,0.0,0.0,0.09030952490569435,0.0
1737896280.0,7.7798682198215e-06,7.7798682198215e-06,7.7798682198215e-06,7.7798682198215e-06,0.0,0.0,0.0,0.0,0.09030952490569435,0.0
1737896340.0,7.7798682198215e-06,7.7798682198215e-06,7.7798682198215e-06,7.7798682198215e-06,0.0,0.0,0.0,0.0,0.09030952490569435,0.0
1737896400.0,7.7798682198215e-06,7.7798682198215e-06,7.7798682198215e-06,7.7798682198215e-06,0.0,0.0,0.0,0.0,0.09030952490569435,0.0
1737896460.0,7.7798682198215e-06,7.7798682198215e-06,7.7798682198215e-06,7.7798682198215e-06,0.0,0.0,0.0,0.0,0.09030952490569435,0.0
1737896520.0,7.7798682198215e-06,7.7798682198215e-06,7.7798682198215e-06,7.7798682198215e-06,0.0,0.0,0.0,0.0,0.09030952490569435,0.0
1737896580.0,7.7798682198215e-06,7.7798682198215e-06,7.7798682198215e-06,7.7798682198215e-06,0.0,0.0,0.0,0.0,0.09030952490569435,0.0
1737896640.0,7.7798682198215e-06,7.7798682198215e-06,7.7798682198215e-06,7.7798682198215e-06,0.0,0.0,0.0,0.0,0.09030952490569435,0.0
1737896700.0,7.7798682198215e-06,7.7798682198215e-06,7.7798682198215e-06,7.7798682198215e-06,0.0,0.0,0.0,0.0,0.09030952490569435,0.0
1737896760.0,7.7798682198215e-06,7.7798682198215e-06,7.7798682198215e-06,7.7798682198215e-06,0.0,0.0,0.0,0.0,0.09030952490569435,0.0
1737896820.0,7.7798682198215e-06,7.7798682198215e-06,7.7798682198215e-06,7.7798682198215e-06,0.0,0.0,0.0,0.0,0.09030952490569435,0.0
1737896880.0,7.7798682198215e-06,7.7798682198215e-06,7.7798682198215e-06,7.7798682198215e-06,0.0,0.0,0.0,0.0,0.09030952490569435,0.0
1737896940.0,7.7798682198215e-06,7.7798682198215e-06,7.7798682198215e-06,7.7798682198215e-06,0.0,0.0,0.0,0.0,0.09030952490569435,0.0
1737897000.0,7.7798682198215e-06,7.7798682198215e-06,7.7798682198215e-06,7.7798682198215e-06,0.0,0.0,0.0,0.0,0.09030952490569435,0.0
1737897060.0,7.7798682198215e-06,7.85357199093129e-06,7.7798682198215e-06,7.85357199093129e-06,11.37684566774,8.89296182667876e-05,0.009473652898388165,0.0,0.09030952490569435,0.009473652898388165
1737897120.0,7.85357199093129e-06,7.85357199093129e-06,7.81229381866313e-06,7.81229381866313e-06,11.3170492597,8.864568753151503e-05,-0.005255974264427106,-0.0031927578326129817,0.09116508599806925,0.005255974264427106
1737897180.0,7.81229381866313e-06,7.81229381866313e-06,7.81229381866313e-06,7.81229381866313e-06,0.0,0.0,0.0,-1.0,0.09068592465224912,0.0
1737897240.0,7.81229381866313e-06,7.81229381866313e-06,7.81229381866313e-06,7.81229381866313e-06,0.0,0.0,0.0,0.0,0.09068592465224912,0.0
1737897300.0,7.81229381866313e-06,7.81229381866313e-06,7.81229381866313e-06,7.81229381866313e-06,0.0,0.0,0.0,0.0,0.09068592465224912,0.0
1737897360.0,7.81229381866313e-06,8.00929678988188e-06,7.81229381866313e-06,8.00929678988188e-06,141.0585,0.0011158849194277233,0.025217045824380203,0.0,0.09068592465224912,0.025217045824380203
1737897420.0,8.00929678988188e-06,8.00929678988188e-06,8.00929678988188e-06,8.00929678988188e-06,0.0,0.0,0.0,-1.0,0.09297275576983118,0.0
1737897480.0,8.00929678988188e-06,8.00929678988188e-06,8.00929678988188e-06,8.00929678988188e-06,0.0,0.0,0.0,0.0,0.09297275576983118,0.0
1737897540.0,8.00929678988188e-06,8.00929678988188e-06,8.00929678988188e-06,8.00929678988188e-06,0.0,0.0,0.0,0.0,0.09297275576983118,0.0
1737897600.0,8.00929678988188e-06,8.20805300080815e-06,8.00929678988188e-06,8.20805300080815e-06,20.3186112,0.00016475701254571603,0.024815688086045104,0.0,0.09297275576983118,0.024815688086045104
1737897660.0,8.20805300080815e-06,8.20805300080815e-06,8.20805300080815e-06,8.20805300080815e-06,0.0,0.0,0.0,-1.0,0.09527993867751536,0.0
1737897720.0,8.20805300080815e-06,8.20805300080815e-06,8.20805300080815e-06,8.20805300080815e-06,0.0,0.0,0.0,0.0,0.09527993867751536,0.0
1737897780.0,8.20805300080815e-06,8.20805300080815e-06,8.20805300080815e-06,8.20805300080815e-06,0.0,0.0,0.0,0.0,0.09527993867751536,0.0
1737897840.0,8.20805300080815e-06,8.20805300080815e-06,8.20805300080815e-06,8.20805300080815e-06,0.0,0.0,0.0,0.0,0.09527993867751536,0.0
1737897900.0,8.20805300080815e-06,8.20805300080815e-06,8.20805300080815e-06,8.20805300080815e-06,0.0,0.0,0.0,0.0,0.09527993867751536,0.0
1737897960.0,8.20805300080815e-06,8.20805300080815e-06,8.20805300080815e-06,8.20805300080815e-06,0.0,0.0,0.0,0.0,0.09527993867751536,0.0
1737898020.0,8.20805300080815e-06,8.20805300080815e-06,8.20805300080815e-06,8.20805300080815e-06,0.0,0.0,0.0,0.0,0.09527993867751536,0.0
1737898080.0,8.20805300080815e-06,8.20805300080815e-06,8.20805300080815e-06,8.20805300080815e-06,0.0,0.0,0.0,0.0,0.09527993867751536,0.0
1737898140.0,8.20805300080815e-06,8.20805300080815e-06,8.20805300080815e-06,8.20805300080815e-06,0.0,0.0,0.0,0.0,0.09527993867751536,0.0
1737898200.0,8.20805300080815e-06,8.20805300080815e-06,8.20805300080815e-06,8.20805300080815e-06,0.0,0.0,0.0,0.0,0.09527993867751536,0.0
1737898260.0,8.20805300080815e-06,8.20805300080815e-06,8.20805300080815e-06,8.20805300080815e-06,0.0,0.0,0.0,0.0,0.09527993867751536,0.0
1737898320.0,8.20805300080815e-06,8.20805300080815e-06,8.20805300080815e-06,8.20805300080815e-06,0.0,0.0,0.0,0.0,0.09527993867751536,0.0
1737898380.0,8.20805300080815e-06,8.20805300080815e-06,8.20805300080815e-06,8.20805300080815e-06,0.0,0.0,0.0,0.0,0.09527993867751536,0.0
1737898440.0,8.20805300080815e-06,8.20805300080815e-06,8.20805300080815e-06,8.20805300080815e-06,0.0,0.0,0.0,0.0,0.09527993867751536,0.0
1737898500.0,8.20805300080815e-06,8.20805300080815e-06,8.20805300080815e-06,8.20805300080815e-06,0.0,0.0,0.0,0.0,0.09527993867751536,0.0
1737898560.0,8.20805300080815e-06,8.20805300080815e-06,8.20805300080815e-06,8.20805300080815e-06,0.0,0.0,0.0,0.0,0.09527993867751536,0.0
1737898620.0,8.20805300080815e-06,8.20805300080815e-06,8.20805300080815e-06,8.20805300080815e-06,0.0,0.0,0.0,0.0,0.09527993867751536,0.0
1737898680.0,8.20805300080815e-06,8.20805300080815e-06,8.20805300080815e-06,8.20805300080815e-06,0.0,0.0,0.0,0.0,0.09527993867751536,0.0
1737898740.0,8.20805300080815e-06,8.20805300080815e-06,8.20805300080815e-06,8.20805300080815e-06,0.0,0.0,0.0,0.0,0.09527993867751536,0.0
1737898800.0,8.20805300080815e-06,8.20805300080815e-06,8.18598021615503e-06,8.18598021615503e-06,5.91436483752,4.8480146801770965e-05,-0.002689162052309763,0.0,0.09527993867751536,0.002689162052309763
1737898860.0,8.18598021615503e-06,8.18598021615503e-06,8.18598021615503e-06,8.18598021615503e-06,0.0,0.0,0.0,-1.0,0.09502371548207737,0.0
1737898920.0,8.18598021615503e-06,8.18598021615503e-06,8.18598021615503e-06,8.18598021615503e-06,0.0,0.0,0.0,0.0,0.09502371548207737,0.0
1737898980.0,8.18598021615503e-06,8.18598021615503e-06,8.18598021615503e-06,8.18598021615503e-06,0.0,0.0,0.0,0.0,0.09502371548207737,0.0
1737899040.0,8.18598021615503e-06,8.33491693799742e-06,8.18598021615503e-06,8.33491693799742e-06,94.7665482231,0.000782814198423932,0.018194121890065633,0.0,0.09502371548207737,0.018194121890065633
1737899100.0,8.33491693799742e-06,8.33491693799742e-06,8.33491693799742e-06,8.33491693799742e-06,0.0,0.0,0.0,-1.0,0.0967525885440052,0.0
1737899160.0,8.33491693799742e-06,8.33491693799742e-06,8.30531288152552e-06,8.30531288152552e-06,0.826871381,6.879664905513157e-06,-0.0035518118167369075,0.0,0.0967525885440052,0.0035518118167369075
1737899220.0,8.30531288152552e-06,8.30531288152552e-06,8.30531288152552e-06,8.30531288152552e-06,0.0,0.0,0.0,-1.0,0.09640894155671473,0.0
1737899280.0,8.30531288152552e-06,8.30531288152552e-06,8.30531288152552e-06,8.30531288152552e-06,0.0,0.0,0.0,0.0,0.09640894155671473,0.0
1737899340.0,8.30531288152552e-06,8.30531288152552e-06,8.29686048735537e-06,8.29686048735537e-06,1.9273817076,1.599936262879245e-05,-0.0010177093013499622,0.0,0.09640894155671473,0.0010177093013499622
1737899400.0,8.29686048735537e-06,8.29686048735537e-06,8.29686048735537e-06,8.29686048735537e-06,0.0,0.0,0.0,-1.0,0.09631082528015915,0.0
1737899460.0,8.29686048735537e-06,8.29686048735537e-06,8.28935428762025e-06,8.28935428762025e-06,0.02046981055,1.6975833709268092e-07,-0.0009047036221182345,0.0,0.09631082528015915,0.0009047036221182345
1737899520.0,8.28935428762025e-06,8.28935428762025e-06,8.28935428762025e-06,8.28935428762025e-06,0.0,0.0,0.0,-1.0,0.096223692527679,0.0
1737899580.0,8.28935428762025e-06,8.28935428762025e-06,8.28935428762025e-06,8.28935428762025e-06,0.0,0.0,0.0,0.0,0.096223692527679,0.0
1737899640.0,8.28935428762025e-06,8.28935428762025e-06,8.27975616781102e-06,8.27975616781102e-06,2.4505081524,2.03013701245252e-05,-0.00115788509891119,0.0,0.096223692527679,0.00115788509891119
1737899700.0,8.27975616781102e-06,8.27975616781102e-06,8.27975616781102e-06,8.27975616781102e-06,0.0,0.0,0.0,-1.0,0.09611227654793898,0.0
1737899760.0,8.27975616781102e-06,8.27975616781102e-06,8.25718397365404e-06,8.25718397365404e-06,13.6645030854,0.00011298453479306221,-0.0027261906872007133,0.0,0.09611227654793898,0.0027261906872007133
1737899820.0,8.25718397365404e-06,8.25718397365404e-06,8.25718397365404e-06,8.25718397365404e-06,0.0,0.0,0.0,-1.0,0.09585025615468834,0.0
1737899880.0,8.25718397365404e-06,8.25718397365404e-06,8.25718397365404e-06,8.25718397365404e-06,0.0,0.0,0.0,0.0,0.09585025615468834,0.0
1737899940.0,8.25718397365404e-06,8.25718397365404e-06,8.25718397365404e-06,8.25718397365404e-06,0.0,0.0,0.0,0.0,0.09585025615468834,0.0
1737900000.0,8.25718397365404e-06,8.25718397365404e-06,8.25718397365404e-06,8.25718397365404e-06,0.0,0.0,0.0,0.0,0.09585025615468834,0.0
1737900060.0,8.25718397365404e-06,8.25718397365404e-06,8.25718397365404e-06,8.25718397365404e-06,0.0,0.0,0.0,0.0,0.09585025615468834,0.0
1737900120.0,8.25718397365404e-06,8.25718397365404e-06,8.23632274696604e-06,8.23632274696604e-06,0.3932761546,3.2432514494773606e-06,-0.0025264335582883906,0.0,0.09585025615468834,0.0025264335582883906
1737900180.0,8.23632274696604e-06,8.23632274696604e-06,8.23632274696604e-06,8.23632274696604e-06,0.0,0.0,0.0,-1.0,0.09560809685096859,0.0
1737900240.0,8.23632274696604e-06,8.23632274696604e-06,8.23632274696604e-06,8.23632274696604e-06,0.0,0.0,0.0,0.0,0.09560809685096859,0.0
1737900300.0,8.23632274696604e-06,8.23632274696604e-06,8.23632274696604e-06,8.23632274696604e-06,0.0,0.0,0.0,0.0,0.09560809685096859,0.0
1737900360.0,8.23632274696604e-06,8.23632274696604e-06,8.23632274696604e-06,8.23632274696604e-06,0.0,0.0,0.0,0.0,0.09560809685096859,0.0
1737900420.0,8.23632274696604e-06,8.23632274696604e-06,8.1304235028135e-06,8.1304235028135e-06,72.56458031823,0.0005938230363951085,-0.01285758795592965,0.0,0.09560809685096859,0.01285758795592965
1737900480.0,8.1304235028135e-06,8.1304235028135e-06,8.1304235028135e-06,8.1304235028135e-06,0.0,0.0,0.0,-1.0,0.09437880733640822,0.0
1737900540.0,8.1304235028135e-06,8.1304235028135e-06,8.1304235028135e-06,8.1304235028135e-06,0.0,0.0,0.0,0.0,0.09437880733640822,0.0
1737900600.0,8.1304235028135e-06,8.1304235028135e-06,8.1304235028135e-06,8.1304235028135e-06,0.0,0.0,0.0,0.0,0.09437880733640822,0.0
1737900660.0,8.1304235028135e-06,8.1304235028135e-06,8.1304235028135e-06,8.1304235028135e-06,0.0,0.0,0.0,0.0,0.09437880733640822,0.0
1737900720.0,8.1304235028135e-06,8.1304235028135e-06,8.1304235028135e-06,8.1304235028135e-06,0.0,0.0,0.0,0.0,0.09437880733640822,0.0
1737900780.0,8.1304235028135e-06,8.1304235028135e-06,8.1304235028135e-06,8.1304235028135e-06,0.0,0.0,0.0,0.0,0.09437880733640822,0.0
1737900840.0,8.1304235028135e-06,8.1304235028135e-06,8.1304235028135e-06,8.1304235028135e-06,0.0,0.0,0.0,0.0,0.09437880733640822,0.0
1737900900.0,8.1304235028135e-06,8.1304235028135e-06,8.03931214857582e-06,8.03931214857582e-06,0.0315271551,2.5489288190367536e-07,-0.011206224891747718,0.0,0.09437880733640822,0.011206224891747718
1737900960.0,8.03931214857582e-06,8.03931214857582e-06,8.03931214857582e-06,8.03931214857582e-06,0.0,0.0,0.0,-1.0,0.0933211771963815,0.0
1737901020.0,8.03931214857582e-06,8.03931214857582e-06,8.03931214857582e-06,8.03931214857582e-06,0.0,0.0,0.0,0.0,0.0933211771963815,0.0
1737901080.0,8.03931214857582e-06,8.03931214857582e-06,8.03931214857582e-06,8.03931214857582e-06,0.0,0.0,0.0,0.0,0.0933211771963815,0.0
1737901140.0,8.03931214857582e-06,8.03931214857582e-06,8.03931214857582e-06,8.03931214857582e-06,0.0,0.0,0.0,0.0,0.0933211771963815,0.0
1737901200.0,8.03931214857582e-06,8.03931214857582e-06,8.03931214857582e-06,8.03931214857582e-06,0.0,0.0,0.0,0.0,0.0933211771963815,0.0
1737901260.0,8.03931214857582e-06,8.03931214857582e-06,8.03931214857582e-06,8.03931214857582e-06,0.0,0.0,0.0,0.0,0.0933211771963815,0.0
1737901320.0,8.03931214857582e-06,8.03931214857582e-06,8.03931214857582e-06,8.03931214857582e-06,0.0,0.0,0.0,0.0,0.0933211771963815,0.0
1737901380.0,8.03931214857582e-06,8.03931214857582e-06,8.03931214857582e-06,8.03931214857582e-06,0.0,0.0,0.0,0.0,0.0933211771963815,0.0
1737901440.0,8.03931214857582e-06,8.03931214857582e-06,8.00425523219968e-06,8.00425523219968e-06,15.03710859516,0.00012062443247924395,-0.004360686054757869,0.0,0.0933211771963815,0.004360686054757869
1737901500.0,8.00425523219968e-06,8.00425523219968e-06,7.97609161604533e-06,7.97609161604533e-06,6.00566842766,4.798633226478052e-05,-0.003518580472178544,-0.6021839748507202,0.09291423284036765,0.003518580472178544
1737901560.0,7.97609161604533e-06,7.97609161604533e-06,7.97609161604533e-06,7.97609161604533e-06,0.0,0.0,0.0,-1.0,0.09258730663510809,0.0
1737901620.0,7.97609161604533e-06,7.97609161604533e-06,7.96409498834068e-06,7.96409498834068e-06,0.39036455328,3.1112419115104924e-06,-0.0015040734587998621,0.0,0.09258730663510809,0.0015040734587998621
1737901680.0,7.96409498834068e-06,7.96409498834068e-06,7.96409498834068e-06,7.96409498834068e-06,0.0,0.0,0.0,-1.0,0.09244804852457646,0.0
1737901740.0,7.96409498834068e-06,7.96409498834068e-06,7.96409498834068e-06,7.96409498834068e-06,0.0,0.0,0.0,0.0,0.09244804852457646,0.0
1737901800.0,7.96409498834068e-06,7.96409498834068e-06,7.96409498834068e-06,7.96409498834068e-06,0.0,0.0,0.0,0.0,0.09244804852457646,0.0
1737901860.0,7.96409498834068e-06,7.96409498834068e-06,7.96409498834068e-06,7.96409498834068e-06,0.0,0.0,0.0,0.0,0.09244804852457646,0.0
1737901920.0,7.96409498834068e-06,7.96409498834068e-06,7.95426362648425e-06,7.95426362648425e-06,0.6857177757,5.457750731076341e-06,-0.0012344606475466384,0.0,0.09244804852457646,0.0012344606475466384
1737901980.0,7.95426362648425e-06,7.95426362648425e-06,7.95426362648425e-06,7.95426362648425e-06,0.0,0.0,0.0,-1.0,0.09233392504673038,0.0
1737902040.0,7.95426362648425e-06,7.95426362648425e-06,7.95426362648425e-06,7.95426362648425e-06,0.0,0.0,0.0,0.0,0.09233392504673038,0.0
1737902100.0,7.95426362648425e-06,7.95426362648425e-06,7.95426362648425e-06,7.95426362648425e-06,0.0,0.0,0.0,0.0,0.09233392504673038,0.0
1737902160.0,7.95426362648425e-06,7.95426362648425e-06,7.95426362648425e-06,7.95426362648425e-06,0.0,0.0,0.0,0.0,0.09233392504673038,0.0
1737902220.0,7.95426362648425e-06,7.95426362648425e-06,7.95426362648425e-06,7.95426362648425e-06,0.0,0.0,0.0,0.0,0.09233392504673038,0.0
1737902280.0,7.95426362648425e-06,7.95426362648425e-06,7.95426362648425e-06,7.95426362648425e-06,0.0,0.0,0.0,0.0,0.09233392504673038,0.0
1737902340.0,7.95426362648425e-06,7.95426362648425e-06,7.95426362648425e-06,7.95426362648425e-06,0.0,0.0,0.0,0.0,0.09233392504673038,0.0
1737902400.0,7.95426362648425e-06,7.95426362648425e-06,7.95426362648425e-06,7.95426362648425e-06,0.0,0.0,0.0,0.0,0.09233392504673038,0.0
1737902460.0,7.95426362648425e-06,7.95426362648425e-06,7.95244668448554e-06,7.95244668448554e-06,0.24260947007,1.929559279550693e-06,-0.0002284236585596543,0.0,0.09233392504673038,0.0002284236585596543
1737902520.0,7.95244668448554e-06,7.95244668448554e-06,7.95244668448554e-06,7.95244668448554e-06,0.0,0.0,0.0,-1.0,0.09231283379376204,0.0
1737902580.0,7.95244668448554e-06,7.95244668448554e-06,7.95244668448554e-06,7.95244668448554e-06,0.0,0.0,0.0,0.0,0.09231283379376204,0.0
1737902640.0,7.95244668448554e-06,7.95244668448554e-06,7.95244668448554e-06,7.95244668448554e-06,0.0,0.0,0.0,0.0,0.09231283379376204,0.0
1737902700.0,7.95244668448554e-06,7.95244668448554e-06,7.95244668448554e-06,7.95244668448554e-06,0.0,0.0,0.0,0.0,0.09231283379376204,0.0
1737902760.0,7.95244668448554e-06,7.95244668448554e-06,7.95244668448554e-06,7.95244668448554e-06,0.0,0.0,0.0,0.0,0.09231283379376204,0.0
1737902820.0,7.95244668448554e-06,7.95244668448554e-06,7.95244668448554e-06,7.95244668448554e-06,0.0,0.0,0.0,0.0,0.09231283379376204,0.0
1737902880.0,7.95244668448554e-06,7.95244668448554e-06,7.95244668448554e-06,7.95244668448554e-06,0.0,0.0,0.0,0.0,0.09231283379376204,0.0
1737902940.0,7.95244668448554e-06,7.95244668448554e-06,7.95244668448554e-06,7.95244668448554e-06,0.0,0.0,0.0,0.0,0.09231283379376204,0.0
1737903000.0,7.95244668448554e-06,7.95244668448554e-06,7.95244668448554e-06,7.95244668448554e-06,0.0,0.0,0.0,0.0,0.09231283379376204,0.0
1737903060.0,7.95244668448554e-06,7.95244668448554e-06,7.95244668448554e-06,7.95244668448554e-06,0.0,0.0,0.0,0.0,0.09231283379376204,0.0
1737903120.0,7.95244668448554e-06,7.95244668448554e-06,7.95244668448554e-06,7.95244668448554e-06,0.0,0.0,0.0,0.0,0.09231283379376204,0.0
1737903180.0,7.95244668448554e-06,7.96626416407636e-06,7.95244668448554e-06,7.96626416407636e-06,0.6834174916,5.439562718814941e-06,0.0017375130119107406,0.0,0.09231283379376204,0.0017375130119107406
1737903240.0,7.96626416407636e-06,7.96626416407636e-06,7.96615039393285e-06,7.96615039393285e-06,0.13318533751,1.0609820051288472e-06,-1.4281492700590763e-05,-0.8049508646239136,0.09247322854364505,1.4281492700590763e-05
1737903300.0,7.96615039393285e-06,7.9700630701704e-06,7.96615039393285e-06,7.9700630701704e-06,1.4655985605,1.167804575640522e-05,0.0004911627378426408,10.006827354236815,0.0924719078879066,0.0004911627378426408
1737903360.0,7.9700630701704e-06,7.9700630701704e-06,7.95854162944299e-06,7.95854162944299e-06,4.64554313276,3.699851008836882e-05,-0.0014455896554360502,2.1682107486242495,0.09251732664335836,0.0014455896554360502
1737903420.0,7.95854162944299e-06,7.95854162944299e-06,7.95854162944299e-06,7.95854162944299e-06,0.0,0.0,0.0,-1.0,0.09238358455301413,0.0
1737903480.0,7.95854162944299e-06,7.95854162944299e-06,7.95854162944299e-06,7.95854162944299e-06,0.0,0.0,0.0,0.0,0.09238358455301413,0.0
1737903540.0,7.95854162944299e-06,7.95854162944299e-06,7.95854162944299e-06,7.95854162944299e-06,0.0,0.0,0.0,0.0,0.09238358455301413,0.0
1737903600.0,7.95854162944299e-06,7.95854162944299e-06,7.95854162944299e-06,7.95854162944299e-06,0.0,0.0,0.0,0.0,0.09238358455301413,0.0
1737903660.0,7.95854162944299e-06,7.95854162944299e-06,7.95854162944299e-06,7.95854162944299e-06,0.0,0.0,0.0,0.0,0.09238358455301413,0.0
1737903720.0,7.95854162944299e-06,7.95854162944299e-06,7.95854162944299e-06,7.95854162944299e-06,0.0,0.0,0.0,0.0,0.09238358455301413,0.0
1737903780.0,7.95854162944299e-06,7.95854162944299e-06,7.95854162944299e-06,7.95854162944299e-06,0.0,0.0,0.0,0.0,0.09238358455301413,0.0
1737903840.0,7.95854162944299e-06,7.95854162944299e-06,7.95854162944299e-06,7.95854162944299e-06,0.0,0.0,0.0,0.0,0.09238358455301413,0.0
1737903900.0,7.95854162944299e-06,7.95854162944299e-06,7.95854162944299e-06,7.95854162944299e-06,0.0,0.0,0.0,0.0,0.09238358455301413,0.0
1737903960.0,7.95854162944299e-06,7.95854162944299e-06,7.95854162944299e-06,7.95854162944299e-06,0.0,0.0,0.0,0.0,0.09238358455301413,0.0
1737904020.0,7.95854162944299e-06,7.95854162944299e-06,7.95854162944299e-06,7.95854162944299e-06,0.0,0.0,0.0,0.0,0.09238358455301413,0.0
1737904080.0,7.95854162944299e-06,7.95854162944299e-06,7.95854162944299e-06,7.95854162944299e-06,0.0,0.0,0.0,0.0,0.09238358455301413,0.0
1737904140.0,7.95854162944299e-06,7.95854162944299e-06,7.95854162944299e-06,7.95854162944299e-06,0.0,0.0,0.0,0.0,0.09238358455301413,0.0
1737904200.0,7.95854162944299e-06,7.95854162944299e-06,7.95854162944299e-06,7.95854162944299e-06,0.0,0.0,0.0,0.0,0.09238358455301413,0.0
1737904260.0,7.95854162944299e-06,7.95854162944299e-06,7.95854162944299e-06,7.95854162944299e-06,0.0,0.0,0.0,0.0,0.09238358455301413,0.0
1737904320.0,7.95854162944299e-06,7.95854162944299e-06,7.95854162944299e-06,7.95854162944299e-06,0.0,0.0,0.0,0.0,0.09238358455301413,0.0
1737904380.0,7.95854162944299e-06,7.95854162944299e-06,7.95854162944299e-06,7.95854162944299e-06,0.0,0.0,0.0,0.0,0.09238358455301413,0.0
1737904440.0,7.95854162944299e-06,7.95854162944299e-06,7.95854162944299e-06,7.95854162944299e-06,0.0,0.0,0.0,0.0,0.09238358455301413,0.0
1737904500.0,7.95854162944299e-06,7.95854162944299e-06,7.95854162944299e-06,7.95854162944299e-06,0.0,0.0,0.0,0.0,0.09238358455301413,0.0
1737904560.0,7.95854162944299e-06,7.95854162944299e-06,7.95854162944299e-06,7.95854162944299e-06,0.0,0.0,0.0,0.0,0.09238358455301413,0.0
1737904620.0,7.95854162944299e-06,7.95854162944299e-06,7.95854162944299e-06,7.95854162944299e-06,0.0,0.0,0.0,0.0,0.09238358455301413,0.0
1737904680.0,7.95854162944299e-06,7.95854162944299e-06,7.95854162944299e-06,7.95854162944299e-06,0.0,0.0,0.0,0.0,0.09238358455301413,0.0
1737904740.0,7.95854162944299e-06,7.95854162944299e-06,7.95854162944299e-06,7.95854162944299e-06,0.0,0.0,0.0,0.0,0.09238358455301413,0.0
1737904800.0,7.95854162944299e-06,7.95854162944299e-06,7.95854162944299e-06,7.95854162944299e-06,0.0,0.0,0.0,0.0,0.09238358455301413,0.0
1737904860.0,7.95854162944299e-06,7.95854162944299e-06,7.95854162944299e-06,7.95854162944299e-06,0.0,0.0,0.0,0.0,0.09238358455301413,0.0
1737904920.0,7.95854162944299e-06,7.95854162944299e-06,7.95854162944299e-06,7.95854162944299e-06,0.0,0.0,0.0,0.0,0.09238358455301413,0.0
1737904980.0,7.95854162944299e-06,7.95854162944299e-06,7.95854162944299e-06,7.95854162944299e-06,0.0,0.0,0.0,0.0,0.09238358455301413,0.0
1737905040.0,7.95854162944299e-06,7.95854162944299e-06,7.95854162944299e-06,7.95854162944299e-06,0.0,0.0,0.0,0.0,0.09238358455301413,0.0
1737905100.0,7.95854162944299e-06,7.98178923030384e-06,7.95854162944299e-06,7.98178923030384e-06,0.10157993184,8.096088611200658e-07,0.0029210880514648316,0.0,0.09238358455301413,0.0029210880514648316
1737905160.0,7.98178923030384e-06,7.98178923030384e-06,7.98178923030384e-06,7.98178923030384e-06,0.0,0.0,0.0,-1.0,0.09265344513800343,0.0
1737905220.0,7.98178923030384e-06,7.98178923030384e-06,7.98178923030384e-06,7.98178923030384e-06,0.0,0.0,0.0,0.0,0.09265344513800343,0.0
1737905280.0,7.98178923030384e-06,7.98178923030384e-06,7.98178923030384e-06,7.98178923030384e-06,0.0,0.0,0.0,0.0,0.09265344513800343,0.0
1737905340.0,7.98178923030384e-06,7.98178923030384e-06,7.98178923030384e-06,7.98178923030384e-06,0.0,0.0,0.0,0.0,0.09265344513800343,0.0
1737905400.0,7.98178923030384e-06,7.98178923030384e-06,7.98178923030384e-06,7.98178923030384e-06,0.0,0.0,0.0,0.0,0.09265344513800343,0.0
1737905460.0,7.98178923030384e-06,8.03775611525107e-06,7.98178923030384e-06,8.03775611525107e-06,12.7755,0.00010232885078106838,0.007011821952745117,0.0,0.09265344513800343,0.007011821952745117
1737905520.0,8.03775611525107e-06,8.03775611525107e-06,8.03775611525107e-06,8.03775611525107e-06,0.0,0.0,0.0,-1.0,0.09330311459861955,0.0
1737905580.0,8.03775611525107e-06,8.03775611525107e-06,8.03775611525107e-06,8.03775611525107e-06,0.0,0.0,0.0,0.0,0.09330311459861955,0.0
1737905640.0,8.03775611525107e-06,8.03775611525107e-06,8.03775611525107e-06,8.03775611525107e-06,0.0,0.0,0.0,0.0,0.09330311459861955,0.0
1737905700.0,8.03775611525107e-06,8.03775611525107e-06,8.03775611525107e-06,8.03775611525107e-06,0.0,0.0,0.0,0.0,0.09330311459861955,0.0
1737905760.0,8.03775611525107e-06,8.03775611525107e-06,8.03775611525107e-06,8.03775611525107e-06,0.0,0.0,0.0,0.0,0.09330311459861955,0.0
1737905820.0,8.03775611525107e-06,8.03775611525107e-06,8.03775611525107e-06,8.03775611525107e-06,0.0,0.0,0.0,0.0,0.09330311459861955,0.0
1737905880.0,8.03775611525107e-06,8.03775611525107e-06,8.03775611525107e-06,8.03775611525107e-06,0.0,0.0,0.0,0.0,0.09330311459861955,0.0
1737905940.0,8.03775611525107e-06,8.03775611525107e-06,7.99255743070635e-06,7.99255743070635e-06,16.73361920754,0.00013412258132776086,-0.005623296340001997,0.0,0.09330311459861955,0.005623296340001997
1737906000.0,7.99255743070635e-06,7.99255743070635e-06,7.99255743070635e-06,7.99255743070635e-06,0.0,0.0,0.0,-1.0,0.09277844353578633,0.0
1737906060.0,7.99255743070635e-06,7.99255743070635e-06,7.99255743070635e-06,7.99255743070635e-06,0.0,0.0,0.0,0.0,0.09277844353578633,0.0
1737906120.0,7.99255743070635e-06,7.99255743070635e-06,7.99255743070635e-06,7.99255743070635e-06,0.0,0.0,0.0,0.0,0.09277844353578633,0.0
1737906180.0,7.99255743070635e-06,7.99255743070635e-06,7.99255743070635e-06,7.99255743070635e-06,0.0,0.0,0.0,0.0,0.09277844353578633,0.0
1737906240.0,7.99255743070635e-06,7.99255743070635e-06,7.99255743070635e-06,7.99255743070635e-06,0.0,0.0,0.0,0.0,0.09277844353578633,0.0
1737906300.0,7.99255743070635e-06,7.99255743070635e-06,7.99255743070635e-06,7.99255743070635e-06,0.0,0.0,0.0,0.0,0.09277844353578633,0.0
1737906360.0,7.99255743070635e-06,7.99255743070635e-06,7.99255743070635e-06,7.99255743070635e-06,0.0,0.0,0.0,0.0,0.09277844353578633,0.0
1737906420.0,7.99255743070635e-06,7.99255743070635e-06,7.95916915878264e-06,7.95916915878264e-06,4.51780465939,3.603339235565436e-05,-0.004177420333000837,0.0,0.09277844353578633,0.004177420333000837
1737906480.0,7.95916915878264e-06,7.95916915878264e-06,7.95916915878264e-06,7.95916915878264e-06,0.0,0.0,0.0,-1.0,0.09239086897929577,0.0
1737906540.0,7.95916915878264e-06,7.95916915878264e-06,7.95916915878264e-06,7.95916915878264e-06,0.0,0.0,0.0,0.0,0.09239086897929577,0.0
1737906600.0,7.95916915878264e-06,7.95916915878264e-06,7.95916915878264e-06,7.95916915878264e-06,0.0,0.0,0.0,0.0,0.09239086897929577,0.0
1737906660.0,7.95916915878264e-06,7.95916915878264e-06,7.95916915878264e-06,7.95916915878264e-06,0.0,0.0,0.0,0.0,0.09239086897929577,0.0
1737906720.0,7.95916915878264e-06,7.95916915878264e-06,7.95916915878264e-06,7.95916915878264e-06,0.0,0.0,0.0,0.0,0.09239086897929577,0.0
1737906780.0,7.95916915878264e-06,7.95916915878264e-06,7.95916915878264e-06,7.95916915878264e-06,0.0,0.0,0.0,0.0,0.09239086897929577,0.0
1737906840.0,7.95916915878264e-06,7.95916915878264e-06,7.95916915878264e-06,7.95916915878264e-06,0.0,0.0,0.0,0.0,0.09239086897929577,0.0
1737906900.0,7.95916915878264e-06,7.99632729663637e-06,7.95916915878264e-06,7.99632729663637e-06,3.82875,3.0544803526842764e-05,0.004668595064690557,0.0,0.09239086897929577,0.004668595064690557
1737906960.0,7.99632729663637e-06,7.99632729663637e-06,7.99632729663637e-06,7.99632729663637e-06,0.0,0.0,0.0,-1.0,0.09282220453423498,0.0
1737907020.0,7.99632729663637e-06,7.99632729663637e-06,7.99632729663637e-06,7.99632729663637e-06,0.0,0.0,0.0,0.0,0.09282220453423498,0.0
1737907080.0,7.99632729663637e-06,7.99632729663637e-06,7.99632729663637e-06,7.99632729663637e-06,0.0,0.0,0.0,0.0,0.09282220453423498,0.0
1737907140.0,7.99632729663637e-06,7.99632729663637e-06,7.99632729663637e-06,7.99632729663637e-06,0.0,0.0,0.0,0.0,0.09282220453423498,0.0
1737907200.0,7.99632729663637e-06,7.99632729663637e-06,7.99632729663637e-06,7.99632729663637e-06,0.0,0.0,0.0,0.0,0.09282220453423498,0.0
1737907260.0,7.99632729663637e-06,8.00540857483283e-06,7.99632729663637e-06,8.00540857483283e-06,15.2856,0.0001222980669184648,0.0011356811520558533,0.0,0.09282220453423498,0.0011356811520558533
1737907320.0,8.00540857483283e-06,8.00540857483283e-06,8.00540857483283e-06,8.00540857483283e-06,0.0,0.0,0.0,-1.0,0.09292762096241679,0.0
1737907380.0,8.00540857483283e-06,8.00540857483283e-06,8.00540857483283e-06,8.00540857483283e-06,0.0,0.0,0.0,0.0,0.09292762096241679,0.0
1737907440.0,8.00540857483283e-06,8.00540857483283e-06,8.00540857483283e-06,8.00540857483283e-06,0.0,0.0,0.0,0.0,0.09292762096241679,0.0
1737907500.0,8.00540857483283e-06,8.00540857483283e-06,8.00540857483283e-06,8.00540857483283e-06,0.0,0.0,0.0,0.0,0.09292762096241679,0.0
1737907560.0,8.00540857483283e-06,8.00540857483283e-06,8.00540857483283e-06,8.00540857483283e-06,0.0,0.0,0.0,0.0,0.09292762096241679,0.0
1737907620.0,8.00540857483283e-06,8.00540857483283e-06,8.00540857483283e-06,8.00540857483283e-06,0.0,0.0,0.0,0.0,0.09292762096241679,0.0
1737907680.0,8.00540857483283e-06,8.00540857483283e-06,8.00540857483283e-06,8.00540857483283e-06,0.0,0.0,0.0,0.0,0.09292762096241679,0.0
1737907740.0,8.00540857483283e-06,8.00540857483283e-06,7.94578373017008e-06,7.94578373017008e-06,17.21064129158,0.0001372651244672081,-0.007448070152246435,0.0,0.09292762096241679,0.007448070152246435
1737907800.0,7.94578373017008e-06,7.94578373017008e-06,7.94578373017008e-06,7.94578373017008e-06,0.0,0.0,0.0,-1.0,0.09223548952240734,0.0
1737907860.0,7.94578373017008e-06,7.94578373017008e-06,7.94578373017008e-06,7.94578373017008e-06,0.0,0.0,0.0,0.0,0.09223548952240734,0.0
1737907920.0,7.94578373017008e-06,7.94578373017008e-06,7.94578373017008e-06,7.94578373017008e-06,0.0,0.0,0.0,0.0,0.09223548952240734,0.0
1737907980.0,7.94578373017008e-06,7.94578373017008e-06,7.94578373017008e-06,7.94578373017008e-06,0.0,0.0,0.0,0.0,0.09223548952240734,0.0
1737908040.0,7.94578373017008e-06,7.94578373017008e-06,7.94578373017008e-06,7.94578373017008e-06,0.0,0.0,0.0,0.0,0.09223548952240734,0.0
1737908100.0,7.94578373017008e-06,7.94578373017008e-06,7.94578373017008e-06,7.94578373017008e-06,0.0,0.0,0.0,0.0,0.09223548952240734,0.0
1737908160.0,7.94578373017008e-06,7.94578373017008e-06,7.94578373017008e-06,7.94578373017008e-06,0.0,0.0,0.0,0.0,0.09223548952240734,0.0
1737908220.0,7.94578373017008e-06,7.94578373017008e-06,7.94578373017008e-06,7.94578373017008e-06,0.0,0.0,0.0,0.0,0.09223548952240734,0.0
1737908280.0,7.94578373017008e-06,7.94578373017008e-06,7.94578373017008e-06,7.94578373017008e-06,0.0,0.0,0.0,0.0,0.09223548952240734,0.0
1737908340.0,7.94578373017008e-06,7.94578373017008e-06,7.94578373017008e-06,7.94578373017008e-06,0.0,0.0,0.0,0.0,0.09223548952240734,0.0
1737908400.0,7.94578373017008e-06,7.94578373017008e-06,7.94578373017008e-06,7.94578373017008e-06,0.0,0.0,0.0,0.0,0.09223548952240734,0.0
1737908460.0,7.94578373017008e-06,7.94578373017008e-06,7.94578373017008e-06,7.94578373017008e-06,0.0,0.0,0.0,0.0,0.09223548952240734,0.0
1737908520.0,7.94578373017008e-06,7.94578373017008e-06,7.94578373017008e-06,7.94578373017008e-06,0.0,0.0,0.0,0.0,0.09223548952240734,0.0
1737908580.0,7.94578373017008e-06,7.94578373017008e-06,7.94578373017008e-06,7.94578373017008e-06,0.0,0.0,0.0,0.0,0.09223548952240734,0.0
1737908640.0,7.94578373017008e-06,7.94578373017008e-06,7.94578373017008e-06,7.94578373017008e-06,0.0,0.0,0.0,0.0,0.09223548952240734,0.0
1737908700.0,7.94578373017008e-06,7.94578373017008e-06,7.94578373017008e-06,7.94578373017008e-06,0.0,0.0,0.0,0.0,0.09223548952240734,0.0
1737908760.0,7.94578373017008e-06,7.94578373017008e-06,7.94578373017008e-06,7.94578373017008e-06,0.0,0.0,0.0,0.0,0.09223548952240734,0.0
1737908820.0,7.94578373017008e-06,7.94578373017008e-06,7.94578373017008e-06,7.94578373017008e-06,0.0,0.0,0.0,0.0,0.09223548952240734,0.0
1737908880.0,7.94578373017008e-06,7.94578373017008e-06,7.94578373017008e-06,7.94578373017008e-06,0.0,0.0,0.0,0.0,0.09223548952240734,0.0
1737908940.0,7.94578373017008e-06,7.94578373017008e-06,7.94578373017008e-06,7.94578373017008e-06,0.0,0.0,0.0,0.0,0.09223548952240734,0.0
1737909000.0,7.94578373017008e-06,7.94578373017008e-06,7.94578373017008e-06,7.94578373017008e-06,0.0,0.0,0.0,0.0,0.09223548952240734,0.0
1737909060.0,7.94578373017008e-06,7.94578373017008e-06,7.90992499929615e-06,7.90992499929615e-06,1.42491715164,1.1296535660012254e-05,-0.004512925608303969,0.0,0.09223548952240734,0.004512925608303969
1737909120.0,7.90992499929615e-06,7.90992499929615e-06,7.90992499929615e-06,7.90992499929615e-06,0.0,0.0,0.0,-1.0,0.09181923761974722,0.0
1737909180.0,7.90992499929615e-06,7.90992499929615e-06,7.90992499929615e-06,7.90992499929615e-06,0.0,0.0,0.0,0.0,0.09181923761974722,0.0
1737909240.0,7.90992499929615e-06,7.90992499929615e-06,7.90992499929615e-06,7.90992499929615e-06,0.0,0.0,0.0,0.0,0.09181923761974722,0.0
1737909300.0,7.90992499929615e-06,7.90992499929615e-06,7.90992499929615e-06,7.90992499929615e-06,0.0,0.0,0.0,0.0,0.09181923761974722,0.0
1737909360.0,7.90992499929615e-06,7.90992499929615e-06,7.90992499929615e-06,7.90992499929615e-06,0.0,0.0,0.0,0.0,0.09181923761974722,0.0
1737909420.0,7.90992499929615e-06,7.90992499929615e-06,7.90992499929615e-06,7.90992499929615e-06,0.0,0.0,0.0,0.0,0.09181923761974722,0.0
1737909480.0,7.90992499929615e-06,7.90992499929615e-06,7.90992499929615e-06,7.90992499929615e-06,0.0,0.0,0.0,0.0,0.09181923761974722,0.0
1737909540.0,7.90992499929615e-06,7.92209054983008e-06,7.90992499929615e-06,7.92209054983008e-06,1.20908713828,9.571143186748747e-06,0.0015380108578795047,0.0,0.09181923761974722,0.0015380108578795047
1737909600.0,7.92209054983008e-06,7.92209054983008e-06,7.92209054983008e-06,7.92209054983008e-06,0.0,0.0,0.0,-1.0,0.09196045660416861,0.0
1737909660.0,7.92209054983008e-06,7.92209054983008e-06,7.91621527047509e-06,7.91621527047509e-06,4.38489979713,3.472469198916952e-05,-0.000741632441340462,0.0,0.09196045660416861,0.000741632441340462
1737909720.0,7.91621527047509e-06,7.91621527047509e-06,7.91621527047509e-06,7.91621527047509e-06,0.0,0.0,0.0,-1.0,0.09189225574623047,0.0
1737909780.0,7.91621527047509e-06,7.91621527047509e-06,7.91621527047509e-06,7.91621527047509e-06,0.0,0.0,0.0,0.0,0.09189225574623047,0.0
1737909840.0,7.91621527047509e-06,7.91621527047509e-06,7.91621527047509e-06,7.91621527047509e-06,0.0,0.0,0.0,0.0,0.09189225574623047,0.0
1737909900.0,7.91621527047509e-06,7.91621527047509e-06,7.91158965182102e-06,7.91158965182102e-06,3.1459607856,2.4896826803835107e-05,-0.0005843219892365793,0.0,0.09189225574623047,0.0005843219892365793
1737909960.0,7.91158965182102e-06,7.91158965182102e-06,7.91158965182102e-06,7.91158965182102e-06,0.0,0.0,0.0,-1.0,0.09183856108055741,0.0
1737910020.0,7.91158965182102e-06,7.91158965182102e-06,7.91158965182102e-06,7.91158965182102e-06,0.0,0.0,0.0,0.0,0.09183856108055741,0.0
1737910080.0,7.91158965182102e-06,7.91158965182102e-06,7.91158965182102e-06,7.91158965182102e-06,0.0,0.0,0.0,0.0,0.09183856108055741,0.0
1737910140.0,7.91158965182102e-06,7.9452747789516e-06,7.91158965182102e-06,7.9452747789516e-06,1.8520969595,1.4684225199718835e-05,0.004257693916522464,0.0,0.09183856108055741,0.004257693916522464
1737910200.0,7.9452747789516e-06,7.9452747789516e-06,7.9452747789516e-06,7.9452747789516e-06,0.0,0.0,0.0,-1.0,0.09222958156337227,0.0
1737910260.0,7.9452747789516e-06,7.9452747789516e-06,7.90373089851646e-06,7.90373089851646e-06,1.85906722162,1.4732183475125078e-05,-0.00522875313830534,0.0,0.09222958156337227,0.00522875313830534
1737910320.0,7.90373089851646e-06,7.90373089851646e-06,7.90373089851646e-06,7.90373089851646e-06,0.0,0.0,0.0,-1.0,0.0917473358493282,0.0
1737910380.0,7.90373089851646e-06,7.90373089851646e-06,7.90373089851646e-06,7.90373089851646e-06,0.0,0.0,0.0,0.0,0.0917473358493282,0.0
1737910440.0,7.90373089851646e-06,7.90373089851646e-06,7.90373089851646e-06,7.90373089851646e-06,0.0,0.0,0.0,0.0,0.0917473358493282,0.0
1737910500.0,7.90373089851646e-06,7.90373089851646e-06,7.90373089851646e-06,7.90373089851646e-06,0.0,0.0,0.0,0.0,0.0917473358493282,0.0
1737910560.0,7.90373089851646e-06,7.90373089851646e-06,7.90373089851646e-06,7.90373089851646e-06,0.0,0.0,0.0,0.0,0.0917473358493282,0.0
1737910620.0,7.90373089851646e-06,7.90373089851646e-06,7.90373089851646e-06,7.90373089851646e-06,0.0,0.0,0.0,0.0,0.0917473358493282,0.0
1737910680.0,7.90373089851646e-06,7.90373089851646e-06,7.90373089851646e-06,7.90373089851646e-06,0.0,0.0,0.0,0.0,0.0917473358493282,0.0
1737910740.0,7.90373089851646e-06,7.90373089851646e-06,7.90373089851646e-06,7.90373089851646e-06,0.0,0.0,0.0,0.0,0.0917473358493282,0.0
1737910800.0,7.90373089851646e-06,7.90373089851646e-06,7.8966656235253e-06,7.8966656235253e-06,3.8593755819,3.048983226075283e-05,-0.0008939164404603724,0.0,0.0917473358493282,0.0008939164404603724
1737910860.0,7.8966656235253e-06,7.8966656235253e-06,7.8966656235253e-06,7.8966656235253e-06,0.0,0.0,0.0,-1.0,0.09166532139744404,0.0
1737910920.0,7.8966656235253e-06,7.8966656235253e-06,7.8966656235253e-06,7.8966656235253e-06,0.0,0.0,0.0,0.0,0.09166532139744404,0.0
1737910980.0,7.8966656235253e-06,7.8966656235253e-06,7.8966656235253e-06,7.8966656235253e-06,0.0,0.0,0.0,0.0,0.09166532139744404,0.0
1737911040.0,7.8966656235253e-06,7.8966656235253e-06,7.8966656235253e-06,7.8966656235253e-06,0.0,0.0,0.0,0.0,0.09166532139744404,0.0
1737911100.0,7.8966656235253e-06,7.8966656235253e-06,7.8966656235253e-06,7.8966656235253e-06,0.0,0.0,0.0,0.0,0.09166532139744404,0.0
1737911160.0,7.8966656235253e-06,7.8966656235253e-06,7.8966656235253e-06,7.8966656235253e-06,0.0,0.0,0.0,0.0,0.09166532139744404,0.0
1737911220.0,7.8966656235253e-06,7.8966656235253e-06,7.8966656235253e-06,7.8966656235253e-06,0.0,0.0,0.0,0.0,0.09166532139744404,0.0
1737911280.0,7.8966656235253e-06,7.8966656235253e-06,7.89089224858128e-06,7.89089224858128e-06,0.52384308137,4.135101481515756e-06,-0.0007311155390473165,0.0,0.09166532139744404,0.0007311155390473165
1737911340.0,7.89089224858128e-06,7.89089224858128e-06,7.89089224858128e-06,7.89089224858128e-06,0.0,0.0,0.0,-1.0,0.0915983034565786,0.0
1737911400.0,7.89089224858128e-06,7.89089224858128e-06,7.89089224858128e-06,7.89089224858128e-06,0.0,0.0,0.0,0.0,0.0915983034565786,0.0
1737911460.0,7.89089224858128e-06,7.89089224858128e-06,7.89089224858128e-06,7.89089224858128e-06,0.0,0.0,0.0,0.0,0.0915983034565786,0.0
1737911520.0,7.89089224858128e-06,7.89089224858128e-06,7.89089224858128e-06,7.89089224858128e-06,0.0,0.0,0.0,0.0,0.0915983034565786,0.0
1737911580.0,7.89089224858128e-06,7.89089224858128e-06,7.89089224858128e-06,7.89089224858128e-06,0.0,0.0,0.0,0.0,0.0915983034565786,0.0
1737911640.0,7.89089224858128e-06,7.89089224858128e-06,7.89089224858128e-06,7.89089224858128e-06,0.0,0.0,0.0,0.0,0.0915983034565786,0.0
1737911700.0,7.89089224858128e-06,7.89089224858128e-06,7.89089224858128e-06,7.89089224858128e-06,0.0,0.0,0.0,0.0,0.0915983034565786,0.0
1737911760.0,7.89089224858128e-06,7.89089224858128e-06,7.89089224858128e-06,7.89089224858128e-06,0.0,0.0,0.0,0.0,0.0915983034565786,0.0
1737911820.0,7.89089224858128e-06,7.89089224858128e-06,7.89089224858128e-06,7.89089224858128e-06,0.0,0.0,0.0,0.0,0.0915983034565786,0.0
1737911880.0,7.89089224858128e-06,7.89089224858128e-06,7.89089224858128e-06,7.89089224858128e-06,0.0,0.0,0.0,0.0,0.0915983034565786,0.0
1737911940.0,7.89089224858128e-06,7.89089224858128e-06,7.89089224858128e-06,7.89089224858128e-06,0.0,0.0,0.0,0.0,0.0915983034565786,0.0
1737912000.0,7.89089224858128e-06,7.89089224858128e-06,7.89089224858128e-06,7.89089224858128e-06,0.0,0.0,0.0,0.0,0.0915983034565786,0.0
1737912060.0,7.89089224858128e-06,7.89089224858128e-06,7.89089224858128e-06,7.89089224858128e-06,0.0,0.0,0.0,0.0,0.0915983034565786,0.0
1737912120.0,7.89089224858128e-06,7.91827676100881e-06,7.89089224858128e-06,7.91827676100881e-06,0.30324400696,2.397017878587977e-06,0.00347039492681626,0.0,0.0915983034565786,0.00347039492681626
1737912180.0,7.91827676100881e-06,7.91827676100881e-06,7.91827676100881e-06,7.91827676100881e-06,0.0,0.0,0.0,-1.0,0.0919161857441993,0.0
1737912240.0,7.91827676100881e-06,7.91827676100881e-06,7.91827676100881e-06,7.91827676100881e-06,0.0,0.0,0.0,0.0,0.0919161857441993,0.0
1737912300.0,7.91827676100881e-06,7.91827676100881e-06,7.91827676100881e-06,7.91827676100881e-06,0.0,0.0,0.0,0.0,0.0919161857441993,0.0
1737912360.0,7.91827676100881e-06,7.91827676100881e-06,7.91827676100881e-06,7.91827676100881e-06,0.0,0.0,0.0,0.0,0.0919161857441993,0.0
1737912420.0,7.91827676100881e-06,7.91827676100881e-06,7.91827676100881e-06,7.91827676100881e-06,0.0,0.0,0.0,0.0,0.0919161857441993,0.0
1737912480.0,7.91827676100881e-06,7.91827676100881e-06,7.91827676100881e-06,7.91827676100881e-06,0.0,0.0,0.0,0.0,0.0919161857441993,0.0
1737912540.0,7.91827676100881e-06,7.91827676100881e-06,7.91827676100881e-06,7.91827676100881e-06,0.0,0.0,0.0,0.0,0.0919161857441993,0.0
1737912600.0,7.91827676100881e-06,7.91827676100881e-06,7.90507996855069e-06,7.90507996855069e-06,1.81541991069,1.436301843039646e-05,-0.0016666242992546484,0.0,0.0919161857441993,0.0016666242992546484
1737912660.0,7.90507996855069e-06,7.90507996855069e-06,7.90507996855069e-06,7.90507996855069e-06,0.0,0.0,0.0,-1.0,0.0917629959955432,0.0
1737912720.0,7.90507996855069e-06,7.90507996855069e-06,7.90507996855069e-06,7.90507996855069e-06,0.0,0.0,0.0,0.0,0.0917629959955432,0.0
1737912780.0,7.90507996855069e-06,7.90507996855069e-06,7.90507996855069e-06,7.90507996855069e-06,0.0,0.0,0.0,0.0,0.0917629959955432,0.0
1737912840.0,7.90507996855069e-06,7.90507996855069e-06,7.89762750063323e-06,7.89762750063323e-06,0.15411206993,1.2176939792871027e-06,-0.0009427441527610264,0.0,0.0917629959955432,0.0009427441527610264
1737912900.0,7.89762750063323e-06,7.89762750063323e-06,7.89762750063323e-06,7.89762750063323e-06,0.0,0.0,0.0,-1.0,0.09167648696762858,0.0
1737912960.0,7.89762750063323e-06,7.89762750063323e-06,7.89762750063323e-06,7.89762750063323e-06,0.0,0.0,0.0,0.0,0.09167648696762858,0.0
1737913020.0,7.89762750063323e-06,7.89762750063323e-06,7.89762750063323e-06,7.89762750063323e-06,0.0,0.0,0.0,0.0,0.09167648696762858,0.0
1737913080.0,7.89762750063323e-06,7.89762750063323e-06,7.89762750063323e-06,7.89762750063323e-06,0.0,0.0,0.0,0.0,0.09167648696762858,0.0
1737913140.0,7.89762750063323e-06,7.89762750063323e-06,7.89762750063323e-06,7.89762750063323e-06,0.0,0.0,0.0,0.0,0.09167648696762858,0.0
1737913200.0,7.89762750063323e-06,8.10854210630197e-06,7.89762750063323e-06,8.10854210630197e-06,127.995,0.0010243548394198356,0.026706071621107434,0.0,0.09167648696762858,0.026706071621107434
1737913260.0,8.10854210630197e-06,8.10854210630197e-06,8.10854210630197e-06,8.10854210630197e-06,0.0,0.0,0.0,-1.0,0.09412480579455759,0.0
1737913320.0,8.10854210630197e-06,8.10854210630197e-06,8.10854210630197e-06,8.10854210630197e-06,0.0,0.0,0.0,0.0,0.09412480579455759,0.0
1737913380.0,8.10854210630197e-06,8.10854210630197e-06,8.10854210630197e-06,8.10854210630197e-06,0.0,0.0,0.0,0.0,0.09412480579455759,0.0
1737913440.0,8.10854210630197e-06,8.10854210630197e-06,8.10854210630197e-06,8.10854210630197e-06,0.0,0.0,0.0,0.0,0.09412480579455759,0.0
1737913500.0,8.10854210630197e-06,8.10854210630197e-06,8.10854210630197e-06,8.10854210630197e-06,0.0,0.0,0.0,0.0,0.09412480579455759,0.0
1737913560.0,8.10854210630197e-06,8.10854210630197e-06,8.10854210630197e-06,8.10854210630197e-06,0.0,0.0,0.0,0.0,0.09412480579455759,0.0
1737913620.0,8.10854210630197e-06,8.10854210630197e-06,8.10854210630197e-06,8.10854210630197e-06,0.0,0.0,0.0,0.0,0.09412480579455759,0.0
1737913680.0,8.10854210630197e-06,8.10854210630197e-06,8.10854210630197e-06,8.10854210630197e-06,0.0,0.0,0.0,0.0,0.09412480579455759,0.0
1737913740.0,8.10854210630197e-06,8.10854210630197e-06,8.10854210630197e-06,8.10854210630197e-06,0.0,0.0,0.0,0.0,0.09412480579455759,0.0
1737913800.0,8.10854210630197e-06,8.10854210630197e-06,8.10854210630197e-06,8.10854210630197e-06,0.0,0.0,0.0,0.0,0.09412480579455759,0.0
1737913860.0,8.10854210630197e-06,8.10854210630197e-06,8.10854210630197e-06,8.10854210630197e-06,0.0,0.0,0.0,0.0,0.09412480579455759,0.0
1737913920.0,8.10854210630197e-06,8.10854210630197e-06,8.10854210630197e-06,8.10854210630197e-06,0.0,0.0,0.0,0.0,0.09412480579455759,0.0
1737913980.0,8.10854210630197e-06,8.10854210630197e-06,8.10854210630197e-06,8.10854210630197e-06,0.0,0.0,0.0,0.0,0.09412480579455759,0.0
1737914040.0,8.10854210630197e-06,8.10854210630197e-06,8.10854210630197e-06,8.10854210630197e-06,0.0,0.0,0.0,0.0,0.09412480579455759,0.0
1737914100.0,8.10854210630197e-06,8.10854210630197e-06,8.10854210630197e-06,8.10854210630197e-06,0.0,0.0,0.0,0.0,0.09412480579455759,0.0
1737914160.0,8.10854210630197e-06,8.24165866669928e-06,8.10854210630197e-06,8.24165866669928e-06,0.098415378,8.04555594725405e-07,0.01641683038111773,0.0,0.09412480579455759,0.01641683038111773
1737914220.0,8.24165866669928e-06,8.24165866669928e-06,8.24165866669928e-06,8.24165866669928e-06,0.0,0.0,0.0,-1.0,0.09567003676594249,0.0
1737914280.0,8.24165866669928e-06,8.24165866669928e-06,8.24165866669928e-06,8.24165866669928e-06,0.0,0.0,0.0,0.0,0.09567003676594249,0.0
1737914340.0,8.24165866669928e-06,8.24165866669928e-06,8.24165866669928e-06,8.24165866669928e-06,0.0,0.0,0.0,0.0,0.09567003676594249,0.0
1737914400.0,8.24165866669928e-06,8.24165866669928e-06,8.24165866669928e-06,8.24165866669928e-06,0.0,0.0,0.0,0.0,0.09567003676594249,0.0
1737914460.0,8.24165866669928e-06,8.24165866669928e-06,8.24165866669928e-06,8.24165866669928e-06,0.0,0.0,0.0,0.0,0.09567003676594249,0.0
1737914520.0,8.24165866669928e-06,8.24165866669928e-06,8.24165866669928e-06,8.24165866669928e-06,0.0,0.0,0.0,0.0,0.09567003676594249,0.0
1737914580.0,8.24165866669928e-06,8.24165866669928e-06,8.24165866669928e-06,8.24165866669928e-06,0.0,0.0,0.0,0.0,0.09567003676594249,0.0
1737914640.0,8.24165866669928e-06,8.24165866669928e-06,8.24165866669928e-06,8.24165866669928e-06,0.0,0.0,0.0,0.0,0.09567003676594249,0.0
1737914700.0,8.24165866669928e-06,8.24165866669928e-06,8.24165866669928e-06,8.24165866669928e-06,0.0,0.0,0.0,0.0,0.09567003676594249,0.0
1737914760.0,8.24165866669928e-06,8.24165866669928e-06,8.24165866669928e-06,8.24165866669928e-06,0.0,0.0,0.0,0.0,0.09567003676594249,0.0
1737914820.0,8.24165866669928e-06,8.24165866669928e-06,8.24165866669928e-06,8.24165866669928e-06,0.0,0.0,0.0,0.0,0.09567003676594249,0.0
1737914880.0,8.24165866669928e-06,8.24165866669928e-06,8.24165866669928e-06,8.24165866669928e-06,0.0,0.0,0.0,0.0,0.09567003676594249,0.0
1737914940.0,8.24165866669928e-06,8.24165866669928e-06,8.24165866669928e-06,8.24165866669928e-06,0.0,0.0,0.0,0.0,0.09567003676594249,0.0
1737915000.0,8.24165866669928e-06,8.24165866669928e-06,8.24165866669928e-06,8.24165866669928e-06,0.0,0.0,0.0,0.0,0.09567003676594249,0.0
1737915060.0,8.24165866669928e-06,8.24165866669928e-06,8.24165866669928e-06,8.24165866669928e-06,0.0,0.0,0.0,0.0,0.09567003676594249,0.0
