time,open,high,low,close,volume,usd_vol,price_change,vol_change,norm_open,mov_in_min
1740766140.0,5.82749379101874e-05,9.02375216834648e-05,5.78491735019395e-05,6.23727355002202e-05,14828.7484565278,0.8945270004341258,0.07031835188478912,0.0,1.0,0.5557852027477372
1740766200.0,6.23727355002202e-05,7.1618736045439e-05,5.35093555979231e-05,5.7619123790002e-05,7868.15198502728,0.4720570929307379,-0.07621297466104267,-0.4722830135908225,1.0703183518847892,0.2903412893835956
1740766260.0,5.7619123790002e-05,5.7619123790002e-05,3.51963762747571e-05,4.3805730316182e-05,7931.33844615328,0.4022174223839322,-0.23973626402518955,-0.14794750802961207,0.9887462064533448,0.38915460771265087
1740766320.0,4.3805730316182e-05,5.18895203629461e-05,4.33983281846137e-05,4.81977790983135e-05,3284.76222647844,0.15110482621409418,0.10026196916317728,-0.6243205346041457,0.7517078848491411,0.1938374755321845
1740766380.0,4.81977790983135e-05,4.81977790983135e-05,3.07120952648037e-05,3.4878892099566e-05,4405.3126031082,0.18298935332614727,-0.2763381891846038,0.2110093232024053,0.8270755976196029,0.36279023972956553
1740766440.0,3.4878892099566e-05,3.53724457612205e-05,3.05634628209963e-05,3.0570150756086e-05,1478.72951474059,0.04839071569108718,-0.12353435227186052,-0.7355544745554732,0.5985230246546278,0.1378765967249296
1740766500.0,3.0570150756086e-05,3.68135528044682e-05,2.88831651641501e-05,3.63504306245063e-05,2305.89783694955,0.07715601192645705,0.1890824783475934,0.5944383302573883,0.5245848704841236,0.2594160461815614
1740766560.0,3.63504306245063e-05,3.71982332106708e-05,3.20765569321735e-05,3.21541772756073e-05,1850.16959649627,0.06337257137834418,-0.1154388896309256,-0.17864376610407054,0.6237746778989129,0.14089726560335245
1740766620.0,3.21541772756073e-05,4.01245775450318e-05,3.21541772756073e-05,4.01245775450318e-05,1761.29956729704,0.06365226979518025,0.24788070928099862,0.004413556381770136,0.5517668217023742,0.24788070928099862
1740766680.0,4.01245775450318e-05,4.05426412625244e-05,3.46276534803893e-05,3.51063722340514e-05,1787.88876444583,0.06725228492430568,-0.1250656235657178,0.05655752953837356,0.688539172823681,0.1474155777838834
1740766740.0,3.51063722340514e-05,4.00000540081952e-05,3.51063722340514e-05,3.93700465423772e-05,984.90318254657,0.036676030938787824,0.12145015383247866,-0.4546500393247944,0.6024265918250639,0.13939582653308655
1740766800.0,3.93700465423772e-05,4.59618597977189e-05,3.8233914797116e-05,4.57932148439992e-05,2177.0812480885,0.09270366969516976,0.163148608287984,1.5276363696467559,0.6755913940749937,0.196289963545882
1740766860.0,4.57932148439992e-05,4.59515895869859e-05,4.08559810547106e-05,4.10048848950794e-05,2212.54649386259,0.09602241562581687,-0.10456417976400857,0.03579950978812259,0.7858131897896679,0.11127431322815363
1740766920.0,4.10048848950794e-05,4.15487406514198e-05,3.64318819252865e-05,4.03177158252903e-05,1409.89721875039,0.057328254288598855,-0.01675822457610563,-0.402970088650994,0.703645278151572,0.1247865648013885
1740766980.0,4.03177158252903e-05,4.58087605347295e-05,4.03177158252903e-05,4.54362766657203e-05,1137.09493544309,0.04875521527777645,0.12695562572568295,-0.14954299790229902,0.6918534325583916,0.1361943403052314
1740767040.0,4.54362766657203e-05,4.54362766657203e-05,3.62387391034717e-05,3.64308163851721e-05,1773.40246956802,0.07259165249640373,-0.19819978531256785,0.4889002557536112,0.7796881179993038,0.20242718455818684
1740767100.0,3.64308163851721e-05,3.96663810786349e-05,3.16517882265032e-05,3.16517882265032e-05,1759.70833845569,0.05990276351947342,-0.1311809240874997,-0.17479818326988672,0.6251541004010818,0.21999487377378021
1740767160.0,3.16517882265032e-05,3.51035801055813e-05,3.11738086083257e-05,3.51035801055813e-05,1188.03423007366,0.039653831309845795,0.10905519316560419,-0.33803001764760027,0.5431458078133783,0.12415638159631882
1740767220.0,3.51035801055813e-05,3.54238451409072e-05,3.16645131673096e-05,3.16645131673096e-05,1020.73524408762,0.034076272992084634,-0.0979691224635207,-0.14065622749487736,0.6023786788015544,0.10709255187905706
1740767280.0,3.16645131673096e-05,3.16645131673096e-05,2.57960320795823e-05,2.68420985815908e-05,1702.72348160387,0.04981029082696678,-0.15229713339466255,0.4617294220684552,0.5433641682486311,0.1853330590216025
1740767340.0,2.68420985815908e-05,2.68420985815908e-05,2.0724486581153e-05,2.42201415303736e-05,2048.55549111382,0.052301916184968524,-0.09768077720329299,0.050022300946952175,0.46061136303498945,0.22791109204231366
1740767400.0,2.42201415303736e-05,2.42201415303736e-05,2.07502550305982e-05,2.08618266708703e-05,723.46986651517,0.016307722758397532,-0.13865793704350407,-0.6882002812148527,0.41561848710506355,0.14326450138303035
1740767460.0,2.08618266708703e-05,2.54373979925734e-05,2.074984631869e-05,2.44529154085362e-05,1166.80088478525,0.026436640576033454,0.17213683127183654,0.6211117252664917,0.35798968508593326,0.22469516921203767
1740767520.0,2.44529154085362e-05,2.64085439236818e-05,2.43742828046448e-05,2.6260910524125e-05,384.41748259085,0.009747640648792091,0.07393781417808575,-0.6312829301908743,0.4196128951046284,0.08319094410831956
1740767580.0,2.6260910524125e-05,2.62985040866116e-05,2.02537217938783e-05,2.06838134478262e-05,1265.44984651049,0.029703096872391484,-0.21237257067592197,2.0472088521310265,0.45063815536960306,0.23018174816064224
1740767640.0,2.06838134478262e-05,2.35713137752338e-05,1.76861737783136e-05,2.35029945074053e-05,1791.5159208283,0.03958068497118991,0.13629890187756397,0.33254404889947603,0.3549349718691049,0.2845287698888383
1740767700.0,2.35029945074053e-05,2.36281043576721e-05,2.24061042848162e-05,2.24061042848162e-05,242.01326653904,0.0055553054812845105,-0.046670232690710675,-0.8596460499526949,0.403312218772808,0.05199337780004467
1740767760.0,2.24061042848162e-05,2.95081011794086e-05,2.22088482528776e-05,2.95081011794086e-05,1307.47264948503,0.03393820188211011,0.3169670552415113,5.109151332261721,0.38448954367567423,0.32577072898287973
1740767820.0,2.95081011794086e-05,3.14846966679564e-05,2.60669339400607e-05,2.86479135735603e-05,1606.57774462612,0.04671607950913406,-0.029150896583225734,0.3765042612278046,0.506360062105705,0.18360255358200875
1740767880.0,2.86479135735603e-05,2.86479135735603e-05,2.57373841866994e-05,2.64491517450701e-05,782.85466253912,0.021566497238456127,-0.07675120293994041,-0.538349590439425,0.4915992123013859,0.10159655708913766
1740767940.0,2.64491517450701e-05,2.64491517450701e-05,2.29329616427807e-05,2.50658647510106e-05,887.36263328042,0.022856250345723226,-0.05229986229397062,0.05980355052591879,0.4538683813929274,0.1329415073942698
1740768000.0,2.50658647510106e-05,3.60131504255603e-05,2.50658647510106e-05,3.60131504255603e-05,2468.26726776663,0.07537966695387559,0.43674079403577454,2.2979892070520807,0.43013112754648997,0.43674079403577454
1740768060.0,3.60131504255603e-05,3.62855363644661e-05,3.31567557720986e-05,3.35845199720136e-05,789.21728609944,0.027463842275008303,-0.06743732289033456,-0.6356598087410855,0.6179869377306471,0.0868788360750258
1740768120.0,3.35845199720136e-05,3.35845199720136e-05,3.10798502167778e-05,3.11199160793188e-05,372.0219897767,0.01203573652359796,-0.07338511596260984,-0.5617606450299817,0.5763115530688963,0.07457810197445063
1740768180.0,3.11199160793188e-05,3.5490322493612e-05,3.08016599447985e-05,3.5490322493612e-05,727.96764989774,0.02424504941653211,0.1404376028249518,1.0144217488473484,0.5340188629163436,0.15066436994441065
1740768240.0,3.5490322493612e-05,3.58466940593886e-05,3.46156249076237e-05,3.47566860871455e-05,315.45938232372,0.01108003896848741,-0.020671449423953537,-0.5429978805928025,0.6090151918876214,0.0346874602784035
1740768300.0,3.47566860871455e-05,3.47865369354831e-05,3.32218305856453e-05,3.32218305856453e-05,283.67986750452,0.00964206830144555,-0.0441600070171206,-0.1297802896841405,0.596425965150097,0.0450188589877242
1740768360.0,3.32218305856453e-05,3.32218305856453e-05,3.21345452464281e-05,3.21345452464281e-05,150.40445624408,0.004914945084553365,-0.03272803816196086,-0.4902602915790888,0.5700877903438759,0.03272803816196086
1740768420.0,3.21345452464281e-05,3.21345452464281e-05,2.57805643968673e-05,2.60524856754565e-05,1017.92782546991,0.029615098928432202,-0.1892685744992034,5.025519801127832,0.5514299353858335,0.1977305358091873
1740768480.0,2.60524856754565e-05,2.95688578683349e-05,2.60524856754565e-05,2.74837287635889e-05,1088.47513696156,0.029136419171971698,0.054936911048021224,-0.016163368476913794,0.447061577579169,0.13497261784088035
1740768540.0,2.74837287635889e-05,2.74837287635889e-05,2.48911989514196e-05,2.48911989514196e-05,512.75981482628,0.013427879118343781,-0.09432962442868907,-0.5391376325591521,0.47162175969962383,0.09432962442868907
1740768600.0,2.48911989514196e-05,2.64577755662263e-05,2.43896317408478e-05,2.64577755662263e-05,350.81372113485,0.009006962413496975,0.06293696892079009,-0.3292341750982407,0.42713385623476086,0.0830873526588622
1740768660.0,2.64577755662263e-05,2.70717781008341e-05,2.47876201063244e-05,2.70717781008341e-05,709.22950777326,0.018982369499305776,0.023206884232232338,1.107521784576408,0.45401636646962523,0.08633220086065949
1740768720.0,2.70717781008341e-05,2.70717781008341e-05,2.3762372744921e-05,2.4327428321134e-05,678.63263035954,0.017440589326266586,-0.10137308932860768,-0.08122169221790652,0.4645526717258246,0.12224558518419354
1740768780.0,2.4327428321134e-05,2.46271265317591e-05,2.4327428321134e-05,2.46200831988278e-05,25.94880102642,0.0006350646185849447,0.01202983208215076,-0.963586974803168,0.41745953223711924,0.012319354379301314
1740768840.0,2.46200831988278e-05,2.46200831988278e-05,2.43182655796113e-05,2.43182655796113e-05,89.88180616055,0.002199333589360526,-0.012259000783184523,2.4631650465130552,0.422481500311025,0.012259000783184523
1740768900.0,2.43182655796113e-05,2.64520883796455e-05,2.43182655796113e-05,2.63797748919665e-05,335.10880322761,0.008494679834207685,0.08477205356633619,2.862388077598352,0.41730229926783113,0.08774568206966288
1740768960.0,2.63797748919665e-05,3.59270254060323e-05,2.63797748919665e-05,3.56436531051792e-05,2181.28806536253,0.06764548163152305,0.3511735127062761,6.963276186009719,0.452677872134719,0.3619155414769385
1740769020.0,3.56436531051792e-05,4.39144673714472e-05,3.56436531051792e-05,3.96493398213655e-05,1775.9881350809,0.06685973104613675,0.11238148638598015,-0.011615714256665651,0.6116463506166707,0.2320417113773955
1740769080.0,3.96493398213655e-05,4.39464990803677e-05,3.96493398213655e-05,4.26079401778464e-05,987.74698762679,0.040624690264797474,0.07461915809469857,-0.39238926586820566,0.6803840766415326,0.10837908722723875
1740769140.0,4.26079401778464e-05,4.30103956053798e-05,3.86335418746748e-05,4.22736939539799e-05,999.88725266138,0.042436031976740105,-0.007844693324092832,0.04458721285346546,0.7311537636215626,0.10272389870141398
1740769200.0,4.22736939539799e-05,5.20791831463739e-05,4.22736939539799e-05,5.1686029420704e-05,3326.54342640427,0.1562805500694092,0.2226523065850498,2.682732404270719,0.7254180865731952,0.23195250462541742
1740769260.0,5.1686029420704e-05,5.95605652849271e-05,5.1686029420704e-05,5.24063227545868e-05,2044.33403047807,0.10639976893222747,0.013935938627049482,-0.3191745941195374,0.8869340967872305,0.15235327519797415
1740769320.0,5.24063227545868e-05,5.72064049523944e-05,5.1323386206858e-05,5.38724474544222e-05,1322.52451273307,0.07027813939226978,0.02797610331679072,-0.3394897367020202,0.8992943559262949,0.11225780471348742
1740769380.0,5.38724474544222e-05,5.38724474544222e-05,4.86040761531202e-05,4.95067280500188e-05,952.4770101282,0.04923314399699421,-0.08103807439038181,-0.2994529390968823,0.9244531077398956,0.09779342781408279
1740769440.0,4.95067280500188e-05,5.13135526322676e-05,3.94963278618338e-05,4.3099599973138e-05,3888.7898864409,0.18006327591844032,-0.12941934014317005,2.657358870468105,0.8495372080244503,0.23869936947750497
1740769500.0,4.3099599973138e-05,5.02254102492621e-05,4.3099599973138e-05,5.02254102492621e-05,2290.03201625666,0.10685863066338816,0.16533355948930595,-0.4065495581020652,0.739590663134855,0.16533355948930595
1740769560.0,5.02254102492621e-05,5.15259782658489e-05,4.52863408033902e-05,4.52863408033902e-05,1226.01605177764,0.05854946996197082,-0.09833806078158341,-0.4520847815614859,0.8618698200359968,0.12423268284902404
1740769620.0,4.52863408033902e-05,4.52863408033902e-05,4.44786665780045e-05,4.44786665780045e-05,107.55549389953,0.004827359851900432,-0.01783483079130202,-0.9175507505868813,0.7771152132874846,0.01783483079130202
1740769680.0,4.44786665780045e-05,4.62115006393065e-05,3.92423920367643e-05,4.60543014459748e-05,1881.5393434718,0.08517067060919574,0.03542450772904867,16.64332331174064,0.7632554949531557,0.1566842969611088
1740769740.0,4.60543014459748e-05,4.63525725789473e-05,3.63802671471787e-05,4.08215541441374e-05,2066.39769720879,0.08976003396722561,-0.11362125007966549,0.053884316340399495,0.7902934451333626,0.21653363787239013
1740769800.0,4.08215541441374e-05,4.24115056367949e-05,3.72519058377525e-05,4.14066810216682e-05,1416.4551642779,0.05823630417503148,0.014333772679618457,-0.3512000653175387,0.7004993159675444,0.12639400697054068
1740769860.0,4.14066810216682e-05,4.16181928413352e-05,4.00736196524999e-05,4.14168551152248e-05,350.70965167595,0.014523506754570103,0.00024571139984096884,-0.7506107751803902,0.7105401139248515,0.03730251135141748
1740769920.0,4.14168551152248e-05,4.14168551152248e-05,3.91739018710301e-05,3.93059299352029e-05,388.51165000568,0.015680871206497752,-0.050967780488140574,0.0796890497237151,0.7107147017308871,0.05415556632570577
1740769980.0,3.93059299352029e-05,4.01997088248145e-05,3.93059299352029e-05,4.01940988574866e-05,117.60236878496,0.004674695852246405,0.022596308591295772,-0.7018854507070161,0.674491150823373,0.02273903431581505
1740770040.0,4.01940988574866e-05,4.01940988574866e-05,3.8411465417933e-05,3.8411465417933e-05,348.6683112207,0.013703634674230369,-0.04435062584371287,1.9314494690911594,0.6897321610094761,0.04435062584371287
1740770100.0,3.8411465417933e-05,4.05361866595503e-05,3.80801366309835e-05,4.05361866595503e-05,433.87814758176,0.017126830519653868,0.05531476652867647,0.24980203623355526,0.6591421080041693,0.06394054488273056
1740770160.0,4.05361866595503e-05,4.05433418686408e-05,3.88307166809515e-05,4.05433418686408e-05,448.92385212465,0.018199267137663,0.00017651411442808922,0.06261734281649252,0.6956023998176396,0.042249292023274314
1740770220.0,4.05433418686408e-05,4.05433418686408e-05,4.0322038275696e-05,4.0322038275696e-05,21.03616286521,0.000850548653436694,-0.005458444783901071,-0.9532646756046291,0.6957251834592374,0.005458444783901071
1740770280.0,4.0322038275696e-05,4.21831440776731e-05,4.02354023485354e-05,4.21831440776731e-05,441.17004860517,0.01819940765450713,0.04615604472303859,20.39725644261655,0.6919276059605557,0.048304644616928856
1740770340.0,4.21831440776731e-05,4.6062043811141e-05,4.21831440776731e-05,4.59670521204739e-05,278.04419854609,0.012254825326797187,0.08970189694332359,-0.3266360334666031,0.7238642474863761,0.0919537843439448
1740770400.0,4.59670521204739e-05,4.60690921540341e-05,3.84417422595512e-05,3.84417422595512e-05,1376.75933394378,0.05810529776482041,-0.16371095194879592,3.7414219473013324,0.7887962436153556,0.16593080353494433
1740770460.0,3.84417422595512e-05,3.84417422595512e-05,3.58231724468093e-05,3.58231724468093e-05,64.96173925436,0.002412189012450938,-0.0681178754870636,-0.9584859022284989,0.6596616596794513,0.0681178754870636
1740770520.0,3.58231724468093e-05,4.13455060749806e-05,3.54619263783285e-05,4.07162910732221e-05,930.63378647756,0.03561510537530394,0.13659087937223213,13.764641241407828,0.6147269088818168,0.16423949345603367
1740770580.0,4.07162910732221e-05,4.07162910732221e-05,3.51874717129845e-05,3.60014665133166e-05,884.33388340531,0.03392205624632547,-0.1157970049734294,-0.04753738929416323,0.6986929979397581,0.13578887503026382
1740770640.0,3.60014665133166e-05,3.73057153639321e-05,3.60014665133166e-05,3.73057153639321e-05,162.22338594496,0.0059460696291051465,0.03622765895197832,-0.8247137618684527,0.6177864413824277,0.03622765895197832
1740770700.0,3.73057153639321e-05,3.73057153639321e-05,3.44926864443464e-05,3.66742098848973e-05,627.67938648949,0.023217837046361784,-0.01692784799525264,2.904736825265861,0.6401673978859866,0.07540477088144497
1740770760.0,3.66742098848973e-05,3.66742098848973e-05,3.48301949462529e-05,3.48301949462529e-05,418.73227832205,0.01497060117250486,-0.05028097249898164,-0.3552112049623184,0.6293307414830562,0.05028097249898164
1740770820.0,3.48301949462529e-05,3.48301949462529e-05,3.28719438614604e-05,3.28719438614604e-05,139.22167176916,0.004712802473578785,-0.056222800010574364,-0.6851961775433334,0.597687379777783,0.056222800010574364
1740770880.0,3.28719438614604e-05,3.72212684405882e-05,3.28719438614604e-05,3.72212684405882e-05,656.38654101295,0.02300412058571402,0.13231114647366554,3.881197698117244,0.5640837217556924,0.13231114647366554
1740770940.0,3.72212684405882e-05,4.14285214570852e-05,3.60275933337027e-05,4.13384499937188e-05,979.66292258439,0.03848102167937998,0.11061368205928701,0.6727882092253247,0.6387182856883202,0.14510327964785366
1740771000.0,4.13384499937188e-05,4.5912751599981e-05,4.08498323625159e-05,4.57525612782601e-05,1986.33298561657,0.0864958742201181,0.10677979665933313,1.2477540991710945,0.709369267066901,0.12247482037266484
1740771060.0,4.57525612782601e-05,4.62946440241754e-05,4.09373300929363e-05,4.09373300929363e-05,729.91608479654,0.031638173050550514,-0.10524506280726667,-0.6342233275770305,0.7851155731606848,0.11709320268775193
1740771120.0,4.09373300929363e-05,4.39763122679383e-05,4.07212498185555e-05,4.37889085631629e-05,563.05387239749,0.023852718384495278,0.06965716776724126,-0.24607788362545058,0.7024860353524254,0.07951330587493433
1740771180.0,4.37889085631629e-05,4.41658587856041e-05,3.72357427513864e-05,3.87405408300948e-05,1079.05159805467,0.04452676712718336,-0.11528873175238268,0.866737635913507,0.7514192229711134,0.15826190379286156
1740771240.0,3.87405408300948e-05,3.97528358824731e-05,3.71378163643184e-05,3.73498200465506e-05,436.22396014356,0.01659621927518143,-0.03589833166355397,-0.6272754492196331,0.664789053740413,0.0675008521337751
1740771300.0,3.73498200465506e-05,4.01463192728593e-05,3.50484696782172e-05,4.01463192728593e-05,1182.44950165222,0.045817635659103635,0.07487316465844575,1.7607273017669116,0.6409242358029393,0.1364892679078091
1740771360.0,4.01463192728593e-05,4.04879728940361e-05,3.70706219544167e-05,3.76802145607417e-05,1169.92121986262,0.04552545670014297,-0.06142791560432792,-0.006376997738044806,0.6889122616438014,0.0851223973085293
1740771420.0,3.76802145607417e-05,3.78604707757358e-05,3.51428877820852e-05,3.54752870776669e-05,386.64012632727,0.014142426197504552,-0.05851685052165472,-0.6893512504299569,0.6465938173767593,0.07212228022931681
1740771480.0,3.54752870776669e-05,3.62137450651528e-05,3.52158626678828e-05,3.54354023425534e-05,299.53729012487,0.01062019787490954,-0.0011242963313073786,-0.24905403594869127,0.6087571836170973,0.028128944949347638
1740771540.0,3.54354023425534e-05,4.52055889728982e-05,3.54354023425534e-05,3.80304472995679e-05,2862.54222456985,0.10514954833223601,0.0732331167550533,8.900902937096324,0.6080727601488997,0.2757182361271528
1740771600.0,3.80304472995679e-05,3.80304472995679e-05,3.24393125210511e-05,3.31869690016256e-05,1252.52454560563,0.04460078099592969,-0.12735791035508892,-0.5758347829036152,0.6526038235884515,0.1470173288911154
1740771660.0,3.31869690016256e-05,4.17598889633772e-05,3.31869690016256e-05,4.17598889633772e-05,1369.35006976585,0.05131424259155393,0.25832187209780055,0.150523408911537,0.5694895643264852,0.25832187209780055
1740771720.0,4.17598889633772e-05,4.45699965745965e-05,4.17598889633772e-05,4.38155448833567e-05,488.62567793544,0.02090717718898988,0.0492256078981025,-0.5925658037008404,0.7166011747234637,0.06729202785198313
1740771780.0,4.38155448833567e-05,4.38155448833567e-05,4.37946313139504e-05,4.37946313139504e-05,5.24065096776,0.0002295671773370208,-0.0004773093536090947,-0.9890196952337538,0.7518763031697205,0.0004773093536090947
1740771840.0,4.37946313139504e-05,4.42035884751559e-05,4.29832225199936e-05,4.29832225199936e-05,151.18895073722,0.006559926334190919,-0.018527585907506673,27.575192718253813,0.7515174255774606,0.027865651988570574
1740771900.0,4.29832225199936e-05,4.32406777007115e-05,4.26642362084858e-05,4.29910062024121e-05,92.1536963137,0.00396142148224458,0.00018108652544328592,-0.39611799272847026,0.737593621914086,0.013410848662116257
1740771960.0,4.29910062024121e-05,4.3819974075753e-05,4.28223878964964e-05,4.3819974075753e-05,227.76735294874,0.00988635359242147,0.019282355696396563,1.4956580956439318,0.7377271901802676,0.02320453200280362
1740772020.0,4.3819974075753e-05,4.66537900751291e-05,4.3819974075753e-05,4.63835578835943e-05,251.04903933198,0.011322755021372848,0.05850263177722445,0.14529132662749114,0.7519523082682267,0.06466950424199683
1740772080.0,4.63835578835943e-05,4.69523952465944e-05,4.59533092374275e-05,4.69523952465944e-05,255.26368965636,0.011912639886802526,0.01226377166727207,0.052097291190722636,0.7959434972728766,0.021539658766027356
1740772140.0,4.69523952465944e-05,4.75360819242543e-05,4.65670805867629e-05,4.6740217516022e-05,208.91442097737,0.009786868972579476,-0.004518996942712663,-0.17844666962342207,0.8057047665834812,0.020637953237575998
1740772200.0,4.6740217516022e-05,5.17692578420764e-05,4.60624694061245e-05,5.14404241323316e-05,804.75282060939,0.03950557414787616,0.10056022128477306,3.0365896650462534,0.8020637892065614,0.12209588956225284
1740772260.0,5.14404241323316e-05,5.27936805086676e-05,5.14404241323316e-05,5.27936805086676e-05,245.25294858127,0.012781860752966848,0.02630725541559917,-0.6764542465546217,0.8827195013336768,0.02630725541559917
1740772320.0,5.27936805086676e-05,5.27936805086676e-05,4.56505283871902e-05,4.57692367552469e-05,975.29059972211,0.048063743344341936,-0.13305463240562354,2.7603087901881325,0.9059414287155921,0.13530316607315612
1740772380.0,4.57692367552469e-05,4.85530424228109e-05,4.50044433377437e-05,4.84558015742999e-05,466.80068772194,0.0219921563464293,0.0586980471931295,-0.5424377125836534,0.7854017249368137,0.07753240684443781
1740772440.0,4.84558015742999e-05,4.96827616315326e-05,4.63164266219947e-05,4.71816260833853e-05,692.92461399141,0.03313476382141646,-0.02629562301143319,0.5066627982933697,0.83150327245272,0.06947227989565123
1740772500.0,4.71816260833853e-05,5.16338311116258e-05,4.71816260833853e-05,5.14877917772225e-05,633.41706835931,0.031249446698992964,0.09126785257945122,-0.05689846267155018,0.8096383758675303,0.09436311119019102
1740772560.0,5.14877917772225e-05,5.14877917772225e-05,4.12701589735775e-05,4.12701589735775e-05,1165.43520363,0.05405169061078006,-0.1984476795558581,0.729684724706563,0.8835323317988744,0.1984476795558581
1740772620.0,4.12701589735775e-05,4.2429032755376e-05,4.12701589735775e-05,4.2429032755376e-05,131.65435324078,0.005509681476925709,0.028080187007286376,-0.8980664357642338,0.7081973907408113,0.028080187007286376
1740772680.0,4.2429032755376e-05,4.39923130409815e-05,4.18587669984209e-05,4.23443633784719e-05,454.54699194223,0.01926674610468382,-0.001995552842136644,2.4968892821430893,0.7280837059108856,0.05028505021223381
1740772740.0,4.23443633784719e-05,4.44220668025624e-05,4.23443633784719e-05,4.44220668025624e-05,448.98360818497,0.01947835244600503,0.04906682397182566,0.010982982812534608,0.7266307764022417,0.04906682397182566
1740772800.0,4.44220668025624e-05,4.46113585784322e-05,4.22382049027686e-05,4.28090363322054e-05,386.56676705803,0.016860322762856386,-0.03631146829629172,-0.13440714200063647,0.7622842408004815,0.05342285594705182
1740772860.0,4.28090363322054e-05,4.28090363322054e-05,3.66312899081553e-05,3.68905660313676e-05,963.29726085668,0.03838720432409823,-0.13825282715802029,1.276777548331754,0.734604580757892,0.14430940178400048
1740772920.0,3.68905660313676e-05,3.70373592800399e-05,3.5374575624125e-05,3.5374575624125e-05,310.86445141783,0.011232331808683244,-0.041094257159230554,-0.707393856717199,0.6330434206248812,0.045073411302527955
1740772980.0,3.5374575624125e-05,3.8196574281639e-05,3.52877806862173e-05,3.79150444175661e-05,384.48964919786,0.01408955014983713,0.07181623379556619,0.2543744602474342,0.6070289715047634,0.08222836724118715
1740773040.0,3.79150444175661e-05,3.87637467157667e-05,3.67633292750999e-05,3.87299974085114e-05,530.78488307195,0.020341014781849635,0.02149418531520256,0.4436951191152664,0.6506235060430315,0.05276051950871518
1740773100.0,3.87299974085114e-05,3.87299974085114e-05,3.60696170836024e-05,3.60696170836024e-05,342.90243990107,0.01282448515650263,-0.06869043384764983,-0.36952579337654445,0.6646081282523473,0.06869043384764983
1740773160.0,3.60696170836024e-05,5.92560603884939e-05,3.60696170836024e-05,4.77003138234514e-05,5029.81332568684,0.21067355738408253,0.32245135047847306,15.4274475593479,0.6189559075840191,0.6428247699760661
1740773220.0,4.77003138234514e-05,4.77003138234514e-05,3.86828024780139e-05,4.29475116726628e-05,936.361430643,0.042439563783109244,-0.09963880255336877,-0.7985529635988585,0.818539075871115,0.18904511569490184
1740773280.0,4.29475116726628e-05,4.42982987915124e-05,4.29331341567923e-05,4.42982987915124e-05,193.43571345505,0.008438227796550898,0.03145204614285988,-0.8011707226852016,0.736980822508176,0.03178681561635299
1740773340.0,4.42982987915124e-05,4.51989644843373e-05,4.41961874501441e-05,4.49478802098267e-05,155.81632522702,0.006953005826270749,0.014663800552962965,-0.17601112533217333,0.760160377344106,0.02263691973618941
1740773400.0,4.49478802098267e-05,4.49478802098267e-05,4.32295441608583e-05,4.32295441608583e-05,219.63150928987,0.009683270399913456,-0.03822952363819654,0.3926739947961595,0.771307217505745,0.03822952363819654
1740773460.0,4.32295441608583e-05,4.32295441608583e-05,4.24190108173447e-05,4.24190108173447e-05,90.03755480686,0.0038557932314891574,-0.018749523254225953,-0.6018087823382874,0.7418205100017975,0.018749523254225953
1740773520.0,4.24190108173447e-05,4.24190108173447e-05,3.86924650002175e-05,3.86924650002175e-05,478.47807088809,0.01940503123803656,-0.08785084200038577,4.032694979482104,0.7279117290990571,0.08785084200038577
1740773580.0,3.86924650002175e-05,4.21391105772836e-05,3.86924650002175e-05,4.19177358503086e-05,459.08997862921,0.018503667692882177,0.0833565618027431,-0.04644999196845323,0.6639640707957483,0.08907795295664747
1740773640.0,4.19177358503086e-05,4.19177358503086e-05,3.70519374888866e-05,3.70519374888866e-05,636.60120086976,0.025136094440012167,-0.11607970379884393,0.3584384921526283,0.7193098328978349,0.11607970379884393
1740773700.0,3.70519374888866e-05,3.76399652155339e-05,3.61185003822712e-05,3.76126261636346e-05,457.89323034056,0.017094199121410646,0.015132506226325537,-0.3199341623176058,0.6358125605554583,0.04106303034002075
1740773760.0,3.76126261636346e-05,3.76126261636346e-05,3.66700063972575e-05,3.66700063972575e-05,137.81687124752,0.005118700003785652,-0.025061259011168506,-0.7005592384041887,0.6454339980868398,0.025061259011168506
1740773820.0,3.66700063972575e-05,3.90305553044441e-05,3.66700063972575e-05,3.89002720687062e-05,412.82707580966,0.015598728538612758,0.060819887711159405,2.0474004194573543,0.6292586094861714,0.06437274326091047
1740773880.0,3.89002720687062e-05,3.89002720687062e-05,3.86839311626904e-05,3.87169679475936e-05,8.33557786495,0.00032349227390918997,-0.00471215524633979,-0.9792616255159243,0.6675300474564007,0.005561423982683042
1740773940.0,3.87169679475936e-05,3.87169679475936e-05,3.80873498215035e-05,3.80873498215035e-05,120.15273166137,0.004614124291672457,-0.01626207214734208,13.263476020350716,0.6643845422411896,0.01626207214734208
1740774000.0,3.80873498215035e-05,4.00084560670866e-05,3.76927822265997e-05,3.97168049654463e-05,325.74998567591,0.012672351153687592,0.04278205628848546,1.7464260502385194,0.6535802728816845,0.06079902779635012
1740774060.0,3.97168049654463e-05,3.97996341221957e-05,3.78546549915548e-05,3.78863530444308e-05,277.3714287425,0.010762449406064797,-0.0460875924588595,-0.1507140801623875,0.6815417809051524,0.048971188199378936
1740774120.0,3.78863530444308e-05,3.80563604258556e-05,3.78863530444308e-05,3.78996023643819e-05,51.08237281472,0.001935663214156358,0.00034971220205759653,-0.8201465910663809,0.6501311610631104,0.004487298664651689
1740774180.0,3.78996023643819e-05,3.78996023643819e-05,3.69747676786953e-05,3.69747676786953e-05,192.90653573425,0.007221877670147166,-0.024402226619553234,2.730957749948644,0.650358519863072,0.024402226619553234
1740774240.0,3.69747676786953e-05,3.69747676786953e-05,3.69747676786953e-05,3.69747676786953e-05,0.0,0.0,0.0,-1.0,0.6344883238774162,0.0
1740774300.0,3.69747676786953e-05,3.71972080550323e-05,3.66703296674337e-05,3.71972080550323e-05,156.03858541291,0.005786845085385771,0.006016004705424226,0.0,0.6344883238774162,0.014249674052778034
1740774360.0,3.71972080550323e-05,3.71972080550323e-05,3.7052936177838e-05,3.71487075502429e-05,73.69811994557,0.002739577102870398,-0.0013038748692547786,-0.5265853738181124,0.6383054086193994,0.0038785673640035524
1740774420.0,3.71487075502429e-05,3.71487075502429e-05,3.45568972418035e-05,3.4727114746332e-05,340.06093224443,0.012221079568004124,-0.06518646175336638,3.4609365274660315,0.6374731382381912,0.06976851899716914
1740774480.0,3.4727114746332e-05,3.4727114746332e-05,3.45459155992095e-05,3.45459155992095e-05,15.64768594256,0.000541981311568231,-0.005217800224581995,-0.9556519284116939,0.5959185198936289,0.005217800224581995
1740774540.0,3.45459155992095e-05,3.45459155992095e-05,3.44882567919633e-05,3.44882567919633e-05,2.89895957307,0.00010006363746117755,-0.00166904846046458,-0.8153743767074885,0.5928091361066954,0.00166904846046458
1740774600.0,3.44882567919633e-05,3.44882567919633e-05,3.38774501157255e-05,3.38774501157255e-05,87.70677487715,0.00299806783253494,-0.017710569714272567,28.96161151645245,0.5918197089307271,0.017710569714272567
1740774660.0,3.38774501157255e-05,3.38774501157255e-05,3.32862312590213e-05,3.34483412977197e-05,169.29827737932,0.005699070254747844,-0.012666502837136872,0.9009143798888434,0.581338244717429,0.017451692930979125
1740774720.0,3.34483412977197e-05,3.34483412977197e-05,3.21164203202885e-05,3.21164203202885e-05,250.04652742727,0.008197120482089853,-0.039820239980689454,0.4383259225942873,0.5739747221913795,0.039820239980689454
1740774780.0,3.21164203202885e-05,3.21164203202885e-05,2.74731889540678e-05,2.74731889540678e-05,731.03590047573,0.021781071837437986,-0.14457499683697594,1.6571613635578661,0.5511189110108692,0.14457499683697594
1740774840.0,2.74731889540678e-05,2.74731889540678e-05,2.57222964831566e-05,2.57222964831566e-05,205.03760591094,0.005453537489659382,-0.06373095143190333,-0.7496203340973481,0.47144089619467516,0.06373095143190333
1740774900.0,2.57222964831566e-05,2.78590247492724e-05,2.57222964831566e-05,2.76822759888259e-05,612.93334191978,0.016366721539524662,0.07619768736250773,2.0011202032732145,0.44139551933627935,0.08306910961526962
1740774960.0,2.76822759888259e-05,3.54841335144253e-05,2.76822759888259e-05,3.54841335144253e-05,1198.56773100072,0.037854610056887054,0.2818358406927473,1.3129012102680684,0.4750288371218769,0.2818358406927473
1740775020.0,3.54841335144253e-05,3.54841335144253e-05,3.27296007054355e-05,3.51959211121233e-05,892.39534227675,0.03153727577029911,-0.008122289422252143,-0.16688414639840152,0.6089089887854192,0.07762716843205443
1740775080.0,3.51959211121233e-05,3.58631478128358e-05,3.50650898598899e-05,3.58631478128358e-05,192.65665757054,0.006845001354578623,0.018957500745240465,-0.7829552113367685,0.6039632537466931,0.022674728426727016
1740775140.0,3.58631478128358e-05,3.58631478128358e-05,3.58631478128358e-05,3.58631478128358e-05,0.0,0.0,0.0,-1.0,0.6154128875796939,0.0
1740775200.0,3.58631478128358e-05,3.91241224111793e-05,3.58631478128358e-05,3.91241224111793e-05,574.26885971548,0.021531427082360857,0.09092828703609664,0.0,0.6154128875796939,0.09092828703609664
1740775260.0,3.91241224111793e-05,4.27241732273769e-05,3.91241224111793e-05,4.27241732273769e-05,374.75199596926,0.015336406078615509,0.09201614232678425,-0.28771994443510346,0.6713713272672535,0.09201614232678425
1740775320.0,4.27241732273769e-05,4.27241732273769e-05,3.81129409163877e-05,3.81129409163877e-05,659.5673528848,0.026658760695324624,-0.10793028776585903,0.7382664855553459,0.733148326871199,0.10793028776585903
1740775380.0,3.81129409163877e-05,3.98347794021044e-05,3.80211987824486e-05,3.96144026195961e-05,268.53463429139,0.010436241885438322,0.03939506286073043,-0.6085248671267522,0.6540194169769324,0.047584378850071926
1740775440.0,3.96144026195961e-05,3.97653054328165e-05,3.64301343715046e-05,3.65469392335908e-05,414.4462468599,0.015782391143433567,-0.07743303402707155,0.5122676646135158,0.6797845530208769,0.08419087101573726
1740775500.0,3.65469392335908e-05,3.76582271799373e-05,3.65469392335908e-05,3.76582271799373e-05,144.41713855856,0.005358248899851745,0.030407141327038898,-0.6604919462992082,0.6271467725957338,0.030407141327038898
1740775560.0,3.76582271799373e-05,3.76582271799373e-05,3.76582271799373e-05,3.76582271799373e-05,0.0,0.0,0.0,-1.0,0.6462165131428486,0.0
1740775620.0,3.76582271799373e-05,3.76582271799373e-05,3.63318523284823e-05,3.63951815527619e-05,159.9677715636,0.005923079385829162,-0.0335396996024364,0.0,0.6462165131428486,0.035221383234992916
1740775680.0,3.63951815527619e-05,3.63951815527619e-05,3.54510439834528e-05,3.54510439834528e-05,198.26510095252,0.007122299579497564,-0.025941279285566575,0.20246566279991277,0.6245426054139036,0.025941279285566575
1740775740.0,3.54510439834528e-05,3.54510439834528e-05,3.36325494298275e-05,3.36325494298275e-05,163.62880348593,0.005652032865361765,-0.051295937983493675,-0.2064314618789901,0.6083411712611261,0.051295937983493675
1740775800.0,3.36325494298275e-05,3.36325494298275e-05,3.36325494298275e-05,3.36325494298275e-05,0.0,0.0,0.0,-1.0,0.5771357402673094,0.0
1740775860.0,3.36325494298275e-05,3.36325494298275e-05,3.35336557462733e-05,3.35336557462733e-05,17.63451240776,0.0005922216392800517,-0.0029404159134750257,0.0,0.5771357402673094,0.0029404159134750257
1740775920.0,3.35336557462733e-05,3.35336557462733e-05,3.24594522358823e-05,3.24594522358823e-05,185.43823233024,0.006118822645094794,-0.032033593906932646,9.33198086536197,0.5754387211523923,0.032033593906932646
1740775980.0,3.24594522358823e-05,3.2466331432319e-05,3.24594522358823e-05,3.2466331432319e-05,11.96652110634,0.00038846788030559787,0.00021193199400608114,-0.9365126425723393,0.5570053508406719,0.00021193199400608114
1740776040.0,3.2466331432319e-05,3.2466331432319e-05,3.2466331432319e-05,3.2466331432319e-05,0.0,0.0,0.0,-1.0,0.5571233980953476,0.0
1740776100.0,3.2466331432319e-05,3.2466331432319e-05,3.23075458787274e-05,3.23075458787274e-05,49.1348750395,0.0015913281837510846,-0.004890775969641367,0.0,0.5571233980953476,0.004890775969641367
1740776160.0,3.23075458787274e-05,3.23075458787274e-05,3.00365592669014e-05,3.00365592669014e-05,302.15116428574,0.009418671978052167,-0.0702927613366421,4.918748925724698,0.554398632367818,0.0702927613366421
1740776220.0,3.00365592669014e-05,3.00365592669014e-05,2.9531595862005e-05,2.9531595862005e-05,128.74288202005,0.003834487983956416,-0.01681162613897797,-0.5928844328699715,0.5154284216174261,0.01681162613897797
1740776280.0,2.9531595862005e-05,2.9531595862005e-05,2.9531595862005e-05,2.9531595862005e-05,0.0,0.0,0.0,-1.0,0.5067632316917905,0.0
1740776340.0,2.9531595862005e-05,2.96177809515602e-05,2.93044545148819e-05,2.96177809515602e-05,92.2038488432,0.0027269000994437223,0.0029184027154483725,0.0,0.5067632316917905,0.010609871479428606
1740776400.0,2.96177809515602e-05,3.01834682619007e-05,2.96177809515602e-05,3.01834682619007e-05,68.9687850414,0.0020622097511051873,0.01909958451194166,-0.2437530984263521,0.5082421708832492,0.01909958451194166
1740776460.0,3.01834682619007e-05,3.03235139441321e-05,3.01598684957311e-05,3.01598684957311e-05,4.95654018936,0.00014954708689964328,-0.0007818772171847785,-0.9274821162980645,0.5179493851785665,0.005421691337160302
1740776520.0,3.01598684957311e-05,3.01598684957311e-05,2.93455692209863e-05,2.93455692209863e-05,135.53562409158,0.004032553318888968,-0.026999430546590673,25.96510779641664,0.5175444123546404,0.026999430546590673
1740776580.0,2.93455692209863e-05,2.93976516069244e-05,2.93455692209863e-05,2.93976516069244e-05,14.42331,0.00042363584219970636,0.0017747955592851234,-0.8949460035121309,0.5035710079384953,0.0017747955592851234
1740776640.0,2.93976516069244e-05,2.93976516069244e-05,2.9207860668381e-05,2.9207860668381e-05,26.92854544381,0.0007890806002816631,-0.006455989787248748,0.8626389027529032,0.5044647435271693,0.006455989787248748
1740776700.0,2.9207860668381e-05,2.93640902645116e-05,2.9207860668381e-05,2.93640902645116e-05,33.96290105052,0.0009946366869348722,0.0053488887085703886,0.260500748060256,0.5012079242949308,0.0053488887085703886
1740776760.0,2.93640902645116e-05,2.93640902645116e-05,2.93177549615175e-05,2.93177549615175e-05,10.66299222016,0.0003128620295548908,-0.001577958062950736,-0.6854509453909007,0.5038888297018379,0.001577958062950736
1740776820.0,2.93177549615175e-05,2.93177549615175e-05,2.93177549615175e-05,2.93177549615175e-05,0.0,0.0,0.0,-1.0,0.5030937142601791,0.0
1740776880.0,2.93177549615175e-05,2.93177549615175e-05,2.93177549615175e-05,2.93177549615175e-05,0.0,0.0,0.0,0.0,0.5030937142601791,0.0
1740776940.0,2.93177549615175e-05,2.93177549615175e-05,2.93177549615175e-05,2.93177549615175e-05,0.0,0.0,0.0,0.0,0.5030937142601791,0.0
1740777000.0,2.93177549615175e-05,2.95851402171746e-05,2.93177549615175e-05,2.95851402171746e-05,16.89721292447,0.000497647380851049,0.009120250033062587,0.0,0.5030937142601791,0.009120250033062587
1740777060.0,2.95851402171746e-05,2.97598302403454e-05,2.95851402171746e-05,2.97598302403454e-05,15.464881971,0.00045888148184901437,0.005904654224670166,-0.07789832820126436,0.5076820547242941,0.005904654224670166
1740777120.0,2.97598302403454e-05,2.97598302403454e-05,2.88163538351976e-05,2.88163538351976e-05,265.30588389195,0.0077703031455897496,-0.031703017037668806,15.933137319641087,0.5106797417135112,0.031703017037668806
1740777180.0,2.88163538351976e-05,2.88163538351976e-05,2.88163538351976e-05,2.88163538351976e-05,0.0,0.0,0.0,-1.0,0.4944896531611754,0.0
1740777240.0,2.88163538351976e-05,2.94616360540976e-05,2.85641914680895e-05,2.94616360540976e-05,262.8925659711,0.007660425150817318,0.02239291697313296,0.0,0.4944896531611754,0.0311435857270714
1740777300.0,2.94616360540976e-05,2.95311548356651e-05,2.83285053728266e-05,2.84497937348769e-05,302.52988289989,0.00875996903631183,-0.03434440359533162,0.1435356215675833,0.5055627189084869,0.040820864823331325
1740777360.0,2.84497937348769e-05,2.90382791489336e-05,2.84497937348769e-05,2.90382791489336e-05,110.1825,0.003167089795260225,0.020685050286859175,-0.6384587911062239,0.4881994688475406,0.020685050286859175
1740777420.0,2.90382791489336e-05,2.95558119060178e-05,2.90382791489336e-05,2.95558119060178e-05,24.68508950226,0.0007232001909975236,0.017822432053560846,-0.7716515041411696,0.49829789941067,0.017822432053560846
1740777480.0,2.95558119060178e-05,3.19762012721808e-05,2.95558119060178e-05,3.19762012721808e-05,397.602,0.012232625751839058,0.08189216299858064,15.914577601212146,0.5071787798653488,0.08189216299858064
1740777540.0,3.19762012721808e-05,3.28559212202098e-05,3.19547777675016e-05,3.28559212202098e-05,385.47662067513,0.012495633744781407,0.027511709115815207,0.021500534576790128,0.5487127471755031,0.028181691910107866
1740777600.0,3.28559212202098e-05,3.36532696694398e-05,3.28559212202098e-05,3.36532696694398e-05,31.92339124452,0.0010615994610633746,0.024268029007189967,-0.9150423673783865,0.5638087726639354,0.024268029007189967
1740777660.0,3.36532696694398e-05,3.37830014541221e-05,3.36532696694398e-05,3.37830014541221e-05,45.74796805997,0.0015425361887220935,0.0038549533509401965,0.4530303050238721,0.577491300313452,0.0038549533509401965
1740777720.0,3.37830014541221e-05,3.37830014541221e-05,3.27052796546494e-05,3.27052796546494e-05,289.36520178541,0.009619697439702367,-0.031901304001548385,5.236286389930182,0.5797175023367341,0.031901304001548385
1740777780.0,3.27052796546494e-05,3.27052796546494e-05,3.02564350474958e-05,3.09355140823306e-05,528.64338508228,0.016821642315220136,-0.0541125344594694,0.748666464892538,0.5612237580596716,0.07487612498691691
1740777840.0,3.09355140823306e-05,3.21270580649893e-05,3.08313436555979e-05,3.17071158599008e-05,539.50343364199,0.016897956973099187,0.024942264593266178,0.004536694839242995,0.5308545181121948,0.0418843664903397
1740777900.0,3.17071158599008e-05,3.17071158599008e-05,3.03995786994318e-05,3.03995786994318e-05,320.98400621859,0.009967627816324444,-0.04123797213995773,-0.4101282283892382,0.5440952319634799,0.04123797213995773
1740777960.0,3.03995786994318e-05,3.04453466348715e-05,2.968372072255e-05,2.968372072255e-05,276.177492043,0.008296827474015781,-0.023548286111451294,-0.16762266540212464,0.5216578479462861,0.025053831168250204
1740778020.0,2.968372072255e-05,3.05649866182823e-05,2.89306570758141e-05,3.05649866182823e-05,251.81547515977,0.007585778433396804,0.02968852536949058,-0.08570131690044885,0.509373699690563,0.05505810938406513
1740778080.0,3.05649866182823e-05,3.12370105265022e-05,3.01731177546232e-05,3.12370105265022e-05,251.21865193468,0.007762907204791851,0.02198672345624176,0.023350111389389923,0.5244962536963775,0.03480756543968651
1740778140.0,3.12370105265022e-05,3.31905062482013e-05,3.12370105265022e-05,3.31905062482013e-05,255.98684,0.00824629821410167,0.06253785777744975,0.062269327271029705,0.5360282077802346,0.06253785777744975
1740778200.0,3.31905062482013e-05,3.31905062482013e-05,3.31905062482013e-05,3.31905062482013e-05,0.0,0.0,0.0,-1.0,0.5695502636030962,0.0
1740778260.0,3.31905062482013e-05,3.32305961751867e-05,3.15317771031629e-05,3.15317771031629e-05,281.2925148106,0.009102946924094732,-0.049976012195604574,0.0,0.5695502636030962,0.05118388551593311
1740778320.0,3.15317771031629e-05,3.15317771031629e-05,3.14729895027404e-05,3.14729895027404e-05,0.62134229322,1.9573763083351414e-05,-0.0018643922361294407,-0.9978497333614522,0.5410864126832581,0.0018643922361294407
1740778380.0,3.14729895027404e-05,3.14729895027404e-05,3.14280468116081e-05,3.14280468116081e-05,5.35813361776,0.00016851607863392664,-0.0014279765552104072,7.6092836577376906,0.5400776153763762,0.0014279765552104072
1740778440.0,3.14280468116081e-05,3.16533393145974e-05,3.14280468116081e-05,3.14943700741952e-05,41.01071515863,0.001290246657998125,0.0021103208540023165,6.656519594198325,0.5393063972036248,0.007168517481846304
1740778500.0,3.14943700741952e-05,3.14943700741952e-05,3.14943700741952e-05,3.14943700741952e-05,0.0,0.0,0.0,-1.0,0.5404445067403405,0.0
1740778560.0,3.14943700741952e-05,3.14943700741952e-05,3.04129262126033e-05,3.04129262126033e-05,163.21390902704,0.00505206591213177,-0.03433768826124185,0.0,0.5404445067403405,0.03433768826124185
1740778620.0,3.04129262126033e-05,3.04285291910008e-05,3.02464779325354e-05,3.0293280750604e-05,12.23943070335,0.00037150470669469944,-0.003934033218734386,-0.9264647941740849,0.52188689174539,0.005985982972922801
1740778680.0,3.0293280750604e-05,3.0293280750604e-05,2.97166022233243e-05,2.97166022233243e-05,147.63631730107,0.004429819061969478,-0.019036516118123088,10.923991761455339,0.5198337713768417,0.019036516118123088
1740778740.0,2.97166022233243e-05,2.97166022233243e-05,2.9573978110529e-05,2.9573978110529e-05,100.10400962721,0.0029676124122714597,-0.004799475785403124,-0.33008270298243914,0.5099379474092818,0.004799475785403124
1740778800.0,2.9573978110529e-05,2.9573978110529e-05,2.90771610213849e-05,2.90771610213849e-05,105.95475532254,0.003107183548055094,-0.016799129535002337,0.04703145707521963,0.5074905125786328,0.016799129535002337
1740778860.0,2.90771610213849e-05,2.91740562736319e-05,2.89334144333431e-05,2.91740562736319e-05,40.06933409952,0.001167043743748883,0.003332349130499293,-0.6244046334245749,0.49896511372003954,0.008275974401758712
1740778920.0,2.91740562736319e-05,3.06566967970857e-05,2.91740562736319e-05,2.99575351053867e-05,312.89802254432,0.009251079006196839,0.026855327363679782,6.926934235112464,0.5006278396828939,0.05082051359425954
1740778980.0,2.99575351053867e-05,2.99575351053867e-05,2.99575351053867e-05,2.99575351053867e-05,0.0,0.0,0.0,-1.0,0.51407236420495,0.0
1740779040.0,2.99575351053867e-05,2.99575351053867e-05,2.77748637012126e-05,2.82072970990992e-05,323.13153335181,0.009397445708693134,-0.05842396579459522,0.0,0.51407236420495,0.0728588449114971
1740779100.0,2.82072970990992e-05,2.82072970990992e-05,2.75896446500939e-05,2.77242171120783e-05,70.30217666992,0.001966053596745171,-0.017126064412471782,-0.7907885123585797,0.4840382179826932,0.021896903018936435
1740779160.0,2.77242171120783e-05,2.77242171120783e-05,2.68120779704383e-05,2.68120779704383e-05,163.16979055444,0.004449337923114685,-0.03290044721380495,1.2630806863457975,0.47574854828342356,0.03290044721380495
1740779220.0,2.68120779704383e-05,2.68120779704383e-05,2.66888543175262e-05,2.66888543175262e-05,4.10691799375,0.00010986197074792087,-0.004595826293208625,-0.9753082430136002,0.46009620828358044,0.004595826293208625
1740779280.0,2.66888543175262e-05,2.73757899908322e-05,2.66888543175262e-05,2.73757899908322e-05,92.69330820816,0.0025057153690196043,0.025738672223741665,21.80785017746484,0.4579816860321452,0.025738672223741665
1740779340.0,2.73757899908322e-05,2.73757899908322e-05,2.65595488393469e-05,2.65595488393469e-05,186.30746996344,0.005024278259535777,-0.02981616792642873,1.0051272868640282,0.4697695265334031,0.02981616792642873
1740779400.0,2.65595488393469e-05,2.92431652204986e-05,2.61150566952873e-05,2.91121088544632e-05,1853.73172341595,0.051600158981084714,0.09610705477552334,9.270163457438038,0.45576279944356424,0.11777717099535719
1740779460.0,2.91121088544632e-05,2.91121088544632e-05,2.61086417281205e-05,2.61086417281205e-05,3.4399921175,9.497947336326074e-05,-0.10316899889862272,-0.9981593182029134,0.49956481977433276,0.10316899889862272
1740779520.0,2.61086417281205e-05,2.61086417281205e-05,2.53599219942623e-05,2.53599219942623e-05,119.24139809099,0.003068591747996067,-0.028677084838610544,31.307946541879193,0.44802521743324397,0.028677084838610544
1740779580.0,2.53599219942623e-05,2.54961924639953e-05,2.53599219942623e-05,2.54961924639953e-05,9.76452544804,0.00024829291190804566,0.005373457763940681,-0.919085713480722,0.4351771602630739,0.005373457763940681
1740779640.0,2.54961924639953e-05,2.54961924639953e-05,1.97228171461924e-05,1.97228171461924e-05,959.79870148876,0.021700573353232958,-0.2264406862301431,86.39908516305002,0.43751556635357913,0.2264406862301431
1740779700.0,1.97228171461924e-05,1.97228171461924e-05,1.92623161442994e-05,1.92623161442994e-05,68.14011554591,0.001328225743493407,-0.0233486422593491,-0.9387930575900877,0.338444241272105,0.0233486422593491
1740779760.0,1.92623161442994e-05,1.92623161442994e-05,1.89351738589086e-05,1.90301438816029e-05,68.25588944006,0.0013068429589579522,-0.012053185139171809,-0.016098757790385262,0.33054202775790575,0.01698353837306394
1740779820.0,1.90301438816029e-05,1.90301438816029e-05,1.90301438816029e-05,1.90301438816029e-05,0.0,0.0,0.0,-1.0,0.3265579435010625,0.0
1740779880.0,1.90301438816029e-05,2.11431394511346e-05,1.90301438816029e-05,2.11431394511346e-05,424.96729308632,0.008536165736151617,0.11103413524762715,0.0,0.3265579435010625,0.11103413524762715
1740779940.0,2.11431394511346e-05,2.15095664707759e-05,2.11431394511346e-05,2.1397646797492e-05,21.04373257408,0.000447608464653599,0.012037348897291616,-0.9475632879575046,0.36281702236594643,0.017330776277958832
1740780000.0,2.1397646797492e-05,2.1397646797492e-05,2.09460047122366e-05,2.09645285840633e-05,122.17784831632,0.0025878597190585042,-0.020241394650904476,4.781525425488167,0.3671843774500418,0.02110709133250749
1740780060.0,2.09645285840633e-05,2.10377988511035e-05,2.09645285840633e-05,2.10377988511035e-05,0.79123659166,1.6616889200794344e-05,0.0034949637310661415,-0.9935789065077918,0.3597520535564288,0.0034949637310661415
1740780120.0,2.10377988511035e-05,2.10560974510101e-05,2.10377988511035e-05,2.10560974510101e-05,0.09906197016,2.0849521496990558e-06,0.0008697963145341067,-0.8745281307165851,0.3610093739357851,0.0008697963145341067
1740780180.0,2.10560974510101e-05,2.10560974510101e-05,2.09538498391441e-05,2.09538498391441e-05,2.03702870889,4.278773434449988e-05,-0.004855962131819299,19.522166108548777,0.3613233785587467,0.004855962131819299
1740780240.0,2.09538498391441e-05,2.11933994722678e-05,2.09538498391441e-05,2.11933994722678e-05,47.42362191402,0.000999387608030169,0.011432249203017403,22.356871387106633,0.3595688059151244,0.011432249203017403
1740780300.0,2.11933994722678e-05,2.11933994722678e-05,2.10819435562154e-05,2.10819435562154e-05,32.30586769144,0.0006828708192442093,-0.005258991895011678,-0.3167107398998336,0.3636794861099775,0.005258991895011678
1740780360.0,2.10819435562154e-05,2.10819435562154e-05,1.9615153020409e-05,1.9615153020409e-05,482.3678457584,0.009815485402143935,-0.0695756789166603,13.373853920141968,0.3617668986401431,0.0695756789166603
1740780420.0,1.9615153020409e-05,2.01256839847442e-05,1.94218153237816e-05,1.9460105370452e-05,710.99700626101,0.013891195867388793,-0.007904483324482708,0.4152326959148272,0.3365967210576805,0.03588392403720973
1740780480.0,1.9460105370452e-05,1.9460105370452e-05,1.9460105370452e-05,1.9460105370452e-05,0.0,0.0,0.0,-1.0,0.3339360978890045,0.0
1740780540.0,1.9460105370452e-05,2.33737831844902e-05,1.9460105370452e-05,2.33737831844902e-05,670.73530815665,0.014365100719723382,0.2011128788634763,0.0,0.3339360978890045,0.2011128788634763
1740780600.0,2.33737831844902e-05,2.33737831844902e-05,2.29373426369002e-05,2.29373426369002e-05,64.07771026881,0.0014837554513027296,-0.01867222537939866,-0.8967111000297044,0.40109494789189787,0.01867222537939866
1740780660.0,2.29373426369002e-05,2.3161707841722e-05,2.29373426369002e-05,2.31357348677552e-05,66.57118467886,0.0015335696756429227,0.008649311910083224,0.03357306913107313,0.3936056126263222,0.009781656418248552
1740780720.0,2.31357348677552e-05,2.31357348677552e-05,2.27422359745832e-05,2.27422359745832e-05,69.0480930656,0.0015838932001913325,-0.017008272934542885,0.03281463199727951,0.3970100303394867,0.017008272934542885
1740780780.0,2.27422359745832e-05,2.27422359745832e-05,2.24823332392711e-05,2.24823332392711e-05,65.06475460427,0.0014712627489916268,-0.0114281962249696,-0.07110987734911677,0.39025757538572153,0.0114281962249696
1740780840.0,2.24823332392711e-05,2.24823332392711e-05,2.22804054739993e-05,2.22804054739993e-05,17.11260160938,0.00038300345727248375,-0.008981619617624137,-0.7396770512031339,0.38579763523593263,0.008981619617624137
1740780900.0,2.22804054739993e-05,2.32198624771967e-05,2.22372333520073e-05,2.32198624771967e-05,300.14873036256,0.0068284238283538795,0.042165166351829785,16.82862190587452,0.3823325476268646,0.04410283853837863
1740780960.0,2.32198624771967e-05,2.39770563509021e-05,2.32198624771967e-05,2.39770563509021e-05,9.32071215735,0.0002199544475552608,0.03260974841901019,-0.9677884013815989,0.3984536630992702,0.03260974841901019
1740781020.0,2.39770563509021e-05,2.60547497043086e-05,2.38518959782114e-05,2.60547497043086e-05,442.69980153711,0.011074535305592477,0.08665339577134257,49.34922198065642,0.41144713680957046,0.09187340154932418
1740781080.0,2.60547497043086e-05,2.73493045500891e-05,2.60547497043086e-05,2.68705896484602e-05,236.52368516431,0.0062590481511442765,0.031312522799506574,-0.43482521131306073,0.4471004283945159,0.049685944423654184
1740781140.0,2.68705896484602e-05,2.68705896484602e-05,2.68705896484602e-05,2.68705896484602e-05,0.0,0.0,0.0,-1.0,0.4611002707522883,0.0
1740781200.0,2.68705896484602e-05,2.73822182575895e-05,2.61173038535113e-05,2.61173038535113e-05,200.834679571,0.00532090330630536,-0.02803383940597927,0.0,0.4611002707522883,0.04707430765854758
1740781260.0,2.61173038535113e-05,2.74800108839505e-05,2.61173038535113e-05,2.74800108839505e-05,228.8035,0.006131626601266421,0.052176405270714606,0.1523657259473857,0.4481738598119651,0.052176405270714606
1740781320.0,2.74800108839505e-05,2.77154773626724e-05,2.68451829961985e-05,2.68451829961985e-05,211.15162655858,0.005735426525451839,-0.023101442369615876,-0.06461581919106923,0.4715579607532546,0.03167008812875642
1740781380.0,2.68451829961985e-05,2.68451829961985e-05,2.57850318242051e-05,2.57850318242051e-05,206.22086730141,0.0054267242732615765,-0.03949129987840004,-0.05382376547242805,0.46066429169897977,0.03949129987840004
1740781440.0,2.57850318242051e-05,2.65463673157193e-05,2.57850318242051e-05,2.65463673157193e-05,164.16600547932,0.004295518378972655,0.029526257586368915,-0.20845096181919015,0.44247206001222456,0.029526257586368915
1740781500.0,2.65463673157193e-05,2.67839342002402e-05,2.65463673157193e-05,2.67839342002402e-05,21.8315536041,0.0005821416681342427,0.00894912971313504,-0.8644769695355204,0.4555366040309168,0.00894912971313504
1740781560.0,2.67839342002402e-05,2.67839342002402e-05,2.62551713377983e-05,2.62551713377983e-05,101.45614002834,0.002690571459222569,-0.01974179216872321,3.6218499834341342,0.4596132601894705,0.01974179216872321
1740781620.0,2.62551713377983e-05,2.62551713377983e-05,2.58898636965631e-05,2.58898636965631e-05,13.28899638244,0.00034647759096691785,-0.013913740517445596,-0.8712252782659669,0.4505396707288207,0.013913740517445596
1740781680.0,2.58898636965631e-05,2.58898636965631e-05,2.58898636965631e-05,2.58898636965631e-05,0.0,0.0,0.0,-1.0,0.4442709786574845,0.0
1740781740.0,2.58898636965631e-05,3.11696820120951e-05,2.58898636965631e-05,2.80396539132417e-05,789.31394348287,0.021283660107361952,0.0830359804854433,0.0,0.4442709786574845,0.20393380117458476
1740781800.0,2.80396539132417e-05,3.13371985026472e-05,2.80396539132417e-05,3.10811484024206e-05,15.58190543584,0.0004606073754868202,0.10847118507916223,-0.978358638826059,0.4811614549715362,0.11760289908029997
1740781860.0,3.10811484024206e-05,3.10811484024206e-05,3.10811484024206e-05,3.10811484024206e-05,0.0,0.0,0.0,-1.0,0.5333536082067126,0.0
1740781920.0,3.10811484024206e-05,3.10811484024206e-05,2.88743999428788e-05,2.88743999428788e-05,322.34237042406,0.009663106786849068,-0.0709995792616831,0.0,0.5333536082067126,0.0709995792616831
1740781980.0,2.88743999428788e-05,3.06478157795953e-05,2.88743999428788e-05,3.06478157795953e-05,273.467587801,0.008138698377097874,0.06141827501955994,-0.15775551728620307,0.4954857264263355,0.06141827501955994
1740782040.0,3.06478157795953e-05,3.06478157795953e-05,3.04894851222923e-05,3.04894851222923e-05,8.89344066601,0.00027186047902546845,-0.00516613185231986,-0.9665965653930021,0.5259176050402546,0.00516613185231986
1740782100.0,3.04894851222923e-05,3.04894851222923e-05,3.03995510089838e-05,3.03995510089838e-05,8.11270636916,0.00024698743561710846,-0.0029496763539225467,-0.09149194284333556,0.5232006453491603,0.0029496763539225467
1740782160.0,3.03995510089838e-05,3.03995510089838e-05,2.90561980743619e-05,2.90561980743619e-05,368.6460932211,0.010959064809554695,-0.0441898939305027,43.370940498139156,0.5216573727772169,0.0441898939305027
1740782220.0,2.90561980743619e-05,2.90561980743619e-05,2.74757736884111e-05,2.76516241145068e-05,66.00353299287,0.0018714583063984007,-0.04833990862329793,-0.8292319336621895,0.49860538880612704,0.0543919883085222
1740782280.0,2.76516241145068e-05,2.76516241145068e-05,2.74281371764345e-05,2.74281371764345e-05,0.62548495424,1.722578098530727e-05,-0.008082235500773074,-0.9907955304553602,0.4745028498721549,0.008082235500773074
1740782340.0,2.74281371764345e-05,2.74281371764345e-05,2.67434148811108e-05,2.67434148811108e-05,206.33377815224,0.005588710502202036,-0.024964228920073862,323.4387297718999,0.4706678060937002,0.024964228920073862
1740782400.0,2.67434148811108e-05,2.67434148811108e-05,2.67434148811108e-05,2.67434148811108e-05,0.0,0.0,0.0,-1.0,0.4589179472370681,0.0
1740782460.0,2.67434148811108e-05,2.67434148811108e-05,2.62642022713107e-05,2.62642022713107e-05,29.29031003465,0.0007763047702962284,-0.017918901229721913,0.0,0.4589179472370681,0.017918901229721913
1740782520.0,2.62642022713107e-05,2.69284208894534e-05,2.62642022713107e-05,2.69284208894534e-05,75.25125656536,0.002001405866427585,0.02528988359445616,1.5781187273445105,0.45069464186798036,0.02528988359445616
1740782580.0,2.69284208894534e-05,2.69284208894534e-05,2.69284208894534e-05,2.69284208894534e-05,0.0,0.0,0.0,-1.0,0.4620926568974667,0.0
1740782640.0,2.69284208894534e-05,2.69284208894534e-05,2.69284208894534e-05,2.69284208894534e-05,0.0,0.0,0.0,0.0,0.4620926568974667,0.0
1740782700.0,2.69284208894534e-05,2.69284208894534e-05,2.69284208894534e-05,2.69284208894534e-05,0.0,0.0,0.0,0.0,0.4620926568974667,0.0
1740782760.0,2.69284208894534e-05,2.69284208894534e-05,2.69284208894534e-05,2.69284208894534e-05,0.0,0.0,0.0,0.0,0.4620926568974667,0.0
1740782820.0,2.69284208894534e-05,2.70266183703952e-05,2.69284208894534e-05,2.70266183703952e-05,30.7743286907,0.0008302150563511019,0.003646611189899382,0.0,0.4620926568974667,0.003646611189899382
1740782880.0,2.70266183703952e-05,2.70266183703952e-05,2.70266183703952e-05,2.70266183703952e-05,0.0,0.0,0.0,-1.0,0.46377772915087934,0.0
1740782940.0,2.70266183703952e-05,2.70266183703952e-05,2.70266183703952e-05,2.70266183703952e-05,0.0,0.0,0.0,0.0,0.46377772915087934,0.0
1740783000.0,2.70266183703952e-05,2.70266183703952e-05,2.69621655082124e-05,2.69621655082124e-05,1.99049031891,5.3732075820046354e-05,-0.0023847919595224483,0.0,0.46377772915087934,0.0023847919595224483
1740783060.0,2.69621655082124e-05,2.69621655082124e-05,2.69621655082124e-05,2.69621655082124e-05,0.0,0.0,0.0,-1.0,0.4626717157513947,0.0
1740783120.0,2.69621655082124e-05,2.69621655082124e-05,2.69621655082124e-05,2.69621655082124e-05,0.0,0.0,0.0,0.0,0.4626717157513947,0.0
1740783180.0,2.69621655082124e-05,2.76801655231295e-05,2.69621655082124e-05,2.76801655231295e-05,184.31139558312,0.005035602145150726,0.026629909036735348,0.0,0.4626717157513947,0.026629909036735348
1740783240.0,2.76801655231295e-05,2.76801655231295e-05,2.68906032079993e-05,2.68906032079993e-05,196.23387416774,0.005354316682210585,-0.028524479540067944,0.06329223951236516,0.47499262145572463,0.028524479540067944
1740783300.0,2.68906032079993e-05,2.68906032079993e-05,2.68906032079993e-05,2.68906032079993e-05,0.0,0.0,0.0,-1.0,0.4614437041433276,0.0
1740783360.0,2.68906032079993e-05,2.70163273145827e-05,2.68906032079993e-05,2.70163273145827e-05,7.332,0.00019762280729578559,0.004675391831522875,0.0,0.4614437041433276,0.004675391831522875
1740783420.0,2.70163273145827e-05,2.74143379316574e-05,2.70163273145827e-05,2.74143379316574e-05,114.3714,0.0031126556935719123,0.014732225162961491,14.75048819599625,0.46360113426838695,0.014732225162961491
1740783480.0,2.74143379316574e-05,2.7865899163963e-05,2.74143379316574e-05,2.7865899163963e-05,14.659326,0.0004051855084709963,0.016471717589216277,-0.8698264285035562,0.4704310105642332,0.016471717589216277
1740783540.0,2.7865899163963e-05,3.04022218704656e-05,2.7865899163963e-05,3.04022218704656e-05,734.65,0.02140333755897149,0.09101887190428964,51.82355146347384,0.47817981731545683,0.09101887190428964
1740783600.0,3.04022218704656e-05,3.26176549660701e-05,3.04022218704656e-05,3.23302787136182e-05,79.88564309661,0.0025057130761089986,0.06341828736621455,-0.882928862416661,0.5217032048549091,0.07287076270424467
1740783660.0,3.23302787136182e-05,3.42294648045067e-05,3.23302787136182e-05,3.41028381495652e-05,250.01025528081,0.008304480253032183,0.05482660547557727,2.31421834854604,0.5547887286202727,0.05874326379031554
1740783720.0,3.41028381495652e-05,3.41028381495652e-05,3.35879646049853e-05,3.35879646049853e-05,140.12749622476,0.004742671353719623,-0.015097674343754459,-0.42890208547513253,0.5852059113666336,0.015097674343754459
1740783780.0,3.35879646049853e-05,3.35879646049853e-05,3.03451338515343e-05,3.05883284831262e-05,1515.0686545816,0.04861574501251976,-0.08930687396919196,9.250709228332042,0.5763706630927801,0.09654740296378907
1740783840.0,3.05883284831262e-05,3.30673559823115e-05,3.05883284831262e-05,3.30673559823115e-05,36.87730922656,0.0011737251800301388,0.08104488287265643,-0.9758570977421436,0.5248968009244136,0.08104488287265643
1740783900.0,3.30673559823115e-05,3.32139034144491e-05,3.30673559823115e-05,3.32139034144491e-05,36.06497964,0.0011952161353288647,0.004431785601969254,0.01831004025846494,0.5674370006755647,0.004431785601969254
1740783960.0,3.32139034144491e-05,3.32139034144491e-05,3.32139034144491e-05,3.32139034144491e-05,0.0,0.0,0.0,-1.0,0.5699517598051833,0.0
1740784020.0,3.32139034144491e-05,3.43572053686068e-05,3.32139034144491e-05,3.43572053686068e-05,143.3063308814,0.004841683836643841,0.034422390523973424,0.0,0.5699517598051833,0.034422390523973424
1740784080.0,3.43572053686068e-05,3.4749042709933e-05,3.43572053686068e-05,3.4749042709933e-05,50.2860969902,0.0017375417467531372,0.011404808310871236,-0.6411286227318869,0.5895708618610233,0.011404808310871236
1740784140.0,3.4749042709933e-05,3.4749042709933e-05,3.4749042709933e-05,3.4749042709933e-05,0.0,0.0,0.0,-1.0,0.5962948045262233,0.0
1740784200.0,3.4749042709933e-05,3.4749042709933e-05,2.93990855304705e-05,3.19202136005699e-05,734.15510316405,0.024472787372253876,-0.081407396830373,0.0,0.5962948045262233,0.1539598435594663
1740784260.0,3.19202136005699e-05,3.19202136005699e-05,2.95536295501777e-05,2.96071600463689e-05,15.54702,0.0004782836543182152,-0.07246359887014364,-0.9804565108566068,0.5477519967462674,0.07414060820538958
1740784320.0,2.96071600463689e-05,2.96071600463689e-05,2.9407302996601e-05,2.9407302996601e-05,15.47020747012,0.00045648299350623683,-0.006750294504940645,-0.045581028360784814,0.5080599157737257,0.006750294504940645
1740784380.0,2.9407302996601e-05,2.9407302996601e-05,2.51013350206819e-05,2.51013350206819e-05,687.64827377024,0.018741385419075732,-0.14642512359657048,40.056043019529646,0.5046303617160977,0.14642512359657048
1740784440.0,2.51013350206819e-05,2.51550296560718e-05,2.50047007700588e-05,2.51550296560718e-05,22.20283649466,0.0005579169238669844,0.002139114726195185,-0.9702307534159607,0.43073979863123596,0.005988880108932043
1740784500.0,2.51550296560718e-05,2.54306135651802e-05,2.51550296560718e-05,2.54306135651802e-05,73.355,0.0018553549292474702,0.010955419765998146,2.3255039413176397,0.4316612004776464,0.010955419765998146
1740784560.0,2.54306135651802e-05,2.54306135651802e-05,2.54306135651802e-05,2.54306135651802e-05,0.0,0.0,0.0,-1.0,0.4363902301255737,0.0
1740784620.0,2.54306135651802e-05,2.54306135651802e-05,2.54306135651802e-05,2.54306135651802e-05,0.0,0.0,0.0,0.0,0.4363902301255737,0.0
1740784680.0,2.54306135651802e-05,2.61651565162064e-05,2.54306135651802e-05,2.61651565162064e-05,146.88,0.0037891933547770313,0.02888420089210677,0.0,0.4363902301255737,0.02888420089210677
1740784740.0,2.61651565162064e-05,2.66431026140786e-05,2.61651565162064e-05,2.66431026140786e-05,0.6534102463,1.725272880249687e-05,0.01826651018029135,-0.9954468597437114,0.4489950131998735,0.01826651018029135
1740784800.0,2.66431026140786e-05,2.66431026140786e-05,2.66431026140786e-05,2.66431026140786e-05,0.0,0.0,0.0,-1.0,0.457196585179389,0.0
1740784860.0,2.66431026140786e-05,2.70958816496752e-05,2.65003692022951e-05,2.70958816496752e-05,152.20032455759,0.004089545423169275,0.01699423082045049,0.0,0.457196585179389,0.02235146769526092
1740784920.0,2.70958816496752e-05,2.70958816496752e-05,2.70958816496752e-05,2.70958816496752e-05,0.0,0.0,0.0,-1.0,0.4649662894782493,0.0
1740784980.0,2.70958816496752e-05,2.81732655958706e-05,2.70958816496752e-05,2.81732655958706e-05,173.4364,0.004792840964668689,0.03976190773656981,0.0,0.4649662894782493,0.03976190773656981
1740785040.0,2.81732655958706e-05,2.81732655958706e-05,2.81732655958706e-05,2.81732655958706e-05,0.0,0.0,0.0,-1.0,0.4834542361810987,0.0
1740785100.0,2.81732655958706e-05,2.88658110176772e-05,2.81732655958706e-05,2.88658110176772e-05,27.08838998584,0.0007725483758699944,0.024581652398439267,0.0,0.4834542361810987,0.024581652398439267
1740785160.0,2.88658110176772e-05,2.88658110176772e-05,2.87902409488605e-05,2.87902409488605e-05,0.70606785936,2.0354542595581098e-05,-0.0026179783679183533,-0.973652727477863,0.4953383401654554,0.0026179783679183533
1740785220.0,2.87902409488605e-05,2.87902409488605e-05,2.87878672425338e-05,2.87878672425338e-05,2.88997039,8.319951389267299e-05,-8.244829666129302e-05,3.0875157720682616,0.49404155510610165,8.244829666129302e-05
1740785280.0,2.87878672425338e-05,2.89782560251056e-05,2.87878672425338e-05,2.89782560251056e-05,14.702,0.0004246387721404172,0.0066135077311494,4.10386121592248,0.49400082222140324,0.0066135077311494
1740785340.0,2.89782560251056e-05,2.89782560251056e-05,2.89782560251056e-05,2.89782560251056e-05,0.0,0.0,0.0,-1.0,0.49726790047835867,0.0
1740785400.0,2.89782560251056e-05,2.89782560251056e-05,2.89782560251056e-05,2.89782560251056e-05,0.0,0.0,0.0,0.0,0.49726790047835867,0.0
1740785460.0,2.89782560251056e-05,2.89782560251056e-05,2.89782560251056e-05,2.89782560251056e-05,0.0,0.0,0.0,0.0,0.49726790047835867,0.0
1740785520.0,2.89782560251056e-05,2.89782560251056e-05,2.89782560251056e-05,2.89782560251056e-05,0.0,0.0,0.0,0.0,0.49726790047835867,0.0
1740785580.0,2.89782560251056e-05,2.89782560251056e-05,2.89782560251056e-05,2.89782560251056e-05,0.0,0.0,0.0,0.0,0.49726790047835867,0.0
1740785640.0,2.89782560251056e-05,2.89782560251056e-05,2.86926797904149e-05,2.86926797904149e-05,78.310431001,0.002258117919972209,-0.00985484545527126,0.0,0.49726790047835867,0.00985484545527126
1740785700.0,2.86926797904149e-05,2.86926797904149e-05,2.86926797904149e-05,2.86926797904149e-05,0.0,0.0,0.0,-1.0,0.4923674021692772,0.0
1740785760.0,2.86926797904149e-05,2.86926797904149e-05,2.86926797904149e-05,2.86926797904149e-05,0.0,0.0,0.0,0.0,0.4923674021692772,0.0
1740785820.0,2.86926797904149e-05,2.86926797904149e-05,2.86926797904149e-05,2.86926797904149e-05,0.0,0.0,0.0,0.0,0.4923674021692772,0.0
1740785880.0,2.86926797904149e-05,2.86926797904149e-05,2.8394564895236e-05,2.8394564895236e-05,22.93352975254,0.0006546060122444529,-0.010389928628363587,0.0,0.4923674021692772,0.010389928628363587
1740785940.0,2.8394564895236e-05,2.8394564895236e-05,2.8230308387585e-05,2.8230308387585e-05,30.6535936028,0.0008678779267108211,-0.005784786921618185,0.3258019487708661,0.48725174000180566,0.005784786921618185
1740786000.0,2.8230308387585e-05,2.8230308387585e-05,2.8230308387585e-05,2.8230308387585e-05,0.0,0.0,0.0,-1.0,0.48443309250870753,0.0
1740786060.0,2.8230308387585e-05,2.83310311528771e-05,2.8230308387585e-05,2.83310311528771e-05,9.97464066645,0.00028208951876458984,0.003567894615575493,0.0,0.48443309250870753,0.003567894615575493
1740786120.0,2.83310311528771e-05,2.83310311528771e-05,2.83310311528771e-05,2.83310311528771e-05,0.0,0.0,0.0,-1.0,0.4861614987310759,0.0
1740786180.0,2.83310311528771e-05,2.83310311528771e-05,2.81203251915627e-05,2.81203251915627e-05,43.84865855664,0.001237658124703277,-0.0074372852924911095,0.0,0.4861614987310759,0.0074372852924911095
1740786240.0,2.81203251915627e-05,2.82125846905708e-05,2.79775247197761e-05,2.79997298238489e-05,105.9557319604,0.002973120753407927,-0.004288548119279252,1.4022148718336247,0.48254577696678785,0.008359077257941154
1740786300.0,2.79997298238489e-05,2.79997298238489e-05,2.79997298238489e-05,2.79997298238489e-05,0.0,0.0,0.0,-1.0,0.4804763561825108,0.0
1740786360.0,2.79997298238489e-05,2.79997298238489e-05,2.79997298238489e-05,2.79997298238489e-05,0.0,0.0,0.0,0.0,0.4804763561825108,0.0
1740786420.0,2.79997298238489e-05,2.79997298238489e-05,2.79997298238489e-05,2.79997298238489e-05,0.0,0.0,0.0,0.0,0.4804763561825108,0.0
1740786480.0,2.79997298238489e-05,2.80563235342343e-05,2.79997298238489e-05,2.80563235342343e-05,1.466388,4.1099961985826454e-05,0.0020212234454202965,0.0,0.4804763561825108,0.0020212234454202965
1740786540.0,2.80563235342343e-05,2.80563235342343e-05,2.80563235342343e-05,2.80563235342343e-05,0.0,0.0,0.0,-1.0,0.481447506258597,0.0
1740786600.0,2.80563235342343e-05,2.80563235342343e-05,2.80563235342343e-05,2.80563235342343e-05,0.0,0.0,0.0,0.0,0.481447506258597,0.0
1740786660.0,2.80563235342343e-05,2.80805465572975e-05,2.80563235342343e-05,2.80805465572975e-05,2.9634,8.317800041462268e-05,0.0008633712479699752,0.0,0.481447506258597,0.0008633712479699752
1740786720.0,2.80805465572975e-05,2.80805465572975e-05,2.73241577821151e-05,2.73241577821151e-05,191.39823158694,0.005302181216080416,-0.026936397895212343,62.744994946383606,0.48186317419290753,0.026936397895212343
1740786780.0,2.73241577821151e-05,2.73241577821151e-05,2.73241577821151e-05,2.73241577821151e-05,0.0,0.0,0.0,-1.0,0.46888351600179734,0.0
1740786840.0,2.73241577821151e-05,2.73241577821151e-05,2.73241577821151e-05,2.73241577821151e-05,0.0,0.0,0.0,0.0,0.46888351600179734,0.0
1740786900.0,2.73241577821151e-05,2.73241577821151e-05,2.73241577821151e-05,2.73241577821151e-05,0.0,0.0,0.0,0.0,0.46888351600179734,0.0
1740786960.0,2.73241577821151e-05,2.73241577821151e-05,2.73241577821151e-05,2.73241577821151e-05,0.0,0.0,0.0,0.0,0.46888351600179734,0.0
1740787020.0,2.73241577821151e-05,2.73241577821151e-05,2.5782005810902e-05,2.5782005810902e-05,152.02110831787,0.004036628923960288,-0.056439140174432315,0.0,0.46888351600179734,0.056439140174432315
1740787080.0,2.5782005810902e-05,2.5782005810902e-05,2.5782005810902e-05,2.5782005810902e-05,0.0,0.0,0.0,-1.0,0.44242013351669124,0.0
1740787140.0,2.5782005810902e-05,2.5782005810902e-05,2.5782005810902e-05,2.5782005810902e-05,0.0,0.0,0.0,0.0,0.44242013351669124,0.0
1740787200.0,2.5782005810902e-05,2.5782005810902e-05,2.48537718274491e-05,2.48537718274491e-05,263.58047950185,0.006673301274932818,-0.036003171757117196,0.0,0.44242013351669124,0.036003171757117196
1740787260.0,2.48537718274491e-05,2.48537718274491e-05,2.48537718274491e-05,2.48537718274491e-05,0.0,0.0,0.0,-1.0,0.42649160546088305,0.0
1740787320.0,2.48537718274491e-05,2.48537718274491e-05,2.37717073812057e-05,2.37717073812057e-05,65.10703831816,0.0015829304690383901,-0.043537232648460315,0.0,0.42649160546088305,0.043537232648460315
1740787380.0,2.37717073812057e-05,2.37717073812057e-05,2.37717073812057e-05,2.37717073812057e-05,0.0,0.0,0.0,-1.0,0.40792334121131724,0.0
1740787440.0,2.37717073812057e-05,2.37717073812057e-05,2.35247578623034e-05,2.35247578623034e-05,17.64066174408,0.00041717047252569014,-0.010388379553146563,0.0,0.40792334121131724,0.010388379553146563
1740787500.0,2.35247578623034e-05,2.36170434253359e-05,2.35247578623034e-05,2.36170434253359e-05,10.3355,0.00024361704360419798,0.003922912345056642,-0.41602519917275405,0.4036856787142264,0.003922912345056642
1740787560.0,2.36170434253359e-05,2.36170434253359e-05,2.36170434253359e-05,2.36170434253359e-05,0.0,0.0,0.0,-1.0,0.405269302246777,0.0
1740787620.0,2.36170434253359e-05,2.36170434253359e-05,2.36170434253359e-05,2.36170434253359e-05,0.0,0.0,0.0,0.0,0.405269302246777,0.0
1740787680.0,2.36170434253359e-05,2.37432023465045e-05,2.36170434253359e-05,2.37432023465045e-05,35.5949448246,0.0008428926675640772,0.005341859219908163,0.0,0.405269302246777,0.005341859219908163
1740787740.0,2.37432023465045e-05,2.37432023465045e-05,2.37432023465045e-05,2.37432023465045e-05,0.0,0.0,0.0,-1.0,0.40743419380552964,0.0
1740787800.0,2.37432023465045e-05,2.37432023465045e-05,2.37432023465045e-05,2.37432023465045e-05,0.0,0.0,0.0,0.0,0.40743419380552964,0.0
1740787860.0,2.37432023465045e-05,2.37432023465045e-05,2.37432023465045e-05,2.37432023465045e-05,0.0,0.0,0.0,0.0,0.40743419380552964,0.0
1740787920.0,2.37432023465045e-05,2.37432023465045e-05,2.37432023465045e-05,2.37432023465045e-05,0.0,0.0,0.0,0.0,0.40743419380552964,0.0
1740787980.0,2.37432023465045e-05,2.37432023465045e-05,2.37239576027463e-05,2.37239576027463e-05,0.0371978775,8.828388005325688e-07,-0.0008105369898021655,0.0,0.40743419380552964,0.0008105369898021655
1740788040.0,2.37239576027463e-05,2.37239576027463e-05,2.37239576027463e-05,2.37239576027463e-05,0.0,0.0,0.0,-1.0,0.40710395332054006,0.0
1740788100.0,2.37239576027463e-05,2.37239576027463e-05,2.37239576027463e-05,2.37239576027463e-05,0.0,0.0,0.0,0.0,0.40710395332054006,0.0
1740788160.0,2.37239576027463e-05,2.37239576027463e-05,2.3700618510005e-05,2.3700618510005e-05,8.10812065833,0.00019226209264617113,-0.000983777375263919,0.0,0.40710395332054006,0.000983777375263919
1740788220.0,2.3700618510005e-05,2.3700618510005e-05,2.3700618510005e-05,2.3700618510005e-05,0.0,0.0,0.0,-1.0,0.4067034536618828,0.0
1740788280.0,2.3700618510005e-05,2.3700618510005e-05,2.36787828297871e-05,2.36787828297871e-05,0.04518194768,1.0703468162221043e-06,-0.0009213126741262405,0.0,0.4067034536618828,0.0009213126741262405
1740788340.0,2.36787828297871e-05,2.36787828297871e-05,2.36787828297871e-05,2.36787828297871e-05,0.0,0.0,0.0,-1.0,0.40632875261541324,0.0
1740788400.0,2.36787828297871e-05,2.36787828297871e-05,2.3633813172772e-05,2.3633813172772e-05,1.5426026196,3.649226726681208e-05,-0.0018991540797667413,0.0,0.40632875261541324,0.0018991540797667413
1740788460.0,2.3633813172772e-05,2.3633813172772e-05,2.34045426216571e-05,2.34045426216571e-05,64.43532569268,0.0015154658878311002,-0.009700954705821064,40.52841139605874,0.4055570717071571,0.009700954705821064
1740788520.0,2.34045426216571e-05,2.34045426216571e-05,2.33665152322605e-05,2.33665152322605e-05,14.709,0.000343977744986637,-0.001624786692537702,-0.7730217831039866,0.4016227809239006,0.001624786692537702
1740788580.0,2.33665152322605e-05,2.33665152322605e-05,2.32548627785951e-05,2.32548627785951e-05,11.4918029631,0.00026788184498447777,-0.004778310011381192,-0.22122332363425273,0.40097022957403544,0.004778310011381192
1740788640.0,2.32548627785951e-05,2.32548627785951e-05,2.32548627785951e-05,2.32548627785951e-05,0.0,0.0,0.0,-1.0,0.399054269511796,0.0
1740788700.0,2.32548627785951e-05,2.32548627785951e-05,2.32548627785951e-05,2.32548627785951e-05,0.0,0.0,0.0,0.0,0.399054269511796,0.0
1740788760.0,2.32548627785951e-05,2.32548627785951e-05,2.32548627785951e-05,2.32548627785951e-05,0.0,0.0,0.0,0.0,0.399054269511796,0.0
1740788820.0,2.32548627785951e-05,2.32548627785951e-05,2.3205377278924e-05,2.3205377278924e-05,5.0188502088,0.00011658849275678892,-0.0021279635206727515,0.0,0.399054269511796,0.0021279635206727515
1740788880.0,2.3205377278924e-05,2.3205377278924e-05,2.31968772513163e-05,2.31968772513163e-05,0.64480209672,1.4960135506817033e-05,-0.0003662956006071472,-0.871684287590673,0.39820509658350617,0.0003662956006071472
1740788940.0,2.31968772513163e-05,2.31968772513163e-05,2.31968772513163e-05,2.31968772513163e-05,0.0,0.0,0.0,-1.0,0.3980592358084883,0.0
1740789000.0,2.31968772513163e-05,2.31968772513163e-05,2.31968772513163e-05,2.31968772513163e-05,0.0,0.0,0.0,0.0,0.3980592358084883,0.0
1740789060.0,2.31968772513163e-05,2.31968772513163e-05,2.31968772513163e-05,2.31968772513163e-05,0.0,0.0,0.0,0.0,0.3980592358084883,0.0
1740789120.0,2.31968772513163e-05,2.31968772513163e-05,2.31018901762177e-05,2.31018901762177e-05,28.05632608933,0.0006494866582404721,-0.004094821646444292,0.0,0.3980592358084883,0.004094821646444292
1740789180.0,2.31018901762177e-05,2.31018901762177e-05,2.31018901762177e-05,2.31018901762177e-05,0.0,0.0,0.0,-1.0,0.39642925423313263,0.0
1740789240.0,2.31018901762177e-05,2.31018901762177e-05,2.31018901762177e-05,2.31018901762177e-05,0.0,0.0,0.0,0.0,0.39642925423313263,0.0
1740789300.0,2.31018901762177e-05,2.31018901762177e-05,2.31018901762177e-05,2.31018901762177e-05,0.0,0.0,0.0,0.0,0.39642925423313263,0.0
1740789360.0,2.31018901762177e-05,2.31018901762177e-05,2.31018901762177e-05,2.31018901762177e-05,0.0,0.0,0.0,0.0,0.39642925423313263,0.0
1740789420.0,2.31018901762177e-05,2.32976698124345e-05,2.29964618107514e-05,2.32976698124345e-05,84.24469594268,0.0019544584115590725,0.00847461548485536,0.0,0.39642925423313263,0.013038240567569642
1740789480.0,2.32976698124345e-05,2.37570731186771e-05,2.32976698124345e-05,2.3622578922607e-05,43.670729,0.001024520733560295,0.013945991714548439,-0.47580325705521953,0.3997888397297064,0.019718852140200114
1740789540.0,2.3622578922607e-05,2.74892711259332e-05,2.3622578922607e-05,2.74892711259332e-05,734.2,0.01876316015281911,0.16368628573511707,17.314085345657734,0.4053642915761458,0.16368628573511707
1740789600.0,2.74892711259332e-05,2.74892711259332e-05,2.74892711259332e-05,2.74892711259332e-05,0.0,0.0,0.0,-1.0,0.47171686683389213,0.0
1740789660.0,2.74892711259332e-05,2.83084977080087e-05,2.74892711259332e-05,2.83084977080087e-05,8.6478373432,0.00024126501449470196,0.029801684385245376,0.0,0.47171686683389213,0.029801684385245376
1740789720.0,2.83084977080087e-05,2.83084977080087e-05,2.83084977080087e-05,2.83084977080087e-05,0.0,0.0,0.0,-1.0,0.4857748240184726,0.0
1740789780.0,2.83084977080087e-05,2.83084977080087e-05,2.83084977080087e-05,2.83084977080087e-05,0.0,0.0,0.0,0.0,0.4857748240184726,0.0
1740789840.0,2.83084977080087e-05,2.89565952067852e-05,2.83084977080087e-05,2.89565952067852e-05,175.92,0.005037037572785271,0.022894097223433635,0.0,0.4857748240184726,0.022894097223433635
1740789900.0,2.89565952067852e-05,2.93537262734833e-05,2.89565952067852e-05,2.93537262734833e-05,14.13873150926,0.0004122169898140762,0.013714701741074958,-0.9181628121971428,0.49689620006824786,0.013714701741074958
1740789960.0,2.93537262734833e-05,2.93537262734833e-05,2.93537262734833e-05,2.93537262734833e-05,0.0,0.0,0.0,-1.0,0.5037109832484574,0.0
1740790020.0,2.93537262734833e-05,2.95297559726058e-05,2.93537262734833e-05,2.95297559726058e-05,13.203,0.0003887193080475572,0.005996843381397691,0.0,0.5037109832484574,0.005996843381397691
1740790080.0,2.95297559726058e-05,2.95297559726058e-05,2.95297559726058e-05,2.95297559726058e-05,0.0,0.0,0.0,-1.0,0.5067316591244883,0.0
1740790140.0,2.95297559726058e-05,2.95297559726058e-05,2.95297559726058e-05,2.95297559726058e-05,0.0,0.0,0.0,0.0,0.5067316591244883,0.0
1740790200.0,2.95297559726058e-05,3.00272600551161e-05,2.95297559726058e-05,3.00272600551161e-05,146.45,0.004361062498629936,0.016847551431573814,0.0,0.5067316591244883,0.016847551431573814
1740790260.0,3.00272600551161e-05,3.07887955818707e-05,3.00272600551161e-05,3.07887955818707e-05,73.21,0.0022261717165919016,0.025361472387316522,-0.48953455326740397,0.5152688468135947,0.025361472387316522
1740790320.0,3.07887955818707e-05,3.11450263400379e-05,3.07887955818707e-05,3.11450263400379e-05,26.325,0.0008152039310471218,0.011570142691030096,-0.6338090521178947,0.5283368234441022,0.011570142691030096
1740790380.0,3.11450263400379e-05,3.11450263400379e-05,3.11450263400379e-05,3.11450263400379e-05,0.0,0.0,0.0,-1.0,0.534449755880276,0.0
1740790440.0,3.11450263400379e-05,3.11450263400379e-05,3.11450263400379e-05,3.11450263400379e-05,0.0,0.0,0.0,0.0,0.534449755880276,0.0
1740790500.0,3.11450263400379e-05,3.11450263400379e-05,3.11450263400379e-05,3.11450263400379e-05,0.0,0.0,0.0,0.0,0.534449755880276,0.0
1740790560.0,3.11450263400379e-05,3.11450263400379e-05,3.08758233570535e-05,3.08758233570535e-05,15.12733298934,0.0004691050228248542,-0.008643530432283792,0.0,0.534449755880276,0.008643530432283792
1740790620.0,3.08758233570535e-05,3.08758233570535e-05,3.08758233570535e-05,3.08758233570535e-05,0.0,0.0,0.0,-1.0,0.5298302231507982,0.0
1740790680.0,3.08758233570535e-05,3.08758233570535e-05,3.08758233570535e-05,3.08758233570535e-05,0.0,0.0,0.0,0.0,0.5298302231507982,0.0
1740790740.0,3.08758233570535e-05,3.08758233570535e-05,3.08758233570535e-05,3.08758233570535e-05,0.0,0.0,0.0,0.0,0.5298302231507982,0.0
1740790800.0,3.08758233570535e-05,3.17704766427045e-05,3.08758233570535e-05,3.17704766427045e-05,211.4158725,0.006622211086672793,0.028975851924823874,0.0,0.5298302231507982,0.028975851924823874
1740790860.0,3.17704766427045e-05,3.28028898074363e-05,3.17704766427045e-05,3.28028898074363e-05,72.985,0.002356443575181763,0.03249599231205968,-0.6441606067308685,0.5451825052421121,0.03249599231205968
1740790920.0,3.28028898074363e-05,3.28028898074363e-05,3.28028898074363e-05,3.28028898074363e-05,0.0,0.0,0.0,-1.0,0.5628987517411292,0.0
1740790980.0,3.28028898074363e-05,3.28028898074363e-05,3.28028898074363e-05,3.28028898074363e-05,0.0,0.0,0.0,0.0,0.5628987517411292,0.0
1740791040.0,3.28028898074363e-05,3.28028898074363e-05,3.28028898074363e-05,3.28028898074363e-05,0.0,0.0,0.0,0.0,0.5628987517411292,0.0
1740791100.0,3.28028898074363e-05,3.28028898074363e-05,3.21524500236847e-05,3.21524500236847e-05,213.9577051744,0.006948847724544974,-0.01982873422341429,0.0,0.5628987517411292,0.01982873422341429
1740791160.0,3.21524500236847e-05,3.21524500236847e-05,3.21524500236847e-05,3.21524500236847e-05,0.0,0.0,0.0,-1.0,0.5517371819981627,0.0
1740791220.0,3.21524500236847e-05,3.21524500236847e-05,3.15679560455907e-05,3.15679560455907e-05,0.73075,2.3281843367561496e-05,-0.018178831711531708,0.0,0.5517371819981627,0.018178831711531708
1740791280.0,3.15679560455907e-05,3.15679560455907e-05,3.15679560455907e-05,3.15679560455907e-05,0.0,0.0,0.0,-1.0,0.5417072446176234,0.0
1740791340.0,3.15679560455907e-05,3.15947300297993e-05,3.15679560455907e-05,3.15947300297993e-05,0.7239375,2.286291852535133e-05,0.0008481380349723926,0.0,0.5417072446176234,0.0008481380349723926
1740791400.0,3.15947300297993e-05,3.15947300297993e-05,3.15947300297993e-05,3.15947300297993e-05,0.0,0.0,0.0,-1.0,0.5421666871356037,0.0
1740791460.0,3.15947300297993e-05,3.15947300297993e-05,3.15947300297993e-05,3.15947300297993e-05,0.0,0.0,0.0,0.0,0.5421666871356037,0.0
1740791520.0,3.15947300297993e-05,3.175112358236e-05,3.15886024937078e-05,3.15886024937078e-05,64.61708756272,0.002041361465087956,-0.00019394171387834955,0.0,0.5421666871356037,0.005143930285174522
1740791580.0,3.15886024937078e-05,3.15886024937078e-05,3.15886024937078e-05,3.15886024937078e-05,0.0,0.0,0.0,-1.0,0.5420615383990929,0.0
1740791640.0,3.15886024937078e-05,3.15886024937078e-05,3.15886024937078e-05,3.15886024937078e-05,0.0,0.0,0.0,0.0,0.5420615383990929,0.0
1740791700.0,3.15886024937078e-05,3.15886024937078e-05,3.15886024937078e-05,3.15886024937078e-05,0.0,0.0,0.0,0.0,0.5420615383990929,0.0
1740791760.0,3.15886024937078e-05,3.15886024937078e-05,3.15886024937078e-05,3.15886024937078e-05,0.0,0.0,0.0,0.0,0.5420615383990929,0.0
1740791820.0,3.15886024937078e-05,3.15886024937078e-05,3.13330393283064e-05,3.13330393283064e-05,63.4692324838,0.001996794156531906,-0.00809035997880271,0.0,0.5420615383990929,0.00809035997880271
1740791880.0,3.13330393283064e-05,3.13330393283064e-05,3.13330393283064e-05,3.13330393283064e-05,0.0,0.0,0.0,-1.0,0.5376760654227806,0.0
1740791940.0,3.13330393283064e-05,3.13330393283064e-05,3.10911249100272e-05,3.10911249100272e-05,14.19424604134,0.0004430319730619623,-0.00772074536863249,0.0,0.5376760654227806,0.00772074536863249
1740792000.0,3.10911249100272e-05,3.10911249100272e-05,3.10911249100272e-05,3.10911249100272e-05,0.0,0.0,0.0,-1.0,0.5335248054308431,0.0
1740792060.0,3.10911249100272e-05,3.10911249100272e-05,3.099147258594e-05,3.099147258594e-05,30.99147258594,0.0009620155591801075,-0.0032051694615609612,0.0,0.5335248054308431,0.0032051694615609612
1740792120.0,3.099147258594e-05,3.099147258594e-05,3.06384991932658e-05,3.06384991932658e-05,73.40763379023,0.002262055199435074,-0.011389371437430084,1.35137070065992,0.531814768017491,0.011389371437430084
1740792180.0,3.06384991932658e-05,3.06384991932658e-05,3.06384991932658e-05,3.06384991932658e-05,0.0,0.0,0.0,-1.0,0.5257577320886291,0.0
1740792240.0,3.06384991932658e-05,3.06384991932658e-05,3.06384991932658e-05,3.06384991932658e-05,0.0,0.0,0.0,0.0,0.5257577320886291,0.0
1740792300.0,3.06384991932658e-05,3.06384991932658e-05,3.06384991932658e-05,3.06384991932658e-05,0.0,0.0,0.0,0.0,0.5257577320886291,0.0
1740792360.0,3.06384991932658e-05,3.06384991932658e-05,3.06384991932658e-05,3.06384991932658e-05,0.0,0.0,0.0,0.0,0.5257577320886291,0.0
1740792420.0,3.06384991932658e-05,3.06384991932658e-05,3.06384991932658e-05,3.06384991932658e-05,0.0,0.0,0.0,0.0,0.5257577320886291,0.0
1740792480.0,3.06384991932658e-05,3.06384991932658e-05,3.06384991932658e-05,3.06384991932658e-05,0.0,0.0,0.0,0.0,0.5257577320886291,0.0
1740792540.0,3.06384991932658e-05,3.06384991932658e-05,3.06384991932658e-05,3.06384991932658e-05,0.0,0.0,0.0,0.0,0.5257577320886291,0.0
1740792600.0,3.06384991932658e-05,3.06384991932658e-05,3.06384991932658e-05,3.06384991932658e-05,0.0,0.0,0.0,0.0,0.5257577320886291,0.0
1740792660.0,3.06384991932658e-05,3.06384991932658e-05,3.03174108049894e-05,3.03174108049894e-05,15.38141471553,0.00046879406552284233,-0.0104798993661861,0.0,0.5257577320886291,0.0104798993661861
1740792720.0,3.03174108049894e-05,3.03174108049894e-05,3.03174108049894e-05,3.03174108049894e-05,0.0,0.0,0.0,-1.0,0.520247843965346,0.0
1740792780.0,3.03174108049894e-05,3.03174108049894e-05,3.03174108049894e-05,3.03174108049894e-05,0.0,0.0,0.0,0.0,0.520247843965346,0.0
1740792840.0,3.03174108049894e-05,3.03174108049894e-05,3.03174108049894e-05,3.03174108049894e-05,0.0,0.0,0.0,0.0,0.520247843965346,0.0
1740792900.0,3.03174108049894e-05,3.03174108049894e-05,3.021117225e-05,3.021117225e-05,5.73769729554,0.00017364734364874046,-0.003504209369090202,0.0,0.520247843965346,0.003504209369090202
1740792960.0,3.021117225e-05,3.021117225e-05,2.93415104927616e-05,2.93415104927616e-05,251.45525804427,0.007487417603154832,-0.028786097740328427,42.118526582823094,0.5184247865962737,0.028786097740328427
1740793020.0,2.93415104927616e-05,2.93415104927616e-05,2.93415104927616e-05,2.93415104927616e-05,0.0,0.0,0.0,-1.0,0.5035013600183044,0.0
1740793080.0,2.93415104927616e-05,2.93415104927616e-05,2.93415104927616e-05,2.93415104927616e-05,0.0,0.0,0.0,0.0,0.5035013600183044,0.0
1740793140.0,2.93415104927616e-05,2.93415104927616e-05,2.93415104927616e-05,2.93415104927616e-05,0.0,0.0,0.0,0.0,0.5035013600183044,0.0
1740793200.0,2.93415104927616e-05,2.93415104927616e-05,2.93415104927616e-05,2.93415104927616e-05,0.0,0.0,0.0,0.0,0.5035013600183044,0.0
1740793260.0,2.93415104927616e-05,2.93415104927616e-05,2.93415104927616e-05,2.93415104927616e-05,0.0,0.0,0.0,0.0,0.5035013600183044,0.0
1740793320.0,2.93415104927616e-05,2.93415104927616e-05,2.31471592709976e-05,2.31471592709976e-05,841.7415165813,0.022090946245140845,-0.21111221330245136,0.0,0.5035013600183044,0.21111221330245136
1740793380.0,2.31471592709976e-05,2.31471592709976e-05,2.31471592709976e-05,2.31471592709976e-05,0.0,0.0,0.0,-1.0,0.39720607350404574,0.0
1740793440.0,2.31471592709976e-05,2.31471592709976e-05,2.31471592709976e-05,2.31471592709976e-05,0.0,0.0,0.0,0.0,0.39720607350404574,0.0
1740793500.0,2.31471592709976e-05,2.31471592709976e-05,2.31471592709976e-05,2.31471592709976e-05,0.0,0.0,0.0,0.0,0.39720607350404574,0.0
1740793560.0,2.31471592709976e-05,2.31471592709976e-05,2.31471592709976e-05,2.31471592709976e-05,0.0,0.0,0.0,0.0,0.39720607350404574,0.0
1740793620.0,2.31471592709976e-05,2.31471592709976e-05,2.31471592709976e-05,2.31471592709976e-05,0.0,0.0,0.0,0.0,0.39720607350404574,0.0
1740793680.0,2.31471592709976e-05,2.31471592709976e-05,2.31471592709976e-05,2.31471592709976e-05,0.0,0.0,0.0,0.0,0.39720607350404574,0.0
1740793740.0,2.31471592709976e-05,2.31471592709976e-05,2.31471592709976e-05,2.31471592709976e-05,0.0,0.0,0.0,0.0,0.39720607350404574,0.0
1740793800.0,2.31471592709976e-05,2.33059661931842e-05,2.28408173496836e-05,2.28408173496836e-05,99.19814823663,0.002280961060960504,-0.013234536373447455,0.0,0.39720607350404574,0.020095288499760427
1740793860.0,2.28408173496836e-05,2.28408173496836e-05,2.28408173496836e-05,2.28408173496836e-05,0.0,0.0,0.0,-1.0,0.3919492352765022,0.0
1740793920.0,2.28408173496836e-05,2.28408173496836e-05,2.28408173496836e-05,2.28408173496836e-05,0.0,0.0,0.0,0.0,0.3919492352765022,0.0
1740793980.0,2.28408173496836e-05,2.28408173496836e-05,2.28408173496836e-05,2.28408173496836e-05,0.0,0.0,0.0,0.0,0.3919492352765022,0.0
1740794040.0,2.28408173496836e-05,2.28408173496836e-05,2.23974925401789e-05,2.24009480985471e-05,235.7923092349,0.005333830174451014,-0.01925803461418575,0.0,0.3919492352765022,0.01940932334940464
1740794100.0,2.24009480985471e-05,2.25936685500762e-05,2.24009480985471e-05,2.25936685500762e-05,0.85812714496,1.93055509616264e-05,0.00860322744739541,-0.9963805463747047,0.3844010633365437,0.00860322744739541
1740794160.0,2.25936685500762e-05,2.25936685500762e-05,2.25936685500762e-05,2.25936685500762e-05,0.0,0.0,0.0,-1.0,0.38770815311544865,0.0
1740794220.0,2.25936685500762e-05,2.25936685500762e-05,2.25936685500762e-05,2.25936685500762e-05,0.0,0.0,0.0,0.0,0.38770815311544865,0.0
1740794280.0,2.25936685500762e-05,2.25936685500762e-05,2.25936685500762e-05,2.25936685500762e-05,0.0,0.0,0.0,0.0,0.38770815311544865,0.0
1740794340.0,2.25936685500762e-05,2.25936685500762e-05,2.25936685500762e-05,2.25936685500762e-05,0.0,0.0,0.0,0.0,0.38770815311544865,0.0
1740794400.0,2.25936685500762e-05,2.28905591730153e-05,2.25936685500762e-05,2.28905591730153e-05,0.616353,1.4017170104905308e-05,0.013140434554976264,0.0,0.38770815311544865,0.013140434554976264
1740794460.0,2.28905591730153e-05,2.28905591730153e-05,2.28905591730153e-05,2.28905591730153e-05,0.0,0.0,0.0,-1.0,0.3928028067278929,0.0
1740794520.0,2.28905591730153e-05,2.28905591730153e-05,2.198399572115e-05,2.198399572115e-05,242.59472248995,0.00544316509570503,-0.03960425103699568,0.0,0.3928028067278929,0.03960425103699568
1740794580.0,2.198399572115e-05,2.198399572115e-05,2.198399572115e-05,2.198399572115e-05,0.0,0.0,0.0,-1.0,0.37724614576220494,0.0
1740794640.0,2.198399572115e-05,2.198399572115e-05,2.198399572115e-05,2.198399572115e-05,0.0,0.0,0.0,0.0,0.37724614576220494,0.0
1740794700.0,2.198399572115e-05,2.198399572115e-05,2.198399572115e-05,2.198399572115e-05,0.0,0.0,0.0,0.0,0.37724614576220494,0.0
1740794760.0,2.198399572115e-05,2.198399572115e-05,2.07677298803092e-05,2.07677298803092e-05,150.67087566388,0.003220719966256887,-0.05532505811355641,0.0,0.37724614576220494,0.05532505811355641
1740794820.0,2.07677298803092e-05,2.07677298803092e-05,2.07677298803092e-05,2.07677298803092e-05,0.0,0.0,0.0,-1.0,0.3563749808247958,0.0
1740794880.0,2.07677298803092e-05,2.07677298803092e-05,2.07677298803092e-05,2.07677298803092e-05,0.0,0.0,0.0,0.0,0.3563749808247958,0.0
1740794940.0,2.07677298803092e-05,2.07677298803092e-05,2.07677298803092e-05,2.07677298803092e-05,0.0,0.0,0.0,0.0,0.3563749808247958,0.0
1740795000.0,2.07677298803092e-05,2.07677298803092e-05,2.07677298803092e-05,2.07677298803092e-05,0.0,0.0,0.0,0.0,0.3563749808247958,0.0
1740795060.0,2.07677298803092e-05,2.07677298803092e-05,2.07677298803092e-05,2.07677298803092e-05,0.0,0.0,0.0,0.0,0.3563749808247958,0.0
1740795120.0,2.07677298803092e-05,2.07677298803092e-05,2.07677298803092e-05,2.07677298803092e-05,0.0,0.0,0.0,0.0,0.3563749808247958,0.0
1740795180.0,2.07677298803092e-05,2.07677298803092e-05,2.07677298803092e-05,2.07677298803092e-05,0.0,0.0,0.0,0.0,0.3563749808247958,0.0
1740795240.0,2.07677298803092e-05,2.07677298803092e-05,2.03455454626563e-05,2.03455454626563e-05,24.2888449356,0.0004992969847999579,-0.02032886695301205,0.0,0.3563749808247958,0.02032886695301205
1740795300.0,2.03455454626563e-05,2.03455454626563e-05,2.03455454626563e-05,2.03455454626563e-05,0.0,0.0,0.0,-1.0,0.3491302812542263,0.0
1740795360.0,2.03455454626563e-05,2.03455454626563e-05,2.03455454626563e-05,2.03455454626563e-05,0.0,0.0,0.0,0.0,0.3491302812542263,0.0
1740795420.0,2.03455454626563e-05,2.03455454626563e-05,2.03455454626563e-05,2.03455454626563e-05,0.0,0.0,0.0,0.0,0.3491302812542263,0.0
1740795480.0,2.03455454626563e-05,2.03455454626563e-05,2.03455454626563e-05,2.03455454626563e-05,0.0,0.0,0.0,0.0,0.3491302812542263,0.0
1740795540.0,2.03455454626563e-05,2.03455454626563e-05,2.03455454626563e-05,2.03455454626563e-05,0.0,0.0,0.0,0.0,0.3491302812542263,0.0
1740795600.0,2.03455454626563e-05,2.03455454626563e-05,2.03455454626563e-05,2.03455454626563e-05,0.0,0.0,0.0,0.0,0.3491302812542263,0.0
1740795660.0,2.03455454626563e-05,2.03455454626563e-05,2.03455454626563e-05,2.03455454626563e-05,0.0,0.0,0.0,0.0,0.3491302812542263,0.0
1740795720.0,2.03455454626563e-05,2.03455454626563e-05,2.03455454626563e-05,2.03455454626563e-05,0.0,0.0,0.0,0.0,0.3491302812542263,0.0
1740795780.0,2.03455454626563e-05,2.03455454626563e-05,2.03455454626563e-05,2.03455454626563e-05,0.0,0.0,0.0,0.0,0.3491302812542263,0.0
1740795840.0,2.03455454626563e-05,2.03455454626563e-05,2.03455454626563e-05,2.03455454626563e-05,0.0,0.0,0.0,0.0,0.3491302812542263,0.0
1740795900.0,2.03455454626563e-05,2.03455454626563e-05,2.03455454626563e-05,2.03455454626563e-05,0.0,0.0,0.0,0.0,0.3491302812542263,0.0
1740795960.0,2.03455454626563e-05,2.03455454626563e-05,2.03455454626563e-05,2.03455454626563e-05,0.0,0.0,0.0,0.0,0.3491302812542263,0.0
1740796020.0,2.03455454626563e-05,2.03455454626563e-05,2.03455454626563e-05,2.03455454626563e-05,0.0,0.0,0.0,0.0,0.3491302812542263,0.0
1740796080.0,2.03455454626563e-05,2.03455454626563e-05,2.03455454626563e-05,2.03455454626563e-05,0.0,0.0,0.0,0.0,0.3491302812542263,0.0
1740796140.0,2.03455454626563e-05,2.03455454626563e-05,2.03455454626563e-05,2.03455454626563e-05,0.0,0.0,0.0,0.0,0.3491302812542263,0.0
1740796200.0,2.03455454626563e-05,2.03455454626563e-05,2.03455454626563e-05,2.03455454626563e-05,0.0,0.0,0.0,0.0,0.3491302812542263,0.0
1740796260.0,2.03455454626563e-05,2.03455454626563e-05,2.03455454626563e-05,2.03455454626563e-05,0.0,0.0,0.0,0.0,0.3491302812542263,0.0
1740796320.0,2.03455454626563e-05,2.03455454626563e-05,2.03455454626563e-05,2.03455454626563e-05,0.0,0.0,0.0,0.0,0.3491302812542263,0.0
1740796380.0,2.03455454626563e-05,2.03455454626563e-05,2.03455454626563e-05,2.03455454626563e-05,0.0,0.0,0.0,0.0,0.3491302812542263,0.0
1740796440.0,2.03455454626563e-05,2.03455454626563e-05,2.03455454626563e-05,2.03455454626563e-05,0.0,0.0,0.0,0.0,0.3491302812542263,0.0
1740796500.0,2.03455454626563e-05,2.03455454626563e-05,2.03455454626563e-05,2.03455454626563e-05,0.0,0.0,0.0,0.0,0.3491302812542263,0.0
1740796560.0,2.03455454626563e-05,2.03455454626563e-05,2.03455454626563e-05,2.03455454626563e-05,0.0,0.0,0.0,0.0,0.3491302812542263,0.0
1740796620.0,2.03455454626563e-05,2.03455454626563e-05,2.02609041805788e-05,2.02609041805788e-05,0.46900900738,9.522395320199827e-06,-0.0041601874097137075,0.0,0.3491302812542263,0.0041601874097137075
1740796680.0,2.02609041805788e-05,2.02609041805788e-05,2.02609041805788e-05,2.02609041805788e-05,0.0,0.0,0.0,-1.0,0.34767783385380263,0.0
1740796740.0,2.02609041805788e-05,2.02609041805788e-05,2.02609041805788e-05,2.02609041805788e-05,0.0,0.0,0.0,0.0,0.34767783385380263,0.0
1740796800.0,2.02609041805788e-05,2.02609041805788e-05,2.02609041805788e-05,2.02609041805788e-05,0.0,0.0,0.0,0.0,0.34767783385380263,0.0
1740796860.0,2.02609041805788e-05,2.02609041805788e-05,2.02609041805788e-05,2.02609041805788e-05,0.0,0.0,0.0,0.0,0.34767783385380263,0.0
1740796920.0,2.02609041805788e-05,2.02609041805788e-05,2.02609041805788e-05,2.02609041805788e-05,0.0,0.0,0.0,0.0,0.34767783385380263,0.0
1740796980.0,2.02609041805788e-05,2.02609041805788e-05,1.95721379504986e-05,1.95721379504986e-05,212.84743330809,0.004239180389226418,-0.033994841688280625,0.0,0.34767783385380263,0.033994841688280625
1740797040.0,1.95721379504986e-05,1.95721379504986e-05,1.95721379504986e-05,1.95721379504986e-05,0.0,0.0,0.0,-1.0,0.3358585809334183,0.0
1740797100.0,1.95721379504986e-05,1.95721379504986e-05,1.95721379504986e-05,1.95721379504986e-05,0.0,0.0,0.0,0.0,0.3358585809334183,0.0
1740797160.0,1.95721379504986e-05,1.95721379504986e-05,1.95721379504986e-05,1.95721379504986e-05,0.0,0.0,0.0,0.0,0.3358585809334183,0.0
1740797220.0,1.95721379504986e-05,1.95721379504986e-05,1.95721379504986e-05,1.95721379504986e-05,0.0,0.0,0.0,0.0,0.3358585809334183,0.0
1740797280.0,1.95721379504986e-05,1.95721379504986e-05,1.95721379504986e-05,1.95721379504986e-05,0.0,0.0,0.0,0.0,0.3358585809334183,0.0
1740797340.0,1.95721379504986e-05,1.95721379504986e-05,1.95721379504986e-05,1.95721379504986e-05,0.0,0.0,0.0,0.0,0.3358585809334183,0.0
1740797400.0,1.95721379504986e-05,1.95721379504986e-05,1.95721379504986e-05,1.95721379504986e-05,0.0,0.0,0.0,0.0,0.3358585809334183,0.0
1740797460.0,1.95721379504986e-05,1.95721379504986e-05,1.95721379504986e-05,1.95721379504986e-05,0.0,0.0,0.0,0.0,0.3358585809334183,0.0
1740797520.0,1.95721379504986e-05,1.95721379504986e-05,1.95721379504986e-05,1.95721379504986e-05,0.0,0.0,0.0,0.0,0.3358585809334183,0.0
1740797580.0,1.95721379504986e-05,1.95721379504986e-05,1.95721379504986e-05,1.95721379504986e-05,0.0,0.0,0.0,0.0,0.3358585809334183,0.0
1740797640.0,1.95721379504986e-05,1.95721379504986e-05,1.95721379504986e-05,1.95721379504986e-05,0.0,0.0,0.0,0.0,0.3358585809334183,0.0
1740797700.0,1.95721379504986e-05,1.95721379504986e-05,1.95721379504986e-05,1.95721379504986e-05,0.0,0.0,0.0,0.0,0.3358585809334183,0.0
1740797760.0,1.95721379504986e-05,1.95721379504986e-05,1.95721379504986e-05,1.95721379504986e-05,0.0,0.0,0.0,0.0,0.3358585809334183,0.0
1740797820.0,1.95721379504986e-05,1.95721379504986e-05,1.95721379504986e-05,1.95721379504986e-05,0.0,0.0,0.0,0.0,0.3358585809334183,0.0
1740797880.0,1.95721379504986e-05,1.95721379504986e-05,1.95721379504986e-05,1.95721379504986e-05,0.0,0.0,0.0,0.0,0.3358585809334183,0.0
1740797940.0,1.95721379504986e-05,1.95721379504986e-05,1.88938912831249e-05,1.88938912831249e-05,10.43186047238,0.0002006361249458253,-0.03465368316374564,0.0,0.3358585809334183,0.03465368316374564
1740798000.0,1.88938912831249e-05,1.88938912831249e-05,1.88938912831249e-05,1.88938912831249e-05,0.0,0.0,0.0,-1.0,0.3242198440819264,0.0
1740798060.0,1.88938912831249e-05,1.88938912831249e-05,1.88938912831249e-05,1.88938912831249e-05,0.0,0.0,0.0,0.0,0.3242198440819264,0.0
1740798120.0,1.88938912831249e-05,1.88938912831249e-05,1.88938912831249e-05,1.88938912831249e-05,0.0,0.0,0.0,0.0,0.3242198440819264,0.0
1740798180.0,1.88938912831249e-05,1.88938912831249e-05,1.88938912831249e-05,1.88938912831249e-05,0.0,0.0,0.0,0.0,0.3242198440819264,0.0
1740798240.0,1.88938912831249e-05,1.88938912831249e-05,1.88938912831249e-05,1.88938912831249e-05,0.0,0.0,0.0,0.0,0.3242198440819264,0.0
1740798300.0,1.88938912831249e-05,1.88938912831249e-05,1.88938912831249e-05,1.88938912831249e-05,0.0,0.0,0.0,0.0,0.3242198440819264,0.0
1740798360.0,1.88938912831249e-05,1.88938912831249e-05,1.8818318361059e-05,1.8818318361059e-05,8.23543937816,0.00015528830817056872,-0.003999860109992189,0.0,0.3242198440819264,0.003999860109992189
1740798420.0,1.8818318361059e-05,1.8818318361059e-05,1.8818318361059e-05,1.8818318361059e-05,0.0,0.0,0.0,-1.0,0.3229230100607152,0.0
1740798480.0,1.8818318361059e-05,1.8818318361059e-05,1.8818318361059e-05,1.8818318361059e-05,0.0,0.0,0.0,0.0,0.3229230100607152,0.0
1740798540.0,1.8818318361059e-05,1.8818318361059e-05,1.8818318361059e-05,1.8818318361059e-05,0.0,0.0,0.0,0.0,0.3229230100607152,0.0
1740798600.0,1.8818318361059e-05,1.8818318361059e-05,1.87011624703229e-05,1.87011624703229e-05,1.97357358239,3.702372809690166e-05,-0.006225630180565552,0.0,0.3229230100607152,0.006225630180565552
1740798660.0,1.87011624703229e-05,1.87011624703229e-05,1.86211202866528e-05,1.86211202866528e-05,25.12055980181,0.0004687783179683352,-0.004280064610802662,11.661564409219098,0.32091261082328215,0.004280064610802662
1740798720.0,1.86211202866528e-05,1.86211202866528e-05,1.85419064146595e-05,1.85419064146595e-05,8.09618121075,0.0001504392992568826,-0.0042539799310613476,-0.6790822154299286,0.31953908411453713,0.0042539799310613476
1740798780.0,1.85419064146595e-05,1.85419064146595e-05,1.85419064146595e-05,1.85419064146595e-05,0.0,0.0,0.0,-1.0,0.31817977126352415,0.0
1740798840.0,1.85419064146595e-05,1.85419064146595e-05,1.85419064146595e-05,1.85419064146595e-05,0.0,0.0,0.0,0.0,0.31817977126352415,0.0
1740798900.0,1.85419064146595e-05,1.85419064146595e-05,1.85419064146595e-05,1.85419064146595e-05,0.0,0.0,0.0,0.0,0.31817977126352415,0.0
1740798960.0,1.85419064146595e-05,1.85419064146595e-05,1.85419064146595e-05,1.85419064146595e-05,0.0,0.0,0.0,0.0,0.31817977126352415,0.0
1740799020.0,1.85419064146595e-05,1.85419064146595e-05,1.57414615912658e-05,1.57414615912658e-05,591.73027148189,0.01014325332872986,-0.1510332735354347,0.0,0.31817977126352415,0.1510332735354347
1740799080.0,1.57414615912658e-05,1.57414615912658e-05,1.54344077987633e-05,1.54344077987633e-05,7.24764884102,0.00011297587682621764,-0.01950605353399149,-0.9888619683286206,0.2701240388368383,0.01950605353399149
1740799140.0,1.54344077987633e-05,1.54344077987633e-05,1.54344077987633e-05,1.54344077987633e-05,0.0,0.0,0.0,-1.0,0.2648549848744689,0.0
1740799200.0,1.54344077987633e-05,1.54901617265344e-05,1.54077596632606e-05,1.54901617265344e-05,10.3413837404,0.00015990142023389147,0.0036123140257812146,0.0,0.2648549848744689,0.005338854872060636
1740799260.0,1.54901617265344e-05,1.5532624290641e-05,1.54901617265344e-05,1.5532624290641e-05,7.267095,0.00011272276657574262,0.0027412602176943328,-0.29504837161008046,0.26581172425112903,0.0027412602176943328
1740799320.0,1.5532624290641e-05,1.55889820007037e-05,1.5532624290641e-05,1.55889820007037e-05,14.53617,0.00022619447986202805,0.003628344380714871,1.0066441477023151,0.2665403833562154,0.003628344380714871
1740799380.0,1.55889820007037e-05,1.55889820007037e-05,1.55889820007037e-05,1.55889820007037e-05,0.0,0.0,0.0,-1.0,0.2675074836583995,0.0
1740799440.0,1.55889820007037e-05,1.55889820007037e-05,1.55889820007037e-05,1.55889820007037e-05,0.0,0.0,0.0,0.0,0.2675074836583995,0.0
1740799500.0,1.55889820007037e-05,1.55889820007037e-05,1.55195891279435e-05,1.55195891279435e-05,0.90781647805,1.4120436739588207e-05,-0.004451405021640897,0.0,0.2675074836583995,0.004451405021640897
1740799560.0,1.55195891279435e-05,1.55195891279435e-05,1.55195891279435e-05,1.55195891279435e-05,0.0,0.0,0.0,-1.0,0.26631669950231596,0.0
1740799620.0,1.55195891279435e-05,1.55195891279435e-05,1.55195891279435e-05,1.55195891279435e-05,0.0,0.0,0.0,0.0,0.26631669950231596,0.0
1740799680.0,1.55195891279435e-05,1.55195891279435e-05,1.55195891279435e-05,1.55195891279435e-05,0.0,0.0,0.0,0.0,0.26631669950231596,0.0
1740799740.0,1.55195891279435e-05,1.55195891279435e-05,1.54747842836671e-05,1.54747842836671e-05,19.25213376216,0.0002983539113973313,-0.0028869864986132616,0.0,0.26631669950231596,0.0028869864986132616
1740799800.0,1.54747842836671e-05,1.54747842836671e-05,1.54747842836671e-05,1.54747842836671e-05,0.0,0.0,0.0,-1.0,0.26554784678649757,0.0
1740799860.0,1.54747842836671e-05,1.54747842836671e-05,1.54747842836671e-05,1.54747842836671e-05,0.0,0.0,0.0,0.0,0.26554784678649757,0.0
1740799920.0,1.54747842836671e-05,1.54747842836671e-05,1.54747842836671e-05,1.54747842836671e-05,0.0,0.0,0.0,0.0,0.26554784678649757,0.0
1740799980.0,1.54747842836671e-05,1.54747842836671e-05,1.54747842836671e-05,1.54747842836671e-05,0.0,0.0,0.0,0.0,0.26554784678649757,0.0
1740800040.0,1.54747842836671e-05,1.54747842836671e-05,1.54747842836671e-05,1.54747842836671e-05,0.0,0.0,0.0,0.0,0.26554784678649757,0.0
1740800100.0,1.54747842836671e-05,1.54747842836671e-05,1.54747842836671e-05,1.54747842836671e-05,0.0,0.0,0.0,0.0,0.26554784678649757,0.0
1740800160.0,1.54747842836671e-05,1.54747842836671e-05,1.54747842836671e-05,1.54747842836671e-05,0.0,0.0,0.0,0.0,0.26554784678649757,0.0
1740800220.0,1.54747842836671e-05,1.54747842836671e-05,1.54554093643514e-05,1.54554093643514e-05,10.6057601286,0.0001640191072810158,-0.001252031625161319,0.0,0.26554784678649757,0.001252031625161319
1740800280.0,1.54554093643514e-05,1.54554093643514e-05,1.54554093643514e-05,1.54554093643514e-05,0.0,0.0,0.0,-1.0,0.26521537248432736,0.0
1740800340.0,1.54554093643514e-05,1.54554093643514e-05,1.54554093643514e-05,1.54554093643514e-05,0.0,0.0,0.0,0.0,0.26521537248432736,0.0
1740800400.0,1.54554093643514e-05,1.54554093643514e-05,1.54554093643514e-05,1.54554093643514e-05,0.0,0.0,0.0,0.0,0.26521537248432736,0.0
1740800460.0,1.54554093643514e-05,1.54554093643514e-05,1.54554093643514e-05,1.54554093643514e-05,0.0,0.0,0.0,0.0,0.26521537248432736,0.0
1740800520.0,1.54554093643514e-05,1.54554093643514e-05,1.54554093643514e-05,1.54554093643514e-05,0.0,0.0,0.0,0.0,0.26521537248432736,0.0
1740800580.0,1.54554093643514e-05,1.54554093643514e-05,1.54554093643514e-05,1.54554093643514e-05,0.0,0.0,0.0,0.0,0.26521537248432736,0.0
1740800640.0,1.54554093643514e-05,1.54554093643514e-05,1.54554093643514e-05,1.54554093643514e-05,0.0,0.0,0.0,0.0,0.26521537248432736,0.0
1740800700.0,1.54554093643514e-05,1.54554093643514e-05,1.54554093643514e-05,1.54554093643514e-05,0.0,0.0,0.0,0.0,0.26521537248432736,0.0
1740800760.0,1.54554093643514e-05,1.54554093643514e-05,1.5382155051864e-05,1.5382155051864e-05,2.03117909316,3.1318308063095745e-05,-0.0047397199750894336,0.0,0.26521537248432736,0.0047397199750894336
1740800820.0,1.5382155051864e-05,1.5382155051864e-05,1.5382155051864e-05,1.5382155051864e-05,0.0,0.0,0.0,-1.0,0.2639583258856626,0.0
1740800880.0,1.5382155051864e-05,1.5382155051864e-05,1.5382155051864e-05,1.5382155051864e-05,0.0,0.0,0.0,0.0,0.2639583258856626,0.0
1740800940.0,1.5382155051864e-05,1.54509631528518e-05,1.5382155051864e-05,1.53966382805277e-05,2.91477172551,4.4856578275285525e-05,0.0009415604390196447,0.0,0.2639583258856626,0.004473241932342899
1740801000.0,1.53966382805277e-05,1.53966382805277e-05,1.53966382805277e-05,1.53966382805277e-05,0.0,0.0,0.0,-1.0,0.2642068586028664,0.0
1740801060.0,1.53966382805277e-05,1.53966382805277e-05,1.53966382805277e-05,1.53966382805277e-05,0.0,0.0,0.0,0.0,0.2642068586028664,0.0
1740801120.0,1.53966382805277e-05,1.53966382805277e-05,1.53966382805277e-05,1.53966382805277e-05,0.0,0.0,0.0,0.0,0.2642068586028664,0.0
1740801180.0,1.53966382805277e-05,1.53966382805277e-05,1.52036189888604e-05,1.52036189888604e-05,50.78306238228,0.0007769873869125766,-0.012536456864834901,0.0,0.2642068586028664,0.012536456864834901
1740801240.0,1.52036189888604e-05,1.52036189888604e-05,1.52036189888604e-05,1.52036189888604e-05,0.0,0.0,0.0,-1.0,0.260894640716598,0.0
1740801300.0,1.52036189888604e-05,1.52036189888604e-05,1.52036189888604e-05,1.52036189888604e-05,0.0,0.0,0.0,0.0,0.260894640716598,0.0
1740801360.0,1.52036189888604e-05,1.52036189888604e-05,1.52036189888604e-05,1.52036189888604e-05,0.0,0.0,0.0,0.0,0.260894640716598,0.0
1740801420.0,1.52036189888604e-05,1.52036189888604e-05,1.52036189888604e-05,1.52036189888604e-05,0.0,0.0,0.0,0.0,0.260894640716598,0.0
1740801480.0,1.52036189888604e-05,1.52060811672e-05,1.52036189888604e-05,1.52060811672e-05,11.6108616,0.00017654140990475784,0.00016194685892906838,0.0,0.260894640716598,0.00016194685892906838
1740801540.0,1.52060811672e-05,1.52060811672e-05,1.52060811672e-05,1.52060811672e-05,0.0,0.0,0.0,-1.0,0.2609368917841735,0.0
1740801600.0,1.52060811672e-05,1.52060811672e-05,1.52060811672e-05,1.52060811672e-05,0.0,0.0,0.0,0.0,0.2609368917841735,0.0
1740801660.0,1.52060811672e-05,1.52060811672e-05,1.51210058003102e-05,1.51210058003102e-05,13.22299543462,0.00020050746625835554,-0.005594825251446822,0.0,0.2609368917841735,0.005594825251446822
1740801720.0,1.51210058003102e-05,1.51210058003102e-05,1.51210058003102e-05,1.51210058003102e-05,0.0,0.0,0.0,-1.0,0.25947699547298536,0.0
1740801780.0,1.51210058003102e-05,1.51210058003102e-05,1.51210058003102e-05,1.51210058003102e-05,0.0,0.0,0.0,0.0,0.25947699547298536,0.0
1740801840.0,1.51210058003102e-05,1.51210058003102e-05,1.51210058003102e-05,1.51210058003102e-05,0.0,0.0,0.0,0.0,0.25947699547298536,0.0
1740801900.0,1.51210058003102e-05,1.51210058003102e-05,1.51210058003102e-05,1.51210058003102e-05,0.0,0.0,0.0,0.0,0.25947699547298536,0.0
1740801960.0,1.51210058003102e-05,1.51210058003102e-05,1.51210058003102e-05,1.51210058003102e-05,0.0,0.0,0.0,0.0,0.25947699547298536,0.0
1740802020.0,1.51210058003102e-05,1.51210058003102e-05,1.50329557587549e-05,1.50329557587549e-05,7.09125160092,0.00010691466408990026,-0.005823028092052878,0.0,0.25947699547298536,0.005823028092052878
1740802080.0,1.50329557587549e-05,1.50329557587549e-05,1.50329557587549e-05,1.50329557587549e-05,0.0,0.0,0.0,-1.0,0.2579660536391047,0.0
