0,1,2,3,4,5
1735805820.0,0.0003182992246253,0.0003182992246253,0.0003116017024373,0.000313998209884,714.78098622696
1735805880.0,0.000313998209884,0.000316098130989,0.0003107492873665,0.0003152921524888,764.04243431171
1735805940.0,0.0003152921524888,0.0003161986030645,0.0003143344761922,0.0003143344761922,50.97098210553
1735806000.0,0.0003143344761922,0.0003291525928767,0.0003143344761922,0.0003260942075887,1223.84940782916
1735806060.0,0.0003260942075887,0.000327763209343,0.0003255885549782,0.0003271687565866,218.37032195827
1735806120.0,0.0003271687565866,0.0003284899690627,0.0003270438309792,0.0003270438309792,95.57077536867
1735806180.0,0.0003270438309792,0.0003409110106689,0.0003270438309792,0.0003387849121627,1178.24993908716
1735806240.0,0.0003387849121627,0.0003394978620115,0.0003387849121627,0.0003394978620115,65.59225991158
1735806300.0,0.0003394978620115,0.0003405365943032,0.0003381274678976,0.0003392253306775,100.89276486499
1735806360.0,0.0003392253306775,0.000341801861511,0.0003392253306775,0.0003409317317023,98.97231010206
1735806420.0,0.0003409317317023,0.0003472459381931,0.0003409317317023,0.0003471314853739,563.42501481673
1735806480.0,0.0003471314853739,0.0003491159799473,0.0003471314853739,0.0003488139664679,72.82309172547
1735806540.0,0.0003488139664679,0.0003498369827982,0.0003484849390113,0.0003484849390113,77.50870929088
1735806600.0,0.0003484849390113,0.0003484849390113,0.0003484849390113,0.0003484849390113,0.0
1735806660.0,0.0003484849390113,0.0003496981602589,0.0003480013679856,0.0003496981602589,27.09758943936
1735806720.0,0.0003496981602589,0.0003502389096944,0.0003496981602589,0.0003502389096944,21.837182808
1735806780.0,0.0003502389096944,0.0003502389096944,0.0003484182560106,0.0003484182560106,22.00572120705
1735806840.0,0.0003484182560106,0.0003484182560106,0.0003484182560106,0.0003484182560106,0.0
1735806900.0,0.0003484182560106,0.0003710481223661,0.0003484182560106,0.0003710481223661,1125.50181445923
1735806960.0,0.0003710481223661,0.0003902737597301,0.0003710481223661,0.0003902737597301,897.83210241814
1735807020.0,0.0003902737597301,0.0003902737597301,0.0003745857897042,0.0003764740317466,722.83965569867
1735807080.0,0.0003764740317466,0.000385821296673,0.0003764740317466,0.000385821296673,471.44253091416
1735807140.0,0.000385821296673,0.0004099794340813,0.000385821296673,0.0004099794340813,1252.02565764823
1735807200.0,0.0004099794340813,0.0004130276075046,0.0004090524179776,0.0004090524179776,313.49348517639
1735807260.0,0.0004090524179776,0.0004270106246531,0.0004090524179776,0.0004247483656118,1072.27989033659
1735807320.0,0.0004247483656118,0.0004806530246888,0.0004247483656118,0.0004765857262557,3232.94540338547
1735807380.0,0.0004765857262557,0.0004815272386823,0.0004698406557017,0.0004739060205494,1051.08081288875
1735807440.0,0.0004739060205494,0.0004953541274651,0.0004739060205494,0.0004883448025387,1385.49660280552
1735807500.0,0.0004883448025387,0.0004884952538906,0.0004217553688017,0.000422446030349,4012.93222433391
1735807560.0,0.000422446030349,0.0004290718468608,0.0004153435864424,0.000419288426501,2460.54159493517
1735807620.0,0.000419288426501,0.0004551427689118,0.0004156244001876,0.0004549834075861,2656.24484335121
1735807680.0,0.0004549834075861,0.0004874532248666,0.0004549834075861,0.0004827311422953,2757.69857795916
1735807740.0,0.0004827311422953,0.0004883997938469,0.0004816628728155,0.0004883997938469,336.33374754076
1735807800.0,0.0004883997938469,0.0004931680119886,0.0004873039804267,0.0004931680119886,360.79859671392
1735807860.0,0.0004931680119886,0.0004931680119886,0.0004513419230133,0.0004517732705564,1901.93859867261
1735807920.0,0.0004517732705564,0.0004616786747031,0.000450529535919,0.0004590385419123,633.64519322648
1735807980.0,0.0004590385419123,0.000462180701426,0.0004563587599437,0.0004589376100908,260.56108994074
1735808040.0,0.0004589376100908,0.0004589376100908,0.00043886886886,0.00043886886886,810.70605893557
1735808100.0,0.00043886886886,0.00043886886886,0.0004283498166316,0.0004283498166316,604.71884145389
1735808160.0,0.0004283498166316,0.0004303745942487,0.000381976813634,0.000381976813634,2197.73467751752
1735808220.0,0.000381976813634,0.0004129265168788,0.000381976813634,0.0003977024804804,2406.03423618292
1735808280.0,0.0003977024804804,0.0004027037981131,0.0003943586912444,0.0004005566546092,681.91424743165
1735808340.0,0.0004005566546092,0.0004251792325076,0.0004005566546092,0.0004251792325076,1205.00458727302
1735808400.0,0.0004251792325076,0.0004302501471262,0.0004251792325076,0.0004302501471262,261.00495298776
1735808460.0,0.0004302501471262,0.0004328617840439,0.0004302501471262,0.0004328617840439,140.34805
1735808520.0,0.0004328617840439,0.0004332019377559,0.0004297325690658,0.0004319873749844,219.338912625
1735808580.0,0.0004319873749844,0.0004351200676183,0.0004260311598475,0.0004283831676031,482.41772061132
1735808640.0,0.0004283831676031,0.0004283831676031,0.0004251656404274,0.0004269900104473,118.17613488136
1735808700.0,0.0004269900104473,0.0004269900104473,0.0004155197365725,0.0004155197365725,672.89073251864
1735808760.0,0.0004155197365725,0.0004155197365725,0.0004074286748397,0.0004113104462737,383.72555962497
1735808820.0,0.0004113104462737,0.000413164336862,0.0004090421120851,0.0004090421120851,181.56824619683
1735808880.0,0.0004090421120851,0.0004142436711398,0.0004090421120851,0.0004142436711398,210.44879267899
1735808940.0,0.0004142436711398,0.0004142436711398,0.0003904136858373,0.0003904136858373,1152.61324565873
1735809000.0,0.0003904136858373,0.0004020056393168,0.0003899501810649,0.0004008437084329,1073.03314357445
1735809060.0,0.0004008437084329,0.0004097659440319,0.0003959449194532,0.0003960021289608,1536.90849089354
1735809120.0,0.0003960021289608,0.0003960021289608,0.0003899282151649,0.0003899282151649,230.44848102292
1735809180.0,0.0003899282151649,0.0003925019110763,0.000388205012134,0.0003912016328677,404.19998080038
1735809240.0,0.0003912016328677,0.0003912016328677,0.0003858157549569,0.0003858157549569,89.03239211239
1735809300.0,0.0003858157549569,0.0003858157549569,0.0003633858991215,0.0003633858991215,1120.09974301533
1735809360.0,0.0003633858991215,0.0003647016017838,0.0003400419631787,0.0003400419631787,1249.5503518469
1735809420.0,0.0003400419631787,0.0003415802196103,0.0003386309506869,0.0003403351935921,99.68085068459
1735809480.0,0.0003403351935921,0.0003403351935921,0.0003287522334396,0.0003287522334396,549.67078085562
1735809540.0,0.0003287522334396,0.0003297031775235,0.0003275229915339,0.0003297031775235,132.9223295686
1735809600.0,0.0003297031775235,0.0003379652743153,0.0003297031775235,0.0003362347576773,426.90429312624
1735809660.0,0.0003362347576773,0.0003560767077248,0.0003362347576773,0.0003560767077248,916.94538847176
1735809720.0,0.0003560767077248,0.0003578432286827,0.0003559549745463,0.0003559549745463,97.20019318262
1735809780.0,0.0003559549745463,0.0003621816329579,0.0003559549745463,0.000360329148835,512.17548509647
1735809840.0,0.000360329148835,0.000360329148835,0.0003576822921038,0.0003576822921038,68.9158799648
1735809900.0,0.0003576822921038,0.0003589804073832,0.0003538186276327,0.0003589804073832,387.37411218866
1735809960.0,0.0003589804073832,0.0003603243080319,0.0003584040911291,0.0003603243080319,101.67285922718
1735810020.0,0.0003603243080319,0.000369537214975,0.0003587642585344,0.000369537214975,474.83646834262
1735810080.0,0.000369537214975,0.0003782500058416,0.000369537214975,0.000376286642906,754.09348895408
1735810140.0,0.000376286642906,0.0003800573404741,0.0003757867329305,0.0003800573404741,219.03576278606
1735810200.0,0.0003800573404741,0.0003871721529655,0.0003800573404741,0.0003855270075068,451.77945173112
1735810260.0,0.0003855270075068,0.0003902115641324,0.0003855270075068,0.0003891913973451,323.59599086804
1735810320.0,0.0003891913973451,0.0003906311644301,0.0003779756901495,0.0003786292816833,702.75597963695
1735810380.0,0.0003786292816833,0.000379883013229,0.0003743981823096,0.000379883013229,408.70901732935
1735810440.0,0.000379883013229,0.0003817823590455,0.0003794283114166,0.0003804799030108,313.37514236492
1735810500.0,0.0003804799030108,0.0003885895568138,0.0003804799030108,0.0003863427090543,429.68834114738
1735810560.0,0.0003863427090543,0.0003899055189753,0.0003858919546473,0.0003899055189753,225.91986137302
1735810620.0,0.0003899055189753,0.0003959052664297,0.0003899055189753,0.0003959052664297,249.6475042496
1735810680.0,0.0003959052664297,0.0003991850710401,0.0003959052664297,0.0003967322750108,214.60856215772
1735810740.0,0.0003967322750108,0.0004023242694927,0.0003967322750108,0.0004023242694927,214.92140452983
1735810800.0,0.0004023242694927,0.000405348034393,0.0003991476207371,0.0004024400876091,524.90016641912
1735810860.0,0.0004024400876091,0.0004026680970129,0.0003971303792111,0.0003971303792111,210.41937219971
1735810920.0,0.0003971303792111,0.0003971303792111,0.0003874814745358,0.0003919572739613,888.25250168939
1735810980.0,0.0003919572739613,0.0003954808442169,0.0003919572739613,0.0003954808442169,69.4882638037
1735811040.0,0.0003954808442169,0.0003962371550435,0.0003954808442169,0.0003962371550435,43.63021580488
1735811100.0,0.0003962371550435,0.0003965824786462,0.0003942684581755,0.0003965824786462,48.02530156788
1735811160.0,0.0003965824786462,0.0003965824786462,0.000380392540558,0.0003863271405331,1305.74243995076
1735811220.0,0.0003863271405331,0.0003882904837351,0.0003842674032971,0.0003842674032971,191.13696532892
1735811280.0,0.0003842674032971,0.0003876211745089,0.0003842674032971,0.000385741884112,202.51641930038
1735811340.0,0.000385741884112,0.000387654953731,0.0003854858809545,0.0003872481020914,33.1713024111
1735811400.0,0.0003872481020914,0.0003905831221263,0.0003872481020914,0.0003888767221438,191.91380808656
1735811460.0,0.0003888767221438,0.0003903649230217,0.0003878037229921,0.0003897198005392,86.93350526034
1735811520.0,0.0003897198005392,0.0003932251244584,0.0003897198005392,0.0003932251244584,330.81607700379
1735811580.0,0.0003932251244584,0.0003932251244584,0.0003768109576224,0.0003768109576224,1121.95766432736
1735811640.0,0.0003768109576224,0.0003768109576224,0.0003702315409169,0.0003702315409169,282.39717059614
1735811700.0,0.0003702315409169,0.000371892053241,0.0003699634612473,0.0003701101055864,158.39114299393
1735811760.0,0.0003701101055864,0.0003718162813951,0.000368364147506,0.0003686896793733,169.72280425816
1735811820.0,0.0003686896793733,0.0003688386412123,0.0003661516627572,0.0003661516627572,75.08954647787
1735811880.0,0.0003661516627572,0.0003685404227997,0.0003654304915767,0.0003685404227997,104.80606166239
1735811940.0,0.0003685404227997,0.0003719415928047,0.0003675901881054,0.0003719415928047,280.75426860954
1735812000.0,0.0003719415928047,0.0003743070070702,0.000370311549877,0.0003743070070702,168.80258281866
1735812060.0,0.0003743070070702,0.0003748541318723,0.0003713352281032,0.0003748541318723,280.01128374661
1735812120.0,0.0003748541318723,0.0003772632006699,0.0003734124614686,0.0003772632006699,161.197214019
1735812180.0,0.0003772632006699,0.000389789424699,0.000377175711204,0.000389789424699,781.01930426704
1735812240.0,0.000389789424699,0.000389789424699,0.0003773879997228,0.0003773879997228,797.56060780107
1735812300.0,0.0003773879997228,0.0003781852055484,0.0003754983958215,0.0003777055381166,119.91648859335
1735812360.0,0.0003777055381166,0.0003841761692991,0.0003761921463613,0.0003814925488607,708.51582248427
1735812420.0,0.0003814925488607,0.0003829226518056,0.0003802407659545,0.0003829226518056,94.19364989194
1735812480.0,0.0003829226518056,0.0003829226518056,0.0003804821104204,0.0003804821104204,44.362883362
1735812540.0,0.0003804821104204,0.0003821825508773,0.0003733665852679,0.0003733665852679,402.14934423639
1735812600.0,0.0003733665852679,0.0003912881865645,0.0003733665852679,0.0003912881865645,941.47946099929
1735812660.0,0.0003912881865645,0.0003933802224159,0.0003905432057607,0.0003933802224159,95.50232963597
1735812720.0,0.0003933802224159,0.000395511063073,0.0003918661915691,0.0003944081804751,156.60219486606
1735812780.0,0.0003944081804751,0.000397054094664,0.0003944081804751,0.000397054094664,44.08926268924
1735812840.0,0.000397054094664,0.000407016346433,0.0003947291468474,0.0004002413783798,1156.91365790886
1735812900.0,0.0004002413783798,0.0004016976055587,0.0003994418712364,0.0004016976055587,47.2408173432
1735812960.0,0.0004016976055587,0.0004016976055587,0.00039691293529,0.0003997585230974,272.69419532108
1735813020.0,0.0003997585230974,0.0004008764473078,0.0003982481002236,0.0003984749769099,120.02071746415
1735813080.0,0.0003984749769099,0.000402346030414,0.000397901547378,0.000402346030414,114.71473828958
1735813140.0,0.000402346030414,0.0004040852130241,0.0004002696702227,0.0004040852130241,215.36984622496
1735813200.0,0.0004040852130241,0.0004057110602942,0.0004022045634925,0.0004057110602942,104.84389160575
1735813260.0,0.0004057110602942,0.0004061098335173,0.0004038617539381,0.0004041962002618,36.83390329166
1735813320.0,0.0004041962002618,0.0004077780810641,0.0004041962002618,0.0004077780810641,85.99213515362
1735813380.0,0.0004077780810641,0.0004105463579689,0.0004077780810641,0.0004105463579689,125.60874133504
1735813440.0,0.0004105463579689,0.0004203958957439,0.0004105463579689,0.0004178175512039,587.1305619974
1735813500.0,0.0004178175512039,0.0004207424876349,0.0004162324110429,0.0004207424876349,154.24258229053
1735813560.0,0.0004207424876349,0.0004229521598842,0.0004207424876349,0.0004229521598842,111.49621501335
1735813620.0,0.0004229521598842,0.0004244820363618,0.0004209111205851,0.0004209111205851,162.13498756736
1735813680.0,0.0004209111205851,0.0004360767128628,0.0004207033837066,0.0004360767128628,738.7937780943
1735813740.0,0.0004360767128628,0.0004360767128628,0.0004314418062393,0.0004317950741459,283.71740058909
1735813800.0,0.0004317950741459,0.0004324663568524,0.0004251206341332,0.0004270947615422,467.45446237077
1735813860.0,0.0004270947615422,0.0004281375155409,0.000424287998312,0.000424287998312,245.66297231689
1735813920.0,0.000424287998312,0.0004264270973839,0.0004232822454749,0.0004254321247476,132.91113123894
1735813980.0,0.0004254321247476,0.0004255492667656,0.0004233264545077,0.0004255492667656,15.63992355079
1735814040.0,0.0004255492667656,0.0004255492667656,0.0004155996960337,0.0004155996960337,520.2892480965
1735814100.0,0.0004155996960337,0.0004155996960337,0.0004049067648716,0.0004062621549246,501.09245258625
1735814160.0,0.0004062621549246,0.0004071368323585,0.0004047756348353,0.0004047756348353,36.84741574154
1735814220.0,0.0004047756348353,0.0004170369687408,0.0004043662615581,0.0004170369687408,629.83200729696
1735814280.0,0.0004170369687408,0.0004206032945178,0.0004158450344264,0.0004177339421498,215.99296691688
1735814340.0,0.0004177339421498,0.00042156686077,0.0004165661938324,0.00042156686077,408.7172364624
1735814400.0,0.00042156686077,0.0004236489032645,0.0004181429063888,0.0004181429063888,303.95612124159
1735814460.0,0.0004181429063888,0.0004209034363719,0.0004181429063888,0.0004209034363719,67.56871160824
1735814520.0,0.0004209034363719,0.0004215054088496,0.0004209034363719,0.0004215054088496,15.69864409206
1735814580.0,0.0004215054088496,0.0004254323168829,0.0004205050002778,0.0004205050002778,474.48484787929
1735814640.0,0.0004205050002778,0.0004207964328386,0.0004162728171415,0.0004162728171415,438.53589754705
1735814700.0,0.0004162728171415,0.0004177532299396,0.000403448886129,0.000403448886129,804.8898485471
1735814760.0,0.000403448886129,0.0004053687488394,0.0004000557158261,0.0004000557158261,284.76392039937
1735814820.0,0.0004000557158261,0.0004010731223336,0.0003934711266629,0.0003934711266629,369.02664028995
1735814880.0,0.0003934711266629,0.0004019777964647,0.0003934711266629,0.0003997141895845,547.35188749319
1735814940.0,0.0003997141895845,0.0004141320250332,0.0003997141895845,0.0004141320250332,889.94540724864
1735815000.0,0.0004141320250332,0.0004158297558035,0.000412760166245,0.0004146281044209,165.12241915546
1735815060.0,0.0004146281044209,0.0004197486036965,0.0004142039486919,0.0004197486036965,241.62589326897
1735815120.0,0.0004197486036965,0.0004319736375196,0.0004197486036965,0.0004319736375196,620.77990554106
1735815180.0,0.0004319736375196,0.0004346060405855,0.0004319736375196,0.0004346060405855,27.7227975
1735815240.0,0.0004346060405855,0.0004349702274052,0.000431374361206,0.0004349702274052,208.3238119497
1735815300.0,0.0004349702274052,0.0004553907641825,0.0004341990063127,0.0004553907641825,863.44945187176
1735815360.0,0.0004553907641825,0.0004604921054851,0.0004537280743541,0.0004577913479916,262.7801544638
1735815420.0,0.0004577913479916,0.0004700115901359,0.0004577913479916,0.0004700115901359,503.84838230694
1735815480.0,0.0004700115901359,0.000478616085566,0.0004681351085632,0.0004717088620526,1075.46226707646
1735815540.0,0.0004717088620526,0.000490213480163,0.0004672029329753,0.0004864099917614,4484.72132349032
1735815600.0,0.0004864099917614,0.0004884699356279,0.0004703505781609,0.0004703505781609,1071.43816512862
1735815660.0,0.0004703505781609,0.000470446922342,0.0004669819943471,0.0004679613778821,315.89130532811
1735815720.0,0.0004679613778821,0.0004738451484573,0.0004675225510592,0.0004714981439255,282.24174622956
1735815780.0,0.0004714981439255,0.0004715339404819,0.0004691415831905,0.0004692168137164,104.60284289957
1735815840.0,0.0004692168137164,0.0004731816829091,0.0004609385101531,0.0004684607514908,1234.43819757517
1735815900.0,0.0004684607514908,0.000470808108314,0.00046777829,0.0004688058205392,70.07664443109
1735815960.0,0.0004688058205392,0.0004703632196977,0.0004676524264271,0.0004682421309191,145.3767471408
1735816020.0,0.0004682421309191,0.0004717489854753,0.0004682421309191,0.0004684732871893,245.07016234084
1735816080.0,0.0004684732871893,0.0004700161528734,0.000467658105894,0.0004699570412711,13.5853529596
1735816140.0,0.0004699570412711,0.0004700973927603,0.0004661089770013,0.0004675493702003,173.83114677943
1735816200.0,0.0004675493702003,0.0004696376635047,0.0004656285566457,0.0004677624145457,154.64807046337
1735816260.0,0.0004677624145457,0.0004702333634771,0.0004673778518131,0.0004702333634771,57.67024874364
1735816320.0,0.0004702333634771,0.0004721743796547,0.0004695523037097,0.0004721743796547,102.4435123131
1735816380.0,0.0004721743796547,0.000472223856393,0.0004697951265099,0.0004721940720659,23.12804488138
1735816440.0,0.0004721940720659,0.0004721960512196,0.0004681564155277,0.0004713488426855,271.21240966459
1735816500.0,0.0004713488426855,0.0004753624113325,0.0004709759543126,0.0004745359292939,521.3077643673
1735816560.0,0.0004745359292939,0.0004745359292939,0.0004697023417713,0.000470133645733,308.52142732613
1735816620.0,0.000470133645733,0.000470133645733,0.0004481447495575,0.0004495526709934,1039.95863652236
1735816680.0,0.0004495526709934,0.0004506709131788,0.000447116005221,0.000447116005221,183.985620832
1735816740.0,0.000447116005221,0.00044879858795,0.0004066049025361,0.0004066049025361,1955.276167221
1735816800.0,0.0004066049025361,0.0004102562962149,0.0004048874019185,0.0004063302840263,607.37575893476
1735816860.0,0.0004063302840263,0.0004089120449421,0.0004034299884606,0.0004076058663288,531.6619730911
1735816920.0,0.0004076058663288,0.0004093421788574,0.0004065293357322,0.0004065293357322,249.87036660739
1735816980.0,0.0004065293357322,0.0004065293357322,0.0004033129904815,0.0004033129904815,129.76574170878
1735817040.0,0.0004033129904815,0.0004058354815559,0.0004019493130721,0.0004019493130721,231.74720376774
1735817100.0,0.0004019493130721,0.0004037115233809,0.0004007072706759,0.0004014718676761,211.73746052678
1735817160.0,0.0004014718676761,0.0004032731168496,0.0004009686485478,0.0004009686485478,33.56962935002
1735817220.0,0.0004009686485478,0.0004058912777445,0.0004009686485478,0.0004040765282958,239.42577138735
1735817280.0,0.0004040765282958,0.0004066173327792,0.0004026683971055,0.0004026683971055,214.03017008856
1735817340.0,0.0004026683971055,0.0004051084689609,0.0004010188119995,0.0004010188119995,239.65235575255
1735817400.0,0.0004010188119995,0.0004015862746128,0.0003989726897868,0.0003998902463352,72.44055007471
1735817460.0,0.0003998902463352,0.0004074927238954,0.0003998902463352,0.0004072339989473,549.18609776624
1735817520.0,0.0004072339989473,0.0004095970224632,0.000406489650981,0.0004085609561303,138.57586061292
1735817580.0,0.0004085609561303,0.0004124000172934,0.0004084059343317,0.0004112355018583,195.78222941306
1735817640.0,0.0004112355018583,0.0004200261751152,0.0004112355018583,0.0004200261751152,560.01067431759
1735817700.0,0.0004200261751152,0.0004216017386956,0.0004195081875314,0.0004195211012627,27.2235652115
1735817760.0,0.0004195211012627,0.0004215951009247,0.0004189727215535,0.000419152249061,53.10803883825
1735817820.0,0.000419152249061,0.0004213816303318,0.0004156544391137,0.0004156544391137,180.45681843273
1735817880.0,0.0004156544391137,0.0004178207285844,0.0004155386779514,0.0004156436762934,38.45895310185
1735817940.0,0.0004156436762934,0.0004182422244661,0.0004156436762934,0.000416237556095,42.40499240452
1735818000.0,0.000416237556095,0.0004233700052569,0.000416237556095,0.0004233700052569,242.0080859461
1735818060.0,0.0004233700052569,0.0004294867194007,0.000423100693513,0.0004276573396108,375.73259368389
1735818120.0,0.0004276573396108,0.0004385542653858,0.0004276573396108,0.000434595278571,707.39883629989
1735818180.0,0.000434595278571,0.0004387022788388,0.0004303787864987,0.0004320179893086,720.07370233206
1735818240.0,0.0004320179893086,0.0004337951674454,0.000431057528466,0.0004337951674454,84.67016019768
1735818300.0,0.0004337951674454,0.0004374616923894,0.0004337951674454,0.0004351922842709,180.20140760945
1735818360.0,0.0004351922842709,0.000438811631101,0.0004350732697369,0.0004365403203043,81.848973337
1735818420.0,0.0004365403203043,0.0004385240903961,0.0004357741306706,0.0004366444019046,405.28702620887
1735818480.0,0.0004366444019046,0.0004398149653161,0.0004364220821354,0.0004383856655721,185.57015619122
1735818540.0,0.0004383856655721,0.0004479367521405,0.0004383856655721,0.0004457810677928,533.74231722354
1735818600.0,0.0004457810677928,0.0004498679644896,0.0004366853190447,0.0004366853190447,618.62729047501
1735818660.0,0.0004366853190447,0.0004366853190447,0.0004340594712935,0.0004362189252475,131.29265076187
1735818720.0,0.0004362189252475,0.0004365250529155,0.0004285395881618,0.0004285395881618,320.30798694939
1735818780.0,0.0004285395881618,0.0004316232697667,0.0004096771183679,0.0004096771183679,1101.8047380686
1735818840.0,0.0004096771183679,0.0004096771183679,0.0004007673692317,0.0004007673692317,541.04816359924
1735818900.0,0.0004007673692317,0.0004024467736833,0.0003967904262397,0.0004018767065571,370.84713892206
1735818960.0,0.0004018767065571,0.0004018767065571,0.0003984129479262,0.0003984129479262,95.58269600875
1735819020.0,0.0003984129479262,0.0004006732036968,0.0003982549025924,0.0003988815483639,60.98796962727
1735819080.0,0.0003988815483639,0.0004010165178625,0.0003897276664656,0.0003897276664656,483.94678849686
1735819140.0,0.0003897276664656,0.0003897276664656,0.0003839138764298,0.0003839138764298,274.1320508337
1735819200.0,0.0003839138764298,0.0003839138764298,0.0003792361017107,0.0003792361017107,359.2962102793
1735819260.0,0.0003792361017107,0.0003792361017107,0.0003673132988201,0.000369161446548,605.39414111418
1735819320.0,0.000369161446548,0.0003693998943537,0.0003669855592879,0.0003669855592879,80.88505751652
1735819380.0,0.0003669855592879,0.0003727019050315,0.0003662866487912,0.0003727019050315,363.5083328173
1735819440.0,0.0003727019050315,0.00037530503356,0.0003727019050315,0.00037530503356,26.43339110875
1735819500.0,0.00037530503356,0.000376049577477,0.0003736315795977,0.0003748980304406,194.84596063637
1735819560.0,0.0003748980304406,0.0003768982796508,0.0003705344525114,0.0003705344525114,277.31200238915
1735819620.0,0.0003705344525114,0.0003739998376174,0.0003705344525114,0.0003739998376174,111.9894723699
1735819680.0,0.0003739998376174,0.0003891153365531,0.0003739998376174,0.0003809016062075,1882.16702214896
1735819740.0,0.0003809016062075,0.0003887758887274,0.0003809016062075,0.0003873880014773,348.23844269061
1735819800.0,0.0003873880014773,0.0003903326132909,0.0003871902755687,0.000387213666998,222.34214636387
1735819860.0,0.000387213666998,0.000391531650868,0.000387213666998,0.000391531650868,288.47406143682
1735819920.0,0.000391531650868,0.0003991162461165,0.0003908106532654,0.000397662268553,571.46570174019
1735819980.0,0.000397662268553,0.0004055750349676,0.0003869428979811,0.0003920511103198,2328.41516335733
1735820040.0,0.0003920511103198,0.0003921798227692,0.0003880753932706,0.0003880753932706,467.64038238873
1735820100.0,0.0003880753932706,0.0003915650834943,0.0003836190274765,0.0003864008395686,835.27721641784
1735820160.0,0.0003864008395686,0.0003882218376627,0.0003851709877192,0.0003851709877192,121.74134968435
1735820220.0,0.0003851709877192,0.0003851709877192,0.000378597903883,0.000378597903883,266.36725793628
1735820280.0,0.000378597903883,0.0003837535029345,0.0003764825880462,0.0003813224560265,705.96831375089
1735820340.0,0.0003813224560265,0.0003880671738791,0.0003769532237176,0.0003874744567064,1349.97287705778
1735820400.0,0.0003874744567064,0.0003882112484441,0.000381380616886,0.000381380616886,290.51324877792
1735820460.0,0.000381380616886,0.0003830043101411,0.0003806123766236,0.0003806123766236,27.9463601352
1735820520.0,0.0003806123766236,0.0003916807761356,0.0003793049057026,0.0003883370817471,2631.815115009
1735820580.0,0.0003883370817471,0.0003904316153437,0.0003851086213112,0.0003851086213112,490.59317589718
1735820640.0,0.0003851086213112,0.0003908405213245,0.0003810945167488,0.0003810945167488,1397.33719621638
1735820700.0,0.0003810945167488,0.0003837531899249,0.0003760630752318,0.0003832780893751,805.19200363867
1735820760.0,0.0003832780893751,0.0003832780893751,0.0003809616655501,0.0003809616655501,114.35578132224
1735820820.0,0.0003809616655501,0.0003846794144819,0.0003797304771428,0.0003797304771428,497.77254724209
1735820880.0,0.0003797304771428,0.0003824005962206,0.0003728281468939,0.0003743141864276,1511.6072896548
1735820940.0,0.0003743141864276,0.0003759354333164,0.0003733596363644,0.0003733596363644,46.7611820531
1735821000.0,0.0003733596363644,0.0003733596363644,0.0003671242291086,0.0003684523618516,942.24858450052
1735821060.0,0.0003684523618516,0.0003684523618516,0.0003424048812278,0.0003424048812278,1609.71830864936
1735821120.0,0.0003424048812278,0.0003442124254372,0.0003354952407789,0.0003354952407789,434.1291076661
1735821180.0,0.0003354952407789,0.0003354952407789,0.0003236367543279,0.0003236367543279,603.0172492542
1735821240.0,0.0003236367543279,0.0003245238315374,0.0003178601218624,0.0003178601218624,475.01534890598
1735821300.0,0.0003178601218624,0.0003233303912549,0.0003126718972591,0.0003165653004129,2039.22485529272
1735821360.0,0.0003165653004129,0.0003171255978612,0.000312608009234,0.0003158723719131,621.56135622112
1735821420.0,0.0003158723719131,0.0003193642675422,0.0003152168680076,0.0003175879764434,357.42708200708
1735821480.0,0.0003175879764434,0.0003175879764434,0.0003135271257822,0.0003135271257822,163.46222882477
1735821540.0,0.0003135271257822,0.0003169223168283,0.0003114952676046,0.0003156870880892,648.04465916053
1735821600.0,0.0003156870880892,0.0003172076370091,0.00030982191063,0.00030982191063,345.73703568014
1735821660.0,0.00030982191063,0.00030982191063,0.0002845325528716,0.0002855530565122,1950.90540286805
1735821720.0,0.0002855530565122,0.0002855530565122,0.00026392809349,0.0002710323828362,4312.89470721162
1735821780.0,0.0002710323828362,0.0002769296497127,0.0002658027989777,0.0002659846864535,1884.54264687759
1735821840.0,0.0002659846864535,0.0002659846864535,0.0002566961294857,0.000257674971565,1831.57270438018
1735821900.0,0.000257674971565,0.0002692243798471,0.0002498962985285,0.0002498962985285,3812.86890066448
1735821960.0,0.0002498962985285,0.0002575510786957,0.0002498962985285,0.0002527830520953,1370.18618816723
1735822020.0,0.0002527830520953,0.0002529263132929,0.0002435591999777,0.0002491358213654,1566.28696127467
1735822080.0,0.0002491358213654,0.0002531885530882,0.000246103163953,0.0002512638160042,1636.37988730329
1735822140.0,0.0002512638160042,0.0002734798413833,0.0002442496268304,0.0002734798413833,6741.32385547491
1735822200.0,0.0002734798413833,0.0002835560136056,0.0002717697356486,0.0002827378642154,1085.39428493088
1735822260.0,0.0002827378642154,0.0002925634617013,0.0002818315966535,0.0002925634617013,602.32367669021
1735822320.0,0.0002925634617013,0.0002925634617013,0.0002680681321708,0.0002763628993396,2454.57453249155
1735822380.0,0.0002763628993396,0.0003189919636269,0.000274045849667,0.0002801555934087,5160.18283498203
1735822440.0,0.0002801555934087,0.0003031047000961,0.0002773284813121,0.0002999381408228,2997.52761158946
1735822500.0,0.0002999381408228,0.0003087151994095,0.0002999381408228,0.0003087151994095,673.05100783761
1735822560.0,0.0003087151994095,0.0004137034806367,0.0003086402076951,0.000324613925923,18989.47883437905
1735822620.0,0.000324613925923,0.0003263236114254,0.000319863014615,0.00032311011083,784.81957079287
1735822680.0,0.00032311011083,0.0003834961023379,0.0003228710094456,0.0003354131887772,6538.13539637913
1735822740.0,0.0003354131887772,0.0003364395813877,0.0003314515392917,0.0003346491563411,826.15954096729
1735822800.0,0.0003346491563411,0.0003395698788714,0.0003322299567735,0.0003395698788714,839.28600159991
1735822860.0,0.0003395698788714,0.0003416654949649,0.0003361207632281,0.0003369148396076,670.70939333031
1735822920.0,0.0003369148396076,0.0003475481452174,0.0003369148396076,0.0003453128688418,1455.35497518102
1735822980.0,0.0003453128688418,0.0003453128688418,0.0003004703323352,0.0003004703323352,2631.62830169191
1735823040.0,0.0003004703323352,0.0003004703323352,0.0002818627966385,0.0002818627966385,1098.23617244137
1735823100.0,0.0002818627966385,0.0002839221310416,0.0002701358933616,0.0002765015012525,2100.36328521863
1735823160.0,0.0002765015012525,0.0002832292587853,0.0002715906691569,0.0002715906691569,2041.68804559394
1735823220.0,0.0002715906691569,0.0002715906691569,0.0002646171702443,0.0002646171702443,798.77057768424
1735823280.0,0.0002646171702443,0.0002702247467157,0.0002637870431687,0.0002663589179539,963.25554035886
1735823340.0,0.0002663589179539,0.0002663589179539,0.0002646629832855,0.0002660202959414,90.5260214087
1735823400.0,0.0002660202959414,0.0002660202959414,0.0002541614980719,0.0002564866826477,826.99564907127
1735823460.0,0.0002564866826477,0.0002572622797471,0.0002522691295207,0.0002528410445428,939.56815631226
1735823520.0,0.0002528410445428,0.0002528410445428,0.0002485944170641,0.0002485944170641,310.81325904624
1735823580.0,0.0002485944170641,0.0002531796084795,0.0002485944170641,0.0002519072352096,704.2903934198
1735823640.0,0.0002519072352096,0.0002552929373349,0.0002518975017721,0.000252890598856,572.50767849093
1735823700.0,0.000252890598856,0.0002532236717881,0.0002499658579938,0.0002514622068776,745.0510115897
1735823760.0,0.0002514622068776,0.0002566160994532,0.0002514622068776,0.0002564362755347,533.41463803337
1735823820.0,0.0002564362755347,0.0002656781858915,0.0002551387824342,0.0002651247210526,1258.25272912728
1735823880.0,0.0002651247210526,0.0002668101213336,0.0002615220324566,0.0002615220324566,653.27485583796
1735823940.0,0.0002615220324566,0.0002615220324566,0.000259042001313,0.000259042001313,114.91244391888
1735824000.0,0.000259042001313,0.0002612651742559,0.0002583717439865,0.0002586501072113,395.88682235459
1735824060.0,0.0002586501072113,0.0002731236984652,0.0002586501072113,0.0002620078240876,2622.21443562982
1735824120.0,0.0002620078240876,0.0002727496172197,0.0002553456468747,0.0002687291343428,2850.01160247328
1735824180.0,0.0002687291343428,0.0002695511122599,0.0002637255402896,0.0002649940826572,422.18210823473
1735824240.0,0.0002649940826572,0.0002711342711496,0.0002597979169671,0.0002640965502512,1877.16445798858
1735824300.0,0.0002640965502512,0.0002651647086366,0.0002611294184707,0.0002611294184707,530.1130973212
1735824360.0,0.0002611294184707,0.0002621045691198,0.0002587735691934,0.0002601107577567,168.70686726754
1735824420.0,0.0002601107577567,0.0002629627582088,0.0002585558891205,0.0002611934295749,679.06650736704
1735824480.0,0.0002611934295749,0.0002613802974169,0.0002560613935929,0.0002583996008334,702.34101367339
1735824540.0,0.0002583996008334,0.0002583996008334,0.0002513278158356,0.0002518547058582,705.23141562218
1735824600.0,0.0002518547058582,0.0002518547058582,0.0002431309221218,0.0002431309221218,708.47854706875
1735824660.0,0.0002431309221218,0.0002512091102269,0.0002421510555555,0.0002508234161429,1595.00804170495
1735824720.0,0.0002508234161429,0.0002577477632685,0.0002477848377461,0.0002577477632685,1200.87150611609
1735824780.0,0.0002577477632685,0.0002621580661044,0.0002564381086952,0.0002621580661044,1168.93638939502
1735824840.0,0.0002621580661044,0.0002693187421013,0.0002614715920343,0.0002688708907348,810.01070571785
1735824900.0,0.0002688708907348,0.0002688708907348,0.0002568853621665,0.0002568853621665,1763.01623660546
1735824960.0,0.0002568853621665,0.0002612921587272,0.0002566909216947,0.000257517673613,1211.18555890684
1735825020.0,0.000257517673613,0.0002577908389374,0.0002490338516298,0.0002502889680642,494.16685167656
1735825080.0,0.0002502889680642,0.0002548790781279,0.0002502889680642,0.0002548790781279,454.44781419777
1735825140.0,0.0002548790781279,0.0002548790781279,0.0002517134134946,0.0002542620285047,934.38064333734
1735825200.0,0.0002542620285047,0.0002549910657667,0.0002493458028137,0.0002493458028137,561.1228896164
1735825260.0,0.0002493458028137,0.0002540878993025,0.0002492100450646,0.0002521680260189,590.74242634367
1735825320.0,0.0002521680260189,0.0002536469933095,0.0002477350271897,0.0002477350271897,625.2324440187
1735825380.0,0.0002477350271897,0.0002487839471019,0.0002449922126303,0.0002487839471019,698.63397713876
1735825440.0,0.0002487839471019,0.0002487839471019,0.000238955881717,0.0002420790523041,1372.20004980837
1735825500.0,0.0002420790523041,0.0002420790523041,0.0002381310473081,0.0002398455797602,215.11110957904
1735825560.0,0.0002398455797602,0.0002421884965238,0.0002367689084964,0.000238166370768,805.93849945714
1735825620.0,0.000238166370768,0.0002424236485125,0.0002381293710119,0.0002390107854151,601.728988869
1735825680.0,0.0002390107854151,0.0002390107854151,0.000233917638241,0.000233917638241,305.05843422808
1735825740.0,0.000233917638241,0.0002373781463198,0.0002307546158033,0.000234087678264,1470.6663770412
1735825800.0,0.000234087678264,0.0002434161242507,0.000234087678264,0.0002434161242507,1223.20948616478
1735825860.0,0.0002434161242507,0.0002532921902685,0.0002423923658696,0.0002475113356448,1356.19741706662
1735825920.0,0.0002475113356448,0.0002522201862988,0.0002457652590532,0.0002470728505109,1424.8269290242
1735825980.0,0.0002470728505109,0.0002591518028631,0.0002470728505109,0.0002539360790917,2450.83664073927
1735826040.0,0.0002539360790917,0.000254956609535,0.0002518122336156,0.0002520231398538,801.94249045398
1735826100.0,0.0002520231398538,0.0002607051631878,0.0002508406242425,0.0002607051631878,1814.25895902243
1735826160.0,0.0002607051631878,0.0002742512951447,0.0002607051631878,0.0002634284715286,2155.35778799363
1735826220.0,0.0002634284715286,0.00026689738751,0.0002610556922275,0.0002623009246428,1229.51595140272
1735826280.0,0.0002623009246428,0.0002669407379579,0.0002597803800194,0.0002669407379579,1253.44971768065
1735826340.0,0.0002669407379579,0.0002721870227624,0.000258951017071,0.000258951017071,1729.92850824337
1735826400.0,0.000258951017071,0.0002622276708487,0.0002536739997495,0.0002550810335849,1067.7984698381
1735826460.0,0.0002550810335849,0.0002628543235002,0.0002492328784801,0.0002549102483838,2783.83259817158
1735826520.0,0.0002549102483838,0.0002549102483838,0.0002425123859908,0.0002425123859908,787.50567350004
1735826580.0,0.0002425123859908,0.0002483768985305,0.0002425123859908,0.0002446320903868,1497.31704190248
1735826640.0,0.0002446320903868,0.0002451207235913,0.0002410261501192,0.0002430132699985,320.41957503071
1735826700.0,0.0002430132699985,0.0002433689646695,0.0002336690823963,0.0002336690823963,604.87628074275
1735826760.0,0.0002336690823963,0.0002336690823963,0.0002281121429757,0.0002281121429757,311.86721799065
1735826820.0,0.0002281121429757,0.0002292553125294,0.0002276027294598,0.0002292553125294,83.19731388116
1735826880.0,0.0002292553125294,0.0002332672404428,0.0002256848810333,0.0002327336083891,781.4084438696
1735826940.0,0.0002327336083891,0.0002352738763506,0.0002313268246136,0.0002344213006441,967.21199639768
1735827000.0,0.0002344213006441,0.0002380774068592,0.0002329479649211,0.0002329479649211,632.70486695684
1735827060.0,0.0002329479649211,0.0002329479649211,0.0002293282101894,0.0002293282101894,236.31430808835
1735827120.0,0.0002293282101894,0.0002293282101894,0.0002258338144847,0.0002258338144847,235.94042310782
1735827180.0,0.0002258338144847,0.0002280016875779,0.0002199162372652,0.0002199281550868,1347.47668355507
1735827240.0,0.0002199281550868,0.0002269510732786,0.0002196113551797,0.0002217132355377,1432.81969282667
1735827300.0,0.0002217132355377,0.0002217132355377,0.0002167377155485,0.0002167377155485,587.19544625431
1735827360.0,0.0002167377155485,0.0002167377155485,0.0002068007548571,0.0002078497341518,1049.72211171975
1735827420.0,0.0002078497341518,0.0002102137661389,0.0001995407154483,0.0001995407154483,1435.06192792162
1735827480.0,0.0001995407154483,0.0002026522762595,0.0001983194711593,0.0001993118411564,913.10372135916
1735827540.0,0.0001993118411564,0.0002017851644052,0.0001987953957629,0.0002013583040624,622.26147260032
1735827600.0,0.0002013583040624,0.0002024721329204,0.0001962359540576,0.0001981541079148,858.12206804324
1735827660.0,0.0001981541079148,0.0001981541079148,0.000186843497519,0.000186843497519,1227.51818084145
1735827720.0,0.000186843497519,0.0001895237882827,0.0001832715209361,0.0001847115914658,846.67992488485
1735827780.0,0.0001847115914658,0.0001892872208517,0.0001844870767507,0.0001869360583414,877.90013813223
1735827840.0,0.0001869360583414,0.0001869360583414,0.0001815846781388,0.000185023666332,1030.07907026602
1735827900.0,0.000185023666332,0.0001887228208399,0.0001826693644766,0.0001887228208399,1638.42168639118
1735827960.0,0.0001887228208399,0.0001887228208399,0.0001847160550793,0.0001849477845581,298.41716905857
1735828020.0,0.0001849477845581,0.0001884737503912,0.0001849477845581,0.0001876133161715,365.49887646296
1735828080.0,0.0001876133161715,0.0001999400225307,0.0001876133161715,0.0001989084057661,2499.16454463384
1735828140.0,0.0001989084057661,0.0002138285733435,0.0001989084057661,0.0002138285733435,1339.70289845429
1735828200.0,0.0002138285733435,0.0002152414608496,0.000206831451873,0.0002078511038688,2554.20526385276
1735828260.0,0.0002078511038688,0.0002085542662858,0.000203900438389,0.0002048974934971,545.40381521611
1735828320.0,0.0002048974934971,0.000207077331886,0.0002043270398363,0.0002043270398363,345.00895584726
1735828380.0,0.0002043270398363,0.0002064735382343,0.0002030370421137,0.0002049023109354,385.2777916332
1735828440.0,0.0002049023109354,0.0002068394862822,0.0002046540957665,0.0002046540957665,248.0568375126
1735828500.0,0.0002046540957665,0.0002078696196242,0.0002046540957665,0.0002074812270088,465.7701922261
1735828560.0,0.0002074812270088,0.0002094290373598,0.0002052617236252,0.0002052617236252,663.52216032657
1735828620.0,0.0002052617236252,0.0002052617236252,0.0002040687323506,0.0002040687323506,129.48361388679
1735828680.0,0.0002040687323506,0.0002059294074911,0.0001983447985163,0.0001983447985163,1642.77222180516
1735828740.0,0.0001983447985163,0.0002013380588831,0.0001977624476599,0.0001985283871111,1098.20187780698
1735828800.0,0.0001985283871111,0.0001985283871111,0.0001972244332003,0.0001972244332003,1.49153920788
1735828860.0,0.0001972244332003,0.000197651418335,0.0001958852853242,0.0001962173151495,346.87955174475
1735828920.0,0.0001962173151495,0.0001985207320316,0.0001927053625551,0.0001927053625551,553.50456865128
1735828980.0,0.0001927053625551,0.0001927053625551,0.000189582767848,0.000189582767848,421.16150538848
1735829040.0,0.000189582767848,0.0001928233399539,0.0001895230427254,0.0001897748992031,804.11448870142
1735829100.0,0.0001897748992031,0.0001925355334062,0.0001897748992031,0.0001905527229641,331.51406366136
1735829160.0,0.0001905527229641,0.0001909386349236,0.000184567183204,0.000184567183204,628.3878448321
1735829220.0,0.000184567183204,0.0001884880823979,0.0001827854989647,0.0001827854989647,759.81907008665
1735829280.0,0.0001827854989647,0.0001856560904013,0.0001823867776079,0.0001823867776079,508.08188218864
1735829340.0,0.0001823867776079,0.0001823867776079,0.0001772769955431,0.0001772769955431,476.31531615068
1735829400.0,0.0001772769955431,0.000182696527943,0.0001750187955228,0.0001750187955228,937.36719686507
1735829460.0,0.0001750187955228,0.0001750187955228,0.0001635103950255,0.0001635103950255,800.48235250318
1735829520.0,0.0001635103950255,0.0001650859642571,0.0001614740113018,0.0001614740113018,389.82319307848
1735829580.0,0.0001614740113018,0.0001632792957958,0.0001593018700979,0.0001601954681943,460.21907415043
1735829640.0,0.0001601954681943,0.0001601954681943,0.0001574281579541,0.0001574281579541,305.19502610907
1735829700.0,0.0001574281579541,0.0001574281579541,0.0001464498910498,0.0001476455116017,1838.24765268047
1735829760.0,0.0001476455116017,0.0001476455116017,0.0001457890184229,0.0001457890184229,460.82105124606
1735829820.0,0.0001457890184229,0.0001457890184229,0.0001407189433943,0.0001407189433943,461.70716421697
1735829880.0,0.0001407189433943,0.0001431115381921,0.0001407189433943,0.0001420002808653,309.97460486627
1735829940.0,0.0001420002808653,0.0001420002808653,0.0001390971052741,0.0001409198728273,450.82011547575
1735830000.0,0.0001409198728273,0.0001409198728273,0.0001392814819153,0.0001399378265089,336.72158320759
1735830060.0,0.0001399378265089,0.000140430882825,0.0001386666703205,0.0001386666703205,547.90243346971
1735830120.0,0.0001386666703205,0.000139879538631,0.0001370907796255,0.0001370907796255,315.96216460782
1735830180.0,0.0001370907796255,0.0001370907796255,0.0001342005618166,0.0001354416746038,501.61108769806
1735830240.0,0.0001354416746038,0.0001371904675854,0.0001346273086957,0.0001371904675854,1340.33463891729
1735830300.0,0.0001371904675854,0.0001402288529511,0.000136766227922,0.000136766227922,385.69046819762
1735830360.0,0.000136766227922,0.0001433459674018,0.0001356227624023,0.0001433459674018,1075.89405036048
1735830420.0,0.0001433459674018,0.000146971612416,0.0001423653692527,0.000146971612416,981.50242830122
1735830480.0,0.000146971612416,0.0001568798784088,0.000146971612416,0.0001538452217043,1381.33962567206
1735830540.0,0.0001538452217043,0.0001581803283197,0.0001538452217043,0.0001540113652239,1047.53593449394
1735830600.0,0.0001540113652239,0.0001584332976556,0.0001540113652239,0.0001581310679643,650.28318535726
1735830660.0,0.0001581310679643,0.0001595199469454,0.0001560326369472,0.0001595199469454,551.77788167354
1735830720.0,0.0001595199469454,0.0001615643142018,0.0001559281780915,0.0001614242153431,869.74877869376
1735830780.0,0.0001614242153431,0.0001714150560614,0.000161289030044,0.0001705283989887,1329.30939602672
1735830840.0,0.0001705283989887,0.0001809871417696,0.0001705283989887,0.0001762962507953,1336.04306446648
1735830900.0,0.0001762962507953,0.0001913540962425,0.0001759451131667,0.0001913540962425,1544.28863250264
1735830960.0,0.0001913540962425,0.0001931977037068,0.0001891819538596,0.0001921348538651,736.46511688592
1735831020.0,0.0001921348538651,0.0001948776564818,0.0001868140787144,0.0001873658616864,1503.52398603991
1735831080.0,0.0001873658616864,0.0001906584041677,0.0001863456945714,0.0001880745044153,546.11900413134
1735831140.0,0.0001880745044153,0.0001891933464251,0.0001845785515675,0.0001845785515675,631.77966611652
1735831200.0,0.0001845785515675,0.0001856334595842,0.0001802100623477,0.000181071476099,787.65347025462
1735831260.0,0.000181071476099,0.0001812348522565,0.0001775213788839,0.0001775213788839,228.58392904673
1735831320.0,0.0001775213788839,0.0001797545764649,0.0001771327106479,0.0001793189296064,420.2566789967
1735831380.0,0.0001793189296064,0.0001816344070042,0.0001793189296064,0.0001794177446567,433.52581816512
1735831440.0,0.0001794177446567,0.0001801088913504,0.0001750015705618,0.0001750015705618,459.57663881237
1735831500.0,0.0001750015705618,0.0001780891293748,0.0001745818716878,0.0001745818716878,531.56821468504
1735831560.0,0.0001745818716878,0.0001770978643079,0.0001745818716878,0.000176196934719,180.48236578439
1735831620.0,0.000176196934719,0.0001782351476459,0.0001758139201673,0.0001767403994499,318.75693927126
1735831680.0,0.0001767403994499,0.0001767403994499,0.0001673698757372,0.0001685335732318,940.68014324262
1735831740.0,0.0001685335732318,0.0001685335732318,0.0001593836884366,0.0001593836884366,761.430490134
1735831800.0,0.0001593836884366,0.0001596163609164,0.0001567013033547,0.0001576342434518,589.65662186222
1735831860.0,0.0001576342434518,0.0001576342434518,0.0001564961298593,0.0001566182084314,29.14632214814
1735831920.0,0.0001566182084314,0.0001576279421146,0.0001550815191127,0.000156202636076,521.75975550405
1735831980.0,0.000156202636076,0.0001562277174306,0.0001548594158396,0.0001548594158396,145.21808121248
1735832040.0,0.0001548594158396,0.0001567297959036,0.0001507732205471,0.0001507732205471,1203.78983841642
1735832100.0,0.0001507732205471,0.0001559074573397,0.0001462316633341,0.0001504133904623,1623.15690705645
1735832160.0,0.0001504133904623,0.0001504133904623,0.0001493818433748,0.0001493818433748,114.06113243307
1735832220.0,0.0001493818433748,0.0001523121865277,0.0001492675932082,0.00015019512945,508.3298439998
1735832280.0,0.00015019512945,0.0001509611586948,0.0001487917698551,0.0001487917698551,312.05982725607
1735832340.0,0.0001487917698551,0.0001494678268098,0.0001483853853284,0.0001487100011198,146.2066407708
1735832400.0,0.0001487100011198,0.0001487409390444,0.000147189659379,0.000147189659379,236.02761805515
1735832460.0,0.000147189659379,0.000147189659379,0.0001426634125825,0.0001435009570791,302.70741352906
1735832520.0,0.0001435009570791,0.0001515226463106,0.0001403849352173,0.0001403849352173,2495.4895937829
1735832580.0,0.0001403849352173,0.0001403849352173,0.0001339802798977,0.0001339802798977,322.86310574339
1735832640.0,0.0001339802798977,0.0001347174647714,0.0001333624521809,0.0001340845746217,227.89847077513
1735832700.0,0.0001340845746217,0.0001422874839367,0.0001340845746217,0.0001408170772516,1067.00793757944
1735832760.0,0.0001408170772516,0.0001424460392205,0.0001403654589852,0.0001422272507523,409.56356768043
1735832820.0,0.0001422272507523,0.0001429759794728,0.0001411569116562,0.0001429759794728,316.6439250817
1735832880.0,0.0001429759794728,0.0001435067506953,0.0001398989806724,0.000140846223018,397.54666263712
1735832940.0,0.000140846223018,0.000140846223018,0.000138777483137,0.0001389946945985,305.901437816
1735833000.0,0.0001389946945985,0.0001401205128248,0.0001361688501549,0.0001361688501549,370.46290139736
1735833060.0,0.0001361688501549,0.0001373252386821,0.0001359488255387,0.0001359488255387,178.85489362032
1735833120.0,0.0001359488255387,0.0001371023694032,0.000135849474492,0.0001368874573767,121.24980787257
1735833180.0,0.0001368874573767,0.0001390825158497,0.0001345972693197,0.0001348726085354,1100.68110893013
1735833240.0,0.0001348726085354,0.000140412978827,0.0001348194920231,0.0001388362246124,771.8821642213
1735833300.0,0.0001388362246124,0.0001388503537236,0.0001378523966792,0.0001388503537236,106.55570827826
1735833360.0,0.0001388503537236,0.0001404720891104,0.0001381097894155,0.0001397692407586,292.83560280509
1735833420.0,0.0001397692407586,0.0001402924431089,0.000139468604851,0.000139468604851,43.06673655248
1735833480.0,0.000139468604851,0.0001427329566473,0.0001373712653349,0.0001407056025773,989.40409290136
1735833540.0,0.0001407056025773,0.0001457384971658,0.0001407056025773,0.0001445735168228,793.8745557213
1735833600.0,0.0001445735168228,0.0001461237196819,0.0001445735168228,0.0001446442545704,235.93533570764
1735833660.0,0.0001446442545704,0.0001488997324004,0.0001438335804815,0.0001439085529092,1022.2693480237
1735833720.0,0.0001439085529092,0.0001439085529092,0.0001412159552796,0.0001412159552796,298.67555259064
1735833780.0,0.0001412159552796,0.0001424431636976,0.0001383422279258,0.0001383422279258,788.96191501286
1735833840.0,0.0001383422279258,0.0001391682946723,0.0001379320998264,0.0001386114700029,181.06369693826
1735833900.0,0.0001386114700029,0.0001398496578431,0.0001376843312424,0.0001387704464423,428.31235786426
1735833960.0,0.0001387704464423,0.0001390874883076,0.0001372741355757,0.0001384077318075,399.50814101233
1735834020.0,0.0001384077318075,0.0001384077318075,0.0001379471071935,0.0001379471071935,61.5639009425
1735834080.0,0.0001379471071935,0.0001379471071935,0.000137592554456,0.0001376509372042,0.41515108788
1735834140.0,0.0001376509372042,0.0001383390424685,0.0001294187582009,0.0001294187582009,887.89169919465
1735834200.0,0.0001294187582009,0.0001294187582009,0.0001267708296541,0.0001267708296541,269.26094488842
1735834260.0,0.0001267708296541,0.0001285648584017,0.0001264605143276,0.0001265114381531,597.39582118182
1735834320.0,0.0001265114381531,0.0001265114381531,0.0001144410341596,0.0001156530306583,1657.71822264141
1735834380.0,0.0001156530306583,0.0001161596512998,0.00011371012355,0.00011371012355,178.40453245238
1735834440.0,0.00011371012355,0.0001137247050537,0.0001136158180567,0.0001137247050537,11.61061950697
1735834500.0,0.0001137247050537,0.0001137247050537,0.000111077459053,0.0001127811371847,562.70828181109
1735834560.0,0.0001127811371847,0.0001138529958722,0.0001108453567029,0.0001127046905837,643.94865001279
1735834620.0,0.0001127046905837,0.0001127046905837,0.000111281426479,0.000111281426479,142.19916248544
1735834680.0,0.000111281426479,0.0001122194611919,0.0001086462208607,0.0001099771905357,990.03381597652
1735834740.0,0.0001099771905357,0.0001099771905357,0.0001081921413773,0.0001089869593312,250.33730849028
1735834800.0,0.0001089869593312,0.0001089869593312,0.0001074288264053,0.0001074288264053,136.59622300878
1735834860.0,0.0001074288264053,0.0001131272256387,0.0001074288264053,0.0001129287504669,823.65661742154
1735834920.0,0.0001129287504669,0.0001158521551497,0.0001126843078611,0.0001126843078611,1016.69308913399
1735834980.0,0.0001126843078611,0.0001131586071154,0.0001093570188627,0.0001131586071154,556.92257821888
1735835040.0,0.0001131586071154,0.0001142567390261,0.0001092110172651,0.0001111935226306,1573.31940375151
1735835100.0,0.0001111935226306,0.0001111935226306,0.0001077258458363,0.0001086772070717,292.86949929521
1735835160.0,0.0001086772070717,0.0001104053166613,0.0001080248852456,0.0001095914316557,767.02548069996
1735835220.0,0.0001095914316557,0.0001095914316557,0.0001069503550617,0.0001069503550617,219.04381924203
1735835280.0,0.0001069503550617,0.0001069503550617,0.0001046775116578,0.0001050378033105,390.05081846379
1735835340.0,0.0001050378033105,0.0001075962761043,0.0001048791961485,0.0001070720240088,366.17256644494
1735835400.0,0.0001070720240088,0.0001070720240088,0.0001052552206871,0.0001052552206871,213.54493261804
1735835460.0,0.0001052552206871,0.0001052552206871,0.0001032025358031,0.0001032025358031,255.8458377304
1735835520.0,0.0001032025358031,0.0001036875822943,0.0001030345596137,0.0001033130929301,39.63694330358
1735835580.0,0.0001033130929301,0.0001033130929301,0.0001020779091453,0.000102901068021,256.11088858355
1735835640.0,0.000102901068021,0.0001038387908225,0.0001015895864534,0.0001015895864534,364.41598698429
1735835700.0,0.0001015895864534,0.0001015895864534,0.000100106280177,0.000100106280177,209.9244395052
1735835760.0,0.000100106280177,0.000100106280177,9.83969773048875e-05,9.91339102344113e-05,322.09579758054
1735835820.0,9.91339102344113e-05,9.95698825341072e-05,9.85277968903035e-05,9.88853198032772e-05,210.01972173696
1735835880.0,9.88853198032772e-05,0.0001007052062069,9.87252933478172e-05,0.0001002636543597,391.17004782398
1735835940.0,0.0001002636543597,0.0001002636543597,9.88825558997612e-05,9.9662660363706e-05,211.33531444529
1735836000.0,9.9662660363706e-05,9.9662660363706e-05,9.81610375624433e-05,9.89518053205534e-05,292.83956816013
1735836060.0,9.89518053205534e-05,9.93788642828775e-05,9.80867320541376e-05,9.87610395101129e-05,396.1506732489
1735836120.0,9.87610395101129e-05,9.87610395101129e-05,9.81445199458426e-05,9.81445199458426e-05,11.51081169938
1735836180.0,9.81445199458426e-05,0.0001028156268045,9.78713352313441e-05,0.0001018474739216,1006.14958246227
1735836240.0,0.0001018474739216,0.0001024225044219,0.0001018048863101,0.0001024225044219,112.3378373005
1735836300.0,0.0001024225044219,0.0001027373534502,0.0001011462329733,0.0001019346884147,351.75378888133
1735836360.0,0.0001019346884147,0.0001019346884147,0.0001013277711898,0.0001013277711898,50.42070287653
1735836420.0,0.0001013277711898,0.0001016494620363,0.0001008155856684,0.0001013366584975,260.04422219244
1735836480.0,0.0001013366584975,0.0001017566840979,0.0001007750413977,0.0001017566840979,219.76706229018
1735836540.0,0.0001017566840979,0.0001026365842824,0.000101212439482,0.0001022562700832,233.59110342612
1735836600.0,0.0001022562700832,0.0001033659036644,0.0001014387285384,0.0001018597111536,543.97872663939
1735836660.0,0.0001018597111536,0.0001019784214087,0.0001011353312174,0.0001019784214087,125.21297486783
1735836720.0,0.0001019784214087,0.0001019784214087,0.000100210697332,0.000100210697332,145.8883392599
1735836780.0,0.000100210697332,0.000100210697332,9.97180219826832e-05,9.97180219826832e-05,34.55890467162
1735836840.0,9.97180219826832e-05,0.0001004285977026,9.87714626568802e-05,9.87714626568802e-05,454.64855685366
1735836900.0,9.87714626568802e-05,9.87714626568802e-05,9.73762977359291e-05,9.73762977359291e-05,87.92786983932
1735836960.0,9.73762977359291e-05,9.77036674762254e-05,8.81596369691448e-05,8.81596369691448e-05,1332.07538768008
1735837020.0,8.81596369691448e-05,8.81596369691448e-05,7.98305642907767e-05,7.98305642907767e-05,888.55977541444
1735837080.0,7.98305642907767e-05,8.7810924156998e-05,7.98305642907767e-05,8.73290853919683e-05,911.32547967934
1735837140.0,8.73290853919683e-05,9.27376292419938e-05,8.71781984613e-05,8.96008235485861e-05,1552.83752022631
1735837200.0,8.96008235485861e-05,8.96008235485861e-05,8.83147358253406e-05,8.83147358253406e-05,269.16730019558
1735837260.0,8.83147358253406e-05,8.83147358253406e-05,8.77982129490882e-05,8.82502036704857e-05,47.1869319908
1735837320.0,8.82502036704857e-05,8.82502036704857e-05,8.74198268508375e-05,8.74840297951903e-05,179.45626174646
1735837380.0,8.74840297951903e-05,8.74840297951903e-05,8.54848712414655e-05,8.57611700037286e-05,423.79533151434
1735837440.0,8.57611700037286e-05,8.67443801095489e-05,8.57611700037286e-05,8.67443801095489e-05,335.54866356664
1735837500.0,8.67443801095489e-05,8.67443801095489e-05,8.48168735524685e-05,8.48168735524685e-05,206.8384100166
1735837560.0,8.48168735524685e-05,8.48168735524685e-05,8.48168735524685e-05,8.48168735524685e-05,0.0
1735837620.0,8.48168735524685e-05,8.48168735524685e-05,8.40844207677123e-05,8.40844207677123e-05,161.01765200076
1735837680.0,8.40844207677123e-05,8.50479015936675e-05,8.40765802860944e-05,8.47629482069465e-05,253.03158819452
1735837740.0,8.47629482069465e-05,8.47629482069465e-05,8.40598226271486e-05,8.42434730668063e-05,63.60844576989
1735837800.0,8.42434730668063e-05,8.42434730668063e-05,8.28806258825716e-05,8.29454406915736e-05,173.17996194981
1735837860.0,8.29454406915736e-05,8.37395334482272e-05,8.04688570556912e-05,8.04688570556912e-05,660.03158831044
1735837920.0,8.04688570556912e-05,8.04688570556912e-05,7.62666722813427e-05,7.66242675308654e-05,450.09223387353
1735837980.0,7.66242675308654e-05,7.66242675308654e-05,7.52780600324712e-05,7.53345003645095e-05,333.83451947044
1735838040.0,7.53345003645095e-05,7.54803050806008e-05,7.47699063892442e-05,7.52258555735594e-05,403.8779382497
1735838100.0,7.52258555735594e-05,7.53858220413755e-05,7.391650000695e-05,7.43114199612733e-05,254.19354534926
1735838160.0,7.43114199612733e-05,7.46307354037681e-05,7.34158103826971e-05,7.34158103826971e-05,193.17690764344
1735838220.0,7.34158103826971e-05,7.34158103826971e-05,7.29876372394093e-05,7.29876372394093e-05,64.97962687797
1735838280.0,7.29876372394093e-05,7.39057777801005e-05,7.18295133438671e-05,7.18295133438671e-05,694.44992987852
1735838340.0,7.18295133438671e-05,7.21248964912799e-05,7.13115289451428e-05,7.13115289451428e-05,145.37807506786
1735838400.0,7.13115289451428e-05,7.14688008014058e-05,6.97771927614073e-05,6.97771927614073e-05,350.9711809365
1735838460.0,6.97771927614073e-05,7.0457102634045e-05,6.92047478054248e-05,6.92047478054248e-05,232.2837725392
1735838520.0,6.92047478054248e-05,6.96486198463812e-05,6.84338018605571e-05,6.84338018605571e-05,316.0531740268
1735838580.0,6.84338018605571e-05,6.85500087792916e-05,6.72370276380141e-05,6.72370276380141e-05,286.53165740121
1735838640.0,6.72370276380141e-05,6.72370276380141e-05,6.61632521719843e-05,6.61632521719843e-05,102.58097084676
1735838700.0,6.61632521719843e-05,6.72676067838917e-05,6.61632521719843e-05,6.72676067838917e-05,227.05252151447
1735838760.0,6.72676067838917e-05,6.72676067838917e-05,6.64673595386621e-05,6.64673595386621e-05,293.25747130839
1735838820.0,6.64673595386621e-05,6.73154211916899e-05,6.45323660517042e-05,6.45323660517042e-05,731.48788718005
1735838880.0,6.45323660517042e-05,6.45323660517042e-05,5.69733878419728e-05,5.72589951014712e-05,1011.81708066504
1735838940.0,5.72589951014712e-05,5.72589951014712e-05,5.0843442081306e-05,5.0843442081306e-05,1036.15163222535
1735839000.0,5.0843442081306e-05,5.0843442081306e-05,4.84064288750912e-05,4.84064288750912e-05,116.51599849106
1735839060.0,4.84064288750912e-05,5.00532723266905e-05,4.79801541499349e-05,4.79801541499349e-05,783.14493045345
1735839120.0,4.79801541499349e-05,4.79801541499349e-05,4.47669053426072e-05,4.49725591286646e-05,532.01065201157
1735839180.0,4.49725591286646e-05,4.50199627932062e-05,4.30763928550398e-05,4.40469279552038e-05,1198.11476349315
1735839240.0,4.40469279552038e-05,4.57876213185008e-05,4.36205977847152e-05,4.57876213185008e-05,472.07534641509
1735839300.0,4.57876213185008e-05,4.57876213185008e-05,1.36111226455422e-05,1.43559181273027e-05,14143.4051789032
1735839360.0,1.43559181273027e-05,1.73439101019157e-05,1.43559181273027e-05,1.73439101019157e-05,693.42637338571
1735839420.0,1.73439101019157e-05,1.91975715078703e-05,1.73439101019157e-05,1.89815319053036e-05,564.42971307672
1735839480.0,1.89815319053036e-05,1.92484852149824e-05,1.86218202098067e-05,1.91860711044411e-05,838.26446707562
1735839540.0,1.91860711044411e-05,2.61134090244566e-05,1.91591947281049e-05,2.57154261222578e-05,1862.54648046709
1735839600.0,2.57154261222578e-05,2.65390956434837e-05,2.57154261222578e-05,2.645249574076e-05,145.23765312699
1735839660.0,2.645249574076e-05,2.645249574076e-05,2.2733815038708e-05,2.29965858599559e-05,885.19152794932
1735839720.0,2.29965858599559e-05,2.29965858599559e-05,2.22280192175901e-05,2.22280192175901e-05,190.11556106332
1735839780.0,2.22280192175901e-05,2.22280192175901e-05,2.16767569024428e-05,2.16767569024428e-05,80.40327590778
1735839840.0,2.16767569024428e-05,2.20868290456942e-05,2.15689738562027e-05,2.18010120573007e-05,182.90782162212
1735839900.0,2.18010120573007e-05,2.36304994741714e-05,2.18010120573007e-05,2.33921979817793e-05,419.89300502994
1735839960.0,2.33921979817793e-05,2.34961578118792e-05,2.32376497199256e-05,2.32376497199256e-05,97.35652163925
1735840020.0,2.32376497199256e-05,2.32376497199256e-05,2.28119673350317e-05,2.28119673350317e-05,56.54461832636
1735840080.0,2.28119673350317e-05,2.32164880361042e-05,2.28119673350317e-05,2.32164880361042e-05,80.73262597136
1735840140.0,2.32164880361042e-05,2.32627390155013e-05,2.30794792867138e-05,2.32627390155013e-05,29.93410503138
1735840200.0,2.32627390155013e-05,2.32627390155013e-05,2.26058483839903e-05,2.28024429076059e-05,149.20593426634
1735840260.0,2.28024429076059e-05,2.28278753970894e-05,2.26649863927363e-05,2.28278753970894e-05,75.06945277702
1735840320.0,2.28278753970894e-05,2.29666532791958e-05,2.27443339539937e-05,2.29666532791958e-05,185.58073637158
1735840380.0,2.29666532791958e-05,2.29666532791958e-05,7.05104748877865e-06,1.25467544753481e-05,12607.37272291027
1735840440.0,1.25467544753481e-05,1.25467544753481e-05,6.92436234822724e-06,6.94562031462911e-06,24.59448413196
1735840500.0,6.94562031462911e-06,6.94562031462911e-06,6.80425954622362e-06,6.80425954622362e-06,76.63530521676
1735840560.0,6.80425954622362e-06,7.59322085152852e-06,6.80425954622362e-06,7.59322085152852e-06,301.5757143625
1735840620.0,7.59322085152852e-06,7.67758471434446e-06,7.50207727565652e-06,7.50207727565652e-06,151.20080305708
1735840680.0,7.50207727565652e-06,8.02290234265035e-06,7.50207727565652e-06,8.02290234265035e-06,227.47753605649
1735840740.0,8.02290234265035e-06,8.06910930266111e-06,8.01356087565085e-06,8.06910930266111e-06,17.02630143625
1735840800.0,8.06910930266111e-06,8.06910930266111e-06,8.06910930266111e-06,8.06910930266111e-06,0.0
1735840860.0,8.06910930266111e-06,8.06910930266111e-06,7.14115688840023e-06,7.14115688840023e-06,595.74556538257
1735840920.0,7.14115688840023e-06,7.14115688840023e-06,6.27949429330991e-06,6.27949429330991e-06,71.26868403569
1735840980.0,6.27949429330991e-06,6.8472144741738e-06,6.27949429330991e-06,6.8472144741738e-06,244.5879803419
1735841040.0,6.8472144741738e-06,7.23207101735356e-06,6.78728105229474e-06,7.23207101735356e-06,280.04543635842
1735841100.0,7.23207101735356e-06,7.60863984004968e-06,7.23207101735356e-06,7.60863984004968e-06,268.56899433072
1735841160.0,7.60863984004968e-06,7.93228561944576e-06,7.60863984004968e-06,7.93228561944576e-06,20.72942657
1735841220.0,7.93228561944576e-06,9.53688382803616e-06,7.92079638454538e-06,9.53688382803616e-06,1005.20833350765
1735841280.0,9.53688382803616e-06,1.07540263093055e-05,9.53688382803616e-06,1.04917541080108e-05,158.31569769418
1735841340.0,1.04917541080108e-05,1.06441999253926e-05,1.04818955028587e-05,1.06240767480229e-05,319.94424565848
1735841400.0,1.06240767480229e-05,1.06240767480229e-05,1.03535652695943e-05,1.03535652695943e-05,27.5036846735
1735841460.0,1.03535652695943e-05,1.03535652695943e-05,6.95246869968922e-06,7.25519541363175e-06,1341.09606991972
1735841520.0,7.25519541363175e-06,7.61432281886253e-06,7.25519541363175e-06,7.47361504287658e-06,103.68188028714
1735841580.0,7.47361504287658e-06,7.47361504287658e-06,7.46397782168518e-06,7.46397782168518e-06,0.81356551528
1735841640.0,7.46397782168518e-06,7.50733204654768e-06,7.46397782168518e-06,7.50733204654768e-06,10.2815
1735841700.0,7.50733204654768e-06,7.50733204654768e-06,7.50733204654768e-06,7.50733204654768e-06,0.0
1735841760.0,7.50733204654768e-06,7.84970126577563e-06,7.50733204654768e-06,7.79129907802655e-06,134.07802305579
