time,open,high,low,close,volume,usd_vol,price_change,vol_change,norm_open,mov_in_min
1737348300.0,0.0001051254573445,0.0002860568239226,9.36914064399203e-05,0.00012570208537,39166.57706469275,4.52036237019056,0.19573401671937193,0.0,1.0,1.8298652138300915
1737348360.0,0.00012570208537,0.000128042443895,5.99413899227291e-05,7.65933448305653e-05,17528.13959389868,1.7729312698816475,-0.3906756231997641,-0.6077900122403443,1.195734016719372,0.5417655066884345
1737348420.0,7.65933448305653e-05,8.66266724444818e-05,7.53838715097983e-05,7.57049352436256e-05,3928.19746497005,0.2991288588533677,-0.01159904413242393,-0.8312800592245542,0.7285898845563742,0.1467856111983892
1737348480.0,7.57049352436256e-05,8.47827949893006e-05,7.31329651781345e-05,8.25828289811191e-05,3113.41036708046,0.24640738305965387,0.09085132581330121,-0.17625004820934975,0.7201389383309671,0.1538846810142015
1737348540.0,8.25828289811191e-05,8.3075593368728e-05,7.632762399851e-05,7.632762399851e-05,1371.19890919082,0.10894891989234325,-0.07574461979304721,-0.5578504242059691,0.7855645156481187,0.08171153075611867
1737348600.0,7.632762399851e-05,7.632762399851e-05,7.07895128706918e-05,7.07895128706918e-05,998.84108698484,0.0734733204522655,-0.07255710105592056,-0.3256168071710357,0.7260622300874426,0.07255710105592056
1737348660.0,7.07895128706918e-05,7.07895128706918e-05,6.08272203249277e-05,6.11000253415865e-05,1258.42735071291,0.08298670107961324,-0.13687744322813286,0.12948074986659197,0.673381259486101,0.1407311922595342
1737348720.0,6.11000253415865e-05,6.11000253415865e-05,5.85476320375778e-05,5.95022075258047e-05,440.9866924903,0.0265919898895679,-0.02615085356919287,-0.6795632367160024,0.5812105543699037,0.041774013836152514
1737348780.0,5.95022075258047e-05,7.40684841160192e-05,5.91712782553154e-05,7.26910970795759e-05,2113.29832469232,0.13968194457904617,0.22165378566923746,4.252782704834125,0.5660114022697068,0.25036391892255816
1737348840.0,7.26910970795759e-05,8.19689356363029e-05,7.19100918777457e-05,7.87103715471387e-05,9681.20747900196,0.7328745152004149,0.08280621299432885,4.246737632476761,0.6914699723147409,0.13837793296124914
1737348900.0,7.87103715471387e-05,8.56490889398123e-05,6.6495572287609e-05,7.07488394239575e-05,9613.97665038616,0.7184486822306289,-0.10114972101755526,-0.019683905867351807,0.7487279821214181,0.24334171311505598
1737348960.0,7.07488394239575e-05,8.2523234943698e-05,7.07488394239575e-05,8.12213717104066e-05,8688.39910728354,0.66018892337675,0.1480240859315468,-0.0810910511701335,0.6729943556117995,0.16642528153971894
1737349020.0,8.12213717104066e-05,0.0001043783884097,7.24859300591222e-05,8.05189793262422e-05,14500.1692496752,1.1726312322666437,-0.0086478764070713,0.7762055538115388,0.7726137299383266,0.3926609176743507
1737349080.0,8.05189793262422e-05,9.30998892737655e-05,8.05189793262422e-05,8.89853456936161e-05,9761.53825561012,0.8273114765863592,0.10514746260096461,-0.2944828230549487,0.7659322618914135,0.15624775739578975
1737349140.0,8.89853456936161e-05,9.37163514290124e-05,8.36542156608324e-05,9.37163514290124e-05,10139.87239381346,0.9262859474783045,0.05316612188804157,0.11963386667900751,0.8464680957535132,0.11307632385701771
1737349200.0,9.37163514290124e-05,9.43572641774113e-05,8.15026377859432e-05,8.19459838377053e-05,7828.85640457703,0.6876175992479001,-0.1255956661973,-0.2576616312491284,0.8914715217066829,0.1371652459304834
1737349260.0,8.19459838377053e-05,9.7572119240119e-05,8.19459838377053e-05,9.53273645004263e-05,9549.47961324449,0.8464341129632883,0.16329513706520307,0.23096633054345603,0.7795065620420113,0.19068823962576853
1737349320.0,9.53273645004263e-05,0.0001148648687997,9.53273645004263e-05,0.0001089281433549,11649.172415563,1.1897038139175393,0.14267444532585255,0.4055480464421445,0.9067961929338867,0.20495168833904273
1737349380.0,0.0001089281433549,0.0001128017377263,0.0001028696371859,0.0001046116985451,10978.11829960912,1.172132823029014,-0.039626534308370084,-0.014769214558257436,1.0361728367843237,0.0911802977127786
1737349440.0,0.0001046116985451,0.0001129909554805,0.0001037664120527,0.0001058787856772,9633.71543531214,1.013902713419349,0.012112289062525188,-0.13499332712206483,0.9951128983180886,0.08817888970441622
1737349500.0,0.0001058787856772,0.0001092940648657,0.0001047746394065,0.0001050234074728,7729.59331877607,0.8150940915437301,-0.008078844113379332,-0.19608254248096865,1.0071659933923645,0.04268490075980543
1737349560.0,0.0001050234074728,0.0001097343398297,0.0001048745186115,0.0001059985065287,8236.07700679722,0.8689963669190474,0.009284587877731437,0.06613012649034193,0.9990292563354508,0.04627369588497348
1737349620.0,0.0001059985065287,0.0001280382984245,0.0001042454603267,0.0001279460254043,5449.39797024764,0.6374284287331122,0.20705498213465423,-0.2664774526123044,1.008304831258322,0.22446389932256156
1737349680.0,0.0001279460254043,0.0001740778102935,0.0001279460254043,0.0001501688270787,8716.82413585392,1.2121391293316333,0.17368887860468946,0.9016082036704222,1.2170793700807994,0.3605566077056863
1737349740.0,0.0001501688270787,0.0001591389069776,0.0001316296113253,0.0001352234301992,6243.74114896777,0.8909576901814105,-0.09952396359643567,-0.26497077058086593,1.4284725210430353,0.1831891224527113
1737349800.0,0.0001352234301992,0.0001435488048285,0.0001301044841466,0.0001427905424995,8731.10847922501,1.213685077186325,0.05596006763881632,0.3622252667679462,1.2863052738602396,0.0994230116932763
1737349860.0,0.0001427905424995,0.0001458248205901,0.0001365612678212,0.0001377584793075,7414.10235275702,1.0400095813214796,-0.03524087172662448,-0.14309766110618724,1.3582870039896247,0.06487511432301232
1737349920.0,0.0001377584793075,0.0001426397792682,0.0001357623204818,0.0001383544311933,6369.95034016789,0.8794127640846585,0.004326063185335588,-0.1544185939448366,1.3104197859140851,0.04992403241508181
1737349980.0,0.0001383544311933,0.0001488901776859,0.0001383544311933,0.0001438699641464,4604.43202210025,0.6497415216599975,0.039865242519005896,-0.2611643267012567,1.3160887447072636,0.07615040878510165
1737350040.0,0.0001438699641464,0.0001488755565389,0.0001431875237883,0.0001465468034378,5603.41329246762,0.8136625879183929,0.018605963428725603,0.25228657980730584,1.3685549416915526,0.0395359294370293
1737350100.0,0.0001465468034378,0.0001481069711748,0.0001322960847181,0.0001322960847181,6129.39177164536,0.8545686521223005,-0.09724346342189942,0.05027398925709283,1.3940182248868673,0.10788967132545302
1737350160.0,0.0001322960847181,0.0001590192690205,0.0001311602291945,0.0001587483303127,6253.69187772516,0.9100510471676923,0.19994730494832963,0.06492444452251155,1.2584590646256202,0.21058098495781477
1737350220.0,0.0001587483303127,0.0001587483303127,0.0001343117014208,0.000135444104349,5693.31827384973,0.8374655821438997,-0.14679981778577253,-0.07975977309151702,1.5100845629853086,0.1539331396038315
1737350280.0,0.000135444104349,0.000135444104349,9.3154044906865e-05,9.7831697062931e-05,11196.68117801832,1.3059573874780537,-0.2776968954599367,0.5594161901374166,1.2884044242979573,0.31223256003203975
1737350340.0,9.7831697062931e-05,9.99212975871493e-05,9.48234523486817e-05,9.67252724093554e-05,4503.7733101286,0.43812024320439413,-0.011309470108280742,-0.664521792667024,0.9306185155735676,0.052108318587056335
1737350400.0,9.67252724093554e-05,9.67252724093554e-05,8.48325132167755e-05,8.55686710420722e-05,4096.74476226876,0.3734058790139767,-0.11534318890379386,-0.1477091396578691,0.9200937132894758,0.1229540005041083
1737350460.0,8.55686710420722e-05,8.62718036458751e-05,4.39632133867583e-05,4.4049035364e-05,6479.53938124508,0.4199315165824038,-0.4852200597769939,0.12459803174841182,0.8139671703083347,0.49444019340109424
1737350520.0,4.4049035364e-05,6.2227557568348e-05,4.31622776517724e-05,6.0776281632104e-05,3794.28609502652,0.19886862134253225,0.3797414887721852,-0.5264260635614666,0.41901397127481393,0.43281946492197426
1737350580.0,6.0776281632104e-05,6.0776281632104e-05,5.04737130147521e-05,5.89984426930707e-05,2889.20312203851,0.17302675373079832,-0.029252183438846464,-0.12994441977461985,0.5781309605430575,0.16951627083269516
1737350640.0,5.89984426930707e-05,6.00291269160085e-05,5.85055838643329e-05,6.00291269160085e-05,248.81922529147,0.014808173829228803,0.01746968523050282,-0.9144168545618793,0.5612193676335754,0.025823445198402482
1737350700.0,6.00291269160085e-05,6.64924385268085e-05,5.508937218871e-05,5.94060991105801e-05,7844.61789888739,0.46846185592291895,-0.010378758403401878,30.635356346118478,0.5710236933313958,0.18995889035756633
1737350760.0,5.94060991105801e-05,7.38818708481104e-05,5.92766895243016e-05,7.38818708481104e-05,4070.18041690414,0.27125304256738475,0.24367484070254655,-0.4209709090764971,0.565097176375691,0.2458532295921724
1737350820.0,7.38818708481104e-05,7.89237416005636e-05,6.67078293750717e-05,6.67078293750717e-05,1822.44963704598,0.12810882407207067,-0.09710151341169221,-0.5277147018904098,0.7027971408104964,0.16534383990635415
1737350880.0,6.67078293750717e-05,7.12196293001982e-05,6.51859343933447e-05,6.92000869432121e-05,4955.41730060392,0.33674021990632663,0.03736079544917322,1.6285482077088258,0.634554474816387,0.09044957635974664
1737350940.0,6.92000869432121e-05,7.40062099290659e-05,6.89965224405343e-05,7.36769205570617e-05,5320.97076035222,0.3801221896177909,0.06469404608585876,0.12882918982333652,0.6582619347513596,0.07239423691248693
1737351000.0,7.36769205570617e-05,8.41732380755671e-05,7.36769205570617e-05,8.29311739753287e-05,3662.68364486736,0.2868029532488139,0.12560586610157956,-0.24549799753286847,0.7008475626947306,0.14246411819527877
1737351060.0,8.29311739753287e-05,8.42875341686366e-05,8.16184064343881e-05,8.22488049417501e-05,693.54655432674,0.057280002610851775,-0.008228136668867143,-0.800280987479376,0.7888781278121834,0.032184854094101434
1737351120.0,8.22488049417501e-05,0.0001002381614605,8.18516090112625e-05,9.91294969005547e-05,4551.67931872213,0.41278793268027936,0.20523935844125363,6.206492909657727,0.7823871307614646,0.2235479586877785
1737351180.0,9.91294969005547e-05,0.0001193137051747,9.91294969005547e-05,0.0001183578778817,2363.01608620943,0.2569630825789635,0.19397234508750646,-0.3774937147254457,0.9429637635316408,0.20361455374270504
1737351240.0,0.0001183578778817,0.0001183578778817,0.0001065687779962,0.0001065687779962,1355.51358587631,0.15244556893410952,-0.0996055361628174,-0.4067413598711646,1.125872656076414,0.0996055361628174
1737351300.0,0.0001065687779962,0.0001239903508335,0.0001055992043342,0.000122616971708,5285.23592562836,0.6056503789893536,0.15059001345002054,2.9728959209770776,1.0137295065168677,0.17257537193450603
1737351360.0,0.000122616971708,0.0001315901404221,0.000121062695042,0.0001302143639914,4964.29399560132,0.6275645408561966,0.061960364683385095,0.03618285834050183,1.1663870465379254,0.08585634788934485
1737351420.0,0.0001302143639914,0.0001409323786135,0.0001294431843439,0.0001409323786135,1973.75709370279,0.2675889033254129,0.08231054004770065,-0.5736073568459796,1.2386568133033917,0.0882329254425326
1737351480.0,0.0001409323786135,0.0001585214009053,0.0001409323786135,0.0001585214009053,912.55305325176,0.13663373040383014,0.12480469332059593,-0.4893894002858898,1.3406113245401576,0.12480469332059593
1737351540.0,0.0001585214009053,0.0001585214009053,0.0001490323444785,0.0001495521626726,2944.89453570171,0.45362207698735557,-0.05658061423553887,2.319986036000372,1.50792590976151,0.059859781534915266
1737351600.0,0.0001495521626726,0.0001657915123457,0.0001490745273133,0.0001657915123457,4965.23596176634,0.7828778777582104,0.1085865251487618,0.7258372497157641,1.42260653556552,0.11178029614320503
1737351660.0,0.0001657915123457,0.0001817701773542,0.0001635349356748,0.0001817701773542,8449.21762867732,1.4683121778326356,0.09637806412660076,0.8755315733753811,1.5770824359164983,0.10998899413726809
1737351720.0,0.0001817701773542,0.0002054159051383,0.0001817701773542,0.0001998053097223,9076.95245393377,1.7317712768900053,0.09921942438861399,0.17942989442903057,1.7290785880581943,0.13008584867045375
1737351780.0,0.0001998053097223,0.000224040364947,0.0001990850319335,0.0002130680008763,12872.17020532626,2.657287763630857,0.06637807159596101,0.5344334434296294,1.9006367702880058,0.12489824743989159
1737351840.0,0.0002130680008763,0.0002138678211051,0.0001620806205434,0.0001701300564146,13771.01440136023,2.638512982763123,-0.20152225714375718,-0.007065392436866028,2.026797373904099,0.2430548010433809
1737351900.0,0.0001701300564146,0.0001804055391065,0.0001152084689357,0.0001153312297333,12799.77640086683,1.8269203168984915,-0.32209962093798106,-0.3075947214080824,1.6183525923419055,0.38321900047994695
1737351960.0,0.0001153312297333,0.0001512599648746,0.000114858535442,0.0001185064541055,12191.43229990003,1.4254081458430787,0.02753134931052597,-0.21977541512978963,1.0970818358045786,0.3156250871232121
1737352020.0,0.0001185064541055,0.0001392325240508,0.0001182373933485,0.000136370369362,7841.20927870604,0.9992712565502412,0.15074212954339775,-0.2989578041458382,1.1272859790483476,0.17716444948736002
1737352080.0,0.000136370369362,0.0001551932157656,0.000136370369362,0.0001551932157656,8457.49271362801,1.2329484483879685,0.1380273918129098,0.23384760674938768,1.2972154681345096,0.1380273918129098
1737352140.0,0.0001551932157656,0.0001551932157656,0.0001336522810254,0.0001524199999278,11323.8911326216,1.741689282733854,-0.017869439872865257,0.41262133466410866,1.4762667358204786,0.13880074998081676
1737352200.0,0.0001524199999278,0.0001524199999278,0.0001147755431334,0.0001159586713348,8180.92024224772,1.0977922521598753,-0.23921616986137917,-0.3696968437236299,1.4498866761484237,0.24697845959999898
1737352260.0,0.0001159586713348,0.0001371524939737,0.0001159586713348,0.0001361366239318,7932.11152803595,0.9998239988739123,0.17400986372758184,-0.08924115932974865,1.103050338747152,0.1827704853370426
1737352320.0,0.0001361366239318,0.0001445835073245,0.0001361366239318,0.0001412107165821,9139.54137376378,1.2674137467650701,0.037272061725593914,0.26763685227854145,1.2949919778772068,0.06204710495047696
1737352380.0,0.0001412107165821,0.0001412107165821,0.0001159227153448,0.0001186529933021,12554.55391650729,1.6312364783423987,-0.15974512293395904,0.2870591647802029,1.343258998810795,0.1790799016489485
1737352440.0,0.0001186529933021,0.0001333463856864,0.0001156861602068,0.00013319202445,5601.88449349922,0.7054033498552623,0.12253404438674764,-0.5675652431632312,1.128679924913618,0.14883927483089834
1737352500.0,0.00013319202445,0.0001356371315545,0.0001305325267982,0.0001312877480771,7599.81098529643,1.0049981403200776,-0.014297225233744014,0.4247141589649205,1.266981640931414,0.038325153306880265
1737352560.0,0.0001312877480771,0.0001418981587154,0.0001312877480771,0.0001406784696694,6456.78512534416,0.8780137146708561,0.07152778328397572,-0.1263528961444434,1.248867319043999,0.08081798030436887
1737352620.0,0.0001406784696694,0.0001415862248619,0.0001194656904715,0.0001243899079373,9922.39610193893,1.3150567183559982,-0.11578574724603398,0.49776329957326226,1.3381960299910178,0.15724179003641528
1737352680.0,0.0001243899079373,0.0001243899079373,6.57117188125611e-05,6.57117188125611e-05,10449.11394047931,0.9931967790898841,-0.4717278925418631,-0.24474985357930668,1.1832520026968318,0.4717278925418631
1737352740.0,6.57117188125611e-05,9.60644405175735e-05,6.15044080065029e-05,8.18693649086245e-05,8544.10411997482,0.6304740727262654,0.245886827921092,-0.365207292250786,0.6250790291187165,0.5259340820113244
1737352800.0,8.18693649086245e-05,8.59658370046729e-05,6.3354036384835e-05,6.69530070477249e-05,10815.1791181749,0.804770304749784,-0.18219706330381263,0.27645265612562814,0.7787777287887135,0.27619367323876565
1737352860.0,6.69530070477249e-05,6.72443513554739e-05,6.20672082297782e-05,6.20672082297782e-05,5904.92867240964,0.3809275842562962,-0.07297355314398424,-0.5266629720206529,0.6368867136369969,0.07732502771690848
1737352920.0,6.20672082297782e-05,6.71181794984703e-05,6.17898579663109e-05,6.59553864912813e-05,6323.27601892317,0.4047611015399978,0.0626446455769159,0.06256705544239582,0.59041082719271,0.08584761074533102
1737352980.0,6.59553864912813e-05,6.79679118782359e-05,6.08581591612019e-05,6.08581591612019e-05,6689.68799493943,0.4241715269735601,-0.07728295748449909,0.04795526388210553,0.627396904206971,0.10779639230791035
1737353040.0,6.08581591612019e-05,8.46979515330131e-05,6.08581591612019e-05,8.43937082598562e-05,3148.48950379037,0.2286619899905759,0.38672791656929734,-0.4609209354006708,0.5789098159332374,0.3917271356937374
1737353100.0,8.43937082598562e-05,8.70494240401188e-05,8.43937082598562e-05,8.70494240401188e-05,579.04182843048,0.049636372399413105,0.0314681726282888,-0.7829268764718665,0.8027904029306137,0.0314681726282888
1737353160.0,8.70494240401188e-05,9.28069689285296e-05,8.53925432293605e-05,8.88391179325433e-05,5304.82034470888,0.46652855792887976,0.02055951446157384,8.39892533190834,0.8280527499143677,0.08517489668572639
1737353220.0,8.88391179325433e-05,8.88391179325433e-05,6.61620113750131e-05,6.61620113750131e-05,6017.4087254831,0.4663525739775121,-0.25526037499324594,-0.00037722010448601516,0.8450771124011782,0.25526037499324594
1737353280.0,6.61620113750131e-05,8.66497931048967e-05,6.26848025921506e-05,8.66497931048967e-05,6258.82664224255,0.4782112965640095,0.3096608054092665,0.02542866330800874,0.629362411791444,0.362216776888932
1737353340.0,8.66497931048967e-05,9.89585050553855e-05,8.66497931048967e-05,9.45236130068346e-05,1724.42143974564,0.15620965290540662,0.09086945992364912,-0.6733459580988848,0.824251283121101,0.14205125608999544
1737353400.0,9.45236130068346e-05,0.0001069092903185,9.45236130068346e-05,0.0001067417806095,1374.69314651832,0.13833907861784359,0.12926048014882754,-0.11440121628325126,0.8991505520596903,0.13103262685028597
1737353460.0,0.0001067417806095,0.0001091759715906,0.000106318686715,0.0001085038780234,371.01163897887,0.03992932229623929,0.016508038406689025,-0.7113662842403156,1.0153751841450092,0.02676819572696638
1737353520.0,0.0001085038780234,0.0001238307157561,0.0001085038780234,0.0001223583678171,3331.810882462,0.38459467152049776,0.12768658637907981,8.631885777252984,1.032137036682074,0.1412561284620131
1737353580.0,0.0001223583678171,0.0001291213963198,0.0001223583678171,0.0001249068438327,1334.95446460145,0.16504389911626147,0.02082796674281748,-0.5708627515202973,1.163927091571427,0.055272300729029854
1737353640.0,0.0001249068438327,0.0001395930728524,0.0001249068438327,0.0001391014524952,6446.8883836388,0.8510160093903042,0.11364156059785045,4.156300923252092,1.188169326325741,0.11757745667940121
1737353700.0,0.0001391014524952,0.0001850720813147,0.0001391014524952,0.0001850720813147,13382.77930417183,2.1691714296156883,0.3304827375622573,1.548919650959039,1.3231947428238948,0.3304827375622573
1737353760.0,0.0001850720813147,0.0002024907862664,0.0001720766083402,0.0001758760188633,15795.59418075666,2.850694855363394,-0.049689085388102655,0.314186060374422,1.7604877637603227,0.16433693137369085
1737353820.0,0.0001758760188633,0.0002072001908458,0.0001734796988228,0.0001967879078399,9955.68428399994,1.855062199146377,0.1189013096370677,-0.3492596390468801,1.673010736942126,0.19172876575748113
1737353880.0,0.0001967879078399,0.0002487699850331,0.0001967879078399,0.0002238884085754,13710.8662636904,2.883918357336042,0.13771425812173407,0.554620841642454,1.8719339046014205,0.26415280168276833
1737353940.0,0.0002238884085754,0.0002248462540696,0.0002142386765298,0.0002149970297422,9079.76893248278,1.992489183877616,-0.039713439788043335,-0.3091034706966756,2.129725893526526,0.04737885988513614
1737354000.0,0.0002149970297422,0.0002297735811787,0.0002099953836957,0.0002268265794443,10670.21143469496,2.3571756634299947,0.055021921541356475,0.18303059434563976,2.0451471524889238,0.09199288709576951
1737354060.0,0.0002268265794443,0.0002441253293477,0.0001755501597782,0.000186880931492,38669.8543734859,7.9990046005620234,-0.1761065570453094,2.3934698735699826,2.157675078653698,0.30232422380790464
1737354120.0,0.000186880931492,0.0001875630605008,0.0001623641342248,0.0001688179615432,8570.30896147877,1.5242247052838263,-0.09665496530111867,-0.8094482024454979,1.777694349329528,0.13483947278526232
1737354180.0,0.0001688179615432,0.0001752848494424,0.00015937206572,0.00015937206572,9457.96494425125,1.5520048864541034,-0.055953144658619926,0.018225778045701066,1.6058713636790878,0.09426001580008396
1737354240.0,0.00015937206572,0.00015937206572,0.0001163427305242,0.0001163427305242,10441.17237677316,1.4393928572062906,-0.2699929564281235,-0.07255906874436441,1.5160178109640166,0.2699929564281235
1737354300.0,0.0001163427305242,0.0001467193488477,0.0001142246210052,0.0001143734964413,25481.13328510388,2.9394554651720917,-0.01692614634388687,1.0421495427435037,1.1067036801841497,0.2793017466247356
1737354360.0,0.0001143734964413,0.0001146459168703,0.0001105101890955,0.0001130513893946,3955.60773423816,0.44980181868535835,-0.011559557833213047,-0.8469778419796454,1.0879714517340346,0.03615984387539108
1737354420.0,0.0001130513893946,0.0001146308932408,0.0001080381068437,0.0001114650013405,8445.15423939047,0.9480377745145884,-0.014032450751779843,1.1076788379500793,1.0753949828168303,0.05831672155826611
1737354480.0,0.0001114650013405,0.0001154431904924,9.62412769032388e-05,9.98706989407689e-05,7676.46529662643,0.8111555845737026,-0.1040174248445318,-0.14438474248662905,1.0603045556817419,0.1722685449085831
1737354540.0,9.98706989407689e-05,0.0001005795531249,8.09781310270154e-05,8.13497277812472e-05,7375.56443034258,0.6683014666912029,-0.18544949976274905,-0.17611185893218712,0.9500144062488016,0.19626799757864677
1737354600.0,8.13497277812472e-05,8.80054382672445e-05,7.93139682595376e-05,8.7172475612485e-05,7394.90057859658,0.6231024696913404,0.07157673405982881,-0.06763264672101532,0.7738347098425563,0.10684080014476043
1737354660.0,8.7172475612485e-05,9.5468985008092e-05,8.7172475612485e-05,9.5468985008092e-05,7788.03139582976,0.7112087147466292,0.09517349756691745,0.14139928718134112,0.8292232710752218,0.09517349756691745
1737354720.0,9.5468985008092e-05,0.0001019899550716,9.33400320974678e-05,9.88389372224078e-05,9811.91871409152,0.9532667692148404,0.03529892157154656,0.3403474246718776,0.9081433500473307,0.09060453479629041
1737354780.0,9.88389372224078e-05,9.88389372224078e-05,7.7643509138963e-05,7.90741398854012e-05,4888.68902104046,0.4348808533782353,-0.19996974767678616,-0.5437994196142748,0.940199830936373,0.21444411159289128
1737354840.0,7.90741398854012e-05,9.17664857581527e-05,7.90741398854012e-05,8.95298830419222e-05,8193.04545409626,0.6906902117935243,0.1322270867779791,0.5882286065898611,0.7521883079782695,0.16051196878203128
1737354900.0,8.95298830419222e-05,9.57335948672555e-05,8.95298830419222e-05,9.52620567030275e-05,7216.23676129182,0.6667511943889645,0.0640252557732172,-0.03465955792597245,0.8516479766506934,0.0692920800804399
1737354960.0,9.52620567030275e-05,9.76680685455604e-05,9.16446131168676e-05,9.44519148600446e-05,8962.53568848388,0.8501591203690247,-0.008504349696211798,0.27507701152023,0.906174956184497,0.06323037353130513
1737355020.0,9.44519148600446e-05,9.90152501106362e-05,9.44519148600446e-05,9.67188787353622e-05,6933.73087977243,0.6627634174315368,0.02400124845194207,-0.22042426934871434,0.8984685274711546,0.04831384580559732
1737355080.0,9.67188787353622e-05,9.88698859010251e-05,8.10196113835815e-05,8.18968126655172e-05,4623.25670804549,0.4128930967156494,-0.15324894440102502,-0.37701284371462596,0.9200328938252403,0.18455832771060862
1737355140.0,8.18968126655172e-05,8.34256112859716e-05,8.02666744839402e-05,8.15354007847659e-05,6522.06853694358,0.5329580486335693,-0.0044130152198642554,0.29078943889586534,0.7790388240323018,0.03857215805129224
1737355200.0,8.15354007847659e-05,8.15354007847659e-05,7.02051819344853e-05,7.35288441575793e-05,6494.34269915966,0.5035201735210124,-0.0981973050984566,-0.055234882347741154,0.7756009138449822,0.13896073044627194
1737355260.0,7.35288441575793e-05,8.15994929714122e-05,7.35288441575793e-05,8.10018772061879e-05,4613.79892189608,0.3564868378139864,0.10163403402062429,-0.29201081394386313,0.6994389942735048,0.1097616711686196
1737355320.0,8.10018772061879e-05,8.18024079037524e-05,6.09805928614665e-05,6.16109943428385e-05,9207.06617654953,0.6565230729898218,-0.23938806768626464,0.8416474420645884,0.7705258008128494,0.25705348765294145
1737355380.0,6.16109943428385e-05,6.17062144699337e-05,5.34506847963696e-05,5.37132311623324e-05,7078.46035033525,0.40815897883573665,-0.1281875623782091,-0.3783021562715673,0.5860711182538497,0.13399442358657046
1737355440.0,5.37132311623324e-05,5.82517815065776e-05,4.83639971722751e-05,4.90974369583238e-05,7570.50235536111,0.38916420258183854,-0.08593402601416253,-0.04653769055400972,0.5109440902246176,0.1840847053944602
1737355500.0,4.90974369583238e-05,5.11733270737413e-05,4.77609198344818e-05,4.92726098855155e-05,6651.13759356005,0.3271363583216613,0.0035678629689039876,-0.1593873327728112,0.4670366074834727,0.06950275718376318
1737355560.0,4.92726098855155e-05,5.59294590385263e-05,4.8502933082672e-05,5.50184016991546e-05,10157.78969321551,0.5296830812848907,0.1166122887947157,0.6191507541453786,0.4687029301004355,0.15072321058514604
1737355620.0,5.50184016991546e-05,5.82264113673369e-05,5.3297832605901e-05,5.45197897241715e-05,2787.12910378803,0.15264854064612826,-0.009062640127380547,-0.7118115604601951,0.5233594515442369,0.08958055140143462
1737355680.0,5.45197897241715e-05,5.45937727844629e-05,4.81331850158729e-05,5.01333802546879e-05,3246.54779060912,0.16988075888755333,-0.08045536293656816,0.11288819512119025,0.5186164331776283,0.1184998658519345
1737355740.0,5.01333802546879e-05,5.06727030120967e-05,4.83841674030934e-05,4.94785066633303e-05,6783.96032171648,0.3378815442115722,-0.01306262589976399,0.9889335697824445,0.47689095982145374,0.04564893883829642
1737355800.0,4.94785066633303e-05,5.07583394836348e-05,4.82598530843862e-05,4.91600079000932e-05,6267.77951826659,0.30912223064643324,-0.006437113500702004,-0.08511655655015785,0.4706615116183267,0.05049639869386532
1737355860.0,4.91600079000932e-05,5.30511443379865e-05,4.91600079000932e-05,5.30511443379865e-05,1092.79074169514,0.055847700431882995,0.0791524778800111,-0.8193345709394797,0.46763181004762755,0.0791524778800111
1737355920.0,5.30511443379865e-05,5.30511443379865e-05,5.0311396629945e-05,5.08015646242739e-05,493.96273159004,0.02564968390101179,-0.04240398094677518,-0.540720858644905,0.504646026548412,0.051643517632469695
1737355980.0,5.08015646242739e-05,5.19141381449493e-05,4.88332168756689e-05,5.19141381449493e-05,818.44451120164,0.04203355157284491,0.02190037903170788,0.6387551493836086,0.4832470260537873,0.06064618859806307
1737356040.0,5.19141381449493e-05,5.69495720866699e-05,5.18309424035406e-05,5.69495720866699e-05,1934.39341902883,0.10529262232155286,0.09699542594083291,1.5049661135362027,0.49383031909031083,0.09859799018212712
1737356100.0,5.69495720866699e-05,5.69495720866699e-05,5.27055495151677e-05,5.38215670448693e-05,928.83753421099,0.05144419586634069,-0.05492587436899748,-0.5114168995693221,0.541729601232973,0.07452246638558309
1737356160.0,5.38215670448693e-05,6.09250482386387e-05,5.38215670448693e-05,6.09250482386387e-05,936.9396761204,0.05375532827982106,0.1319820581932788,0.04492503720895974,0.5119746292136836,0.1319820581932788
1737356220.0,6.09250482386387e-05,6.18086193125781e-05,6.09250482386387e-05,6.16992089446518e-05,60.94268156492,0.0037365255288280635,0.01270677214699568,-0.9304901365427862,0.5795460945200464,0.014502591290178666
1737356280.0,6.16992089446518e-05,6.16992089446518e-05,5.58800761925543e-05,5.62646391736428e-05,922.50976583407,0.05441140095224687,-0.08808167663679714,13.562031098797991,0.5869102546917938,0.09431454392417968
1737356340.0,5.62646391736428e-05,6.10860943893292e-05,5.62646391736428e-05,5.87575105785972e-05,4843.29724055136,0.2785432302486546,0.044306183094162316,4.119207103178851,0.5352142154232109,0.08569245775853147
1737356400.0,5.87575105785972e-05,6.22037910979965e-05,5.73570783180512e-05,5.79750090694668e-05,1536.34714452828,0.08967083661744724,-0.013317472122711496,-0.6780721019950894,0.5589275144463501,0.08248669373870224
1737356460.0,5.79750090694668e-05,5.79750090694668e-05,5.52806574381211e-05,5.52806574381211e-05,459.52974685716,0.0260221738801854,-0.046474363257404186,-0.7098033779789418,0.5514840128540944,0.046474363257404186
1737356520.0,5.52806574381211e-05,5.64554391824089e-05,4.31673483851066e-05,4.40445400105576e-05,3969.00844892578,0.19711127393251357,-0.20325585744237484,6.5747427882112515,0.5258541445100623,0.24037505002860074
1737356580.0,4.40445400105576e-05,4.4835624754881e-05,4.35132570443025e-05,4.40225570580601e-05,4793.13630603986,0.21105880016356401,-0.0004991073239096026,0.07075965749085342,0.4189712094780431,0.03002341970790314
1737356640.0,4.40225570580601e-05,4.59714672071161e-05,4.36289396334284e-05,4.54805440040933e-05,4823.20247145787,0.21584578912306093,0.03311908810999564,0.02268083091435728,0.41876209787888535,0.05321198336112563
1737356700.0,4.54805440040933e-05,4.61480994777177e-05,4.28835343428769e-05,4.45821068607842e-05,6131.29976944197,0.27610055524157806,-0.019754318313084458,0.27915655136623424,0.4326311166956628,0.07177937745307063
1737356760.0,4.45821068607842e-05,4.50873521996465e-05,4.18374327017006e-05,4.42982769775965e-05,4922.20766779871,0.21874385342308503,-0.00636645289272691,-0.20773845155185575,0.4240847839043115,0.07289739599105013
1737356820.0,4.42982769775965e-05,4.54227007173073e-05,3.96152597226896e-05,3.96152597226896e-05,5611.08474969531,0.23542298303598652,-0.10571556219388162,0.07624959216861484,0.4213848681050624,0.13109857517832493
1737356880.0,3.96152597226896e-05,3.96152597226896e-05,3.55765108737441e-05,3.55765108737441e-05,3600.82200015446,0.13537609089710287,-0.10194932147907425,-0.4249665468030816,0.3768379298733411,0.10194932147907425
1737356940.0,3.55765108737441e-05,3.6844920721337e-05,3.52136226483598e-05,3.55887957663804e-05,5362.05317658348,0.1907960792661085,0.0003453090911556789,0.40937796328547743,0.338419558615175,0.045853233858891784
1737357000.0,3.55887957663804e-05,3.64374125557094e-05,3.52545004036098e-05,3.59071668366438e-05,4304.10365528073,0.15386301698874544,0.008945823071770003,-0.19357348651725445,0.3385364179653897,0.03323833039658668
1737357060.0,3.59071668366438e-05,3.60062075768768e-05,3.29351399554626e-05,3.29681791180357e-05,4774.0445082463,0.16440698355425082,-0.08184961325349734,0.06852827126272089,0.3415649048638589,0.08552798485566211
1737357120.0,3.29681791180357e-05,3.36483620863715e-05,2.87158310545641e-05,2.88770780826083e-05,4753.582173312,0.14699325606643845,-0.12409241713896492,-0.10591841727980006,0.31360794949978443,0.14961490636615085
1737357180.0,2.88770780826083e-05,2.95013512494445e-05,2.7613422631195e-05,2.82417667080295e-05,3642.58201334797,0.10403003832879583,-0.022000542186483438,-0.2922801962984205,0.27469158101236174,0.0653781041436646
1737357240.0,2.82417667080295e-05,3.00798427467637e-05,2.7353868216497e-05,2.94427053188187e-05,3990.93782933094,0.11510757078846545,0.042523494482650734,0.10648397941235141,0.2686482172960274,0.09652280462651323
1737357300.0,2.94427053188187e-05,3.02020802914256e-05,2.9092483732827e-05,2.96864086517009e-05,4070.4812052748,0.12034197355077582,0.008277205856026903,0.04547400945442321,0.280072078281989,0.037686637371919324
1737357360.0,2.96864086517009e-05,3.01532842906171e-05,2.85566987426158e-05,2.90332304778959e-05,3965.19921328706,0.11641753344058865,-0.022002599959748778,-0.03261073418021792,0.2823902925284543,0.05378170080232401
1737357420.0,2.90332304778959e-05,3.00594855287017e-05,2.61675340395816e-05,2.69171306106824e-05,4923.41163364622,0.1377333293451066,-0.07288544307270835,0.1830978141741513,0.2761769718894343,0.13405161689062445
1737357480.0,2.69171306106824e-05,2.69171306106824e-05,2.34132928151309e-05,2.38502413597256e-05,3479.39477974822,0.08831986450768685,-0.11393819405622926,-0.3587618557713701,0.25604769092679397,0.13017129671915906
1737357540.0,2.38502413597256e-05,2.38502413597256e-05,2.01400258405202e-05,2.01400258405202e-05,3192.14595116864,0.07021167666704563,-0.15556301771732192,-0.2050296152692262,0.22687407943032747,0.15556301771732192
1737357600.0,2.01400258405202e-05,2.06096285479536e-05,1.90736205880823e-05,1.94077678370248e-05,2609.20338720411,0.05159411860994985,-0.03635834478534552,-0.26516327398622097,0.19158086299230634,0.0762664344144468
1737357660.0,1.94077678370248e-05,1.94077678370248e-05,1.71998570723921e-05,1.73044796084817e-05,2733.68998718574,0.050179951624433186,-0.108373525807053,-0.02740946107070318,0.18461529992135803,0.11376428155846952
1737357720.0,1.73044796084817e-05,1.76046536558952e-05,1.64799775027874e-05,1.68748554415206e-05,2624.81835383372,0.04485727298053909,-0.024827338162224846,-0.10607181696250227,0.1646078889509539,0.06499335308277912
1737357780.0,1.68748554415206e-05,1.69409846323729e-05,1.63554084661175e-05,1.66569146297987e-05,2692.88784208792,0.04514864797437167,-0.012915121701466824,0.00649560203891543,0.16052111322779863,0.03470110711672173
1737357840.0,1.66569146297987e-05,1.66569146297987e-05,1.6157903643063e-05,1.62989890073233e-05,2379.91429406202,0.039216113069858574,-0.021488110519284582,-0.13140005671666308,0.15844796351480667,0.029958188405611805
1737357900.0,1.62989890073233e-05,1.66218892402159e-05,1.606423947326e-05,1.62689675733003e-05,2809.40925848473,0.04574835937376631,-0.0018419200116957582,0.16657046791637312,0.15504321616324493,0.03421376422214542
1737357960.0,1.62689675733003e-05,1.74600013159357e-05,1.6163298746769e-05,1.72180101812471e-05,2732.91785113536,0.04575857964298764,0.05833453190381392,0.0002234018741050563,0.15475763896071618,0.0797040478029335
1737358020.0,1.72180101812471e-05,1.75522667247745e-05,1.70578478612225e-05,1.72281302734816e-05,2454.5571105074,0.04227500949134547,0.0005877620078027664,-0.07612933309602896,0.163785353388029,0.028715214960814302
1737358080.0,1.72281302734816e-05,1.75626229375601e-05,1.69394366957778e-05,1.69394366957778e-05,2381.4737036968,0.04068458112829531,-0.016757104405471707,-0.03762100546365932,0.16388162019618502,0.03617259864476052
1737358140.0,1.69394366957778e-05,1.73936665922698e-05,1.61481307487989e-05,1.62448232583568e-05,2285.71220359091,0.0379248339721493,-0.04100569870745085,-0.06783275333334239,0.1611354387764197,0.07352876402208551
1737358200.0,1.62448232583568e-05,1.66940995445289e-05,1.62448232583568e-05,1.64559205090854e-05,1742.39814453449,0.02848885763264454,0.012994739762404365,-0.24880732098746208,0.15452796752286094,0.027656581978568486
1737358260.0,1.64559205090854e-05,1.66976842278902e-05,1.64038517606621e-05,1.64558312293472e-05,2002.73567796558,0.032956769715452326,-5.425387060648171e-06,0.15683015937038267,0.15653601824683377,0.017855729618156277
1737358320.0,1.64558312293472e-05,1.66702637735154e-05,1.63731386962211e-05,1.6457899794854e-05,1617.59700803062,0.02662057641393623,0.0001257041031821811,-0.19225771688859628,0.15653516897834585,0.018055914232057126
1737358380.0,1.6457899794854e-05,1.66761552184287e-05,1.64028764642542e-05,1.65859220409906e-05,1691.86385312668,0.027952823866611787,0.007778771758996224,0.050045777820878025,0.15655484609137876,0.016604716129086403
1737358440.0,1.65859220409906e-05,1.86093010267842e-05,1.65859220409906e-05,1.85837944255995e-05,1396.83488417343,0.02456314341351088,0.12045591313352005,-0.12126432983215359,0.15777265050688838,0.12199375957471648
1737358500.0,1.85837944255995e-05,1.96356472362014e-05,1.83864039960893e-05,1.94507292776156e-05,954.94537393227,0.018160446230051263,0.04665004531162278,-0.2606627773845034,0.17677729919119134,0.06722218355963105
1737358560.0,1.94507292776156e-05,1.96314757026425e-05,1.92172619978586e-05,1.94359612344029e-05,1475.30248421894,0.02868481555771699,-0.0007592539591662981,0.5795215158452645,0.1850239682085267,0.02129553596021639
1737358620.0,1.94359612344029e-05,1.97658216256419e-05,1.91970416847459e-05,1.95239420877032e-05,1461.97473304594,0.028479197129415847,0.0045267045061074705,-0.007168197678922336,0.18488348802812374,0.0292643072311351
1737358680.0,1.95239420877032e-05,2.0439330237922e-05,1.95239420877032e-05,2.0257953631676e-05,1558.2915175249,0.030995895325284368,0.03759545796005524,0.08836970313566357,0.1857204009464855,0.0468854161780852
1737358740.0,2.0257953631676e-05,2.03674052573963e-05,1.7796721641996e-05,1.78658654017873e-05,1783.02079875169,0.033987781132255306,-0.1180814347480958,0.09652522618149244,0.1927026444725937,0.1268974972566179
1737358800.0,1.78658654017873e-05,1.81028358123811e-05,1.73134134089246e-05,1.74462438812258e-05,1232.49804490441,0.02176105282638226,-0.02348733247030505,-0.35973893848191096,0.16994803973351763,0.04418607135468083
1737358860.0,1.74462438812258e-05,1.75025252449321e-05,1.72892598409739e-05,1.74780947608199e-05,1111.67014659469,0.019412172328962772,0.0018256582798532284,-0.10793965329525769,0.1659564136216199,0.012224144372285273
1737358920.0,1.74780947608199e-05,1.74780947608199e-05,1.72420645970489e-05,1.72986407238976e-05,1076.27829616951,0.018714722806914746,-0.010267368347525856,-0.03592846334912439,0.16625939332224293,0.013504341691755826
1737358980.0,1.72986407238976e-05,1.75076310686425e-05,1.72273799226361e-05,1.75076310686425e-05,1138.8837029949,0.0198201478532675,0.012081315987803917,0.05906713434966405,0.16455234688976728,0.016200761116406157
1737359040.0,1.75076310686425e-05,1.88758138077876e-05,1.75076310686425e-05,1.87735175138648e-05,1139.66237981156,0.020674130067918538,0.07230483897330925,0.0430865713501855,0.16654035578907728,0.07814779359816525
1737359100.0,1.87735175138648e-05,1.89573716664335e-05,1.87488160830815e-05,1.88041067037899e-05,674.74992736544,0.012677749605714154,0.0016293797847157221,-0.38678195580344704,0.17858202939696416,0.01110903075025639
1737359160.0,1.88041067037899e-05,1.99212128387723e-05,1.87994143207637e-05,1.91329269452426e-05,1163.53085011133,0.02207045450618046,0.017486618568614564,0.7408810863587962,0.17887300734557707,0.059657102338315615
1737359220.0,1.91329269452426e-05,2.24744885062236e-05,1.91329269452426e-05,2.06108643232325e-05,1576.90584047337,0.03133610828690646,0.07724575451626797,0.41982161165422804,0.18200089139725018,0.17464978414146284
1737359280.0,2.06108643232325e-05,2.06108643232325e-05,2.06108643232325e-05,2.06108643232325e-05,0.0,0.0,0.0,-1.0,0.19605968757586412,0.0
1737359340.0,2.06108643232325e-05,2.06866215041283e-05,2.06108643232325e-05,2.06866215041283e-05,49.9012758878,0.0010303986168718208,0.0036755945654548755,inf,0.19605968757586412,0.0036755945654548755
1737359400.0,2.06866215041283e-05,2.06866215041283e-05,2.06866215041283e-05,2.06866215041283e-05,0.0,0.0,0.0,-1.0,0.19678032349802274,0.0
1737359460.0,2.06866215041283e-05,2.06866215041283e-05,2.06866215041283e-05,2.06866215041283e-05,0.0,0.0,0.0,0.0,0.19678032349802274,0.0
1737359520.0,2.06866215041283e-05,2.06866215041283e-05,2.06582170742789e-05,2.06582170742789e-05,7.99840872975,0.00016534645890781835,-0.0013730821073771717,inf,0.19678032349802274,0.0013730821073771717
1737359580.0,2.06582170742789e-05,2.22476867240666e-05,2.06582170742789e-05,2.22476867240666e-05,482.30887190116,0.010346949029439856,0.07694127930172237,61.57738507244563,0.19651012795674372,0.07694127930172237
1737359640.0,2.22476867240666e-05,2.41171273486852e-05,2.22476867240666e-05,2.41171273486852e-05,320.09204565729,0.007420504091533516,0.08402853958727836,-0.2828316762342036,0.21162986859748073,0.08402853958727836
1737359700.0,2.41171273486852e-05,2.41171273486852e-05,2.29450886416869e-05,2.29450886416869e-05,274.84267027228,0.006467352555862331,-0.04859777410688154,-0.1284483539007398,0.22941281738877464,0.04859777410688154
1737359760.0,2.29450886416869e-05,2.29450886416869e-05,2.26285059114386e-05,2.26285059114386e-05,90.47761662922,0.002061695108196599,-0.013797407157239273,-0.6812149808768697,0.21826386511209173,0.013797407157239273
1737359820.0,2.26285059114386e-05,2.26997490919111e-05,2.22872730445623e-05,2.22872730445623e-05,149.39229089123,0.0033550355577005365,-0.01507977893952816,0.6273189689212801,0.21525238969742744,0.018228160929542228
1737359880.0,2.22872730445623e-05,2.22872730445623e-05,2.21031761772056e-05,2.2137371337434e-05,10.8583193733,0.0002411884883724967,-0.006725888215600907,-0.9281114956236703,0.21200643124458507,0.00826017911606354
1737359940.0,2.2137371337434e-05,2.2137371337434e-05,2.2137371337434e-05,2.2137371337434e-05,0.0,0.0,0.0,-1.0,0.2105804996870455,0.0
1737360000.0,2.2137371337434e-05,2.2137371337434e-05,2.2137371337434e-05,2.2137371337434e-05,0.0,0.0,0.0,0.0,0.2105804996870455,0.0
1737360060.0,2.2137371337434e-05,2.2137371337434e-05,2.2137371337434e-05,2.2137371337434e-05,0.0,0.0,0.0,0.0,0.2105804996870455,0.0
1737360120.0,2.2137371337434e-05,2.2137371337434e-05,2.2137371337434e-05,2.2137371337434e-05,0.0,0.0,0.0,0.0,0.2105804996870455,0.0
1737360180.0,2.2137371337434e-05,2.38261137385294e-05,2.20168468434407e-05,2.20168468434407e-05,859.48579229304,0.018974961598134422,-0.005444390490459666,inf,0.2105804996870455,0.08172907557589075
1737360240.0,2.20168468434407e-05,2.20168468434407e-05,2.20168468434407e-05,2.20168468434407e-05,0.0,0.0,0.0,-1.0,0.2094340172170731,0.0
1737360300.0,2.20168468434407e-05,2.20168468434407e-05,2.20168468434407e-05,2.20168468434407e-05,0.0,0.0,0.0,0.0,0.2094340172170731,0.0
1737360360.0,2.20168468434407e-05,2.20168468434407e-05,2.20168468434407e-05,2.20168468434407e-05,0.0,0.0,0.0,0.0,0.2094340172170731,0.0
1737360420.0,2.20168468434407e-05,2.20168468434407e-05,2.19340013482024e-05,2.19340013482024e-05,15.83753816211,0.00034803661774612544,-0.0037628228886454054,inf,0.2094340172170731,0.0037628228886454054
1737360480.0,2.19340013482024e-05,2.19340013482024e-05,2.19340013482024e-05,2.19340013482024e-05,0.0,0.0,0.0,-1.0,0.20864595410342776,0.0
1737360540.0,2.19340013482024e-05,2.19340013482024e-05,2.19340013482024e-05,2.19340013482024e-05,0.0,0.0,0.0,0.0,0.20864595410342776,0.0
1737360600.0,2.19340013482024e-05,2.19340013482024e-05,2.19340013482024e-05,2.19340013482024e-05,0.0,0.0,0.0,0.0,0.20864595410342776,0.0
1737360660.0,2.19340013482024e-05,2.19340013482024e-05,2.19340013482024e-05,2.19340013482024e-05,0.0,0.0,0.0,0.0,0.20864595410342776,0.0
1737360720.0,2.19340013482024e-05,2.19340013482024e-05,2.19340013482024e-05,2.19340013482024e-05,0.0,0.0,0.0,0.0,0.20864595410342776,0.0
1737360780.0,2.19340013482024e-05,2.21839548436983e-05,2.19340013482024e-05,2.21839548436983e-05,51.829671,0.001143309577309313,0.011395708951043079,inf,0.20864595410342776,0.011395708951043079
1737360840.0,2.21839548436983e-05,2.21839548436983e-05,2.21839548436983e-05,2.21839548436983e-05,0.0,0.0,0.0,-1.0,0.2110236226702031,0.0
1737360900.0,2.21839548436983e-05,2.22720455955377e-05,2.21839548436983e-05,2.22720455955377e-05,0.36364956468,8.08320260357103e-06,0.0039709218874660265,inf,0.2110236226702031,0.0039709218874660265
1737360960.0,2.22720455955377e-05,2.22720455955377e-05,2.22720455955377e-05,2.22720455955377e-05,0.0,0.0,0.0,-1.0,0.2118615809922366,0.0
1737361020.0,2.22720455955377e-05,2.22765765754138e-05,2.22720455955377e-05,2.22765765754138e-05,10.25155752846,0.00022834638149956893,0.00020343797594455152,inf,0.2118615809922366,0.00020343797594455152
1737361080.0,2.22765765754138e-05,2.24041431316802e-05,2.22765765754138e-05,2.24041431316802e-05,12.5135928554,0.00027955816745041075,0.005726488351320219,0.22427237784338835,0.21190468168345405,0.005726488351320219
1737361140.0,2.24041431316802e-05,2.24041431316802e-05,2.22759473559173e-05,2.22759473559173e-05,10.2512679651,0.00022901379014663876,-0.005721967361546935,-0.18080093228804617,0.21311815137470458,0.005721967361546935
1737361200.0,2.22759473559173e-05,2.22759473559173e-05,2.22759473559173e-05,2.22759473559173e-05,0.0,0.0,0.0,-1.0,0.2118986962683853,0.0
1737361260.0,2.22759473559173e-05,2.22759473559173e-05,2.22759473559173e-05,2.22759473559173e-05,0.0,0.0,0.0,0.0,0.2118986962683853,0.0
1737361320.0,2.22759473559173e-05,2.22759473559173e-05,2.22759473559173e-05,2.22759473559173e-05,0.0,0.0,0.0,0.0,0.2118986962683853,0.0
1737361380.0,2.22759473559173e-05,2.25004106316655e-05,2.20828959995202e-05,2.20828959995202e-05,152.39851850044,0.0033801110048808807,-0.008666358979602252,inf,0.2118986962683853,0.018742845162739694
1737361440.0,2.20828959995202e-05,2.20828959995202e-05,2.20828959995202e-05,2.20828959995202e-05,0.0,0.0,0.0,-1.0,0.21006230609921378,0.0
1737361500.0,2.20828959995202e-05,2.20828959995202e-05,2.19182858744845e-05,2.19182858744845e-05,26.249095,0.0005774956015615137,-0.007454191019116145,inf,0.21006230609921378,0.007454191019116145
1737361560.0,2.19182858744845e-05,2.19182858744845e-05,2.18059265691288e-05,2.18059265691288e-05,28.01968942344,0.0006125694264772776,-0.005126281589679388,0.06073435853178164,0.2084964615436342,0.005126281589679388
1737361620.0,2.18059265691288e-05,2.18059265691288e-05,2.18059265691288e-05,2.18059265691288e-05,0.0,0.0,0.0,-1.0,0.20742764997130975,0.0
1737361680.0,2.18059265691288e-05,2.18059265691288e-05,2.00080410290394e-05,2.00080410290394e-05,512.47170076431,0.010714237545368504,-0.08244939899204799,inf,0.20742764997130975,0.08244939899204799
1737361740.0,2.00080410290394e-05,2.00080410290394e-05,2.00080410290394e-05,2.00080410290394e-05,0.0,0.0,0.0,-1.0,0.19032536489684238,0.0
1737361800.0,2.00080410290394e-05,2.00080410290394e-05,1.99836964969582e-05,1.99836964969582e-05,4.65079461381,9.299667874140644e-05,-0.0012167374130164761,inf,0.19032536489684238,0.0012167374130164761
1737361860.0,1.99836964969582e-05,1.99836964969582e-05,1.99836964969582e-05,1.99836964969582e-05,0.0,0.0,0.0,-1.0,0.19009378890472636,0.0
1737361920.0,1.99836964969582e-05,1.99836964969582e-05,1.99836964969582e-05,1.99836964969582e-05,0.0,0.0,0.0,0.0,0.19009378890472636,0.0
1737361980.0,1.99836964969582e-05,1.99836964969582e-05,1.99836964969582e-05,1.99836964969582e-05,0.0,0.0,0.0,0.0,0.19009378890472636,0.0
1737362040.0,1.99836964969582e-05,1.99836964969582e-05,1.99836964969582e-05,1.99836964969582e-05,0.0,0.0,0.0,0.0,0.19009378890472636,0.0
1737362100.0,1.99836964969582e-05,1.99836964969582e-05,1.99836964969582e-05,1.99836964969582e-05,0.0,0.0,0.0,0.0,0.19009378890472636,0.0
1737362160.0,1.99836964969582e-05,1.99836964969582e-05,1.99836964969582e-05,1.99836964969582e-05,0.0,0.0,0.0,0.0,0.19009378890472636,0.0
1737362220.0,1.99836964969582e-05,1.99836964969582e-05,1.99836964969582e-05,1.99836964969582e-05,0.0,0.0,0.0,0.0,0.19009378890472636,0.0
1737362280.0,1.99836964969582e-05,2.0142402363731e-05,1.99836964969582e-05,2.0142402363731e-05,5.54996182325,0.00011134915839639018,0.007941767269982107,inf,0.19009378890472636,0.007941767269982107
1737362340.0,2.0142402363731e-05,2.0142402363731e-05,2.0142402363731e-05,2.0142402363731e-05,0.0,0.0,0.0,-1.0,0.1916034695356768,0.0
1737362400.0,2.0142402363731e-05,2.0142402363731e-05,2.0142402363731e-05,2.0142402363731e-05,0.0,0.0,0.0,0.0,0.1916034695356768,0.0
1737362460.0,2.0142402363731e-05,2.0142402363731e-05,2.0142402363731e-05,2.0142402363731e-05,0.0,0.0,0.0,0.0,0.1916034695356768,0.0
1737362520.0,2.0142402363731e-05,2.0247530216524e-05,2.0142402363731e-05,2.0247530216524e-05,47.30548890308,0.0009553327537357011,0.005219231097393754,inf,0.1916034695356768,0.005219231097393754
1737362580.0,2.0247530216524e-05,2.0247530216524e-05,2.0247530216524e-05,2.0247530216524e-05,0.0,0.0,0.0,-1.0,0.19260349232224594,0.0
1737362640.0,2.0247530216524e-05,2.0247530216524e-05,2.0247530216524e-05,2.0247530216524e-05,0.0,0.0,0.0,0.0,0.19260349232224594,0.0
1737362700.0,2.0247530216524e-05,2.02816576677232e-05,2.0247530216524e-05,2.02816576677232e-05,1.98507126456,4.022666312248621e-05,0.0016855118048593899,inf,0.19260349232224594,0.0016855118048593899
1737362760.0,2.02816576677232e-05,2.02816576677232e-05,2.01242856782208e-05,2.01242856782208e-05,28.7172508262,0.0005801738049673504,-0.0077593257947965785,13.422618232110842,0.19292812778221224,0.0077593257947965785
1737362820.0,2.01242856782208e-05,2.01242856782208e-05,2.01242856782208e-05,2.01242856782208e-05,0.0,0.0,0.0,-1.0,0.1914311355837699,0.0
1737362880.0,2.01242856782208e-05,2.02238264450697e-05,2.01242856782208e-05,2.02238264450697e-05,53.53,0.0010799172209798702,0.004946300626045365,inf,0.1914311355837699,0.004946300626045365
1737362940.0,2.02238264450697e-05,2.02238264450697e-05,2.02238264450697e-05,2.02238264450697e-05,0.0,0.0,0.0,-1.0,0.19237801152955247,0.0
1737363000.0,2.02238264450697e-05,2.02238264450697e-05,2.02238264450697e-05,2.02238264450697e-05,0.0,0.0,0.0,0.0,0.19237801152955247,0.0
1737363060.0,2.02238264450697e-05,2.02238264450697e-05,2.02238264450697e-05,2.02238264450697e-05,0.0,0.0,0.0,0.0,0.19237801152955247,0.0
1737363120.0,2.02238264450697e-05,2.02238264450697e-05,2.02238264450697e-05,2.02238264450697e-05,0.0,0.0,0.0,0.0,0.19237801152955247,0.0
1737363180.0,2.02238264450697e-05,2.02238264450697e-05,2.02238264450697e-05,2.02238264450697e-05,0.0,0.0,0.0,0.0,0.19237801152955247,0.0
1737363240.0,2.02238264450697e-05,2.02238264450697e-05,2.02238264450697e-05,2.02238264450697e-05,0.0,0.0,0.0,0.0,0.19237801152955247,0.0
1737363300.0,2.02238264450697e-05,2.02238264450697e-05,2.01985403840148e-05,2.01985403840148e-05,5.15930286768,0.00010427561654985428,-0.0012503104258524019,inf,0.19237801152955247,0.0012503104258524019
1737363360.0,2.01985403840148e-05,2.01985403840148e-05,2.01985403840148e-05,2.01985403840148e-05,0.0,0.0,0.0,-1.0,0.19213747929603234,0.0
1737363420.0,2.01985403840148e-05,2.03177264873078e-05,2.01985403840148e-05,2.03177264873078e-05,7.95530025,0.00016115953398524967,0.005900728519340171,inf,0.19213747929603234,0.005900728519340171
1737363480.0,2.03177264873078e-05,2.03415126552762e-05,2.03177264873078e-05,2.03415126552762e-05,1.1762480389,2.391267515231527e-05,0.0011707101177514743,-0.851621095190658,0.19327123039974856,0.0011707101177514743
1737363540.0,2.03415126552762e-05,2.03415126552762e-05,2.03415126552762e-05,2.03415126552762e-05,0.0,0.0,0.0,-1.0,0.19349749498464783,0.0
1737363600.0,2.03415126552762e-05,2.03415126552762e-05,2.03415126552762e-05,2.03415126552762e-05,0.0,0.0,0.0,0.0,0.19349749498464783,0.0
1737363660.0,2.03415126552762e-05,2.03415126552762e-05,2.03415126552762e-05,2.03415126552762e-05,0.0,0.0,0.0,0.0,0.19349749498464783,0.0
1737363720.0,2.03415126552762e-05,2.03415126552762e-05,2.03415126552762e-05,2.03415126552762e-05,0.0,0.0,0.0,0.0,0.19349749498464783,0.0
1737363780.0,2.03415126552762e-05,2.03415126552762e-05,2.03415126552762e-05,2.03415126552762e-05,0.0,0.0,0.0,0.0,0.19349749498464783,0.0
1737363840.0,2.03415126552762e-05,2.03415126552762e-05,2.03415126552762e-05,2.03415126552762e-05,0.0,0.0,0.0,0.0,0.19349749498464783,0.0
1737363900.0,2.03415126552762e-05,2.0450681763353e-05,2.03415126552762e-05,2.0450681763353e-05,13.317828,0.0002716317145049318,0.005366813664591655,inf,0.19349749498464783,0.005366813664591655
1737363960.0,2.0450681763353e-05,2.0450681763353e-05,2.0450681763353e-05,2.0450681763353e-05,0.0,0.0,0.0,-1.0,0.1945359599847957,0.0
1737364020.0,2.0450681763353e-05,2.0450681763353e-05,2.0450681763353e-05,2.0450681763353e-05,0.0,0.0,0.0,0.0,0.1945359599847957,0.0
1737364080.0,2.0450681763353e-05,2.0450681763353e-05,2.0450681763353e-05,2.0450681763353e-05,0.0,0.0,0.0,0.0,0.1945359599847957,0.0
1737364140.0,2.0450681763353e-05,2.0450681763353e-05,2.0450681763353e-05,2.0450681763353e-05,0.0,0.0,0.0,0.0,0.1945359599847957,0.0
1737364200.0,2.0450681763353e-05,2.0450681763353e-05,2.0450681763353e-05,2.0450681763353e-05,0.0,0.0,0.0,0.0,0.1945359599847957,0.0
1737364260.0,2.0450681763353e-05,2.05442412335337e-05,2.0450681763353e-05,2.05442412335337e-05,29.073683528,0.0005959367087331066,0.004574882698940464,inf,0.1945359599847957,0.004574882698940464
1737364320.0,2.05442412335337e-05,2.05442412335337e-05,2.05442412335337e-05,2.05442412335337e-05,0.0,0.0,0.0,-1.0,0.1954259391824519,0.0
1737364380.0,2.05442412335337e-05,2.05442412335337e-05,2.05442412335337e-05,2.05442412335337e-05,0.0,0.0,0.0,0.0,0.1954259391824519,0.0
1737364440.0,2.05442412335337e-05,2.05442412335337e-05,2.05442412335337e-05,2.05442412335337e-05,0.0,0.0,0.0,0.0,0.1954259391824519,0.0
1737364500.0,2.05442412335337e-05,2.05442412335337e-05,2.05442412335337e-05,2.05442412335337e-05,0.0,0.0,0.0,0.0,0.1954259391824519,0.0
1737364560.0,2.05442412335337e-05,2.05442412335337e-05,2.05442412335337e-05,2.05442412335337e-05,0.0,0.0,0.0,0.0,0.1954259391824519,0.0
1737364620.0,2.05442412335337e-05,2.05442412335337e-05,2.05442412335337e-05,2.05442412335337e-05,0.0,0.0,0.0,0.0,0.1954259391824519,0.0
1737364680.0,2.05442412335337e-05,2.05442412335337e-05,1.99786407828e-05,1.99786407828e-05,199.786407828,0.004047960516440585,-0.02753085131275073,inf,0.1954259391824519,0.02753085131275073
1737364740.0,1.99786407828e-05,1.99786407828e-05,1.99786407828e-05,1.99786407828e-05,0.0,0.0,0.0,-1.0,0.19004569670816515,0.0
1737364800.0,1.99786407828e-05,1.99786407828e-05,1.99786407828e-05,1.99786407828e-05,0.0,0.0,0.0,0.0,0.19004569670816515,0.0
1737364860.0,1.99786407828e-05,1.99786407828e-05,1.99786407828e-05,1.99786407828e-05,0.0,0.0,0.0,0.0,0.19004569670816515,0.0
1737364920.0,1.99786407828e-05,1.99786407828e-05,1.99786407828e-05,1.99786407828e-05,0.0,0.0,0.0,0.0,0.19004569670816515,0.0
1737364980.0,1.99786407828e-05,1.99786407828e-05,1.96714517605126e-05,1.96714517605126e-05,13.488,0.0002674002241121002,-0.015375871943794405,inf,0.19004569670816515,0.015375871943794405
1737365040.0,1.96714517605126e-05,1.96714517605126e-05,1.96714517605126e-05,1.96714517605126e-05,0.0,0.0,0.0,-1.0,0.18712357841211122,0.0
1737365100.0,1.96714517605126e-05,1.96714517605126e-05,1.96714517605126e-05,1.96714517605126e-05,0.0,0.0,0.0,0.0,0.18712357841211122,0.0
1737365160.0,1.96714517605126e-05,1.96714517605126e-05,1.96714517605126e-05,1.96714517605126e-05,0.0,0.0,0.0,0.0,0.18712357841211122,0.0
1737365220.0,1.96714517605126e-05,1.96714517605126e-05,1.96714517605126e-05,1.96714517605126e-05,0.0,0.0,0.0,0.0,0.18712357841211122,0.0
1737365280.0,1.96714517605126e-05,1.96714517605126e-05,1.96714517605126e-05,1.96714517605126e-05,0.0,0.0,0.0,0.0,0.18712357841211122,0.0
1737365340.0,1.96714517605126e-05,1.96714517605126e-05,1.96714517605126e-05,1.96714517605126e-05,0.0,0.0,0.0,0.0,0.18712357841211122,0.0
1737365400.0,1.96714517605126e-05,1.96714517605126e-05,1.96714517605126e-05,1.96714517605126e-05,0.0,0.0,0.0,0.0,0.18712357841211122,0.0
1737365460.0,1.96714517605126e-05,1.96714517605126e-05,1.96714517605126e-05,1.96714517605126e-05,0.0,0.0,0.0,0.0,0.18712357841211122,0.0
1737365520.0,1.96714517605126e-05,1.96714517605126e-05,1.96714517605126e-05,1.96714517605126e-05,0.0,0.0,0.0,0.0,0.18712357841211122,0.0
1737365580.0,1.96714517605126e-05,1.96714517605126e-05,1.96714517605126e-05,1.96714517605126e-05,0.0,0.0,0.0,0.0,0.18712357841211122,0.0
1737365640.0,1.96714517605126e-05,1.96714517605126e-05,1.96714517605126e-05,1.96714517605126e-05,0.0,0.0,0.0,0.0,0.18712357841211122,0.0
1737365700.0,1.96714517605126e-05,1.96714517605126e-05,1.96714517605126e-05,1.96714517605126e-05,0.0,0.0,0.0,0.0,0.18712357841211122,0.0
1737365760.0,1.96714517605126e-05,1.96714517605126e-05,1.96714517605126e-05,1.96714517605126e-05,0.0,0.0,0.0,0.0,0.18712357841211122,0.0
1737365820.0,1.96714517605126e-05,1.96714517605126e-05,1.96714517605126e-05,1.96714517605126e-05,0.0,0.0,0.0,0.0,0.18712357841211122,0.0
1737365880.0,1.96714517605126e-05,1.96714517605126e-05,1.96714517605126e-05,1.96714517605126e-05,0.0,0.0,0.0,0.0,0.18712357841211122,0.0
1737365940.0,1.96714517605126e-05,1.96714517605126e-05,1.91290925432633e-05,1.91290925432633e-05,98.40462738812,0.0019090765523346548,-0.027570879051133427,inf,0.18712357841211122,0.027570879051133427
1737366000.0,1.91290925432633e-05,1.91290925432633e-05,1.90462584896506e-05,1.90462584896506e-05,13.2905,0.0002536847514514711,-0.004330265715708141,-0.8671165118333081,0.18196441686409562,0.004330265715708141
1737366060.0,1.90462584896506e-05,1.90462584896506e-05,1.88728499846944e-05,1.88728499846944e-05,13.16949535563,0.0002496877614712583,-0.00910459684511935,-0.015755736035941492,0.1811764625882702,0.00910459684511935
1737366120.0,1.88728499846944e-05,1.88728499846944e-05,1.88728499846944e-05,1.88728499846944e-05,0.0,0.0,0.0,-1.0,0.17952692393857914,0.0
1737366180.0,1.88728499846944e-05,1.88728499846944e-05,1.88422617784686e-05,1.88422617784686e-05,4.59420060682,8.663539467430379e-05,-0.0016207518340158953,inf,0.17952692393857914,0.0016207518340158953
1737366240.0,1.88422617784686e-05,1.88422617784686e-05,1.88422617784686e-05,1.88422617784686e-05,0.0,0.0,0.0,-1.0,0.17923595534735046,0.0
1737366300.0,1.88422617784686e-05,1.88422617784686e-05,1.88422617784686e-05,1.88422617784686e-05,0.0,0.0,0.0,0.0,0.17923595534735046,0.0
1737366360.0,1.88422617784686e-05,1.88422617784686e-05,1.8808808228459e-05,1.8808808228459e-05,5.94216671803,0.00011186446754669137,-0.001775452989822456,inf,0.17923595534735046,0.001775452989822456
1737366420.0,1.8808808228459e-05,1.8808808228459e-05,1.8808808228459e-05,1.8808808228459e-05,0.0,0.0,0.0,-1.0,0.17891773033454533,0.0
1737366480.0,1.8808808228459e-05,1.8808808228459e-05,1.8808808228459e-05,1.8808808228459e-05,0.0,0.0,0.0,0.0,0.17891773033454533,0.0
1737366540.0,1.8808808228459e-05,1.8808808228459e-05,1.8808808228459e-05,1.8808808228459e-05,0.0,0.0,0.0,0.0,0.17891773033454533,0.0
1737366600.0,1.8808808228459e-05,1.8808808228459e-05,1.8808808228459e-05,1.8808808228459e-05,0.0,0.0,0.0,0.0,0.17891773033454533,0.0
1737366660.0,1.8808808228459e-05,1.8808808228459e-05,1.8808808228459e-05,1.8808808228459e-05,0.0,0.0,0.0,0.0,0.17891773033454533,0.0
1737366720.0,1.8808808228459e-05,1.8808808228459e-05,1.8808808228459e-05,1.8808808228459e-05,0.0,0.0,0.0,0.0,0.17891773033454533,0.0
1737366780.0,1.8808808228459e-05,1.8808808228459e-05,1.86919368732816e-05,1.86919368732816e-05,0.01901838013,3.5660171275156907e-07,-0.006213650208872175,inf,0.17891773033454533,0.006213650208872175
1737366840.0,1.86919368732816e-05,1.86919368732816e-05,1.86919368732816e-05,1.86919368732816e-05,0.0,0.0,0.0,-1.0,0.17780599814208115,0.0
1737366900.0,1.86919368732816e-05,1.86919368732816e-05,1.85663708314201e-05,1.85663708314201e-05,59.4542317518,0.0011075820304776052,-0.006717658138519764,inf,0.17780599814208115,0.006717658138519764
1737366960.0,1.85663708314201e-05,1.85663708314201e-05,1.85663708314201e-05,1.85663708314201e-05,0.0,0.0,0.0,-1.0,0.17661155823158436,0.0
1737367020.0,1.85663708314201e-05,1.85663708314201e-05,1.85663708314201e-05,1.85663708314201e-05,0.0,0.0,0.0,0.0,0.17661155823158436,0.0
1737367080.0,1.85663708314201e-05,1.85663708314201e-05,1.85663708314201e-05,1.85663708314201e-05,0.0,0.0,0.0,0.0,0.17661155823158436,0.0
1737367140.0,1.85663708314201e-05,1.85663708314201e-05,1.85663708314201e-05,1.85663708314201e-05,0.0,0.0,0.0,0.0,0.17661155823158436,0.0
1737367200.0,1.85663708314201e-05,1.85663708314201e-05,1.85663708314201e-05,1.85663708314201e-05,0.0,0.0,0.0,0.0,0.17661155823158436,0.0
1737367260.0,1.85663708314201e-05,1.85663708314201e-05,1.84224813466458e-05,1.84224813466458e-05,6.82122330624,0.00012615461027404466,-0.007750005969437707,inf,0.17661155823158436,0.007750005969437707
1737367320.0,1.84224813466458e-05,1.84224813466458e-05,1.84021741484892e-05,1.84021741484892e-05,5.77658944275,0.00010636045808305131,-0.0011023052635794378,-0.15690391455369462,0.1752428176010179,0.0011023052635794378
1737367380.0,1.84021741484892e-05,1.89275957529232e-05,1.84021741484892e-05,1.89275957529232e-05,131.392,0.002452416563443189,0.02855214825130528,22.057596851719325,0.1750496465207718,0.02855214825130528
1737367440.0,1.89275957529232e-05,1.89275957529232e-05,1.89275957529232e-05,1.89275957529232e-05,0.0,0.0,0.0,-1.0,0.18004768997957146,0.0
1737367500.0,1.89275957529232e-05,1.89275957529232e-05,1.89275957529232e-05,1.89275957529232e-05,0.0,0.0,0.0,0.0,0.18004768997957146,0.0
1737367560.0,1.89275957529232e-05,1.89275957529232e-05,1.89275957529232e-05,1.89275957529232e-05,0.0,0.0,0.0,0.0,0.18004768997957146,0.0
1737367620.0,1.89275957529232e-05,1.89275957529232e-05,1.89275957529232e-05,1.89275957529232e-05,0.0,0.0,0.0,0.0,0.18004768997957146,0.0
1737367680.0,1.89275957529232e-05,1.89275957529232e-05,1.89275957529232e-05,1.89275957529232e-05,0.0,0.0,0.0,0.0,0.18004768997957146,0.0
1737367740.0,1.89275957529232e-05,1.89275957529232e-05,1.89275957529232e-05,1.89275957529232e-05,0.0,0.0,0.0,0.0,0.18004768997957146,0.0
1737367800.0,1.89275957529232e-05,1.89275957529232e-05,1.89275957529232e-05,1.89275957529232e-05,0.0,0.0,0.0,0.0,0.18004768997957146,0.0
1737367860.0,1.89275957529232e-05,1.89275957529232e-05,1.89275957529232e-05,1.89275957529232e-05,0.0,0.0,0.0,0.0,0.18004768997957146,0.0
1737367920.0,1.89275957529232e-05,1.89275957529232e-05,1.89275957529232e-05,1.89275957529232e-05,0.0,0.0,0.0,0.0,0.18004768997957146,0.0
1737367980.0,1.89275957529232e-05,1.89275957529232e-05,1.89275957529232e-05,1.89275957529232e-05,0.0,0.0,0.0,0.0,0.18004768997957146,0.0
1737368040.0,1.89275957529232e-05,1.89275957529232e-05,1.89275957529232e-05,1.89275957529232e-05,0.0,0.0,0.0,0.0,0.18004768997957146,0.0
1737368100.0,1.89275957529232e-05,1.89275957529232e-05,1.89275957529232e-05,1.89275957529232e-05,0.0,0.0,0.0,0.0,0.18004768997957146,0.0
1737368160.0,1.89275957529232e-05,1.89275957529232e-05,1.89275957529232e-05,1.89275957529232e-05,0.0,0.0,0.0,0.0,0.18004768997957146,0.0
1737368220.0,1.89275957529232e-05,1.93994540900643e-05,1.89275957529232e-05,1.93994540900643e-05,191.1517889585,0.0036631420714943286,0.02492964998305313,inf,0.18004768997957146,0.02492964998305313
1737368280.0,1.93994540900643e-05,1.93994540900643e-05,1.93994540900643e-05,1.93994540900643e-05,0.0,0.0,0.0,-1.0,0.18453621587101943,0.0
1737368340.0,1.93994540900643e-05,1.93994540900643e-05,1.93994540900643e-05,1.93994540900643e-05,0.0,0.0,0.0,0.0,0.18453621587101943,0.0
1737368400.0,1.93994540900643e-05,1.98558442886914e-05,1.93994540900643e-05,1.98558442886914e-05,5.2341285,0.0001027336380101245,0.023525929982784872,inf,0.18453621587101943,0.023525929982784872
1737368460.0,1.98558442886914e-05,1.98558442886914e-05,1.98558442886914e-05,1.98558442886914e-05,0.0,0.0,0.0,-1.0,0.18887760196488912,0.0
1737368520.0,1.98558442886914e-05,1.98558442886914e-05,1.98558442886914e-05,1.98558442886914e-05,0.0,0.0,0.0,0.0,0.18887760196488912,0.0
1737368580.0,1.98558442886914e-05,1.98558442886914e-05,1.98558442886914e-05,1.98558442886914e-05,0.0,0.0,0.0,0.0,0.18887760196488912,0.0
1737368640.0,1.98558442886914e-05,1.98558442886914e-05,1.98558442886914e-05,1.98558442886914e-05,0.0,0.0,0.0,0.0,0.18887760196488912,0.0
1737368700.0,1.98558442886914e-05,1.98558442886914e-05,1.98558442886914e-05,1.98558442886914e-05,0.0,0.0,0.0,0.0,0.18887760196488912,0.0
1737368760.0,1.98558442886914e-05,1.98558442886914e-05,1.98377124941988e-05,1.98377124941988e-05,1.06214481568,2.108015277642326e-05,-0.0009131716702134227,inf,0.18887760196488912,0.0009131716702134227
1737368820.0,1.98377124941988e-05,1.98377124941988e-05,1.98377124941988e-05,1.98377124941988e-05,0.0,0.0,0.0,-1.0,0.18870512428963693,0.0
1737368880.0,1.98377124941988e-05,1.98377124941988e-05,1.98377124941988e-05,1.98377124941988e-05,0.0,0.0,0.0,0.0,0.18870512428963693,0.0
1737368940.0,1.98377124941988e-05,1.98377124941988e-05,1.98377124941988e-05,1.98377124941988e-05,0.0,0.0,0.0,0.0,0.18870512428963693,0.0
1737369000.0,1.98377124941988e-05,1.98377124941988e-05,1.98377124941988e-05,1.98377124941988e-05,0.0,0.0,0.0,0.0,0.18870512428963693,0.0
1737369060.0,1.98377124941988e-05,1.98377124941988e-05,1.98377124941988e-05,1.98377124941988e-05,0.0,0.0,0.0,0.0,0.18870512428963693,0.0
1737369120.0,1.98377124941988e-05,1.98377124941988e-05,1.98377124941988e-05,1.98377124941988e-05,0.0,0.0,0.0,0.0,0.18870512428963693,0.0
1737369180.0,1.98377124941988e-05,1.98377124941988e-05,1.98377124941988e-05,1.98377124941988e-05,0.0,0.0,0.0,0.0,0.18870512428963693,0.0
1737369240.0,1.98377124941988e-05,1.98377124941988e-05,1.97359093476594e-05,1.97359093476594e-05,25.01684782004,0.0004950036376527888,-0.005131798667269151,inf,0.18870512428963693,0.005131798667269151
1737369300.0,1.97359093476594e-05,1.97359093476594e-05,1.97359093476594e-05,1.97359093476594e-05,0.0,0.0,0.0,-1.0,0.18773672758430052,0.0
1737369360.0,1.97359093476594e-05,1.97359093476594e-05,1.95685304374061e-05,1.95685304374061e-05,41.73320583437,0.00082015013787737,-0.00848093225930593,inf,0.18773672758430052,0.00848093225930593
1737369420.0,1.95685304374061e-05,1.95685304374061e-05,1.95685304374061e-05,1.95685304374061e-05,0.0,0.0,0.0,-1.0,0.18614454511507428,0.0
1737369480.0,1.95685304374061e-05,1.95685304374061e-05,1.95685304374061e-05,1.95685304374061e-05,0.0,0.0,0.0,0.0,0.18614454511507428,0.0
1737369540.0,1.95685304374061e-05,1.95685304374061e-05,1.95685304374061e-05,1.95685304374061e-05,0.0,0.0,0.0,0.0,0.18614454511507428,0.0
1737369600.0,1.95685304374061e-05,1.95685304374061e-05,1.95685304374061e-05,1.95685304374061e-05,0.0,0.0,0.0,0.0,0.18614454511507428,0.0
1737369660.0,1.95685304374061e-05,1.95685304374061e-05,1.95685304374061e-05,1.95685304374061e-05,0.0,0.0,0.0,0.0,0.18614454511507428,0.0
1737369720.0,1.95685304374061e-05,1.95685304374061e-05,1.95685304374061e-05,1.95685304374061e-05,0.0,0.0,0.0,0.0,0.18614454511507428,0.0
1737369780.0,1.95685304374061e-05,1.95685304374061e-05,1.95685304374061e-05,1.95685304374061e-05,0.0,0.0,0.0,0.0,0.18614454511507428,0.0
1737369840.0,1.95685304374061e-05,1.95685304374061e-05,1.95685304374061e-05,1.95685304374061e-05,0.0,0.0,0.0,0.0,0.18614454511507428,0.0
1737369900.0,1.95685304374061e-05,1.95685304374061e-05,1.95685304374061e-05,1.95685304374061e-05,0.0,0.0,0.0,0.0,0.18614454511507428,0.0
1737369960.0,1.95685304374061e-05,1.95685304374061e-05,1.95685304374061e-05,1.95685304374061e-05,0.0,0.0,0.0,0.0,0.18614454511507428,0.0
1737370020.0,1.95685304374061e-05,1.95685304374061e-05,1.95685304374061e-05,1.95685304374061e-05,0.0,0.0,0.0,0.0,0.18614454511507428,0.0
1737370080.0,1.95685304374061e-05,1.95685304374061e-05,1.95685304374061e-05,1.95685304374061e-05,0.0,0.0,0.0,0.0,0.18614454511507428,0.0
1737370140.0,1.95685304374061e-05,1.95685304374061e-05,1.95685304374061e-05,1.95685304374061e-05,0.0,0.0,0.0,0.0,0.18614454511507428,0.0
1737370200.0,1.95685304374061e-05,1.95685304374061e-05,1.95685304374061e-05,1.95685304374061e-05,0.0,0.0,0.0,0.0,0.18614454511507428,0.0
1737370260.0,1.95685304374061e-05,1.95685304374061e-05,1.94080674192918e-05,1.94080674192918e-05,0.04414483446,8.603077300989597e-07,-0.008200054604384973,inf,0.18614454511507428,0.008200054604384973
1737370320.0,1.94080674192918e-05,1.94080674192918e-05,1.94080674192918e-05,1.94080674192918e-05,0.0,0.0,0.0,-1.0,0.18461814968082227,0.0
1737370380.0,1.94080674192918e-05,1.94080674192918e-05,1.94080674192918e-05,1.94080674192918e-05,0.0,0.0,0.0,0.0,0.18461814968082227,0.0
1737370440.0,1.94080674192918e-05,1.94080674192918e-05,1.94080674192918e-05,1.94080674192918e-05,0.0,0.0,0.0,0.0,0.18461814968082227,0.0
1737370500.0,1.94080674192918e-05,1.94080674192918e-05,1.94080674192918e-05,1.94080674192918e-05,0.0,0.0,0.0,0.0,0.18461814968082227,0.0
1737370560.0,1.94080674192918e-05,1.94080674192918e-05,1.94080674192918e-05,1.94080674192918e-05,0.0,0.0,0.0,0.0,0.18461814968082227,0.0
1737370620.0,1.94080674192918e-05,1.94080674192918e-05,1.94080674192918e-05,1.94080674192918e-05,0.0,0.0,0.0,0.0,0.18461814968082227,0.0
1737370680.0,1.94080674192918e-05,1.94080674192918e-05,1.94080674192918e-05,1.94080674192918e-05,0.0,0.0,0.0,0.0,0.18461814968082227,0.0
1737370740.0,1.94080674192918e-05,1.94080674192918e-05,1.94080674192918e-05,1.94080674192918e-05,0.0,0.0,0.0,0.0,0.18461814968082227,0.0
1737370800.0,1.94080674192918e-05,1.94080674192918e-05,1.94080674192918e-05,1.94080674192918e-05,0.0,0.0,0.0,0.0,0.18461814968082227,0.0
1737370860.0,1.94080674192918e-05,1.94080674192918e-05,1.94080674192918e-05,1.94080674192918e-05,0.0,0.0,0.0,0.0,0.18461814968082227,0.0
1737370920.0,1.94080674192918e-05,1.94080674192918e-05,1.94080674192918e-05,1.94080674192918e-05,0.0,0.0,0.0,0.0,0.18461814968082227,0.0
1737370980.0,1.94080674192918e-05,1.94080674192918e-05,1.94080674192918e-05,1.94080674192918e-05,0.0,0.0,0.0,0.0,0.18461814968082227,0.0
1737371040.0,1.94080674192918e-05,1.94080674192918e-05,1.94080674192918e-05,1.94080674192918e-05,0.0,0.0,0.0,0.0,0.18461814968082227,0.0
1737371100.0,1.94080674192918e-05,1.94080674192918e-05,1.93499313691448e-05,1.93499313691448e-05,25.777017,0.0004995327968277547,-0.0029954579655474974,inf,0.18461814968082227,0.0029954579655474974
1737371160.0,1.93499313691448e-05,1.93499313691448e-05,1.93499313691448e-05,1.93499313691448e-05,0.0,0.0,0.0,-1.0,0.18406513377377623,0.0
1737371220.0,1.93499313691448e-05,1.93499313691448e-05,1.93499313691448e-05,1.93499313691448e-05,0.0,0.0,0.0,0.0,0.18406513377377623,0.0
1737371280.0,1.93499313691448e-05,1.93499313691448e-05,1.93499313691448e-05,1.93499313691448e-05,0.0,0.0,0.0,0.0,0.18406513377377623,0.0
1737371340.0,1.93499313691448e-05,1.93499313691448e-05,1.93499313691448e-05,1.93499313691448e-05,0.0,0.0,0.0,0.0,0.18406513377377623,0.0
1737371400.0,1.93499313691448e-05,1.93499313691448e-05,1.93499313691448e-05,1.93499313691448e-05,0.0,0.0,0.0,0.0,0.18406513377377623,0.0
1737371460.0,1.93499313691448e-05,1.93499313691448e-05,1.93499313691448e-05,1.93499313691448e-05,0.0,0.0,0.0,0.0,0.18406513377377623,0.0
1737371520.0,1.93499313691448e-05,1.93499313691448e-05,1.93499313691448e-05,1.93499313691448e-05,0.0,0.0,0.0,0.0,0.18406513377377623,0.0
1737371580.0,1.93499313691448e-05,1.93499313691448e-05,1.93499313691448e-05,1.93499313691448e-05,0.0,0.0,0.0,0.0,0.18406513377377623,0.0
1737371640.0,1.93499313691448e-05,1.93499313691448e-05,1.93499313691448e-05,1.93499313691448e-05,0.0,0.0,0.0,0.0,0.18406513377377623,0.0
1737371700.0,1.93499313691448e-05,1.93499313691448e-05,1.85465715604734e-05,1.85465715604734e-05,298.91470429128,0.005663910983440225,-0.04151745002839793,inf,0.18406513377377623,0.04151745002839793
1737371760.0,1.85465715604734e-05,1.85465715604734e-05,1.85465715604734e-05,1.85465715604734e-05,0.0,0.0,0.0,-1.0,0.17642321878035308,0.0
1737371820.0,1.85465715604734e-05,1.85465715604734e-05,1.74673210347382e-05,1.74673210347382e-05,265.24758592396,0.004776299035302327,-0.058191376353099615,inf,0.17642321878035308,0.058191376353099615
1737371880.0,1.74673210347382e-05,1.74673210347382e-05,1.74673210347382e-05,1.74673210347382e-05,0.0,0.0,0.0,-1.0,0.16615690885888032,0.0
1737371940.0,1.74673210347382e-05,1.74673210347382e-05,1.74673210347382e-05,1.74673210347382e-05,0.0,0.0,0.0,0.0,0.16615690885888032,0.0
1737372000.0,1.74673210347382e-05,1.74673210347382e-05,1.74673210347382e-05,1.74673210347382e-05,0.0,0.0,0.0,0.0,0.16615690885888032,0.0
1737372060.0,1.74673210347382e-05,1.74673210347382e-05,1.74673210347382e-05,1.74673210347382e-05,0.0,0.0,0.0,0.0,0.16615690885888032,0.0
1737372120.0,1.74673210347382e-05,1.74673210347382e-05,1.65772724179175e-05,1.65772724179175e-05,205.2383144918,0.003493627488890813,-0.050955072907322894,inf,0.16615690885888032,0.050955072907322894
1737372180.0,1.65772724179175e-05,1.65772724179175e-05,1.62345344309209e-05,1.62345344309209e-05,2.4673532856,4.0479159717477e-05,-0.020675173717128122,-0.9884134299245714,0.15769037145392067,0.020675173717128122
1737372240.0,1.62345344309209e-05,1.62345344309209e-05,1.62345344309209e-05,1.62345344309209e-05,0.0,0.0,0.0,-1.0,0.1544300956305924,0.0
1737372300.0,1.62345344309209e-05,1.62345344309209e-05,1.62345344309209e-05,1.62345344309209e-05,0.0,0.0,0.0,0.0,0.1544300956305924,0.0
1737372360.0,1.62345344309209e-05,1.62345344309209e-05,1.62345344309209e-05,1.62345344309209e-05,0.0,0.0,0.0,0.0,0.1544300956305924,0.0
1737372420.0,1.62345344309209e-05,1.62345344309209e-05,1.62345344309209e-05,1.62345344309209e-05,0.0,0.0,0.0,0.0,0.1544300956305924,0.0
1737372480.0,1.62345344309209e-05,1.62345344309209e-05,1.62345344309209e-05,1.62345344309209e-05,0.0,0.0,0.0,0.0,0.1544300956305924,0.0
1737372540.0,1.62345344309209e-05,1.62345344309209e-05,1.60267499194952e-05,1.60267499194952e-05,52.1074364645,0.0008405264122762374,-0.012798920246825413,inf,0.1544300956305924,0.012798920246825413
1737372600.0,1.60267499194952e-05,1.60267499194952e-05,1.60267499194952e-05,1.60267499194952e-05,0.0,0.0,0.0,-1.0,0.15245355715290682,0.0
1737372660.0,1.60267499194952e-05,1.60267499194952e-05,1.60267499194952e-05,1.60267499194952e-05,0.0,0.0,0.0,0.0,0.15245355715290682,0.0
1737372720.0,1.60267499194952e-05,1.60267499194952e-05,1.60267499194952e-05,1.60267499194952e-05,0.0,0.0,0.0,0.0,0.15245355715290682,0.0
1737372780.0,1.60267499194952e-05,1.60267499194952e-05,1.60267499194952e-05,1.60267499194952e-05,0.0,0.0,0.0,0.0,0.15245355715290682,0.0
1737372840.0,1.60267499194952e-05,1.60267499194952e-05,1.60267499194952e-05,1.60267499194952e-05,0.0,0.0,0.0,0.0,0.15245355715290682,0.0
1737372900.0,1.60267499194952e-05,1.60267499194952e-05,1.60267499194952e-05,1.60267499194952e-05,0.0,0.0,0.0,0.0,0.15245355715290682,0.0
1737372960.0,1.60267499194952e-05,1.60267499194952e-05,1.60267499194952e-05,1.60267499194952e-05,0.0,0.0,0.0,0.0,0.15245355715290682,0.0
1737373020.0,1.60267499194952e-05,1.60267499194952e-05,1.60267499194952e-05,1.60267499194952e-05,0.0,0.0,0.0,0.0,0.15245355715290682,0.0
1737373080.0,1.60267499194952e-05,1.60267499194952e-05,1.60267499194952e-05,1.60267499194952e-05,0.0,0.0,0.0,0.0,0.15245355715290682,0.0
1737373140.0,1.60267499194952e-05,1.60267499194952e-05,1.60267499194952e-05,1.60267499194952e-05,0.0,0.0,0.0,0.0,0.15245355715290682,0.0
1737373200.0,1.60267499194952e-05,1.60267499194952e-05,1.60267499194952e-05,1.60267499194952e-05,0.0,0.0,0.0,0.0,0.15245355715290682,0.0
1737373260.0,1.60267499194952e-05,1.60267499194952e-05,1.60267499194952e-05,1.60267499194952e-05,0.0,0.0,0.0,0.0,0.15245355715290682,0.0
1737373320.0,1.60267499194952e-05,1.60267499194952e-05,1.60267499194952e-05,1.60267499194952e-05,0.0,0.0,0.0,0.0,0.15245355715290682,0.0
1737373380.0,1.60267499194952e-05,1.60267499194952e-05,1.60267499194952e-05,1.60267499194952e-05,0.0,0.0,0.0,0.0,0.15245355715290682,0.0
1737373440.0,1.60267499194952e-05,1.60267499194952e-05,1.60267499194952e-05,1.60267499194952e-05,0.0,0.0,0.0,0.0,0.15245355715290682,0.0
1737373500.0,1.60267499194952e-05,1.60267499194952e-05,1.60267499194952e-05,1.60267499194952e-05,0.0,0.0,0.0,0.0,0.15245355715290682,0.0
1737373560.0,1.60267499194952e-05,1.60267499194952e-05,1.60267499194952e-05,1.60267499194952e-05,0.0,0.0,0.0,0.0,0.15245355715290682,0.0
1737373620.0,1.60267499194952e-05,1.60267499194952e-05,1.60267499194952e-05,1.60267499194952e-05,0.0,0.0,0.0,0.0,0.15245355715290682,0.0
1737373680.0,1.60267499194952e-05,1.60267499194952e-05,1.60267499194952e-05,1.60267499194952e-05,0.0,0.0,0.0,0.0,0.15245355715290682,0.0
1737373740.0,1.60267499194952e-05,1.60267499194952e-05,1.60267499194952e-05,1.60267499194952e-05,0.0,0.0,0.0,0.0,0.15245355715290682,0.0
1737373800.0,1.60267499194952e-05,1.60267499194952e-05,1.60267499194952e-05,1.60267499194952e-05,0.0,0.0,0.0,0.0,0.15245355715290682,0.0
1737373860.0,1.60267499194952e-05,1.60267499194952e-05,1.60267499194952e-05,1.60267499194952e-05,0.0,0.0,0.0,0.0,0.15245355715290682,0.0
1737373920.0,1.60267499194952e-05,1.60267499194952e-05,1.60267499194952e-05,1.60267499194952e-05,0.0,0.0,0.0,0.0,0.15245355715290682,0.0
1737373980.0,1.60267499194952e-05,1.60267499194952e-05,1.60267499194952e-05,1.60267499194952e-05,0.0,0.0,0.0,0.0,0.15245355715290682,0.0
1737374040.0,1.60267499194952e-05,1.60267499194952e-05,1.60267499194952e-05,1.60267499194952e-05,0.0,0.0,0.0,0.0,0.15245355715290682,0.0
1737374100.0,1.60267499194952e-05,1.60267499194952e-05,1.60267499194952e-05,1.60267499194952e-05,0.0,0.0,0.0,0.0,0.15245355715290682,0.0
1737374160.0,1.60267499194952e-05,1.60267499194952e-05,1.60267499194952e-05,1.60267499194952e-05,0.0,0.0,0.0,0.0,0.15245355715290682,0.0
1737374220.0,1.60267499194952e-05,1.60267499194952e-05,1.60267499194952e-05,1.60267499194952e-05,0.0,0.0,0.0,0.0,0.15245355715290682,0.0
1737374280.0,1.60267499194952e-05,1.60813762000896e-05,1.60267499194952e-05,1.60813762000896e-05,3.7032914156,5.945287391483026e-05,0.0034084440618838596,inf,0.15245355715290682,0.0034084440618838596
1737374340.0,1.60813762000896e-05,1.60813762000896e-05,1.60813762000896e-05,1.60813762000896e-05,0.0,0.0,0.0,-1.0,0.15297318657449774,0.0
1737374400.0,1.60813762000896e-05,1.6098890863795e-05,1.60813762000896e-05,1.6098890863795e-05,0.94625092936,1.5225303808126902e-05,0.0010891271671948203,inf,0.15297318657449774,0.0010891271671948203
1737374460.0,1.6098890863795e-05,1.6098890863795e-05,1.6098890863795e-05,1.6098890863795e-05,0.0,0.0,0.0,-1.0,0.15313979382784837,0.0
1737374520.0,1.6098890863795e-05,1.6098890863795e-05,1.6098890863795e-05,1.6098890863795e-05,0.0,0.0,0.0,0.0,0.15313979382784837,0.0
1737374580.0,1.6098890863795e-05,1.61361407846153e-05,1.6098890863795e-05,1.61361407846153e-05,11.21857331478,0.00018081553292597226,0.002313819078311214,inf,0.15313979382784837,0.002313819078311214
1737374640.0,1.61361407846153e-05,1.61361407846153e-05,1.61361407846153e-05,1.61361407846153e-05,0.0,0.0,0.0,-1.0,0.15349413160445588,0.0
1737374700.0,1.61361407846153e-05,1.61361407846153e-05,1.61361407846153e-05,1.61361407846153e-05,0.0,0.0,0.0,0.0,0.15349413160445588,0.0
1737374760.0,1.61361407846153e-05,1.61361407846153e-05,1.61361407846153e-05,1.61361407846153e-05,0.0,0.0,0.0,0.0,0.15349413160445588,0.0
1737374820.0,1.61361407846153e-05,1.61361407846153e-05,1.61361407846153e-05,1.61361407846153e-05,0.0,0.0,0.0,0.0,0.15349413160445588,0.0
1737374880.0,1.61361407846153e-05,1.61361407846153e-05,1.61361407846153e-05,1.61361407846153e-05,0.0,0.0,0.0,0.0,0.15349413160445588,0.0
1737374940.0,1.61361407846153e-05,1.61361407846153e-05,1.61361407846153e-05,1.61361407846153e-05,0.0,0.0,0.0,0.0,0.15349413160445588,0.0
1737375000.0,1.61361407846153e-05,1.61361407846153e-05,1.61361407846153e-05,1.61361407846153e-05,0.0,0.0,0.0,0.0,0.15349413160445588,0.0
1737375060.0,1.61361407846153e-05,1.61361407846153e-05,1.6066342644317e-05,1.6066342644317e-05,0.58868628,9.478580088269901e-06,-0.004325578292229885,inf,0.15349413160445588,0.004325578292229885
1737375120.0,1.6066342644317e-05,1.6066342644317e-05,1.6066342644317e-05,1.6066342644317e-05,0.0,0.0,0.0,-1.0,0.15283018072080298,0.0
1737375180.0,1.6066342644317e-05,1.6066342644317e-05,1.6066342644317e-05,1.6066342644317e-05,0.0,0.0,0.0,0.0,0.15283018072080298,0.0
1737375240.0,1.6066342644317e-05,1.6066342644317e-05,1.6066342644317e-05,1.6066342644317e-05,0.0,0.0,0.0,0.0,0.15283018072080298,0.0
1737375300.0,1.6066342644317e-05,1.6066342644317e-05,1.6066342644317e-05,1.6066342644317e-05,0.0,0.0,0.0,0.0,0.15283018072080298,0.0
1737375360.0,1.6066342644317e-05,1.6066342644317e-05,1.6066342644317e-05,1.6066342644317e-05,0.0,0.0,0.0,0.0,0.15283018072080298,0.0
1737375420.0,1.6066342644317e-05,1.6066342644317e-05,1.58974547963001e-05,1.58974547963001e-05,1.21443795116,1.9409024337538143e-05,-0.010511903782696886,inf,0.15283018072080298,0.010511903782696886
1737375480.0,1.58974547963001e-05,1.58974547963001e-05,1.58974547963001e-05,1.58974547963001e-05,0.0,0.0,0.0,-1.0,0.15122364456597373,0.0
1737375540.0,1.58974547963001e-05,1.58974547963001e-05,1.58974547963001e-05,1.58974547963001e-05,0.0,0.0,0.0,0.0,0.15122364456597373,0.0
1737375600.0,1.58974547963001e-05,1.58974547963001e-05,1.56274260588005e-05,1.56274260588005e-05,2.89276421216,4.559702356512148e-05,-0.016985658456625877,inf,0.15122364456597373,0.016985658456625877
1737375660.0,1.56274260588005e-05,1.56274260588005e-05,1.56274260588005e-05,1.56274260588005e-05,0.0,0.0,0.0,-1.0,0.1486550113888099,0.0
1737375720.0,1.56274260588005e-05,1.56274260588005e-05,1.56274260588005e-05,1.56274260588005e-05,0.0,0.0,0.0,0.0,0.1486550113888099,0.0
1737375780.0,1.56274260588005e-05,1.56274260588005e-05,1.56274260588005e-05,1.56274260588005e-05,0.0,0.0,0.0,0.0,0.1486550113888099,0.0
1737375840.0,1.56274260588005e-05,1.56274260588005e-05,1.56274260588005e-05,1.56274260588005e-05,0.0,0.0,0.0,0.0,0.1486550113888099,0.0
1737375900.0,1.56274260588005e-05,1.56274260588005e-05,1.56274260588005e-05,1.56274260588005e-05,0.0,0.0,0.0,0.0,0.1486550113888099,0.0
1737375960.0,1.56274260588005e-05,1.56274260588005e-05,1.56274260588005e-05,1.56274260588005e-05,0.0,0.0,0.0,0.0,0.1486550113888099,0.0
1737376020.0,1.56274260588005e-05,1.56274260588005e-05,1.56274260588005e-05,1.56274260588005e-05,0.0,0.0,0.0,0.0,0.1486550113888099,0.0
1737376080.0,1.56274260588005e-05,1.56274260588005e-05,1.56274260588005e-05,1.56274260588005e-05,0.0,0.0,0.0,0.0,0.1486550113888099,0.0
1737376140.0,1.56274260588005e-05,1.56274260588005e-05,1.56274260588005e-05,1.56274260588005e-05,0.0,0.0,0.0,0.0,0.1486550113888099,0.0
1737376200.0,1.56274260588005e-05,1.56274260588005e-05,1.56274260588005e-05,1.56274260588005e-05,0.0,0.0,0.0,0.0,0.1486550113888099,0.0
1737376260.0,1.56274260588005e-05,1.57226072159356e-05,1.56274260588005e-05,1.57226072159356e-05,2.11360589484,3.313080756645619e-05,0.006090648375296628,inf,0.1486550113888099,0.006090648375296628
1737376320.0,1.57226072159356e-05,1.57226072159356e-05,1.57226072159356e-05,1.57226072159356e-05,0.0,0.0,0.0,-1.0,0.14956041679240487,0.0
1737376380.0,1.57226072159356e-05,1.57283088806859e-05,1.57226072159356e-05,1.57283088806859e-05,0.84602399868,1.330411489910645e-05,0.00036264117471058397,inf,0.14956041679240487,0.00036264117471058397
1737376440.0,1.57283088806859e-05,1.57283088806859e-05,1.57283088806859e-05,1.57283088806859e-05,0.0,0.0,0.0,-1.0,0.14961465355764067,0.0
1737376500.0,1.57283088806859e-05,1.57283088806859e-05,1.57283088806859e-05,1.57283088806859e-05,0.0,0.0,0.0,0.0,0.14961465355764067,0.0
1737376560.0,1.57283088806859e-05,1.57283088806859e-05,1.57283088806859e-05,1.57283088806859e-05,0.0,0.0,0.0,0.0,0.14961465355764067,0.0
1737376620.0,1.57283088806859e-05,1.57283088806859e-05,1.57283088806859e-05,1.57283088806859e-05,0.0,0.0,0.0,0.0,0.14961465355764067,0.0
1737376680.0,1.57283088806859e-05,1.58032388045158e-05,1.57283088806859e-05,1.58032388045158e-05,17.6552439,0.00027834858246335813,0.004764016551195224,inf,0.14961465355764067,0.004764016551195224
1737376740.0,1.58032388045158e-05,1.58032388045158e-05,1.54064361411108e-05,1.54064361411108e-05,174.72631851356,0.0027265758026271134,-0.025108945597380396,8.795544056654359,0.1503274202434906,0.025108945597380396
1737376800.0,1.54064361411108e-05,1.54064361411108e-05,1.54064361411108e-05,1.54064361411108e-05,0.0,0.0,0.0,-1.0,0.14655285722680225,0.0
1737376860.0,1.54064361411108e-05,1.54064361411108e-05,1.54064361411108e-05,1.54064361411108e-05,0.0,0.0,0.0,0.0,0.14655285722680225,0.0
1737376920.0,1.54064361411108e-05,1.54064361411108e-05,1.54064361411108e-05,1.54064361411108e-05,0.0,0.0,0.0,0.0,0.14655285722680225,0.0
1737376980.0,1.54064361411108e-05,1.54064361411108e-05,1.54064361411108e-05,1.54064361411108e-05,0.0,0.0,0.0,0.0,0.14655285722680225,0.0
1737377040.0,1.54064361411108e-05,1.54064361411108e-05,1.54064361411108e-05,1.54064361411108e-05,0.0,0.0,0.0,0.0,0.14655285722680225,0.0
1737377100.0,1.54064361411108e-05,1.54064361411108e-05,1.54064361411108e-05,1.54064361411108e-05,0.0,0.0,0.0,0.0,0.14655285722680225,0.0
1737377160.0,1.54064361411108e-05,1.54064361411108e-05,1.54064361411108e-05,1.54064361411108e-05,0.0,0.0,0.0,0.0,0.14655285722680225,0.0
1737377220.0,1.54064361411108e-05,1.54064361411108e-05,1.54064361411108e-05,1.54064361411108e-05,0.0,0.0,0.0,0.0,0.14655285722680225,0.0
1737377280.0,1.54064361411108e-05,1.54064361411108e-05,1.54064361411108e-05,1.54064361411108e-05,0.0,0.0,0.0,0.0,0.14655285722680225,0.0
1737377340.0,1.54064361411108e-05,1.54064361411108e-05,1.49909091845913e-05,1.49909091845913e-05,56.37549823638,0.0008568327438998763,-0.026970997881249178,inf,0.14655285722680225,0.026970997881249178
1737377400.0,1.49909091845913e-05,1.49909091845913e-05,1.4926312329347e-05,1.4926312329347e-05,4.2375708018,6.338817217922386e-05,-0.004309068546069042,-0.926020366716248,0.14260018042504716,0.004309068546069042
1737377460.0,1.4926312329347e-05,1.4926312329347e-05,1.4926312329347e-05,1.4926312329347e-05,0.0,0.0,0.0,-1.0,0.1419857064729138,0.0
1737377520.0,1.4926312329347e-05,1.4926312329347e-05,1.4926312329347e-05,1.4926312329347e-05,0.0,0.0,0.0,0.0,0.1419857064729138,0.0
1737377580.0,1.4926312329347e-05,1.4926312329347e-05,1.4926312329347e-05,1.4926312329347e-05,0.0,0.0,0.0,0.0,0.1419857064729138,0.0
1737377640.0,1.4926312329347e-05,1.49779869550382e-05,1.4926312329347e-05,1.49779869550382e-05,12.6975,0.00018985492008174055,0.0034619820723970807,inf,0.1419857064729138,0.0034619820723970807
1737377700.0,1.49779869550382e-05,1.49779869550382e-05,1.44810728502084e-05,1.44810728502084e-05,195.99834574406,0.002886963494501832,-0.03317629440601497,14.206155801803147,0.14247725844325967,0.03317629440601497
1737377760.0,1.44810728502084e-05,1.44810728502084e-05,1.44456480708681e-05,1.44456480708681e-05,75.5731215,0.0010930412973825532,-0.002446281412070285,-0.6213872120433009,0.1377503909709842,0.002446281412070285
1737377820.0,1.44456480708681e-05,1.44456480708681e-05,1.44456480708681e-05,1.44456480708681e-05,0.0,0.0,0.0,-1.0,0.13741341475004648,0.0
1737377880.0,1.44456480708681e-05,1.44456480708681e-05,1.44456480708681e-05,1.44456480708681e-05,0.0,0.0,0.0,0.0,0.13741341475004648,0.0
1737377940.0,1.44456480708681e-05,1.44456480708681e-05,1.44456480708681e-05,1.44456480708681e-05,0.0,0.0,0.0,0.0,0.13741341475004648,0.0
1737378000.0,1.44456480708681e-05,1.44456480708681e-05,1.44456480708681e-05,1.44456480708681e-05,0.0,0.0,0.0,0.0,0.13741341475004648,0.0
1737378060.0,1.44456480708681e-05,1.44456480708681e-05,1.44456480708681e-05,1.44456480708681e-05,0.0,0.0,0.0,0.0,0.13741341475004648,0.0
1737378120.0,1.44456480708681e-05,1.44456480708681e-05,1.44456480708681e-05,1.44456480708681e-05,0.0,0.0,0.0,0.0,0.13741341475004648,0.0
1737378180.0,1.44456480708681e-05,1.44456480708681e-05,1.44456480708681e-05,1.44456480708681e-05,0.0,0.0,0.0,0.0,0.13741341475004648,0.0
1737378240.0,1.44456480708681e-05,1.44456480708681e-05,1.44456480708681e-05,1.44456480708681e-05,0.0,0.0,0.0,0.0,0.13741341475004648,0.0
1737378300.0,1.44456480708681e-05,1.44456480708681e-05,1.44456480708681e-05,1.44456480708681e-05,0.0,0.0,0.0,0.0,0.13741341475004648,0.0
1737378360.0,1.44456480708681e-05,1.44456480708681e-05,1.44456480708681e-05,1.44456480708681e-05,0.0,0.0,0.0,0.0,0.13741341475004648,0.0
1737378420.0,1.44456480708681e-05,1.44456480708681e-05,1.44456480708681e-05,1.44456480708681e-05,0.0,0.0,0.0,0.0,0.13741341475004648,0.0
1737378480.0,1.44456480708681e-05,1.44456480708681e-05,1.44456480708681e-05,1.44456480708681e-05,0.0,0.0,0.0,0.0,0.13741341475004648,0.0
1737378540.0,1.44456480708681e-05,1.44456480708681e-05,1.44456480708681e-05,1.44456480708681e-05,0.0,0.0,0.0,0.0,0.13741341475004648,0.0
1737378600.0,1.44456480708681e-05,1.44456480708681e-05,1.44456480708681e-05,1.44456480708681e-05,0.0,0.0,0.0,0.0,0.13741341475004648,0.0
1737378660.0,1.44456480708681e-05,1.44456480708681e-05,1.44456480708681e-05,1.44456480708681e-05,0.0,0.0,0.0,0.0,0.13741341475004648,0.0
1737378720.0,1.44456480708681e-05,1.44456480708681e-05,1.44456480708681e-05,1.44456480708681e-05,0.0,0.0,0.0,0.0,0.13741341475004648,0.0
1737378780.0,1.44456480708681e-05,1.44456480708681e-05,1.44456480708681e-05,1.44456480708681e-05,0.0,0.0,0.0,0.0,0.13741341475004648,0.0
1737378840.0,1.44456480708681e-05,1.44456480708681e-05,1.44456480708681e-05,1.44456480708681e-05,0.0,0.0,0.0,0.0,0.13741341475004648,0.0
1737378900.0,1.44456480708681e-05,1.44456480708681e-05,1.44456480708681e-05,1.44456480708681e-05,0.0,0.0,0.0,0.0,0.13741341475004648,0.0
1737378960.0,1.44456480708681e-05,1.44456480708681e-05,1.44456480708681e-05,1.44456480708681e-05,0.0,0.0,0.0,0.0,0.13741341475004648,0.0
1737379020.0,1.44456480708681e-05,1.44456480708681e-05,1.44456480708681e-05,1.44456480708681e-05,0.0,0.0,0.0,0.0,0.13741341475004648,0.0
1737379080.0,1.44456480708681e-05,1.44456480708681e-05,1.44456480708681e-05,1.44456480708681e-05,0.0,0.0,0.0,0.0,0.13741341475004648,0.0
1737379140.0,1.44456480708681e-05,1.44456480708681e-05,1.44456480708681e-05,1.44456480708681e-05,0.0,0.0,0.0,0.0,0.13741341475004648,0.0
1737379200.0,1.44456480708681e-05,1.44456480708681e-05,1.44456480708681e-05,1.44456480708681e-05,0.0,0.0,0.0,0.0,0.13741341475004648,0.0
1737379260.0,1.44456480708681e-05,1.44456480708681e-05,1.44456480708681e-05,1.44456480708681e-05,0.0,0.0,0.0,0.0,0.13741341475004648,0.0
1737379320.0,1.44456480708681e-05,1.44456480708681e-05,1.44456480708681e-05,1.44456480708681e-05,0.0,0.0,0.0,0.0,0.13741341475004648,0.0
1737379380.0,1.44456480708681e-05,1.44456480708681e-05,1.44456480708681e-05,1.44456480708681e-05,0.0,0.0,0.0,0.0,0.13741341475004648,0.0
1737379440.0,1.44456480708681e-05,1.45910538036567e-05,1.44456480708681e-05,1.45910538036567e-05,11.8444119912,0.00017196132993376053,0.01006571197604026,inf,0.13741341475004648,0.01006571197604026
1737379500.0,1.45910538036567e-05,1.46297630865475e-05,1.45471233381564e-05,1.45471233381564e-05,21.10180973538,0.0003074341350411693,-0.0030107808586992465,0.7878097079127783,0.13879657860456462,0.005663727205939683
1737379560.0,1.45471233381564e-05,1.45471233381564e-05,1.45471233381564e-05,1.45471233381564e-05,0.0,0.0,0.0,-1.0,0.13837869252244905,0.0
1737379620.0,1.45471233381564e-05,1.45471233381564e-05,1.45471233381564e-05,1.45471233381564e-05,0.0,0.0,0.0,0.0,0.13837869252244905,0.0
1737379680.0,1.45471233381564e-05,1.45471233381564e-05,1.45471233381564e-05,1.45471233381564e-05,0.0,0.0,0.0,0.0,0.13837869252244905,0.0
1737379740.0,1.45471233381564e-05,1.45471233381564e-05,1.45471233381564e-05,1.45471233381564e-05,0.0,0.0,0.0,0.0,0.13837869252244905,0.0
1737379800.0,1.45471233381564e-05,1.45471233381564e-05,1.45471233381564e-05,1.45471233381564e-05,0.0,0.0,0.0,0.0,0.13837869252244905,0.0
1737379860.0,1.45471233381564e-05,1.45471233381564e-05,1.45471233381564e-05,1.45471233381564e-05,0.0,0.0,0.0,0.0,0.13837869252244905,0.0
1737379920.0,1.45471233381564e-05,1.45471233381564e-05,1.45471233381564e-05,1.45471233381564e-05,0.0,0.0,0.0,0.0,0.13837869252244905,0.0
1737379980.0,1.45471233381564e-05,1.45471233381564e-05,1.45471233381564e-05,1.45471233381564e-05,0.0,0.0,0.0,0.0,0.13837869252244905,0.0
1737380040.0,1.45471233381564e-05,1.45471233381564e-05,1.45471233381564e-05,1.45471233381564e-05,0.0,0.0,0.0,0.0,0.13837869252244905,0.0
1737380100.0,1.45471233381564e-05,1.45471233381564e-05,1.45471233381564e-05,1.45471233381564e-05,0.0,0.0,0.0,0.0,0.13837869252244905,0.0
1737380160.0,1.45471233381564e-05,1.45471233381564e-05,1.45471233381564e-05,1.45471233381564e-05,0.0,0.0,0.0,0.0,0.13837869252244905,0.0
1737380220.0,1.45471233381564e-05,1.45471233381564e-05,1.45471233381564e-05,1.45471233381564e-05,0.0,0.0,0.0,0.0,0.13837869252244905,0.0
1737380280.0,1.45471233381564e-05,1.45471233381564e-05,1.43742473014844e-05,1.43742473014844e-05,105.72602963072,0.0015288708446038494,-0.011883864091435424,inf,0.13837869252244905,0.011883864091435424
1737380340.0,1.43742473014844e-05,1.43742473014844e-05,1.43591715610961e-05,1.43591715610961e-05,60.5560608,0.0008699913298171458,-0.0010488020744392737,-0.43095825727347686,0.13673421894736174,0.0010488020744392737
1737380400.0,1.43591715610961e-05,1.43591715610961e-05,1.43591715610961e-05,1.43591715610961e-05,0.0,0.0,0.0,-1.0,0.13659081181488292,0.0
1737380460.0,1.43591715610961e-05,1.43591715610961e-05,1.43591715610961e-05,1.43591715610961e-05,0.0,0.0,0.0,0.0,0.13659081181488292,0.0
1737380520.0,1.43591715610961e-05,1.43591715610961e-05,1.43591715610961e-05,1.43591715610961e-05,0.0,0.0,0.0,0.0,0.13659081181488292,0.0
1737380580.0,1.43591715610961e-05,1.43591715610961e-05,1.4296329798214e-05,1.4296329798214e-05,21.45034662532,0.0003073352184397651,-0.004376419810482664,inf,0.13659081181488292,0.004376419810482664
1737380640.0,1.4296329798214e-05,1.4296329798214e-05,1.415638821262e-05,1.415638821262e-05,56.62555285048,0.0008055754437311424,-0.009788637193546125,1.6211621558400342,0.13599303308012634,0.009788637193546125
1737380700.0,1.415638821262e-05,1.415638821262e-05,1.415638821262e-05,1.415638821262e-05,0.0,0.0,0.0,-1.0,0.13466184661845507,0.0
1737380760.0,1.415638821262e-05,1.415638821262e-05,1.415638821262e-05,1.415638821262e-05,0.0,0.0,0.0,0.0,0.13466184661845507,0.0
1737380820.0,1.415638821262e-05,1.415638821262e-05,1.415638821262e-05,1.415638821262e-05,0.0,0.0,0.0,0.0,0.13466184661845507,0.0
1737380880.0,1.415638821262e-05,1.415638821262e-05,1.415638821262e-05,1.415638821262e-05,0.0,0.0,0.0,0.0,0.13466184661845507,0.0
1737380940.0,1.415638821262e-05,1.415638821262e-05,1.40820345898495e-05,1.40820345898495e-05,9.67626528951,0.00013662123519702168,-0.005252301763257402,inf,0.13466184661845507,0.005252301763257402
1737381000.0,1.40820345898495e-05,1.40820345898495e-05,1.40820345898495e-05,1.40820345898495e-05,0.0,0.0,0.0,-1.0,0.13395456196401745,0.0
1737381060.0,1.40820345898495e-05,1.40820345898495e-05,1.40820345898495e-05,1.40820345898495e-05,0.0,0.0,0.0,0.0,0.13395456196401745,0.0
1737381120.0,1.40820345898495e-05,1.40820345898495e-05,1.40820345898495e-05,1.40820345898495e-05,0.0,0.0,0.0,0.0,0.13395456196401745,0.0
1737381180.0,1.40820345898495e-05,1.40820345898495e-05,1.40820345898495e-05,1.40820345898495e-05,0.0,0.0,0.0,0.0,0.13395456196401745,0.0
1737381240.0,1.40820345898495e-05,1.40820345898495e-05,1.40820345898495e-05,1.40820345898495e-05,0.0,0.0,0.0,0.0,0.13395456196401745,0.0
1737381300.0,1.40820345898495e-05,1.40820345898495e-05,1.40820345898495e-05,1.40820345898495e-05,0.0,0.0,0.0,0.0,0.13395456196401745,0.0
1737381360.0,1.40820345898495e-05,1.40820345898495e-05,1.40820345898495e-05,1.40820345898495e-05,0.0,0.0,0.0,0.0,0.13395456196401745,0.0
1737381420.0,1.40820345898495e-05,1.40820345898495e-05,1.40820345898495e-05,1.40820345898495e-05,0.0,0.0,0.0,0.0,0.13395456196401745,0.0
1737381480.0,1.40820345898495e-05,1.41591882197685e-05,1.40820345898495e-05,1.41591882197685e-05,20.95599676752,0.0002959114869545834,0.005478869507579085,inf,0.13395456196401745,0.005478869507579085
1737381540.0,1.41591882197685e-05,1.41591882197685e-05,1.41591882197685e-05,1.41591882197685e-05,0.0,0.0,0.0,-1.0,0.13468848152896323,0.0
1737381600.0,1.41591882197685e-05,1.41591882197685e-05,1.41591882197685e-05,1.41591882197685e-05,0.0,0.0,0.0,0.0,0.13468848152896323,0.0
1737381660.0,1.41591882197685e-05,1.41591882197685e-05,1.41591882197685e-05,1.41591882197685e-05,0.0,0.0,0.0,0.0,0.13468848152896323,0.0
1737381720.0,1.41591882197685e-05,1.41591882197685e-05,1.41591882197685e-05,1.41591882197685e-05,0.0,0.0,0.0,0.0,0.13468848152896323,0.0
1737381780.0,1.41591882197685e-05,1.41591882197685e-05,1.41591882197685e-05,1.41591882197685e-05,0.0,0.0,0.0,0.0,0.13468848152896323,0.0
1737381840.0,1.41591882197685e-05,1.41591882197685e-05,1.41591882197685e-05,1.41591882197685e-05,0.0,0.0,0.0,0.0,0.13468848152896323,0.0
1737381900.0,1.41591882197685e-05,1.41591882197685e-05,1.41591882197685e-05,1.41591882197685e-05,0.0,0.0,0.0,0.0,0.13468848152896323,0.0
1737381960.0,1.41591882197685e-05,1.41591882197685e-05,1.41591882197685e-05,1.41591882197685e-05,0.0,0.0,0.0,0.0,0.13468848152896323,0.0
1737382020.0,1.41591882197685e-05,1.41591882197685e-05,1.41591882197685e-05,1.41591882197685e-05,0.0,0.0,0.0,0.0,0.13468848152896323,0.0
1737382080.0,1.41591882197685e-05,1.41591882197685e-05,1.41591882197685e-05,1.41591882197685e-05,0.0,0.0,0.0,0.0,0.13468848152896323,0.0
1737382140.0,1.41591882197685e-05,1.41591882197685e-05,1.41591882197685e-05,1.41591882197685e-05,0.0,0.0,0.0,0.0,0.13468848152896323,0.0
1737382200.0,1.41591882197685e-05,1.41591882197685e-05,1.41591882197685e-05,1.41591882197685e-05,0.0,0.0,0.0,0.0,0.13468848152896323,0.0
1737382260.0,1.41591882197685e-05,1.41591882197685e-05,1.41591882197685e-05,1.41591882197685e-05,0.0,0.0,0.0,0.0,0.13468848152896323,0.0
1737382320.0,1.41591882197685e-05,1.41591882197685e-05,1.4097234186512e-05,1.4097234186512e-05,3.13307585824,4.426475744067462e-05,-0.004375535680075391,inf,0.13468848152896323,0.004375535680075391
1737382380.0,1.4097234186512e-05,1.4097234186512e-05,1.4097234186512e-05,1.4097234186512e-05,0.0,0.0,0.0,-1.0,0.13409914727233807,0.0
1737382440.0,1.4097234186512e-05,1.4097234186512e-05,1.4097234186512e-05,1.4097234186512e-05,0.0,0.0,0.0,0.0,0.13409914727233807,0.0
1737382500.0,1.4097234186512e-05,1.4097234186512e-05,1.4097234186512e-05,1.4097234186512e-05,0.0,0.0,0.0,0.0,0.13409914727233807,0.0
1737382560.0,1.4097234186512e-05,1.4097234186512e-05,1.4097234186512e-05,1.4097234186512e-05,0.0,0.0,0.0,0.0,0.13409914727233807,0.0
1737382620.0,1.4097234186512e-05,1.4097234186512e-05,1.4097234186512e-05,1.4097234186512e-05,0.0,0.0,0.0,0.0,0.13409914727233807,0.0
1737382680.0,1.4097234186512e-05,1.4112058538873e-05,1.4097234186512e-05,1.4112058538873e-05,3.59134980925,5.065471902419442e-05,0.0010515787823956893,inf,0.13409914727233807,0.0010515787823956893
1737382740.0,1.4112058538873e-05,1.4112058538873e-05,1.4112058538873e-05,1.4112058538873e-05,0.0,0.0,0.0,-1.0,0.13424016309034703,0.0
1737382800.0,1.4112058538873e-05,1.4112058538873e-05,1.4112058538873e-05,1.4112058538873e-05,0.0,0.0,0.0,0.0,0.13424016309034703,0.0
1737382860.0,1.4112058538873e-05,1.4112058538873e-05,1.4112058538873e-05,1.4112058538873e-05,0.0,0.0,0.0,0.0,0.13424016309034703,0.0
1737382920.0,1.4112058538873e-05,1.4112058538873e-05,1.4112058538873e-05,1.4112058538873e-05,0.0,0.0,0.0,0.0,0.13424016309034703,0.0
1737382980.0,1.4112058538873e-05,1.4112058538873e-05,1.4112058538873e-05,1.4112058538873e-05,0.0,0.0,0.0,0.0,0.13424016309034703,0.0
1737383040.0,1.4112058538873e-05,1.4112058538873e-05,1.4112058538873e-05,1.4112058538873e-05,0.0,0.0,0.0,0.0,0.13424016309034703,0.0
1737383100.0,1.4112058538873e-05,1.4112058538873e-05,1.40789875201046e-05,1.40789875201046e-05,0.27924279858,3.936073298203293e-06,-0.0023434581622023224,inf,0.13424016309034703,0.0023434581622023224
1737383160.0,1.40789875201046e-05,1.40789875201046e-05,1.40789875201046e-05,1.40789875201046e-05,0.0,0.0,0.0,-1.0,0.13392557688445758,0.0
1737383220.0,1.40789875201046e-05,1.40789875201046e-05,1.40789875201046e-05,1.40789875201046e-05,0.0,0.0,0.0,0.0,0.13392557688445758,0.0
1737383280.0,1.40789875201046e-05,1.40789875201046e-05,1.40789875201046e-05,1.40789875201046e-05,0.0,0.0,0.0,0.0,0.13392557688445758,0.0
1737383340.0,1.40789875201046e-05,1.40789875201046e-05,1.40789875201046e-05,1.40789875201046e-05,0.0,0.0,0.0,0.0,0.13392557688445758,0.0
1737383400.0,1.40789875201046e-05,1.40789875201046e-05,1.40526558753861e-05,1.40526558753861e-05,0.64632136652,9.09104110091344e-06,-0.0018702797115843477,inf,0.13392557688445758,0.0018702797115843477
1737383460.0,1.40526558753861e-05,1.40526558753861e-05,1.40526558753861e-05,1.40526558753861e-05,0.0,0.0,0.0,-1.0,0.13367509859514834,0.0
1737383520.0,1.40526558753861e-05,1.40526558753861e-05,1.40526558753861e-05,1.40526558753861e-05,0.0,0.0,0.0,0.0,0.13367509859514834,0.0
1737383580.0,1.40526558753861e-05,1.40526558753861e-05,1.40526558753861e-05,1.40526558753861e-05,0.0,0.0,0.0,0.0,0.13367509859514834,0.0
1737383640.0,1.40526558753861e-05,1.40526558753861e-05,1.40526558753861e-05,1.40526558753861e-05,0.0,0.0,0.0,0.0,0.13367509859514834,0.0
1737383700.0,1.40526558753861e-05,1.40526558753861e-05,1.40526558753861e-05,1.40526558753861e-05,0.0,0.0,0.0,0.0,0.13367509859514834,0.0
1737383760.0,1.40526558753861e-05,1.40526558753861e-05,1.40526558753861e-05,1.40526558753861e-05,0.0,0.0,0.0,0.0,0.13367509859514834,0.0
1737383820.0,1.40526558753861e-05,1.40526558753861e-05,1.39044611606008e-05,1.39044611606008e-05,105.2912337572,0.0014718196725067476,-0.010545673081262188,inf,0.13367509859514834,0.010545673081262188
1737383880.0,1.39044611606008e-05,1.39044611606008e-05,1.39044611606008e-05,1.39044611606008e-05,0.0,0.0,0.0,-1.0,0.13226540470625842,0.0
1737383940.0,1.39044611606008e-05,1.39044611606008e-05,1.39044611606008e-05,1.39044611606008e-05,0.0,0.0,0.0,0.0,0.13226540470625842,0.0
1737384000.0,1.39044611606008e-05,1.39044611606008e-05,1.39044611606008e-05,1.39044611606008e-05,0.0,0.0,0.0,0.0,0.13226540470625842,0.0
1737384060.0,1.39044611606008e-05,1.39044611606008e-05,1.39044611606008e-05,1.39044611606008e-05,0.0,0.0,0.0,0.0,0.13226540470625842,0.0
1737384120.0,1.39044611606008e-05,1.39044611606008e-05,1.36720771239625e-05,1.36720771239625e-05,2.56980606318,3.5433177642593084e-05,-0.01671291206140189,inf,0.13226540470625842,0.01671291206140189
1737384180.0,1.36720771239625e-05,1.36720771239625e-05,1.36720771239625e-05,1.36720771239625e-05,0.0,0.0,0.0,-1.0,0.130054864628637,0.0
1737384240.0,1.36720771239625e-05,1.36720771239625e-05,1.36720771239625e-05,1.36720771239625e-05,0.0,0.0,0.0,0.0,0.130054864628637,0.0
