time,open,high,low,close,volume,usd_vol,price_change,vol_change,norm_open,mov_in_min
1736851260.0,0.0004461363837227,0.0004461363837227,0.0004326998740583,0.0004326998740583,1530.3483008902,0.6724627869279276,-0.030117493561680884,0.0,1.0,0.030117493561680884
1736851320.0,0.0004326998740583,0.0004373653394908,0.0003886150377656,0.0004022324548013,3726.35111812817,1.5556255086036637,-0.07041235989103838,1.3133257911718328,0.9698825064383191,0.1126653938397764
1736851380.0,0.0004022324548013,0.0004381843312712,0.0004022324548013,0.0004381843312712,2043.14804073867,0.8585479549339592,0.08938084443648385,-0.4481011334761439,0.9015907903429619,0.08938084443648385
1736851440.0,0.0004381843312712,0.0004574619949604,0.0004381843312712,0.0004574619949604,1064.95084544178,0.47690965616858344,0.04399441585068605,-0.44451599537585756,0.9821757365199727,0.04399441585068605
1736851500.0,0.0004574619949604,0.0008408019616193,0.0004102692899337,0.0004236894060379,31740.35678672416,13.984029925403949,-0.07382599930607016,28.32217820404273,1.0253859843108861,0.9411332010714222
1736851560.0,0.0004236894060379,0.0004269910143723,0.0003355732984356,0.0003516361335766,7224.79271248342,2.800783154204557,-0.17006153902950005,-0.7997155920614456,0.9496858393446966,0.21576587621481022
1736851620.0,0.0003516361335766,0.0003605815404207,0.0003420447163737,0.0003577226745065,2520.65662094452,0.8940249881099895,0.01730920218008297,-0.6807946424670999,0.7881808039112149,0.0527159250059322
1736851680.0,0.0003577226745065,0.0003714286770017,0.0003577226745065,0.0003714286770017,1163.81972344344,0.42430036213034195,0.03831460366360131,-0.5254043591920929,0.8018235848005745,0.03831460366360131
1736851740.0,0.0003714286770017,0.0004112010085632,0.0003714286770017,0.0004112010085632,2121.58218818164,0.8302066004183447,0.10707932376830973,0.9566483428154873,0.8325451376603366,0.10707932376830973
1736851800.0,0.0004112010085632,0.0004260434900332,0.0004112010085632,0.0004211441062903,644.09555233453,0.2680548932422564,0.024180625825415,-0.6771226666866026,0.9216935080075997,0.03609544033430746
1736851860.0,0.0004211441062903,0.0004247861525172,0.0004176322063932,0.0004176322063932,665.85837966839,0.2792531182338311,-0.008338950598252523,0.04177586484666116,0.9439806338504456,0.016986931592172693
1736851920.0,0.0004176322063932,0.0004438008577492,0.0004097939029741,0.0004097939029741,2817.68680128498,1.1657138137014118,-0.018768436196034743,3.174398556671828,0.9361088259790596,0.08142799873791949
1736851980.0,0.0004097939029741,0.0004097939029741,0.0003871737911794,0.0003871737911794,1265.2543912662,0.5041834373625068,-0.05519875144684537,-0.5674895232118702,0.9185395272061267,0.05519875144684537
1736852040.0,0.0003871737911794,0.0003871737911794,0.0003813822338471,0.0003813822338471,239.51402470917,0.09203997338428929,-0.01495854694776184,-0.8174474475683485,0.8678372921497729,0.01495854694776184
1736852100.0,0.0003813822338471,0.0003813822338471,0.0003762016884581,0.0003762016884581,263.7611422539,0.09991060035020469,-0.013583604397988103,0.08551313822151611,0.854855707272132,0.013583604397988103
1736852160.0,0.0003762016884581,0.0003762016884581,0.000351291164159,0.000351291164159,1136.27119269728,0.41331458566098933,-0.06621587585424796,3.136844180820124,0.843243685527185,0.06621587585424796
1736852220.0,0.000351291164159,0.000377972699986,0.0003452194594594,0.0003570391559063,2829.77155343168,1.0022064950769713,0.01636247174352038,1.4248031157047176,0.7874075663314384,0.09323673313848384
1736852280.0,0.0003570391559063,0.0004518921969416,0.0003570391559063,0.0004496141293486,4690.8558447718,1.8919471389211608,0.2592852125905066,0.8877817577662532,0.8002915003861707,0.2656656544981102
1736852340.0,0.0004496141293486,0.0004496141293486,0.0004288331824815,0.0004288331824815,1398.24788227641,0.6141435467289214,-0.04621951471411139,-0.6753907473973493,1.0077952521981746,0.04621951471411139
1736852400.0,0.0004288331824815,0.0005854650968829,0.000420711834911,0.0005854650968829,13504.04205091914,6.848563308355893,0.36525138632003396,10.151404821939456,0.9612154447103893,0.38418963061238276
1736852460.0,0.0005854650968829,0.0007267777243333,0.0005854650968829,0.0007112531598953,27486.25719291476,17.82096575627684,0.2148515149444667,1.6021466041693129,1.312300718443087,0.24136815021556138
1736852520.0,0.0007112531598953,0.0007874131723902,0.0006680077294342,0.0007142198261368,25990.77300073922,18.524572399323112,0.004171041211172532,0.039481959208549015,1.5942505158632962,0.16788036902862707
1736852580.0,0.0007142198261368,0.0007598514328919,0.0006898059078609,0.0007515802248854,13485.69609792893,9.883667014207056,0.05230938344386429,-0.46645640173760744,1.6009002004658952,0.09807278161105497
1736852640.0,0.0007515802248854,0.0008388262142032,0.0007515802248854,0.0008103926149431,11408.1415415223,8.909603620388534,0.07825164647814895,-0.09855283392473424,1.684642302907425,0.11608340191641306
1736852700.0,0.0008103926149431,0.0009343021978495,0.0008062715932425,0.0008892023211939,9686.34591429812,8.2314322328062,0.09724879619779542,-0.07611689772936937,1.8164683368366714,0.15798589750967734
1736852760.0,0.0008892023211939,0.0010397867353874,0.0008637618146402,0.0009414091680119,16952.81418960764,15.517008214933432,0.058712000153017765,0.8850921414490567,1.9931176959254493,0.19795823352199274
1736852820.0,0.0009414091680119,0.0009810588408791,0.0009083597194339,0.0009617584924587,8763.94358413583,8.339627003758055,0.02161581290925215,-0.4625492950546954,2.110137622393607,0.07722372366388622
1736852880.0,0.0009617584924587,0.0009687117762376,0.0009201358948742,0.0009201358948742,7764.01839092345,7.305531316514127,-0.04327759818173617,-0.12399783428898409,2.1557499624520413,0.050507358910049864
1736852940.0,0.0009201358948742,0.0009271414443363,0.0007909605615575,0.0008226617632745,10533.38286555743,9.178777495238567,-0.10593449526607873,0.2564147763612995,2.062454281796749,0.1480008371996166
1736853000.0,0.0008226617632745,0.0008265319187804,0.000678539093563,0.000686610274673,6467.38539276369,4.880521965964173,-0.16537961854452116,-0.46828191788112156,1.8439692284452474,0.17989510613491191
1736853060.0,0.000686610274673,0.0007725188963621,0.000686610274673,0.0007725188963621,3276.58685910046,2.3904817337718782,0.12511991861760918,-0.5101995748728024,1.5390143008371373,0.12511991861760918
1736853120.0,0.0007725188963621,0.0008554768897383,0.0007725188963621,0.000850434482475,4325.29646906755,3.5098772594726793,0.10085913299961388,0.4682719427998039,1.7315756449092166,0.10738636137816286
1736853180.0,0.000850434482475,0.0008556231700978,0.0008109994961122,0.0008511561110994,3436.25731684185,2.923551563719649,0.0008485411154776644,-0.16705019931127715,1.9062208631780075,0.052471618807991824
1736853240.0,0.0008511561110994,0.0008511561110994,0.0007856005351431,0.0007874579202206,2905.97375137814,2.380884681827919,-0.07483725963798102,-0.1856190561596568,1.9078383699555954,0.07701945048790738
1736853300.0,0.0007874579202206,0.0008075548002675,0.0006900747032192,0.0007124728095897,11897.60032602155,8.922788170000382,-0.09522427637770606,2.7476775914866787,1.765060974515926,0.14918904748000864
1736853360.0,0.0007124728095897,0.0007237486735857,0.0007082996632252,0.0007110828246515,1126.12302477584,0.8015493883841946,-0.001950930504983686,-0.9101682822551912,1.5969843204551184,0.021683649049564088
1736853420.0,0.0007110828246515,0.0007176356570567,0.0006244113002174,0.000647754419129,5983.65262006122,4.065405016991978,-0.08905911284460723,4.071933278106836,1.5938687150283617,0.1311019667575137
1736853480.0,0.000647754419129,0.0006569240564922,0.0005922897280989,0.0006221352034511,7087.25835479019,4.500017918646088,-0.039550815743331746,0.10690519144773507,1.4519201812771618,0.0997821496613026
1736853540.0,0.0006221352034511,0.0006282103094382,0.0006208710462596,0.0006249192275562,460.31508639896,0.28701898407666565,0.004474950283566178,-0.9362182575124012,1.394495553713444,0.011796894208666739
1736853600.0,0.0006249192275562,0.000653222824358,0.0005899994446354,0.0006066848915862,5985.06373296972,3.685614573427648,-0.029178708488946662,11.841013235707027,1.4007358519869657,0.10117048241552817
1736853660.0,0.0006066848915862,0.0006959365185019,0.0005973998709883,0.0006373059007806,8155.10005753502,5.072434691201763,0.050472674726315093,0.37627920395494907,1.3598641888918217,0.1624181661355903
1736853720.0,0.0006373059007806,0.0006411031541517,0.000573261975095,0.0005764852926006,3708.16424036276,2.250468549281703,-0.09543393228511503,-0.556333657053252,1.4285001717697228,0.10644994652270631
1736853780.0,0.0005764852926006,0.0006528825669513,0.0002571307411747,0.0002897810222681,68458.29899038118,29.651559194288577,-0.49733145669534745,12.175726985277205,1.292172783107776,0.6864907584915343
1736853840.0,0.0002897810222681,0.0003818874048486,0.0002868648830103,0.0003778454092285,12436.18421617,4.15136264483796,0.30389977325335166,-0.8599951315329959,0.6495346105827045,0.3279114729272607
1736853900.0,0.0003778454092285,0.0004236655046894,0.0003601240452556,0.0004235296568289,10105.41673845972,4.049114503160357,0.12090724535645388,-0.0246300192070051,0.8469280314589924,0.16816787469653663
1736853960.0,0.0004235296568289,0.0004626835929313,0.000416118486168,0.0004226489902009,7488.93300359633,3.168487598339979,-0.002079350557393881,-0.21748629339403558,0.9493277667578633,0.10994532735192061
1736854020.0,0.0004226489902009,0.0004244202926478,0.0003850941781159,0.0003912075002642,3601.14780639148,1.4654087576779316,-0.07439149427934215,-0.5375052885024129,0.9473537815369059,0.09304674906050737
1736854080.0,0.0003912075002642,0.0004403398504924,0.0003607507970583,0.0004403398504924,6086.03716094249,2.5304140388939733,0.12559153440314602,0.7267632840570953,0.87687871811719,0.2034446000660773
1736854140.0,0.0004403398504924,0.0004654316613966,0.0004403398504924,0.0004654316613966,4673.55109073652,2.1165847186734514,0.05698283013936088,-0.1635421373181299,0.9870072618109916,0.05698283013936088
1736854200.0,0.0004654316613966,0.0005086551058584,0.0004654316613966,0.0005086551058584,4269.40826747784,2.0793870486796298,0.09286743478538026,-0.017574382761836697,1.043249728957083,0.09286743478538026
1736854260.0,0.0005086551058584,0.0005721536683237,0.0005086551058584,0.0005640785739244,5467.43465189746,2.9325506465509767,0.10896080158768494,0.41029571594816333,1.1401336551258707,0.1248361841529944
1736854320.0,0.0005640785739244,0.0005885794786092,0.000558704693154,0.0005866601495489,2561.48077391744,1.4737975579895777,0.04003267748213833,-0.49743491737374207,1.2643635321054827,0.052962099317752136
1736854380.0,0.0005866601495489,0.0006711969782112,0.0005866601495489,0.0006620312339618,9142.5847024052,5.708133370455055,0.12847486653193513,2.8730783203641472,1.3149793896064388,0.14409846778804186
1736854440.0,0.0006620312339618,0.0006697517720082,0.000649944810015,0.0006523180325071,1215.88582693064,0.7990493223681093,-0.014671817516181497,-0.8600156530147072,1.4839211911783714,0.029918470575276305
1736854500.0,0.0006523180325071,0.0006529930713937,0.0006142961062135,0.0006142961062135,2297.54541155496,1.4550517513140762,-0.058287406447232015,0.8209786437235184,1.4621493702530077,0.059322237393121355
1736854560.0,0.0006142961062135,0.0006166426679591,0.0006105470417722,0.0006131316997381,381.60156802516,0.23419418769440617,-0.0018955133584963816,-0.8390475201429073,1.3769244756225063,0.009922944529916057
1736854620.0,0.0006131316997381,0.000613705330763,0.0004960654806609,0.0005290067675911,6177.30564437338,3.527669200444315,-0.13720532176518366,14.0630091855545,1.3743144968853231,0.19186717984464016
1736854680.0,0.0005290067675911,0.0006026400343689,0.0005192924016427,0.0006026400343689,10382.06603163267,5.87441591121733,0.1391915402388867,0.6652400147036006,1.185751234133616,0.1575549460467852
1736854740.0,0.0006026400343689,0.0006335666047306,0.0006026400343689,0.0006230856195144,3188.18583321438,1.9539205825590849,0.03392669583744321,-0.6673847047792396,1.3507977747528348,0.051318479685949096
1736854800.0,0.0006230856195144,0.0006314586090096,0.0003793324367312,0.0006206735383608,23251.72044819657,14.459770121899268,-0.0038711873265182693,6.400387841229988,1.3966258799947693,0.4046412954850312
1736854860.0,0.0006206735383608,0.0006208909492356,0.000605913598879,0.0006091209215069,1217.25686934864,0.7484878770804292,-0.018613032681255498,-0.9482365299883401,1.391219279588246,0.024130802154309933
1736854920.0,0.0006091209215069,0.0006091209215069,0.0005689449055961,0.0005699678990697,1836.00941504816,1.0824090878783341,-0.06427791437591669,0.44612774772038594,1.3653244696704774,0.06595737314589163
1736854980.0,0.0005699678990697,0.0005767452350522,0.0005699678990697,0.0005748463505696,710.53489685372,0.40671523739206444,0.008559168872251588,-0.6242499791005263,1.2775642603136546,0.011890732782603948
1736855040.0,0.0005748463505696,0.0006172644334019,0.0005748463505696,0.0005914741760728,2806.2329087416,1.6364835220023686,0.028925686814787945,3.023659237592898,1.2884991485628323,0.07379029681630422
1736855100.0,0.0005914741760728,0.0006343801052893,0.0005896616798944,0.0006343801052893,5768.51207405814,3.535677611536569,0.0725406635694252,1.1605335855813474,1.3257698713952817,0.07560503434286188
1736855160.0,0.0006343801052893,0.0006924911054592,0.0006343801052893,0.0006636947368274,3564.38754649844,2.3134209008318467,0.046209884726336935,-0.3456923523560572,1.421942097606647,0.09160280986964327
1736855220.0,0.0006636947368274,0.0006743318128354,0.0006495404435451,0.0006743318128354,2590.21452440669,1.7328879014891772,0.016027060963067826,-0.2509413652889212,1.4876498780245757,0.037353572229317226
1736855280.0,0.0006743318128354,0.0006945084965194,0.0006743318128354,0.0006810174696402,531.12575290725,0.35993045405357704,0.009914491171176447,-0.792294438812651,1.511492533311376,0.029921002242444893
1736855340.0,0.0006810174696402,0.0006987738470414,0.0006810174696402,0.0006985040045594,615.9567509037,0.42486278252493404,0.025677072466934844,0.18040242980298513,1.5264782126881908,0.02607330676932731
1736855400.0,0.0006985040045594,0.0007539193254887,0.0006985040045594,0.0007284292643602,2911.08830464842,2.0769643753327935,0.04284193019004401,3.8885533418331417,1.5656737043745828,0.07933429238427159
1736855460.0,0.0007284292643602,0.0007350663913898,0.0007135311948235,0.0007172625938246,848.07019965598,0.613024091405904,-0.015329793957973369,-0.7048461212495863,1.6327501879177861,0.02956388165598334
1736855520.0,0.0007172625938246,0.0007207745896156,0.0006716487400216,0.0006716487400216,2061.72314774613,1.431775323578832,-0.06359435748597597,1.3355938920690886,1.6077204639521643,0.06849074525418965
1736855580.0,0.0006716487400216,0.0006727768609222,0.0006649134491405,0.0006727768609222,568.76393906689,0.38233040028758325,0.0016796292963546233,-0.7329676004389297,1.505478514030071,0.011707625300461513
1736855640.0,0.0006727768609222,0.0006749990437337,0.0006695030427071,0.0006734978104869,248.53692155193,0.1672994811976769,0.001071602795185035,-0.5624217141199426,1.5080071598472684,0.008169129091429165
1736855700.0,0.0006734978104869,0.0006881543006563,0.0006678900642354,0.0006737206740814,1609.70636448056,1.0843130844777238,0.000330904705300907,5.481269856399175,1.50962314453492,0.030088050926624716
1736855760.0,0.0006737206740814,0.0006737206740814,0.0006632415635672,0.0006632415635672,444.319037615,0.29701888737981147,-0.015554087795343327,-0.7260764518737914,1.5101226859366776,0.015554087795343327
1736855820.0,0.0006632415635672,0.0006678427401465,0.0006111623823267,0.0006147658221449,2621.99850765937,1.6754667290573895,-0.07308911878437856,4.640943388609811,1.4866341050978789,0.08545959863394038
1736855880.0,0.0006147658221449,0.0006184036084736,0.000599211901998,0.000599211901998,1121.76871609527,0.6809011164900194,-0.025300560939827077,-0.5936051103365738,1.3779773284014716,0.031217913853181713
1736855940.0,0.000599211901998,0.0006001528344465,0.0005907283394974,0.0005916064999334,343.3799774367,0.20445159799320564,-0.012692341455903639,-0.6997337894713196,1.3431137290305502,0.015728150455081337
1736856000.0,0.0005916064999334,0.0005916064999334,0.0005855452033031,0.0005860005642578,377.29900191768,0.22215498498527453,-0.009475784455091382,0.08658962397866515,1.3260664709675825,0.010245486875114352
1736856060.0,0.0005860005642578,0.000591068895962,0.0005860005642578,0.000591068895962,207.20906009582,0.12194972825981948,0.008649021883825873,-0.45106013143075374,1.31350095091557,0.008649021883825873
1736856120.0,0.000591068895962,0.000591068895962,0.0005829759339778,0.0005829759339778,262.21304569177,0.15392493531859555,-0.013692078942892648,0.2621999041330492,1.3248614493844648,0.013692078942892648
1736856180.0,0.0005829759339778,0.0005829759339778,0.0005800631409757,0.0005829106747637,87.00358395066,0.05071815672029569,-0.00011194152330562367,-0.6705007111725031,1.3067213418310974,0.0049964206622136065
1736856240.0,0.0005829106747637,0.0005829106747637,0.0005828383006852,0.0005828383006852,0.99091682252,0.0005775801353038847,-0.00012415980978446733,-0.9886119651688217,1.3065750654535568,0.00012415980978446733
1736856300.0,0.0005828383006852,0.0006134477842157,0.0005356937310732,0.0005603152384637,6889.1504278415,3.9376783466580845,-0.03864375796000583,6816.544624498446,1.3064128413419611,0.13340587440991838
1736856360.0,0.0005603152384637,0.0005869294399898,0.000554511417794,0.0005620396804611,2259.4795601726,1.2679689992848804,0.003077628233221255,-0.677990712379794,1.2559281397052988,0.05785675628720258
1736856420.0,0.0005620396804611,0.0005620862454546,0.0005587083010028,0.0005589696322847,84.15440735634,0.047168937177530394,-0.005462333502647614,-0.9627996132364962,1.259793419606953,0.006010152964695706
1736856480.0,0.0005589696322847,0.0005611364895159,0.0005340169203822,0.0005340169203822,1033.66677555393,0.5648919428095001,-0.044640550150300023,10.97593112355719,1.2529120078046188,0.04851707063736718
1736856540.0,0.0005340169203822,0.0005340169203822,0.000511635358107,0.000511635358107,856.7065508192,0.44790857843036,-0.04191170994953007,-0.20708980871159394,1.1969813264863036,0.04191170994953007
1736856600.0,0.000511635358107,0.000511635358107,0.000490189639966,0.000491037526007,1321.23006762267,0.6623807812406789,-0.04025881279239547,0.4788303085462441,1.1468137923156059,0.041916020464940036
1736856660.0,0.000491037526007,0.0005268728993189,0.000478892903514,0.0005173238022673,3520.94357053478,1.7751916677816537,0.053532112859181386,1.6800168695363011,1.100644430543035,0.09771146452912033
1736856720.0,0.0005173238022673,0.0005245868454964,0.0005084964135309,0.0005245868454964,822.42627995452,0.428447349042652,0.01403964634387181,-0.7586472735205793,1.159564252416694,0.03110321213711719
1736856780.0,0.0005245868454964,0.00052602787313,0.0005245868454964,0.00052602787313,25.25978247312,0.01326914962778052,0.0027469763032972787,-0.9690296843767854,1.1758441244336206,0.0027469763032972787
1736856840.0,0.00052602787313,0.0005264001781158,0.0005235159369019,0.0005237519474456,36.20209023361,0.019002111894950394,-0.004326625642207347,0.43205197228066866,1.179074140379811,0.0054830577641028656
1736856900.0,0.0005237519474456,0.0005323707351996,0.0005237519474456,0.0005265556327062,769.27329485572,0.40398678639765667,0.005353078445386047,20.260099331643858,1.17397272796998,0.01645585815200277
1736856960.0,0.0005265556327062,0.0005273618402907,0.0005217762942124,0.0005217762942124,307.04047051683,0.160940164049451,-0.009076606909011357,-0.6016202275214204,1.1802570960755474,0.010607703595522138
1736857020.0,0.0005217762942124,0.0005217762942124,0.0005097767480085,0.0005097767480085,389.51915896416,0.20090483671640283,-0.022997492099584398,0.2483200691573308,1.1695443663628984,0.022997492099584398
1736857080.0,0.0005097767480085,0.0005097767480085,0.0004448095029358,0.0004448095029358,2807.5657257928,1.3400318202321309,-0.12744254289059237,5.669982874149113,1.1426477790373541,0.12744254289059237
1736857140.0,0.0004448095029358,0.0004465218508331,0.0004127066089724,0.0004127066089724,1682.1303812979,0.7212269521466165,-0.07217223047510622,-0.4617837119556759,0.997025840448546,0.07602185123634962
1736857200.0,0.0004127066089724,0.0004356350934227,0.0004097585583167,0.0004356350934227,2001.04008612487,0.8487828766120049,0.055556378191737046,0.17685961968800343,0.925068261702057,0.06269958983799682
1736857260.0,0.0004356350934227,0.0004388917911086,0.0004219285769332,0.0004219285769332,824.96514514851,0.35373006889462205,-0.03146329737076633,-0.583250229662304,0.9764617039023493,0.038939044240268485
1736857320.0,0.0004219285769332,0.0004246521608629,0.0004217913058159,0.0004246521608629,58.5647648799,0.024789900930440433,0.0064550828708888255,-0.9299185929884138,0.9457389989413045,0.006780424942520472
1736857380.0,0.0004246521608629,0.0004266311330195,0.0004224250357352,0.0004266311330195,325.84064878792,0.13869135039047936,0.004660219207594947,4.594671426063472,0.951843822553702,0.009904806031725236
1736857440.0,0.0004266311330195,0.0004274683030749,0.0004186298735922,0.0004186298735922,326.3220687279,0.13791366014627857,-0.01875451369587294,-0.00560734495706649,0.9562796234181974,0.02071679443585291
1736857500.0,0.0004186298735922,0.0004431009259362,0.0004186298735922,0.0004195092411334,2046.2726691714,0.8575305817132538,0.0021005847806662694,5.217879946074314,0.9383450641237167,0.0584551029147002
1736857560.0,0.0004195092411334,0.0004195092411334,0.0004059380983112,0.0004059380983112,602.33802049281,0.24859915823105846,-0.032350044984788585,-0.7100987841921811,0.9403161374844282,0.032350044984788585
1736857620.0,0.0004059380983112,0.0004072356137004,0.0004048371201521,0.0004048371201521,66.22021695001,0.026844855432165738,-0.0027121823836697184,-0.8920155014876799,0.9098968681368843,0.005908520432741667
1736857680.0,0.0004048371201521,0.000406540334188,0.0004044227406583,0.000406540334188,86.05689972606,0.0349123141140659,0.004207158758712966,0.3005215916429807,0.9074290618801673,0.005230729654692859
1736857740.0,0.000406540334188,0.0004264803497161,0.000406540334188,0.0004264803497161,1028.88905857304,0.42854293361697976,0.04904806202790928,11.274836099859765,0.9112467600057671,0.04904806202790928
1736857800.0,0.0004264803497161,0.0004405817157343,0.0004264803497161,0.0004405817157343,701.57376887944,0.3041540005552144,0.03306451522933474,-0.29026014269305594,0.9559416476132613,0.03306451522933474
1736857860.0,0.0004405817157343,0.0004478552864794,0.0004405817157343,0.0004453722822467,356.44206692664,0.15789563712113394,0.010873275810857803,-0.4808694383999383,0.9875493947791253,0.01650901634212713
1736857920.0,0.0004453722822467,0.0006434480044646,0.0004453722822467,0.0004500548392579,14970.29899665242,6.70240586931784,0.010513804288804529,41.44832847519344,0.9982872917254044,0.44474191617560566
1736857980.0,0.0004500548392579,0.0004655518448726,0.0004500548392579,0.0004655518448726,1183.90158204208,0.5419941009352011,0.03443359400435106,-0.9191343956926971,1.008783088934606,0.03443359400435106
1736858040.0,0.0004655518448726,0.0005005660098741,0.0004655518448726,0.0005005660098741,949.88685240096,0.45885132404685547,0.07521002308793724,-0.15340162696399137,1.0435191162574355,0.07521002308793724
1736858100.0,0.0005005660098741,0.0005078076161632,0.0005005660098741,0.0005078076161632,321.88004064655,0.16228767186789758,0.014466835834341421,-0.646317525170036,1.122002213083861,0.014466835834341421
1736858160.0,0.0005078076161632,0.0005112776195773,0.0005078076161632,0.0005087055901889,238.3962909753,0.1211664890608752,0.0017683350881672797,-0.25338451364620657,1.138234034906313,0.006833303211003544
1736858220.0,0.0005087055901889,0.0005291840324484,0.0005087055901889,0.0005291840324484,934.47963528,0.48494335801150046,0.040255980383261974,3.0022894264755027,1.140246814088784,0.040255980383261974
1736858280.0,0.0005291840324484,0.0005542187120729,0.0005291840324484,0.0005477774659249,1513.42529458204,0.8149503864645634,0.03513604405347011,0.6805063374952686,1.186148567468819,0.047308078266592564
1736858340.0,0.0005477774659249,0.0005976020280058,0.0005477774659249,0.0005955302894932,1946.07748069584,1.1124827381620357,0.08717558961223662,0.3650925953765529,1.227825135789364,0.0909576701859637
1736858400.0,0.0005955302894932,0.0005955302894932,0.0005759702984973,0.0005787123829425,864.87984323516,0.5077894092281117,-0.028240220266566342,-0.5435529992428961,1.3348615159425263,0.03284466187697296
1736858460.0,0.0005787123829425,0.0005787123829425,0.0005361766778659,0.0005361766778659,2022.8232519638,1.1276117577816571,-0.07350059603066462,1.2206287435095082,1.2971647327069467,0.07350059603066462
1736858520.0,0.0005361766778659,0.0005361766778659,0.0004977296854851,0.0005030426632081,3436.08088437858,1.7854208562704372,-0.061796821879087735,0.5833648806419716,1.2018223517030284,0.07170582751533948
1736858580.0,0.0005030426632081,0.0005030426632081,0.0004979111282701,0.000500728040585,201.73457265105,0.10124762698467235,-0.004601245167435196,-0.943292010604061,1.12755354990453,0.01020099350077812
1736858640.0,0.000500728040585,0.0005015381650291,0.0004970032371172,0.0004970032371172,238.53777435314,0.11899829919279872,-0.00743877547470338,0.17531939006149355,1.1223653995820073,0.009056668579218939
1736858700.0,0.0004970032371172,0.000497926698255,0.0004574224733588,0.0004574224733588,1762.27381600727,0.8409797194479951,-0.07963884498616722,6.067157473279985,1.1140163753739412,0.0814969035838465
1736858760.0,0.0004574224733588,0.0004872592262437,0.0004574224733588,0.0004801121233646,1553.63491488704,0.7282932416920074,0.049603269028722044,-0.1339942868419624,1.0252973979434838,0.06522799954670401
1736858820.0,0.0004801121233646,0.0004823777975428,0.0004744780628915,0.0004823777975428,281.59604776535,0.13551667887075408,0.0047190522128920595,-0.8139256674194657,1.0761555006081232,0.016453937042745493
1736858880.0,0.0004823777975428,0.0004894149710286,0.0004823777975428,0.0004894149710286,360.45653,0.17514452461916993,0.014588510337015564,0.29242043177733124,1.081233934604684,0.014588510337015564
1736858940.0,0.0004894149710286,0.000514475846293,0.0004886359279486,0.000514475846293,1098.2129344205,0.5512429401642742,0.05120577985534401,2.147360394867517,1.0970075270363964,0.05279756418176677
1736859000.0,0.000514475846293,0.0005191378283276,0.000514475846293,0.0005173837807447,210.97236750414,0.10884693422404124,0.005652227354603258,-0.8025427152108214,1.1531806529654773,0.009061614978023574
1736859060.0,0.0005173837807447,0.0005293970715543,0.0005173837807447,0.0005293970715543,449.1089819468,0.2350593414487037,0.023219303071906457,1.1595403042301367,1.159698692196968,0.023219303071906457
1736859120.0,0.0005293970715543,0.0005323202459306,0.0005293970715543,0.0005323202459306,80.13345285,0.04253953730035235,0.0055217048475875285,-0.8190263912160427,1.186626087603183,0.0055217048475875285
1736859180.0,0.0005323202459306,0.000534297467709,0.0005313653448622,0.000534297467709,184.33349851752,0.09830668736797288,0.003714346379862836,1.3109486752024126,1.1931782866233753,0.005508193365206428
1736859240.0,0.000534297467709,0.0005395289230029,0.00053195777501,0.0005395289230029,194.56464711744,0.10446432638712752,0.009791278473266593,0.06263703094893142,1.1976101640728258,0.014170286124252326
1736859300.0,0.0005395289230029,0.000539975759452,0.0005370936486966,0.0005370936486966,40.04176580824,0.021554934439928227,-0.004513704831143731,-0.7936622463820883,1.2093362986916774,0.005341902227148136
1736859360.0,0.0005370936486966,0.000541041242628,0.0005370936486966,0.000541041242628,115.91247873971,0.062484643834601124,0.007349917357950223,1.8988556661464466,1.2038777115977954,0.007349917357950223
1736859420.0,0.000541041242628,0.0005423746892374,0.0005375752788389,0.0005375752788389,87.62603228031,0.04725744306406713,-0.006406099047578617,-0.24369508788176641,1.2127261132871174,0.008870692325020968
1736859480.0,0.0005375752788389,0.0005403802540813,0.0005375752788389,0.0005403802540813,32.22063126486,0.01736620387306871,0.005217827814661434,-0.6325191811684506,1.204957269687815,0.005217827814661434
1736859540.0,0.0005403802540813,0.0005403802540813,0.0005403802540813,0.0005403802540813,0.0,0.0,0.0,-1.0,1.2112445292450706,0.0
1736859600.0,0.0005403802540813,0.0005403802540813,0.000536808307338,0.0005390257266306,69.15726276785,0.03732438152064085,-0.0025066190714217894,0.0,1.2112445292450706,0.006610061556324976
1736859660.0,0.0005390257266306,0.0005443388093522,0.0005353083463284,0.0005443388093522,345.29529642186,0.18704033929255587,0.009856825860263688,4.011210679783675,1.2082084006079097,0.01675330615525273
1736859720.0,0.0005443388093522,0.000545540077864,0.0005414490245765,0.000545540077864,98.81077695509,0.053845889816390824,0.0022068397313608225,-0.7121161669185773,1.2201175004156095,0.007515637719031473
1736859780.0,0.000545540077864,0.000545540077864,0.0005417343926809,0.0005417343926809,38.73025300066,0.021055207662681312,-0.006975995600544541,-0.6089727974692685,1.2228101041924553,0.006975995600544541
1736859840.0,0.0005417343926809,0.0005417343926809,0.0005114883312052,0.0005114883312052,1255.03489210319,0.6609156338165098,-0.05583190191418393,30.389651643661075,1.2142797862853074,0.05583190191418393
1736859900.0,0.0005114883312052,0.0005114883312052,0.0004815721336745,0.0004815721336745,3507.00754170678,1.7413352698519746,-0.058488523990781284,1.6347315462890413,1.14648423636105,0.058488523990781284
1736859960.0,0.0004815721336745,0.0004815721336745,0.0004672329804481,0.0004697428774436,176.32470061679,0.08387016726382862,-0.024563830428974753,-0.9518357155477829,1.079428065597594,0.029775712138883907
1736860020.0,0.0004697428774436,0.0004697428774436,0.0004640655591953,0.0004646875222526,514.80976777154,0.240526948533134,-0.010761962413377997,1.8678486806460446,1.0529131776339784,0.012086012414273803
1736860080.0,0.0004646875222526,0.0004661950410843,0.0004176473467745,0.0004218630087849,2191.39003001508,0.9713889974100761,-0.09215765738685132,3.0385869580691147,1.0415817655917312,0.10447384959781619
1736860140.0,0.0004218630087849,0.0004242977382065,0.0004218630087849,0.0004241666251078,39.09158629952,0.016536320222633898,0.00546057908593394,-0.9829766239202594,0.9455920300979368,0.005771374524191615
1736860200.0,0.0004241666251078,0.0004443517011405,0.0004241666251078,0.0004425259422602,1090.83993318452,0.47271143113961467,0.043283266682601615,27.586252852832175,0.9507555101613154,0.04758761024059833
1736860260.0,0.0004425259422602,0.0004443675758246,0.000442105515453,0.0004443675758246,12.90446954624,0.005722445197441479,0.004161639778662117,-0.9878944217963044,0.9919073144575805,0.00511170115823393
1736860320.0,0.0004443675758246,0.0004443675758246,0.0004415902486329,0.0004415902486329,62.66812633142,0.027760658433706318,-0.0062500671579067725,3.851188167973751,0.9960352753941731,0.0062500671579067725
1736860380.0,0.0004415902486329,0.0004435894183012,0.0004412819865201,0.0004412819865201,32.14141231352,0.01418838026510578,-0.000698072735424656,-0.48890332342122717,0.9898099880313154,0.005225277931846208
1736860440.0,0.0004412819865201,0.0004684824489987,0.0004399218971297,0.000450141454867,2678.27120607928,1.1937368677455853,0.020076659862698618,83.1348233865288,0.9891190286654197,0.0647217714328774
1736860500.0,0.000450141454867,0.0004528253578671,0.0004484789916374,0.0004484789916374,268.385190981,0.12058821007725744,-0.0036932017960692033,-0.8989825870880636,1.0089772349676582,0.009655556453880035
1736860560.0,0.0004484789916374,0.0004505273155525,0.0004457651528775,0.0004505273155525,138.16257798398,0.06210451451260721,0.004567268374426033,-0.48498684512508633,1.0052508784312826,0.010618474362897815
1736860620.0,0.0004505273155525,0.0004665498800028,0.0004406602013749,0.0004665498800028,2685.01419562088,1.2311826442730829,0.03556402441581347,18.824366295032434,1.0098421289767059,0.057465280648189836
1736860680.0,0.0004665498800028,0.0004665498800028,0.0004220346507223,0.0004365594765741,2245.92236625433,1.0141567515548082,-0.06428123704269305,-0.17627432755634034,1.0457561791077505,0.09541365497775464
1736860740.0,0.0004365594765741,0.0004569778608539,0.000433779410674,0.000455063700084,1351.02778135083,0.6023038410806861,0.04238648913342091,-0.40610379987384454,0.9785336782696642,0.05313926606736345
1736860800.0,0.000455063700084,0.0004764967797034,0.0004532791226087,0.0004636284971942,2187.78544249388,1.0049507076689808,0.018821094955758937,0.6685112050187889,1.0200102853903277,0.05102067488664615
1736860860.0,0.0004636284971942,0.0004657371179313,0.0004636284971942,0.0004657371179313,3.12339796164,0.0014513893339506455,0.0045480826779653065,-0.9985557606727625,1.0392079958275098,0.0045480826779653065
1736860920.0,0.0004657371179313,0.0004666153014151,0.0004602478663851,0.0004602478663851,320.4434281384,0.14836290138951488,-0.01178615861793888,101.22129784134128,1.043934399712136,0.013671736232410926
1736860980.0,0.0004602478663851,0.0005102145063941,0.0004602478663851,0.0005060172739816,2229.20343249894,1.0770007838047588,0.09944512715720807,6.259232420759822,1.0316304232904059,0.10856463149183128
1736861040.0,0.0005060172739816,0.0005068040559475,0.0005027217035382,0.0005054550021581,300.55266080769,0.1520003419634987,-0.001111171203851865,-0.8588670089667699,1.1342210419137648,0.00806761472227629
1736861100.0,0.0005054550021581,0.0005323901486298,0.0005026879246274,0.0005217506845003,1353.74903699277,0.695289354553653,0.03223963017998377,3.5742617784413904,1.1329607281531873,0.05876333971487639
1736861160.0,0.0005217506845003,0.0005482450710152,0.0005217506845003,0.0005482450710152,602.5335643385,0.3223541781989102,0.05077978295375799,-0.5363740634201882,1.1694869630372913,0.05077978295375799
1736861220.0,0.0005482450710152,0.0005488382241138,0.0005101843752778,0.000527280974709,3606.57400246342,1.9394821377405915,-0.038238549536578896,5.016618579529702,1.2288732571875745,0.07050469010952264
1736861280.0,0.000527280974709,0.0005407627096322,0.0005097936447804,0.0005144366738374,2722.6886838791,1.4181364267472143,-0.024359499939645327,-0.26880665763734296,1.1818829262684303,0.05873351464822229
1736861340.0,0.0005144366738374,0.0005163413235049,0.0005137407370354,0.0005163413235049,37.2819777597,0.019214721186051865,0.0037023986903818276,-0.9864507244693483,1.1530928491973267,0.005055212044081363
1736861400.0,0.0005163413235049,0.000517310354513,0.0005163413235049,0.000517310354513,36.812412,0.01902560571784314,0.0018767256541124642,-0.0098422176610091,1.1573620586520834,0.0018767256541124642
1736861460.0,0.000517310354513,0.0005189478688294,0.000484301590472,0.000484301590472,1385.54280966987,0.6938881142267099,-0.06380843482646839,35.47127584358314,1.1595341097186522,0.06697387372038258
1736861520.0,0.000484301590472,0.0004929420596938,0.0004628701897605,0.0004855965827751,2320.2615805798,1.1252087342298884,0.0026739377457710464,0.6215996659401716,1.0855460530496026,0.06209327106275249
1736861580.0,0.0004855965827751,0.0004855965827751,0.0004796479977446,0.0004796479977446,172.67166783792,0.08333519579492504,-0.012250055378283168,-0.9259380119796519,1.0884487356156247,0.012250055378283168
1736861640.0,0.0004796479977446,0.0004796479977446,0.0004730914217383,0.0004759803710926,280.63209469257,0.13408999544721364,-0.007646496324900546,0.6090439839751294,1.0751151783279111,0.013669557753040311
1736861700.0,0.0004759803710926,0.0004759803710926,0.0004648438258856,0.0004680074123924,1246.50791719201,0.5883441229232947,-0.01675060398372788,3.387680982172189,1.0668943140679819,0.02339706820564129
1736861760.0,0.0004680074123924,0.0004708226035166,0.0004680074123924,0.0004708226035166,26.98752259008,0.012668348131294652,0.006015270377469157,-0.9784677918284461,1.049023189920538,0.006015270377469157
1736861820.0,0.0004708226035166,0.0004708226035166,0.0004672386047496,0.0004672386047496,46.85351898744,0.021975734316440655,-0.007612206253971109,0.7346961173378196,1.0553333480401452,0.007612206253971109
1736861880.0,0.0004672386047496,0.0004677031371102,0.0004663478669956,0.0004677031371102,52.14982836751,0.024378525685804706,0.0009942080039576022,0.1093383881860301,1.0472999329281698,0.0029005953292886655
1736861940.0,0.0004677031371102,0.0004677031371102,0.0004494087662473,0.0004494087662473,892.2960290608,0.4091676547851447,-0.039115347773665946,15.783937636696283,1.0483411669040312,0.039115347773665946
1736862000.0,0.0004494087662473,0.0004508070885572,0.0004483193512508,0.0004506199023363,60.88163879936,0.02739761015488781,0.0026949543043260625,-0.9330406256836837,1.0073349375751293,0.00553557805997721
1736862060.0,0.0004506199023363,0.0004506199023363,0.0004193389528337,0.0004241169373239,1910.25177076922,0.8354837984589841,-0.05881445731755692,29.494769205624728,1.0100496592010455,0.06941759416399422
1736862120.0,0.0004241169373239,0.0004434544607705,0.0004206808153972,0.0004329692628701,2244.65008315483,0.9619293052681598,0.0208723697809772,0.15134405603364093,0.9506441366313527,0.05369661847743581
1736862180.0,0.0004329692628701,0.0004420414691254,0.0004329692628701,0.0004398535756645,378.90920630754,0.1653603044981197,0.01590023446182931,-0.8280951587684277,0.9704863325812401,0.02095346490686535
1736862240.0,0.0004398535756645,0.0004448718865947,0.0004398535756645,0.0004445613750183,202.40569407178,0.0895053109702056,0.010703105793076246,-0.45872553124608356,0.9859172928112826,0.01140904884680931
1736862300.0,0.0004445613750183,0.0004448403877662,0.0004180179563073,0.0004180179563073,1155.34212710848,0.4982871197267646,-0.05970698356308471,4.567123496086547,0.9964696698994652,0.060334597124628436
1736862360.0,0.0004180179563073,0.0004180179563073,0.0004028327154599,0.0004028327154599,869.63652462525,0.3569208627159648,-0.03632676687275326,-0.2837044174216622,0.9369734716976653,0.03632676687275326
1736862420.0,0.0004028327154599,0.0004028327154599,0.0003980275576572,0.0003980275576572,267.89233771896,0.10727216537579233,-0.011928419957684162,-0.6994511204542314,0.90293625482535,0.011928419957684162
1736862480.0,0.0003980275576572,0.0003980275576572,0.0003795889281283,0.0003795889281283,1105.56262921379,0.4298518632725025,-0.04632500733725631,3.007114630031561,0.8921656519827746,0.04632500733725631
1736862540.0,0.0003795889281283,0.0003795889281283,0.0003590614541219,0.0003608857491767,1013.99747612627,0.37541972696134207,-0.04927219306375133,-0.12662998805393907,0.8508360716086246,0.05407816847456037
1736862600.0,0.0003608857491767,0.0003608857491767,0.0003485302814225,0.0003485302814225,531.55423687773,0.18854654838699303,-0.03423650776564855,-0.49777133473220986,0.8089135124227207,0.03423650776564855
1736862660.0,0.0003485302814225,0.0003770203999098,0.0003447976617206,0.0003770203999098,1827.13675450002,0.6628401585573884,0.08174359591086239,2.5155252866093556,0.7812191386729221,0.09245319533695982
1736862720.0,0.0003770203999098,0.0003793452860869,0.0003770203999098,0.0003782633609991,376.87130280645,0.1423223874811462,0.0032968006229832842,-0.7852840000055247,0.8450788002624334,0.006166473160752663
1736862780.0,0.0003782633609991,0.0004047299891893,0.0003777586676952,0.0003969917698037,1782.21945924454,0.6908373899979607,0.04951155923516623,3.8540317670645994,0.8478648565776087,0.07130302396420629
1736862840.0,0.0003969917698037,0.0003969917698037,0.0003904459912911,0.000392398271113,1.7322554776,0.0006837126111704209,-0.01157076554249815,-0.9990103132501668,0.8898439676474666,0.01648844890622472
1736862900.0,0.000392398271113,0.0003933147476792,0.0003902362112598,0.0003926955807392,116.33699593566,0.045667730126020524,0.0007576731297940596,65.79375132169015,0.8795477917284115,0.007845438285617387
1736862960.0,0.0003926955807392,0.0003926955807392,0.0003895397907023,0.0003905828115424,111.40479782954,0.04363048546818939,-0.005380170545395371,-0.04461015803083144,0.8802142014565738,0.008036224983636393
1736863020.0,0.0003905828115424,0.0003925093097797,0.0003905828115424,0.0003925093097797,81.27659249823,0.031823529616635406,0.004932368195344626,-0.27061252527575774,0.8754784989362584,0.004932368195344626
1736863080.0,0.0003925093097797,0.0003925093097797,0.0003925093097797,0.0003925093097797,0.0,0.0,0.0,-1.0,0.8797966812401197,0.0
1736863140.0,0.0003925093097797,0.0003928502430825,0.0003925093097797,0.0003928502430825,46.9,0.01841668151461859,0.00086859927727917,0.0,0.8797966812401197,0.00086859927727917
1736863200.0,0.0003928502430825,0.0003930807369104,0.0003907013768365,0.0003907013768365,49.9734995145,0.019578408248803917,-0.0054699374223086085,0.06308013380495192,0.8805608720015975,0.006056659288868833
1736863260.0,0.0003907013768365,0.0003907013768365,0.000390476634395,0.000390476634395,13.13472844699,0.005130280523142729,-0.0005752281789220368,-0.7379623277874928,0.8757442591352153,0.0005752281789220368
1736863320.0,0.000390476634395,0.0004056877755174,0.000390476634395,0.0003989157327542,1209.43728402706,0.4773602802783101,0.021612300495970543,92.04759810402858,0.8752405063598314,0.03895531712407817
1736863380.0,0.0003989157327542,0.0003989157327542,0.000391900737312,0.0003951931677164,271.5794324684,0.10783182225395534,-0.009331707757171126,-0.7741080967375683,0.8941564671895256,0.01758515612750328
1736863440.0,0.0003951931677164,0.0003951931677164,0.0003932034250881,0.0003932034250881,89.82942924583,0.035410607975492635,-0.005034860900550601,-0.671612634978041,0.8858124603485283,0.005034860900550601
1736863500.0,0.0003932034250881,0.000397114456318,0.0003932034250881,0.0003964643695864,228.04298801971,0.09003910172025391,0.008293275923447007,1.54271549877283,0.881352517826699,0.009946584847331167
1736863560.0,0.0003964643695864,0.0004180927901922,0.0003945059548542,0.0004180927901922,1407.9206793211,0.5734159348706761,0.05455325185555309,5.36852127481508,0.8886618174428605,0.059492951062932224
1736863620.0,0.0004180927901922,0.000429793969463,0.0004180927901922,0.0004281250739139,51.61850804812,0.02184025181441182,0.023995352125273754,-0.9619120249608384,0.9371412093842345,0.027987039110195833
1736863680.0,0.0004281250739139,0.0004392146741235,0.0004281250739139,0.0004321958776931,803.83084524196,0.3457762588548111,0.009508445141941569,14.832063741437368,0.9596282426945141,0.0259027113460545
1736863740.0,0.0004321958776931,0.0004539447636718,0.0004321958776931,0.0004537308490706,956.9968436623,0.4239145406144669,0.049826878248921826,0.22597931395997156,0.9687528151968327,0.05032182651715102
1736863800.0,0.0004537308490706,0.0004575453798149,0.0004537308490706,0.0004563051378592,301.44741939008,0.13716399990604639,0.00567360318098945,-0.6764347839844647,1.0170227437729455,0.008407034152765782
1736863860.0,0.0004563051378592,0.000460427373533,0.0004539550591357,0.0004603789700303,388.08058531525,0.1778736525694725,0.008927868290532005,0.29679546157381753,1.0227929272471543,0.014184180409770323
1736863920.0,0.0004603789700303,0.0004603789700303,0.0004603789700303,0.0004603789700303,0.0,0.0,0.0,-1.0,1.0319242877901045,0.0
1736863980.0,0.0004603789700303,0.000462008355182,0.0004596765107201,0.000462008355182,7.8881410685,0.0036379606705355047,0.003539225850374409,0.0,1.0319242877901045,0.005065054256814803
1736864040.0,0.000462008355182,0.000462008355182,0.0004584101155543,0.0004604851332815,118.96641179794,0.05487287011473348,-0.0032969574758013958,14.08341488107848,1.0355765009050806,0.007788256613416755
1736864100.0,0.0004604851332815,0.0004625096984451,0.0004580700997482,0.0004580700997482,275.0059173177,0.12630406223315316,-0.005244541807658377,1.3017578991050491,1.0321622492186573,0.009641133613288623
1736864160.0,0.0004580700997482,0.0004604922057248,0.0004580700997482,0.0004604922057248,107.06279874777,0.049171925624071716,0.005287631692030098,-0.6106861113199831,1.0267490311503433,0.005287631692030098
1736864220.0,0.0004604922057248,0.0004838376347018,0.0004604922057248,0.0004838376347018,1895.13042638448,0.8948141065676252,0.050696686473238,17.197662491573773,1.0321781018672151,0.050696686473238
1736864280.0,0.0004838376347018,0.0005085269590926,0.0004838376347018,0.0005085269590926,21.7940994738,0.01081384633571614,0.05102811898048516,-0.9879149800429539,1.084506111482119,0.05102811898048516
1736864340.0,0.0005085269590926,0.0005118929698716,0.0004600130965181,0.0004712254388134,7086.39784886378,3.4714576424701047,-0.07335209984886482,320.0196940754115,1.1398464183738921,0.10201990755037434
1736864400.0,0.0004712254388134,0.0004712254388134,0.0004634346455543,0.0004634346455543,31.06283119384,0.014516594212167059,-0.0165330489769782,-0.9958183000608822,1.0562362900809594,0.0165330489769782
1736864460.0,0.0004634346455543,0.0004634346455543,0.0004634346455543,0.0004634346455543,0.0,0.0,0.0,-1.0,1.0387734837657892,0.0
1736864520.0,0.0004634346455543,0.0004634346455543,0.0004602670804737,0.0004602670804737,252.77885159505,0.11674613076086167,-0.0068349768645616735,0.0,1.0387734837657892,0.0068349768645616735
1736864580.0,0.0004602670804737,0.0004607569416108,0.0004602670804737,0.0004607569416108,56.1139425,0.025841144508184182,0.0010642975739126067,-0.7786552381670259,1.0316734910367298,0.0010642975739126067
1736864640.0,0.0004607569416108,0.0004607569416108,0.0004547511305735,0.0004547511305735,275.61900869952,0.1261657136559227,-0.013034662085184775,3.8823578079509824,1.0327714986303103,0.013034662085184775
1736864700.0,0.0004547511305735,0.0004547511305735,0.000451772977919,0.000451772977919,128.04139474773,0.058036305611911115,-0.0065489725132606156,-0.5399993870744718,1.0193096711344543,0.0065489725132606156
1736864760.0,0.000451772977919,0.000451772977919,0.0004409103787328,0.0004430812208798,485.20363074658,0.21709325312299982,-0.019239214083225632,2.740645632661438,1.012634240115694,0.024044375642466143
1736864820.0,0.0004430812208798,0.0004430812208798,0.0004409138069511,0.0004409138069511,42.1583313725,0.018633877657468722,-0.004891685376320579,-0.9141664819638075,0.9931519531821036,0.004891685376320579
1736864880.0,0.0004409138069511,0.0004436323620558,0.0004409138069511,0.0004418462894403,38.11665622799,0.016823931562969154,0.002114886117193913,-0.0971320155563067,0.9882937662962585,0.006165729133090013
1736864940.0,0.0004418462894403,0.0004428741029032,0.0004412692714093,0.0004428741029032,47.72942514136,0.021113597868696866,0.0023261787808651537,0.25497407010199785,0.9903838950623077,0.003632103589537728
1736865000.0,0.0004428741029032,0.0004428741029032,0.0004406839908743,0.0004406839908743,15.04326958461,0.006645801299179528,-0.004945224872131874,-0.6852359630741747,0.9926877050639122,0.004945224872131874
1736865060.0,0.0004406839908743,0.0004406839908743,0.0004137406769884,0.0004137406769884,1988.95582872114,0.8497064616743207,-0.06113976101660852,126.8561340344652,0.9877786411345707,0.06113976101660852
1736865120.0,0.0004137406769884,0.0004137406769884,0.0003887906405926,0.0003887906405926,382.87983556997,0.15363652945758233,-0.060303561586958876,-0.8191887005839096,0.9273860910782927,0.060303561586958876
1736865180.0,0.0003887906405926,0.0003907170353618,0.0003794919424591,0.0003794919424591,769.23755976098,0.2954959096967761,-0.023916980407056063,0.9233440819057285,0.8714614068200638,0.028871818739233383
1736865240.0,0.0003794919424591,0.0003794919424591,0.0003794919424591,0.0003794919424591,0.0,0.0,0.0,-1.0,0.8506186814276429,0.0
1736865300.0,0.0003794919424591,0.0003794919424591,0.000364167263705,0.0003642464824452,834.12302287956,0.31018467160642865,-0.04017334311529711,0.0,0.8506186814276429,0.04038209258092913
1736865360.0,0.0003642464824452,0.000364422386772,0.0003642464824452,0.000364422386772,3.7878,0.001380025971410455,0.0004829266314918414,-0.9955509536810333,0.8164464852783686,0.0004829266314918414
1736865420.0,0.000364422386772,0.0003656083649054,0.0003629175732662,0.0003646442213488,103.65656762282,0.03778627108310686,0.0006087292791339294,26.380840553665394,0.8168407690292974,0.007383716634520309
1736865480.0,0.0003646442213488,0.0003680234183218,0.0003646442213488,0.0003667654745313,105.131907438,0.0384472482232612,0.005817322909036176,0.017492520992626957,0.8173380039217958,0.009267106881607848
1736865540.0,0.0003667654745313,0.0003690650323776,0.0003663096889975,0.0003690650323776,83.20092189546,0.030610888266812068,0.0062698318298326184,-0.20382108781735922,0.822092723016436,0.007512548403366367
1736865600.0,0.0003690650323776,0.0003690650323776,0.0003669631272097,0.0003669631272097,40.04798981319,0.01473822411868659,-0.005695216245112858,-0.518530008334793,0.8272471061382782,0.005695216245112858
1736865660.0,0.0003669631272097,0.0003669631272097,0.0003669631272097,0.0003669631272097,0.0,0.0,0.0,-1.0,0.8225357549806769,0.0
1736865720.0,0.0003669631272097,0.0003890232535289,0.0003392299209845,0.0003890232535289,5251.84149125555,1.9851603205935475,0.060115375860620913,0.0,0.8225357549806769,0.13569028834863212
1736865780.0,0.0003890232535289,0.0003890232535289,0.0003880106938451,0.0003880106938451,37.92,0.01473256364221104,-0.0026028256013357603,-0.9925786529735764,0.8719828010501398,0.0026028256013357603
1736865840.0,0.0003880106938451,0.0003880106938451,0.0003844865584041,0.0003844865584041,135.87939861102,0.05248323103214336,-0.009082572972607077,2.562396355904475,0.869713181891642,0.009082572972607077
1736865900.0,0.0003844865584041,0.0003844865584041,0.0003450703398734,0.0003450703398734,1841.7561092819,0.6718329372356697,-0.10251650589374593,11.800906575744271,0.861813948451873,0.10251650589374593
1736865960.0,0.0003450703398734,0.0003455572446452,0.0003450703398734,0.0003455572446452,3.60998460032,0.0012465774723341727,0.0014110304930254533,-0.9981445127155222,0.7734637937260941,0.0014110304930254533
1736866020.0,0.0003455572446452,0.0003455572446452,0.0003425677264002,0.0003425677264002,41.9363421005,0.014428722096828274,-0.008651296684777992,10.57466937839892,0.7745551747242927,0.008651296684777992
1736866080.0,0.0003425677264002,0.0003433781792839,0.0003410809859968,0.0003410809859968,75.35361729778,0.0257577017200418,-0.00433998969787104,0.7851686065603736,0.7678542681090228,0.006705807669740378
1736866140.0,0.0003410809859968,0.0003410809859968,0.000337217789556,0.0003376290893905,244.6011798097,0.08300664259423202,-0.010120460383365976,2.2225950706481474,0.7645217884959633,0.011326331866638359
1736866200.0,0.0003376290893905,0.0003376290893905,0.0003111491245963,0.0003111491245963,1369.33293276226,0.44419668723540295,-0.0784291568063716,4.351339041705433,0.7567844760232698,0.0784291568063716
1736866260.0,0.0003111491245963,0.0003111491245963,0.000301105375296,0.000301105375296,444.40402547886,0.13604418218484218,-0.03227953577992956,-0.693729858654382,0.697430507684613,0.03227953577992956
1736866320.0,0.000301105375296,0.0003020946887541,0.0002990444179934,0.0002990444179934,226.38112300055,0.06793129208670115,-0.006844638029374231,-0.5006674229229191,0.6749177746577931,0.010130243466100494
1736866380.0,0.0002990444179934,0.0003110240319034,0.0002885010333326,0.0003106366896836,1785.03543012752,0.5441511891414182,0.038764380783244894,7.010317078128215,0.6702982067906698,0.07531656575277408
1736866440.0,0.0003106366896836,0.0003113213604787,0.0003079051257664,0.0003079051257664,83.4685007046,0.025814378979356442,-0.008793436216379482,-0.9525602819685328,0.6962819017170295,0.010997524844150328
1736866500.0,0.0003079051257664,0.0003097679226348,0.0003076890048447,0.0003076890048447,39.54813049792,0.012172798505580696,-0.0007019075150569564,-0.5284489115420833,0.6901591912256614,0.006751812867439072
1736866560.0,0.0003076890048447,0.0003110534631588,0.0003076890048447,0.0003099576819882,220.57031823157,0.0681172631347038,0.00737327986303922,4.595858922948163,0.6896747633027545,0.010934606895680736
1736866620.0,0.0003099576819882,0.0003099576819882,0.0002938385256067,0.0002938385256067,1493.94727374742,0.4510198491177161,-0.052004377752810846,5.621226813323543,0.694759928347061,0.052004377752810846
1736866680.0,0.0002938385256067,0.0002938385256067,0.0002753374363309,0.0002762158832752,403.14127335364,0.11490623013875287,-0.05997389993403299,-0.7452302146711898,0.6586293705857846,0.06296345667267446
1736866740.0,0.0002762158832752,0.0002762158832752,0.0002414028736227,0.0002414028736227,1867.7069915099,0.48338008559743556,-0.12603550976036754,3.206735222396027,0.6191287986206577,0.12603550976036754
1736866800.0,0.0002414028736227,0.0002540196608285,0.0002320541244343,0.0002534248368745,1810.26046431315,0.4478835204798371,0.049800414847545334,-0.07343406601810322,0.5410965848791792,0.09099119685099934
1736866860.0,0.0002534248368745,0.0002844435351387,0.0002534248368745,0.0002844435351387,1644.49947089554,0.4422621265935765,0.12239802004710748,-0.012551017461500148,0.5680434192787523,0.12239802004710748
1736866920.0,0.0002844435351387,0.0002852775124383,0.0002825630570556,0.0002830989978801,269.76850120867,0.07655254925232688,-0.004726903910628046,-0.8269068395208167,0.6375708090992606,0.009543037711777731
1736866980.0,0.0002830989978801,0.0002969429351083,0.0002830989978801,0.0002969429351083,711.42734037738,0.20632884484664593,0.04890139962298014,1.6952576610683463,0.6345570731484269,0.04890139962298014
1736867040.0,0.0002969429351083,0.0002971983708188,0.0002959666394549,0.0002959666394549,47.83721627513,0.014181571774987555,-0.003287822466777791,-0.931267139184887,0.6655878021660468,0.004148040644411337
1736867100.0,0.0002959666394549,0.0002959666394549,0.0002959666394549,0.0002959666394549,0.0,0.0,0.0,-1.0,0.6633994676364721,0.0
1736867160.0,0.0002959666394549,0.0002959666394549,0.0002958536283864,0.0002958536283864,4.27940450292,0.0012663191595596898,-0.000381837185123775,0.0,0.6633994676364721,0.000381837185123775
1736867220.0,0.0002958536283864,0.0003146345908476,0.0002884085392255,0.00030593797188,3870.40523599578,1.1645886803246768,0.034085583295362924,918.664423880007,0.6631461570511371,0.08864536076551827
1736867280.0,0.00030593797188,0.00030593797188,0.000292821592321,0.000292821592321,8.1419814504,0.0024375446324870647,-0.04287267604736787,-0.9979069480292324,0.6857498806243034,0.04287267604736787
1736867340.0,0.000292821592321,0.0002936025868668,0.0002918178829679,0.0002923955211769,143.62348996696,0.04202546211447946,-0.0014550537094030628,16.240899532411937,0.6563499481427765,0.00609485074086872
1736867400.0,0.0002923955211769,0.0002923955211769,0.0002923955211769,0.0002923955211769,0.0,0.0,0.0,-1.0,0.6553949237160649,0.0
1736867460.0,0.0002923955211769,0.0002996834338685,0.0002868387746679,0.0002885629384303,2377.06550409321,0.690488156821702,-0.013107528908697874,0.0,0.6553949237160649,0.043929055920213476
1736867520.0,0.0002885629384303,0.000289738319273,0.0002826366176133,0.0002826366176133,596.28517598409,0.17029891389874602,-0.0205373595418647,-0.7533644679980795,0.6468043158068427,0.024610581311416045
1736867580.0,0.0002826366176133,0.0002826366176133,0.0002761985171376,0.0002761985171376,100.88979351163,0.028190380676031117,-0.022778720358550632,-0.8344652938139573,0.6335206630198877,0.022778720358550632
1736867640.0,0.0002761985171376,0.0002819061863209,0.0002761985171376,0.0002819061863209,264.01000091025,0.0736726116340467,0.020665097128151805,1.6133954160004256,0.6190898729955941,0.020665097128151805
1736867700.0,0.0002819061863209,0.0002819061863209,0.0002807935316266,0.0002807935316266,3.36952237952,0.0009480146462868466,-0.003946897046925605,-0.987132061355502,0.6318834253521033,0.003946897046925605
1736867760.0,0.0002807935316266,0.0002822425452005,0.0002807935316266,0.0002811295060689,34.89401158656,0.009803874494050882,0.0011965177415367183,9.341479989207324,0.6293894465265798,0.005160423623386482
1736867820.0,0.0002811295060689,0.0002811295060689,0.0002811295060689,0.0002811295060689,0.0,0.0,0.0,-1.0,0.6301425221656849,0.0
1736867880.0,0.0002811295060689,0.0002811295060689,0.0002803064591575,0.0002803064591575,102.93680524738,0.02889621230569237,-0.002927643287639244,0.0,0.6301425221656849,0.002927643287639244
1736867940.0,0.0002803064591575,0.0002817059866673,0.0002795573208822,0.0002817059866673,105.74308654324,0.029714465348614903,0.004992847878020505,0.028316965360935586,0.6282976896404104,0.007665416599953203
1736868000.0,0.0002817059866673,0.0003057036532789,0.0002817059866673,0.0002988122346888,2512.30459029418,0.7292192961311714,0.06072376460249957,23.54088564528599,0.6314346844268968,0.0851869244793214
1736868060.0,0.0002988122346888,0.0003163769561327,0.0002988122346888,0.0003163769561327,2205.82460248227,0.6784997261476123,0.05878180142855573,-0.06955324722295293,0.6697777755658892,0.05878180142855573
1736868120.0,0.0003163769561327,0.0003237732590814,0.0003163769561327,0.000322915234153,85.80671837325,0.027427782465031608,0.020666100654807437,-0.9595758385625869,0.7091485197704631,0.02337813423300561
1736868180.0,0.000322915234153,0.000322915234153,0.000322915234153,0.000322915234153,0.0,0.0,0.0,-1.0,0.7238038544592471,0.0
1736868240.0,0.000322915234153,0.0003266875741692,0.0003218848781193,0.0003266875741692,226.17663686341,0.07346248924167079,0.011682137035419787,0.0,0.7238038544592471,0.01487293116565828
1736868300.0,0.0003266875741692,0.0003266875741692,0.0003266875741692,0.0003266875741692,0.0,0.0,0.0,-1.0,0.7322594302738051,0.0
1736868360.0,0.0003266875741692,0.0003275613212118,0.0003259819491474,0.0003275613212118,27.70151179436,0.009061841745921888,0.0026745646657115292,0.0,0.7322594302738051,0.004834503021477013
1736868420.0,0.0003275613212118,0.0003284989663865,0.0003227747473834,0.0003227747473834,422.77591853236,0.13747321437752977,-0.014612756508284344,14.170560050819361,0.7342179054721495,0.017475259233670975
1736868480.0,0.0003227747473834,0.0003227747473834,0.0003184215490469,0.0003184215490469,165.30476157125,0.052996400450889644,-0.013486799608053537,-0.6144965352643126,0.7234889579954624,0.013486799608053537
1736868540.0,0.0003184215490469,0.0003184215490469,0.0003168823679317,0.0003168823679317,37.26053666909,0.011835882447298818,-0.0048337843962102,-0.7766662953219472,0.7137314074003381,0.0048337843962102
1736868600.0,0.0003168823679317,0.0003187396662118,0.0003168823679317,0.0003187396662118,35.440227,0.011263294588123696,0.005861160064608844,-0.04837728506722358,0.7102813836601612,0.005861160064608844
1736868660.0,0.0003187396662118,0.0003189939439132,0.0003172879262177,0.0003189939439132,47.78630947454,0.01523746782787444,0.0007977598283328749,0.3528428745831805,0.7144444565407053,0.005352385900932554
1736868720.0,0.0003189939439132,0.0003195936265873,0.0003189939439132,0.0003195936265873,13.473733653,0.004302079419520049,0.001879918680409825,-0.7176644132662185,0.7150144116277086,0.001879918680409825
1736868780.0,0.0003195936265873,0.0003195936265873,0.0003195936265873,0.0003195936265873,0.0,0.0,0.0,-1.0,0.7163585805768897,0.0
1736868840.0,0.0003195936265873,0.0003207185254579,0.0003195936265873,0.0003207185254579,64.02602845675,0.020498322034024408,0.003519778797255573,0.0,0.7163585805768897,0.003519778797255573
1736868900.0,0.0003207185254579,0.0003207185254579,0.0003194811229573,0.0003194811229573,37.56802855205,0.012025519335337301,-0.003858219598738028,-0.4133412815265276,0.7188800043200364,0.003858219598738028
1736868960.0,0.0003194811229573,0.0003202687218319,0.0003187851569418,0.0003202687218319,64.87049930288,0.020750445930207695,0.002465243853250364,0.7255342868421466,0.716106407398228,0.004643669949470845
1736869020.0,0.0003202687218319,0.0003202687218319,0.0003202687218319,0.0003202687218319,0.0,0.0,0.0,-1.0,0.7178717843173397,0.0
1736869080.0,0.0003202687218319,0.0003202687218319,0.0003157397198505,0.0003157397198505,326.52769906516,0.10383718652428604,-0.014141255991202072,0.0,0.7178717843173397,0.014141255991202072
1736869140.0,0.0003157397198505,0.0003157397198505,0.0003124672481021,0.0003124672481021,8.0737670293,0.002535998352716112,-0.010364460163420386,-0.9755771661617297,0.7077201756464472,0.010364460163420386
1736869200.0,0.0003124672481021,0.0003124672481021,0.0003124672481021,0.0003124672481021,0.0,0.0,0.0,-1.0,0.7003850380791107,0.0
1736869260.0,0.0003124672481021,0.0003128342137883,0.0003115433300116,0.0003128342137883,46.12261020285,0.014420267793021592,0.0011744132814845082,0.0,0.7003850380791107,0.004131261066690177
1736869320.0,0.0003128342137883,0.0003128342137883,0.0003128342137883,0.0003128342137883,0.0,0.0,0.0,-1.0,0.7012075795699838,0.0
1736869380.0,0.0003128342137883,0.0003128342137883,0.0003128342137883,0.0003128342137883,0.0,0.0,0.0,0.0,0.7012075795699838,0.0
1736869440.0,0.0003128342137883,0.0003128342137883,0.0003075451814769,0.0003075451814769,586.25303016616,0.1818496501634367,-0.0169068218189816,0.0,0.7012075795699838,0.0169068218189816
1736869500.0,0.0003075451814769,0.0003077544302866,0.0003071200491188,0.0003071200491188,75.14482118046,0.023094454419480045,-0.001382341144343267,-0.8730024809026358,0.6893523879640747,0.0020627251084006037
1736869560.0,0.0003071200491188,0.0003071200491188,0.0003069482559751,0.0003069482559751,3.35421236898,0.0010298577521722719,-0.0005593680523069729,-0.9554067078846603,0.6883994677952407,0.0005593680523069729
1736869620.0,0.0003069482559751,0.000308468984747,0.0003069482559751,0.000308468984747,19.83632796424,0.006103809110905605,0.004954348957185042,4.92684678833643,0.6880143991257309,0.004954348957185042
1736869680.0,0.000308468984747,0.000308468984747,0.0003057774556234,0.0003057774556234,91.1572737732,0.027996515464529064,-0.008725444880001598,3.5867285421013597,0.6914230625465678,0.008725444880001598
1736869740.0,0.0003057774556234,0.0003057774556234,0.0003057774556234,0.0003057774556234,0.0,0.0,0.0,-1.0,0.6853900887255558,0.0
1736869800.0,0.0003057774556234,0.0003057774556234,0.0003057774556234,0.0003057774556234,0.0,0.0,0.0,0.0,0.6853900887255558,0.0
1736869860.0,0.0003057774556234,0.0003057774556234,0.0003057774556234,0.0003057774556234,0.0,0.0,0.0,0.0,0.6853900887255558,0.0
1736869920.0,0.0003057774556234,0.0003057774556234,0.0003043970955803,0.0003043970955803,19.40399267617,0.005919911261370955,-0.004514263617917113,0.0,0.6853900887255558,0.004514263617917113
1736869980.0,0.0003043970955803,0.0003043970955803,0.0003042602996742,0.0003042602996742,2.72708506598,0.0008299302464484165,-0.0004493995116452038,-0.8598069785498409,0.682296057183941,0.0004493995116452038
1736870040.0,0.0003042602996742,0.0003042602996742,0.0002991356376494,0.0002991356376494,265.68666677261,0.08015712766582099,-0.01684301905403849,95.58296948309027,0.6819894336690452,0.01684301905403849
1736870100.0,0.0002991356376494,0.0002991356376494,0.0002906837687647,0.0002906837687647,869.489244052,0.25642081490509755,-0.02825430280094532,2.1989770887765405,0.6705026726431045,0.02825430280094532
1736870160.0,0.0002906837687647,0.0002906837687647,0.0002823985400253,0.0002823985400253,9.94644500304,0.0028500658332974607,-0.02850255029583936,-0.9888852009367793,0.6515580871014031,0.02850255029583936
1736870220.0,0.0002823985400253,0.0002823985400253,0.0002823985400253,0.0002823985400253,0.0,0.0,0.0,-1.0,0.6329870199531344,0.0
1736870280.0,0.0002823985400253,0.0002823985400253,0.0002823985400253,0.0002823985400253,0.0,0.0,0.0,0.0,0.6329870199531344,0.0
1736870340.0,0.0002823985400253,0.000283657902344,0.0002822240513114,0.0002822240513114,10.74253862613,0.003032739998310057,-0.000617881076454454,0.0,0.6329870199531344,0.005077402427333994
1736870400.0,0.0002822240513114,0.000295634403124,0.0002822240513114,0.000295634403124,973.86797661849,0.2813789218964455,0.047516686654757674,91.78043025555739,0.6325959092518642,0.047516686654757674
1736870460.0,0.000295634403124,0.000299584408629,0.000295634403124,0.000299584408629,5.81396818602,0.0017302916176262847,0.013361115835166096,-0.993850670810861,0.6626547708508665,0.013361115835166096
1736870520.0,0.000299584408629,0.000299584408629,0.000299584408629,0.000299584408629,0.0,0.0,0.0,-1.0,0.6715085780029304,0.0
1736870580.0,0.000299584408629,0.0003008333544244,0.000299584408629,0.0003008333544244,42.8697,0.012869864688385172,0.004168927886186174,0.0,0.6715085780029304,0.004168927886186174
1736870640.0,0.0003008333544244,0.0003008333544244,0.0003008333544244,0.0003008333544244,0.0,0.0,0.0,-1.0,0.67430804883958,0.0
1736870700.0,0.0003008333544244,0.0003008333544244,0.0002986700865248,0.0002986700865248,3.294690844,0.000987589248920912,-0.007190917721670605,0.0,0.67430804883958,0.007190917721670605
1736870760.0,0.0002986700865248,0.0003000649171394,0.0002986700865248,0.0003000649171394,4.47271361829,0.0013389851023178903,0.004670138314920346,0.3558117443875888,0.6694591551413144,0.004670138314920346
1736870820.0,0.0003000649171394,0.0003001748076645,0.0002985345066744,0.0002985345066744,48.41345066744,0.01449013183718371,-0.005100264568046894,9.821727450215938,0.672585621992014,0.005466487071322527
1736870880.0,0.0002985345066744,0.0003003812137183,0.0002985345066744,0.0003003812137183,30.95737263927,0.009270428567856826,0.006185908170120284,-0.3602246913953117,0.6691552573751903,0.006185908170120284
1736870940.0,0.0003003812137183,0.0003003812137183,0.0003003812137183,0.0003003812137183,0.0,0.0,0.0,-1.0,0.6732945903488665,0.0
1736871000.0,0.0003003812137183,0.0003003812137183,0.0003003812137183,0.0003003812137183,0.0,0.0,0.0,0.0,0.6732945903488665,0.0
1736871060.0,0.0003003812137183,0.0003003812137183,0.0002987331496686,0.0002987331496686,89.6199449006,0.02684629811794601,-0.005486574973512009,0.0,0.6732945903488665,0.005486574973512009
1736871120.0,0.0002987331496686,0.0003006458127399,0.0002987331496686,0.0003006458127399,114.54819235808,0.034328888340677634,0.0064025806088872095,0.27871962792999444,0.6696005090996574,0.0064025806088872095
1736871180.0,0.0003006458127399,0.0003006458127399,0.0003006458127399,0.0003006458127399,0.0,0.0,0.0,-1.0,0.6738876803349199,0.0
1736871240.0,0.0003006458127399,0.00030064655442,0.0002916786315168,0.0002916786315168,883.11473762848,0.26154522309034545,-0.029826396520805275,0.0,0.6738876803349199,0.029828863477165738
1736871300.0,0.0002916786315168,0.0002916786315168,0.0002857735023117,0.0002860728968591,23.51671848272,0.006793410022888628,-0.019218873280324907,-0.9740258684803355,0.6537880391707649,0.02024532676388344
1736871360.0,0.0002860728968591,0.0002864714154873,0.0002860728968591,0.0002864714154873,36.879834,0.01055766959848969,0.0013930667063376916,0.5541045753043565,0.6412229696937498,0.0013930667063376916
1736871420.0,0.0002864714154873,0.0002864714154873,0.0002864714154873,0.0002864714154873,0.0,0.0,0.0,-1.0,0.6421162360641691,0.0
1736871480.0,0.0002864714154873,0.0002876215355072,0.0002860540345947,0.0002876215355072,33.69865593383,0.009673080414800389,0.004014781083633057,0.0,0.6421162360641691,0.005471753298086064
1736871540.0,0.0002876215355072,0.0002876215355072,0.000286081898309,0.000286081898309,10.96235316,0.0031445698252989354,-0.005352996935660537,-0.6749153640356844,0.6446941921822132,0.005352996935660537
1736871600.0,0.000286081898309,0.0002874805649084,0.0002858410327426,0.0002874805649084,70.53771657256,0.020228893233544164,0.004889042640122991,5.432960423011476,0.6412431461470237,0.0057309888374313025
1736871660.0,0.0002874805649084,0.0002911473239451,0.0002874805649084,0.0002911473239451,372.18,0.10767686383674781,0.012754806704475149,4.322924126080944,0.6443782112312232,0.012754806704475149
1736871720.0,0.0002911473239451,0.0002932422140864,0.0002882759109724,0.0002882759109724,267.21299022669,0.07741470760456351,-0.009862405512754848,-0.28104604047593434,0.6525971307600529,0.01705769796096934
1736871780.0,0.0002882759109724,0.0002987576760213,0.0002882759109724,0.0002987576760213,950.62590825,0.2790246684045707,0.03636018359474907,2.6042849871607925,0.6461609532200369,0.03636018359474907
1736871840.0,0.0002987576760213,0.0002987576760213,0.0002987576760213,0.0002987576760213,0.0,0.0,0.0,-1.0,0.6696554841108755,0.0
1736871900.0,0.0002987576760213,0.0002987576760213,0.0002987576760213,0.0002987576760213,0.0,0.0,0.0,0.0,0.6696554841108755,0.0
1736871960.0,0.0002987576760213,0.0002987576760213,0.0002987576760213,0.0002987576760213,0.0,0.0,0.0,0.0,0.6696554841108755,0.0
1736872020.0,0.0002987576760213,0.0002987576760213,0.0002987576760213,0.0002987576760213,0.0,0.0,0.0,0.0,0.6696554841108755,0.0
1736872080.0,0.0002987576760213,0.0003099610480923,0.0002987576760213,0.0003099610480923,18.719,0.0056973028983412395,0.03749986350208868,0.0,0.6696554841108755,0.03749986350208868
1736872140.0,0.0003099610480923,0.0003166618646983,0.0003099610480923,0.0003166618646983,629.75200385328,0.1973085174951297,0.02161825380073122,33.63191636740531,0.6947674733584585,0.02161825380073122
1736872200.0,0.0003166618646983,0.0003217036079893,0.0003166618646983,0.0003217036079893,7.579046364,0.002419100757338048,0.015921536039091966,-0.9877395016289767,0.7097871329300144,0.015921536039091966
1736872260.0,0.0003217036079893,0.0003225380881238,0.0003217036079893,0.0003225380881238,83.84623325,0.0270086197608373,0.0025939408628819077,10.164735358339223,0.7210880343470434,0.0025939408628819077
1736872320.0,0.0003225380881238,0.0003225380881238,0.0003225380881238,0.0003225380881238,0.0,0.0,0.0,-1.0,0.7229584940650714,0.0
1736872380.0,0.0003225380881238,0.0003225380881238,0.0003225380881238,0.0003225380881238,0.0,0.0,0.0,0.0,0.7229584940650714,0.0
1736872440.0,0.0003225380881238,0.0003225380881238,0.0003225380881238,0.0003225380881238,0.0,0.0,0.0,0.0,0.7229584940650714,0.0
1736872500.0,0.0003225380881238,0.0003225380881238,0.0003225380881238,0.0003225380881238,0.0,0.0,0.0,0.0,0.7229584940650714,0.0
1736872560.0,0.0003225380881238,0.0003232212388606,0.0003216939950737,0.0003216939950737,20.87356118392,0.006723708902633628,-0.0026170337122356636,0.0,0.7229584940650714,0.004735080423474763
1736872620.0,0.0003216939950737,0.0003216939950737,0.0003203741242745,0.0003203741242745,108.08623339738,0.034699362302443186,-0.004102876707094343,4.16074726091305,0.7210664873135559,0.004102876707094343
1736872680.0,0.0003203741242745,0.0003203741242745,0.000319395432573,0.000319395432573,6.29936164608,0.00201506990436737,-0.0030548400365238457,-0.9419277539799201,0.7181080404184909,0.0030548400365238457
1736872740.0,0.000319395432573,0.0003196534345158,0.0003186087093774,0.0003196534345158,57.2573439959,0.0182951204065468,0.0008077821925054038,8.079149247822517,0.7159143352260707,0.0032709457677083196
1736872800.0,0.0003196534345158,0.0003377444864318,0.0003196534345158,0.0003377444864318,1841.004,0.6051361010281077,0.05659583149295333,32.07636613375681,0.7164926380774257,0.05659583149295333
1736872860.0,0.0003377444864318,0.0003377444864318,0.0003377444864318,0.0003377444864318,0.0,0.0,0.0,-1.0,0.7570431346879972,0.0
1736872920.0,0.0003377444864318,0.0003778398931249,0.0003377444864318,0.0003778398931249,1003.0384,0.35887930556777253,0.11871520721685071,0.0,0.7570431346879972,0.11871520721685071
1736872980.0,0.0003778398931249,0.0003778398931249,0.0003765855800229,0.0003765855800229,24.40821064476,0.009207087932182115,-0.0033196947300250528,-0.9743448903591255,0.8469156672945771,0.0033196947300250528
1736873040.0,0.0003765855800229,0.0003765855800229,0.0003765855800229,0.0003765855800229,0.0,0.0,0.0,-1.0,0.8441041658170836,0.0
1736873100.0,0.0003765855800229,0.0003765855800229,0.0003765855800229,0.0003765855800229,0.0,0.0,0.0,0.0,0.8441041658170836,0.0
1736873160.0,0.0003765855800229,0.000379302785322,0.0003765855800229,0.000379302785322,168.19719385416,0.06356915095901014,0.007215372662263812,0.0,0.8441041658170836,0.007215372662263812
1736873220.0,0.000379302785322,0.0003794773546746,0.000379302785322,0.0003794773546746,56.92160320119,0.021595491022914932,0.0004602374655693178,-0.6602834755990392,0.8501946919392231,0.0004602374655693178
1736873280.0,0.0003794773546746,0.0003809799030982,0.0003719310979224,0.0003719310979224,705.6631855189,0.2651206411427132,-0.01988592114718117,11.276666497714464,0.8505859833894818,0.02384544180128827
1736873340.0,0.0003719310979224,0.0003719310979224,0.0003719310979224,0.0003719310979224,0.0,0.0,0.0,-1.0,0.833671297594901,0.0
1736873400.0,0.0003719310979224,0.0003719310979224,0.0003637714596957,0.0003637714596957,86.15142114342,0.03169091043882407,-0.021938574838940805,0.0,0.833671297594901,0.021938574838940805
1736873460.0,0.0003637714596957,0.0003647050733239,0.0003628545386146,0.0003647050733239,13.5997001845,0.004953531220255288,0.002566483992397289,-0.8436923663074448,0.8153817374415384,0.005087080528109655
1736873520.0,0.0003647050733239,0.0003647050733239,0.0003647050733239,0.0003647050733239,0.0,0.0,0.0,-1.0,0.8174744016183751,0.0
1736873580.0,0.0003647050733239,0.0003654741481651,0.0003634086063736,0.0003653334679379,103.32769704142,0.03771660061002973,0.0017230213121874676,0.0,0.8174744016183751,0.005663594895115593
1736873640.0,0.0003653334679379,0.0003653334679379,0.0003653334679379,0.0003653334679379,0.0,0.0,0.0,-1.0,0.8188829274345313,0.0
1736873700.0,0.0003653334679379,0.0003653334679379,0.0003653334679379,0.0003653334679379,0.0,0.0,0.0,0.0,0.8188829274345313,0.0
1736873760.0,0.0003653334679379,0.0003653334679379,0.0003653334679379,0.0003653334679379,0.0,0.0,0.0,0.0,0.8188829274345313,0.0
1736873820.0,0.0003653334679379,0.0003653334679379,0.0003653334679379,0.0003653334679379,0.0,0.0,0.0,0.0,0.8188829274345313,0.0
1736873880.0,0.0003653334679379,0.0003665166187056,0.0003593565244671,0.0003593565244671,414.60103408602,0.15022861012145147,-0.01636024069882362,0.0,0.8188829274345313,0.019598790877043592
1736873940.0,0.0003593565244671,0.0003593565244671,0.0003435900216817,0.0003435900216817,616.17345520591,0.2165685010827834,-0.043874263334387945,0.441592922331504,0.8054858056375451,0.043874263334387945
1736874000.0,0.0003435900216817,0.0003435900216817,0.0003430661641532,0.000343524092127,44.32947465804,0.01522970384763219,-0.0001918843695673503,-0.9296771978774021,0.7701457092888918,0.0015246587369912785
1736874060.0,0.000343524092127,0.000348635612576,0.000343524092127,0.000348635612576,214.71076537728,0.07430706998004662,0.014879656379705349,3.8790883081813416,0.7699979303649899,0.014879656379705349
1736874120.0,0.000348635612576,0.0003504782216909,0.0003483536955717,0.0003504782216909,216.66387858596,0.0757363574526843,0.005285200502855505,0.01923487863296832,0.7814552349819053,0.0060938298973599045
1736874180.0,0.0003504782216909,0.0003535884498032,0.0003504782216909,0.0003520015338628,70.41360005371,0.024732064276693097,0.004346381822387438,-0.6734452895738449,0.7855853825827906,0.008874240736826824
1736874240.0,0.0003520015338628,0.0003520015338628,0.0003520015338628,0.0003520015338628,0.0,0.0,0.0,-1.0,0.7889998366095818,0.0
1736874300.0,0.0003520015338628,0.0003520015338628,0.0003520015338628,0.0003520015338628,0.0,0.0,0.0,0.0,0.7889998366095818,0.0
1736874360.0,0.0003520015338628,0.0003520015338628,0.0003505073416352,0.0003505073416352,116.042121456,0.04076031012722845,-0.004244845785764057,0.0,0.7889998366095818,0.004244845785764057
1736874420.0,0.0003505073416352,0.0003512652002182,0.0003505073416352,0.0003512652002182,9.309,0.0032664002960566506,0.002162176060177229,-0.9198632128690638,0.7856506539781811,0.002162176060177229
1736874480.0,0.0003512652002182,0.0003512652002182,0.0003484278736102,0.0003484278736102,210.13520985611,0.07351507545189875,-0.008077448623539929,21.506450155741643,0.7873493690138753,0.008077448623539929
1736874540.0,0.0003484278736102,0.0003484278736102,0.0003484278736102,0.0003484278736102,0.0,0.0,0.0,-1.0,0.7809895949368891,0.0
1736874600.0,0.0003484278736102,0.0003484278736102,0.0003460982282309,0.0003461809839769,50.91579271792,0.017683280306468,-0.006448650649039999,0.0,0.7809895949368891,0.0066861624908525945
1736874660.0,0.0003461809839769,0.0003461809839769,0.0003461809839769,0.0003461809839769,0.0,0.0,0.0,-1.0,0.7759532658786059,0.0
1736874720.0,0.0003461809839769,0.0003497968395076,0.0003461809839769,0.0003497968395076,207.13857295215,0.07208192658146134,0.01044498599883023,0.0,0.7759532658786059,0.01044498599883023
1736874780.0,0.0003497968395076,0.0003497968395076,0.0003497968395076,0.0003497968395076,0.0,0.0,0.0,-1.0,0.7840580868764545,0.0
1736874840.0,0.0003497968395076,0.0003507462309794,0.0003497968395076,0.0003507462309794,0.68177077654,0.00023880489658281896,0.0027141224978945834,0.0,0.7840580868764545,0.0027141224978945834
1736874900.0,0.0003507462309794,0.0003507462309794,0.0003507462309794,0.0003507462309794,0.0,0.0,0.0,-1.0,0.786186116569702,0.0
1736874960.0,0.0003507462309794,0.0003507462309794,0.0003507462309794,0.0003507462309794,0.0,0.0,0.0,0.0,0.786186116569702,0.0
1736875020.0,0.0003507462309794,0.0003736087308886,0.0003507462309794,0.0003717431156909,993.02378513382,0.35872455287470095,0.05986346496972971,0.0,0.786186116569702,0.06518245355156162
1736875080.0,0.0003717431156909,0.0003759374420177,0.0003717431156909,0.0003752382848639,237.6891881132,0.08877470131676574,0.009402108675244946,-0.7525268326203088,0.8332499416186603,0.011282862142597256
1736875140.0,0.0003752382848639,0.0003755044936092,0.0003752382848639,0.0003755044936092,21.8398445908,0.008198052804758948,0.0007094391911436524,-0.9076532764046519,0.8410842481234004,0.0007094391911436524
1736875200.0,0.0003755044936092,0.0003769091942057,0.0003755044936092,0.0003769091942057,56.22,0.02115034876447684,0.0037408356501904814,1.5799234608734305,0.8416809462520728,0.0037408356501904814
1736875260.0,0.0003769091942057,0.0003769091942057,0.0003769091942057,0.0003769091942057,0.0,0.0,0.0,-1.0,0.8448295363418986,0.0
1736875320.0,0.0003769091942057,0.0003775337585739,0.0003769091942057,0.0003775337585739,102.1609933251,0.03853732073154272,0.0016570685401192783,0.0,0.8448295363418986,0.0016570685401192783
1736875380.0,0.0003775337585739,0.0003794234591379,0.0003775337585739,0.0003794234591379,100.0625996933,0.037871553530424984,0.00500538169391314,-0.01727590783374852,0.8462294767883343,0.00500538169391314
1736875440.0,0.0003794234591379,0.0003794234591379,0.0003794234591379,0.0003794234591379,0.0,0.0,0.0,-1.0,0.8504651783203003,0.0
1736875500.0,0.0003794234591379,0.0003812449047561,0.0003780909991368,0.0003812449047561,150.41366089988,0.05720745667200931,0.004800561415834855,0.0,0.8504651783203003,0.008312363253621849
1736875560.0,0.0003812449047561,0.0003812449047561,0.0003523451826062,0.0003523451826062,2175.846736715,0.7980897988368661,-0.07580356298371636,12.950800214954471,0.8545478886408558,0.07580356298371636
1736875620.0,0.0003523451826062,0.0003523451826062,0.0003523451826062,0.0003523451826062,0.0,0.0,0.0,-1.0,0.7897701139416669,0.0
1736875680.0,0.0003523451826062,0.0003560777954027,0.0003523451826062,0.0003560777954027,9.77928084,0.0034639336277290885,0.010593625174298823,0.0,0.7897701139416669,0.010593625174298823
1736875740.0,0.0003560777954027,0.0003560777954027,0.0003554977950615,0.0003554977950615,96.19804068795,0.034226088802013575,-0.001628858492970687,8.880699944141762,0.7981366425026282,0.001628858492970687
1736875800.0,0.0003554977950615,0.0003554977950615,0.0003537822463174,0.0003537822463174,81.82647738999,0.029018943634530864,-0.004825764794977815,-0.15213964989117795,0.7968365908539367,0.004825764794977815
1736875860.0,0.0003537822463174,0.0003547917636225,0.0003537822463174,0.0003547917636225,1.8670819,0.0006614828543846038,0.002853499053749344,-0.9772051366612299,0.7929912448864436,0.002853499053749344
1736875920.0,0.0003547917636225,0.0003547917636225,0.0003529990844186,0.0003529990844186,3.86940869584,0.0013693660311231,-0.0050527644317229295,1.0701459184411666,0.7952540446533586,0.0050527644317229295
1736875980.0,0.0003529990844186,0.0003529990844186,0.0003447440248519,0.0003447440248519,750.18270038127,0.26171740494248363,-0.023385498521324207,190.12304452873957,0.7912358133023503,0.023385498521324207
1736876040.0,0.0003447440248519,0.0003447440248519,0.0003447440248519,0.0003447440248519,0.0,0.0,0.0,-1.0,0.7727323693603494,0.0
1736876100.0,0.0003447440248519,0.0003447440248519,0.0003447440248519,0.0003447440248519,0.0,0.0,0.0,0.0,0.7727323693603494,0.0
1736876160.0,0.0003447440248519,0.0003447440248519,0.0003447440248519,0.0003447440248519,0.0,0.0,0.0,0.0,0.7727323693603494,0.0
1736876220.0,0.0003447440248519,0.0003447440248519,0.0003447440248519,0.0003447440248519,0.0,0.0,0.0,0.0,0.7727323693603494,0.0
1736876280.0,0.0003447440248519,0.0003447440248519,0.0003447440248519,0.0003447440248519,0.0,0.0,0.0,0.0,0.7727323693603494,0.0
1736876340.0,0.0003447440248519,0.0003447440248519,0.0003365679510918,0.0003384267874104,10.95114980427,0.003740752953494632,-0.01832442910131333,0.0,0.7727323693603494,0.023716361040956115
1736876400.0,0.0003384267874104,0.0003485586107459,0.0003384267874104,0.0003485586107459,824.60535299518,0.28324591837460505,0.029938006423863416,74.71895869519936,0.7585724898437158,0.029938006423863416
1736876460.0,0.0003485586107459,0.0003485586107459,0.0003485586107459,0.0003485586107459,0.0,0.0,0.0,-1.0,0.7812826379176231,0.0
1736876520.0,0.0003485586107459,0.0003485586107459,0.0003485586107459,0.0003485586107459,0.0,0.0,0.0,0.0,0.7812826379176231,0.0
1736876580.0,0.0003485586107459,0.0003485586107459,0.0002923651100222,0.0003032439518877,4959.31712043932,1.6162478040075174,-0.13000585112853372,0.0,0.7812826379176231,0.16121679106836115
1736876640.0,0.0003032439518877,0.0003032439518877,0.0002852972139712,0.0002852972139712,904.52070643,0.26617383555291396,-0.059182509015534145,-0.835313721761644,0.6797113236031964,0.059182509015534145
1736876700.0,0.0002852972139712,0.0002852972139712,0.0002852972139712,0.0002852972139712,0.0,0.0,0.0,-1.0,0.6394843020660896,0.0
1736876760.0,0.0002852972139712,0.0002852972139712,0.000284302335808,0.0002844672560926,63.70332507486,0.01814794562628979,-0.0029090991357657516,0.0,0.6394843020660896,0.0034871639626330017
1736876820.0,0.0002844672560926,0.0002928171829596,0.0002830124802511,0.0002895801431564,1000.34296194885,0.28712213783188933,0.017973552155105176,14.821192312586254,0.6376239788356134,0.03446689381117524
1736876880.0,0.0002895801431564,0.0002895801431564,0.0002852440601875,0.0002852440601875,43.73694130676,0.012570526221678613,-0.01497368887810141,-0.9562188888791339,0.6490843466745609,0.01497368887810141
1736876940.0,0.0002852440601875,0.0002852440601875,0.0002559417585234,0.0002559417585234,1619.89960497016,0.4383333469726198,-0.10272712302874477,33.86992821483385,0.6393651596118104,0.10272712302874477
1736877000.0,0.0002559417585234,0.0002559417585234,0.0002559417585234,0.0002559417585234,0.0,0.0,0.0,-1.0,0.573685016200075,0.0
1736877060.0,0.0002559417585234,0.0002567106835513,0.0002559417585234,0.0002567106835513,14.77944750048,0.003788359926817946,0.0030042968851043683,0.0,0.573685016200075,0.0030042968851043683
1736877120.0,0.0002567106835513,0.0002567106835513,0.0002547907022095,0.0002559814856524,55.73762445829,0.014288121794890953,-0.002840543637734027,2.771585084549329,0.5754085363072758,0.0074791641517962595
1736877180.0,0.0002559814856524,0.0002569041156965,0.0002559814856524,0.0002569041156965,37.963338902,0.009735424950982178,0.003604284277624852,-0.3186350808919264,0.5737740632503704,0.003604284277624852
1736877240.0,0.0002569041156965,0.0002569041156965,0.0002558290209456,0.0002558290209456,19.94711378012,0.005113773107718891,-0.0041848093713299835,-0.4747252294104555,0.5758421080854526,0.0041848093713299835
1736877300.0,0.0002558290209456,0.0002567501740786,0.0002551920584921,0.0002551920584921,83.80304201648,0.021412560495712274,-0.002489797487187607,3.1872331925308686,0.5734323186351302,0.006090456746231701
1736877360.0,0.0002551920584921,0.0002551920584921,0.0002551920584921,0.0002551920584921,0.0,0.0,0.0,-1.0,0.5720045882891203,0.0
1736877420.0,0.0002551920584921,0.0002551920584921,0.000254438465582,0.000254438465582,0.76209433968,0.00019419326886251176,-0.0029530421697011575,0.0,0.5720045882891203,0.0029530421697011575
1736877480.0,0.000254438465582,0.000254438465582,0.000254438465582,0.000254438465582,0.0,0.0,0.0,-1.0,0.57031543461864,0.0
1736877540.0,0.000254438465582,0.000254438465582,0.0002533694047566,0.0002533694047566,105.1943672871,0.02670926381183937,-0.004201647824571707,0.0,0.57031543461864,0.004201647824571707
1736877600.0,0.0002533694047566,0.0002547974664035,0.0002533694047566,0.0002543143591348,122.64194507163,0.031131662142463726,0.003729552031381739,0.16557544834553045,0.5679191700134549,0.005636282913763188
1736877660.0,0.0002543143591348,0.0002543143591348,0.0002539121682379,0.0002539121682379,36.22469035739,0.009205174292743826,-0.0015814714445078482,-0.7043147182241861,0.5700372541076392,0.0015814714445078482
1736877720.0,0.0002539121682379,0.0002539121682379,0.0002539121682379,0.0002539121682379,0.0,0.0,0.0,-1.0,0.5691357564679623,0.0
1736877780.0,0.0002539121682379,0.0002539121682379,0.0002539121682379,0.0002539121682379,0.0,0.0,0.0,0.0,0.5691357564679623,0.0
1736877840.0,0.0002539121682379,0.0002539121682379,0.0002535127059388,0.0002535127059388,20.84834992548,0.005289485668864251,-0.0015732302310368653,0.0,0.5691357564679623,0.0015732302310368653
1736877900.0,0.0002535127059388,0.0002535127059388,0.0002529364544663,0.0002529364544663,40.6513342273,0.010293917044381594,-0.002273067420293813,0.9461092606744664,0.5682403748903229,0.002273067420293813
1736877960.0,0.0002529364544663,0.0002529364544663,0.0002526377269394,0.0002526377269394,9.83444280843,0.002486020186226585,-0.0011810378520972534,-0.7584961899820777,0.5669487262072641,0.0011810378520972534
1736878020.0,0.0002526377269394,0.0002540516431796,0.0002526377269394,0.0002540516431796,24.3503488438,0.0061690314589214704,0.005596615585997386,1.4814888845633862,0.5662791383014151,0.005596615585997386
1736878080.0,0.0002540516431796,0.0002544068309904,0.0002540516431796,0.0002544068309904,18.684,0.00475001906569614,0.0013980929481684752,-0.23002190905886807,0.5694483849528579,0.0013980929481684752
1736878140.0,0.0002544068309904,0.0002562321395874,0.0002544068309904,0.0002562321395874,186.84,0.047703892631378086,0.007174762524630818,9.042884454062046,0.5702445267242064,0.007174762524630818
1736878200.0,0.0002562321395874,0.0002564399164917,0.0002562321395874,0.0002564399164917,29.2438004208,0.007496239644649192,0.0008108932182923434,-0.8428589527782392,0.5743358957844231,0.0008108932182923434
1736878260.0,0.0002564399164917,0.0002564399164917,0.0002564399164917,0.0002564399164917,0.0,0.0,0.0,-1.0,0.5748016208673365,0.0
1736878320.0,0.0002564399164917,0.0002564399164917,0.0002564399164917,0.0002564399164917,0.0,0.0,0.0,0.0,0.5748016208673365,0.0
1736878380.0,0.0002564399164917,0.0002567846166912,0.0002564399164917,0.0002567846166912,25.67846166912,0.006589408251494552,0.0013441752914903553,0.0,0.5748016208673365,0.0013441752914903553
1736878440.0,0.0002567846166912,0.00025792715002,0.0002567846166912,0.00025792715002,100.570857055,0.025882501757219296,0.004449383859212903,2.9278947015232895,0.575574255003615,0.004449383859212903
1736878500.0,0.00025792715002,0.0002589112731254,0.00025792715002,0.0002589112731254,8.92397896125,0.0023061276072575874,0.0038155080041931966,-0.9109001274726333,0.5781352058036066,0.0038155080041931966
1736878560.0,0.0002589112731254,0.0002589828783554,0.0002589112731254,0.0002589828783554,3.687156,0.0009547782639986702,0.0002765628129498752,-0.5859820328268485,0.5803410853088561,0.0002765628129498752
1736878620.0,0.0002589828783554,0.0002589828783554,0.0002589828783554,0.0002589828783554,0.0,0.0,0.0,-1.0,0.5805015860718795,0.0
1736878680.0,0.0002589828783554,0.0002589828783554,0.0002589828783554,0.0002589828783554,0.0,0.0,0.0,0.0,0.5805015860718795,0.0
1736878740.0,0.0002589828783554,0.000260653530729,0.0002589828783554,0.000260653530729,119.1868813724,0.030966921523161148,0.006450821707631752,0.0,0.5805015860718795,0.006450821707631752
1736878800.0,0.000260653530729,0.0002613989335146,0.000260653530729,0.0002613989335146,4.225641497,0.0011030032782594324,0.0028597455922245844,-0.9643812421769319,0.5842462983046267,0.0028597455922245844
1736878860.0,0.0002613989335146,0.0002613989335146,0.0002613989335146,0.0002613989335146,0.0,0.0,0.0,-1.0,0.5859170940809768,0.0
1736878920.0,0.0002613989335146,0.0002629809224183,0.0002613989335146,0.0002629809224183,198.99845266499,0.05217538996966874,0.006052009786075226,0.0,0.5859170940809768,0.006052009786075226
1736878980.0,0.0002629809224183,0.0002629809224183,0.0002629809224183,0.0002629809224183,0.0,0.0,0.0,-1.0,0.5894630700681837,0.0
1736879040.0,0.0002629809224183,0.0002629809224183,0.0002629809224183,0.0002629809224183,0.0,0.0,0.0,0.0,0.5894630700681837,0.0
1736879100.0,0.0002629809224183,0.0002645409665757,0.0002629809224183,0.0002645409665757,9.25893383015,0.0024421451320755898,0.00593215714301358,0.0,0.5894630700681837,0.00593215714301358
1736879160.0,0.0002645409665757,0.0002645409665757,0.0002645409665757,0.0002645409665757,0.0,0.0,0.0,-1.0,0.5929598576298314,0.0
1736879220.0,0.0002645409665757,0.0002645409665757,0.0002645409665757,0.0002645409665757,0.0,0.0,0.0,0.0,0.5929598576298314,0.0
1736879280.0,0.0002645409665757,0.0002658131433656,0.0002645409665757,0.0002658131433656,74.732,0.019817211672066615,0.004808997284494017,0.0,0.5929598576298314,0.004808997284494017
1736879340.0,0.0002658131433656,0.0002658131433656,0.0002658131433656,0.0002658131433656,0.0,0.0,0.0,-1.0,0.5958113999749872,0.0
1736879400.0,0.0002658131433656,0.0002658131433656,0.0002658131433656,0.0002658131433656,0.0,0.0,0.0,0.0,0.5958113999749872,0.0
1736879460.0,0.0002658131433656,0.0002658131433656,0.0002658131433656,0.0002658131433656,0.0,0.0,0.0,0.0,0.5958113999749872,0.0
1736879520.0,0.0002658131433656,0.0002658131433656,0.0002634086958532,0.0002634086958532,166.95996482448,0.04417942983015873,-0.00904563063344425,0.0,0.5958113999749872,0.00904563063344425
1736879580.0,0.0002634086958532,0.0002634086958532,0.0002634086958532,0.0002634086958532,0.0,0.0,0.0,-1.0,0.5904219101236181,0.0
1736879640.0,0.0002634086958532,0.0002634086958532,0.0002634086958532,0.0002634086958532,0.0,0.0,0.0,0.0,0.5904219101236181,0.0
1736879700.0,0.0002634086958532,0.0002634086958532,0.000261765637749,0.000261765637749,52.3531275498,0.013747259436478596,-0.006237676014749724,0.0,0.5904219101236181,0.006237676014749724
1736879760.0,0.000261765637749,0.000261765637749,0.000261765637749,0.000261765637749,0.0,0.0,0.0,-1.0,0.5867390495362573,0.0
1736879820.0,0.000261765637749,0.000261765637749,0.0002612035874333,0.0002612035874333,22.4439152495,0.005868738484044111,-0.0021471508656875694,0.0,0.5867390495362573,0.0021471508656875694
1736879880.0,0.0002612035874333,0.0002612035874333,0.0002612035874333,0.0002612035874333,0.0,0.0,0.0,-1.0,0.5854792322781128,0.0
1736879940.0,0.0002612035874333,0.0002612035874333,0.0002603560434269,0.0002603560434269,75.85937622932,0.019782594131724587,-0.0032447640353194316,0.0,0.5854792322781128,0.0032447640353194316
1736880000.0,0.0002603560434269,0.0002603560434269,0.0002545259977947,0.0002545259977947,607.54275034838,0.15640642571437943,-0.022392588070792623,6.906264702845844,0.5835794903217905,0.022392588070792623
1736880060.0,0.0002545259977947,0.0002545259977947,0.0002507077886206,0.0002507077886206,37.436,0.009456966014121585,-0.015001254124067035,-0.9395359495562455,0.5705116351884515,0.015001254124067035
1736880120.0,0.0002507077886206,0.0002507077886206,0.0002507077886206,0.0002507077886206,0.0,0.0,0.0,-1.0,0.5619532451682525,0.0
1736880180.0,0.0002507077886206,0.0002507077886206,0.0002494187725377,0.0002494187725377,0.00159602449,3.9910711985406476e-07,-0.005141507928382292,0.0,0.5619532451682525,0.005141507928382292
1736880240.0,0.0002494187725377,0.0002494187725377,0.0002492090864271,0.0002492090864271,12.35689733936,0.003080746631886455,-0.0008406989917662228,7718.097151193252,0.5590639581028397,0.0008406989917662228
1736880300.0,0.0002492090864271,0.0002492090864271,0.0002492090864271,0.0002492090864271,0.0,0.0,0.0,-1.0,0.5585939535969299,0.0
1736880360.0,0.0002492090864271,0.0002492090864271,0.0002492090864271,0.0002492090864271,0.0,0.0,0.0,0.0,0.5585939535969299,0.0
1736880420.0,0.0002492090864271,0.0002649945018125,0.0002492090864271,0.0002586428621629,1661.5206470562,0.4219032491150044,0.03785486264185492,0.0,0.5585939535969299,0.06334205390226666
1736880480.0,0.0002586428621629,0.0002586428621629,0.0002560390884459,0.0002560390884459,289.17527344992,0.07441664690351898,-0.01006706195263201,-0.8236167958895378,0.5797394509829124,0.01006706195263201
1736880540.0,0.0002560390884459,0.0002560390884459,0.0002560390884459,0.0002560390884459,0.0,0.0,0.0,-1.0,0.5739031780134825,0.0
1736880600.0,0.0002560390884459,0.0002560390884459,0.0002560390884459,0.0002560390884459,0.0,0.0,0.0,0.0,0.5739031780134825,0.0
1736880660.0,0.0002560390884459,0.0002560390884459,0.0002560390884459,0.0002560390884459,0.0,0.0,0.0,0.0,0.5739031780134825,0.0
1736880720.0,0.0002560390884459,0.0002560390884459,0.0002560390884459,0.0002560390884459,0.0,0.0,0.0,0.0,0.5739031780134825,0.0
1736880780.0,0.0002560390884459,0.000257528840638,0.0002560390884459,0.0002569987234804,34.69357019464,0.008899556670284803,0.0037480020739205063,0.0,0.5739031780134825,0.005818456084742513
1736880840.0,0.0002569987234804,0.0002569987234804,0.000256776837958,0.000256776837958,3.16748618856,0.0008136884974378958,-0.0008633720798107937,-0.9085697717780973,0.5760541683149065,0.0008633720798107937
1736880900.0,0.000256776837958,0.000258342903156,0.0002556068908113,0.0002556068908113,241.22556161356,0.0618000263670122,-0.004556279904386586,74.95047313757688,0.5755568192295248,0.010655214724419671
1736880960.0,0.0002556068908113,0.0002556068908113,0.0002556068908113,0.0002556068908113,0.0,0.0,0.0,-1.0,0.5729344212602366,0.0
1736881020.0,0.0002556068908113,0.0002556068908113,0.0002536858180816,0.0002536858180816,1.60874585298,0.0004096612666922017,-0.007515731377986383,0.0,0.5729344212602366,0.007515731377986383
1736881080.0,0.0002536858180816,0.0002536858180816,0.0002532653891422,0.0002532653891422,30.54020532768,0.0077411969798650525,-0.0016572819977850278,17.89658019751569,0.5686284000528427,0.0016572819977850278
1736881140.0,0.0002532653891422,0.0002532653891422,0.0002532653891422,0.0002532653891422,0.0,0.0,0.0,-1.0,0.5676860224420058,0.0
1736881200.0,0.0002532653891422,0.0002532653891422,0.0002524209375647,0.0002524209375647,23.5195175089,0.005946749207497131,-0.0033342557400367063,0.0,0.5676860224420058,0.0033342557400367063
1736881260.0,0.0002524209375647,0.0002524209375647,0.0002524209375647,0.0002524209375647,0.0,0.0,0.0,-1.0,0.5657932120631399,0.0
1736881320.0,0.0002524209375647,0.0002540531674513,0.0002524209375647,0.0002540531674513,92.4425025,0.023409866859563425,0.006466301497599326,0.0,0.5657932120631399,0.006466301497599326
1736881380.0,0.0002540531674513,0.0002549364836432,0.0002540531674513,0.0002549364836432,20.5018,0.0052176020144046095,0.003476895016746146,-0.7771195348651414,0.5694518015576353,0.003476895016746146
1736881440.0,0.0002549364836432,0.0002570956905111,0.0002549364836432,0.0002570956905111,223.644,0.05725646177828214,0.008469587549979441,9.973711988804455,0.5714317256887482,0.008469587549979441
1736881500.0,0.0002570956905111,0.0002570956905111,0.0002570956905111,0.0002570956905111,0.0,0.0,0.0,-1.0,0.5762715167183049,0.0
1736881560.0,0.0002570956905111,0.0002570956905111,0.0002570956905111,0.0002570956905111,0.0,0.0,0.0,0.0,0.5762715167183049,0.0
1736881620.0,0.0002570956905111,0.0002577286728236,0.0002570956905111,0.0002577286728236,7.80679241028,0.0020095634661542847,0.002462049485316646,0.0,0.5762715167183049,0.002462049485316646
1736881680.0,0.0002577286728236,0.0002577286728236,0.0002577286728236,0.0002577286728236,0.0,0.0,0.0,-1.0,0.5776903257094438,0.0
1736881740.0,0.0002577286728236,0.0002608579700805,0.0002577286728236,0.0002608579700805,203.318973,0.05271925182338967,0.012141828158335486,0.0,0.5776903257094438,0.012141828158335486
1736881800.0,0.0002608579700805,0.0002608579700805,0.0002608579700805,0.0002608579700805,0.0,0.0,0.0,-1.0,0.5847045423729408,0.0
1736881860.0,0.0002608579700805,0.0002608579700805,0.0002608579700805,0.0002608579700805,0.0,0.0,0.0,0.0,0.5847045423729408,0.0
1736881920.0,0.0002608579700805,0.0002628668997315,0.0002608579700805,0.0002628668997315,9.324,0.002441605343063544,0.007701239300375102,0.0,0.5847045423729408,0.007701239300375102
1736881980.0,0.0002628668997315,0.0002634047343644,0.0002628668997315,0.0002634047343644,51.7678014,0.01362196271816501,0.0020460340706620547,4.579100961940552,0.5892074919737711,0.0020460340706620547
1736882040.0,0.0002634047343644,0.0002634047343644,0.0002634047343644,0.0002634047343644,0.0,0.0,0.0,-1.0,0.5904130305770388,0.0
1736882100.0,0.0002634047343644,0.0002634047343644,0.0002634047343644,0.0002634047343644,0.0,0.0,0.0,0.0,0.5904130305770388,0.0
1736882160.0,0.0002634047343644,0.000264692874768,0.0002634047343644,0.000264692874768,46.6875,0.012327778563184464,0.0048903464347683475,0.0,0.5904130305770388,0.0048903464347683475
1736882220.0,0.000264692874768,0.0002649459945679,0.000264692874768,0.0002649459945679,9.3285,0.002470368096299971,0.0009562773464219958,-0.799609630912949,0.593300354836162,0.0009562773464219958
1736882280.0,0.0002649459945679,0.0002649459945679,0.0002634820365122,0.0002634820365122,9.27695540977,0.0024511016408013215,-0.005525496084919302,-0.007799022148766511,0.5938677145251159,0.005525496084919302
1736882340.0,0.0002634820365122,0.0002634820365122,0.0002634820365122,0.0002634820365122,0.0,0.0,0.0,-1.0,0.5905863007935473,0.0
1736882400.0,0.0002634820365122,0.0002634820365122,0.0002634820365122,0.0002634820365122,0.0,0.0,0.0,0.0,0.5905863007935473,0.0
1736882460.0,0.0002634820365122,0.0002634820365122,0.0002634820365122,0.0002634820365122,0.0,0.0,0.0,0.0,0.5905863007935473,0.0
1736882520.0,0.0002634820365122,0.0002634820365122,0.0002370455366334,0.0002370455366334,1609.3456181166,0.4027609282942036,-0.10033511289326892,0.0,0.5905863007935473,0.10033511289326892
1736882580.0,0.0002370455366334,0.0002370455366334,0.0002370455366334,0.0002370455366334,0.0,0.0,0.0,-1.0,0.5313297576302087,0.0
1736882640.0,0.0002370455366334,0.0002371584177495,0.0002360111564092,0.0002360111564092,148.0702641906,0.035022814757974675,-0.004363635101046954,0.0,0.5313297576302087,0.004839835234165599
1736882700.0,0.0002360111564092,0.0002360111564092,0.0002294201722441,0.0002297520211207,485.3417056595,0.11302714750787508,-0.02652050599526659,2.2272433923129737,0.5290112284495828,0.02792657883372449
1736882760.0,0.0002297520211207,0.0002297520211207,0.0002297520211207,0.0002297520211207,0.0,0.0,0.0,-1.0,0.5149815829939223,0.0
1736882820.0,0.0002297520211207,0.0002297520211207,0.000228579935399,0.000228579935399,44.62145819955,0.01022572011968088,-0.005101525183468322,0.0,0.5149815829939223,0.005101525183468322
1736882880.0,0.000228579935399,0.000228579935399,0.0002269682664305,0.0002269682664305,158.54116736172,0.03611157185379068,-0.007050789325347989,2.5314453584827463,0.5123543914792564,0.007050789325347989
1736882940.0,0.0002269682664305,0.0002269682664305,0.0002269682664305,0.0002269682664305,0.0,0.0,0.0,-1.0,0.5087418886050193,0.0
1736883000.0,0.0002269682664305,0.0002269682664305,0.0002254762642876,0.0002254762642876,0.7199968323,0.000162879314454246,-0.006573615626380373,0.0,0.5087418886050193,0.006573615626380373
1736883060.0,0.0002254762642876,0.0002254762642876,0.0002252575057078,0.0002252575057078,26.89212289855,0.006060593968621532,-0.0009702066888999949,36.209107792039475,0.5053976149762911,0.0009702066888999949
1736883120.0,0.0002252575057078,0.0002264419964431,0.0002252575057078,0.000225488400118,28.37148685182,0.00639416577032419,0.0010250242693333887,0.05503945709442203,0.504907274829687,0.005258385204870907
1736883180.0,0.000225488400118,0.000225488400118,0.000225488400118,0.000225488400118,0.0,0.0,0.0,-1.0,0.5054248170401504,0.0
1736883240.0,0.000225488400118,0.000225488400118,0.0002252492432125,0.0002252492432125,36.58074354144,0.008244159067573037,-0.0010606173327533865,0.0,0.5054248170401504,0.0010606173327533865
1736883300.0,0.0002252492432125,0.0002252492432125,0.000224463606522,0.000224463606522,79.03101510795,0.01777063151080326,-0.0034878549614430856,1.155542046817236,0.5048887547187939,0.0034878549614430856
1736883360.0,0.000224463606522,0.0002251963342288,0.0002239269471357,0.0002239269471357,19.94000044215,0.004470453919095211,-0.0023908525511791338,-0.7484358439159859,0.5031277759706712,0.005655202252021177
1736883420.0,0.0002239269471357,0.0002240528474302,0.0002239269471357,0.0002240528474302,26.72650930947,0.005986468074959992,0.0005622382482787812,0.33911861822112516,0.5019248716439226,0.0005622382482787812
1736883480.0,0.0002240528474302,0.0002240528474302,0.000223938508491,0.000223938508491,8.53069193844,0.0019108381242238927,-0.0005103212947811439,-0.6808070968896527,0.5022070730045232,0.0005103212947811439
1736883540.0,0.000223938508491,0.0002255514430286,0.000223938508491,0.0002255514430286,55.688589,0.012515730584902464,0.007202577834730954,5.5498643899968565,0.5019507860407793,0.007202577834730954
1736883600.0,0.0002255514430286,0.0002255514430286,0.0002255514430286,0.0002255514430286,0.0,0.0,0.0,-1.0,0.5055661256464424,0.0
1736883660.0,0.0002255514430286,0.0002255514430286,0.0002255514430286,0.0002255514430286,0.0,0.0,0.0,0.0,0.5055661256464424,0.0
1736883720.0,0.0002255514430286,0.0002255514430286,0.0002255514430286,0.0002255514430286,0.0,0.0,0.0,0.0,0.5055661256464424,0.0
1736883780.0,0.0002255514430286,0.0002255514430286,0.0002255514430286,0.0002255514430286,0.0,0.0,0.0,0.0,0.5055661256464424,0.0
1736883840.0,0.0002255514430286,0.0002255514430286,0.0002255514430286,0.0002255514430286,0.0,0.0,0.0,0.0,0.5055661256464424,0.0
1736883900.0,0.0002255514430286,0.0002255514430286,0.0002255514430286,0.0002255514430286,0.0,0.0,0.0,0.0,0.5055661256464424,0.0
1736883960.0,0.0002255514430286,0.0002255514430286,0.0002255514430286,0.0002255514430286,0.0,0.0,0.0,0.0,0.5055661256464424,0.0
1736884020.0,0.0002255514430286,0.0002255514430286,0.0002255514430286,0.0002255514430286,0.0,0.0,0.0,0.0,0.5055661256464424,0.0
1736884080.0,0.0002255514430286,0.0002255514430286,0.0002247857074407,0.0002247857074407,5.21358347751,0.0011739351634978386,-0.003394948742593001,0.0,0.5055661256464424,0.003394948742593001
1736884140.0,0.0002247857074407,0.0002247857074407,0.0002247857074407,0.0002247857074407,0.0,0.0,0.0,-1.0,0.5038497545638814,0.0
1736884200.0,0.0002247857074407,0.0002247857074407,0.0002246272229119,0.0002246272229119,9.47004921546,0.00212798128425161,-0.0007050471785081516,0.0,0.5038497545638814,0.0007050471785081516
1736884260.0,0.0002246272229119,0.0002257465021624,0.0002246272229119,0.0002257465021624,15.7697132005,0.0035511322387312733,0.004982829934816006,0.668779826689205,0.5034945167160341,0.004982829934816006
1736884320.0,0.0002257465021624,0.0002257465021624,0.0002247048749581,0.0002247048749581,4.04622872472,0.0009113146505973243,-0.004614145487625999,-0.7433734963013056,0.5060033442659425,0.004614145487625999
1736884380.0,0.0002247048749581,0.0002247048749581,0.0002247048749581,0.0002247048749581,0.0,0.0,0.0,-1.0,0.5036685712182741,0.0
1736884440.0,0.0002247048749581,0.0002247048749581,0.0002221318545294,0.0002221318545294,293.175092254,0.06550069969498672,-0.011450665808562417,0.0,0.5036685712182741,0.011450665808562417
1736884500.0,0.0002221318545294,0.0002221318545294,0.0002221318545294,0.0002221318545294,0.0,0.0,0.0,-1.0,0.49790123073097753,0.0
1736884560.0,0.0002221318545294,0.0002221318545294,0.0002196187259,0.0002196187259,2.43460224748,0.0005377434779695059,-0.011313679592349345,0.0,0.49790123073097753,0.011313679592349345
1736884620.0,0.0002196187259,0.0002196187259,0.0002196187259,0.0002196187259,0.0,0.0,0.0,-1.0,0.49226813573785083,0.0
1736884680.0,0.0002196187259,0.0002196187259,0.0002196187259,0.0002196187259,0.0,0.0,0.0,0.0,0.49226813573785083,0.0
1736884740.0,0.0002196187259,0.0002338323627783,0.0002196187259,0.0002294339996539,1326.93266611011,0.297931365171624,0.044692335381133305,0.0,0.49226813573785083,0.06471960357684597
1736884800.0,0.0002294339996539,0.0002298589015895,0.0002294339996539,0.0002298589015895,5.191162966,0.0011921321497407168,0.0018519571477678175,-0.9959986349572358,0.5142687483576921,0.0018519571477678175
1736884860.0,0.0002298589015895,0.0002298589015895,0.0002298589015895,0.0002298589015895,0.0,0.0,0.0,-1.0,0.5152211520420867,0.0
1736884920.0,0.0002298589015895,0.0002298589015895,0.0002298589015895,0.0002298589015895,0.0,0.0,0.0,0.0,0.5152211520420867,0.0
1736884980.0,0.0002298589015895,0.0002298589015895,0.0002298589015895,0.0002298589015895,0.0,0.0,0.0,0.0,0.5152211520420867,0.0
1736885040.0,0.0002298589015895,0.0002298589015895,0.0002291696503014,0.0002291696503014,0.00228685644,5.248662000177894e-07,-0.002998584276413623,0.0,0.5152211520420867,0.002998584276413623
1736885100.0,0.0002291696503014,0.0002291696503014,0.0002291696503014,0.0002291696503014,0.0,0.0,0.0,-1.0,0.5136762179966976,0.0
1736885160.0,0.0002291696503014,0.0002291696503014,0.0002291696503014,0.0002291696503014,0.0,0.0,0.0,0.0,0.5136762179966976,0.0
1736885220.0,0.0002291696503014,0.0002291696503014,0.000228398972064,0.000228398972064,72.96175708598,0.016692505337595413,-0.0033629157979096448,0.0,0.5136762179966976,0.0033629157979096448
1736885280.0,0.000228398972064,0.000228398972064,0.0002275223755095,0.0002275223755095,28.99245835284,0.006609140340847695,-0.003838005690561352,-0.6040654049717528,0.5119487681281861,0.003838005690561352
1736885340.0,0.0002275223755095,0.0002275223755095,0.0002275223755095,0.0002275223755095,0.0,0.0,0.0,-1.0,0.5099839058428343,0.0
1736885400.0,0.0002275223755095,0.0002275223755095,0.0002275223755095,0.0002275223755095,0.0,0.0,0.0,0.0,0.5099839058428343,0.0
1736885460.0,0.0002275223755095,0.0002275223755095,0.0002275223755095,0.0002275223755095,0.0,0.0,0.0,0.0,0.5099839058428343,0.0
1736885520.0,0.0002275223755095,0.0002275223755095,0.0002272866893332,0.0002272866893332,31.5428480962,0.007172986622554032,-0.0010358813095733106,0.0,0.5099839058428343,0.0010358813095733106
1736885580.0,0.0002272866893332,0.0002272866893332,0.0002272866893332,0.0002272866893332,0.0,0.0,0.0,-1.0,0.5094556230465884,0.0
1736885640.0,0.0002272866893332,0.0002272866893332,0.0002270736122449,0.0002270736122449,5.37371639816,0.0012208017016315793,-0.0009374815961511998,0.0,0.5094556230465884,0.0009374815961511998
1736885700.0,0.0002270736122449,0.0002284401611755,0.0002270736122449,0.0002284401611755,9.07546554056,0.002066999776963648,0.00601808777818793,0.693149488734444,0.5089780177759266,0.00601808777818793
1736885760.0,0.0002284401611755,0.0002284401611755,0.0002284401611755,0.0002284401611755,0.0,0.0,0.0,-1.0,0.5120410921640701,0.0
1736885820.0,0.0002284401611755,0.0002284401611755,0.0002284401611755,0.0002284401611755,0.0,0.0,0.0,0.0,0.5120410921640701,0.0
1736885880.0,0.0002284401611755,0.0002284401611755,0.000227619643455,0.000227619643455,15.959183643,0.0036391710871444254,-0.0035918277954183012,0.0,0.5120410921640701,0.0035918277954183012
1736885940.0,0.000227619643455,0.000227619643455,0.000227619643455,0.000227619643455,0.0,0.0,0.0,-1.0,0.5102019287368389,0.0
1736886000.0,0.000227619643455,0.000227619643455,0.0002274824364952,0.0002274824364952,7.608010014,0.001731210590826675,-0.0006027905048851087,0.0,0.5102019287368389,0.0006027905048851087
1736886060.0,0.0002274824364952,0.0002294582293849,0.0002274824364952,0.0002294582293849,89.35929595472,0.020415948098063342,0.00868547444866889,10.79287384576042,0.5098943838586223,0.00868547444866889
1736886120.0,0.0002294582293849,0.0002294582293849,0.0002294582293849,0.0002294582293849,0.0,0.0,0.0,-1.0,0.5143230585011461,0.0
1736886180.0,0.0002294582293849,0.0002294582293849,0.0002294582293849,0.0002294582293849,0.0,0.0,0.0,0.0,0.5143230585011461,0.0
1736886240.0,0.0002294582293849,0.0002294582293849,0.000211307401011,0.000211307401011,1165.79029661367,0.25692014749817377,-0.0791029740905621,0.0,0.5143230585011461,0.0791029740905621
1736886300.0,0.000211307401011,0.000211307401011,0.000211307401011,0.000211307401011,0.0,0.0,0.0,-1.0,0.4736385749303513,0.0
1736886360.0,0.000211307401011,0.000211307401011,0.000211307401011,0.000211307401011,0.0,0.0,0.0,0.0,0.4736385749303513,0.0
1736886420.0,0.000211307401011,0.000211307401011,0.0002077667225437,0.0002077667225437,174.75711078432,0.03661809151844525,-0.01675605516115214,0.0,0.4736385749303513,0.01675605516115214
1736886480.0,0.0002077667225437,0.0002077667225437,0.0002077667225437,0.0002077667225437,0.0,0.0,0.0,-1.0,0.4657022608423688,0.0
1736886540.0,0.0002077667225437,0.0002077667225437,0.0002077667225437,0.0002077667225437,0.0,0.0,0.0,0.0,0.4657022608423688,0.0
1736886600.0,0.0002077667225437,0.0002077667225437,0.0002077667225437,0.0002077667225437,0.0,0.0,0.0,0.0,0.4657022608423688,0.0
1736886660.0,0.0002077667225437,0.0002077667225437,0.0002077667225437,0.0002077667225437,0.0,0.0,0.0,0.0,0.4657022608423688,0.0
1736886720.0,0.0002077667225437,0.0002077667225437,0.0002072978838727,0.0002072978838727,16.83397238592,0.0034935930613932153,-0.0022565628665648426,0.0,0.4657022608423688,0.0022565628665648426
1736886780.0,0.0002072978838727,0.0002072978838727,0.0002070193105284,0.0002070193105284,3.43775988867,0.0007121615160491962,-0.001343831104764538,-0.7961521266116803,0.46465137441367665,0.001343831104764538
1736886840.0,0.0002070193105284,0.0002070193105284,0.0002053680235237,0.0002053680235237,146.57556818795,0.030222953901100254,-0.007976487799544914,41.43834189295403,0.46402696144386796,0.007976487799544914
1736886900.0,0.0002053680235237,0.0002053680235237,0.0002026571192757,0.000204272535088,284.58488430487,0.05828875548954649,-0.00533426975097507,0.928625364690925,0.460325656047251,0.01320022563146097
1736886960.0,0.000204272535088,0.0002071634626739,0.000204272535088,0.0002071634626739,364.90644999696,0.07506782467212605,0.014152306792758907,0.28786116707516124,0.4578701548246004,0.014152306792758907
1736887020.0,0.0002071634626739,0.0002071634626739,0.0002071634626739,0.0002071634626739,0.0,0.0,0.0,-1.0,0.4643500737269262,0.0
1736887080.0,0.0002071634626739,0.0002097899774793,0.0002071634626739,0.0002097899774793,39.69774174172,0.00827605499276172,0.012678465456693279,0.0,0.4643500737269262,0.012678465456693279
1736887140.0,0.0002097899774793,0.0002100227362342,0.0002097899774793,0.0002100227362342,7.441444742,0.0015620065555440378,0.0011094846269429698,-0.8112619409960209,0.470237320096486,0.0011094846269429698
1736887200.0,0.0002100227362342,0.0002152879927257,0.0002100227362342,0.0002152879927257,413.681245,0.08797153593399448,0.025069935693193848,55.31956896836103,0.4707590411741479,0.025069935693193848
