0,1,2,3,4,5
1733256060.0,0.000163569710598,0.0002199756322672,9.71930049854031e-05,0.0002199756322672,14522.6318272628
1733256120.0,0.0002199756322672,0.0004093583477665,0.0001475443016217,0.0001542973668564,70091.3608167548
1733256180.0,0.0001542973668564,0.0002302368258591,4.33709423543461e-06,4.33709423543461e-06,62501.79909121105
1733256240.0,4.33709423543461e-06,5.14382829304239e-05,4.31649047985818e-06,5.85357128722692e-06,22622.65607453052
1733256300.0,5.85357128722692e-06,5.85357128722692e-06,5.69470009047716e-06,5.69642974479667e-06,141.9016535493
1733256360.0,5.69642974479667e-06,5.69642974479667e-06,5.6653324347605e-06,5.66961050178253e-06,3.81975201212
1733256420.0,5.66961050178253e-06,5.70934750671293e-06,5.66961050178253e-06,5.67630916960473e-06,26.56640007072
1733256480.0,5.67630916960473e-06,5.67630916960473e-06,5.59002470413626e-06,5.59002470413626e-06,26.31014071455
1733256540.0,5.59002470413626e-06,5.59002470413626e-06,5.59002470413626e-06,5.59002470413626e-06,0.0
1733256600.0,5.59002470413626e-06,5.59002470413626e-06,5.53509439919539e-06,5.53509439919539e-06,18.19633166548
1733256660.0,5.53509439919539e-06,5.53509439919539e-06,5.53509439919539e-06,5.53509439919539e-06,0.0
1733256720.0,5.53509439919539e-06,5.53509439919539e-06,5.53509439919539e-06,5.53509439919539e-06,0.0
1733256780.0,5.53509439919539e-06,5.53509439919539e-06,5.53509439919539e-06,5.53509439919539e-06,0.0
1733256840.0,5.53509439919539e-06,5.53509439919539e-06,5.26198593748494e-06,5.26198593748494e-06,117.71497216615
1733256900.0,5.26198593748494e-06,5.26198593748494e-06,4.35329510069698e-06,4.35329510069698e-06,415.53992676295
1733256960.0,4.35329510069698e-06,4.35329510069698e-06,4.31823877352886e-06,4.31823877352886e-06,13.64902320265
1733257020.0,4.31823877352886e-06,4.31823877352886e-06,4.31823877352886e-06,4.31823877352886e-06,0.0
1733257080.0,4.31823877352886e-06,4.33117780812455e-06,4.31823877352886e-06,4.33117780812455e-06,2.2931
1733257140.0,4.33117780812455e-06,4.34620151131716e-06,4.33117780812455e-06,4.34620151131716e-06,6.8799
1733257200.0,4.34620151131716e-06,4.34620151131716e-06,4.34620151131716e-06,4.34620151131716e-06,0.0
1733257260.0,4.34620151131716e-06,4.34620151131716e-06,4.34620151131716e-06,4.34620151131716e-06,0.0
1733257320.0,4.34620151131716e-06,4.34620151131716e-06,4.34620151131716e-06,4.34620151131716e-06,0.0
1733257380.0,4.34620151131716e-06,4.34620151131716e-06,4.34620151131716e-06,4.34620151131716e-06,0.0
1733257440.0,4.34620151131716e-06,4.34620151131716e-06,4.34620151131716e-06,4.34620151131716e-06,0.0
1733257500.0,4.34620151131716e-06,4.34620151131716e-06,4.34620151131716e-06,4.34620151131716e-06,0.0
1733257560.0,4.34620151131716e-06,4.34620151131716e-06,4.34620151131716e-06,4.34620151131716e-06,0.0
1733257620.0,4.34620151131716e-06,4.34620151131716e-06,4.34620151131716e-06,4.34620151131716e-06,0.0
1733257680.0,4.34620151131716e-06,4.34620151131716e-06,4.34620151131716e-06,4.34620151131716e-06,0.0
1733257740.0,4.34620151131716e-06,4.34620151131716e-06,4.34620151131716e-06,4.34620151131716e-06,0.0
1733257800.0,4.34620151131716e-06,4.34620151131716e-06,4.33234980225341e-06,4.33234980225341e-06,0.22797781215
1733257860.0,4.33234980225341e-06,4.35875990804136e-06,4.33234980225341e-06,4.35875990804136e-06,2.2976
1733257920.0,4.35875990804136e-06,4.35875990804136e-06,4.35875990804136e-06,4.35875990804136e-06,0.0
1733257980.0,4.35875990804136e-06,4.35875990804136e-06,4.33996891020483e-06,4.33996891020483e-06,0.00506089496
1733258040.0,4.33996891020483e-06,4.33996891020483e-06,4.33996891020483e-06,4.33996891020483e-06,0.0
1733258100.0,4.33996891020483e-06,4.36666476420359e-06,4.33996891020483e-06,4.36666476420359e-06,4.5958
1733258160.0,4.36666476420359e-06,4.3744659699632e-06,4.35080104994051e-06,4.3744659699632e-06,2.3592964285
1733258220.0,4.3744659699632e-06,4.3744659699632e-06,4.3744659699632e-06,4.3744659699632e-06,0.0
1733258280.0,4.3744659699632e-06,4.3744659699632e-06,4.3744659699632e-06,4.3744659699632e-06,0.0
1733258340.0,4.3744659699632e-06,4.3744659699632e-06,4.3744659699632e-06,4.3744659699632e-06,0.0
1733258400.0,4.3744659699632e-06,4.3744659699632e-06,4.3744659699632e-06,4.3744659699632e-06,0.0
1733258460.0,4.3744659699632e-06,4.3744659699632e-06,4.3744659699632e-06,4.3744659699632e-06,0.0
1733258520.0,4.3744659699632e-06,4.3744659699632e-06,4.3744659699632e-06,4.3744659699632e-06,0.0
1733258580.0,4.3744659699632e-06,4.3744659699632e-06,4.3744659699632e-06,4.3744659699632e-06,0.0
1733258640.0,4.3744659699632e-06,4.3744659699632e-06,4.3744659699632e-06,4.3744659699632e-06,0.0
1733258700.0,4.3744659699632e-06,4.3744659699632e-06,4.3744659699632e-06,4.3744659699632e-06,0.0
1733258760.0,4.3744659699632e-06,4.3744659699632e-06,4.3744659699632e-06,4.3744659699632e-06,0.0
1733258820.0,4.3744659699632e-06,4.3744659699632e-06,4.34598542384056e-06,4.34598542384056e-06,2.30093974824
1733258880.0,4.34598542384056e-06,4.34598542384056e-06,4.34598542384056e-06,4.34598542384056e-06,0.0
1733258940.0,4.34598542384056e-06,4.34598542384056e-06,4.34598542384056e-06,4.34598542384056e-06,0.0
1733259000.0,4.34598542384056e-06,4.34598542384056e-06,4.34598542384056e-06,4.34598542384056e-06,0.0
1733259060.0,4.34598542384056e-06,4.34598542384056e-06,4.34598542384056e-06,4.34598542384056e-06,0.0
1733259120.0,4.34598542384056e-06,4.37228939750835e-06,4.34598542384056e-06,4.37228939750835e-06,6.8835
1733259180.0,4.37228939750835e-06,4.37228939750835e-06,4.37228939750835e-06,4.37228939750835e-06,0.0
1733259240.0,4.37228939750835e-06,4.37228939750835e-06,4.37228939750835e-06,4.37228939750835e-06,0.0
1733259300.0,4.37228939750835e-06,4.37228939750835e-06,4.35953947152447e-06,4.35953947152447e-06,1.20705977
1733259360.0,4.35953947152447e-06,4.35953947152447e-06,4.35636785237503e-06,4.35636785237503e-06,2.3038414842
1733259420.0,4.35636785237503e-06,4.35636785237503e-06,4.35636785237503e-06,4.35636785237503e-06,0.0
1733259480.0,4.35636785237503e-06,4.35636785237503e-06,4.35636785237503e-06,4.35636785237503e-06,0.0
1733259540.0,4.35636785237503e-06,4.35636785237503e-06,4.35636785237503e-06,4.35636785237503e-06,0.0
1733259600.0,4.35636785237503e-06,7.89456016599563e-06,4.35636785237503e-06,7.89456016599563e-06,2814.8530548818
1733259660.0,7.89456016599563e-06,7.89456016599563e-06,4.38472660835201e-06,4.38472660835201e-06,6.9030804836
1733259720.0,4.38472660835201e-06,4.38472660835201e-06,4.38472660835201e-06,4.38472660835201e-06,0.0
1733259780.0,4.38472660835201e-06,4.38472660835201e-06,4.38472660835201e-06,4.38472660835201e-06,0.0
1733259840.0,4.38472660835201e-06,4.38472660835201e-06,4.36840684335723e-06,4.36840684335723e-06,2.29501673492
1733259900.0,4.36840684335723e-06,4.36840684335723e-06,4.36840684335723e-06,4.36840684335723e-06,0.0
1733259960.0,4.36840684335723e-06,4.36840684335723e-06,4.36840684335723e-06,4.36840684335723e-06,0.0
1733260020.0,4.36840684335723e-06,4.36840684335723e-06,4.36840684335723e-06,4.36840684335723e-06,0.0
1733260080.0,4.36840684335723e-06,4.36840684335723e-06,4.36840684335723e-06,4.36840684335723e-06,0.0
1733260140.0,4.36840684335723e-06,4.36840684335723e-06,4.3585425891423e-06,4.3585425891423e-06,2.302399528
1733260200.0,4.3585425891423e-06,4.37967695229456e-06,4.3585425891423e-06,4.37967695229456e-06,2.51625
1733260260.0,4.37967695229456e-06,4.37967695229456e-06,4.37967695229456e-06,4.37967695229456e-06,0.0
1733260320.0,4.37967695229456e-06,4.37967695229456e-06,4.37967695229456e-06,4.37967695229456e-06,0.0
1733260380.0,4.37967695229456e-06,4.37967695229456e-06,4.37967695229456e-06,4.37967695229456e-06,0.0
1733260440.0,4.37967695229456e-06,4.37967695229456e-06,4.37967695229456e-06,4.37967695229456e-06,0.0
1733260500.0,4.37967695229456e-06,4.37967695229456e-06,4.37967695229456e-06,4.37967695229456e-06,0.0
1733260560.0,4.37967695229456e-06,4.37967695229456e-06,4.37967695229456e-06,4.37967695229456e-06,0.0
1733260620.0,4.37967695229456e-06,4.37967695229456e-06,4.37967695229456e-06,4.37967695229456e-06,0.0
1733260680.0,4.37967695229456e-06,4.37967695229456e-06,4.37967695229456e-06,4.37967695229456e-06,0.0
1733260740.0,4.37967695229456e-06,4.46868897158161e-06,4.37967695229456e-06,4.46868897158161e-06,14.60277
1733260800.0,4.46868897158161e-06,4.46868897158161e-06,4.46868897158161e-06,4.46868897158161e-06,0.0
1733260860.0,4.46868897158161e-06,4.46868897158161e-06,4.46547319445445e-06,4.46547319445445e-06,2.5655424014
1733260920.0,4.46547319445445e-06,4.5107374014924e-06,4.46547319445445e-06,4.5107374014924e-06,11.672
1733260980.0,4.5107374014924e-06,4.5107374014924e-06,4.5107374014924e-06,4.5107374014924e-06,0.0
1733261040.0,4.5107374014924e-06,4.5107374014924e-06,4.5107374014924e-06,4.5107374014924e-06,0.0
1733261100.0,4.5107374014924e-06,4.5107374014924e-06,4.5107374014924e-06,4.5107374014924e-06,0.0
1733261160.0,4.5107374014924e-06,4.5107374014924e-06,4.5107374014924e-06,4.5107374014924e-06,0.0
1733261220.0,4.5107374014924e-06,4.5107374014924e-06,4.5107374014924e-06,4.5107374014924e-06,0.0
1733261280.0,4.5107374014924e-06,4.5107374014924e-06,4.50630174883181e-06,4.50630174883181e-06,23.38873805023
1733261340.0,4.50630174883181e-06,4.50630174883181e-06,4.50630174883181e-06,4.50630174883181e-06,0.0
1733261400.0,4.50630174883181e-06,4.50630174883181e-06,4.50630174883181e-06,4.50630174883181e-06,0.0
1733261460.0,4.50630174883181e-06,4.50630174883181e-06,4.47988974358284e-06,4.47988974358284e-06,4.71496631762
1733261520.0,4.47988974358284e-06,4.47988974358284e-06,4.47988974358284e-06,4.47988974358284e-06,0.0
1733261580.0,4.47988974358284e-06,4.47988974358284e-06,4.47988974358284e-06,4.47988974358284e-06,0.0
1733261640.0,4.47988974358284e-06,4.47988974358284e-06,4.47988974358284e-06,4.47988974358284e-06,0.0
1733261700.0,4.47988974358284e-06,4.47988974358284e-06,4.47988974358284e-06,4.47988974358284e-06,0.0
1733261760.0,4.47988974358284e-06,4.47988974358284e-06,4.47988974358284e-06,4.47988974358284e-06,0.0
1733261820.0,4.47988974358284e-06,4.47988974358284e-06,4.47988974358284e-06,4.47988974358284e-06,0.0
1733261880.0,4.47988974358284e-06,4.47988974358284e-06,4.47988974358284e-06,4.47988974358284e-06,0.0
1733261940.0,4.47988974358284e-06,4.47988974358284e-06,4.47988974358284e-06,4.47988974358284e-06,0.0
1733262000.0,4.47988974358284e-06,4.47988974358284e-06,4.47988974358284e-06,4.47988974358284e-06,0.0
1733262060.0,4.47988974358284e-06,4.47988974358284e-06,4.47988974358284e-06,4.47988974358284e-06,0.0
1733262120.0,4.47988974358284e-06,4.47988974358284e-06,4.47988974358284e-06,4.47988974358284e-06,0.0
1733262180.0,4.47988974358284e-06,4.47988974358284e-06,4.47988974358284e-06,4.47988974358284e-06,0.0
1733262240.0,4.47988974358284e-06,4.47988974358284e-06,4.47988974358284e-06,4.47988974358284e-06,0.0
1733262300.0,4.47988974358284e-06,4.47988974358284e-06,4.47988974358284e-06,4.47988974358284e-06,0.0
1733262360.0,4.47988974358284e-06,4.47988974358284e-06,4.47988974358284e-06,4.47988974358284e-06,0.0
1733262420.0,4.47988974358284e-06,4.47988974358284e-06,4.47988974358284e-06,4.47988974358284e-06,0.0
1733262480.0,4.47988974358284e-06,4.47988974358284e-06,4.47988974358284e-06,4.47988974358284e-06,0.0
1733262540.0,4.47988974358284e-06,4.47988974358284e-06,4.47988974358284e-06,4.47988974358284e-06,0.0
1733262600.0,4.47988974358284e-06,4.47988974358284e-06,4.47988974358284e-06,4.47988974358284e-06,0.0
1733262660.0,4.47988974358284e-06,4.47988974358284e-06,4.47988974358284e-06,4.47988974358284e-06,0.0
1733262720.0,4.47988974358284e-06,4.47988974358284e-06,4.47988974358284e-06,4.47988974358284e-06,0.0
1733262780.0,4.47988974358284e-06,4.47988974358284e-06,4.47988974358284e-06,4.47988974358284e-06,0.0
1733262840.0,4.47988974358284e-06,4.47988974358284e-06,4.47988974358284e-06,4.47988974358284e-06,0.0
1733262900.0,4.47988974358284e-06,4.47988974358284e-06,4.47988974358284e-06,4.47988974358284e-06,0.0
1733262960.0,4.47988974358284e-06,4.47988974358284e-06,4.47988974358284e-06,4.47988974358284e-06,0.0
1733263020.0,4.47988974358284e-06,4.47988974358284e-06,4.47988974358284e-06,4.47988974358284e-06,0.0
1733263080.0,4.47988974358284e-06,4.47988974358284e-06,4.47988974358284e-06,4.47988974358284e-06,0.0
1733263140.0,4.47988974358284e-06,4.47988974358284e-06,4.47988974358284e-06,4.47988974358284e-06,0.0
1733263200.0,4.47988974358284e-06,4.47988974358284e-06,4.47988974358284e-06,4.47988974358284e-06,0.0
1733263260.0,4.47988974358284e-06,4.47988974358284e-06,4.47988974358284e-06,4.47988974358284e-06,0.0
1733263320.0,4.47988974358284e-06,4.47988974358284e-06,4.47988974358284e-06,4.47988974358284e-06,0.0
1733263380.0,4.47988974358284e-06,4.47988974358284e-06,4.47988974358284e-06,4.47988974358284e-06,0.0
1733263440.0,4.47988974358284e-06,4.47988974358284e-06,4.47988974358284e-06,4.47988974358284e-06,0.0
1733263500.0,4.47988974358284e-06,4.47988974358284e-06,4.32161927199911e-06,4.32161927199911e-06,181.50276945563
1733263560.0,4.32161927199911e-06,4.32161927199911e-06,4.32161927199911e-06,4.32161927199911e-06,0.0
1733263620.0,4.32161927199911e-06,4.32161927199911e-06,4.32161927199911e-06,4.32161927199911e-06,0.0
1733263680.0,4.32161927199911e-06,4.32161927199911e-06,4.32161927199911e-06,4.32161927199911e-06,0.0
1733263740.0,4.32161927199911e-06,4.32161927199911e-06,4.32161927199911e-06,4.32161927199911e-06,0.0
1733263800.0,4.32161927199911e-06,4.32161927199911e-06,4.32161927199911e-06,4.32161927199911e-06,0.0
1733263860.0,4.32161927199911e-06,4.32161927199911e-06,4.32161927199911e-06,4.32161927199911e-06,0.0
1733263920.0,4.32161927199911e-06,4.32161927199911e-06,4.13026863284842e-06,4.13026863284842e-06,2.78507066445
1733263980.0,4.13026863284842e-06,4.13026863284842e-06,4.11522455457984e-06,4.12483249306108e-06,13.14126277045
1733264040.0,4.12483249306108e-06,4.12483249306108e-06,4.12483249306108e-06,4.12483249306108e-06,0.0
1733264100.0,4.12483249306108e-06,4.12483249306108e-06,4.12483249306108e-06,4.12483249306108e-06,0.0
1733264160.0,4.12483249306108e-06,4.12483249306108e-06,4.12483249306108e-06,4.12483249306108e-06,0.0
1733264220.0,4.12483249306108e-06,4.12483249306108e-06,4.12483249306108e-06,4.12483249306108e-06,0.0
1733264280.0,4.12483249306108e-06,4.12483249306108e-06,4.12483249306108e-06,4.12483249306108e-06,0.0
1733264340.0,4.12483249306108e-06,4.12483249306108e-06,4.12483249306108e-06,4.12483249306108e-06,0.0
1733264400.0,4.12483249306108e-06,4.12483249306108e-06,4.12483249306108e-06,4.12483249306108e-06,0.0
1733264460.0,4.12483249306108e-06,4.12483249306108e-06,4.12483249306108e-06,4.12483249306108e-06,0.0
1733264520.0,4.12483249306108e-06,4.12483249306108e-06,4.12483249306108e-06,4.12483249306108e-06,0.0
1733264580.0,4.12483249306108e-06,4.12483249306108e-06,4.12483249306108e-06,4.12483249306108e-06,0.0
1733264640.0,4.12483249306108e-06,4.12483249306108e-06,4.12483249306108e-06,4.12483249306108e-06,0.0
1733264700.0,4.12483249306108e-06,4.12483249306108e-06,4.12483249306108e-06,4.12483249306108e-06,0.0
1733264760.0,4.12483249306108e-06,4.12483249306108e-06,4.12483249306108e-06,4.12483249306108e-06,0.0
1733264820.0,4.12483249306108e-06,4.12483249306108e-06,4.12483249306108e-06,4.12483249306108e-06,0.0
1733264880.0,4.12483249306108e-06,4.12483249306108e-06,4.12483249306108e-06,4.12483249306108e-06,0.0
1733264940.0,4.12483249306108e-06,4.12483249306108e-06,4.12483249306108e-06,4.12483249306108e-06,0.0
1733265000.0,4.12483249306108e-06,4.12483249306108e-06,4.12483249306108e-06,4.12483249306108e-06,0.0
1733265060.0,4.12483249306108e-06,4.12483249306108e-06,4.12483249306108e-06,4.12483249306108e-06,0.0
1733265120.0,4.12483249306108e-06,4.12483249306108e-06,4.12483249306108e-06,4.12483249306108e-06,0.0
1733265180.0,4.12483249306108e-06,4.12483249306108e-06,4.12483249306108e-06,4.12483249306108e-06,0.0
1733265240.0,4.12483249306108e-06,4.12483249306108e-06,4.12483249306108e-06,4.12483249306108e-06,0.0
1733265300.0,4.12483249306108e-06,4.12483249306108e-06,4.12483249306108e-06,4.12483249306108e-06,0.0
1733265360.0,4.12483249306108e-06,4.12483249306108e-06,4.12483249306108e-06,4.12483249306108e-06,0.0
1733265420.0,4.12483249306108e-06,4.12483249306108e-06,4.12483249306108e-06,4.12483249306108e-06,0.0
1733265480.0,4.12483249306108e-06,4.12483249306108e-06,4.12483249306108e-06,4.12483249306108e-06,0.0
1733265540.0,4.12483249306108e-06,4.12483249306108e-06,4.12483249306108e-06,4.12483249306108e-06,0.0
1733265600.0,4.12483249306108e-06,4.12483249306108e-06,4.12483249306108e-06,4.12483249306108e-06,0.0
1733265660.0,4.12483249306108e-06,4.12483249306108e-06,4.12483249306108e-06,4.12483249306108e-06,0.0
1733265720.0,4.12483249306108e-06,4.12483249306108e-06,4.12483249306108e-06,4.12483249306108e-06,0.0
1733265780.0,4.12483249306108e-06,4.12483249306108e-06,4.12483249306108e-06,4.12483249306108e-06,0.0
1733265840.0,4.12483249306108e-06,4.12483249306108e-06,4.12483249306108e-06,4.12483249306108e-06,0.0
1733265900.0,4.12483249306108e-06,4.12483249306108e-06,4.12483249306108e-06,4.12483249306108e-06,0.0
1733265960.0,4.12483249306108e-06,4.12483249306108e-06,4.12483249306108e-06,4.12483249306108e-06,0.0
1733266020.0,4.12483249306108e-06,4.12483249306108e-06,4.12483249306108e-06,4.12483249306108e-06,0.0
1733266080.0,4.12483249306108e-06,4.12483249306108e-06,4.12483249306108e-06,4.12483249306108e-06,0.0
1733266140.0,4.12483249306108e-06,4.12483249306108e-06,4.12483249306108e-06,4.12483249306108e-06,0.0
1733266200.0,4.12483249306108e-06,4.12483249306108e-06,4.12483249306108e-06,4.12483249306108e-06,0.0
1733266260.0,4.12483249306108e-06,4.12483249306108e-06,4.12483249306108e-06,4.12483249306108e-06,0.0
1733266320.0,4.12483249306108e-06,4.12483249306108e-06,4.12483249306108e-06,4.12483249306108e-06,0.0
1733266380.0,4.12483249306108e-06,4.12483249306108e-06,4.12483249306108e-06,4.12483249306108e-06,0.0
1733266440.0,4.12483249306108e-06,4.12483249306108e-06,4.12483249306108e-06,4.12483249306108e-06,0.0
1733266500.0,4.12483249306108e-06,4.12483249306108e-06,4.12483249306108e-06,4.12483249306108e-06,0.0
1733266560.0,4.12483249306108e-06,4.12483249306108e-06,4.12483249306108e-06,4.12483249306108e-06,0.0
1733266620.0,4.12483249306108e-06,4.12483249306108e-06,4.12483249306108e-06,4.12483249306108e-06,0.0
1733266680.0,4.12483249306108e-06,4.12483249306108e-06,4.12483249306108e-06,4.12483249306108e-06,0.0
1733266740.0,4.12483249306108e-06,4.12483249306108e-06,4.12483249306108e-06,4.12483249306108e-06,0.0
1733266800.0,4.12483249306108e-06,4.12483249306108e-06,4.12483249306108e-06,4.12483249306108e-06,0.0
1733266860.0,4.12483249306108e-06,4.12483249306108e-06,4.12483249306108e-06,4.12483249306108e-06,0.0
1733266920.0,4.12483249306108e-06,4.12483249306108e-06,4.12483249306108e-06,4.12483249306108e-06,0.0
1733266980.0,4.12483249306108e-06,4.12483249306108e-06,4.12483249306108e-06,4.12483249306108e-06,0.0
1733267040.0,4.12483249306108e-06,4.12483249306108e-06,4.12483249306108e-06,4.12483249306108e-06,0.0
1733267100.0,4.12483249306108e-06,4.12483249306108e-06,4.12483249306108e-06,4.12483249306108e-06,0.0
1733267160.0,4.12483249306108e-06,4.12483249306108e-06,4.12483249306108e-06,4.12483249306108e-06,0.0
1733267220.0,4.12483249306108e-06,4.12483249306108e-06,4.12483249306108e-06,4.12483249306108e-06,0.0
1733267280.0,4.12483249306108e-06,4.12483249306108e-06,4.12483249306108e-06,4.12483249306108e-06,0.0
1733267340.0,4.12483249306108e-06,4.12483249306108e-06,4.12483249306108e-06,4.12483249306108e-06,0.0
1733267400.0,4.12483249306108e-06,4.12483249306108e-06,4.12483249306108e-06,4.12483249306108e-06,0.0
1733267460.0,4.12483249306108e-06,4.12483249306108e-06,4.12483249306108e-06,4.12483249306108e-06,0.0
1733267520.0,4.12483249306108e-06,4.12483249306108e-06,4.12483249306108e-06,4.12483249306108e-06,0.0
1733267580.0,4.12483249306108e-06,4.12483249306108e-06,4.12483249306108e-06,4.12483249306108e-06,0.0
1733267640.0,4.12483249306108e-06,4.12483249306108e-06,4.12483249306108e-06,4.12483249306108e-06,0.0
1733267700.0,4.12483249306108e-06,4.12483249306108e-06,4.12483249306108e-06,4.12483249306108e-06,0.0
1733267760.0,4.12483249306108e-06,4.12483249306108e-06,4.12483249306108e-06,4.12483249306108e-06,0.0
1733267820.0,4.12483249306108e-06,4.12483249306108e-06,4.12483249306108e-06,4.12483249306108e-06,0.0
1733267880.0,4.12483249306108e-06,4.12483249306108e-06,4.12483249306108e-06,4.12483249306108e-06,0.0
1733267940.0,4.12483249306108e-06,4.12483249306108e-06,4.12483249306108e-06,4.12483249306108e-06,0.0
1733268000.0,4.12483249306108e-06,4.12483249306108e-06,4.12483249306108e-06,4.12483249306108e-06,0.0
1733268060.0,4.12483249306108e-06,4.12483249306108e-06,4.12483249306108e-06,4.12483249306108e-06,0.0
1733268120.0,4.12483249306108e-06,4.12483249306108e-06,4.12483249306108e-06,4.12483249306108e-06,0.0
1733268180.0,4.12483249306108e-06,4.12483249306108e-06,4.12483249306108e-06,4.12483249306108e-06,0.0
1733268240.0,4.12483249306108e-06,4.12483249306108e-06,4.12483249306108e-06,4.12483249306108e-06,0.0
1733268300.0,4.12483249306108e-06,4.12483249306108e-06,4.12483249306108e-06,4.12483249306108e-06,0.0
1733268360.0,4.12483249306108e-06,4.12483249306108e-06,4.12483249306108e-06,4.12483249306108e-06,0.0
1733268420.0,4.12483249306108e-06,4.12483249306108e-06,4.12483249306108e-06,4.12483249306108e-06,0.0
1733268480.0,4.12483249306108e-06,4.12483249306108e-06,4.12483249306108e-06,4.12483249306108e-06,0.0
1733268540.0,4.12483249306108e-06,4.12483249306108e-06,4.12483249306108e-06,4.12483249306108e-06,0.0
1733268600.0,4.12483249306108e-06,4.12483249306108e-06,4.12483249306108e-06,4.12483249306108e-06,0.0
1733268660.0,4.12483249306108e-06,4.12483249306108e-06,4.12483249306108e-06,4.12483249306108e-06,0.0
1733268720.0,4.12483249306108e-06,4.12483249306108e-06,4.12483249306108e-06,4.12483249306108e-06,0.0
1733268780.0,4.12483249306108e-06,4.12483249306108e-06,4.12483249306108e-06,4.12483249306108e-06,0.0
1733268840.0,4.12483249306108e-06,4.12483249306108e-06,4.12483249306108e-06,4.12483249306108e-06,0.0
1733268900.0,4.12483249306108e-06,4.12483249306108e-06,4.12483249306108e-06,4.12483249306108e-06,0.0
1733268960.0,4.12483249306108e-06,4.12483249306108e-06,4.12483249306108e-06,4.12483249306108e-06,0.0
1733269020.0,4.12483249306108e-06,4.12483249306108e-06,4.12483249306108e-06,4.12483249306108e-06,0.0
1733269080.0,4.12483249306108e-06,4.12483249306108e-06,4.12483249306108e-06,4.12483249306108e-06,0.0
1733269140.0,4.12483249306108e-06,4.12483249306108e-06,4.12483249306108e-06,4.12483249306108e-06,0.0
1733269200.0,4.12483249306108e-06,4.12483249306108e-06,4.12483249306108e-06,4.12483249306108e-06,0.0
1733269260.0,4.12483249306108e-06,4.12483249306108e-06,4.12483249306108e-06,4.12483249306108e-06,0.0
1733269320.0,4.12483249306108e-06,4.12483249306108e-06,4.12483249306108e-06,4.12483249306108e-06,0.0
1733269380.0,4.12483249306108e-06,4.12483249306108e-06,4.12483249306108e-06,4.12483249306108e-06,0.0
1733269440.0,4.12483249306108e-06,4.12483249306108e-06,4.12483249306108e-06,4.12483249306108e-06,0.0
1733269500.0,4.12483249306108e-06,4.12483249306108e-06,4.12483249306108e-06,4.12483249306108e-06,0.0
1733269560.0,4.12483249306108e-06,4.12483249306108e-06,4.12483249306108e-06,4.12483249306108e-06,0.0
1733269620.0,4.12483249306108e-06,4.12483249306108e-06,4.12483249306108e-06,4.12483249306108e-06,0.0
1733269680.0,4.12483249306108e-06,4.12483249306108e-06,4.12483249306108e-06,4.12483249306108e-06,0.0
1733269740.0,4.12483249306108e-06,4.12483249306108e-06,4.12483249306108e-06,4.12483249306108e-06,0.0
1733269800.0,4.12483249306108e-06,4.12483249306108e-06,4.12483249306108e-06,4.12483249306108e-06,0.0
1733269860.0,4.12483249306108e-06,4.12483249306108e-06,4.12483249306108e-06,4.12483249306108e-06,0.0
1733269920.0,4.12483249306108e-06,4.12483249306108e-06,4.12483249306108e-06,4.12483249306108e-06,0.0
1733269980.0,4.12483249306108e-06,4.12483249306108e-06,4.12483249306108e-06,4.12483249306108e-06,0.0
1733270040.0,4.12483249306108e-06,4.12483249306108e-06,4.12483249306108e-06,4.12483249306108e-06,0.0
1733270100.0,4.12483249306108e-06,4.12483249306108e-06,4.12483249306108e-06,4.12483249306108e-06,0.0
1733270160.0,4.12483249306108e-06,4.12483249306108e-06,4.12483249306108e-06,4.12483249306108e-06,0.0
1733270220.0,4.12483249306108e-06,4.12483249306108e-06,4.12483249306108e-06,4.12483249306108e-06,0.0
1733270280.0,4.12483249306108e-06,4.12483249306108e-06,4.12483249306108e-06,4.12483249306108e-06,0.0
1733270340.0,4.12483249306108e-06,4.12483249306108e-06,4.12483249306108e-06,4.12483249306108e-06,0.0
1733270400.0,4.12483249306108e-06,4.12483249306108e-06,4.12483249306108e-06,4.12483249306108e-06,0.0
1733270460.0,4.12483249306108e-06,4.12483249306108e-06,4.12483249306108e-06,4.12483249306108e-06,0.0
1733270520.0,4.12483249306108e-06,4.12483249306108e-06,4.12483249306108e-06,4.12483249306108e-06,0.0
1733270580.0,4.12483249306108e-06,4.12483249306108e-06,4.12483249306108e-06,4.12483249306108e-06,0.0
1733270640.0,4.12483249306108e-06,4.12483249306108e-06,4.12483249306108e-06,4.12483249306108e-06,0.0
1733270700.0,4.12483249306108e-06,4.12483249306108e-06,4.12483249306108e-06,4.12483249306108e-06,0.0
1733270760.0,4.12483249306108e-06,4.12483249306108e-06,4.12483249306108e-06,4.12483249306108e-06,0.0
1733270820.0,4.12483249306108e-06,4.12483249306108e-06,4.12483249306108e-06,4.12483249306108e-06,0.0
1733270880.0,4.12483249306108e-06,4.12483249306108e-06,4.12483249306108e-06,4.12483249306108e-06,0.0
1733270940.0,4.12483249306108e-06,4.12483249306108e-06,4.12483249306108e-06,4.12483249306108e-06,0.0
1733271000.0,4.12483249306108e-06,4.12483249306108e-06,4.12483249306108e-06,4.12483249306108e-06,0.0
1733271060.0,4.12483249306108e-06,4.12483249306108e-06,4.12483249306108e-06,4.12483249306108e-06,0.0
1733271120.0,4.12483249306108e-06,4.12483249306108e-06,4.12483249306108e-06,4.12483249306108e-06,0.0
1733271180.0,4.12483249306108e-06,4.12483249306108e-06,4.12483249306108e-06,4.12483249306108e-06,0.0
1733271240.0,4.12483249306108e-06,4.12483249306108e-06,4.12483249306108e-06,4.12483249306108e-06,0.0
1733271300.0,4.12483249306108e-06,4.12483249306108e-06,4.12483249306108e-06,4.12483249306108e-06,0.0
1733271360.0,4.12483249306108e-06,4.12483249306108e-06,4.12483249306108e-06,4.12483249306108e-06,0.0
1733271420.0,4.12483249306108e-06,4.12483249306108e-06,4.12483249306108e-06,4.12483249306108e-06,0.0
1733271480.0,4.12483249306108e-06,4.12483249306108e-06,4.12483249306108e-06,4.12483249306108e-06,0.0
1733271540.0,4.12483249306108e-06,4.12483249306108e-06,4.12483249306108e-06,4.12483249306108e-06,0.0
1733271600.0,4.12483249306108e-06,4.12483249306108e-06,4.12483249306108e-06,4.12483249306108e-06,0.0
1733271660.0,4.12483249306108e-06,4.12483249306108e-06,4.12483249306108e-06,4.12483249306108e-06,0.0
1733271720.0,4.12483249306108e-06,4.12483249306108e-06,4.12483249306108e-06,4.12483249306108e-06,0.0
1733271780.0,4.12483249306108e-06,4.12483249306108e-06,4.12483249306108e-06,4.12483249306108e-06,0.0
1733271840.0,4.12483249306108e-06,4.12483249306108e-06,4.12483249306108e-06,4.12483249306108e-06,0.0
1733271900.0,4.12483249306108e-06,4.12483249306108e-06,4.12483249306108e-06,4.12483249306108e-06,0.0
1733271960.0,4.12483249306108e-06,4.12483249306108e-06,4.12483249306108e-06,4.12483249306108e-06,0.0
1733272020.0,4.12483249306108e-06,4.12483249306108e-06,4.12483249306108e-06,4.12483249306108e-06,0.0
1733272080.0,4.12483249306108e-06,4.12483249306108e-06,4.12483249306108e-06,4.12483249306108e-06,0.0
1733272140.0,4.12483249306108e-06,4.12483249306108e-06,4.12483249306108e-06,4.12483249306108e-06,0.0
1733272200.0,4.12483249306108e-06,4.12483249306108e-06,4.11634937928862e-06,4.11634937928862e-06,0.0001069515
1733272260.0,4.11634937928862e-06,4.11634937928862e-06,4.11634937928862e-06,4.11634937928862e-06,0.0
1733272320.0,4.11634937928862e-06,4.11634937928862e-06,4.11634937928862e-06,4.11634937928862e-06,0.0
1733272380.0,4.11634937928862e-06,4.11634937928862e-06,4.11634937928862e-06,4.11634937928862e-06,0.0
1733272440.0,4.11634937928862e-06,4.11634937928862e-06,4.11634937928862e-06,4.11634937928862e-06,0.0
1733272500.0,4.11634937928862e-06,4.11634937928862e-06,4.11634937928862e-06,4.11634937928862e-06,0.0
1733272560.0,4.11634937928862e-06,4.11634937928862e-06,4.11634937928862e-06,4.11634937928862e-06,0.0
1733272620.0,4.11634937928862e-06,4.11634937928862e-06,4.11634937928862e-06,4.11634937928862e-06,0.0
1733272680.0,4.11634937928862e-06,4.11634937928862e-06,4.11634937928862e-06,4.11634937928862e-06,0.0
1733272740.0,4.11634937928862e-06,4.11634937928862e-06,4.11634937928862e-06,4.11634937928862e-06,0.0
1733272800.0,4.11634937928862e-06,4.11634937928862e-06,4.11634937928862e-06,4.11634937928862e-06,0.0
1733272860.0,4.11634937928862e-06,4.11634937928862e-06,4.11634937928862e-06,4.11634937928862e-06,0.0
1733272920.0,4.11634937928862e-06,4.11634937928862e-06,4.11634937928862e-06,4.11634937928862e-06,0.0
1733272980.0,4.11634937928862e-06,4.11634937928862e-06,4.11634937928862e-06,4.11634937928862e-06,0.0
1733273040.0,4.11634937928862e-06,4.11634937928862e-06,4.11634937928862e-06,4.11634937928862e-06,0.0
1733273100.0,4.11634937928862e-06,4.11634937928862e-06,4.11634937928862e-06,4.11634937928862e-06,0.0
1733273160.0,4.11634937928862e-06,4.11634937928862e-06,4.11634937928862e-06,4.11634937928862e-06,0.0
1733273220.0,4.11634937928862e-06,4.11634937928862e-06,4.11634937928862e-06,4.11634937928862e-06,0.0
1733273280.0,4.11634937928862e-06,4.11634937928862e-06,4.11634937928862e-06,4.11634937928862e-06,0.0
1733273340.0,4.11634937928862e-06,4.11634937928862e-06,4.11634937928862e-06,4.11634937928862e-06,0.0
1733273400.0,4.11634937928862e-06,4.11634937928862e-06,4.11634937928862e-06,4.11634937928862e-06,0.0
1733273460.0,4.11634937928862e-06,4.11634937928862e-06,4.11634937928862e-06,4.11634937928862e-06,0.0
1733273520.0,4.11634937928862e-06,4.11634937928862e-06,4.11634937928862e-06,4.11634937928862e-06,0.0
1733273580.0,4.11634937928862e-06,4.11634937928862e-06,4.11634937928862e-06,4.11634937928862e-06,0.0
1733273640.0,4.11634937928862e-06,4.11634937928862e-06,4.11634937928862e-06,4.11634937928862e-06,0.0
1733273700.0,4.11634937928862e-06,4.11634937928862e-06,4.11634937928862e-06,4.11634937928862e-06,0.0
1733273760.0,4.11634937928862e-06,4.11634937928862e-06,4.11634937928862e-06,4.11634937928862e-06,0.0
1733273820.0,4.11634937928862e-06,4.11634937928862e-06,4.11634937928862e-06,4.11634937928862e-06,0.0
1733273880.0,4.11634937928862e-06,4.11634937928862e-06,4.11634937928862e-06,4.11634937928862e-06,0.0
1733273940.0,4.11634937928862e-06,4.11634937928862e-06,4.11634937928862e-06,4.11634937928862e-06,0.0
1733274000.0,4.11634937928862e-06,4.11634937928862e-06,4.11634937928862e-06,4.11634937928862e-06,0.0
1733274060.0,4.11634937928862e-06,4.11634937928862e-06,4.11634937928862e-06,4.11634937928862e-06,0.0
1733274120.0,4.11634937928862e-06,4.11634937928862e-06,4.11634937928862e-06,4.11634937928862e-06,0.0
1733274180.0,4.11634937928862e-06,4.11634937928862e-06,4.11634937928862e-06,4.11634937928862e-06,0.0
1733274240.0,4.11634937928862e-06,4.11634937928862e-06,4.11634937928862e-06,4.11634937928862e-06,0.0
1733274300.0,4.11634937928862e-06,4.11634937928862e-06,4.11634937928862e-06,4.11634937928862e-06,0.0
1733274360.0,4.11634937928862e-06,4.11634937928862e-06,4.11634937928862e-06,4.11634937928862e-06,0.0
1733274420.0,4.11634937928862e-06,4.11634937928862e-06,4.11634937928862e-06,4.11634937928862e-06,0.0
1733274480.0,4.11634937928862e-06,4.11634937928862e-06,4.11634937928862e-06,4.11634937928862e-06,0.0
1733274540.0,4.11634937928862e-06,4.11634937928862e-06,4.11634937928862e-06,4.11634937928862e-06,0.0
1733274600.0,4.11634937928862e-06,4.11634937928862e-06,4.11634937928862e-06,4.11634937928862e-06,0.0
1733274660.0,4.11634937928862e-06,4.11634937928862e-06,4.11634937928862e-06,4.11634937928862e-06,0.0
1733274720.0,4.11634937928862e-06,4.11634937928862e-06,4.11634937928862e-06,4.11634937928862e-06,0.0
1733274780.0,4.11634937928862e-06,4.11634937928862e-06,4.11634937928862e-06,4.11634937928862e-06,0.0
1733274840.0,4.11634937928862e-06,4.11634937928862e-06,4.11634937928862e-06,4.11634937928862e-06,0.0
1733274900.0,4.11634937928862e-06,4.11634937928862e-06,4.11634937928862e-06,4.11634937928862e-06,0.0
1733274960.0,4.11634937928862e-06,4.11634937928862e-06,4.11634937928862e-06,4.11634937928862e-06,0.0
1733275020.0,4.11634937928862e-06,4.11634937928862e-06,4.11634937928862e-06,4.11634937928862e-06,0.0
1733275080.0,4.11634937928862e-06,4.11634937928862e-06,4.11634937928862e-06,4.11634937928862e-06,0.0
1733275140.0,4.11634937928862e-06,4.11634937928862e-06,4.11634937928862e-06,4.11634937928862e-06,0.0
1733275200.0,4.11634937928862e-06,4.11634937928862e-06,4.11634937928862e-06,4.11634937928862e-06,0.0
1733275260.0,4.11634937928862e-06,4.11634937928862e-06,4.11634937928862e-06,4.11634937928862e-06,0.0
1733275320.0,4.11634937928862e-06,4.11634937928862e-06,4.11634937928862e-06,4.11634937928862e-06,0.0
1733275380.0,4.11634937928862e-06,4.11634937928862e-06,4.11634937928862e-06,4.11634937928862e-06,0.0
1733275440.0,4.11634937928862e-06,4.11634937928862e-06,4.11634937928862e-06,4.11634937928862e-06,0.0
1733275500.0,4.11634937928862e-06,4.11634937928862e-06,4.11634937928862e-06,4.11634937928862e-06,0.0
1733275560.0,4.11634937928862e-06,4.11634937928862e-06,4.11634937928862e-06,4.11634937928862e-06,0.0
1733275620.0,4.11634937928862e-06,4.11634937928862e-06,4.11634937928862e-06,4.11634937928862e-06,0.0
1733275680.0,4.11634937928862e-06,4.11634937928862e-06,4.11634937928862e-06,4.11634937928862e-06,0.0
1733275740.0,4.11634937928862e-06,4.11634937928862e-06,4.11634937928862e-06,4.11634937928862e-06,0.0
1733275800.0,4.11634937928862e-06,4.11634937928862e-06,4.11634937928862e-06,4.11634937928862e-06,0.0
1733275860.0,4.11634937928862e-06,4.11634937928862e-06,4.11634937928862e-06,4.11634937928862e-06,0.0
1733275920.0,4.11634937928862e-06,4.11634937928862e-06,4.11634937928862e-06,4.11634937928862e-06,0.0
1733275980.0,4.11634937928862e-06,4.11634937928862e-06,4.11634937928862e-06,4.11634937928862e-06,0.0
1733276040.0,4.11634937928862e-06,4.11634937928862e-06,4.11634937928862e-06,4.11634937928862e-06,0.0
1733276100.0,4.11634937928862e-06,4.11634937928862e-06,4.11634937928862e-06,4.11634937928862e-06,0.0
1733276160.0,4.11634937928862e-06,4.11634937928862e-06,4.11634937928862e-06,4.11634937928862e-06,0.0
1733276220.0,4.11634937928862e-06,4.11634937928862e-06,4.11634937928862e-06,4.11634937928862e-06,0.0
1733276280.0,4.11634937928862e-06,4.11634937928862e-06,4.11634937928862e-06,4.11634937928862e-06,0.0
1733276340.0,4.11634937928862e-06,4.11634937928862e-06,4.11634937928862e-06,4.11634937928862e-06,0.0
1733276400.0,4.11634937928862e-06,4.11634937928862e-06,4.11634937928862e-06,4.11634937928862e-06,0.0
1733276460.0,4.11634937928862e-06,4.11634937928862e-06,4.11634937928862e-06,4.11634937928862e-06,0.0
1733276520.0,4.11634937928862e-06,4.11634937928862e-06,4.11634937928862e-06,4.11634937928862e-06,0.0
1733276580.0,4.11634937928862e-06,4.11634937928862e-06,4.11634937928862e-06,4.11634937928862e-06,0.0
1733276640.0,4.11634937928862e-06,4.11634937928862e-06,4.11634937928862e-06,4.11634937928862e-06,0.0
1733276700.0,4.11634937928862e-06,4.11634937928862e-06,4.11634937928862e-06,4.11634937928862e-06,0.0
1733276760.0,4.11634937928862e-06,4.11634937928862e-06,4.11634937928862e-06,4.11634937928862e-06,0.0
1733276820.0,4.11634937928862e-06,4.11634937928862e-06,4.11634937928862e-06,4.11634937928862e-06,0.0
1733276880.0,4.11634937928862e-06,4.11634937928862e-06,4.11634937928862e-06,4.11634937928862e-06,0.0
1733276940.0,4.11634937928862e-06,4.11634937928862e-06,4.11634937928862e-06,4.11634937928862e-06,0.0
1733277000.0,4.11634937928862e-06,4.11634937928862e-06,4.11634937928862e-06,4.11634937928862e-06,0.0
1733277060.0,4.11634937928862e-06,4.11634937928862e-06,4.11634937928862e-06,4.11634937928862e-06,0.0
1733277120.0,4.11634937928862e-06,4.11634937928862e-06,4.11634937928862e-06,4.11634937928862e-06,0.0
1733277180.0,4.11634937928862e-06,4.11634937928862e-06,4.11634937928862e-06,4.11634937928862e-06,0.0
1733277240.0,4.11634937928862e-06,4.11634937928862e-06,4.11634937928862e-06,4.11634937928862e-06,0.0
1733277300.0,4.11634937928862e-06,4.11634937928862e-06,4.11634937928862e-06,4.11634937928862e-06,0.0
1733277360.0,4.11634937928862e-06,4.11634937928862e-06,4.11634937928862e-06,4.11634937928862e-06,0.0
1733277420.0,4.11634937928862e-06,4.11634937928862e-06,4.11634937928862e-06,4.11634937928862e-06,0.0
1733277480.0,4.11634937928862e-06,4.11634937928862e-06,4.11634937928862e-06,4.11634937928862e-06,0.0
1733277540.0,4.11634937928862e-06,4.11634937928862e-06,4.11634937928862e-06,4.11634937928862e-06,0.0
1733277600.0,4.11634937928862e-06,4.11634937928862e-06,4.11634937928862e-06,4.11634937928862e-06,0.0
1733277660.0,4.11634937928862e-06,4.11634937928862e-06,4.11634937928862e-06,4.11634937928862e-06,0.0
1733277720.0,4.11634937928862e-06,4.11634937928862e-06,4.11634937928862e-06,4.11634937928862e-06,0.0
1733277780.0,4.11634937928862e-06,4.11634937928862e-06,4.11634937928862e-06,4.11634937928862e-06,0.0
1733277840.0,4.11634937928862e-06,4.11634937928862e-06,4.11634937928862e-06,4.11634937928862e-06,0.0
1733277900.0,4.11634937928862e-06,4.11634937928862e-06,4.11634937928862e-06,4.11634937928862e-06,0.0
1733277960.0,4.11634937928862e-06,4.11634937928862e-06,4.11634937928862e-06,4.11634937928862e-06,0.0
1733278020.0,4.11634937928862e-06,4.11634937928862e-06,4.11634937928862e-06,4.11634937928862e-06,0.0
1733278080.0,4.11634937928862e-06,4.11634937928862e-06,4.11634937928862e-06,4.11634937928862e-06,0.0
1733278140.0,4.11634937928862e-06,4.11634937928862e-06,4.11634937928862e-06,4.11634937928862e-06,0.0
1733278200.0,4.11634937928862e-06,4.11634937928862e-06,4.11634937928862e-06,4.11634937928862e-06,0.0
1733278260.0,4.11634937928862e-06,4.11634937928862e-06,4.11634937928862e-06,4.11634937928862e-06,0.0
1733278320.0,4.11634937928862e-06,4.11634937928862e-06,4.11634937928862e-06,4.11634937928862e-06,0.0
1733278380.0,4.11634937928862e-06,4.11634937928862e-06,4.11634937928862e-06,4.11634937928862e-06,0.0
1733278440.0,4.11634937928862e-06,4.11634937928862e-06,4.11634937928862e-06,4.11634937928862e-06,0.0
1733278500.0,4.11634937928862e-06,4.11634937928862e-06,4.11634937928862e-06,4.11634937928862e-06,0.0
1733278560.0,4.11634937928862e-06,4.11634937928862e-06,4.11634937928862e-06,4.11634937928862e-06,0.0
1733278620.0,4.11634937928862e-06,4.11634937928862e-06,4.11634937928862e-06,4.11634937928862e-06,0.0
1733278680.0,4.11634937928862e-06,4.11634937928862e-06,4.11634937928862e-06,4.11634937928862e-06,0.0
1733278740.0,4.11634937928862e-06,4.11634937928862e-06,4.11634937928862e-06,4.11634937928862e-06,0.0
1733278800.0,4.11634937928862e-06,4.11634937928862e-06,4.11634937928862e-06,4.11634937928862e-06,0.0
1733278860.0,4.11634937928862e-06,4.11634937928862e-06,4.11634937928862e-06,4.11634937928862e-06,0.0
1733278920.0,4.11634937928862e-06,4.11634937928862e-06,4.11634937928862e-06,4.11634937928862e-06,0.0
1733278980.0,4.11634937928862e-06,4.11634937928862e-06,4.11634937928862e-06,4.11634937928862e-06,0.0
1733279040.0,4.11634937928862e-06,4.11634937928862e-06,4.11634937928862e-06,4.11634937928862e-06,0.0
1733279100.0,4.11634937928862e-06,4.11634937928862e-06,4.11634937928862e-06,4.11634937928862e-06,0.0
1733279160.0,4.11634937928862e-06,4.11634937928862e-06,4.11634937928862e-06,4.11634937928862e-06,0.0
1733279220.0,4.11634937928862e-06,4.11634937928862e-06,4.11634937928862e-06,4.11634937928862e-06,0.0
1733279280.0,4.11634937928862e-06,4.11634937928862e-06,4.11634937928862e-06,4.11634937928862e-06,0.0
1733279340.0,4.11634937928862e-06,4.11634937928862e-06,4.11634937928862e-06,4.11634937928862e-06,0.0
1733279400.0,4.11634937928862e-06,4.11634937928862e-06,4.11634937928862e-06,4.11634937928862e-06,0.0
1733279460.0,4.11634937928862e-06,4.11634937928862e-06,4.11634937928862e-06,4.11634937928862e-06,0.0
1733279520.0,4.11634937928862e-06,4.11634937928862e-06,4.11634937928862e-06,4.11634937928862e-06,0.0
1733279580.0,4.11634937928862e-06,4.11634937928862e-06,4.11634937928862e-06,4.11634937928862e-06,0.0
1733279640.0,4.11634937928862e-06,4.11634937928862e-06,4.11634937928862e-06,4.11634937928862e-06,0.0
1733279700.0,4.11634937928862e-06,4.11634937928862e-06,4.11634937928862e-06,4.11634937928862e-06,0.0
1733279760.0,4.11634937928862e-06,4.11634937928862e-06,4.11634937928862e-06,4.11634937928862e-06,0.0
1733279820.0,4.11634937928862e-06,4.11634937928862e-06,4.11634937928862e-06,4.11634937928862e-06,0.0
1733279880.0,4.11634937928862e-06,4.11634937928862e-06,4.11634937928862e-06,4.11634937928862e-06,0.0
1733279940.0,4.11634937928862e-06,4.11634937928862e-06,4.11634937928862e-06,4.11634937928862e-06,0.0
1733280000.0,4.11634937928862e-06,4.11634937928862e-06,4.11634937928862e-06,4.11634937928862e-06,0.0
1733280060.0,4.11634937928862e-06,4.11634937928862e-06,4.11634937928862e-06,4.11634937928862e-06,0.0
1733280120.0,4.11634937928862e-06,4.11634937928862e-06,4.11634937928862e-06,4.11634937928862e-06,0.0
1733280180.0,4.11634937928862e-06,4.11634937928862e-06,4.11634937928862e-06,4.11634937928862e-06,0.0
1733280240.0,4.11634937928862e-06,4.11634937928862e-06,4.11634937928862e-06,4.11634937928862e-06,0.0
1733280300.0,4.11634937928862e-06,4.11634937928862e-06,4.11634937928862e-06,4.11634937928862e-06,0.0
1733280360.0,4.11634937928862e-06,4.11634937928862e-06,4.11634937928862e-06,4.11634937928862e-06,0.0
1733280420.0,4.11634937928862e-06,4.11634937928862e-06,4.11634937928862e-06,4.11634937928862e-06,0.0
1733280480.0,4.11634937928862e-06,4.11634937928862e-06,4.11634937928862e-06,4.11634937928862e-06,0.0
1733280540.0,4.11634937928862e-06,4.11634937928862e-06,4.11634937928862e-06,4.11634937928862e-06,0.0
1733280600.0,4.11634937928862e-06,4.11634937928862e-06,4.11634937928862e-06,4.11634937928862e-06,0.0
1733280660.0,4.11634937928862e-06,4.11634937928862e-06,4.11634937928862e-06,4.11634937928862e-06,0.0
1733280720.0,4.11634937928862e-06,4.11634937928862e-06,4.11634937928862e-06,4.11634937928862e-06,0.0
1733280780.0,4.11634937928862e-06,4.11634937928862e-06,4.11634937928862e-06,4.11634937928862e-06,0.0
1733280840.0,4.11634937928862e-06,4.11634937928862e-06,4.11634937928862e-06,4.11634937928862e-06,0.0
1733280900.0,4.11634937928862e-06,4.11634937928862e-06,4.11634937928862e-06,4.11634937928862e-06,0.0
1733280960.0,4.11634937928862e-06,4.11634937928862e-06,4.11634937928862e-06,4.11634937928862e-06,0.0
1733281020.0,4.11634937928862e-06,4.11634937928862e-06,4.11634937928862e-06,4.11634937928862e-06,0.0
1733281080.0,4.11634937928862e-06,4.11634937928862e-06,4.11634937928862e-06,4.11634937928862e-06,0.0
1733281140.0,4.11634937928862e-06,4.11634937928862e-06,4.11634937928862e-06,4.11634937928862e-06,0.0
1733281200.0,4.11634937928862e-06,4.11634937928862e-06,4.11634937928862e-06,4.11634937928862e-06,0.0
1733281260.0,4.11634937928862e-06,4.11634937928862e-06,4.11634937928862e-06,4.11634937928862e-06,0.0
1733281320.0,4.11634937928862e-06,4.11634937928862e-06,4.11634937928862e-06,4.11634937928862e-06,0.0
1733281380.0,4.11634937928862e-06,4.11634937928862e-06,4.11634937928862e-06,4.11634937928862e-06,0.0
1733281440.0,4.11634937928862e-06,4.11634937928862e-06,4.11634937928862e-06,4.11634937928862e-06,0.0
1733281500.0,4.11634937928862e-06,4.11634937928862e-06,4.11634937928862e-06,4.11634937928862e-06,0.0
1733281560.0,4.11634937928862e-06,4.11634937928862e-06,4.11634937928862e-06,4.11634937928862e-06,0.0
1733281620.0,4.11634937928862e-06,4.11634937928862e-06,4.11634937928862e-06,4.11634937928862e-06,0.0
1733281680.0,4.11634937928862e-06,4.11634937928862e-06,4.11634937928862e-06,4.11634937928862e-06,0.0
1733281740.0,4.11634937928862e-06,4.11634937928862e-06,4.11634937928862e-06,4.11634937928862e-06,0.0
1733281800.0,4.11634937928862e-06,4.11634937928862e-06,4.11634937928862e-06,4.11634937928862e-06,0.0
1733281860.0,4.11634937928862e-06,4.11634937928862e-06,4.11634937928862e-06,4.11634937928862e-06,0.0
1733281920.0,4.11634937928862e-06,4.11634937928862e-06,4.11634937928862e-06,4.11634937928862e-06,0.0
1733281980.0,4.11634937928862e-06,4.11634937928862e-06,4.11634937928862e-06,4.11634937928862e-06,0.0
1733282040.0,4.11634937928862e-06,4.11634937928862e-06,4.11634937928862e-06,4.11634937928862e-06,0.0
1733282100.0,4.11634937928862e-06,4.11634937928862e-06,4.11634937928862e-06,4.11634937928862e-06,0.0
1733282160.0,4.11634937928862e-06,4.11634937928862e-06,4.11634937928862e-06,4.11634937928862e-06,0.0
1733282220.0,4.11634937928862e-06,4.11634937928862e-06,4.11634937928862e-06,4.11634937928862e-06,0.0
1733282280.0,4.11634937928862e-06,4.11634937928862e-06,4.11634937928862e-06,4.11634937928862e-06,0.0
1733282340.0,4.11634937928862e-06,4.11634937928862e-06,4.11634937928862e-06,4.11634937928862e-06,0.0
1733282400.0,4.11634937928862e-06,4.11634937928862e-06,4.11634937928862e-06,4.11634937928862e-06,0.0
1733282460.0,4.11634937928862e-06,4.11634937928862e-06,4.11634937928862e-06,4.11634937928862e-06,0.0
1733282520.0,4.11634937928862e-06,4.11634937928862e-06,4.11634937928862e-06,4.11634937928862e-06,0.0
1733282580.0,4.11634937928862e-06,4.11634937928862e-06,4.11634937928862e-06,4.11634937928862e-06,0.0
1733282640.0,4.11634937928862e-06,4.11634937928862e-06,4.11634937928862e-06,4.11634937928862e-06,0.0
1733282700.0,4.11634937928862e-06,4.11634937928862e-06,4.11634937928862e-06,4.11634937928862e-06,0.0
1733282760.0,4.11634937928862e-06,4.11634937928862e-06,4.11634937928862e-06,4.11634937928862e-06,0.0
1733282820.0,4.11634937928862e-06,4.11634937928862e-06,4.11634937928862e-06,4.11634937928862e-06,0.0
1733282880.0,4.11634937928862e-06,4.15183940093365e-06,4.11634937928862e-06,4.15183940093365e-06,1.1903
1733282940.0,4.15183940093365e-06,4.15183940093365e-06,4.15183940093365e-06,4.15183940093365e-06,0.0
1733283000.0,4.15183940093365e-06,4.15183940093365e-06,4.15183940093365e-06,4.15183940093365e-06,0.0
1733283060.0,4.15183940093365e-06,4.15183940093365e-06,4.15183940093365e-06,4.15183940093365e-06,0.0
1733283120.0,4.15183940093365e-06,4.15183940093365e-06,4.15183940093365e-06,4.15183940093365e-06,0.0
1733283180.0,4.15183940093365e-06,4.15183940093365e-06,4.15183940093365e-06,4.15183940093365e-06,0.0
1733283240.0,4.15183940093365e-06,4.15183940093365e-06,4.15183940093365e-06,4.15183940093365e-06,0.0
1733283300.0,4.15183940093365e-06,4.15183940093365e-06,4.15183940093365e-06,4.15183940093365e-06,0.0
1733283360.0,4.15183940093365e-06,4.15183940093365e-06,4.15183940093365e-06,4.15183940093365e-06,0.0
1733283420.0,4.15183940093365e-06,4.15183940093365e-06,4.15183940093365e-06,4.15183940093365e-06,0.0
1733283480.0,4.15183940093365e-06,4.15183940093365e-06,4.15183940093365e-06,4.15183940093365e-06,0.0
1733283540.0,4.15183940093365e-06,4.15183940093365e-06,4.15183940093365e-06,4.15183940093365e-06,0.0
1733283600.0,4.15183940093365e-06,4.15183940093365e-06,4.15183940093365e-06,4.15183940093365e-06,0.0
1733283660.0,4.15183940093365e-06,4.15183940093365e-06,4.15183940093365e-06,4.15183940093365e-06,0.0
1733283720.0,4.15183940093365e-06,4.15183940093365e-06,4.15183940093365e-06,4.15183940093365e-06,0.0
1733283780.0,4.15183940093365e-06,4.15183940093365e-06,4.15183940093365e-06,4.15183940093365e-06,0.0
1733283840.0,4.15183940093365e-06,4.15183940093365e-06,4.15183940093365e-06,4.15183940093365e-06,0.0
1733283900.0,4.15183940093365e-06,4.15183940093365e-06,4.15183940093365e-06,4.15183940093365e-06,0.0
1733283960.0,4.15183940093365e-06,4.15183940093365e-06,4.15183940093365e-06,4.15183940093365e-06,0.0
1733284020.0,4.15183940093365e-06,4.15183940093365e-06,4.15183940093365e-06,4.15183940093365e-06,0.0
1733284080.0,4.15183940093365e-06,4.15183940093365e-06,4.15183940093365e-06,4.15183940093365e-06,0.0
1733284140.0,4.15183940093365e-06,4.15183940093365e-06,4.15183940093365e-06,4.15183940093365e-06,0.0
1733284200.0,4.15183940093365e-06,4.15183940093365e-06,4.15183940093365e-06,4.15183940093365e-06,0.0
1733284260.0,4.15183940093365e-06,4.15183940093365e-06,4.15183940093365e-06,4.15183940093365e-06,0.0
1733284320.0,4.15183940093365e-06,4.15183940093365e-06,4.15183940093365e-06,4.15183940093365e-06,0.0
1733284380.0,4.15183940093365e-06,4.15183940093365e-06,4.15183940093365e-06,4.15183940093365e-06,0.0
1733284440.0,4.15183940093365e-06,4.15183940093365e-06,4.15183940093365e-06,4.15183940093365e-06,0.0
1733284500.0,4.15183940093365e-06,4.15183940093365e-06,4.15183940093365e-06,4.15183940093365e-06,0.0
1733284560.0,4.15183940093365e-06,4.15183940093365e-06,4.15183940093365e-06,4.15183940093365e-06,0.0
1733284620.0,4.15183940093365e-06,4.15183940093365e-06,4.15183940093365e-06,4.15183940093365e-06,0.0
1733284680.0,4.15183940093365e-06,4.15183940093365e-06,4.15183940093365e-06,4.15183940093365e-06,0.0
1733284740.0,4.15183940093365e-06,4.15183940093365e-06,4.15183940093365e-06,4.15183940093365e-06,0.0
1733284800.0,4.15183940093365e-06,4.15183940093365e-06,4.15183940093365e-06,4.15183940093365e-06,0.0
1733284860.0,4.15183940093365e-06,4.15183940093365e-06,4.15183940093365e-06,4.15183940093365e-06,0.0
1733284920.0,4.15183940093365e-06,4.15183940093365e-06,4.15183940093365e-06,4.15183940093365e-06,0.0
1733284980.0,4.15183940093365e-06,4.15183940093365e-06,4.15183940093365e-06,4.15183940093365e-06,0.0
1733285040.0,4.15183940093365e-06,4.15183940093365e-06,4.15183940093365e-06,4.15183940093365e-06,0.0
1733285100.0,4.15183940093365e-06,4.15183940093365e-06,4.15183940093365e-06,4.15183940093365e-06,0.0
1733285160.0,4.15183940093365e-06,4.15183940093365e-06,4.15183940093365e-06,4.15183940093365e-06,0.0
1733285220.0,4.15183940093365e-06,4.15183940093365e-06,4.15183940093365e-06,4.15183940093365e-06,0.0
1733285280.0,4.15183940093365e-06,4.15183940093365e-06,4.15183940093365e-06,4.15183940093365e-06,0.0
1733285340.0,4.15183940093365e-06,4.15183940093365e-06,4.15183940093365e-06,4.15183940093365e-06,0.0
1733285400.0,4.15183940093365e-06,4.15183940093365e-06,4.15183940093365e-06,4.15183940093365e-06,0.0
1733285460.0,4.15183940093365e-06,4.15183940093365e-06,4.15183940093365e-06,4.15183940093365e-06,0.0
1733285520.0,4.15183940093365e-06,4.15183940093365e-06,4.15183940093365e-06,4.15183940093365e-06,0.0
1733285580.0,4.15183940093365e-06,4.15183940093365e-06,4.15183940093365e-06,4.15183940093365e-06,0.0
1733285640.0,4.15183940093365e-06,4.15183940093365e-06,4.15183940093365e-06,4.15183940093365e-06,0.0
1733285700.0,4.15183940093365e-06,4.15183940093365e-06,4.15183940093365e-06,4.15183940093365e-06,0.0
1733285760.0,4.15183940093365e-06,4.15183940093365e-06,4.15183940093365e-06,4.15183940093365e-06,0.0
1733285820.0,4.15183940093365e-06,4.15183940093365e-06,4.15183940093365e-06,4.15183940093365e-06,0.0
1733285880.0,4.15183940093365e-06,4.15183940093365e-06,4.15183940093365e-06,4.15183940093365e-06,0.0
1733285940.0,4.15183940093365e-06,4.15183940093365e-06,4.15183940093365e-06,4.15183940093365e-06,0.0
1733286000.0,4.15183940093365e-06,4.15183940093365e-06,4.15183940093365e-06,4.15183940093365e-06,0.0
1733286060.0,4.15183940093365e-06,4.15183940093365e-06,4.15183940093365e-06,4.15183940093365e-06,0.0
1733286120.0,4.15183940093365e-06,4.15183940093365e-06,4.15183940093365e-06,4.15183940093365e-06,0.0
1733286180.0,4.15183940093365e-06,4.15183940093365e-06,4.15183940093365e-06,4.15183940093365e-06,0.0
1733286240.0,4.15183940093365e-06,4.15183940093365e-06,4.15183940093365e-06,4.15183940093365e-06,0.0
1733286300.0,4.15183940093365e-06,4.15183940093365e-06,4.15183940093365e-06,4.15183940093365e-06,0.0
1733286360.0,4.15183940093365e-06,4.15183940093365e-06,4.15183940093365e-06,4.15183940093365e-06,0.0
1733286420.0,4.15183940093365e-06,4.15183940093365e-06,4.15183940093365e-06,4.15183940093365e-06,0.0
1733286480.0,4.15183940093365e-06,4.15183940093365e-06,4.15183940093365e-06,4.15183940093365e-06,0.0
1733286540.0,4.15183940093365e-06,4.15183940093365e-06,4.15183940093365e-06,4.15183940093365e-06,0.0
1733286600.0,4.15183940093365e-06,4.15183940093365e-06,4.15183940093365e-06,4.15183940093365e-06,0.0
1733286660.0,4.15183940093365e-06,4.15183940093365e-06,4.15183940093365e-06,4.15183940093365e-06,0.0
1733286720.0,4.15183940093365e-06,4.15183940093365e-06,4.15183940093365e-06,4.15183940093365e-06,0.0
1733286780.0,4.15183940093365e-06,4.15183940093365e-06,4.15183940093365e-06,4.15183940093365e-06,0.0
1733286840.0,4.15183940093365e-06,4.15183940093365e-06,4.15183940093365e-06,4.15183940093365e-06,0.0
1733286900.0,4.15183940093365e-06,4.15183940093365e-06,4.15183940093365e-06,4.15183940093365e-06,0.0
1733286960.0,4.15183940093365e-06,4.15183940093365e-06,4.15183940093365e-06,4.15183940093365e-06,0.0
1733287020.0,4.15183940093365e-06,4.15183940093365e-06,4.15183940093365e-06,4.15183940093365e-06,0.0
1733287080.0,4.15183940093365e-06,4.15183940093365e-06,4.15183940093365e-06,4.15183940093365e-06,0.0
1733287140.0,4.15183940093365e-06,4.15183940093365e-06,4.15183940093365e-06,4.15183940093365e-06,0.0
1733287200.0,4.15183940093365e-06,4.15183940093365e-06,4.15183940093365e-06,4.15183940093365e-06,0.0
1733287260.0,4.15183940093365e-06,4.15183940093365e-06,4.15183940093365e-06,4.15183940093365e-06,0.0
1733287320.0,4.15183940093365e-06,4.15183940093365e-06,4.15183940093365e-06,4.15183940093365e-06,0.0
1733287380.0,4.15183940093365e-06,4.15183940093365e-06,4.15183940093365e-06,4.15183940093365e-06,0.0
1733287440.0,4.15183940093365e-06,4.15183940093365e-06,4.15183940093365e-06,4.15183940093365e-06,0.0
1733287500.0,4.15183940093365e-06,4.15183940093365e-06,4.15183940093365e-06,4.15183940093365e-06,0.0
1733287560.0,4.15183940093365e-06,4.15183940093365e-06,4.15183940093365e-06,4.15183940093365e-06,0.0
1733287620.0,4.15183940093365e-06,4.15183940093365e-06,4.15183940093365e-06,4.15183940093365e-06,0.0
1733287680.0,4.15183940093365e-06,4.15183940093365e-06,4.15183940093365e-06,4.15183940093365e-06,0.0
1733287740.0,4.15183940093365e-06,4.15183940093365e-06,4.15183940093365e-06,4.15183940093365e-06,0.0
1733287800.0,4.15183940093365e-06,4.15183940093365e-06,4.15183940093365e-06,4.15183940093365e-06,0.0
1733287860.0,4.15183940093365e-06,4.15183940093365e-06,4.15183940093365e-06,4.15183940093365e-06,0.0
1733287920.0,4.15183940093365e-06,4.15183940093365e-06,4.15183940093365e-06,4.15183940093365e-06,0.0
1733287980.0,4.15183940093365e-06,4.15183940093365e-06,4.15183940093365e-06,4.15183940093365e-06,0.0
1733288040.0,4.15183940093365e-06,4.15183940093365e-06,4.15183940093365e-06,4.15183940093365e-06,0.0
1733288100.0,4.15183940093365e-06,4.15183940093365e-06,4.15183940093365e-06,4.15183940093365e-06,0.0
1733288160.0,4.15183940093365e-06,4.15183940093365e-06,4.15183940093365e-06,4.15183940093365e-06,0.0
1733288220.0,4.15183940093365e-06,4.15183940093365e-06,4.15183940093365e-06,4.15183940093365e-06,0.0
1733288280.0,4.15183940093365e-06,4.15183940093365e-06,4.15183940093365e-06,4.15183940093365e-06,0.0
1733288340.0,4.15183940093365e-06,4.15183940093365e-06,4.15183940093365e-06,4.15183940093365e-06,0.0
1733288400.0,4.15183940093365e-06,4.15183940093365e-06,4.15183940093365e-06,4.15183940093365e-06,0.0
1733288460.0,4.15183940093365e-06,4.15183940093365e-06,4.15183940093365e-06,4.15183940093365e-06,0.0
1733288520.0,4.15183940093365e-06,4.15183940093365e-06,4.15183940093365e-06,4.15183940093365e-06,0.0
1733288580.0,4.15183940093365e-06,4.15183940093365e-06,4.15183940093365e-06,4.15183940093365e-06,0.0
1733288640.0,4.15183940093365e-06,4.15183940093365e-06,4.15183940093365e-06,4.15183940093365e-06,0.0
1733288700.0,4.15183940093365e-06,4.15183940093365e-06,4.15183940093365e-06,4.15183940093365e-06,0.0
1733288760.0,4.15183940093365e-06,4.15183940093365e-06,4.15183940093365e-06,4.15183940093365e-06,0.0
1733288820.0,4.15183940093365e-06,4.15183940093365e-06,4.15183940093365e-06,4.15183940093365e-06,0.0
1733288880.0,4.15183940093365e-06,4.15183940093365e-06,4.15183940093365e-06,4.15183940093365e-06,0.0
1733288940.0,4.15183940093365e-06,4.15183940093365e-06,4.15183940093365e-06,4.15183940093365e-06,0.0
1733289000.0,4.15183940093365e-06,4.15183940093365e-06,4.15183940093365e-06,4.15183940093365e-06,0.0
1733289060.0,4.15183940093365e-06,4.15183940093365e-06,4.15183940093365e-06,4.15183940093365e-06,0.0
1733289120.0,4.15183940093365e-06,4.15183940093365e-06,4.15183940093365e-06,4.15183940093365e-06,0.0
1733289180.0,4.15183940093365e-06,4.15183940093365e-06,4.15183940093365e-06,4.15183940093365e-06,0.0
1733289240.0,4.15183940093365e-06,4.15183940093365e-06,4.15183940093365e-06,4.15183940093365e-06,0.0
1733289300.0,4.15183940093365e-06,4.15183940093365e-06,4.15183940093365e-06,4.15183940093365e-06,0.0
1733289360.0,4.15183940093365e-06,4.15183940093365e-06,4.15183940093365e-06,4.15183940093365e-06,0.0
1733289420.0,4.15183940093365e-06,4.15183940093365e-06,4.15183940093365e-06,4.15183940093365e-06,0.0
1733289480.0,4.15183940093365e-06,4.15183940093365e-06,4.15183940093365e-06,4.15183940093365e-06,0.0
1733289540.0,4.15183940093365e-06,4.15183940093365e-06,4.15183940093365e-06,4.15183940093365e-06,0.0
1733289600.0,4.15183940093365e-06,4.15183940093365e-06,4.15183940093365e-06,4.15183940093365e-06,0.0
1733289660.0,4.15183940093365e-06,4.15183940093365e-06,4.15183940093365e-06,4.15183940093365e-06,0.0
1733289720.0,4.15183940093365e-06,4.15183940093365e-06,4.15183940093365e-06,4.15183940093365e-06,0.0
1733289780.0,4.15183940093365e-06,4.15183940093365e-06,4.15183940093365e-06,4.15183940093365e-06,0.0
1733289840.0,4.15183940093365e-06,4.15183940093365e-06,4.15183940093365e-06,4.15183940093365e-06,0.0
1733289900.0,4.15183940093365e-06,4.15183940093365e-06,4.15183940093365e-06,4.15183940093365e-06,0.0
1733289960.0,4.15183940093365e-06,4.15183940093365e-06,4.15183940093365e-06,4.15183940093365e-06,0.0
1733290020.0,4.15183940093365e-06,4.15183940093365e-06,4.15183940093365e-06,4.15183940093365e-06,0.0
1733290080.0,4.15183940093365e-06,4.16503158984372e-06,4.15183940093365e-06,4.16503158984372e-06,4.69735100162
1733290140.0,4.16503158984372e-06,4.16503158984372e-06,4.16503158984372e-06,4.16503158984372e-06,0.0
1733290200.0,4.16503158984372e-06,4.16503158984372e-06,4.16503158984372e-06,4.16503158984372e-06,0.0
1733290260.0,4.16503158984372e-06,4.16503158984372e-06,4.16503158984372e-06,4.16503158984372e-06,0.0
1733290320.0,4.16503158984372e-06,4.16503158984372e-06,4.16503158984372e-06,4.16503158984372e-06,0.0
1733290380.0,4.16503158984372e-06,4.16503158984372e-06,4.16503158984372e-06,4.16503158984372e-06,0.0
1733290440.0,4.16503158984372e-06,4.16503158984372e-06,4.16503158984372e-06,4.16503158984372e-06,0.0
1733290500.0,4.16503158984372e-06,4.16503158984372e-06,4.16503158984372e-06,4.16503158984372e-06,0.0
1733290560.0,4.16503158984372e-06,4.16503158984372e-06,4.16503158984372e-06,4.16503158984372e-06,0.0
1733290620.0,4.16503158984372e-06,4.16503158984372e-06,4.16503158984372e-06,4.16503158984372e-06,0.0
1733290680.0,4.16503158984372e-06,4.16503158984372e-06,4.16503158984372e-06,4.16503158984372e-06,0.0
1733290740.0,4.16503158984372e-06,4.16503158984372e-06,4.16503158984372e-06,4.16503158984372e-06,0.0
1733290800.0,4.16503158984372e-06,4.16503158984372e-06,4.16503158984372e-06,4.16503158984372e-06,0.0
1733290860.0,4.16503158984372e-06,4.16503158984372e-06,4.16503158984372e-06,4.16503158984372e-06,0.0
1733290920.0,4.16503158984372e-06,4.16503158984372e-06,4.16503158984372e-06,4.16503158984372e-06,0.0
1733290980.0,4.16503158984372e-06,4.16503158984372e-06,4.16503158984372e-06,4.16503158984372e-06,0.0
1733291040.0,4.16503158984372e-06,4.16503158984372e-06,4.16503158984372e-06,4.16503158984372e-06,0.0
1733291100.0,4.16503158984372e-06,4.16503158984372e-06,4.16503158984372e-06,4.16503158984372e-06,0.0
1733291160.0,4.16503158984372e-06,4.16503158984372e-06,4.16503158984372e-06,4.16503158984372e-06,0.0
1733291220.0,4.16503158984372e-06,4.16503158984372e-06,4.16503158984372e-06,4.16503158984372e-06,0.0
1733291280.0,4.16503158984372e-06,4.16503158984372e-06,4.16503158984372e-06,4.16503158984372e-06,0.0
1733291340.0,4.16503158984372e-06,4.16503158984372e-06,4.16503158984372e-06,4.16503158984372e-06,0.0
1733291400.0,4.16503158984372e-06,4.16503158984372e-06,4.16503158984372e-06,4.16503158984372e-06,0.0
1733291460.0,4.16503158984372e-06,4.16503158984372e-06,4.16503158984372e-06,4.16503158984372e-06,0.0
1733291520.0,4.16503158984372e-06,4.16503158984372e-06,4.16503158984372e-06,4.16503158984372e-06,0.0
1733291580.0,4.16503158984372e-06,4.16503158984372e-06,4.16503158984372e-06,4.16503158984372e-06,0.0
1733291640.0,4.16503158984372e-06,4.16503158984372e-06,4.16503158984372e-06,4.16503158984372e-06,0.0
1733291700.0,4.16503158984372e-06,4.16503158984372e-06,4.16503158984372e-06,4.16503158984372e-06,0.0
1733291760.0,4.16503158984372e-06,4.16503158984372e-06,4.16503158984372e-06,4.16503158984372e-06,0.0
1733291820.0,4.16503158984372e-06,4.16503158984372e-06,4.16503158984372e-06,4.16503158984372e-06,0.0
1733291880.0,4.16503158984372e-06,4.16503158984372e-06,4.16503158984372e-06,4.16503158984372e-06,0.0
1733291940.0,4.16503158984372e-06,4.16503158984372e-06,4.16503158984372e-06,4.16503158984372e-06,0.0
1733292000.0,4.16503158984372e-06,4.16503158984372e-06,4.16503158984372e-06,4.16503158984372e-06,0.0
