time,open,high,low,close,volume,usd_vol,price_change,vol_change,norm_open,mov_in_min
1732554300.0,8.90462225350756e-05,0.0001081256042137,7.95886084973578e-05,8.9580711240302e-05,13122.46594952274,1.1720129280675229,0.006002373711202193,0.0,1.0,0.320473961768579
1732554360.0,8.9580711240302e-05,0.0002108534023195,6.86859400797391e-05,0.0001259534831244,39838.91881172742,4.29332463522322,0.4060335241872251,2.663205867790453,1.0060023737112023,1.5870320772336126
1732554420.0,0.0001259534831244,0.0002181399941774,0.0001132250693855,0.0001282876553892,90042.66746993295,11.446275146178623,0.018532018384077864,1.6660632769931465,1.4144730628498754,0.8329656488203592
1732554480.0,0.0001282876553892,0.0001844051747001,0.0001280997564891,0.0001710628963758,28064.56756197486,4.200571892361648,0.33343224534604027,-0.6330184414827715,1.4406861036543923,0.43889973700259943
1732554540.0,0.0001710628963758,0.0001879543777675,0.0001492515756848,0.0001568811285201,19450.46150175507,3.189331315484155,-0.08290382167121013,-0.2407387857630387,1.9210573060347145,0.22624895814739185
1732554600.0,0.0001568811285201,0.0001703869663732,0.0001501362775715,0.0001601986021182,8906.49962202142,1.4120352505403364,0.02114641594814242,-0.5572629147417433,1.7617943137150371,0.12908301331543162
1732554660.0,0.0001601986021182,0.0002037767313258,0.0001563187778738,0.0001647364170587,14030.70472752844,2.279533654852438,0.028326183128313708,0.6143603029599581,1.7990499490879275,0.29624449167779804
1732554720.0,0.0001647364170587,0.0001742757182476,0.0001412449574999,0.0001675410308525,9155.85303254273,1.5211417395516598,0.017024856093602117,-0.3326960818000607,1.8500101674027756,0.20050673273979397
1732554780.0,0.0001675410308525,0.0001923081022138,0.0001524596144977,0.0001637716411942,8908.33941712712,1.475722867893664,-0.022498307663025515,-0.029858408639409546,1.8815063242745085,0.2378431570662942
1732554840.0,0.0001637716411942,0.0001705531089414,0.0001637716411942,0.000170074749663,1009.5343335418,0.16851469684967935,0.038487178994107994,-0.8858087107573223,1.8391756161210524,0.04140807100515375
1732554900.0,0.000170074749663,0.0001886099856365,0.0001572337118523,0.0001781390805168,10085.48775774756,1.7559531606783805,0.04741639114436041,9.420178141760232,1.9099602972603023,0.18448519751680656
1732554960.0,0.0001781390805168,0.0002146088540704,0.0001531842234821,0.0001730008463632,15554.31610971118,2.7308707107161947,-0.028843946756059696,0.5552070361951867,2.0005237217853957,0.3448127744350131
1732555020.0,0.0001730008463632,0.0002345938657293,0.0001715476105847,0.0001737413524068,14227.98011648905,2.4667205548236266,0.0042803608142204,-0.09672744844932347,1.9428207220699831,0.364427437610565
1732555080.0,0.0001737413524068,0.0001749814598546,0.0001289203979129,0.0001289203979129,4708.13093123152,0.7124855741904255,-0.25797516752923444,-0.7111608070897317,1.951136695757787,0.265112831825161
1732555140.0,0.0001289203979129,0.0001289203979129,8.37771654079114e-05,9.7588163106596e-05,11817.23847643178,1.3383528412603918,-0.24303551116459016,0.8784279847084894,1.447791879797235,0.3501636144149032
1732555200.0,9.7588163106596e-05,0.0001211094174156,9.64941574393736e-05,0.00011567432618,5748.82469594278,0.6130043325645078,0.18533152482487467,-0.5419710604961155,1.095927040230771,0.25223612365097026
1732555260.0,0.00011567432618,0.0001468696973765,0.0001151026106388,0.0001399566881853,11371.11799376858,1.4534052136072886,0.2099200644360304,1.3709542272351616,1.2990368696935517,0.2746252153504438
1732555320.0,0.0001399566881853,0.0001451790223647,0.0001116834664354,0.0001218676251232,14955.63256427239,1.9578741131174295,-0.12924757863768851,0.3470944611916391,1.5717307730844012,0.23932801185572863
1732555380.0,0.0001218676251232,0.0001402146671862,0.0001186932883717,0.0001396014160923,3194.56270535708,0.4176396238362548,0.14551683395136605,-0.7866871924818153,1.3685883763929,0.1765963584893308
1732555440.0,0.0001396014160923,0.0001544115564177,0.000139423994845,0.0001482708910042,3961.3075081494,0.5701753657448276,0.06210162586150268,0.3652329261947089,1.5677410239082354,0.10735966720273589
1732555500.0,0.0001482708910042,0.0001992800505593,0.0001471023673205,0.0001649140958545,9345.84270667238,1.4634888126363332,0.11224863314423988,1.5667345531923471,1.665100290422714,0.35190780122392323
1732555560.0,0.0001649140958545,0.0001850879782297,0.0001622648395031,0.0001761119372788,4577.64605279272,0.7805482372361051,0.06790105700958142,-0.46665240588342927,1.8520055220707403,0.13839410517543838
1732555620.0,0.0001761119372788,0.0001899428506005,0.0001755663455735,0.0001892438110419,3509.57078931338,0.6411209310070298,0.07456549491197265,-0.1786274051720143,1.9777586546069252,0.08163276861943077
1732555680.0,0.0001892438110419,0.0001892438110419,0.0001445412274691,0.0001445412274691,9412.12796510228,1.5708137476510624,-0.23621688512129213,1.450105232383746,2.125231207504128,0.23621688512129213
1732555740.0,0.0001445412274691,0.0001920156998742,0.0001124032468363,0.0001607366228028,52434.86748337436,8.003601812308236,0.11204689220701589,4.0951946558123336,1.6232157115049404,0.5507940843723603
1732555800.0,0.0001607366228028,0.0002080415423232,0.0001607366228028,0.0001900178611824,9794.90467463737,1.717803367418327,0.18216905313186615,-0.7853712106496071,1.805091987360669,0.29430081767013433
1732555860.0,0.0001900178611824,0.000192529073013,0.0001618996147675,0.0001640318971744,9007.56968941706,1.594563935960073,-0.13675537576468053,-0.07174245539142798,2.1339238855140805,0.16119252187613298
1732555920.0,0.0001640318971744,0.0001649403606284,0.0001524815633684,0.0001526175475286,2611.32339517639,0.4134370515112783,-0.06958615880461441,-0.7407209317935868,1.8420983226973753,0.07595350340155928
1732555980.0,0.0001526175475286,0.0001535158630088,0.0001267204081276,0.0001391490307314,4751.09354846391,0.6931051538142383,-0.08825011943450385,0.6764466350576488,1.713913776280442,0.17557256891563294
1732556040.0,0.0001391490307314,0.0001700902957166,0.0001367177645319,0.0001471660301917,10459.13370308985,1.4973037517015095,0.05761448296233746,1.160283679123828,1.5626606808232515,0.23983301219768557
1732556100.0,0.0001471660301917,0.0001650027972337,0.0001420786814608,0.0001650027972337,5112.90548501403,0.7980448549968631,0.12120165923321877,-0.4670120514358032,1.6526925679944573,0.1557704297862681
1732556160.0,0.0001650027972337,0.0001710351501315,0.0001573210889383,0.0001638797467887,4885.86336684245,0.8034375869164968,-0.006806250947427269,0.006757429592920488,1.8530016494377948,0.08311411335515856
1732556220.0,0.0001638797467887,0.0001715191261668,0.0001623921224723,0.0001657411206929,1871.06920696438,0.30837172755885417,0.01135816927152068,-0.6161845890950283,1.8403896552057244,0.05569329873488283
1732556280.0,0.0001657411206929,0.0001672165771245,0.0001604846660788,0.0001604846660788,866.2521961765,0.14129690212019583,-0.03171484898934426,-0.5417968331962967,1.8612931124351066,0.04061702381132982
1732556340.0,0.0001604846660788,0.000161464908319,0.0001453076783877,0.0001520336056374,2789.47507385028,0.4358809645375544,-0.05265961320722326,2.084858606218891,1.8022624824493207,0.10067771785353377
1732556400.0,0.0001520336056374,0.0001552314869289,0.0001518679273699,0.0001544466769504,434.94987002586,0.06665177953852622,0.01587196003727745,-0.8470871982004535,1.7073560372256493,0.022123789966687325
1732556460.0,0.0001544466769504,0.0001561819069397,0.0001440183540943,0.0001440183540943,1466.35942055417,0.21882850498919434,-0.0675205388811895,2.2831607273547223,1.7344551240178994,0.07875567856540065
1732556520.0,0.0001440183540943,0.0001461213589846,0.0001082571224662,0.0001087541263683,4736.55768334157,0.5986357172362174,-0.24485926080581213,1.7356386557856245,1.6173437793789704,0.2629125763623666
1732556580.0,0.0001087541263683,0.0001162760584088,9.99345143173942e-05,0.000110441479171,4682.42110794384,0.513183065072875,0.015515299134358536,-0.1427456626842454,1.2213221770913572,0.1502613706450506
1732556640.0,0.000110441479171,0.0001472383119186,0.000107843537312,0.0001084093415216,7273.69497054533,0.7959270568857413,-0.018400130681458828,0.550961267150768,1.2402713560083556,0.35670270719213953
1732556700.0,0.0001084093415216,0.0001139070533984,0.000107086449114,0.0001120517988034,1179.74139238095,0.13004356632645375,0.03359910899444277,-0.8366137132775949,1.2174502009773318,0.06291528191821952
1732556760.0,0.0001120517988034,0.0001172338693376,0.0001120517988034,0.0001165162836117,955.59365607616,0.10920910476868122,0.03984304452026814,-0.16021139796697764,1.2583554429752752,0.04624709812371848
1732556820.0,0.0001165162836117,0.0001170825726491,9.68435390550477e-05,0.000101353388135,4547.04853986408,0.4953319863982493,-0.1301354197601391,3.535629034295497,1.308492154912061,0.17370133140789595
1732556880.0,0.000101353388135,0.0001029694893325,9.60678282404854e-05,9.60678282404854e-05,826.08251179858,0.08154310715289596,-0.05214980960946635,-0.8353768595768921,1.138210979079731,0.06809502098560105
1732556940.0,9.60678282404854e-05,9.60678282404854e-05,7.31167487036639e-05,7.36797824955613e-05,2804.87506096446,0.2380604200059202,-0.23304415385429952,1.9194425907704156,1.0788534932253186,0.23890494827642358
1732557000.0,7.36797824955613e-05,8.34893706149681e-05,6.8510541546102e-05,8.24595580193711e-05,2677.64132153646,0.20904257504011747,0.11916125735494286,-0.12189277396503417,0.827432993763869,0.20329632582409535
1732557060.0,8.24595580193711e-05,8.8165048354336e-05,8.21725025353022e-05,8.8165048354336e-05,998.28691100293,0.08516615561894945,0.06919137662155056,-0.592589425371338,0.9260309496777362,0.07267254352280249
1732557120.0,8.8165048354336e-05,9.14942709311593e-05,8.78878864424875e-05,9.14942709311593e-05,557.18808661931,0.05005201617800641,0.03776125164070833,-0.41230156728044387,0.9901043058801007,0.040904922710161995
1732557180.0,9.14942709311593e-05,9.14942709311593e-05,8.53746935732016e-05,8.62040146829001e-05,888.45169928487,0.07893817190690962,-0.05782062848765276,0.577122720215139,1.027491883724988,0.06688481470672743
1732557240.0,8.62040146829001e-05,9.55803025172195e-05,8.62040146829001e-05,9.52764312586752e-05,1569.49120366835,0.14241598177155598,0.10524355053703503,0.8041459325851201,0.968081657242047,0.10876857497658216
1732557300.0,9.52764312586752e-05,9.81405304933347e-05,9.37910323093729e-05,9.81405304933347e-05,611.46836562146,0.05913417674298497,0.0300609415867339,-0.584778505843257,1.0699660080599769,0.04565135497311962
1732557360.0,9.81405304933347e-05,0.0001094289632169,9.79310203245339e-05,0.0001094289632169,1270.7068891571,0.1318799928182233,0.11502314759070875,1.2301822749881794,1.1021301937280588,0.11715794518908774
1732557420.0,0.0001094289632169,0.000113461499195,0.0001078482812461,0.0001130243076584,1428.05652932738,0.15883792297185226,0.032855510422534505,0.2044125843317751,1.2289006776654177,0.05129554172759536
1732557480.0,0.0001130243076584,0.000120912847,0.0001102884293202,0.000120912847,1830.79838261531,0.21414588219111316,0.06979506891068069,0.34820374243411667,1.2692768366887135,0.09400117461379023
1732557540.0,0.000120912847,0.000120912847,0.0001171041108671,0.0001173322407105,569.90523114927,0.0678885608909153,-0.029613117037100276,-0.6829798444112571,1.3578661009721331,0.03149984660356231
1732557600.0,0.0001173322407105,0.0001175122507318,0.0001024581047669,0.0001027068008741,1549.77309315359,0.1705052930455585,-0.12464979572397422,1.5115467290510078,1.3176554532033344,0.12830357516178248
1732557660.0,0.0001027068008741,0.0001027068008741,9.43262121386953e-05,9.43262121386953e-05,889.93107651428,0.08767290068966453,-0.08159721327196037,-0.48580540155877394,1.153409970126958,0.08159721327196037
1732557720.0,9.43262121386953e-05,0.0001045872079925,9.41824391099616e-05,9.49566122388936e-05,2177.32781978338,0.20606537966224805,0.006683191086602506,1.3503885241764382,1.0592949308045032,0.11030623033223741
1732557780.0,9.49566122388936e-05,0.000119725,9.39112206188969e-05,9.67728390944578e-05,618.33658016407,0.059276666627099,0.019126912942038207,-0.7123404876439868,1.066374401244139,0.2718481501441975
1732557840.0,9.67728390944578e-05,0.0001010462222222,7.41691691175379e-05,7.41691691175379e-05,3730.90460227676,0.31888416258028324,-0.23357452554282268,4.379589992573936,1.0867708515803538,0.2777334359119919
1732557900.0,7.41691691175379e-05,7.81852251061855e-05,7.41691691175379e-05,7.81852251061855e-05,841.28585603693,0.06408679848274651,0.0541472425325844,-0.7990279668824511,0.8329288655487033,0.0541472425325844
1732557960.0,7.81852251061855e-05,8.70004388690325e-05,7.81852251061855e-05,8.70004388690325e-05,1010.24438045318,0.08343894438119565,0.11274782097096772,0.30196774307050356,0.8780296668439593,0.11274782097096772
1732558020.0,8.70004388690325e-05,9.1007524529381e-05,8.70004388690325e-05,8.96160001873321e-05,870.57417840303,0.07687885566198172,0.03006377154300304,-0.07862142513744882,0.9770255985284805,0.0460582235266723
1732558080.0,8.96160001873321e-05,9.8848830077907e-05,8.88723269509495e-05,9.8848830077907e-05,1667.90064540013,0.15717030601730914,0.10302657863857702,1.0443892493451006,1.0063986729143066,0.11132502126967014
1732558140.0,9.8848830077907e-05,0.0001011647114953,9.07573602444299e-05,9.8590215935447e-05,3093.53994686432,0.30539278795654656,-0.002616259011423565,0.9430692456812657,1.1100844849310718,0.10528552783748298
1732558200.0,9.8590215935447e-05,0.00010263180137,9.06249181265231e-05,9.95225978889592e-05,3336.06716935738,0.33045882701430623,0.009457144856267263,0.08207803211556601,1.1071802163939295,0.12178574851016184
1732558260.0,9.95225978889592e-05,0.00010109814438,9.95225978889592e-05,0.00010109814438,315.2935133099,0.03162720933641005,0.01583104264218154,-0.9042930412173833,1.1176509800823602,0.01583104264218154
1732558320.0,0.00010109814438,0.000105937004283,0.0001005272557,0.0001054688352047,654.54591015948,0.06760378583058109,0.04323215674732648,1.137519789099884,1.13534456040712,0.05350987019767896
1732558380.0,0.0001054688352047,0.0001177006899791,0.0001054688352047,0.0001167049732479,1336.14277735103,0.14842796474025635,0.10653514871376225,1.1955569930983632,1.184427954404865,0.1159760108344775
1732558440.0,0.0001167049732479,0.0001443833722683,0.0001163189825626,0.0001287915192631,6631.64197160215,0.8140224218085301,0.10356496110518146,4.484292823343906,1.3106111626681247,0.24047295436233682
1732558500.0,0.0001287915192631,0.0001453822875827,0.0001244935499191,0.0001453822875827,4106.89662261466,0.5630017406722101,0.12881879501481597,-0.3083707210160407,1.4463445567538658,0.1621903195421411
1732558560.0,0.0001453822875827,0.0001453822875827,0.0001253661547733,0.0001409592403526,3418.33000429391,0.48940491820829946,-0.030423563307765154,-0.13072219346255992,1.6326609197311368,0.1376793084096571
1732558620.0,0.0001409592403526,0.0001636720290289,0.0001409592403526,0.0001499782839187,4038.18209947632,0.5874293512891605,0.06398334400454682,0.2002931099256753,1.5829895568795824,0.16113018642471041
1732558680.0,0.0001499782839187,0.0001499782839187,0.0001267253895903,0.0001267892403453,3009.0317722304,0.4164011370159621,-0.15461600818135962,-0.2911468654023899,1.6842745222530138,0.15504174151642455
1732558740.0,0.0001267892403453,0.0001457364893327,0.0001119951896256,0.0001148569699985,9219.81499955754,1.113966677357002,-0.09411106426936115,1.675224869317059,1.4238587189406862,0.26612115992814817
1732558800.0,0.0001148569699985,0.000119489936431,0.0001129191018639,0.000119489936431,755.18391067528,0.08848750662604186,0.04033683312872085,-0.9205653917440445,1.2898578595319692,0.05720884476741647
1732558860.0,0.000119489936431,0.0001237497147187,0.000119489936431,0.0001237497147187,354.1374750884,0.043070137949768994,0.03564968243296235,-0.5132630628661713,1.3418866407716792,0.03564968243296235
1732558920.0,0.0001237497147187,0.00013774170882,0.0001237497147187,0.00013774170882,1518.78560852869,0.19857470541212893,0.11306687965386988,3.6104961549860555,1.3897244733762242,0.11306687965386988
1732558980.0,0.00013774170882,0.0001391336460281,0.0001373048968569,0.0001390851344768,388.27554149888,0.053742546241245304,0.009753223394052655,-0.7293585498228179,1.5468562831594914,0.013276655174866306
1732559040.0,0.0001390851344768,0.0001679005585599,0.0001380809585469,0.0001520989066401,9331.4603532581,1.3585861675919146,0.09356695244430129,24.279527350515686,1.56194311804764,0.2143981822728441
1732559100.0,0.0001520989066401,0.0001536169995965,0.0001486084556224,0.0001532716746341,1354.4615342412,0.20680635301239,0.007710561633260424,-0.8477782580556131,1.708089375494707,0.03292951990740697
1732559160.0,0.0001532716746341,0.0001575162077463,0.0001530457728461,0.0001537155428533,1110.74711431857,0.17049258297840844,0.0028959572618986818,-0.1755931068123713,1.7212597038995763,0.02916673880462322
1732559220.0,0.0001537155428533,0.0001547823102552,0.000153172511669,0.0001542226243225,257.87780501522,0.03970520931585259,0.003298830162438008,-0.7671147411680604,1.726244398438698,0.010472581733236534
1732559280.0,0.0001542226243225,0.0001552047594686,0.0001454202031381,0.0001454202031381,1039.42772482544,0.15572853120381666,-0.057076069241261004,2.922118379102485,1.7319389855280072,0.06344436410340927
1732559340.0,0.0001454202031381,0.0001454202031381,0.0001379605923506,0.0001379605923506,1200.123995321,0.17004604623957095,-0.05129693554626584,0.09193893325183684,1.6330867160683713,0.05129693554626584
1732559400.0,0.0001379605923506,0.000143077545363,0.0001371316784916,0.000143077545363,1642.9447246376,0.23086506288926725,0.03708996116366522,0.35766204504402804,1.5493143720527491,0.043098299087392586
1732559460.0,0.000143077545363,0.0001512455110233,0.000143077545363,0.0001512455110233,924.84460594864,0.1361015455525935,0.05708768374224734,-0.41047145094503273,1.606778381942494,0.05708768374224734
1732559520.0,0.0001512455110233,0.000197860075792,0.0001512455110233,0.0001527092396563,7739.47613529949,1.1762252695478355,0.009677831911153342,7.64226239880067,1.698505638054707,0.30820461680690026
1732559580.0,0.0001527092396563,0.0001533524827892,0.0001465688929383,0.0001485666191907,1165.27643202822,0.17553482892673486,-0.02712750371178399,-0.8507642766472667,1.7149434901199467,0.04442160714156975
1732559640.0,0.0001485666191907,0.0001517893726544,0.0001481671111061,0.0001489451803632,943.28481845755,0.14031918191558979,0.0025480903756319837,-0.20061914337150413,1.668421354226218,0.024381395821159984
1732559700.0,0.0001489451803632,0.000155958574353,0.0001483377537758,0.0001531750087107,984.42791509758,0.14870777391945303,0.028398558027763154,0.05978221857728242,1.6726726426214207,0.051165271401308526
1732559760.0,0.0001531750087107,0.0001531750087107,0.0001497545948247,0.0001497545948247,351.6718391341,0.053265905401728944,-0.02233010407370095,-0.6418081987389562,1.720174133724357,0.02233010407370095
1732559820.0,0.0001497545948247,0.000150826225134,0.0001447099956155,0.000150826225134,1914.8843387806,0.2877887523383729,0.007155909376633246,4.4028698126481425,1.6817624662934039,0.040841681857304815
1732559880.0,0.000150826225134,0.0001517334109087,0.0001500684869151,0.0001504971833651,122.32020346932,0.018428970318839468,-0.0021815952007528346,-0.9359635490647277,1.6937970060952225,0.011038690334660355
1732559940.0,0.0001504971833651,0.0001583426626366,0.0001497349247936,0.0001573142401212,888.48604039737,0.13674307642121036,0.045296905919907544,6.4200063300021375,1.6901018266756758,0.05719534180329474
1732560000.0,0.0001573142401212,0.0001649304486429,0.0001562550579977,0.0001616299379464,1626.26027782456,0.25934312381737057,0.02743361199771271,0.8965722477861672,1.7666582101136676,0.055146887138228406
1732560060.0,0.0001616299379464,0.0001620777799491,0.0001573712992339,0.0001585357809272,500.05788803614,0.08005069660075248,-0.019143464747391627,-0.6913328742923441,1.8151240259824997,0.029118867302669816
1732560120.0,0.0001585357809272,0.0001654792637101,0.0001585357809272,0.0001646413362447,1299.35290611916,0.2099605631942603,0.03851215972691797,1.622844923404285,1.7803762631789601,0.04379757517382428
1732560180.0,0.0001646413362447,0.0001646413362447,0.0001595825062797,0.0001608039207824,558.10319956213,0.09081601961457215,-0.023307727875802726,-0.5674615354763213,1.8489423982005215,0.030726366053548396
1732560240.0,0.0001608039207824,0.0001621690214544,0.0001469107034365,0.0001595776385513,2534.88666240646,0.40606547081799005,-0.007625947334700996,3.471297823240357,1.8058477519252298,0.09488772377974271
1732560300.0,0.0001595776385513,0.0001595776385513,0.000136382316884,0.0001365376419696,2180.35915650729,0.3228188316327346,-0.14438110997796996,-0.2050079240117634,1.7920764520745598,0.1453544611756071
1732560360.0,0.0001365376419696,0.0001365376419696,0.0001045470881647,0.0001153645760452,4669.2524509223,0.5880975244291844,-0.15507127279314062,0.8217571801952767,1.5333344647586524,0.23429842015304964
1732560420.0,0.0001153645760452,0.0001158141717584,0.0001104445240554,0.000110680702809,955.49015182425,0.10799201890577724,-0.04060061933019074,-0.8163705602899862,1.2955583376909392,0.04654503043374562
1732560480.0,0.000110680702809,0.0001133840245187,0.0001089528741343,0.0001133343669484,752.88153344897,0.08432840461731464,0.02397585190599486,-0.2191237327372224,1.2429578668022947,0.04003543772257002
1732560540.0,0.0001133343669484,0.0001192276567049,0.0001133343669484,0.0001157718633662,1215.17887761708,0.13920252590438792,0.021507125185688456,0.650719310250135,1.272758840542138,0.05199914125944825
1732560600.0,0.0001157718633662,0.0001157718633662,0.0001108649632363,0.0001108649632363,775.74917870392,0.08790666605047605,-0.04238422002744226,-0.36849805361394616,1.3001322242568694,0.04238422002744226
1732560660.0,0.0001108649632363,0.0001250377469166,0.0001093818138827,0.0001242946642342,1686.51101645033,0.19829965117667697,0.12113566455865458,1.2557976554680532,1.2450271339991983,0.14121623799694596
1732560720.0,0.0001242946642342,0.0001251748797011,0.0001242946642342,0.0001249519419219,86.21001948938,0.010743777387189601,0.005288060366465423,-0.9458204927571087,1.3958443232697482,0.007081683452167073
1732560780.0,0.0001249519419219,0.0001254671840556,0.0001244458515921,0.0001254671840556,204.6363120007,0.025622423197237145,0.004123522418099355,1.384861699367317,1.4032256323133867,0.008173802245813712
1732560840.0,0.0001254671840556,0.0001254671840556,0.0001215480673504,0.0001215480673504,534.31032380822,0.06599139948215438,-0.031236189245016213,1.575533116995359,1.4090118646658827,0.031236189245016213
1732560900.0,0.0001215480673504,0.000127575145354,0.0001209974700839,0.0001267563740776,791.7923162238,0.0983027744034665,0.04284976997771132,0.48963009081281694,1.364999703412706,0.054115835928002114
1732560960.0,0.0001267563740776,0.0001442809175449,0.000126567431112,0.0001349862130802,3705.95689492482,0.4850033727864548,0.06492643121490438,3.9337709513247656,1.4234896267235846,0.1397443447069244
1732561020.0,0.0001349862130802,0.0001364367619769,0.0001334707255232,0.0001334707255232,396.73002203664,0.0532524635840079,-0.011226980314645757,-0.89020186957039,1.5159117280581833,0.02197288438588744
1732561080.0,0.0001334707255232,0.0001337436484298,0.0001324002331174,0.0001324002331174,133.43790968577,0.01773863248357674,-0.008020428461774868,-0.6668955520603599,1.4988926169285335,0.010065243199464691
1732561140.0,0.0001324002331174,0.0001556096348618,0.0001269851105116,0.000154204017817,3386.9312059359,0.4853544406218013,0.1646808633657501,26.36143505262682,1.4868708559225756,0.2161969331641469
1732561200.0,0.000154204017817,0.0001547988039799,0.0001489099405812,0.0001489099405812,747.28552432927,0.11325633666655971,-0.034331642655917705,-0.7666523118208957,1.7317300321892772,0.03818878056529342
1732561260.0,0.0001489099405812,0.0001495445426291,0.0001432773134134,0.000146450352698,659.46174022871,0.0973894065001817,-0.016517284699732997,-0.1400975047700171,1.6722768955476341,0.042087379735958684
1732561320.0,0.000146450352698,0.0001468343464751,0.0001410762747826,0.0001461656998913,1430.98588804356,0.20936472093515024,-0.0019436812643735377,1.149768937494856,1.6446554219670881,0.03931756794313702
1732561380.0,0.0001461656998913,0.000151892373142,0.0001461656998913,0.000151892373142,676.4029442926,0.10080367908495147,0.03917932356879081,-0.5185259549235377,1.6414587360370603,0.03917932356879081
1732561440.0,0.000151892373142,0.0001548005186676,0.000151693367736,0.0001548005186676,340.02108081926,0.05214102427634229,0.019146093154270762,-0.4827468129174048,1.7057699789810747,0.020456266943009803
1732561500.0,0.0001548005186676,0.0001551364928481,0.0001515148437816,0.0001518637210976,568.6711001564,0.08719554530295116,-0.018971496964465085,0.6723021174425605,1.7384288098984049,0.023395587415806322
1732561560.0,0.0001518637210976,0.0001519242792902,0.0001508131820186,0.0001508131820186,123.65951227732,0.018714439108479464,-0.006917643472760923,-0.7853739082259508,1.7054482130084787,0.0073164101575379555
1732561620.0,0.0001508131820186,0.0001516438560161,0.0001499060045603,0.0001499060045603,133.21985564417,0.020030883312736638,-0.0060152398229229125,0.07034377021006716,1.6936505303096288,0.011523206609258197
1732561680.0,0.0001499060045603,0.0001505075810243,0.0001424586628025,0.0001424586628025,954.88936143525,0.13958795526214668,-0.04968007638949713,5.968637033265011,1.6834628161935958,0.05369310085615889
1732561740.0,0.0001424586628025,0.0001424586628025,0.0001309188889422,0.0001322270727108,1479.35360584421,0.20317866665278467,-0.07182146659543423,0.4555601611271861,1.59982825488622,0.08100436739532184
1732561800.0,0.0001322270727108,0.0001322270727108,0.0001173509267772,0.0001173509267772,1336.39321607482,0.16676717269864405,-0.11250453956684281,-0.17920923763302773,1.4849262433194774,0.11250453956684281
1732561860.0,0.0001173509267772,0.000121575263348,0.0001150497541512,0.0001198248295146,1120.6963769085,0.13290100538337685,0.02108123732245334,-0.2030745425927735,1.317865300024098,0.05560679728749982
1732561920.0,0.0001198248295146,0.0001198248295146,0.0001005640988083,0.0001091163207689,4017.1556130346,0.45984611345797993,-0.08936802822152343,2.460064971904999,1.3456475311729323,0.16074073115166163
1732561980.0,0.0001091163207689,0.0001106710090965,0.0001085974554841,0.0001106710090965,492.15482488121,0.05408469742050734,0.01424799073726755,-0.8823852244530289,1.2253896646308462,0.019003148179745067
1732562040.0,0.0001106710090965,0.0001119496410441,0.0001106710090965,0.0001119496410441,70.30224082584,0.007825365279494767,0.011553449797183037,-0.8553127658521832,1.24284900522205,0.011553449797183037
1732562100.0,0.0001119496410441,0.0001119496410441,0.0001102875901484,0.0001106200401778,188.74666385554,0.021004642403012325,-0.011876776503251387,1.6841740484692695,1.2572081988093617,0.014846415586498095
1732562160.0,0.0001106200401778,0.0001106200401778,0.0001089806658394,0.0001095281539387,580.39548623862,0.06388650908440006,-0.009870600637506645,2.0415423342431174,1.2422766180140479,0.01481986750108777
1732562220.0,0.0001095281539387,0.0001152066015848,0.0001090406404421,0.0001152066015848,990.02878352,0.11124693831279765,0.05184463940913374,0.7413212884402562,1.2300146016363187,0.05629567303901533
1732562280.0,0.0001152066015848,0.0001355014245548,0.0001152066015848,0.0001238992000764,3117.33303500255,0.3726862071896131,0.07545226030473298,2.3500805760758627,1.2937842651261229,0.1761602433438819
1732562340.0,0.0001238992000764,0.0001238992000764,0.000116165983371,0.0001173894710139,856.7854611417,0.10336631266418533,-0.05254052535033231,-0.7226451887134229,1.391403212276587,0.06241538848218113
1732562400.0,0.0001173894710139,0.0001238951369215,0.0001173894710139,0.0001238322757439,727.07236397862,0.08769283282912284,0.05488400854312666,-0.15163044352740165,1.318298156529435,0.05541950101154869
1732562460.0,0.0001238322757439,0.000124266102362,0.000122413835785,0.000122413835785,386.73494224862,0.047615987860538195,-0.011454525489247323,-0.4570139163673488,1.3906516438147847,0.014957865918823199
1732562520.0,0.000122413835785,0.0001251349071125,0.0001213603243558,0.0001234704302327,822.13244715274,0.1010747166687435,0.008631331915419612,1.1227054443305857,1.3747223891140445,0.03083460895163388
1732562580.0,0.0001234704302327,0.0001237210333748,0.0001229012014811,0.0001237210333748,60.40144652379,0.0074653609851128965,0.0020296612041254634,-0.9261401740102874,1.3865880743460466,0.0066399047298603495
1732562640.0,0.0001237210333748,0.0001269817569723,0.0001235822858696,0.0001269817569723,511.20906814012,0.06408076991673443,0.02635545071485118,7.583746994220583,1.3894023783666496,0.02747690517910282
1732562700.0,0.0001269817569723,0.0001403522558107,0.0001269817569723,0.0001396678187508,1342.62064046758,0.1790046120688785,0.09990460110949127,1.7934216817537356,1.426020704272789,0.10529464355511048
1732562760.0,0.0001396678187508,0.0001396678187508,0.0001333050451983,0.0001340322188057,665.06892678864,0.09101469511985597,-0.04035002476236284,-0.4915511166559509,1.5684867339070376,0.04555647542439723
1732562820.0,0.0001340322188057,0.0001341812920157,0.0001332873264825,0.0001332873264825,33.47343255973,0.004474051385551126,-0.005557561680597431,-0.9508425383432938,1.5051982553544512,0.0066697809016797276
1732562880.0,0.0001332873264825,0.0001342465914442,0.0001286415742412,0.0001286415742412,540.03892083304,0.07072590044090571,-0.03485516863383075,14.80802148793235,1.4968330232087912,0.042052139171205406
1732562940.0,0.0001286415742412,0.0001293199075386,0.0001258506653746,0.000126873799593,352.03244263594,0.044974850590944394,-0.013741861125591264,-0.3640964581494065,1.444660655768162,0.026968281323230966
1732563000.0,0.000126873799593,0.0001274222149265,0.0001254794973156,0.0001269206768486,475.310321593,0.06031556710799198,0.00036947940197562014,0.3410954414629319,1.4248083296629903,0.015312204861303545
1732563060.0,0.0001269206768486,0.0001315955433815,0.0001269206768486,0.0001315955433815,296.65066913344,0.03834450485655345,0.036832978274111555,-0.36426851814392214,1.4253347669925642,0.036832978274111555
1732563120.0,0.0001315955433815,0.0001318690298633,0.0001263239367225,0.0001284756332245,520.601571121,0.06769673157218534,-0.023708326869058733,0.765487175422877,1.477834091498537,0.04213739309335547
1732563180.0,0.0001284756332245,0.0001284756332245,0.0001239054687511,0.0001239054687511,357.78775809616,0.04514943433084414,-0.03557222765669534,-0.33306330627349284,1.4427971177990513,0.03557222765669534
1732563240.0,0.0001239054687511,0.000125198954969,0.0001233607816828,0.0001245003584942,225.286274896,0.02798121174127647,0.004801158085241637,-0.38025332640411585,1.3914736102622796,0.014835287778076422
1732563300.0,0.0001245003584942,0.0001262972634508,0.0001242870940692,0.0001242870940692,562.86632938746,0.0700170401110089,-0.0017129623366501764,1.502287633516718,1.3981542950365906,0.01614589231639572
1732563360.0,0.0001242870940692,0.0001242870940692,0.0001217448543803,0.0001217448543803,60.93734813516,0.00749626724751946,-0.020454575013915295,-0.892936530369829,1.3957593093883673,0.020454575013915295
1732563420.0,0.0001217448543803,0.0001221689282635,0.0001174449572846,0.0001174449572846,1623.85581097366,0.1942048827988716,-0.035318922656625854,24.90687823504887,1.3672096458931124,0.038802222918954056
1732563480.0,0.0001174449572846,0.0001346422428793,0.0001151175223036,0.0001344609059692,2479.4665472568,0.31229608049782154,0.14488445547615883,0.6080753274429828,1.3189212741544207,0.16624571226490784
1732563540.0,0.0001344609059692,0.0001647537955147,0.0001342756935305,0.0001434120843714,4642.11957674893,0.6449598241549327,0.06657086189981769,1.0652190803253827,1.5100124647762057,0.2266688727441818
1732563600.0,0.0001434120843714,0.0001751415326824,0.0001395742453274,0.0001477032255877,6983.00981794207,1.016430533798822,0.029921754746880816,0.5759594562818138,1.6105352960358257,0.24800760347984332
1732563660.0,0.0001477032255877,0.0001492863325973,0.0001422896255353,0.0001422896255353,740.04789949918,0.10730430017167726,-0.03665187426245905,-0.8944302668962171,1.6587253381750047,0.04737003565196794
1732563720.0,0.0001422896255353,0.0001422896255353,0.0001389223031734,0.0001403640086859,337.80277724668,0.047740591319394295,-0.013533079746016136,-0.5550915364713844,1.5979299456442595,0.02366526968661266
1732563780.0,0.0001403640086859,0.000141901895913,0.0001403640086859,0.0001410527227219,65.1317047976,0.009164575737579159,0.004906628433084775,-0.8080338872163045,1.5763050322613086,0.010956421389627092
1732563840.0,0.0001410527227219,0.0001410527227219,0.0001399714762647,0.0001399714762647,108.14354957985,0.015195477198122507,-0.007665548288151703,0.6580666288580886,1.5840393753518165,0.007665548288151703
1732563900.0,0.0001399714762647,0.0001399714762647,0.000123623776808,0.00013407412512,3127.31696989068,0.4285137298671346,-0.042132520868376946,27.20008376703563,1.5718968450297235,0.11679307736802652
1732563960.0,0.00013407412512,0.0001343077047259,0.0001273782327972,0.0001273782327972,1138.12843688256,0.14878318171778124,-0.049941719304951726,-0.6527924980048759,1.5056688684035728,0.05168388697295573
1732564020.0,0.0001273782327972,0.0001273782327972,0.0001213707475855,0.0001272239658284,495.29565363446,0.06305168119251857,-0.0012110936493019795,-0.5762176849254516,1.4304731764115572,0.04716257306901531
1732564080.0,0.0001272239658284,0.0001318023655048,0.000121632065404,0.0001268357519865,2313.3283328862,0.29386177173314054,-0.0030514206924158087,3.660649267001763,1.4287407394321083,0.07994012790418531
1732564140.0,0.0001268357519865,0.0001818342107735,0.0001268357519865,0.0001364136066283,8718.52218820526,1.1475726870569685,0.07551383968472412,2.9051445184203586,1.4243810503757077,0.4336195270309419
1732564200.0,0.0001364136066283,0.0001396006454618,0.0001364136066283,0.0001396006454618,303.57031077126,0.04189486614214427,0.023363056752718648,-0.9634926252474807,1.531941532663738,0.023363056752718648
1732564260.0,0.0001396006454618,0.0001642100029964,0.0001396006454618,0.0001424793818188,4138.20092078181,0.5836519143133685,0.020621225263515935,12.931346918095102,1.5677323696332077,0.17628398101736603
1732564320.0,0.0001424793818188,0.0001430930061911,0.0001420598597085,0.0001423761957077,115.4880253954,0.016448704085700885,-0.0007242178467002685,-0.9718176130629987,1.6000609319803196,0.007251199923887386
1732564380.0,0.0001423761957077,0.0001423761957077,0.0001402095562581,0.0001402828889629,204.67256920415,0.028926280534212537,-0.01470264558197357,0.7585750453957405,1.5989021392975717,0.015217708542010466
1732564440.0,0.0001402828889629,0.0001481714879455,0.0001285716794073,0.0001285716794073,2502.05790141572,0.3363448485611859,-0.0834828085034463,10.627656316316724,1.5753940478232202,0.1397163166734005
1732564500.0,0.0001285716794073,0.0001291006441734,0.0001248323695556,0.0001248323695556,393.15006886467,0.049812909650175166,-0.029083464328518986,-0.8518992936467897,1.443875728211325,0.03319762670501179
1732564560.0,0.0001248323695556,0.0001312986797359,0.0001248323695556,0.0001285364833837,902.92017058124,0.11438592395796293,0.029672703011939406,1.2963108310931741,1.4018828199750766,0.05179994742805798
1732564620.0,0.0001285364833837,0.0001300766734555,0.0001285364833837,0.0001300766734555,46.05970277229,0.005955822568508584,0.011982512911935776,-0.9479322073693494,1.4434804725497372,0.011982512911935776
1732564680.0,0.0001300766734555,0.0001304549067843,0.0001294360425606,0.0001304549067843,83.04106450245,0.010817409879809229,0.002907772152778836,0.8162747051945923,1.4607769959501915,0.007832797354312348
1732564740.0,0.0001304549067843,0.0001305400731705,0.0001285132907316,0.0001285132907316,187.86333139136,0.024325314154876345,-0.014883426776045703,1.2487189100858342,1.4650246026204354,0.015536268346357903
1732564800.0,0.0001285132907316,0.0001384416948691,0.0001251454925782,0.0001256149988742,2819.38747135508,0.35824305791574396,-0.022552467849049768,13.727170865496477,1.4432200162222288,0.10346169034507972
1732564860.0,0.0001256149988742,0.0001262238600639,0.0001240295538732,0.0001262238600639,421.80288221236,0.05311317827658127,0.004847042114053162,-0.8517398255095482,1.4106718432072718,0.01746850464009909
1732564920.0,0.0001262238600639,0.0001262238600639,0.0001247866669527,0.0001247866669527,133.85703930903,0.016799762990920685,-0.011386065284902668,-0.6836987818082041,1.4175094290404064,0.011386065284902668
1732564980.0,0.0001247866669527,0.0001251231954771,0.0001245078050833,0.0001245078050833,47.66320867116,0.0059410872206092655,-0.002234708853195837,-0.6463588668590097,1.4013695741393875,0.004931539633422841
1732565040.0,0.0001245078050833,0.000125217668492,0.000123873232522,0.0001240343791661,252.15792009352,0.03133594011791457,-0.0038023794322234092,4.274445392623108,1.3982379211454588,0.010798005547527734
1732565100.0,0.0001240343791661,0.0001244895647425,0.0001240343791661,0.0001244895647425,24.20227,0.003007421795970396,0.003669833956200589,-0.9040264378648377,1.3929212900327406,0.003669833956200589
1732565160.0,0.0001244895647425,0.0001252605971087,0.0001244895647425,0.0001252605971087,129.37966948458,0.016156296697014308,0.0061935501806503505,4.372141918590173,1.3980330798812173,0.0061935501806503505
1732565220.0,0.0001252605971087,0.0001263850437063,0.0001252605971087,0.0001256518782807,86.92805334552,0.010905666522853118,0.0031237370811863755,-0.32498970974774866,1.4066918679156708,0.008976858034807278
1732565280.0,0.0001256518782807,0.0001274256198234,0.0001256518782807,0.0001274256198234,203.32733001945,0.025728785988754534,0.014116315386369066,1.3592126106954736,1.4110860034652823,0.014116315386369066
1732565340.0,0.0001274256198234,0.0001359320602542,0.0001274256198234,0.0001359320602542,1636.20508196502,0.21545358725874353,0.06675612363188124,7.374028504606218,1.4310053385274895,0.06675612363188124
1732565400.0,0.0001359320602542,0.0001393446541439,0.0001359320602542,0.000139107892472,875.14072970033,0.12034933246277546,0.023363378822192707,-0.441414116172292,1.5265337078241126,0.0251051435792136
1732565460.0,0.000139107892472,0.0001406817348862,0.0001372977324951,0.0001390179429567,560.78437383096,0.07798431123354808,-0.0006466169079379514,-0.3520170852823887,1.5621986931248537,0.024326458628370927
1732565520.0,0.0001390179429567,0.0001415694294754,0.0001390179429567,0.0001410888411307,419.48170089972,0.05874983511126658,0.014896625068355585,-0.24664545750334232,1.5611885490363206,0.018353648920662984
1732565580.0,0.0001410888411307,0.0001529850054342,0.0001410038736293,0.0001523429270831,1397.98350453482,0.20510638583468857,0.07976595358079816,2.4911823232565107,1.5844449895123247,0.08491906028061479
1732565640.0,0.0001523429270831,0.0001656557889153,0.0001523429270831,0.0001622803860343,1886.22770590806,0.29672560506331336,0.06523085214044308,0.4466912078616019,1.710829754997093,0.0873874625300988
1732565700.0,0.0001622803860343,0.0001635229598112,0.0001533276081929,0.0001537040480249,1274.14632604845,0.2013052028725142,-0.052848888389920926,-0.3215779176537158,1.8224286377827787,0.062825532200454
1732565760.0,0.0001537040480249,0.0001585457731152,0.0001537040480249,0.0001567627160338,997.46103415795,0.1548392497748316,0.019899723190143263,-0.23082340860861553,1.7261153101060012,0.03150030953976989
1732565820.0,0.0001567627160338,0.0001930963456514,0.0001563837092648,0.0001920906109794,3660.51675004068,0.6384917234196188,0.22535903842073562,3.123577996845879,1.7604645269713788,0.23419239801053388
1732565880.0,0.0001920906109794,0.0001984825422819,0.0001903508830051,0.0001984825422819,1528.15220189008,0.29842761207770363,0.03327560503821543,-0.5326053555097127,2.157201119943464,0.04233241403803991
1732565940.0,0.0001984825422819,0.0002003867434517,0.0001918721229681,0.0001925954814059,699.32206370124,0.13674474529677735,-0.02966034598467988,-0.5417825302935702,2.2289832923986985,0.04289858637293602
1732566000.0,0.0001925954814059,0.0001928165436223,0.0001763539313078,0.000176456797834,1295.23605697614,0.2390049094903727,-0.08379575395067189,0.7478178702345011,2.1628708767520823,0.08547766642460644
1732566060.0,0.000176456797834,0.0002097390210341,0.000137134978081,0.0001432067316136,16158.473462664,2.582637328780278,-0.18843176703047554,9.805791957525914,1.9816314809366908,0.4114550634733921
1732566120.0,0.0001432067316136,0.0002234789813776,0.0001432067316136,0.0001492332286092,25798.02122395477,3.7721861502801417,0.042082497992208166,0.46059460546156544,1.6082291593805722,0.5605340535289246
1732566180.0,0.0001492332286092,0.0001540145246989,0.000136698796445,0.0001495503267462,3437.0813446979,0.5134716921072788,0.002124849404889485,-0.8638795457988875,1.6759074597512158,0.11603131832820587
1732566240.0,0.0001495503267462,0.0001598039748142,0.0001495503267462,0.0001598039748142,994.4649377151,0.1538210031165807,0.06856319401696356,-0.7004294385045805,1.679468510719718,0.06856319401696356
1732566300.0,0.0001598039748142,0.0001609632712095,0.0001373898117368,0.0001529403616744,3988.82327384926,0.623740944075136,-0.042950202883127064,3.0549790434171316,1.794618236065575,0.1475148506168777
1732566360.0,0.0001529403616744,0.0001612064431717,0.0001529403616744,0.0001610285092093,1249.38636133139,0.19613421258235544,0.052884323316294564,-0.6855518072920846,1.7175390187287987,0.0540477438839719
1732566420.0,0.0001610285092093,0.0001615950878639,0.0001433421112214,0.0001433421112214,2393.83206644274,0.3643060756350407,-0.10983395471240273,0.8574325755740907,1.808369907503604,0.11335245374951164
1732566480.0,0.0001433421112214,0.0001455779850595,0.0001419616078234,0.0001455779850595,771.48290061651,0.11144845696259506,0.015598164552261767,-0.6940801583714366,1.6097494889795811,0.02522899380569546
1732566540.0,0.0001455779850595,0.0001557616947315,0.0001455779850595,0.0001557616947315,645.19720399182,0.09721175942647178,0.06995363803007543,-0.12774243739329183,1.6348586263966038,0.06995363803007543
1732566600.0,0.0001557616947315,0.0001576925968522,0.0001409318269132,0.0001471154523006,2153.57149624912,0.3261337953567922,-0.05550942705011186,2.354880081184731,1.7492229349778983,0.10760521043310424
1732566660.0,0.0001471154523006,0.0001485963456376,0.0001402375907813,0.0001485963456376,1336.8659146164,0.19766351160675594,0.010066198443750757,-0.39391895467162197,1.65212457207436,0.05681765392815851
1732566720.0,0.0001485963456376,0.0001524896386407,0.0001485963456376,0.0001524682134482,476.51010360252,0.07173015212051077,0.02605627880003728,-0.6371097956449586,1.6687551858706573,0.02620046264525952
1732566780.0,0.0001524682134482,0.0001524682134482,0.0001410425484261,0.0001423248157175,1906.19294395752,0.2809661960617604,-0.06652795032681462,2.916988710545616,1.7122367362427113,0.07493801339766996
1732566840.0,0.0001423248157175,0.0001428442152598,0.0001412889447083,0.000141976989239,238.22604053062,0.033864046655247795,-0.0024438919997647637,-0.8794728791936095,1.598325135706209,0.010927613316479151
1732566900.0,0.000141976989239,0.0001421348969226,0.0001401000169161,0.0001401000169161,317.64343237418,0.044799954214469334,-0.013220257261128158,0.3229356393981591,1.5944190016940336,0.014332463432328073
1732566960.0,0.0001401000169161,0.0001401000169161,0.0001283946658989,0.000128441545392,1034.4463411662,0.1388959182903346,-0.08321534701228306,2.100358487542259,1.5733403723096073,0.08354996148365801
1732567020.0,0.000128441545392,0.0001677377883887,0.0001272043603996,0.000157543391754,5370.7887458359,0.767982340951162,0.22657658215791437,4.529193013043379,1.4424143072594289,0.31557879395948635
1732567080.0,0.000157543391754,0.0001592141523753,0.000155747925036,0.0001560566699974,813.5231447585,0.12756045421622936,-0.009436903319445304,-0.8339018393857298,1.7692316110539459,0.02200173108315731
1732567140.0,0.0001560566699974,0.0001596588526159,0.0001560566699974,0.0001591963309299,538.5979493749,0.08489730991686362,0.02011872310585841,-0.33445431471298226,1.7525355433907233,0.023082529048966755
1732567200.0,0.0001591963309299,0.0001612505107094,0.0001578772105535,0.0001612505107094,401.03590629697,0.06425534477840915,0.012903436702976053,-0.24314039112273736,1.7877943207213765,0.02118955968517514
1732567260.0,0.0001612505107094,0.0001612505107094,0.0001596346438497,0.0001601776663325,101.21534747408,0.016266732313628008,-0.006653277389201155,-0.7468423464269716,1.8108630115767448,0.01002084801214708
1732567320.0,0.0001601776663325,0.0001639796936568,0.0001588907941298,0.0001639796936568,575.09730458362,0.09321101199539432,0.023736313628191202,4.730162038586178,1.7988148376468804,0.031770343790852563
1732567380.0,0.0001639796936568,0.0001711893471246,0.0001639796936568,0.0001705810208565,709.57646846033,0.11869820514495605,0.040256979705769025,0.27343543004147497,1.8415120707923107,0.04396674555868732
1732567440.0,0.0001705810208565,0.0001728375490713,0.0001702495993986,0.0001712681727785,290.24810145612,0.049610539718432156,0.004028302319623555,-0.5820447355724797,1.9156457848541255,0.015171381081586308
1732567500.0,0.0001712681727785,0.0001732854056828,0.0001661561074657,0.0001684853674054,1821.21250676878,0.30938169830094403,-0.016248234146218062,5.236209080910226,1.9233625852128304,0.04162652115358453
1732567560.0,0.0001684853674054,0.0001684853674054,0.00016527054505,0.0001679361597968,572.84245156184,0.09635826620034325,-0.003259675407173736,-0.6885456808546802,1.8921113395802172,0.01908072139976808
1732567620.0,0.0001679361597968,0.0001801277768778,0.0001679361597968,0.0001786912933231,2473.39754804214,0.4286737463154262,0.06404298835529847,3.4487490613846177,1.885943670778953,0.07259673613920709
1732567680.0,0.0001786912933231,0.0001833216750951,0.0001679262391824,0.0001679262391824,1982.0620515381,0.34350872878846267,-0.06024386493882048,-0.1986709432499221,2.006725139325398,0.08615660912399803
1732567740.0,0.0001679262391824,0.0001691675881954,0.0001675853013675,0.0001691675881954,142.48634711342,0.024015634048772248,0.007392227796227011,-0.9300872669714271,1.885832261062543,0.009422510952450579
1732567800.0,0.0001691675881954,0.0001691675881954,0.0001262107798364,0.0001294680542046,12591.29852836145,1.8801052623336982,-0.23467576983449315,77.28672182943323,1.8997727627217913,0.2539304887966009
1732567860.0,0.0001294680542046,0.0001385561959441,0.0001294680542046,0.0001382611904238,1123.6418150548,0.15041588718875296,0.06791742004019077,-0.9199960288382749,1.453942127119453,0.07019601704323054
1732567920.0,0.0001382611904238,0.000145799413022,0.0001382611904238,0.000145799413022,867.70174089549,0.12323994006487204,0.05452160924619358,-0.1806720528781546,1.5526901252811534,0.05452160924619358
1732567980.0,0.000145799413022,0.0001502782385524,0.0001456986142911,0.0001502782385524,462.24405139072,0.06843006659500031,0.030719091644931345,-0.4447411564872594,1.6373452895721559,0.031410443748556
1732568040.0,0.0001502782385524,0.0001508433280284,0.0001460472111233,0.0001460472111233,636.53797688554,0.094311201118134,-0.028154624846928177,0.37821290860799245,1.6876430495769195,0.0319149129727632
1732568100.0,0.0001460472111233,0.0001460472111233,0.0001403591710637,0.0001418324173162,872.92948535756,0.12564930794930915,-0.0288591187375818,0.33228403900742504,1.6401280926405555,0.03894658457255918
1732568160.0,0.0001418324173162,0.0001573137407338,0.0001412984356965,0.0001556014499161,1824.41563272762,0.27132149854061977,0.0970795877306627,1.1593552958531164,1.5927954412701981,0.11291709850503084
1732568220.0,0.0001556014499161,0.0001587609529521,0.0001556014499161,0.0001587609529521,230.97841800702,0.03630546524769116,0.020305100226916777,-0.8661902376222655,1.747423366047988,0.020305100226916777
1732568280.0,0.0001587609529521,0.0001648372396041,0.0001587609529521,0.0001648372396041,784.66294712304,0.12695775572741844,0.038273180772814386,2.496932345068689,1.7829049726344488,0.038273180772814386
1732568340.0,0.0001648372396041,0.0001709025705978,0.0001648372396041,0.0001709025705978,201.8202791952,0.033879551115945455,0.03679587821458001,-0.7331431158196768,1.8511424169528368,0.03679587821458001
1732568400.0,0.0001709025705978,0.0001709025705978,0.0001658024579727,0.0001658024579727,702.56218845225,0.11827811086768392,-0.029842223011978905,2.491135713779164,1.9192568278848765,0.029842223011978905
1732568460.0,0.0001658024579727,0.0001658024579727,0.0001591685647517,0.000164351544308,1208.39794227293,0.19947870849458504,-0.008750857390418634,0.6865226120980162,1.8619819376098727,0.040010825545736386
1732568520.0,0.000164351544308,0.0001657395355344,0.000164351544308,0.0001655336209475,169.15987214753,0.027901666188993594,0.007192367096257666,-0.8601270962722771,1.8456879992103135,0.008445258194829356
1732568580.0,0.0001655336209475,0.0001665145413614,0.0001653711877198,0.0001665145413614,113.70616486662,0.018877961543576988,0.005925807750022592,-0.3234109599152254,1.8589628648457914,0.006907078060973605
1732568640.0,0.0001665145413614,0.0001667513404794,0.0001655807408577,0.0001667513404794,89.50904441336,0.014915155309572877,0.001422092725740076,-0.20991706254176634,1.8699787213972987,0.00703001438870943
1732568700.0,0.0001667513404794,0.0001675262368364,0.0001662614503054,0.0001666087740125,167.9798448674,0.027998890158664032,-0.0008549644428051652,0.8772107683447133,1.8726380045342865,0.0075848657489878055
1732568760.0,0.0001666087740125,0.0001666087740125,0.0001657793672816,0.0001663252917563,59.9446346867,0.009978805473634235,-0.001701484557942607,-0.643599963531184,1.871036965626164,0.004978169582100033
1732568820.0,0.0001663252917563,0.0001663252917563,0.0001600783503878,0.0001600783503878,788.33436576946,0.12865760410725544,-0.037558577547262044,11.893086697319788,1.8678534251218115,0.037558577547262044
1732568880.0,0.0001600783503878,0.0001615110574874,0.0001600783503878,0.0001608517178098,399.71209704885,0.06413981528264658,0.004831180607036906,-0.5014689125628641,1.7976995074074549,0.008950036629745084
1732568940.0,0.0001608517178098,0.0001613045151816,0.0001587193819796,0.0001587193819796,333.78509153166,0.053334034397039064,-0.01325653129002575,-0.1684722794724213,1.8063845184049216,0.0160715299606361
1732569000.0,0.0001587193819796,0.0001702082113136,0.0001587193819796,0.0001680146188705,1244.2529733391,0.20326987602435848,0.058563968527137446,2.8112600766546056,1.7824381255148687,0.07238453924597972
1732569060.0,0.0001680146188705,0.0001825181531877,0.0001562993861362,0.0001781734810485,6062.75527248542,1.0494268640278135,0.060464156311482053,4.162726935013515,1.8868247757990912,0.15605051053151836
1732569120.0,0.0001781734810485,0.0001896260140819,0.0001767732216702,0.0001871264819853,3261.88572849935,0.5957833680206461,0.05024878497133328,-0.43227738068952676,2.0009100439753844,0.07213639390141009
1732569180.0,0.0001871264819853,0.0001955588563594,0.0001833225194988,0.0001879807041031,2080.71227356668,0.3902450629985972,0.0045649451041733895,-0.34498832302906157,2.1014533425220847,0.06539072786908512
1732569240.0,0.0001879807041031,0.0002113610897885,0.0001879807041031,0.0002007736200865,3399.79676708547,0.6608428472851494,0.06805441039514146,0.693404760094364,2.1110463616696795,0.1243765193717798
1732569300.0,0.0002007736200865,0.0002024566092226,0.0001984814362467,0.0001985743750991,742.55286329185,0.14826849863746364,-0.010953854328335056,-0.7756372801089172,2.2547123771299185,0.019799279278758596
1732569360.0,0.0001985743750991,0.0001997795496097,0.0001941143836173,0.0001941143836173,804.2097739435,0.15790206893873482,-0.022460055480845516,0.06497381702654556,2.230014586198543,0.02852918957731973
1732569420.0,0.0001941143836173,0.0001941143836173,0.000179756298078,0.000179756298078,1047.95991060294,0.1959007430832334,-0.0739671387134671,0.24064709474605983,2.179928334869429,0.0739671387134671
1732569480.0,0.000179756298078,0.0001828722107342,0.0001792540803847,0.0001823114499168,432.4375004849,0.07828583597453398,0.014214533043461257,-0.6003800968673597,2.0186852733387246,0.02012797542108929
1732569540.0,0.0001823114499168,0.0001874876888915,0.0001810925349402,0.0001874876888915,550.87642453502,0.10185681369142292,0.028392286809535323,0.30108866340210605,2.0473799418609464,0.03507818052140173
1732569600.0,0.0001874876888915,0.0001949269871337,0.0001873582728341,0.0001949269871337,800.45802705888,0.15305344854474617,0.03967886257590568,0.502633383058932,2.1055097403783525,0.04036912687093843
1732569660.0,0.0001949269871337,0.0001976839032617,0.0001942150209737,0.0001976839032617,461.68843260453,0.09063195330506059,0.014143327040237116,-0.40784115505529595,2.189053972019056,0.017795803131255124
1732569720.0,0.0001976839032617,0.0002002571925625,0.0001976839032617,0.0002002571925625,187.52504268795,0.03731196049086135,0.013017191882302099,-0.5883134023905234,2.2200144782540514,0.013017191882302099
1732569780.0,0.0002002571925625,0.0002039521933134,0.0002002111544285,0.0002037295791346,823.28089096557,0.1662972946705464,0.017339634735048313,3.456943363007603,2.248912832698973,0.018681171133128966
1732569840.0,0.0002037295791346,0.0002039866061248,0.0002011685737503,0.0002038097378713,1225.82327164004,0.24978558944705986,0.00039345654686231523,0.5020424111042403,2.287908159768936,0.01383222007560415
1732569900.0,0.0002038097378713,0.000209155420876,0.0002029188755975,0.0002065606212924,1035.87820531788,0.21254685558307368,0.013497311020718198,-0.14908279515411615,2.288808352213017,0.030599839554468152
1732569960.0,0.0002065606212924,0.0002110494632431,0.0002058729059757,0.0002110494632431,690.68199220356,0.1442178825756381,0.02173135383992565,-0.32147722355144076,2.3197011104096537,0.0250607169702122
1732570020.0,0.0002110494632431,0.0002172201449211,0.0002092598915834,0.0002161767172268,1301.71084861086,0.278062476964125,0.02429408682169496,0.9280721086602368,2.3701113560428344,0.03771747729360913
1732570080.0,0.0002161767172268,0.0002201402972249,0.000215566485633,0.0002174881341822,1125.053807465,0.24394814612071947,0.0060664116479487865,-0.12268584821607158,2.427691047103624,0.021157743768962088
1732570140.0,0.0002174881341822,0.0002180309705146,0.0002137298544555,0.0002137918541084,411.86332438402,0.08881420485883387,-0.016995318331727623,-0.635929986469815,2.4424184203493944,0.019776325155728997
1732570200.0,0.0002137918541084,0.0002137918541084,0.0002071893048974,0.0002086195811676,676.95294066757,0.14297633164084855,-0.02419303093829521,0.6098363079205957,2.400908741796281,0.03088307194179755
1732570260.0,0.0002086195811676,0.0002124775446158,0.0002080294741083,0.0002124775446158,385.57033843851,0.08118128065189469,0.01849281561494752,-0.43220475920574625,2.34282348232598,0.02132144299497243
1732570320.0,0.0002124775446158,0.0002128186446134,0.0002124775446158,0.0002128186446134,9.91000593537,0.002107343879775807,0.001605346100063262,-0.9740415048536608,2.3861488850030037,0.001605346100063262
1732570380.0,0.0002128186446134,0.0002164268637266,0.0002128186446134,0.0002164268637266,301.45818300825,0.0646997855043145,0.016954431411564542,29.70205395770418,2.3899794798097136,0.016954431411564542
1732570440.0,0.0002164268637266,0.0002309603114178,0.0002153313328896,0.000227207576232,2723.88677792404,0.6042049926174834,0.049812265999560255,8.338593442124965,2.430500222975194,0.0722136719032403
1732570500.0,0.000227207576232,0.0002301915274604,0.0002271582820556,0.0002277817675366,892.00798003412,0.20292706273603936,0.0025271661892723105,-0.6641420292524617,2.551568946594025,0.013350106783863442
1732570560.0,0.0002277817675366,0.0002454663184017,0.0002244963385022,0.0002440987060374,2509.14994355058,0.5920094318154115,0.07163408501594924,1.9173508147874656,2.5580171853654545,0.09206171383374884
1732570620.0,0.0002440987060374,0.0002440987060374,0.0002358343930754,0.0002358343930754,1253.68134822142,0.3008415873759097,-0.03385643904533344,-0.49182973917599326,2.741258405894183,0.03385643904533344
1732570680.0,0.0002358343930754,0.0002463909955045,0.0002358343930754,0.0002430139581143,1265.25590582044,0.302932852167574,0.03044324852399522,0.006951381987794059,2.6484491577675184,0.04476277735166843
1732570740.0,0.0002430139581143,0.0002430139581143,0.0002362563758484,0.000237276261119,1333.96117116283,0.3203442516732526,-0.023610565581592198,0.05747610198463092,2.729076553680601,0.027807383239779222
1732570800.0,0.000237276261119,0.0002459410555987,0.0002358048970504,0.0002411750293515,2784.91751971143,0.6662236905799189,0.016431345529946094,1.0797117073274638,2.6646415127327394,0.0427188059205657
1732570860.0,0.0002411750293515,0.0002414222288049,0.0002365551902898,0.0002390922912484,526.13835169239,0.126343528216076,-0.008635794960615588,-0.8103586978330065,2.7084251581418894,0.02018052419517504
1732570920.0,0.0002390922912484,0.0002497241461618,0.0002386046798841,0.0002497241461618,873.91182707158,0.21359123295988428,0.04446757717652319,0.6905593501757761,2.6850357538100034,0.04650700455309807
1732570980.0,0.0002497241461618,0.0002661027956254,0.0002497241461618,0.0002578828553912,2884.83424535706,0.7321810306315544,0.03267088647532649,2.4279545114525805,2.8044327884142737,0.06558696752130651
1732571040.0,0.0002578828553912,0.0003044136026816,0.0002520538270851,0.0002601077598179,7469.37303790947,1.9345325675664953,0.008627577910617095,1.6421506248227073,2.89605609367224,0.20303705539894049
1732571100.0,0.0002601077598179,0.0002601077598179,0.0002510617397066,0.0002510617397066,670.95112628605,0.1714848757145199,-0.03477797093648045,-0.9113559117124423,2.9210420432539146,0.03477797093648045
1732571160.0,0.0002510617397066,0.0002522894365535,0.0002455330084768,0.0002457840904717,601.84293749487,0.1495115769582927,-0.0210213202579879,-0.1281354910435794,2.8194541279693923,0.026911420611502892
1732571220.0,0.0002457840904717,0.0002457840904717,0.0002405996559189,0.0002417915062072,553.84963365825,0.13502178280065572,-0.0162442746267163,-0.09691419522435388,2.7601854797926415,0.021093450527453574
1732571280.0,0.0002417915062072,0.0002481199173724,0.0002417915062072,0.0002472608856465,413.69595121234,0.10115949722029323,0.022620229821526817,-0.2507912788439203,2.7153482688382153,0.02617300857449032
1732571340.0,0.0002472608856465,0.0002504274398485,0.0002472608856465,0.0002490342354571,512.841626378,0.12726039853511836,0.0071719787218400615,0.25801730961538555,2.7767700707248206,0.01280653101973893
1732571400.0,0.0002490342354571,0.0002528142761829,0.0002466155209478,0.0002496918374849,1058.77706242431,0.26401986323197146,0.0026406089371325825,1.0746427503848608,2.7966850065875013,0.02489117700513041
1732571460.0,0.0002496918374849,0.000263748759302,0.0002496918374849,0.0002599716138405,2384.77903928131,0.6077173579042922,0.041169853444735116,1.3017865037311354,2.804069958010241,0.0562970818697669
1732571520.0,0.0002599716138405,0.000268844975952,0.0002489373711856,0.0002590204765267,2753.60654452376,0.7145500082955942,-0.0036586198767975513,0.17579331740615986,2.919513107230307,0.07657607102679247
1732571580.0,0.0002590204765267,0.0002700133543937,0.0002590204765267,0.0002686377647624,1664.78776370362,0.43921949175773295,0.03712945155789128,-0.38532015022238003,2.9088317185456236,0.042440188568901964
1732571640.0,0.0002686377647624,0.0002924331338141,0.000267715357233,0.0002861094861703,5777.51896368507,1.602531381157917,0.06503821762868317,2.6485889429557687,3.016835044929421,0.0920115479778576
1732571700.0,0.0002861094861703,0.0002994566042978,0.0002659904097199,0.0002844880486454,5967.14643601469,1.702419523137136,-0.005667192467483787,0.06233147328886899,3.2130446191313786,0.11696988808675851
1732571760.0,0.0002844880486454,0.0002888250509629,0.0002768061232128,0.0002770464780087,2973.18378883308,0.8347726757590135,-0.02615776188888538,-0.5096551323490845,3.194835676868148,0.042247566487691075
1732571820.0,0.0002770464780087,0.0002964968387885,0.0002751903002795,0.0002926620554125,2988.31585035089,0.8512345202513657,0.05636446821500348,0.01972015252821297,3.111265925958515,0.076906007476229
1732571880.0,0.0002926620554125,0.0002978934310598,0.0002841659792233,0.0002964987205625,3316.02359290086,0.976835516572439,0.013109540779354839,0.14755157754173778,3.2866307753506274,0.046905471968860156
1732571940.0,0.0002964987205625,0.0003038848443269,0.0002915267343852,0.000297725505888,4964.90486932787,1.4751333776883373,0.004137573758067544,0.5101143976258627,3.329716995526769,0.04168014593201241
1732572000.0,0.000297725505888,0.0003007966257301,0.0002645133241139,0.0002668746253963,2937.41425679942,0.8292322375126635,-0.10362189292342867,-0.43785948439988337,3.343493945189252,0.12186830116546757
1732572060.0,0.0002668746253963,0.0002949816531698,0.0002655755541209,0.0002949816531698,2424.33345320695,0.6810634860110796,0.10531922145749899,-0.1786818514750775,2.9970347736107192,0.11018694267104996
1732572120.0,0.0002949816531698,0.0003027186346709,0.0002904162894013,0.0002916246996025,1785.46563913936,0.5236827432879018,-0.01138021138340991,-0.23108086978049727,3.312680142648452,0.041705459093479225
1732572180.0,0.0002916246996025,0.0002934835102558,0.0002823075979244,0.0002823075979244,964.45090902512,0.27676476303434716,-0.031948945651036,-0.47150299187500255,3.274981142379488,0.03832292788173752
1732572240.0,0.0002823075979244,0.0002827775212895,0.0002791926097967,0.0002791926097967,336.01090761208,0.09433509721036915,-0.011034021580014982,-0.65915062244155,3.170348947853438,0.012698600813995918
1732572300.0,0.0002791926097967,0.0002904098374798,0.0002708978214534,0.0002793016949332,3014.07917592548,0.8416730268796855,0.00039071641824410503,7.922162077203756,3.135367249146645,0.06988729408206072
1732572360.0,0.0002793016949332,0.0002793016949332,0.0002695955677205,0.0002695955677205,808.87489206234,0.22199460704116275,-0.03475140820402615,-0.7362460243449193,3.136592288608112,0.03475140820402615
1732572420.0,0.0002695955677205,0.0002905320669427,0.0002695955677205,0.0002895043194729,1511.69927990445,0.42259544843246094,0.07384673242491953,0.903629345167391,3.0275912896170905,0.07765891479308627
1732572480.0,0.0002895043194729,0.0002969848186565,0.0002789608027057,0.000287536319777,3749.4935449379,1.0818050760171698,-0.0067978249840387845,1.5599070695861115,3.251169013473461,0.0622581935344394
1732572540.0,0.000287536319777,0.000287536319777,0.0002736209607749,0.0002736209607749,1070.17792304456,0.30026906650118285,-0.04839513496205319,-0.7224369961299597,3.2290681355263384,0.04839513496205319
1732572600.0,0.0002736209607749,0.0002736209607749,0.0002478380274784,0.0002478380274784,1624.00792704768,0.42342676527681106,-0.09422864835896423,0.4101577968409978,3.072796947305876,0.09422864835896423
1732572660.0,0.0002478380274784,0.0002521166166149,0.0002352302419888,0.0002521166166149,4370.7416586472,1.0925862951863603,0.01726365069974149,1.5803430127334837,2.7832514442796916,0.06813472007467351
1732572720.0,0.0002521166166149,0.000272457820745,0.0002291202546121,0.0002651612635215,5844.20036223733,1.5115377872352536,0.05174052817996232,0.38344933841352413,2.831300525023287,0.17189492194041592
1732572780.0,0.0002651612635215,0.0002715332781121,0.0002651502785437,0.0002715332781121,539.31529393569,0.1447237872374027,0.024030714388579313,-0.9042539402854649,2.9777935096241968,0.02407214192461574
1732572840.0,0.0002715332781121,0.0002734394327241,0.000258626771641,0.000258626771641,1776.75823056763,0.4709831159584823,-0.047531951003705976,2.254358699070587,3.049352014962141,0.0545519178573196
1732572900.0,0.000258626771641,0.0002621516710816,0.0002569950934222,0.0002621516710816,950.33352333144,0.24745660617381446,0.013629290650130013,-0.4745955899709406,2.9044103643939083,0.019938298060487906
1732572960.0,0.0002621516710816,0.0002847387225872,0.0002594132263074,0.0002826934879117,1850.62021967359,0.5041507339121365,0.07835851949883617,1.037329864445078,2.943995417417483,0.09660627443384458
1732573020.0,0.0002826934879117,0.0002857118103826,0.0002767609360187,0.0002818961783536,1566.65431484947,0.4422584183869772,-0.002820402988373871,-0.12276549722517291,3.1746825397376752,0.03166282474358172
1732573080.0,0.0002818961783536,0.0002858765055938,0.0002799510430804,0.0002846758787859,1122.14079569301,0.317886809507972,0.00986072407414193,-0.2812193136596888,3.1657286556154607,0.021020017185076362
1732573140.0,0.0002846758787859,0.0002846758787859,0.0002789528616695,0.0002799628633451,286.04186563233,0.08075515960372166,-0.016555724569641463,-0.7459625338694764,3.196945032382089,0.020103625009634852
1732573200.0,0.0002799628633451,0.0002799628633451,0.0002688383288498,0.0002689277688402,797.21804451789,0.21879275822247665,-0.03941627962026304,1.7093347260549951,3.1440172909616875,0.039735750529123405
1732573260.0,0.0002689277688402,0.0002689277688402,0.0002199571352016,0.0002538531934742,7002.26104923748,1.8303243848485051,-0.05605436519631973,7.365562003598688,3.0200918262902,0.18209586109234757
1732573320.0,0.0002538531934742,0.0002574882899201,0.0002237722340909,0.000225930541306,5809.90339508493,1.3937485748030058,-0.10999527634872112,-0.23852373582491193,2.850802496132909,0.13281714272634002
1732573380.0,0.000225930541306,0.0002461912852186,0.0002125481333935,0.0002461912852186,7462.82775472119,1.7616819352987239,0.0896768705792585,0.26398833128688376,2.5372276877551454,0.14890926932952253
1732573440.0,0.0002461912852186,0.0002497346677495,0.0002391492239779,0.0002497346677495,1060.87626168482,0.2630580355286399,0.014392802441214601,-0.8506779060068901,2.764758326740075,0.04299682566830461
1732573500.0,0.0002497346677495,0.0002927793781893,0.000248109050699,0.0002583034907867,7150.25495591401,1.8163011804334455,0.03431170815977814,5.904564526164036,2.804550947134548,0.17887115110148505
1732573560.0,0.0002583034907867,0.0002662770086958,0.0002583034907867,0.0002662770086958,317.52177234896,0.08328286496769305,0.030868796564907024,-0.954146996178344,2.900779880751858,0.030868796564907024
1732573620.0,0.0002662770086958,0.0002662770086958,0.0001796686076928,0.0001871783646657,7706.97180119936,1.7473838877997039,-0.297053975547937,19.9813133647305,2.9903234647703623,0.3252567746167792
1732573680.0,0.0001871783646657,0.0002227479396868,0.0001808049665466,0.0002098183264707,5297.1354492925,1.0514726229352251,0.12095394596183637,-0.39825894568638054,2.1020359913860447,0.22408024140562405
1732573740.0,0.0002098183264707,0.0002156754419636,0.0001843772517993,0.0001858005112588,3622.49444571482,0.7165635211476331,-0.11446957763841455,-0.3185143335949925,2.3562855390979878,0.14916804785720478
1732573800.0,0.0001858005112588,0.0001956947614802,0.0001655981754448,0.0001657902589264,5826.17315190294,1.0242143528549443,-0.10769750953229543,0.4293420229020089,2.086562528641937,0.16198333272333523
1732573860.0,0.0001657902589264,0.0001659830172041,0.0001564699357284,0.0001564699357284,1902.03234576632,0.30647465699319004,-0.05621755619633618,-0.7007709800796017,1.8618449408237916,0.05738021966612151
1732573920.0,0.0001564699357284,0.0001774378613333,0.0001562507608574,0.0001768200406898,4509.55534428749,0.7514947971770726,0.1300576041439913,1.4520617937873115,1.757176568234166,0.13540684590473975
1732573980.0,0.0001768200406898,0.0001860435337834,0.0001768200406898,0.0001848375815274,2005.35913231127,0.36262670774162065,0.04534294193306614,-0.5174594566671684,1.9857107427566623,0.05216316576796291
1732574040.0,0.0001848375815274,0.0001851298086916,0.0001783678197138,0.0001818146626258,2591.91663511289,0.475166025461076,-0.01635446036796307,0.31034481276994647,2.0757487096613434,0.03658340972610928
1732574100.0,0.0001818146626258,0.0001818146626258,0.0001672267428874,0.0001672267428874,1222.83634681564,0.2134102586025789,-0.08023511155656331,-0.5508722274588196,2.0418009596553364,0.08023511155656331
1732574160.0,0.0001672267428874,0.000189044435724,0.0001645675657592,0.0001873988420148,3060.02797905567,0.5425821059448571,0.12062723209877156,1.542436851432129,1.8779768318810923,0.14636935182838057
1732574220.0,0.0001873988420148,0.0001924533413159,0.0001865741768965,0.0001896791116242,894.02453747225,0.16855847154654474,0.012168002666846343,-0.6893401575545592,2.1045119790565288,0.03137246930765819
1732574280.0,0.0001896791116242,0.0002076769459607,0.0001896791116242,0.0002025979848397,2653.08046343424,0.520371350440541,0.06810909807029984,2.08718598161261,2.1301196864300986,0.09488569501610718
1732574340.0,0.0002025979848397,0.0002085400574494,0.0002025979848397,0.0002085400574494,1608.70892681408,0.33070071939166995,0.029329376668783297,-0.3644909176654284,2.2752002170546426,0.029329376668783297
1732574400.0,0.0002085400574494,0.0002103638940064,0.0002069724831262,0.0002069724831262,638.09438090427,0.13256810866827393,-0.007516897915789452,-0.5991296634850526,2.3419304212175356,0.016262635206297917
1732574460.0,0.0002069724831262,0.0002169556239997,0.0002069724831262,0.0002169556239997,951.27250227877,0.2016355756259787,0.04823414553814305,0.5209960951508538,2.3243263693153615,0.04823414553814305
1732574520.0,0.0002169556239997,0.0002175978043913,0.0002037094567233,0.0002037094567233,1457.2433921114,0.3065057045878002,-0.061054731065272184,0.5200973520483755,2.4364382656910624,0.06401469301399264
1732574580.0,0.0002037094567233,0.0002212829932079,0.0002018883730129,0.0002212829932079,1967.47870222025,0.41808179692202097,0.08626765181780578,0.364026152414593,2.2876821826221563,0.09520726483181319
1732574640.0,0.0002212829932079,0.0002268940427899,0.0002207009983549,0.0002268940427899,440.83583693229,0.09878624937896162,0.025356894809933615,-0.7637154975264641,2.4850351526224026,0.027986987816915037
1732574700.0,0.0002268940427899,0.0002289271681796,0.0002170556118825,0.000218288426449,1087.31400919527,0.24202656772579917,-0.0379279078246609,1.4500025990190417,2.548047927586436,0.05232202728254459
1732574760.0,0.000218288426449,0.00022041181481,0.0002085163359854,0.0002111375306136,1487.56167709902,0.31939879843894653,-0.032758932535851555,0.31968486534422624,2.4514058006561195,0.054494317532584394
1732574820.0,0.0002111375306136,0.0002111375306136,0.0002066986996258,0.0002066986996258,193.77802294424,0.040483739305132604,-0.021023410546197243,-0.8732501828341376,2.3711003634144308,0.021023410546197243
1732574880.0,0.0002066986996258,0.0002066986996258,0.0001877900516103,0.0001877900516103,1453.33972099154,0.2866630858278873,-0.09147927901690502,6.0809438739653086,2.3212517470281315,0.09147927901690502
1732574940.0,0.0001877900516103,0.0001898141141752,0.0001817011673686,0.0001817011673686,805.48641542998,0.14881007875408397,-0.03242389141217977,-0.48088858973830473,2.1089053107932667,0.04320221831258618
1732575000.0,0.0001817011673686,0.0001851808937566,0.0001762989128817,0.0001837461915855,3007.06726737056,0.5494623955289468,0.011254876600497824,2.6923735282538264,2.0405263939975367,0.04888235449187817
1732575060.0,0.0001837461915855,0.0001855692483069,0.000181918531647,0.000181918531647,256.74348730438,0.04694101811345149,-0.009946654799914849,-0.9145691889100742,2.063492266762038,0.019868257558966936
1732575120.0,0.000181918531647,0.0001936060529354,0.000181918531647,0.0001936060529354,1289.42949226497,0.24210623721554886,0.06424590822379098,4.15766906952047,2.042967421502262,0.06424590822379098
1732575180.0,0.0001936060529354,0.0001997960259011,0.0001936060529354,0.0001973752546655,747.0970726893,0.14605049519243357,0.019468408517979867,-0.3967503816830468,2.174219718968291,0.031972001246083986
1732575240.0,0.0001973752546655,0.000199498215049,0.0001963973176558,0.0001973988225219,541.54543972523,0.10689405061128622,0.0001194063381448482,-0.26810210078066155,2.2165483166650133,0.015710669498338173
1732575300.0,0.0001973988225219,0.0002031335862848,0.0001973988225219,0.0002025610613331,544.8614654216,0.10896136421354412,0.026151315115505735,0.01933983781544175,2.2168129865828274,0.029051661451849724
1732575360.0,0.0002025610613331,0.0002025610613331,0.0001982145494122,0.0002005359205469,1312.36612682142,0.26450541242162984,-0.009997680565416176,1.427515609140577,2.2747855615471004,0.021457786073466566
1732575420.0,0.0002005359205469,0.0002020695634307,0.0001930729116732,0.0001930729116732,936.43392107686,0.18429433106317608,-0.03721532208966317,-0.30324930073867373,2.2520429821479313,0.04486304365304923
1732575480.0,0.0001930729116732,0.0001930729116732,0.0001862159247377,0.0001862159247377,331.75441575054,0.06291537316210014,-0.03551501283155821,-0.65861471267647,2.1682324772075305,0.03551501283155821
1732575540.0,0.0001862159247377,0.0001931972787771,0.0001861132313575,0.0001920219250839,619.44651015912,0.11714905804103973,0.031178860531816587,0.8620100645228257,2.091227672957704,0.038042113903944755
1732575600.0,0.0001920219250839,0.000196870658821,0.0001920219250839,0.0001957980898719,562.12124302106,0.10900093443770019,0.019665279297403526,-0.06955347093345883,2.1564297689131275,0.02525093806335629
1732575660.0,0.0001957980898719,0.0001957980898719,0.0001952329764267,0.0001952329764267,29.79158244926,0.005824717125928398,-0.0028862050981687958,-0.9465626863111203,2.1988365626040394,0.0028862050981687958
1732575720.0,0.0001952329764267,0.0001952329764267,0.0001949691148685,0.0001949691148685,18.83354496761,0.0036744443164318055,-0.0013515214644032598,-0.36916347403803956,2.1924902693070116,0.0013515214644032598
1732575780.0,0.0001949691148685,0.0002032475297446,0.0001905756015942,0.0002032475297446,1833.90858798792,0.3651464622178488,0.04246013468175986,98.37460763385216,2.1895270716475483,0.0649945411043528
1732575840.0,0.0002032475297446,0.0002060800149393,0.0002032475297446,0.0002060800149393,217.17853939553,0.04444857914440397,0.013936135894292415,-0.8782719162211527,2.2824946859990622,0.013936135894292415
1732575900.0,0.0002060800149393,0.0002060800149393,0.0002048617251455,0.0002054301223684,93.66054056937,0.019271130955007425,-0.003153593380180152,-0.5664398879343336,2.3143038421211455,0.005911731878313592
1732575960.0,0.0002054301223684,0.0002057003952429,0.0002054301223684,0.0002057003952429,13.4224496936,0.0027591893450707016,0.0013156438373498438,-0.8568226560489562,2.3070054688449066,0.0013156438373498438
1732576020.0,0.0002057003952429,0.0002108596126976,0.0002057003952429,0.0002108596126976,635.5291672026,0.1323680174681672,0.025081222856221375,46.97351718708359,2.310040666372725,0.025081222856221375
1732576080.0,0.0002108596126976,0.0002148958229892,0.0002076955117163,0.0002121156887802,1274.28831730688,0.269496242591258,0.005956930616207588,1.035961916979442,2.3679793111329532,0.03414741770974497
1732576140.0,0.0002121156887802,0.0002121156887802,0.0002094025885685,0.0002106561807145,290.75250256302,0.06146098953441526,-0.006880717188309415,-0.7719412005768389,2.3820851995899877,0.012790662620488115
1732576200.0,0.0002106561807145,0.0002106561807145,0.0002063660801743,0.0002063660801743,373.06005480503,0.07778717375104663,-0.020365414988769433,0.2656349066343859,2.365694745013151,0.020365414988769433
1732576260.0,0.0002063660801743,0.0002063660801743,0.0002030898008432,0.0002058649424,684.59430715554,0.14110550564363633,-0.002428392175093553,0.8139945037113236,2.3175163897942075,0.01587605544638345
1732576320.0,0.0002058649424,0.000208604365404,0.0002058649424,0.0002077429640866,47.37353861085,0.00979703506384789,0.009122591076974083,-0.9305694344160432,2.31188855112758,0.013306894180541257
1732576380.0,0.0002077429640866,0.0002090883274936,0.0002076893201876,0.0002083255895529,73.72094400444,0.015336483272432961,0.00280454969371242,0.5654208821836547,2.3329789649950547,0.006734318594861235
1732576440.0,0.0002083255895529,0.0002092852524475,0.000207031182377,0.000207031182377,34.75676893456,0.007218229673686135,-0.006213385396762864,-0.5293425783823096,2.3395219204367694,0.01081993851709527
1732576500.0,0.000207031182377,0.0002080450835579,0.0002001193690036,0.0002001193690036,557.56681932114,0.11350681895906475,-0.033385373613979176,14.725021797637009,2.324985569100921,0.03828270921946165
1732576560.0,0.0002001193690036,0.0002001193690036,0.0001869122470046,0.0001916169895706,2051.10069056162,0.401745357794818,-0.042486539285695214,2.5393940335840437,2.2473650572293766,0.06599622047959984
1732576620.0,0.0001916169895706,0.0001918093034441,0.0001905663031207,0.0001905663031207,93.73067885402,0.017911149735310085,-0.005483263526133563,-0.9554166603601234,2.151882293436102,0.006486900384905716
1732576680.0,0.0001905663031207,0.0001916024348761,0.0001900636143802,0.0001916024348761,118.93647335406,0.022726900961755572,0.005437119461480697,0.2688689055483526,2.140082955743971,0.008074987396514391
1732576740.0,0.0001916024348761,0.0001916024348761,0.0001901149038913,0.0001901149038913,128.89239434176,0.024600230877747455,-0.00776363299225257,0.08242786463250266,2.15171884243183,0.00776363299225257
1732576800.0,0.0001901149038913,0.0001906533499351,0.0001879581611424,0.0001879581611424,409.12334513604,0.07733925853621146,-0.011344417006533752,2.1438427923930568,2.1350136870366745,0.01417663075084855
1732576860.0,0.0001879581611424,0.0001879581611424,0.0001412583186004,0.0001433807421624,4557.25909961382,0.7549986160709317,-0.23716671151207663,8.762165171488286,2.1107932014562736,0.24845871154602045
1732576920.0,0.0001433807421624,0.0001473521076227,0.0001390101961211,0.0001390101961211,2421.40622193419,0.3418915874887504,-0.030482099446449414,-0.547162630220464,1.610183319184841,0.058180138948866325
1732576980.0,0.0001390101961211,0.0001523823833607,0.0001390101961211,0.0001523823833607,1151.89065113263,0.16782619405725363,0.09619572961360821,-0.5091245289480082,1.5611015511224344,0.09619572961360821
1732577040.0,0.0001523823833607,0.0001629136389233,0.0001507407133648,0.0001626237838635,1901.58408703588,0.29950535745585105,0.06720855965717426,0.7846162760127617,1.7112728538335926,0.07988407380192906
1732577100.0,0.0001626237838635,0.000163079445583,0.0001618075466822,0.000163079445583,195.06117666993,0.03176602759051524,0.0028019377527365146,-0.8939383660434264,1.8262850375201705,0.007821112450978123
1732577160.0,0.000163079445583,0.0001645112724436,0.0001522154912502,0.0001595608156013,2509.71711163555,0.4048678921984004,-0.021576170860288863,11.745310726837202,1.831402174514056,0.07539749199810726
1732577220.0,0.0001595608156013,0.0001673408262929,0.0001595608156013,0.000166776559338,57.45184778695,0.009374342596102746,0.04522252978908193,-0.9768459223940905,1.7918875282828362,0.048758905263057574
1732577280.0,0.000166776559338,0.0001674029717412,0.0001650238747636,0.0001650238747636,296.766895251,0.04923369233563293,-0.010509178156433279,4.251962132907448,1.8729212154092911,0.014265176035790285
1732577340.0,0.0001650238747636,0.000165574252969,0.0001640375695737,0.000165574252969,192.0437674246,0.03174465497664382,0.003335142906978981,-0.35522497966969263,1.8532383526835914,0.009311885310542785
1732577400.0,0.000165574252969,0.0001662396156747,0.000165574252969,0.0001662396156747,46.68951386723,0.007746114110689631,0.004018515522606985,-0.7559868230923018,1.8594191674304854,0.004018515522606985
1732577460.0,0.0001662396156747,0.0001662396156747,0.000163632929339,0.0001637448790131,225.07008611574,0.03713481931812105,-0.015006872167472537,3.7939933220032263,1.866891272217838,0.015680295729273055
1732577520.0,0.0001637448790131,0.0001672443945155,0.000161373321108,0.0001670712195296,1485.42788272304,0.2457017284144897,0.020314165160755304,5.616478359828512,1.8388750735450945,0.035855004705400935
1732577580.0,0.0001670712195296,0.0001708213375707,0.0001670712195296,0.0001694728165364,158.52337071051,0.026675047494850886,0.014374690108576775,-0.8914332118581964,1.8762302854990858,0.022446224141169813
1732577640.0,0.0001694728165364,0.0001702645177149,0.0001663946587639,0.0001663946587639,447.79339407003,0.07519961836122664,-0.0181631357489056,1.8190996989130948,1.9032005144254616,0.022834688359409022
1732577700.0,0.0001663946587639,0.0001955891892634,0.0001663946587639,0.0001752816071869,4475.72222992784,0.7646240294773661,0.05340885632398706,9.167924334461924,1.868632425124565,0.17545353147978496
1732577760.0,0.0001752816071869,0.0001756169678382,0.0001747339839531,0.0001756048492581,11.63941828179,0.0020420571179892216,0.0018441300053538892,-0.9973293317509456,1.9684339458403863,0.005037515910944897
1732577820.0,0.0001756048492581,0.0001772453742665,0.0001746405428007,0.0001772453742665,176.58560550978,0.03115413518767636,0.0093421395555472,14.256250627481615,1.9720639939434677,0.014833482542224606
1732577880.0,0.0001772453742665,0.0001772453742665,0.0001753496915534,0.0001753496915534,214.588975545,0.037831506978257094,-0.010695245057564737,0.2143334023029502,1.9904872909873574,0.010695245057564737
1732577940.0,0.0001753496915534,0.0001753496915534,0.0001736306107355,0.0001742394105147,78.69580976544,0.013755598736211095,-0.006331810617196846,-0.6363983400366037,1.9691985416262794,0.009803728781447573
1732578000.0,0.0001742394105147,0.0001749240236373,0.0001702195779414,0.0001702195779414,653.99879693118,0.11263788202121032,-0.02307074249979092,7.188511760283857,1.9567299493930417,0.02699989446706212
1732578060.0,0.0001702195779414,0.0001702195779414,0.0001596452590364,0.0001633164159514,1168.08965346354,0.19479997176192906,-0.04055445368555954,0.7294356771130265,1.9115867365889658,0.062121637433740565
1732578120.0,0.0001633164159514,0.0001675201041931,0.0001633164159514,0.0001669603392344,1241.1339654267,0.20495884942600764,0.022312045373836548,0.05215030357650181,1.8340633808140387,0.025739532778817173
1732578180.0,0.0001669603392344,0.00016821160584,0.0001669603392344,0.0001674153988869,29.7631211508,0.004976032801796213,0.0027255553899008245,-0.9757217957861702,1.8749850861852537,0.007494394245589761
1732578240.0,0.0001674153988869,0.0001874995449467,0.0001672978849207,0.0001852838713172,1971.66792315268,0.3477029187903919,0.10673135535382466,68.8755278833533,1.8800954618928896,0.12066787261097488
1732578300.0,0.0001852838713172,0.0001852838713172,0.0001775561712556,0.0001795772470533,830.68657628528,0.15154261661940446,-0.03079935788976713,-0.5641606428079485,2.0807605987352926,0.04170735427030473
1732578360.0,0.0001795772470533,0.0001802247090338,0.0001754289191816,0.0001767368213795,1052.10568423281,0.18744002838513368,-0.015817291557860665,0.23687997849400136,2.0166745083719184,0.026705999400784795
1732578420.0,0.0001767368213795,0.0001794567846028,0.0001767368213795,0.0001780477159182,384.28778976252,0.06816968284002572,0.007417212375259206,-0.6363120330948882,1.9847761796956942,0.015389906880013116
1732578480.0,0.0001780477159182,0.0001880014657654,0.000165974143611,0.0001872208643166,3862.86932361124,0.7054923967340199,0.051520730558623946,9.34906379701962,1.9994976861378528,0.12371583673962962
1732578540.0,0.0001872208643166,0.0001888282449914,0.0001872208643166,0.0001888282449914,6.12940510151,0.0011524786645053732,0.00858547833686878,-0.9983664194400385,2.102513267677953,0.00858547833686878
1732578600.0,0.0001888282449914,0.0001888282449914,0.00018712604262,0.0001881004230681,60.78896610092,0.011456552012566935,-0.0038544123699988113,8.940793149072238,2.1205643497905813,0.009014553789225421
1732578660.0,0.0001881004230681,0.0001882422853237,0.0001871487704272,0.000187869571157,79.45365078459,0.014936094313322707,-0.0012272801269374337,0.3037163622125564,2.11239082032937,0.005813463248320838
1732578720.0,0.000187869571157,0.0001881824768037,0.0001867197665502,0.0001867197665502,81.83743154318,0.01532771464070906,-0.006120227984334439,0.02621972780642093,2.1097983250552548,0.007785775229548036
1732578780.0,0.0001867197665502,0.0001881881794889,0.0001819576260172,0.0001819576260172,551.59031913635,0.10167944031230478,-0.025504212119501015,5.633698675616856,2.0968858783049495,0.033368472908972414
1732578840.0,0.0001819576260172,0.0002036510790682,0.0001809174262848,0.0001993608063936,2150.8255518434,0.4100747139090095,0.09564413845867013,3.0330150583980364,2.043406456074274,0.12493926899909674
1732578900.0,0.0001993608063936,0.0001999084109713,0.0001970695870974,0.0001999084109713,210.76403187584,0.04207579502786874,0.0027468015785353283,-0.8973948073345366,2.2388463060863826,0.014239628767829526
1732578960.0,0.0001999084109713,0.0001999084109713,0.0001983270998504,0.0001983270998504,115.54873279815,0.02300780431533569,-0.00791017803211414,-0.45318194700548,2.2449959726540385,0.00791017803211414
1732579020.0,0.0001983270998504,0.0001986937149949,0.0001956229021308,0.0001986937149949,442.71068468104,0.08788267838639358,0.0018485378184652465,2.8196899270312374,2.227237654828966,0.015483576709467999
1732579080.0,0.0001986937149949,0.0002119572607315,0.0001986937149949,0.0002119572607315,1547.36855223304,0.3177142028914224,0.06675372563717209,2.6152084657061665,2.231354787864627,0.06675372563717209
1732579140.0,0.0002119572607315,0.0002119572607315,0.0002020510771611,0.0002020510771611,613.7440513363,0.12704757729260607,-0.04673670312690443,-0.600119931257766,2.380306033172933,0.04673670312690443
1732579200.0,0.0002020510771611,0.0002126570694017,0.0001973013416673,0.0002093143113669,2347.25380304633,0.48278948633198965,0.035947515389927104,2.800068420195582,2.2690583767493497,0.07599923717385848
1732579260.0,0.0002093143113669,0.0002113965503893,0.0002093004836822,0.0002093004836822,159.57514111343,0.03340025749606485,-6.606182161988002e-05,-0.9308181755368691,2.35062538766819,0.01001396747987234
1732579320.0,0.0002093004836822,0.0002123081633439,0.0002086220101572,0.0002123081633439,317.23734719545,0.06687500436861141,0.014370151510336923,1.002230203659073,2.350470101073135,0.01761177576778577
1732579380.0,0.0002123081633439,0.0002173704449262,0.0002106901128315,0.0002106901128315,1017.83614566668,0.21527146752300946,-0.007621235504633245,2.2190123881928256,2.3842467125460725,0.03146526251974164
1732579440.0,0.0002106901128315,0.0002125599082808,0.0002073719810769,0.0002073719810769,642.0982391899,0.13421846718531313,-0.01574887264526591,-0.3765152961064518,2.3660758068486114,0.024623496253234425
1732579500.0,0.0002073719810769,0.0002078948169843,0.0002062278523137,0.0002063534355191,247.88650208327,0.05127847317146304,-0.004911683596359627,-0.6179477068482406,2.328812780297508,0.008038524114701162
1732579560.0,0.0002063534355191,0.0002545576570721,0.0001795761118327,0.0002050840829593,10889.5251204264,2.240179596478219,-0.006151351716567366,42.68655027983362,2.317374388765528,0.3633646566182792
1732579620.0,0.0002050840829593,0.0002071300984336,0.0002042395224648,0.0002071300984336,256.38170903284,0.0528420881565424,0.009976471332034281,-0.976411673314222,2.303119403841266,0.014094589531717432
1732579680.0,0.0002071300984336,0.0002071300984336,0.0002071300984336,0.0002071300984336,0.0,0.0,0.0,-1.0,2.32609640854794,0.0
1732579740.0,0.0002071300984336,0.0002071300984336,0.0002067250004663,0.0002067250004663,119.90050027048,0.024810716698793492,-0.001955765822367238,0.0,2.32609640854794,0.001955765822367238
1732579800.0,0.0002067250004663,0.0002067250004663,0.0002059204142832,0.0002059204142832,41.18408285664,0.008497211475727994,-0.003892060376273462,-0.6575184998125748,2.3215471086925707,0.003892060376273462
1732579860.0,0.0002059204142832,0.0002059204142832,0.0002025313066266,0.0002025313066266,265.75561306586,0.05427416874909473,-0.01645833740378462,5.387291749078755,2.312511507179176,0.01645833740378462
1732579920.0,0.0002025313066266,0.0002082816691827,0.0002018836527304,0.0002082816691827,908.20459059974,0.18655111525397308,0.028392462636414758,2.437198939266752,2.274451412543887,0.031590259100514224
1732579980.0,0.0002082816691827,0.0002098967974728,0.0002082816691827,0.0002098967974728,174.168495,0.03641675708939806,0.007754538824457258,-0.8047893895470963,2.33902868929288,0.007754538824457258
1732580040.0,0.0002098967974728,0.0002098967974728,0.0002027178937302,0.0002062179461062,1348.18219813788,0.28049924483795824,-0.01752695329749727,6.702477300473837,2.357166778075521,0.03420206420029016
1732580100.0,0.0002062179461062,0.000207909473904,0.0002062179461062,0.000207909473904,138.3904158468,0.02865563293438699,0.008202621690979675,-0.8978406057708245,2.3158528260417794,0.008202621690979675
1732580160.0,0.000207909473904,0.0002130723900629,0.0002072731810458,0.0002092035338266,886.36378715701,0.18485693260227293,0.006224150820551548,5.450980616116251,2.334848890665786,0.027892952197924988
1732580220.0,0.0002092035338266,0.0002092035338266,0.000205610016707,0.0002067860638697,190.16715878948,0.039553779939942094,-0.01155558853467428,-0.7860303133718896,2.3493813423044876,0.01717713393206128
1732580280.0,0.0002067860638697,0.0002067860638697,0.0002041546733173,0.0002041546733173,151.88366799573,0.031207593246415425,-0.012725183231197297,-0.21100857380001106,2.322232858201776,0.012725183231197297
1732580340.0,0.0002041546733173,0.0002070842795948,0.0002041546733173,0.0002051647001273,229.84227687804,0.047039448381399805,0.0049473607122879236,0.5073077891645125,2.2926820195756514,0.014349934928732894
1732580400.0,0.0002051647001273,0.0002051647001273,0.0002050689512554,0.0002050689512554,45.42414849468,0.009317257148961276,-0.0004666927197543202,-0.8019267344842955,2.304024744525069,0.0004666927197543202
1732580460.0,0.0002050689512554,0.0002073005034634,0.0002039250131323,0.0002073005034634,416.58308110997,0.08589306900119799,0.01088196040570154,8.218707568973095,2.302949472950665,0.016460270121028985
1732580520.0,0.0002073005034634,0.0002073830175631,0.0002060538673784,0.000207334953034,69.59962178946,0.014429235476359568,0.00016618179900398155,-0.8320093152550142,2.3280100779316455,0.006411707460877854
1732580580.0,0.000207334953034,0.000207334953034,0.0001866702871209,0.0002019907358359,2895.2440668829,0.592548886061667,-0.025775765831550872,40.065854600022405,2.3283969508344957,0.099668028042099
1732580640.0,0.0002019907358359,0.0002023198853969,0.0002000096678195,0.0002000096678195,328.74028608022,0.06607686385102006,-0.009807717211394588,-0.8884870676406209,2.268380736266889,0.01143724521740862
1732580700.0,0.0002000096678195,0.0002001902374789,0.000198413435,0.0001992817445088,247.25929665548,0.04936425688643436,-0.0036394406262246527,-0.25292675818069565,2.246133099477808,0.008883582970116655
1732580760.0,0.0001992817445088,0.0001992817445088,0.0001939116195671,0.0001939116195671,360.40651754355,0.07085472553391414,-0.026947400299694144,0.435344721119169,2.2379584314236607,0.026947400299694144
1732580820.0,0.0001939116195671,0.000195070596178,0.0001936087360589,0.0001941548454686,82.40351552028,0.01598902048723475,0.001254313186816776,-0.7743408027234301,2.1776512697180115,0.007538795882183494
1732580880.0,0.0001941548454686,0.0001944911064279,0.0001941548454686,0.0001944911064279,58.650075,0.01139705711358806,0.0017319215417385678,-0.287194789531529,2.1803827264219073,0.0017319215417385678
1732580940.0,0.0001944911064279,0.0001983815974123,0.0001944911064279,0.0001983815974123,302.92411707875,0.05950530846756691,0.020003439004766217,4.221111719851095,2.184158978235032,0.020003439004766217
1732581000.0,0.0001983815974123,0.0001983815974123,0.0001983815974123,0.0001983815974123,0.0,0.0,0.0,-1.0,2.227849669132869,0.0
1732581060.0,0.0001983815974123,0.0002014548179071,0.0001983815974123,0.0002014548179071,233.93606266548,0.04676807835505002,0.015491459565238256,0.0,2.227849669132869,0.015491459565238256
1732581120.0,0.0002014548179071,0.000201492390388,0.0002014548179071,0.000201492390388,81.03089451618,0.01632558636547473,0.00018650574501186056,-0.6509245848945193,2.26236231219967,0.00018650574501186056
1732581180.0,0.000201492390388,0.0002043200497831,0.0002005457431381,0.0002043200497831,295.06605432516,0.05987073775867577,0.01403357908283766,2.6672947861333856,2.2627842557681936,0.01873175774892584
1732581240.0,0.0002043200497831,0.0002043200497831,0.0001952599523589,0.0001952599523589,1171.5597141537,0.23406591654550818,-0.04434267431814903,2.9095211669007717,2.2945392175689165,0.04434267431814903
1732581300.0,0.0001952599523589,0.0001952599523589,0.0001846777785748,0.0001847477325705,272.48056508192,0.051772354362517564,-0.05383704984767119,-0.7788129295943361,2.192793212334038,0.054195310693558485
1732581360.0,0.0001847477325705,0.0001847477325705,0.0001688096953017,0.0001688096953017,1181.04109502643,0.20878292588445557,-0.08626919013860172,3.0327106706897493,2.074739694855975,0.08626919013860172
1732581420.0,0.0001688096953017,0.0001688096953017,0.0001522281144923,0.000167137642938,2702.9632671413,0.45402665747790144,-0.009904954574508733,1.1746349973520747,1.8957535816323405,0.09822647200307467
1732581480.0,0.000167137642938,0.0001687435425585,0.0001568519853342,0.0001599506946423,2012.71028645192,0.32916703081316395,-0.043000177394903284,-0.27500505665972863,1.87697622852181,0.07114828841227103
1732581540.0,0.0001599506946423,0.0001634938637492,0.0001599506946423,0.0001634938637492,349.36594459614,0.05650025683346389,0.022151633131845084,-0.8283538400128123,1.7962659177293556,0.022151633131845084
1732581600.0,0.0001634938637492,0.0001642228422372,0.0001632519499066,0.0001632519499066,77.05983945597,0.01258948997161312,-0.0014796508997493892,-0.7771781815307318,1.8360561413461332,0.005938402263765358
1732581660.0,0.0001632519499066,0.0001634928709409,0.0001622494544561,0.0001622494544561,184.32347495016,0.029998774976645014,-0.006140786992581349,1.3828427556864087,1.8333394192246,0.00761654905507332
1732581720.0,0.0001622494544561,0.0001622494544561,0.00016131345174,0.00016131345174,39.17889936627,0.006338419270257432,-0.005768911330011549,-0.7887107298483992,1.822081272366039,0.005768911330011549
1732581780.0,0.00016131345174,0.00016131345174,0.0001584728260373,0.0001584728260373,204.5525151798,0.03270654371966645,-0.017609354161477155,4.160047375398391,1.8115698470696846,0.017609354161477155
1732581840.0,0.0001584728260373,0.0001699341927381,0.0001578652664979,0.0001699341927381,1030.80136975851,0.1692612023959955,0.07232386136726258,4.175147941242679,1.7796692720443816,0.07615770187223969
1732581900.0,0.0001699341927381,0.0001699341927381,0.0001689247062638,0.0001698009890314,35.13910289324,0.005968994754326028,-0.000783854647223932,-0.964735009146625,1.9083818257552965,0.005940455290571254
1732581960.0,0.0001698009890314,0.0001718617481411,0.0001660442443488,0.0001660442443488,1197.95565895765,0.20116384893088163,-0.02212439812058632,32.70146183912931,1.9068859317925007,0.034260717946844356
1732582020.0,0.0001660442443488,0.0001803259994776,0.0001660442443488,0.0001791221953322,1601.98149540121,0.27647512460123996,0.07876184467995091,0.3743777824425835,1.864697228266978,0.08601174454923659
1732582080.0,0.0001791221953322,0.0001791221953322,0.00017840422146,0.00017840422146,57.23494370965,0.010231502169907215,-0.004008290937191997,-0.9629930461748988,2.0115642217348766,0.004008290937191997
1732582140.0,0.00017840422146,0.000179016404729,0.0001781496384828,0.0001781496384828,20.64848218386,0.0036811480123077104,-0.0014270008585928198,-0.6402143154370172,2.0035012870953173,0.00485844022695588
1732582200.0,0.0001781496384828,0.0001781496384828,0.000177784121551,0.000177784121551,49.52970977238,0.008814647916333032,-0.0020517410807728465,1.394537760193764,2.0006422890384403,0.0020517410807728465
1732582260.0,0.000177784121551,0.0001786406292935,0.000177784121551,0.0001786406292935,21.9693660688,0.003915212913641826,0.0048176841386495025,-0.555828780592908,1.9965374890660887,0.0048176841386495025
1732582320.0,0.0001786406292935,0.0001786406292935,0.0001780911297947,0.0001780911297947,2.3703,0.0004227806442833802,-0.0030760051673193443,-0.8920159251594516,2.0061561760593816,0.0030760051673193443
1732582380.0,0.0001780911297947,0.0001784073425391,0.0001772309074871,0.000177353150204,43.54935156175,0.007739683955138245,-0.0041438312595957925,17.30661847885002,1.9999852292953733,0.006605803744162825
1732582440.0,0.000177353150204,0.000178162471742,0.0001767097899176,0.0001767097899176,206.65647863103,0.03658470020963954,-0.003627566161976759,3.726898465324489,1.9916976279834893,0.008190899472205982
1732582500.0,0.0001767097899176,0.0001770116998537,0.0001752006861731,0.0001752006861731,161.83060079798,0.02847494188643058,-0.008540012102349748,-0.22167076063868243,1.984472613063327,0.010248519232830731
1732582560.0,0.0001752006861731,0.0001752006861731,0.000174830090493,0.000174830090493,0.93744342,0.0001640670241915625,-0.002115263862230801,-0.9942381963466009,1.9675251929309845,0.002115263862230801
1732582620.0,0.000174830090493,0.000174830090493,0.000173699438775,0.000173699438775,31.05826738872,0.0054123616564351286,-0.0064671459862069266,31.988723255659995,1.963363357992349,0.0064671459862069266
1732582680.0,0.000173699438775,0.000173699438775,0.0001725318585157,0.0001725318585157,172.5318585157,0.02986796459893316,-0.006721842439643184,4.518471694037867,1.950666000532243,0.006721842439643184
1732582740.0,0.0001725318585157,0.0001725318585157,0.0001709786019332,0.0001709786019332,42.43782092433,0.0072889177030822806,-0.009002723299121431,-0.7559620214849648,1.9375539310242964,0.009002723299121431
1732582800.0,0.0001709786019332,0.0001709786019332,0.0001709786019332,0.0001709786019332,0.0,0.0,0.0,-1.0,1.9201106691061596,0.0
1732582860.0,0.0001709786019332,0.0001713708627185,0.0001709786019332,0.0001713708627185,0.6945560048,0.00011889043820695179,0.0022942098067526427,0.0,1.9201106691061596,0.0022942098067526427
1732582920.0,0.0001713708627185,0.0001713708627185,0.0001646027240379,0.000168209288977,953.6718507131,0.16192401586644134,-0.018448723962447008,1360.959954967794,1.9245158058332732,0.039494104033995524
1732582980.0,0.000168209288977,0.0001712497996716,0.000168209288977,0.0001703905009937,7.83869040339,0.0013270894621165979,0.012967250678993469,-0.9918042456209138,1.889010944970089,0.018075759746037208
1732583040.0,0.0001703905009937,0.0001709618714327,0.0001700541352099,0.0001700541352099,93.53062589063,0.01592099995261527,-0.001974087650651644,10.996930430916535,1.9135062234288784,0.005327387486427828
1732583100.0,0.0001700541352099,0.0001730176252181,0.0001700541352099,0.0001730176252181,253.82450305725,0.043540009551806515,0.01742674475126486,1.7347534502476019,1.9097287944237624,0.01742674475126486
1732583160.0,0.0001730176252181,0.0001730176252181,0.0001730176252181,0.0001730176252181,0.0,0.0,0.0,-1.0,1.943009150668326,0.0
1732583220.0,0.0001730176252181,0.0001750828573345,0.0001730176252181,0.0001739815560635,286.546881345,0.04971576661275538,0.005571286995673918,0.0,1.943009150668326,0.011936541804897907
1732583280.0,0.0001739815560635,0.0001739815560635,0.0001702643472874,0.0001702643472874,267.4961617077,0.046042228914982816,-0.021365533566921727,-0.07389079859486791,1.95383421228192,0.021365533566921727
1732583340.0,0.0001702643472874,0.0001702643472874,0.0001702643472874,0.0001702643472874,0.0,0.0,0.0,-1.0,1.9120895018352106,0.0
1732583400.0,0.0001702643472874,0.000171195069449,0.0001702643472874,0.00017041254659,11.8466706649,0.0020179434824533224,0.0008704071343241831,0.0,1.9120895018352106,0.005466336179170722
1732583460.0,0.00017041254659,0.0001710407389406,0.0001700001486169,0.0001700586957625,105.50779322147,0.017961184717992285,-0.0020764364747822665,7.900737247683423,1.9137537981790742,0.006106301117625949
1732583520.0,0.0001700586957625,0.0001700586957625,0.0001700586957625,0.0001700586957625,0.0,0.0,0.0,-1.0,1.9097800099887823,0.0
1732583580.0,0.0001700586957625,0.0001974177853272,0.0001700586957625,0.0001969552380904,2092.59891915714,0.38400648064809423,0.1581603469749238,0.0,1.9097800099887823,0.16088027396675475
1732583640.0,0.0001969552380904,0.0001982713322219,0.0001967489207453,0.0001974399156604,216.9818952071,0.04278830396067209,0.0024608513827773493,-0.8885740056041306,2.2118314790143816,0.00772973337170771
1732583700.0,0.0001974399156604,0.0001974399156604,0.0001956283393023,0.0001956283393023,162.71495111487,0.031979040945531494,-0.009175329882210554,-0.25262190866634227,2.2172744675679845,0.009175329882210554
1732583760.0,0.0001956283393023,0.000196039146055,0.000195400362552,0.000195400362552,109.3950069762,0.021388293783622787,-0.0011653564668241037,-0.3311777604571527,2.1969302428886452,0.0032652912419447204
1732583820.0,0.000195400362552,0.000195400362552,0.000194459258745,0.000194459258745,109.13659874121,0.02127397652744539,-0.0048162848559176385,-0.00534485159657437,2.1943700360229337,0.0048162848559176385
1732583880.0,0.000194459258745,0.0001959212994501,0.000194459258745,0.0001959212994501,97.6956978295,0.019069250525970017,0.007518493665643417,-0.10363487985572763,2.183801324850157,0.007518493665643417
1732583940.0,0.0001959212994501,0.0001959675964515,0.0001863111261536,0.0001863111261536,681.15468916078,0.13017970452462962,-0.04905119210352954,5.82668174857426,2.2002202212780664,0.049287496178328685
1732584000.0,0.0001863111261536,0.0001863111261536,0.0001852835661716,0.0001852835661716,83.61199512645,0.015534886801854655,-0.005515290488625173,-0.8806658314475165,2.092296796534086,0.005515290488625173
1732584060.0,0.0001852835661716,0.0001852835661716,0.0001821620809675,0.0001821620809675,473.49611922,0.08699204397232267,-0.01684706997278462,4.599786151125157,2.0807571719127806,0.01684706997278462
1732584120.0,0.0001821620809675,0.0001821620809675,0.0001787487158068,0.0001787487158068,66.85361217318,0.012064095218331218,-0.01873806635591173,-0.8613195567382055,2.0457025102411923,0.01873806635591173
1732584180.0,0.0001787487158068,0.0001787487158068,0.0001716240363047,0.0001759764644817,1061.82188884095,0.1883274804766908,-0.015509209745016494,14.610576431005777,2.007370000859838,0.03985863322117911
1732584240.0,0.0001759764644817,0.0001759764644817,0.0001742260268692,0.0001742260268692,1.63027500238,0.00028546318371028517,-0.009946998410586024,-0.9984842191750894,1.9762372784806486,0.009946998410586024
1732584300.0,0.0001742260268692,0.0001828121800133,0.0001742260268692,0.0001828121800133,1209.11159776958,0.2158495183942427,0.04928169056249016,755.1378514341347,1.9565796494126608,0.04928169056249016
1732584360.0,0.0001828121800133,0.0001828121800133,0.0001780676650471,0.0001795809613332,239.51295950048,0.04339892689328798,-0.017675073290329635,-0.7989389681471463,2.053003202255881,0.02595294780607517
1732584420.0,0.0001795809613332,0.0001795809613332,0.0001784769035532,0.0001784769035532,133.1691869739,0.02384113737826621,-0.006147966754401512,-0.45065145419636066,2.0167162201907267,0.006147966754401512
1732584480.0,0.0001784769035532,0.0001798610353308,0.0001784769035532,0.0001798610353308,73.6372067949,0.01319350245402967,0.007755243115742431,-0.4466076745962219,2.004317515915932,0.007755243115742431
1732584540.0,0.0001798610353308,0.0001816900074632,0.0001798610353308,0.0001816900074632,124.50763028144,0.022507931782032222,0.010168806873796647,0.705986098873818,2.019861485533001,0.010168806873796647
1732584600.0,0.0001816900074632,0.0001821104395802,0.0001812278655683,0.0001821104395802,18.2207955452,0.0033143667824150755,0.0023140079241018977,-0.8527467199335973,2.040401066891206,0.00485758146098782
1732584660.0,0.0001821104395802,0.0001821104395802,0.0001809662933152,0.0001817807965433,33.0153521378,0.006006998650238339,-0.0018101270726701931,0.812412157311457,2.0451225711283385,0.006282705525490305
1732584720.0,0.0001817807965433,0.0001817807965433,0.0001817807965433,0.0001817807965433,0.0,0.0,0.0,-1.0,2.04142063939541,0.0
1732584780.0,0.0001817807965433,0.000182360507665,0.0001817807965433,0.000182360507665,82.42884825,0.015007874153071523,0.003189066902135143,0.0,2.04142063939541,0.003189066902135143
1732584840.0,0.000182360507665,0.000182360507665,0.0001823115700151,0.0001823115700151,6.18788489624,0.0011282744207785755,-0.0002683566224211997,-0.9248211699224795,2.0479308663898417,0.0002683566224211997
1732584900.0,0.0001823115700151,0.0001823115700151,0.0001809164564105,0.0001809164564105,132.34062170675,0.024034911419239864,-0.00765235911513703,20.3023631278057,2.047381290579585,0.00765235911513703
1732584960.0,0.0001809164564105,0.0001816787740032,0.0001809164564105,0.0001816787740032,9.5252,0.0017268960443682876,0.004213644285461158,-0.9281505134657615,2.031713993698457,0.004213644285461158
1732585020.0,0.0001816787740032,0.0001820817660452,0.0001810399612269,0.0001820817660452,27.06948983733,0.004923406121030918,0.002218156987303844,1.8510147655309148,2.0402749137576963,0.005734323252762845
1732585080.0,0.0001820817660452,0.0001821721205094,0.0001820817660452,0.0001821721205094,4.23167257648,0.0007707015913046789,0.0004962301616602707,-0.8434617067211793,2.0448005638136686,0.0004962301616602707
1732585140.0,0.0001821721205094,0.0001822146629677,0.0001821721205094,0.0001822146629677,16.506567,0.0030073874276896223,0.0002335289185911883,2.902142491490876,2.0458152555280127,0.0002335289185911883
1732585200.0,0.0001822146629677,0.0001822146629677,0.000182195869567,0.000182195869567,1.82195869567,0.00033197046927266604,-0.00010313879461695396,-0.8896149973175564,2.046293012552274,0.00010313879461695396
1732585260.0,0.000182195869567,0.000182195869567,0.00018202529904,0.00018202529904,0.18202529904,3.314873356619371e-05,-0.0009361931607195996,-0.90014553511696,2.046081960357526,0.0009361931607195996
1732585320.0,0.00018202529904,0.00018202529904,0.00018202529904,0.00018202529904,0.0,0.0,0.0,-1.0,2.0441664324199675,0.0
1732585380.0,0.00018202529904,0.00018202529904,0.0001804132074908,0.0001804132074908,44.13857628278,0.007998759834163286,-0.008856414782462473,0.0,2.0441664324199675,0.008856414782462473
1732585440.0,0.0001804132074908,0.0001810400957362,0.0001804132074908,0.0001810400957362,23.703,0.0042837638231947904,0.003474735880586573,-0.4644465002063791,2.02606244661007,0.003474735880586573
1732585500.0,0.0001810400957362,0.0001813931879359,0.000180471264984,0.000180471264984,49.2009399873,0.00889334938176086,-0.0031420153081937077,1.0760596869526493,2.0331024784896146,0.005092368892929589
1732585560.0,0.000180471264984,0.0001813323886777,0.000180332024573,0.0001813323886777,40.0539323424,0.007245829532499428,0.004771527997968831,-0.185253022066162,2.0267144393790737,0.005543065843688134
1732585620.0,0.0001813323886777,0.0001813323886777,0.0001806495540752,0.0001806495540752,0.60756121272,0.00010996309406084676,-0.003765651616235305,-0.9848239468555485,2.0363849640704585,0.003765651616235305
1732585680.0,0.0001806495540752,0.0001817417007911,0.0001806437045582,0.0001817417007911,21.88725169056,0.003965874302858293,0.00604566516364251,35.06550303744476,2.0287166477392296,0.006078045631061627
1732585740.0,0.0001817417007911,0.0001821890302746,0.0001817417007911,0.0001821890302746,35.93645280081,0.006539189769853403,0.002461347514372421,0.6488646060064147,2.0409815893033683,0.002461347514372421
1732585800.0,0.0001821890302746,0.0001821890302746,0.0001821890302746,0.0001821890302746,0.0,0.0,0.0,-1.0,2.04600515426508,0.0
1732585860.0,0.0001821890302746,0.0001827039075062,0.0001821890302746,0.0001827039075062,34.66555731333,0.006324608523934839,0.002826060552734573,0.0,2.04600515426508,0.002826060552734573
1732585920.0,0.0001827039075062,0.0001827039075062,0.0001819172677377,0.0001819172677377,6.97903007808,0.0012723510745660284,-0.004305544305193903,-0.7988253233775743,2.05178728872224,0.004305544305193903
1732585980.0,0.0001819172677377,0.000183493337762,0.0001819172677377,0.000183493337762,116.2452511375,0.021238623802309283,0.00866366367470109,15.69242414838477,2.0429532276458127,0.00866366367470109
1732586040.0,0.000183493337762,0.000183493337762,0.0001831074526222,0.0001831074526222,33.49514430625,0.006139673188352043,-0.002102992645435987,-0.7109194434865184,2.060652687313281,0.002102992645435987
1732586100.0,0.0001831074526222,0.0001831074526222,0.0001817908380359,0.0001817908380359,170.299050575,0.03107091622775741,-0.007190393222369415,4.0606791720940425,2.0563191498670634,0.007190393222369415
1732586160.0,0.0001817908380359,0.0001817908380359,0.0001804756063422,0.0001804756063422,55.693084782,0.010087867900211607,-0.007234862372108494,-0.675327633525028,2.041533406588831,0.007234862372108494
1732586220.0,0.0001804756063422,0.0001830074550345,0.0001804756063422,0.0001830074550345,148.87060396484,0.027055971439069168,0.014028758476640563,1.6820307032868296,2.026763193364099,0.014028758476640563
1732586280.0,0.0001830074550345,0.0001831710488496,0.0001820742681693,0.0001820742681693,31.0490707093,0.005667724119213938,-0.005099174047440133,-0.7905185503326755,2.0551961646931485,0.005993092904839477
1732586340.0,0.0001820742681693,0.0001820742681693,0.0001818436222796,0.0001818436222796,6.98279509554,0.0012705820303029211,-0.0012667681821219201,-0.7758214755027386,2.0447163617477466,0.0012667681821219201
1732586400.0,0.0001818436222796,0.0001832665734183,0.0001818071509854,0.0001832665734183,91.01986262308,0.01661613992735436,0.007825136349913294,12.077581400543563,2.0421261801192205,0.008025700404581813
1732586460.0,0.0001832665734183,0.000198467620805,0.0001828685585264,0.000198467620805,1241.78755640889,0.23701638612113415,0.08294500793663073,13.264226658981451,2.058106095922381,0.08511678909931741
1732586520.0,0.000198467620805,0.0002015027409659,0.000198467620805,0.0002005545434218,387.33395099936,0.07727741570314096,0.010515179293908309,-0.6739574973367196,2.228815722383091,0.015292772436074424
1732586580.0,0.0002005545434218,0.0002009790749248,0.0001950950422458,0.0001989096103042,893.06462976942,0.17837365327673244,-0.008201923973073176,1.3082248759708768,2.2522521193170313,0.02933881516024737
1732586640.0,0.0001989096103042,0.0002025795747445,0.0001986866441555,0.0002008805293753,390.5408332913,0.07806718714603857,0.00990861662282593,-0.5623390242228006,2.2337793186662,0.019571354963927586
1732586700.0,0.0002008805293753,0.0002030902880333,0.0002008805293753,0.0002030902880333,193.70782922764,0.039126155055767615,0.011000362578055256,-0.49881433562381106,2.2559129815548604,0.011000362578055256
1732586760.0,0.0002030902880333,0.0002054953611437,0.0002026126842666,0.0002037186309108,314.7998581678,0.06403169499249936,0.0030939090371322306,0.6365445288767366,2.2807288422965057,0.014194065629703271
1732586820.0,0.0002037186309108,0.0002037186309108,0.000199430419086,0.0002016846657889,688.24227201619,0.13950784300172756,-0.009984188057844366,1.1787310646402447,2.287785209872935,0.02104967918559017
1732586880.0,0.0002016846657889,0.0002016846657889,0.000201282822894,0.000201282822894,165.32156120403,0.03330960717176216,-0.001992431568003204,-0.7612348778745747,2.2649435321016087,0.001992431568003204
1732586940.0,0.000201282822894,0.0002062768644383,0.0001999489022732,0.0002062768644383,555.84834305186,0.11327068844919654,0.02481106669956609,2.400541107107996,2.260430787108505,0.03143816285025193
1732587000.0,0.0002062768644383,0.0002062768644383,0.0002062768644383,0.0002062768644383,0.0,0.0,0.0,-1.0,2.3165144861372067,0.0
1732587060.0,0.0002062768644383,0.0002149373525928,0.0002062768644383,0.0002149373525928,549.81010341609,0.11579391611309822,0.04198477700387216,0.0,2.3165144861372067,0.04198477700387216
1732587120.0,0.0002149373525928,0.0002149373525928,0.0002050404397434,0.0002056036603474,725.12555811554,0.15247251835936854,-0.04342517544208669,0.3167575938138718,2.4137728302639165,0.04604556969746314
1732587180.0,0.0002056036603474,0.0002056361043221,0.0002043451799503,0.0002043451799503,35.70405964286,0.0073184189222551856,-0.006120904632600383,-0.9520017180735081,2.308954321632364,0.006278703256638453
1732587240.0,0.0002043451799503,0.0002043451799503,0.0002003651899642,0.0002009812236951,528.20904263178,0.10704853581145958,-0.0164621267603091,13.627276321382318,2.2948214324286216,0.01947679894905275
1732587300.0,0.0002009812236951,0.0002010644013737,0.0001996462782775,0.0001996462782775,70.4621063375,0.014114528822860165,-0.00664213996241354,-0.8681483243477562,2.2570437911157075,0.007055997919245304
1732587360.0,0.0001996462782775,0.0002022140928626,0.0001996462782775,0.0002022140928626,254.2652432115,0.05108956250250059,0.012861820451923736,2.619643499523338,2.242052190353821,0.012861820451923736
1732587420.0,0.0002022140928626,0.0002039442080431,0.0002022140928626,0.0002033452558195,65.71942528749,0.013326563657678188,0.005593887848700083,-0.7391529109879162,2.270889063069994,0.008555858575473202
1732587480.0,0.0002033452558195,0.0002041768119868,0.0002032155200237,0.0002041768119868,23.69738237761,0.004828603134060101,0.004089380713352424,-0.6376708011087262,2.283592161805647,0.004727388201047046
1732587540.0,0.0002041768119868,0.000204335603225,0.0002041768119868,0.000204335603225,14.86874087577,0.0030370326231596084,0.0007777143577414357,-0.3710328766228633,2.2929306395492977,0.0007777143577414357
1732587600.0,0.000204335603225,0.000204335603225,0.000204335603225,0.000204335603225,0.0,0.0,0.0,-1.0,2.2947138846289805,0.0
1732587660.0,0.000204335603225,0.000204335603225,0.000204335603225,0.000204335603225,0.0,0.0,0.0,0.0,2.2947138846289805,0.0
1732587720.0,0.000204335603225,0.0002056465467303,0.000204335603225,0.0002056465467303,76.35931840238,0.01565297876386453,0.006415639196545166,0.0,2.2947138846289805,0.006415639196545166
1732587780.0,0.0002056465467303,0.0002056465467303,0.0002056465467303,0.0002056465467303,0.0,0.0,0.0,-1.0,2.3094359409720626,0.0
1732587840.0,0.0002056465467303,0.0002166794782828,0.0002043846078271,0.0002098758883248,1722.74369988654,0.3579193285763438,0.020566071552111494,0.0,2.3094359409720626,0.059786418255903855
1732587900.0,0.0002098758883248,0.0002538445587421,0.0002098758883248,0.0002529685772007,2950.36710387576,0.6827805426486968,0.2053246288549858,0.9076380852761364,2.356931965779112,0.20949843628180334
1732587960.0,0.0002529685772007,0.0002542830961766,0.0002511929735268,0.0002511929735268,128.32115714979,0.03234729678989268,-0.007019068113314673,-0.9526241672552523,2.8408681468891603,0.012215440684351762
1732588020.0,0.0002511929735268,0.0002820361124026,0.0002414736633493,0.0002414736633493,6294.57124006157,1.5505626217090778,-0.03869260370240028,46.934843884499514,2.8209278998651994,0.16147923440610248
1732588080.0,0.0002414736633493,0.0002419532912833,0.0002317394730793,0.000238254437583,1352.11834263074,0.3243245823729869,-0.013331581265006415,-0.7908342572997752,2.7117788545626706,0.04229785585033075
1732588140.0,0.000238254437583,0.0002618512152783,0.000238254437583,0.0002618512152783,1218.3831678265,0.3046601547905453,0.09904024426441034,-0.060631936804058414,2.6756265543903424,0.09904024426441034
1732588200.0,0.0002618512152783,0.0002707056300736,0.0002594726542311,0.000267561259522,1090.32812458119,0.2886166553894488,0.02180644545655917,-0.05266031395581235,2.9406212618975047,0.042898314718766435
1732588260.0,0.000267561259522,0.0002791889005343,0.00026526291619,0.0002791889005343,1085.82174385065,0.2968366061214768,0.0434578646889047,0.02848051413019206,3.004745759053471,0.05204783521044438
1732588320.0,0.0002791889005343,0.0002831613726752,0.0002756814370153,0.0002756814370153,959.22491125923,0.266122725148197,-0.012563047858591726,-0.10347066480308187,3.1353255936749767,0.02679166559123665
1732588380.0,0.0002756814370153,0.0002756814370153,0.0002671050444146,0.0002681311957852,251.86492797863,0.06848366479708355,-0.027387557580385555,-0.7426613425856557,3.0959363481893707,0.031109793584774486
1732588440.0,0.0002681311957852,0.0002685659201497,0.0002681311957852,0.0002685659201497,5.6982319618,0.0015291123299130637,0.0016213121461936466,-0.9776718676717461,3.0111462131881255,0.0016213121461936466
1732588500.0,0.0002685659201497,0.0003010447528993,0.0002685659201497,0.000271760103292,3979.96617254199,1.0752396477210482,0.01189347904052597,702.1789795208701,3.0160282211175327,0.12093430444002784
1732588560.0,0.000271760103292,0.0002740198010383,0.0002716439154646,0.0002740198010383,90.31104489641,0.02464497672176604,0.008315045950184922,-0.9770795498715095,3.0518992895510286,0.00874258415756927
1732588620.0,0.0002740198010383,0.0002745201136948,0.0002730819954685,0.000274374094044,20.89422316078,0.005729132211929476,0.0012929467299717813,-0.7675334703453138,3.077275972378982,0.005248227393972091
1732588680.0,0.000274374094044,0.0002773458481086,0.0002728005127376,0.0002773458481086,241.50903198314,0.06662267457753422,0.010831030075760256,10.628754951545588,3.08125472628469,0.01656619728198941
1732588740.0,0.0002773458481086,0.0002773458481086,0.0002730111354775,0.0002761469123943,455.50136493,0.1260583539439723,-0.004322890436169697,0.8921238863994863,3.114627888896158,0.015629268152601544
1732588800.0,0.0002761469123943,0.0003632492388717,0.0002632263346286,0.0003225425159775,28817.59763898999,8.626395528767725,0.16801058241402103,67.43176401146567,3.101163693783022,0.36220902626019946
1732588860.0,0.0003225425159775,0.0003229159899716,0.0003204172230371,0.0003229159899716,236.18412209788,0.0762235252890987,0.0011579062467723267,-0.9911639195032381,3.6221920121367237,0.007747093207006222
1732588920.0,0.0003229159899716,0.0003475658954014,0.0003229159899716,0.0003475658954014,1602.96462659819,0.5373793725138907,0.07633535097462323,6.050046169810849,3.6263861708945857,0.07633535097462323
1732588980.0,0.0003475658954014,0.0003492779546397,0.0003342111594043,0.0003408629106144,1877.83419422024,0.6463775761113408,-0.019285507800639555,0.2028328759393024,3.903207632019344,0.043349463899499015
1732589040.0,0.0003408629106144,0.000343465927632,0.0003408629106144,0.000343465927632,62.6093090238,0.021422677853833453,0.0076365510489484105,-0.9668573313097989,3.8279322907845192,0.0076365510489484105
1732589100.0,0.000343465927632,0.0003436948615075,0.000328958935992,0.0003310062424468,862.9611014988,0.29102162341074356,-0.03627633538820684,12.584745352396133,3.857164491135013,0.042903602162507735
1732589160.0,0.0003310062424468,0.0003310062424468,0.0002982382557277,0.0003010209273419,2149.55260933265,0.6792878259942149,-0.09058836740735886,1.3341489818970538,3.7172406984071173,0.09899507174510923
1732589220.0,0.0003010209273419,0.0003010209273419,0.0002883125305018,0.0002994502262548,1634.78821809935,0.49082158360420514,-0.005217913255964398,-0.27744681293848894,3.380501932278226,0.04221765228191525
1732589280.0,0.0002994502262548,0.0002994502262548,0.0002759257810239,0.0002968394331352,2872.29275459786,0.8563592341537613,-0.008718621295608896,0.744746487848674,3.3628627664339783,0.07855878262347077
1732589340.0,0.0002968394331352,0.0002998986560707,0.0002947198404083,0.0002998986560707,364.97903813864,0.10889844690952966,0.01030598564075088,-0.8728355547924451,3.3335432395043365,0.017446521871106013
1732589400.0,0.0002998986560707,0.0003028331228181,0.0002998986560707,0.0003028331228181,214.57708606525,0.06466621439644164,0.009784861278965608,-0.4061787267713298,3.3678986882634905,0.009784861278965608
1732589460.0,0.0003028331228181,0.0003028331228181,0.0002994820421289,0.0002994820421289,155.25424546908,0.046755993234215476,-0.011065766710112763,-0.27696411997192316,3.400853109729759,0.011065766710112763
1732589520.0,0.0002994820421289,0.000301380877544,0.0002978555984839,0.0002978555984839,269.20055987256,0.0804018136429599,-0.005430855330884735,0.7196044417279711,3.363220062602128,0.011771253578478948
1732589580.0,0.0002978555984839,0.0003057358127045,0.0002978555984839,0.0003057358127045,516.77483977663,0.1559604274037177,0.026456491872943463,0.9397625543161344,3.344954900996207,0.026456491872943463
1732589640.0,0.0003057358127045,0.0003084867953081,0.0003057358127045,0.0003084867953081,134.68812236328,0.041364244893147016,0.008997907635566597,-0.734777304847518,3.433450673149775,0.008997907635566597
1732589700.0,0.0003084867953081,0.0003084867953081,0.0002906286647816,0.0002982355157198,1011.02750921991,0.3067064734533426,-0.03323085378115322,6.414772691865481,3.464344545178051,0.057889448748249445
1732589760.0,0.0002982355157198,0.0002982355157198,0.0002865555609601,0.0002865555609601,354.84307226084,0.10375453113991008,-0.039163527293220125,-0.6617139182890653,3.3492214181497033,0.039163527293220125
1732589820.0,0.0002865555609601,0.0002865555609601,0.0002850639166381,0.0002865033455439,64.28889286602,0.018420661323077115,-0.00018221742417098182,-0.822459210979062,3.21805409372896,0.005205427935169949
1732589880.0,0.0002865033455439,0.0002865033455439,0.0002800989024861,0.0002800989024861,310.12242088875,0.0878580304200358,-0.022353815958559703,3.769537253799278,3.217467708201158,0.022353815958559703
1732589940.0,0.0002800989024861,0.0002800989024861,0.0002755774789681,0.0002755774789681,288.3268518942,0.08010821086832505,-0.01614223932285634,-0.08820843711906641,3.1455450271994203,0.01614223932285634
1732590000.0,0.0002755774789681,0.0002755774789681,0.0002747771617308,0.0002747771617308,52.20024727072,0.014364324165535422,-0.00290414601474971,-0.8206884911067824,3.0947688865695464,0.00290414601474971
1732590060.0,0.0002747771617308,0.0002759498452125,0.000273370317374,0.000273370317374,93.05382643519,0.0255036101907525,-0.00511994646111922,0.7754827791998572,3.0857812258410444,0.009387708287878502
1732590120.0,0.000273370317374,0.000273370317374,0.000272821738115,0.000272821738115,54.46785111912,0.014874953780410491,-0.0020067257640465487,-0.41675105331542095,3.0699821911740113,0.0020067257640465487
1732590180.0,0.000272821738115,0.0002737472629282,0.0002724715492403,0.0002737472629282,11.60439533313,0.0031713013824696185,0.0033924159401471855,-0.7868026059586114,3.0638215788158183,0.004675997216036679
1732590240.0,0.0002737472629282,0.0002737472629282,0.0002723785266136,0.0002723785266136,0.023779505,6.49330047151909e-06,-0.004999999999850306,-0.9979524807993927,3.07421533597756,0.004999999999850306
