0,1,2,3,4,5
1734755220.0,7.68978719576062e-05,9.43980299648992e-05,7.45953422223911e-05,7.51521651637288e-05,11799.75394488097
1734755280.0,7.51521651637288e-05,0.0001730538929379,6.97673699008018e-05,0.0001373835041281,86183.73426894516
1734755340.0,0.0001373835041281,0.0001899310432012,0.0001034671973652,0.0001224306860037,54618.01262454894
1734755400.0,0.0001224306860037,0.0002177166369545,0.000112604160051,0.0001337718660382,49629.46195442498
1734755460.0,0.0001337718660382,0.0002235855220711,0.0001247712025296,0.0001500314164388,38700.16841492235
1734755520.0,0.0001500314164388,0.000170382121638,0.000144734390514,0.000144734390514,13536.01835231783
1734755580.0,0.000144734390514,0.0001541228371286,9.92349175691105e-05,0.0001339737838668,27619.76207884208
1734755640.0,0.0001339737838668,0.0002810464304012,0.0001339737838668,0.0001635225842322,41829.0569734752
1734755700.0,0.0001635225842322,0.0002968108874485,0.0001626197868658,0.0001947191699535,34320.44203409527
1734755760.0,0.0001947191699535,0.000197467172129,0.0001620172999114,0.0001651720660118,12763.31930342401
1734755820.0,0.0001651720660118,0.0001904800928603,0.0001362108232131,0.000160647889049,23839.90029608372
1734755880.0,0.000160647889049,0.0002105554602613,0.0001120043440744,0.0001124369323524,21287.55955573776
1734755940.0,0.0001124369323524,0.0001399243747293,8.47258465829879e-05,9.03350992018653e-05,23409.51699526938
1734756000.0,9.03350992018653e-05,0.0001237889417037,9.03350992018653e-05,0.0001084533359975,16607.1077893325
1734756060.0,0.0001084533359975,0.0001084533359975,4.92581960367414e-05,4.92581960367414e-05,11358.67300422727
1734756120.0,4.92581960367414e-05,9.87617388879232e-05,4.4249815601547e-05,5.72469881437063e-05,30220.14121355971
1734756180.0,5.72469881437063e-05,7.16170164567482e-05,5.72469881437063e-05,6.75514692820443e-05,3201.76949654054
1734756240.0,6.75514692820443e-05,6.86486409220904e-05,5.37854157607889e-05,5.40391292974442e-05,2927.50861950974
1734756300.0,5.40391292974442e-05,6.91934038517567e-05,5.18718238270042e-05,6.35797673978201e-05,4314.56510389747
1734756360.0,6.35797673978201e-05,9.37872345253719e-05,6.19234827274652e-05,8.59870354415327e-05,9813.2811233698
1734756420.0,8.59870354415327e-05,9.19957224627479e-05,7.21984121536957e-05,7.58026971386165e-05,7906.73606262365
1734756480.0,7.58026971386165e-05,7.62422871996037e-05,6.48388419779952e-05,7.16127526105993e-05,2937.30292029285
1734756540.0,7.16127526105993e-05,7.8453749137472e-05,6.89557013065194e-05,7.8453749137472e-05,1628.15954691991
1734756600.0,7.8453749137472e-05,8.98997659900617e-05,7.8453749137472e-05,8.36619310010876e-05,3722.84836892669
1734756660.0,8.36619310010876e-05,8.36619310010876e-05,7.29313694614296e-05,7.29313694614296e-05,1382.95579492035
1734756720.0,7.29313694614296e-05,0.0001061341367867,7.29313694614296e-05,0.0001061341367867,8188.74019391648
1734756780.0,0.0001061341367867,0.0001149853609461,9.86523340236577e-05,9.88955560055386e-05,3606.5705309019
1734756840.0,9.88955560055386e-05,0.0001247922001243,9.88955560055386e-05,0.0001177457178612,5057.24291084924
1734756900.0,0.0001177457178612,0.0001177457178612,8.65448691539697e-05,0.0001061991585013,7188.14452000744
1734756960.0,0.0001061991585013,0.0001076179694079,8.74387597703035e-05,9.66796623472289e-05,3618.89149198496
1734757020.0,9.66796623472289e-05,0.0001093267256768,9.65891308776138e-05,0.0001073535920835,1932.7022374347
1734757080.0,0.0001073535920835,0.0001073535920835,9.03979446653155e-05,9.34194297608929e-05,2467.47191531743
1734757140.0,9.34194297608929e-05,9.46697454829464e-05,8.3452741989656e-05,9.29760525730025e-05,2698.43939659195
1734757200.0,9.29760525730025e-05,9.79827037578565e-05,9.25497300230782e-05,9.69083647016413e-05,953.15117524951
1734757260.0,9.69083647016413e-05,0.0001167496880127,9.69083647016413e-05,0.0001075448372752,5373.63153338913
1734757320.0,0.0001075448372752,0.0001075448372752,9.16159398740365e-05,9.51884247803262e-05,2239.49989462702
1734757380.0,9.51884247803262e-05,9.51884247803262e-05,8.96101846899659e-05,9.09023774588808e-05,719.53512681526
1734757440.0,9.09023774588808e-05,9.6363775285912e-05,9.09023774588808e-05,9.33910395591656e-05,1429.33501974972
1734757500.0,9.33910395591656e-05,9.35443113469788e-05,7.99297322105103e-05,7.99297322105103e-05,1577.62391866735
1734757560.0,7.99297322105103e-05,0.0001075498235085,5.2145289734995e-05,5.3107394356678e-05,13561.37034801736
1734757620.0,5.3107394356678e-05,5.3107394356678e-05,2.60293030290002e-05,2.60293030290002e-05,4195.47579525295
1734757680.0,2.60293030290002e-05,3.53486423745638e-05,2.48504118407661e-05,3.52227379011971e-05,2547.31258681787
1734757740.0,3.52227379011971e-05,3.92278715102658e-05,3.51568139804314e-05,3.89691758747856e-05,1096.12827850475
1734757800.0,3.89691758747856e-05,4.60365551824328e-05,3.52878154466745e-05,3.52878154466745e-05,2956.49388820144
1734757860.0,3.52878154466745e-05,3.52878154466745e-05,8.88333465761285e-06,8.88333465761285e-06,6260.81539530833
1734757920.0,8.88333465761285e-06,1.04678415680841e-05,8.87168148787699e-06,9.3557633479792e-06,1344.30675946655
1734757980.0,9.3557633479792e-06,9.3557633479792e-06,8.07719068853392e-06,8.07719068853392e-06,726.91950972098
1734758040.0,8.07719068853392e-06,8.07719068853392e-06,7.11999574098534e-06,7.11999574098534e-06,230.63331021705
1734758100.0,7.11999574098534e-06,7.11999574098534e-06,6.94163301340859e-06,6.94163301340859e-06,221.78476211743
1734758160.0,6.94163301340859e-06,6.94163301340859e-06,6.53445961789859e-06,6.53445961789859e-06,158.49279582832
1734758220.0,6.53445961789859e-06,6.58924772054345e-06,6.51645947350162e-06,6.58760175858139e-06,35.96133457377
1734758280.0,6.58760175858139e-06,6.67533423443772e-06,6.5736691679868e-06,6.6689366867363e-06,41.58864187218
1734758340.0,6.6689366867363e-06,6.72259298315773e-06,6.65633844169006e-06,6.65633844169006e-06,47.19616756683
1734758400.0,6.65633844169006e-06,6.6805567418131e-06,6.39181696078515e-06,6.39181696078515e-06,107.20365096799
1734758460.0,6.39181696078515e-06,6.69054287101256e-06,6.39181696078515e-06,6.69054287101256e-06,99.11121036669
1734758520.0,6.69054287101256e-06,6.69054287101256e-06,6.64445259917582e-06,6.67715563203148e-06,5.43061440768
1734758580.0,6.67715563203148e-06,6.67715563203148e-06,6.63044935754846e-06,6.63044935754846e-06,8.83014437084
1734758640.0,6.63044935754846e-06,6.88340380040859e-06,6.63044935754846e-06,6.73064461578184e-06,186.37092551456
1734758700.0,6.73064461578184e-06,6.8734086566218e-06,6.73064461578184e-06,6.85589623997977e-06,72.382755929
1734758760.0,6.85589623997977e-06,6.90831985314552e-06,6.85241968934428e-06,6.85241968934428e-06,45.50017432696
1734758820.0,6.85241968934428e-06,6.85241968934428e-06,6.78390581845398e-06,6.78390581845398e-06,16.80692862012
1734758880.0,6.78390581845398e-06,6.792035768408e-06,6.7595916875885e-06,6.792035768408e-06,3.02137053804
1734758940.0,6.792035768408e-06,6.792035768408e-06,6.7522209744554e-06,6.7522209744554e-06,3.56197540798
1734759000.0,6.7522209744554e-06,6.7522209744554e-06,6.50873643271769e-06,6.50873643271769e-06,87.82229562213
1734759060.0,6.50873643271769e-06,6.50873643271769e-06,6.49608928428537e-06,6.49608928428537e-06,4.28976974449
1734759120.0,6.49608928428537e-06,6.49608928428537e-06,6.47024386352699e-06,6.47024386352699e-06,18.29577706383
1734759180.0,6.47024386352699e-06,6.47024386352699e-06,6.38982398567111e-06,6.38982398567111e-06,25.77544968928
1734759240.0,6.38982398567111e-06,6.38982398567111e-06,6.38982398567111e-06,6.38982398567111e-06,0.0
1734759300.0,6.38982398567111e-06,6.38982398567111e-06,6.38982398567111e-06,6.38982398567111e-06,0.0
1734759360.0,6.38982398567111e-06,6.41152261362186e-06,6.38982398567111e-06,6.41152261362186e-06,1.59647710763
1734759420.0,6.41152261362186e-06,6.42091836451524e-06,6.18768446776338e-06,6.18768446776338e-06,115.21801613522
1734759480.0,6.18768446776338e-06,6.18768446776338e-06,6.06618980274666e-06,6.06618980274666e-06,9.37880552534
1734759540.0,6.06618980274666e-06,6.10235530223335e-06,6.06618980274666e-06,6.10235530223335e-06,5.9489998424
1734759600.0,6.10235530223335e-06,6.10235530223335e-06,6.0709409164301e-06,6.0709409164301e-06,6.4284669603
1734759660.0,6.0709409164301e-06,6.0709409164301e-06,6.0709409164301e-06,6.0709409164301e-06,0.0
1734759720.0,6.0709409164301e-06,6.0709409164301e-06,6.03363109834528e-06,6.03363109834528e-06,17.87196991699
1734759780.0,6.03363109834528e-06,6.06820914744179e-06,6.03363109834528e-06,6.06820914744179e-06,19.5414735
1734759840.0,6.06820914744179e-06,6.06820914744179e-06,6.06820914744179e-06,6.06820914744179e-06,0.0
1734759900.0,6.06820914744179e-06,6.06820914744179e-06,6.06820914744179e-06,6.06820914744179e-06,0.0
1734759960.0,6.06820914744179e-06,6.16607966181816e-06,6.06820914744179e-06,6.16607966181816e-06,48.91317375
1734760020.0,6.16607966181816e-06,6.25789427211289e-06,6.16607966181816e-06,6.25789427211289e-06,19.53666
1734760080.0,6.25789427211289e-06,6.35893887127542e-06,6.25364911952504e-06,6.35893887127542e-06,68.18140651734
1734760140.0,6.35893887127542e-06,6.39885014293983e-06,6.35893887127542e-06,6.36861555355614e-06,6.65261866172
1734760200.0,6.36861555355614e-06,6.36861555355614e-06,6.36861555355614e-06,6.36861555355614e-06,0.0
1734760260.0,6.36861555355614e-06,6.36861555355614e-06,6.36861555355614e-06,6.36861555355614e-06,0.0
1734760320.0,6.36861555355614e-06,6.36861555355614e-06,6.36861555355614e-06,6.36861555355614e-06,0.0
1734760380.0,6.36861555355614e-06,6.36861555355614e-06,6.339557399206e-06,6.339557399206e-06,8.0872743144
1734760440.0,6.339557399206e-06,6.6399741870749e-06,6.339557399206e-06,6.3765324560953e-06,397.0355215612
1734760500.0,6.3765324560953e-06,6.44370222057453e-06,6.3765324560953e-06,6.44370222057453e-06,41.1132304765
1734760560.0,6.44370222057453e-06,6.44370222057453e-06,6.44370222057453e-06,6.44370222057453e-06,0.0
1734760620.0,6.44370222057453e-06,6.55847930061106e-06,6.44370222057453e-06,6.55847930061106e-06,43.02840646221
1734760680.0,6.55847930061106e-06,6.56450074115601e-06,6.55847930061106e-06,6.56450074115601e-06,20.49386158875
1734760740.0,6.56450074115601e-06,6.56450074115601e-06,6.50928541582232e-06,6.50928541582232e-06,20.25102215684
1734760800.0,6.50928541582232e-06,6.50928541582232e-06,6.48413161385147e-06,6.48413161385147e-06,1.6156688769
1734760860.0,6.48413161385147e-06,6.62231789692124e-06,6.48413161385147e-06,6.60616870507585e-06,67.25643879476
1734760920.0,6.60616870507585e-06,6.60616870507585e-06,6.60616870507585e-06,6.60616870507585e-06,0.0
1734760980.0,6.60616870507585e-06,6.60616870507585e-06,6.60616870507585e-06,6.60616870507585e-06,0.0
1734761040.0,6.60616870507585e-06,6.60616870507585e-06,6.60048247666133e-06,6.60048247666133e-06,6.43460881392
1734761100.0,6.60048247666133e-06,6.60048247666133e-06,6.60048247666133e-06,6.60048247666133e-06,0.0
1734761160.0,6.60048247666133e-06,6.60048247666133e-06,6.35260345313907e-06,6.35260345313907e-06,90.52060326632
1734761220.0,6.35260345313907e-06,6.37312771059548e-06,6.33502192044418e-06,6.37312771059548e-06,7.27924463902
1734761280.0,6.37312771059548e-06,6.37312771059548e-06,6.37312771059548e-06,6.37312771059548e-06,0.0
1734761340.0,6.37312771059548e-06,6.38054206374324e-06,6.34691676479022e-06,6.38054206374324e-06,2.6554435656
1734761400.0,6.38054206374324e-06,6.39679640505286e-06,6.38054206374324e-06,6.39679640505286e-06,1.9744731
1734761460.0,6.39679640505286e-06,6.39679640505286e-06,6.39679640505286e-06,6.39679640505286e-06,0.0
1734761520.0,6.39679640505286e-06,6.39679640505286e-06,6.36957231288625e-06,6.36957231288625e-06,1.77234885564
1734761580.0,6.36957231288625e-06,6.36957231288625e-06,6.34719789859801e-06,6.34719789859801e-06,21.3469905584
1734761640.0,6.34719789859801e-06,6.61912836938709e-06,6.30693669522166e-06,6.61912836938709e-06,114.5439006011
1734761700.0,6.61912836938709e-06,6.76961435438129e-06,6.61912836938709e-06,6.76961435438129e-06,99.835
1734761760.0,6.76961435438129e-06,6.76961435438129e-06,6.76961435438129e-06,6.76961435438129e-06,0.0
1734761820.0,6.76961435438129e-06,7.18468717965617e-06,6.76961435438129e-06,7.14910922613194e-06,394.32823685262
1734761880.0,7.14910922613194e-06,7.14910922613194e-06,6.96401995304125e-06,6.96401995304125e-06,41.8992
1734761940.0,6.96401995304125e-06,7.02757828007415e-06,6.96401995304125e-06,7.02757828007415e-06,9.87781875
1734762000.0,7.02757828007415e-06,7.03480761897986e-06,7.00144122497838e-06,7.0032503195702e-06,12.0322994929
1734762060.0,7.0032503195702e-06,7.0032503195702e-06,6.99766481813536e-06,6.99766481813536e-06,1.22099626102
1734762120.0,6.99766481813536e-06,6.99766481813536e-06,6.99766481813536e-06,6.99766481813536e-06,0.0
1734762180.0,6.99766481813536e-06,6.99766481813536e-06,6.99766481813536e-06,6.99766481813536e-06,0.0
1734762240.0,6.99766481813536e-06,6.99766481813536e-06,6.99766481813536e-06,6.99766481813536e-06,0.0
1734762300.0,6.99766481813536e-06,6.99766481813536e-06,6.86299837180115e-06,6.86299837180115e-06,90.25123224264
1734762360.0,6.86299837180115e-06,6.86299837180115e-06,6.65641515918035e-06,6.65641515918035e-06,27.29719491246
1734762420.0,6.65641515918035e-06,6.65641515918035e-06,6.65641515918035e-06,6.65641515918035e-06,0.0
1734762480.0,6.65641515918035e-06,6.65641515918035e-06,6.65641515918035e-06,6.65641515918035e-06,0.0
1734762540.0,6.65641515918035e-06,6.65641515918035e-06,6.38126826003479e-06,6.38126826003479e-06,96.57089586678
1734762600.0,6.38126826003479e-06,6.38126826003479e-06,6.38126826003479e-06,6.38126826003479e-06,0.0
1734762660.0,6.38126826003479e-06,6.38126826003479e-06,6.38126826003479e-06,6.38126826003479e-06,0.0
1734762720.0,6.38126826003479e-06,6.38126826003479e-06,6.38126826003479e-06,6.38126826003479e-06,0.0
1734762780.0,6.38126826003479e-06,6.38126826003479e-06,6.36460443093289e-06,6.36460443093289e-06,8.62059984932
1734762840.0,6.36460443093289e-06,6.36460443093289e-06,6.36460443093289e-06,6.36460443093289e-06,0.0
1734762900.0,6.36460443093289e-06,6.36460443093289e-06,6.36460443093289e-06,6.36460443093289e-06,0.0
1734762960.0,6.36460443093289e-06,6.36460443093289e-06,6.36460443093289e-06,6.36460443093289e-06,0.0
1734763020.0,6.36460443093289e-06,6.36460443093289e-06,6.36460443093289e-06,6.36460443093289e-06,0.0
1734763080.0,6.36460443093289e-06,6.36460443093289e-06,6.36460443093289e-06,6.36460443093289e-06,0.0
1734763140.0,6.36460443093289e-06,6.36460443093289e-06,6.36460443093289e-06,6.36460443093289e-06,0.0
1734763200.0,6.36460443093289e-06,6.36460443093289e-06,6.31645611241268e-06,6.31645611241268e-06,27.78543859068
1734763260.0,6.31645611241268e-06,6.31645611241268e-06,6.31645611241268e-06,6.31645611241268e-06,0.0
1734763320.0,6.31645611241268e-06,6.31645611241268e-06,6.31645611241268e-06,6.31645611241268e-06,0.0
1734763380.0,6.31645611241268e-06,6.33137675017355e-06,6.31645611241268e-06,6.33137675017355e-06,9.9255
1734763440.0,6.33137675017355e-06,6.33137675017355e-06,6.33137675017355e-06,6.33137675017355e-06,0.0
1734763500.0,6.33137675017355e-06,6.33137675017355e-06,6.33137675017355e-06,6.33137675017355e-06,0.0
1734763560.0,6.33137675017355e-06,7.21976820983872e-06,6.33137675017355e-06,7.21976820983872e-06,366.3988292096
1734763620.0,7.21976820983872e-06,7.44826134427998e-06,7.21976820983872e-06,7.44826134427998e-06,35.73
1734763680.0,7.44826134427998e-06,7.44826134427998e-06,7.44826134427998e-06,7.44826134427998e-06,0.0
1734763740.0,7.44826134427998e-06,7.44826134427998e-06,7.36921430279757e-06,7.36921430279757e-06,47.01834375497
1734763800.0,7.36921430279757e-06,7.36921430279757e-06,7.36921430279757e-06,7.36921430279757e-06,0.0
1734763860.0,7.36921430279757e-06,7.36921430279757e-06,7.36921430279757e-06,7.36921430279757e-06,0.0
1734763920.0,7.36921430279757e-06,7.36921430279757e-06,7.36921430279757e-06,7.36921430279757e-06,0.0
1734763980.0,7.36921430279757e-06,7.36921430279757e-06,7.28092873689959e-06,7.28092873689959e-06,15.49529240376
1734764040.0,7.28092873689959e-06,7.28092873689959e-06,7.28092873689959e-06,7.28092873689959e-06,0.0
1734764100.0,7.28092873689959e-06,7.28092873689959e-06,7.28092873689959e-06,7.28092873689959e-06,0.0
1734764160.0,7.28092873689959e-06,7.28092873689959e-06,7.28092873689959e-06,7.28092873689959e-06,0.0
1734764220.0,7.28092873689959e-06,7.35747369964186e-06,7.2641616300972e-06,7.35747369964186e-06,39.9867029716
1734764280.0,7.35747369964186e-06,7.35747369964186e-06,7.35747369964186e-06,7.35747369964186e-06,0.0
1734764340.0,7.35747369964186e-06,7.35747369964186e-06,7.35747369964186e-06,7.35747369964186e-06,0.0
1734764400.0,7.35747369964186e-06,7.35747369964186e-06,7.35747369964186e-06,7.35747369964186e-06,0.0
1734764460.0,7.35747369964186e-06,7.35747369964186e-06,7.35747369964186e-06,7.35747369964186e-06,0.0
1734764520.0,7.35747369964186e-06,7.35747369964186e-06,7.35747369964186e-06,7.35747369964186e-06,0.0
1734764580.0,7.35747369964186e-06,7.35747369964186e-06,7.35747369964186e-06,7.35747369964186e-06,0.0
1734764640.0,7.35747369964186e-06,7.35747369964186e-06,7.35747369964186e-06,7.35747369964186e-06,0.0
1734764700.0,7.35747369964186e-06,7.35747369964186e-06,7.35747369964186e-06,7.35747369964186e-06,0.0
1734764760.0,7.35747369964186e-06,7.35747369964186e-06,7.35747369964186e-06,7.35747369964186e-06,0.0
1734764820.0,7.35747369964186e-06,7.35747369964186e-06,7.35747369964186e-06,7.35747369964186e-06,0.0
1734764880.0,7.35747369964186e-06,7.38864852516482e-06,7.35747369964186e-06,7.38864852516482e-06,2.28061719702
1734764940.0,7.38864852516482e-06,7.38864852516482e-06,7.38864852516482e-06,7.38864852516482e-06,0.0
1734765000.0,7.38864852516482e-06,7.38864852516482e-06,7.38864852516482e-06,7.38864852516482e-06,0.0
1734765060.0,7.38864852516482e-06,7.38864852516482e-06,7.38864852516482e-06,7.38864852516482e-06,0.0
1734765120.0,7.38864852516482e-06,7.38864852516482e-06,7.38864852516482e-06,7.38864852516482e-06,0.0
1734765180.0,7.38864852516482e-06,7.38864852516482e-06,7.38864852516482e-06,7.38864852516482e-06,0.0
1734765240.0,7.38864852516482e-06,7.38864852516482e-06,7.38864852516482e-06,7.38864852516482e-06,0.0
1734765300.0,7.38864852516482e-06,7.38864852516482e-06,7.38864852516482e-06,7.38864852516482e-06,0.0
1734765360.0,7.38864852516482e-06,7.38864852516482e-06,7.38864852516482e-06,7.38864852516482e-06,0.0
1734765420.0,7.38864852516482e-06,7.38864852516482e-06,7.38864852516482e-06,7.38864852516482e-06,0.0
1734765480.0,7.38864852516482e-06,7.38864852516482e-06,7.38864852516482e-06,7.38864852516482e-06,0.0
1734765540.0,7.38864852516482e-06,7.38864852516482e-06,7.38864852516482e-06,7.38864852516482e-06,0.0
1734765600.0,7.38864852516482e-06,7.38864852516482e-06,7.38864852516482e-06,7.38864852516482e-06,0.0
1734765660.0,7.38864852516482e-06,7.38864852516482e-06,7.38864852516482e-06,7.38864852516482e-06,0.0
1734765720.0,7.38864852516482e-06,7.38864852516482e-06,7.38864852516482e-06,7.38864852516482e-06,0.0
1734765780.0,7.38864852516482e-06,7.38864852516482e-06,7.38864852516482e-06,7.38864852516482e-06,0.0
1734765840.0,7.38864852516482e-06,7.38864852516482e-06,7.38864852516482e-06,7.38864852516482e-06,0.0
1734765900.0,7.38864852516482e-06,7.38864852516482e-06,7.38864852516482e-06,7.38864852516482e-06,0.0
1734765960.0,7.38864852516482e-06,7.38864852516482e-06,7.38299277517519e-06,7.38299277517519e-06,15.74084472208
1734766020.0,7.38299277517519e-06,7.40045408335535e-06,7.36833508868977e-06,7.36833508868977e-06,2.16921689752
1734766080.0,7.36833508868977e-06,7.36833508868977e-06,7.36833508868977e-06,7.36833508868977e-06,0.0
1734766140.0,7.36833508868977e-06,7.36833508868977e-06,7.36833508868977e-06,7.36833508868977e-06,0.0
1734766200.0,7.36833508868977e-06,7.37068392409487e-06,7.36833508868977e-06,7.37068392409487e-06,1.27269163093
1734766260.0,7.37068392409487e-06,7.37068392409487e-06,7.37068392409487e-06,7.37068392409487e-06,0.0
1734766320.0,7.37068392409487e-06,7.37068392409487e-06,7.37068392409487e-06,7.37068392409487e-06,0.0
1734766380.0,7.37068392409487e-06,7.37068392409487e-06,7.36944789727024e-06,7.36944789727024e-06,1.8847348
1734766440.0,7.36944789727024e-06,7.36944789727024e-06,7.36125339440663e-06,7.36125339440663e-06,0.73127077412
1734766500.0,7.36125339440663e-06,7.36125339440663e-06,7.36125339440663e-06,7.36125339440663e-06,0.0
1734766560.0,7.36125339440663e-06,7.36125339440663e-06,7.36125339440663e-06,7.36125339440663e-06,0.0
1734766620.0,7.36125339440663e-06,8.19071003607495e-06,7.36125339440663e-06,7.76788730344144e-06,529.98968014068
1734766680.0,7.76788730344144e-06,7.76788730344144e-06,7.37853263383169e-06,7.37853263383169e-06,54.76423883238
1734766740.0,7.37853263383169e-06,7.37853263383169e-06,7.37853263383169e-06,7.37853263383169e-06,0.0
1734766800.0,7.37853263383169e-06,7.37853263383169e-06,7.37853263383169e-06,7.37853263383169e-06,0.0
1734766860.0,7.37853263383169e-06,7.37853263383169e-06,7.30964842892448e-06,7.30964842892448e-06,5.1302569366
1734766920.0,7.30964842892448e-06,7.30964842892448e-06,7.30964842892448e-06,7.30964842892448e-06,0.0
1734766980.0,7.30964842892448e-06,7.30964842892448e-06,7.30964842892448e-06,7.30964842892448e-06,0.0
1734767040.0,7.30964842892448e-06,7.30964842892448e-06,7.30964842892448e-06,7.30964842892448e-06,0.0
1734767100.0,7.30964842892448e-06,7.30964842892448e-06,7.30964842892448e-06,7.30964842892448e-06,0.0
1734767160.0,7.30964842892448e-06,7.30964842892448e-06,7.30964842892448e-06,7.30964842892448e-06,0.0
1734767220.0,7.30964842892448e-06,7.30964842892448e-06,7.30964842892448e-06,7.30964842892448e-06,0.0
1734767280.0,7.30964842892448e-06,7.30964842892448e-06,7.30964842892448e-06,7.30964842892448e-06,0.0
1734767340.0,7.30964842892448e-06,7.30964842892448e-06,7.30964842892448e-06,7.30964842892448e-06,0.0
1734767400.0,7.30964842892448e-06,7.30964842892448e-06,7.30964842892448e-06,7.30964842892448e-06,0.0
1734767460.0,7.30964842892448e-06,7.30964842892448e-06,7.30964842892448e-06,7.30964842892448e-06,0.0
1734767520.0,7.30964842892448e-06,7.30964842892448e-06,7.30964842892448e-06,7.30964842892448e-06,0.0
1734767580.0,7.30964842892448e-06,7.30964842892448e-06,7.27871531806145e-06,7.27871531806145e-06,0.44464989251
1734767640.0,7.27871531806145e-06,7.27871531806145e-06,7.27376411969515e-06,7.27376411969515e-06,1.48766704844
1734767700.0,7.27376411969515e-06,7.59302268484124e-06,7.27376411969515e-06,7.59302268484124e-06,199.86
1734767760.0,7.59302268484124e-06,7.59302268484124e-06,7.54934967669404e-06,7.54934967669404e-06,198.71045945856
1734767820.0,7.54934967669404e-06,7.54934967669404e-06,7.54934967669404e-06,7.54934967669404e-06,0.0
1734767880.0,7.54934967669404e-06,7.54934967669404e-06,7.54934967669404e-06,7.54934967669404e-06,0.0
1734767940.0,7.54934967669404e-06,7.54934967669404e-06,7.24703093603252e-06,7.24703093603252e-06,3.9133684827
1734768000.0,7.24703093603252e-06,7.24703093603252e-06,7.24703093603252e-06,7.24703093603252e-06,0.0
1734768060.0,7.24703093603252e-06,7.24703093603252e-06,7.22623691362282e-06,7.22623691362282e-06,0.4556229551
1734768120.0,7.22623691362282e-06,7.22623691362282e-06,7.22623691362282e-06,7.22623691362282e-06,0.0
1734768180.0,7.22623691362282e-06,7.22623691362282e-06,7.22623691362282e-06,7.22623691362282e-06,0.0
1734768240.0,7.22623691362282e-06,7.22623691362282e-06,7.22623691362282e-06,7.22623691362282e-06,0.0
1734768300.0,7.22623691362282e-06,7.26160465271312e-06,7.22623691362282e-06,7.26160465271312e-06,14.85261580356
1734768360.0,7.26160465271312e-06,7.26160465271312e-06,7.26160465271312e-06,7.26160465271312e-06,0.0
1734768420.0,7.26160465271312e-06,7.26160465271312e-06,7.26160465271312e-06,7.26160465271312e-06,0.0
1734768480.0,7.26160465271312e-06,7.26160465271312e-06,7.26160465271312e-06,7.26160465271312e-06,0.0
1734768540.0,7.26160465271312e-06,7.26160465271312e-06,7.26160465271312e-06,7.26160465271312e-06,0.0
1734768600.0,7.26160465271312e-06,7.26160465271312e-06,7.26160465271312e-06,7.26160465271312e-06,0.0
1734768660.0,7.26160465271312e-06,7.26160465271312e-06,7.22726857781123e-06,7.22726857781123e-06,2.04447462075
1734768720.0,7.22726857781123e-06,7.26712430172911e-06,7.22726857781123e-06,7.26712430172911e-06,4.54776498405
1734768780.0,7.26712430172911e-06,7.26712430172911e-06,7.26712430172911e-06,7.26712430172911e-06,0.0
1734768840.0,7.26712430172911e-06,7.26712430172911e-06,7.26712430172911e-06,7.26712430172911e-06,0.0
1734768900.0,7.26712430172911e-06,7.26712430172911e-06,7.26712430172911e-06,7.26712430172911e-06,0.0
1734768960.0,7.26712430172911e-06,7.26712430172911e-06,7.26712430172911e-06,7.26712430172911e-06,0.0
1734769020.0,7.26712430172911e-06,7.56903192700174e-06,7.26712430172911e-06,7.56903192700174e-06,198.19
1734769080.0,7.56903192700174e-06,9.23471352579966e-06,7.56903192700174e-06,9.23471352579966e-06,737.02188528392
1734769140.0,9.23471352579966e-06,9.23471352579966e-06,9.18593056312506e-06,9.18593056312506e-06,492.78301793104
1734769200.0,9.18593056312506e-06,9.18593056312506e-06,8.52537625700515e-06,8.52537625700515e-06,44.22259766655
1734769260.0,8.52537625700515e-06,8.53803369698587e-06,8.52537625700515e-06,8.53803369698587e-06,4.3669602386
1734769320.0,8.53803369698587e-06,8.53803369698587e-06,8.53803369698587e-06,8.53803369698587e-06,0.0
1734769380.0,8.53803369698587e-06,8.53803369698587e-06,8.53803369698587e-06,8.53803369698587e-06,0.0
1734769440.0,8.53803369698587e-06,8.53803369698587e-06,8.53803369698587e-06,8.53803369698587e-06,0.0
1734769500.0,8.53803369698587e-06,8.53803369698587e-06,8.50012376801624e-06,8.50012376801624e-06,7.67756316533
1734769560.0,8.50012376801624e-06,8.50012376801624e-06,8.50012376801624e-06,8.50012376801624e-06,0.0
1734769620.0,8.50012376801624e-06,8.50012376801624e-06,8.50012376801624e-06,8.50012376801624e-06,0.0
1734769680.0,8.50012376801624e-06,8.54190625980999e-06,8.50012376801624e-06,8.54190625980999e-06,6.50030906637
1734769740.0,8.54190625980999e-06,8.54190625980999e-06,8.54190625980999e-06,8.54190625980999e-06,0.0
1734769800.0,8.54190625980999e-06,8.54190625980999e-06,8.54190625980999e-06,8.54190625980999e-06,0.0
1734769860.0,8.54190625980999e-06,8.54190625980999e-06,8.54190625980999e-06,8.54190625980999e-06,0.0
1734769920.0,8.54190625980999e-06,8.54190625980999e-06,8.54190625980999e-06,8.54190625980999e-06,0.0
1734769980.0,8.54190625980999e-06,8.55990385933351e-06,8.54190625980999e-06,8.55990385933351e-06,10.8383
1734770040.0,8.55990385933351e-06,8.55990385933351e-06,8.55990385933351e-06,8.55990385933351e-06,0.0
1734770100.0,8.55990385933351e-06,8.55990385933351e-06,8.55990385933351e-06,8.55990385933351e-06,0.0
1734770160.0,8.55990385933351e-06,8.55990385933351e-06,8.52561660884345e-06,8.52561660884345e-06,1.53376616376
1734770220.0,8.52561660884345e-06,8.5687591458363e-06,8.52561660884345e-06,8.5687591458363e-06,0.9320568153
1734770280.0,8.5687591458363e-06,8.5687591458363e-06,8.5687591458363e-06,8.5687591458363e-06,0.0
1734770340.0,8.5687591458363e-06,8.5687591458363e-06,8.5687591458363e-06,8.5687591458363e-06,0.0
1734770400.0,8.5687591458363e-06,8.5687591458363e-06,8.5687591458363e-06,8.5687591458363e-06,0.0
1734770460.0,8.5687591458363e-06,8.5687591458363e-06,8.5687591458363e-06,8.5687591458363e-06,0.0
1734770520.0,8.5687591458363e-06,8.5687591458363e-06,8.5687591458363e-06,8.5687591458363e-06,0.0
1734770580.0,8.5687591458363e-06,8.5687591458363e-06,8.5687591458363e-06,8.5687591458363e-06,0.0
1734770640.0,8.5687591458363e-06,8.5687591458363e-06,8.5687591458363e-06,8.5687591458363e-06,0.0
1734770700.0,8.5687591458363e-06,8.5687591458363e-06,8.5687591458363e-06,8.5687591458363e-06,0.0
1734770760.0,8.5687591458363e-06,8.5687591458363e-06,8.5687591458363e-06,8.5687591458363e-06,0.0
1734770820.0,8.5687591458363e-06,8.5687591458363e-06,8.5687591458363e-06,8.5687591458363e-06,0.0
1734770880.0,8.5687591458363e-06,8.5687591458363e-06,8.5687591458363e-06,8.5687591458363e-06,0.0
1734770940.0,8.5687591458363e-06,8.5687591458363e-06,8.5687591458363e-06,8.5687591458363e-06,0.0
1734771000.0,8.5687591458363e-06,8.5687591458363e-06,8.5687591458363e-06,8.5687591458363e-06,0.0
1734771060.0,8.5687591458363e-06,8.5687591458363e-06,8.5687591458363e-06,8.5687591458363e-06,0.0
1734771120.0,8.5687591458363e-06,8.5687591458363e-06,8.5687591458363e-06,8.5687591458363e-06,0.0
1734771180.0,8.5687591458363e-06,8.5687591458363e-06,8.5687591458363e-06,8.5687591458363e-06,0.0
1734771240.0,8.5687591458363e-06,8.5687591458363e-06,8.5687591458363e-06,8.5687591458363e-06,0.0
1734771300.0,8.5687591458363e-06,8.5687591458363e-06,8.51524733889836e-06,8.51524733889836e-06,6.69130267848
1734771360.0,8.51524733889836e-06,8.51524733889836e-06,8.51524733889836e-06,8.51524733889836e-06,0.0
1734771420.0,8.51524733889836e-06,8.51524733889836e-06,8.51524733889836e-06,8.51524733889836e-06,0.0
1734771480.0,8.51524733889836e-06,8.51524733889836e-06,8.51524733889836e-06,8.51524733889836e-06,0.0
1734771540.0,8.51524733889836e-06,8.51524733889836e-06,8.51524733889836e-06,8.51524733889836e-06,0.0
1734771600.0,8.51524733889836e-06,8.51524733889836e-06,8.51524733889836e-06,8.51524733889836e-06,0.0
1734771660.0,8.51524733889836e-06,8.51524733889836e-06,7.59722304377698e-06,7.59722304377698e-06,396.26473308852
1734771720.0,7.59722304377698e-06,7.59722304377698e-06,7.59722304377698e-06,7.59722304377698e-06,0.0
1734771780.0,7.59722304377698e-06,7.59722304377698e-06,7.59722304377698e-06,7.59722304377698e-06,0.0
1734771840.0,7.59722304377698e-06,7.59722304377698e-06,7.59722304377698e-06,7.59722304377698e-06,0.0
1734771900.0,7.59722304377698e-06,7.59722304377698e-06,7.28343315074066e-06,7.28343315074066e-06,9.22207010907
1734771960.0,7.28343315074066e-06,7.28343315074066e-06,7.28343315074066e-06,7.28343315074066e-06,0.0
1734772020.0,7.28343315074066e-06,7.28343315074066e-06,7.28343315074066e-06,7.28343315074066e-06,0.0
1734772080.0,7.28343315074066e-06,7.28343315074066e-06,7.28343315074066e-06,7.28343315074066e-06,0.0
1734772140.0,7.28343315074066e-06,7.28343315074066e-06,7.28343315074066e-06,7.28343315074066e-06,0.0
1734772200.0,7.28343315074066e-06,7.28343315074066e-06,7.28343315074066e-06,7.28343315074066e-06,0.0
1734772260.0,7.28343315074066e-06,7.28343315074066e-06,7.28343315074066e-06,7.28343315074066e-06,0.0
1734772320.0,7.28343315074066e-06,7.28343315074066e-06,7.28343315074066e-06,7.28343315074066e-06,0.0
1734772380.0,7.28343315074066e-06,7.28343315074066e-06,7.28343315074066e-06,7.28343315074066e-06,0.0
1734772440.0,7.28343315074066e-06,7.28343315074066e-06,7.24473764153566e-06,7.24473764153566e-06,2.4464297604
1734772500.0,7.24473764153566e-06,7.24473764153566e-06,7.24473764153566e-06,7.24473764153566e-06,0.0
1734772560.0,7.24473764153566e-06,7.24473764153566e-06,7.24473764153566e-06,7.24473764153566e-06,0.0
1734772620.0,7.24473764153566e-06,7.24473764153566e-06,7.24061559542459e-06,7.24061559542459e-06,0.4043906889
1734772680.0,7.24061559542459e-06,7.24061559542459e-06,7.24061559542459e-06,7.24061559542459e-06,0.0
1734772740.0,7.24061559542459e-06,7.24061559542459e-06,7.24061559542459e-06,7.24061559542459e-06,0.0
1734772800.0,7.24061559542459e-06,7.24061559542459e-06,7.22288964877408e-06,7.22288964877408e-06,1.38080744935
1734772860.0,7.22288964877408e-06,7.26623143214323e-06,7.22288964877408e-06,7.26623143214323e-06,9.891707437
1734772920.0,7.26623143214323e-06,7.26623143214323e-06,7.26623143214323e-06,7.26623143214323e-06,0.0
1734772980.0,7.26623143214323e-06,7.26623143214323e-06,7.26623143214323e-06,7.26623143214323e-06,0.0
1734773040.0,7.26623143214323e-06,7.26623143214323e-06,7.26623143214323e-06,7.26623143214323e-06,0.0
1734773100.0,7.26623143214323e-06,7.26623143214323e-06,7.26623143214323e-06,7.26623143214323e-06,0.0
1734773160.0,7.26623143214323e-06,7.26623143214323e-06,7.26623143214323e-06,7.26623143214323e-06,0.0
1734773220.0,7.26623143214323e-06,7.26623143214323e-06,7.26623143214323e-06,7.26623143214323e-06,0.0
1734773280.0,7.26623143214323e-06,7.26623143214323e-06,7.26623143214323e-06,7.26623143214323e-06,0.0
1734773340.0,7.26623143214323e-06,7.26623143214323e-06,7.26623143214323e-06,7.26623143214323e-06,0.0
1734773400.0,7.26623143214323e-06,7.26623143214323e-06,7.26623143214323e-06,7.26623143214323e-06,0.0
1734773460.0,7.26623143214323e-06,7.26623143214323e-06,7.26623143214323e-06,7.26623143214323e-06,0.0
1734773520.0,7.26623143214323e-06,7.26623143214323e-06,7.26623143214323e-06,7.26623143214323e-06,0.0
1734773580.0,7.26623143214323e-06,7.26623143214323e-06,7.26623143214323e-06,7.26623143214323e-06,0.0
1734773640.0,7.26623143214323e-06,7.26623143214323e-06,7.26623143214323e-06,7.26623143214323e-06,0.0
1734773700.0,7.26623143214323e-06,7.26623143214323e-06,7.26623143214323e-06,7.26623143214323e-06,0.0
1734773760.0,7.26623143214323e-06,7.28303514501055e-06,7.26623143214323e-06,7.28303514501055e-06,2.9769190353
1734773820.0,7.28303514501055e-06,7.28303514501055e-06,7.28303514501055e-06,7.28303514501055e-06,0.0
1734773880.0,7.28303514501055e-06,7.28303514501055e-06,7.28303514501055e-06,7.28303514501055e-06,0.0
1734773940.0,7.28303514501055e-06,7.29109123455677e-06,7.28303514501055e-06,7.29109123455677e-06,4.89531767427
1734774000.0,7.29109123455677e-06,7.29109123455677e-06,7.29109123455677e-06,7.29109123455677e-06,0.0
1734774060.0,7.29109123455677e-06,7.29109123455677e-06,7.29109123455677e-06,7.29109123455677e-06,0.0
1734774120.0,7.29109123455677e-06,7.29109123455677e-06,7.29109123455677e-06,7.29109123455677e-06,0.0
1734774180.0,7.29109123455677e-06,7.29109123455677e-06,7.29109123455677e-06,7.29109123455677e-06,0.0
1734774240.0,7.29109123455677e-06,7.29109123455677e-06,7.29109123455677e-06,7.29109123455677e-06,0.0
1734774300.0,7.29109123455677e-06,7.29109123455677e-06,7.29109123455677e-06,7.29109123455677e-06,0.0
1734774360.0,7.29109123455677e-06,7.29109123455677e-06,7.29109123455677e-06,7.29109123455677e-06,0.0
1734774420.0,7.29109123455677e-06,7.29109123455677e-06,7.29109123455677e-06,7.29109123455677e-06,0.0
1734774480.0,7.29109123455677e-06,7.29109123455677e-06,7.23961092000138e-06,7.23961092000138e-06,2.96944478028
1734774540.0,7.23961092000138e-06,7.23961092000138e-06,7.23961092000138e-06,7.23961092000138e-06,0.0
1734774600.0,7.23961092000138e-06,7.23961092000138e-06,7.23961092000138e-06,7.23961092000138e-06,0.0
1734774660.0,7.23961092000138e-06,7.23961092000138e-06,7.23961092000138e-06,7.23961092000138e-06,0.0
1734774720.0,7.23961092000138e-06,7.23961092000138e-06,7.23961092000138e-06,7.23961092000138e-06,0.0
1734774780.0,7.23961092000138e-06,7.23961092000138e-06,7.23961092000138e-06,7.23961092000138e-06,0.0
1734774840.0,7.23961092000138e-06,7.23961092000138e-06,7.23961092000138e-06,7.23961092000138e-06,0.0
1734774900.0,7.23961092000138e-06,7.23961092000138e-06,7.23961092000138e-06,7.23961092000138e-06,0.0
1734774960.0,7.23961092000138e-06,7.23961092000138e-06,7.23961092000138e-06,7.23961092000138e-06,0.0
1734775020.0,7.23961092000138e-06,7.23961092000138e-06,7.23961092000138e-06,7.23961092000138e-06,0.0
1734775080.0,7.23961092000138e-06,7.23961092000138e-06,7.23961092000138e-06,7.23961092000138e-06,0.0
1734775140.0,7.23961092000138e-06,7.23961092000138e-06,7.23961092000138e-06,7.23961092000138e-06,0.0
1734775200.0,7.23961092000138e-06,7.23961092000138e-06,7.23961092000138e-06,7.23961092000138e-06,0.0
1734775260.0,7.23961092000138e-06,7.23961092000138e-06,7.23961092000138e-06,7.23961092000138e-06,0.0
1734775320.0,7.23961092000138e-06,7.28206408349539e-06,7.23961092000138e-06,7.28206408349539e-06,0.93128916167
1734775380.0,7.28206408349539e-06,7.28206408349539e-06,7.28206408349539e-06,7.28206408349539e-06,0.0
1734775440.0,7.28206408349539e-06,7.28206408349539e-06,7.28206408349539e-06,7.28206408349539e-06,0.0
1734775500.0,7.28206408349539e-06,7.28206408349539e-06,7.28206408349539e-06,7.28206408349539e-06,0.0
1734775560.0,7.28206408349539e-06,7.28206408349539e-06,7.27322339622225e-06,7.27322339622225e-06,1.82258914416
1734775620.0,7.27322339622225e-06,7.27322339622225e-06,7.27322339622225e-06,7.27322339622225e-06,0.0
1734775680.0,7.27322339622225e-06,7.27322339622225e-06,7.27322339622225e-06,7.27322339622225e-06,0.0
1734775740.0,7.27322339622225e-06,7.27322339622225e-06,7.27322339622225e-06,7.27322339622225e-06,0.0
1734775800.0,7.27322339622225e-06,7.27322339622225e-06,7.25066169896576e-06,7.25066169896576e-06,5.5176842903
1734775860.0,7.25066169896576e-06,7.25066169896576e-06,7.24311407796898e-06,7.24311407796898e-06,0.19709108244
1734775920.0,7.24311407796898e-06,7.24311407796898e-06,7.24311407796898e-06,7.24311407796898e-06,0.0
1734775980.0,7.24311407796898e-06,7.24311407796898e-06,7.24311407796898e-06,7.24311407796898e-06,0.0
1734776040.0,7.24311407796898e-06,7.24311407796898e-06,7.24311407796898e-06,7.24311407796898e-06,0.0
1734776100.0,7.24311407796898e-06,7.24311407796898e-06,7.24311407796898e-06,7.24311407796898e-06,0.0
1734776160.0,7.24311407796898e-06,7.24311407796898e-06,7.24311407796898e-06,7.24311407796898e-06,0.0
1734776220.0,7.24311407796898e-06,7.24311407796898e-06,7.24311407796898e-06,7.24311407796898e-06,0.0
1734776280.0,7.24311407796898e-06,7.24311407796898e-06,7.24311407796898e-06,7.24311407796898e-06,0.0
1734776340.0,7.24311407796898e-06,7.24714398852723e-06,7.24311407796898e-06,7.24714398852723e-06,0.36153946455
1734776400.0,7.24714398852723e-06,7.24714398852723e-06,7.24714398852723e-06,7.24714398852723e-06,0.0
1734776460.0,7.24714398852723e-06,7.24714398852723e-06,7.24714398852723e-06,7.24714398852723e-06,0.0
1734776520.0,7.24714398852723e-06,7.24714398852723e-06,7.24714398852723e-06,7.24714398852723e-06,0.0
1734776580.0,7.24714398852723e-06,7.24714398852723e-06,7.24714398852723e-06,7.24714398852723e-06,0.0
1734776640.0,7.24714398852723e-06,7.24714398852723e-06,7.24714398852723e-06,7.24714398852723e-06,0.0
1734776700.0,7.24714398852723e-06,7.24714398852723e-06,7.24714398852723e-06,7.24714398852723e-06,0.0
1734776760.0,7.24714398852723e-06,7.24714398852723e-06,7.24714398852723e-06,7.24714398852723e-06,0.0
1734776820.0,7.24714398852723e-06,7.24714398852723e-06,7.24714398852723e-06,7.24714398852723e-06,0.0
1734776880.0,7.24714398852723e-06,7.57406635992557e-06,7.24714398852723e-06,7.57406635992557e-06,195.11
1734776940.0,7.57406635992557e-06,7.57406635992557e-06,7.57406635992557e-06,7.57406635992557e-06,0.0
1734777000.0,7.57406635992557e-06,7.57406635992557e-06,7.57406635992557e-06,7.57406635992557e-06,0.0
1734777060.0,7.57406635992557e-06,7.57406635992557e-06,7.57406635992557e-06,7.57406635992557e-06,0.0
1734777120.0,7.57406635992557e-06,7.57406635992557e-06,7.57406635992557e-06,7.57406635992557e-06,0.0
1734777180.0,7.57406635992557e-06,7.57406635992557e-06,7.57406635992557e-06,7.57406635992557e-06,0.0
1734777240.0,7.57406635992557e-06,7.57406635992557e-06,7.57406635992557e-06,7.57406635992557e-06,0.0
1734777300.0,7.57406635992557e-06,7.57406635992557e-06,7.57406635992557e-06,7.57406635992557e-06,0.0
1734777360.0,7.57406635992557e-06,7.57406635992557e-06,7.57406635992557e-06,7.57406635992557e-06,0.0
1734777420.0,7.57406635992557e-06,7.57406635992557e-06,7.57406635992557e-06,7.57406635992557e-06,0.0
1734777480.0,7.57406635992557e-06,7.57406635992557e-06,7.57406635992557e-06,7.57406635992557e-06,0.0
1734777540.0,7.57406635992557e-06,7.57406635992557e-06,7.57406635992557e-06,7.57406635992557e-06,0.0
1734777600.0,7.57406635992557e-06,7.57406635992557e-06,7.57406635992557e-06,7.57406635992557e-06,0.0
1734777660.0,7.57406635992557e-06,7.57406635992557e-06,7.57406635992557e-06,7.57406635992557e-06,0.0
1734777720.0,7.57406635992557e-06,7.57406635992557e-06,7.57406635992557e-06,7.57406635992557e-06,0.0
1734777780.0,7.57406635992557e-06,7.57406635992557e-06,7.57406635992557e-06,7.57406635992557e-06,0.0
1734777840.0,7.57406635992557e-06,7.57406635992557e-06,7.57406635992557e-06,7.57406635992557e-06,0.0
1734777900.0,7.57406635992557e-06,7.57406635992557e-06,7.57406635992557e-06,7.57406635992557e-06,0.0
1734777960.0,7.57406635992557e-06,7.57406635992557e-06,7.57406635992557e-06,7.57406635992557e-06,0.0
1734778020.0,7.57406635992557e-06,7.57406635992557e-06,7.57406635992557e-06,7.57406635992557e-06,0.0
1734778080.0,7.57406635992557e-06,7.57406635992557e-06,7.57406635992557e-06,7.57406635992557e-06,0.0
1734778140.0,7.57406635992557e-06,7.57406635992557e-06,7.57406635992557e-06,7.57406635992557e-06,0.0
1734778200.0,7.57406635992557e-06,7.57406635992557e-06,7.57406635992557e-06,7.57406635992557e-06,0.0
1734778260.0,7.57406635992557e-06,7.57406635992557e-06,7.57406635992557e-06,7.57406635992557e-06,0.0
1734778320.0,7.57406635992557e-06,7.57406635992557e-06,7.57406635992557e-06,7.57406635992557e-06,0.0
1734778380.0,7.57406635992557e-06,7.57406635992557e-06,7.57406635992557e-06,7.57406635992557e-06,0.0
1734778440.0,7.57406635992557e-06,7.57406635992557e-06,7.57406635992557e-06,7.57406635992557e-06,0.0
1734778500.0,7.57406635992557e-06,7.57406635992557e-06,7.57406635992557e-06,7.57406635992557e-06,0.0
1734778560.0,7.57406635992557e-06,7.57406635992557e-06,7.57406635992557e-06,7.57406635992557e-06,0.0
1734778620.0,7.57406635992557e-06,7.57406635992557e-06,7.57406635992557e-06,7.57406635992557e-06,0.0
1734778680.0,7.57406635992557e-06,7.57406635992557e-06,7.57406635992557e-06,7.57406635992557e-06,0.0
1734778740.0,7.57406635992557e-06,7.57406635992557e-06,7.57406635992557e-06,7.57406635992557e-06,0.0
1734778800.0,7.57406635992557e-06,7.57406635992557e-06,7.57406635992557e-06,7.57406635992557e-06,0.0
1734778860.0,7.57406635992557e-06,7.57406635992557e-06,7.57406635992557e-06,7.57406635992557e-06,0.0
1734778920.0,7.57406635992557e-06,7.79367068650124e-06,7.57406635992557e-06,7.78808016885296e-06,3.720117852
1734778980.0,7.78808016885296e-06,7.78808016885296e-06,7.78808016885296e-06,7.78808016885296e-06,0.0
1734779040.0,7.78808016885296e-06,7.78808016885296e-06,7.78808016885296e-06,7.78808016885296e-06,0.0
1734779100.0,7.78808016885296e-06,7.78808016885296e-06,7.78808016885296e-06,7.78808016885296e-06,0.0
1734779160.0,7.78808016885296e-06,7.78808016885296e-06,7.78808016885296e-06,7.78808016885296e-06,0.0
1734779220.0,7.78808016885296e-06,7.78808016885296e-06,7.78808016885296e-06,7.78808016885296e-06,0.0
1734779280.0,7.78808016885296e-06,7.78808016885296e-06,7.78808016885296e-06,7.78808016885296e-06,0.0
1734779340.0,7.78808016885296e-06,7.78808016885296e-06,7.78808016885296e-06,7.78808016885296e-06,0.0
1734779400.0,7.78808016885296e-06,7.78808016885296e-06,7.78808016885296e-06,7.78808016885296e-06,0.0
1734779460.0,7.78808016885296e-06,7.78808016885296e-06,7.78808016885296e-06,7.78808016885296e-06,0.0
1734779520.0,7.78808016885296e-06,7.78808016885296e-06,7.78808016885296e-06,7.78808016885296e-06,0.0
1734779580.0,7.78808016885296e-06,7.78808016885296e-06,7.78808016885296e-06,7.78808016885296e-06,0.0
1734779640.0,7.78808016885296e-06,7.78808016885296e-06,7.78808016885296e-06,7.78808016885296e-06,0.0
1734779700.0,7.78808016885296e-06,7.78808016885296e-06,7.78808016885296e-06,7.78808016885296e-06,0.0
1734779760.0,7.78808016885296e-06,7.78808016885296e-06,7.68438611289763e-06,7.68438611289763e-06,53.7189445878
1734779820.0,7.68438611289763e-06,7.68438611289763e-06,7.68438611289763e-06,7.68438611289763e-06,0.0
1734779880.0,7.68438611289763e-06,7.68438611289763e-06,7.68438611289763e-06,7.68438611289763e-06,0.0
1734779940.0,7.68438611289763e-06,7.68438611289763e-06,7.68438611289763e-06,7.68438611289763e-06,0.0
1734780000.0,7.68438611289763e-06,7.68438611289763e-06,7.68438611289763e-06,7.68438611289763e-06,0.0
1734780060.0,7.68438611289763e-06,7.68438611289763e-06,7.68438611289763e-06,7.68438611289763e-06,0.0
1734780120.0,7.68438611289763e-06,7.68438611289763e-06,7.68438611289763e-06,7.68438611289763e-06,0.0
1734780180.0,7.68438611289763e-06,7.68438611289763e-06,7.68438611289763e-06,7.68438611289763e-06,0.0
1734780240.0,7.68438611289763e-06,7.68438611289763e-06,7.68438611289763e-06,7.68438611289763e-06,0.0
1734780300.0,7.68438611289763e-06,7.68438611289763e-06,7.68438611289763e-06,7.68438611289763e-06,0.0
1734780360.0,7.68438611289763e-06,7.68438611289763e-06,7.68438611289763e-06,7.68438611289763e-06,0.0
1734780420.0,7.68438611289763e-06,7.68438611289763e-06,7.5693607015842e-06,7.5693607015842e-06,2.32126263172
1734780480.0,7.5693607015842e-06,7.5693607015842e-06,7.5693607015842e-06,7.5693607015842e-06,0.0
1734780540.0,7.5693607015842e-06,7.5693607015842e-06,7.5693607015842e-06,7.5693607015842e-06,0.0
1734780600.0,7.5693607015842e-06,7.5693607015842e-06,7.54598693558012e-06,7.54598693558012e-06,2.32510403944
1734780660.0,7.54598693558012e-06,7.54598693558012e-06,7.26478474923218e-06,7.26478474923218e-06,187.14282197504
1734780720.0,7.26478474923218e-06,7.26478474923218e-06,7.26478474923218e-06,7.26478474923218e-06,0.0
1734780780.0,7.26478474923218e-06,7.26478474923218e-06,7.26478474923218e-06,7.26478474923218e-06,0.0
1734780840.0,7.26478474923218e-06,7.26478474923218e-06,7.26478474923218e-06,7.26478474923218e-06,0.0
1734780900.0,7.26478474923218e-06,7.26478474923218e-06,7.26478474923218e-06,7.26478474923218e-06,0.0
1734780960.0,7.26478474923218e-06,7.26478474923218e-06,7.26478474923218e-06,7.26478474923218e-06,0.0
1734781020.0,7.26478474923218e-06,7.26478474923218e-06,7.26478474923218e-06,7.26478474923218e-06,0.0
1734781080.0,7.26478474923218e-06,7.26478474923218e-06,7.26478474923218e-06,7.26478474923218e-06,0.0
1734781140.0,7.26478474923218e-06,7.26478474923218e-06,7.26478474923218e-06,7.26478474923218e-06,0.0
1734781200.0,7.26478474923218e-06,7.26478474923218e-06,7.26478474923218e-06,7.26478474923218e-06,0.0
1734781260.0,7.26478474923218e-06,7.26478474923218e-06,7.26478474923218e-06,7.26478474923218e-06,0.0
1734781320.0,7.26478474923218e-06,7.26478474923218e-06,7.26478474923218e-06,7.26478474923218e-06,0.0
1734781380.0,7.26478474923218e-06,7.26478474923218e-06,7.26478474923218e-06,7.26478474923218e-06,0.0
1734781440.0,7.26478474923218e-06,7.26478474923218e-06,7.26478474923218e-06,7.26478474923218e-06,0.0
1734781500.0,7.26478474923218e-06,7.26478474923218e-06,7.06814560501184e-06,7.18557187648153e-06,81.8625469233
1734781560.0,7.18557187648153e-06,7.18557187648153e-06,7.18557187648153e-06,7.18557187648153e-06,0.0
1734781620.0,7.18557187648153e-06,7.25705527310823e-06,7.18557187648153e-06,7.25705527310823e-06,4.4970072632
1734781680.0,7.25705527310823e-06,7.25705527310823e-06,7.25705527310823e-06,7.25705527310823e-06,0.0
1734781740.0,7.25705527310823e-06,7.25705527310823e-06,7.24404422603399e-06,7.24404422603399e-06,0.04468461775
1734781800.0,7.24404422603399e-06,7.24404422603399e-06,7.24404422603399e-06,7.24404422603399e-06,0.0
1734781860.0,7.24404422603399e-06,7.24404422603399e-06,7.24404422603399e-06,7.24404422603399e-06,0.0
1734781920.0,7.24404422603399e-06,7.24404422603399e-06,7.24404422603399e-06,7.24404422603399e-06,0.0
1734781980.0,7.24404422603399e-06,7.24404422603399e-06,7.24404422603399e-06,7.24404422603399e-06,0.0
1734782040.0,7.24404422603399e-06,7.24404422603399e-06,7.24404422603399e-06,7.24404422603399e-06,0.0
1734782100.0,7.24404422603399e-06,7.24404422603399e-06,7.24404422603399e-06,7.24404422603399e-06,0.0
1734782160.0,7.24404422603399e-06,7.24404422603399e-06,7.24404422603399e-06,7.24404422603399e-06,0.0
1734782220.0,7.24404422603399e-06,7.24404422603399e-06,7.0193646953775e-06,7.0193646953775e-06,114.38680383328
1734782280.0,7.0193646953775e-06,7.0193646953775e-06,7.0193646953775e-06,7.0193646953775e-06,0.0
1734782340.0,7.0193646953775e-06,7.0193646953775e-06,7.0193646953775e-06,7.0193646953775e-06,0.0
1734782400.0,7.0193646953775e-06,7.0193646953775e-06,7.0193646953775e-06,7.0193646953775e-06,0.0
1734782460.0,7.0193646953775e-06,7.0193646953775e-06,7.0193646953775e-06,7.0193646953775e-06,0.0
1734782520.0,7.0193646953775e-06,7.0193646953775e-06,7.0193646953775e-06,7.0193646953775e-06,0.0
1734782580.0,7.0193646953775e-06,7.0193646953775e-06,7.0193646953775e-06,7.0193646953775e-06,0.0
1734782640.0,7.0193646953775e-06,7.0193646953775e-06,7.0193646953775e-06,7.0193646953775e-06,0.0
1734782700.0,7.0193646953775e-06,7.0193646953775e-06,7.0193646953775e-06,7.0193646953775e-06,0.0
1734782760.0,7.0193646953775e-06,7.0193646953775e-06,7.0193646953775e-06,7.0193646953775e-06,0.0
1734782820.0,7.0193646953775e-06,7.0193646953775e-06,7.0193646953775e-06,7.0193646953775e-06,0.0
1734782880.0,7.0193646953775e-06,7.0193646953775e-06,6.88246092232612e-06,6.88246092232612e-06,0.06815991048
1734782940.0,6.88246092232612e-06,6.88246092232612e-06,6.88246092232612e-06,6.88246092232612e-06,0.0
1734783000.0,6.88246092232612e-06,6.88246092232612e-06,6.81419860144555e-06,6.81419860144555e-06,46.81136641958
1734783060.0,6.81419860144555e-06,6.81419860144555e-06,6.81419860144555e-06,6.81419860144555e-06,0.0
1734783120.0,6.81419860144555e-06,6.81419860144555e-06,6.69951212682345e-06,6.69951212682345e-06,17.97990905854
1734783180.0,6.69951212682345e-06,6.69951212682345e-06,6.69951212682345e-06,6.69951212682345e-06,0.0
1734783240.0,6.69951212682345e-06,6.69951212682345e-06,6.69951212682345e-06,6.69951212682345e-06,0.0
1734783300.0,6.69951212682345e-06,6.69951212682345e-06,6.69951212682345e-06,6.69951212682345e-06,0.0
1734783360.0,6.69951212682345e-06,6.69951212682345e-06,6.69951212682345e-06,6.69951212682345e-06,0.0
1734783420.0,6.69951212682345e-06,6.69951212682345e-06,6.69951212682345e-06,6.69951212682345e-06,0.0
1734783480.0,6.69951212682345e-06,6.69951212682345e-06,6.69951212682345e-06,6.69951212682345e-06,0.0
1734783540.0,6.69951212682345e-06,6.69951212682345e-06,6.69951212682345e-06,6.69951212682345e-06,0.0
1734783600.0,6.69951212682345e-06,6.69951212682345e-06,6.69951212682345e-06,6.69951212682345e-06,0.0
1734783660.0,6.69951212682345e-06,6.69951212682345e-06,6.69951212682345e-06,6.69951212682345e-06,0.0
1734783720.0,6.69951212682345e-06,6.69951212682345e-06,6.25242206010765e-06,6.25242206010765e-06,159.32476847749
1734783780.0,6.25242206010765e-06,6.25242206010765e-06,6.25242206010765e-06,6.25242206010765e-06,0.0
1734783840.0,6.25242206010765e-06,6.25242206010765e-06,6.25242206010765e-06,6.25242206010765e-06,0.0
1734783900.0,6.25242206010765e-06,6.25242206010765e-06,6.25242206010765e-06,6.25242206010765e-06,0.0
1734783960.0,6.25242206010765e-06,6.25242206010765e-06,6.25242206010765e-06,6.25242206010765e-06,0.0
1734784020.0,6.25242206010765e-06,6.25242206010765e-06,6.25242206010765e-06,6.25242206010765e-06,0.0
1734784080.0,6.25242206010765e-06,6.25242206010765e-06,6.25242206010765e-06,6.25242206010765e-06,0.0
1734784140.0,6.25242206010765e-06,6.25242206010765e-06,6.25242206010765e-06,6.25242206010765e-06,0.0
1734784200.0,6.25242206010765e-06,6.25242206010765e-06,6.25242206010765e-06,6.25242206010765e-06,0.0
1734784260.0,6.25242206010765e-06,6.25242206010765e-06,6.25242206010765e-06,6.25242206010765e-06,0.0
1734784320.0,6.25242206010765e-06,6.25242206010765e-06,6.20454927406086e-06,6.20454927406086e-06,0.00117490854
1734784380.0,6.20454927406086e-06,6.20454927406086e-06,6.20454927406086e-06,6.20454927406086e-06,0.0
1734784440.0,6.20454927406086e-06,6.20454927406086e-06,6.20454927406086e-06,6.20454927406086e-06,0.0
1734784500.0,6.20454927406086e-06,6.20454927406086e-06,6.20454927406086e-06,6.20454927406086e-06,0.0
1734784560.0,6.20454927406086e-06,6.20454927406086e-06,6.20454927406086e-06,6.20454927406086e-06,0.0
1734784620.0,6.20454927406086e-06,6.20454927406086e-06,6.20454927406086e-06,6.20454927406086e-06,0.0
1734784680.0,6.20454927406086e-06,6.20454927406086e-06,6.20454927406086e-06,6.20454927406086e-06,0.0
1734784740.0,6.20454927406086e-06,6.20454927406086e-06,6.20454927406086e-06,6.20454927406086e-06,0.0
1734784800.0,6.20454927406086e-06,6.20454927406086e-06,6.20454927406086e-06,6.20454927406086e-06,0.0
1734784860.0,6.20454927406086e-06,6.20454927406086e-06,6.20454927406086e-06,6.20454927406086e-06,0.0
1734784920.0,6.20454927406086e-06,6.20454927406086e-06,6.20454927406086e-06,6.20454927406086e-06,0.0
1734784980.0,6.20454927406086e-06,6.20454927406086e-06,6.20454927406086e-06,6.20454927406086e-06,0.0
1734785040.0,6.20454927406086e-06,6.20454927406086e-06,6.20454927406086e-06,6.20454927406086e-06,0.0
1734785100.0,6.20454927406086e-06,6.20454927406086e-06,6.20454927406086e-06,6.20454927406086e-06,0.0
1734785160.0,6.20454927406086e-06,6.20454927406086e-06,6.20454927406086e-06,6.20454927406086e-06,0.0
1734785220.0,6.20454927406086e-06,6.20454927406086e-06,6.20454927406086e-06,6.20454927406086e-06,0.0
1734785280.0,6.20454927406086e-06,6.20454927406086e-06,6.20454927406086e-06,6.20454927406086e-06,0.0
1734785340.0,6.20454927406086e-06,6.20454927406086e-06,6.20454927406086e-06,6.20454927406086e-06,0.0
1734785400.0,6.20454927406086e-06,6.20454927406086e-06,6.20454927406086e-06,6.20454927406086e-06,0.0
1734785460.0,6.20454927406086e-06,6.20454927406086e-06,6.20454927406086e-06,6.20454927406086e-06,0.0
1734785520.0,6.20454927406086e-06,6.20454927406086e-06,6.20454927406086e-06,6.20454927406086e-06,0.0
1734785580.0,6.20454927406086e-06,6.20454927406086e-06,6.20454927406086e-06,6.20454927406086e-06,0.0
1734785640.0,6.20454927406086e-06,6.20454927406086e-06,6.20454927406086e-06,6.20454927406086e-06,0.0
1734785700.0,6.20454927406086e-06,6.20454927406086e-06,6.20454927406086e-06,6.20454927406086e-06,0.0
1734785760.0,6.20454927406086e-06,6.20454927406086e-06,6.20454927406086e-06,6.20454927406086e-06,0.0
1734785820.0,6.20454927406086e-06,6.20454927406086e-06,6.20454927406086e-06,6.20454927406086e-06,0.0
1734785880.0,6.20454927406086e-06,6.20454927406086e-06,6.20454927406086e-06,6.20454927406086e-06,0.0
1734785940.0,6.20454927406086e-06,6.20454927406086e-06,6.20454927406086e-06,6.20454927406086e-06,0.0
1734786000.0,6.20454927406086e-06,6.20454927406086e-06,6.20454927406086e-06,6.20454927406086e-06,0.0
1734786060.0,6.20454927406086e-06,6.20454927406086e-06,6.20454927406086e-06,6.20454927406086e-06,0.0
1734786120.0,6.20454927406086e-06,6.20454927406086e-06,6.20454927406086e-06,6.20454927406086e-06,0.0
1734786180.0,6.20454927406086e-06,6.20454927406086e-06,6.20454927406086e-06,6.20454927406086e-06,0.0
1734786240.0,6.20454927406086e-06,6.20454927406086e-06,6.20454927406086e-06,6.20454927406086e-06,0.0
1734786300.0,6.20454927406086e-06,6.20454927406086e-06,6.20454927406086e-06,6.20454927406086e-06,0.0
1734786360.0,6.20454927406086e-06,6.20454927406086e-06,6.20454927406086e-06,6.20454927406086e-06,0.0
1734786420.0,6.20454927406086e-06,6.20454927406086e-06,6.20454927406086e-06,6.20454927406086e-06,0.0
1734786480.0,6.20454927406086e-06,6.20454927406086e-06,6.20454927406086e-06,6.20454927406086e-06,0.0
1734786540.0,6.20454927406086e-06,6.20454927406086e-06,6.20454927406086e-06,6.20454927406086e-06,0.0
1734786600.0,6.20454927406086e-06,6.20454927406086e-06,6.20454927406086e-06,6.20454927406086e-06,0.0
1734786660.0,6.20454927406086e-06,6.20454927406086e-06,6.20454927406086e-06,6.20454927406086e-06,0.0
1734786720.0,6.20454927406086e-06,6.20454927406086e-06,6.20454927406086e-06,6.20454927406086e-06,0.0
1734786780.0,6.20454927406086e-06,6.20454927406086e-06,6.20454927406086e-06,6.20454927406086e-06,0.0
1734786840.0,6.20454927406086e-06,6.20454927406086e-06,6.20454927406086e-06,6.20454927406086e-06,0.0
1734786900.0,6.20454927406086e-06,6.20454927406086e-06,6.20454927406086e-06,6.20454927406086e-06,0.0
1734786960.0,6.20454927406086e-06,6.20454927406086e-06,6.20454927406086e-06,6.20454927406086e-06,0.0
1734787020.0,6.20454927406086e-06,6.20454927406086e-06,6.20454927406086e-06,6.20454927406086e-06,0.0
1734787080.0,6.20454927406086e-06,6.20454927406086e-06,6.20454927406086e-06,6.20454927406086e-06,0.0
1734787140.0,6.20454927406086e-06,6.20454927406086e-06,6.20454927406086e-06,6.20454927406086e-06,0.0
1734787200.0,6.20454927406086e-06,6.20454927406086e-06,6.20454927406086e-06,6.20454927406086e-06,0.0
1734787260.0,6.20454927406086e-06,6.20454927406086e-06,6.20454927406086e-06,6.20454927406086e-06,0.0
1734787320.0,6.20454927406086e-06,6.20454927406086e-06,6.04720640325701e-06,6.04720640325701e-06,0.5637301714
1734787380.0,6.04720640325701e-06,6.04720640325701e-06,6.04524306187102e-06,6.04524306187102e-06,0.1613258666
1734787440.0,6.04524306187102e-06,6.04524306187102e-06,6.04524306187102e-06,6.04524306187102e-06,0.0
1734787500.0,6.04524306187102e-06,6.04524306187102e-06,6.04524306187102e-06,6.04524306187102e-06,0.0
1734787560.0,6.04524306187102e-06,6.04524306187102e-06,6.04524306187102e-06,6.04524306187102e-06,0.0
1734787620.0,6.04524306187102e-06,6.04524306187102e-06,6.04524306187102e-06,6.04524306187102e-06,0.0
1734787680.0,6.04524306187102e-06,6.04524306187102e-06,6.04524306187102e-06,6.04524306187102e-06,0.0
1734787740.0,6.04524306187102e-06,6.04524306187102e-06,6.04524306187102e-06,6.04524306187102e-06,0.0
1734787800.0,6.04524306187102e-06,6.04524306187102e-06,6.04524306187102e-06,6.04524306187102e-06,0.0
1734787860.0,6.04524306187102e-06,6.04524306187102e-06,6.04524306187102e-06,6.04524306187102e-06,0.0
1734787920.0,6.04524306187102e-06,6.04524306187102e-06,6.04524306187102e-06,6.04524306187102e-06,0.0
1734787980.0,6.04524306187102e-06,6.04524306187102e-06,6.04524306187102e-06,6.04524306187102e-06,0.0
1734788040.0,6.04524306187102e-06,6.04524306187102e-06,6.04524306187102e-06,6.04524306187102e-06,0.0
1734788100.0,6.04524306187102e-06,6.04524306187102e-06,6.04524306187102e-06,6.04524306187102e-06,0.0
1734788160.0,6.04524306187102e-06,6.04524306187102e-06,6.04524306187102e-06,6.04524306187102e-06,0.0
1734788220.0,6.04524306187102e-06,6.04524306187102e-06,6.04524306187102e-06,6.04524306187102e-06,0.0
1734788280.0,6.04524306187102e-06,6.04524306187102e-06,6.04524306187102e-06,6.04524306187102e-06,0.0
1734788340.0,6.04524306187102e-06,6.04524306187102e-06,6.04524306187102e-06,6.04524306187102e-06,0.0
1734788400.0,6.04524306187102e-06,6.04524306187102e-06,6.04524306187102e-06,6.04524306187102e-06,0.0
1734788460.0,6.04524306187102e-06,6.04524306187102e-06,6.04524306187102e-06,6.04524306187102e-06,0.0
1734788520.0,6.04524306187102e-06,6.04524306187102e-06,6.04524306187102e-06,6.04524306187102e-06,0.0
1734788580.0,6.04524306187102e-06,6.04524306187102e-06,6.04524306187102e-06,6.04524306187102e-06,0.0
1734788640.0,6.04524306187102e-06,6.04524306187102e-06,6.04524306187102e-06,6.04524306187102e-06,0.0
1734788700.0,6.04524306187102e-06,6.04524306187102e-06,6.0196042491521e-06,6.0196042491521e-06,21.44619072129
1734788760.0,6.0196042491521e-06,6.0196042491521e-06,6.0196042491521e-06,6.0196042491521e-06,0.0
1734788820.0,6.0196042491521e-06,6.0196042491521e-06,6.0196042491521e-06,6.0196042491521e-06,0.0
1734788880.0,6.0196042491521e-06,6.0196042491521e-06,6.0196042491521e-06,6.0196042491521e-06,0.0
1734788940.0,6.0196042491521e-06,6.0196042491521e-06,6.0196042491521e-06,6.0196042491521e-06,0.0
1734789000.0,6.0196042491521e-06,6.0196042491521e-06,6.0196042491521e-06,6.0196042491521e-06,0.0
1734789060.0,6.0196042491521e-06,6.0196042491521e-06,6.0196042491521e-06,6.0196042491521e-06,0.0
1734789120.0,6.0196042491521e-06,6.0196042491521e-06,6.0196042491521e-06,6.0196042491521e-06,0.0
1734789180.0,6.0196042491521e-06,6.0196042491521e-06,6.0196042491521e-06,6.0196042491521e-06,0.0
1734789240.0,6.0196042491521e-06,6.0196042491521e-06,6.0196042491521e-06,6.0196042491521e-06,0.0
1734789300.0,6.0196042491521e-06,6.0196042491521e-06,6.0196042491521e-06,6.0196042491521e-06,0.0
1734789360.0,6.0196042491521e-06,6.0196042491521e-06,6.0196042491521e-06,6.0196042491521e-06,0.0
1734789420.0,6.0196042491521e-06,6.0196042491521e-06,6.0196042491521e-06,6.0196042491521e-06,0.0
1734789480.0,6.0196042491521e-06,6.0196042491521e-06,6.0196042491521e-06,6.0196042491521e-06,0.0
1734789540.0,6.0196042491521e-06,6.0196042491521e-06,6.0196042491521e-06,6.0196042491521e-06,0.0
1734789600.0,6.0196042491521e-06,6.0196042491521e-06,6.0196042491521e-06,6.0196042491521e-06,0.0
1734789660.0,6.0196042491521e-06,6.05653386915326e-06,6.0196042491521e-06,6.05653386915326e-06,37.094
1734789720.0,6.05653386915326e-06,6.05653386915326e-06,6.05653386915326e-06,6.05653386915326e-06,0.0
1734789780.0,6.05653386915326e-06,6.05653386915326e-06,6.05653386915326e-06,6.05653386915326e-06,0.0
1734789840.0,6.05653386915326e-06,6.05653386915326e-06,6.05653386915326e-06,6.05653386915326e-06,0.0
1734789900.0,6.05653386915326e-06,6.05653386915326e-06,6.05653386915326e-06,6.05653386915326e-06,0.0
1734789960.0,6.05653386915326e-06,6.05653386915326e-06,6.05653386915326e-06,6.05653386915326e-06,0.0
1734790020.0,6.05653386915326e-06,6.05653386915326e-06,6.05653386915326e-06,6.05653386915326e-06,0.0
1734790080.0,6.05653386915326e-06,6.05653386915326e-06,6.05653386915326e-06,6.05653386915326e-06,0.0
1734790140.0,6.05653386915326e-06,6.05653386915326e-06,6.05653386915326e-06,6.05653386915326e-06,0.0
1734790200.0,6.05653386915326e-06,6.05653386915326e-06,6.05653386915326e-06,6.05653386915326e-06,0.0
1734790260.0,6.05653386915326e-06,6.05653386915326e-06,6.05653386915326e-06,6.05653386915326e-06,0.0
1734790320.0,6.05653386915326e-06,6.05653386915326e-06,6.05653386915326e-06,6.05653386915326e-06,0.0
1734790380.0,6.05653386915326e-06,6.05653386915326e-06,6.05653386915326e-06,6.05653386915326e-06,0.0
1734790440.0,6.05653386915326e-06,6.09983301248851e-06,6.05653386915326e-06,6.09887265965435e-06,0.71297482056
1734790500.0,6.09887265965435e-06,6.09887265965435e-06,6.09887265965435e-06,6.09887265965435e-06,0.0
1734790560.0,6.09887265965435e-06,6.09887265965435e-06,6.09887265965435e-06,6.09887265965435e-06,0.0
1734790620.0,6.09887265965435e-06,6.09887265965435e-06,6.09887265965435e-06,6.09887265965435e-06,0.0
1734790680.0,6.09887265965435e-06,6.09887265965435e-06,6.09887265965435e-06,6.09887265965435e-06,0.0
1734790740.0,6.09887265965435e-06,6.09887265965435e-06,6.09887265965435e-06,6.09887265965435e-06,0.0
1734790800.0,6.09887265965435e-06,6.09887265965435e-06,6.09887265965435e-06,6.09887265965435e-06,0.0
1734790860.0,6.09887265965435e-06,6.09887265965435e-06,6.09887265965435e-06,6.09887265965435e-06,0.0
1734790920.0,6.09887265965435e-06,6.09887265965435e-06,6.09887265965435e-06,6.09887265965435e-06,0.0
1734790980.0,6.09887265965435e-06,6.11058575228021e-06,6.09887265965435e-06,6.11058575228021e-06,6.38059237746
1734791040.0,6.11058575228021e-06,6.11058575228021e-06,6.11058575228021e-06,6.11058575228021e-06,0.0
1734791100.0,6.11058575228021e-06,6.11058575228021e-06,6.11058575228021e-06,6.11058575228021e-06,0.0
1734791160.0,6.11058575228021e-06,6.11058575228021e-06,6.11058575228021e-06,6.11058575228021e-06,0.0
